302.48	1.0
311.68	2.0
18.12	2.0
23.76	2.0
100.08	2.0
110.04	2.0
123.68	2.0
176.2	2.0
259.16	2.0
264.08	2.0
271.88	2.0
283.16	2.0
322.8	2.0
341.64	2.0
349.72	2.0
364.16	2.0
391.48	2.0
414.64	2.0
426.52	2.0
448.0	2.0
25.08	3.0
36.88	3.0
63.08	3.0
79.96	3.0
113.92	3.0
123.84	3.0
177.36	3.0
187.96	3.0
231.2	3.0
255.72	3.0
271.64	3.0
318.36	3.0
326.4	3.0
343.4	3.0
349.88	3.0
352.68	3.0
377.36	3.0
420.12	3.0
10.48	4.0
37.8	4.0
82.6	4.0
114.64	4.0
134.44	4.0
177.08	4.0
210.08	4.0
257.64	4.0
293.96	4.0
314.52	4.0
328.44	4.0
344.92	4.0
360.84	4.0
380.4	4.0
401.12	4.0
419.72	4.0
431.88	4.0
456.92	4.0
475.84	4.0
318.64	5.0
313.4	6.0
3.96	7.0
325.92	7.0
331.4	7.0
382.08	7.0
41.12	8.0
200.2	8.0
290.92	8.0
306.88	8.0
317.12	8.0
324.2	8.0
383.12	8.0
415.48	8.0
455.04	8.0
5.12	9.0
336.76	9.0
116.6	10.0
309.0	10.0
311.76	10.0
25.08	11.0
63.16	11.0
352.76	11.0
20.12	11.0
37.48	11.0
123.92	11.0
272.04	11.0
308.96	11.0
312.04	11.0
322.32	11.0
347.16	11.0
387.64	11.0
454.76	11.0
191.16	12.0
235.96	12.0
309.04	12.0
311.88	12.0
325.04	12.0
35.04	13.0
302.64	13.0
323.56	13.0
189.96	14.0
35.64	14.0
328.96	14.0
82.6	15.0
256.84	15.0
284.0	15.0
441.56	15.0
70.6	16.0
407.48	16.0
302.8	21.0
68.44	21.0
235.6	21.0
312.44	21.0
319.6	21.0
329.08	21.0
342.24	21.0
374.32	21.0
302.72	22.0
167.2	22.0
308.12	22.0
323.96	22.0
309.16	23.0
36.12	23.0
40.88	23.0
65.92	23.0
92.44	23.0
109.4	23.0
167.36	23.0
174.24	23.0
199.04	23.0
256.4	23.0
261.44	23.0
289.88	23.0
316.96	23.0
319.6	23.0
327.88	23.0
347.88	23.0
359.32	23.0
313.12	24.0
321.6	24.0
328.0	24.0
344.68	24.0
302.6	25.0
16.08	26.0
66.88	26.0
103.08	26.0
260.12	26.0
311.8	26.0
320.4	26.0
330.36	26.0
338.48	26.0
347.48	26.0
366.24	26.0
43.84	27.0
202.04	27.0
261.6	27.0
307.12	27.0
330.92	27.0
316.88	28.0
4.76	28.0
23.04	28.0
70.8	28.0
100.48	28.0
123.48	28.0
150.8	28.0
178.56	28.0
271.64	28.0
302.44	28.0
306.92	28.0
328.24	28.0
432.6	28.0
310.2	29.0
258.56	30.0
315.84	30.0
329.28	30.0
307.76	33.0
323.0	34.0
36.88	35.0
70.64	35.0
98.36	35.0
131.04	35.0
172.76	35.0
201.08	35.0
233.68	35.0
261.52	35.0
283.96	35.0
289.68	35.0
302.92	35.0
306.88	35.0
315.28	35.0
325.6	35.0
341.12	35.0
365.68	35.0
376.72	35.0
415.76	35.0
447.96	35.0
454.92	35.0
88.48	36.0
302.44	36.0
331.32	36.0
385.72	36.0
