88.76	1.0
322.76	1.0
806.24	1.0
858.76	1.0
1265.96	1.0
313.48	2.0
316.36	2.0
320.52	2.0
332.68	2.0
372.4	2.0
773.64	2.0
797.96	2.0
819.92	2.0
831.36	2.0
855.4	2.0
861.16	2.0
879.6	2.0
895.84	2.0
909.48	2.0
1061.4	2.0
1181.24	2.0
1193.72	2.0
1210.56	2.0
1213.36	2.0
1244.64	2.0
1251.08	2.0
1268.48	2.0
1273.52	2.0
1280.36	2.0
1292.32	2.0
1298.04	2.0
1302.28	2.0
1441.68	2.0
229.32	3.0
313.8	3.0
831.8	3.0
863.0	3.0
1251.56	3.0
105.32	3.0
309.48	3.0
316.84	3.0
320.64	3.0
324.88	3.0
335.56	3.0
339.0	3.0
341.6	3.0
366.96	3.0
421.56	3.0
497.0	3.0
812.88	3.0
820.12	3.0
824.04	3.0
843.6	3.0
896.2	3.0
910.64	3.0
1038.2	3.0
1181.44	3.0
1213.56	3.0
1261.96	3.0
1287.76	3.0
1292.52	3.0
1306.0	3.0
1326.08	3.0
341.68	4.0
1019.88	4.0
229.28	4.0
251.04	4.0
308.96	4.0
311.84	4.0
316.52	4.0
324.52	4.0
344.2	4.0
367.2	4.0
385.44	4.0
447.08	4.0
495.92	4.0
509.92	4.0
894.8	4.0
919.76	4.0
967.52	4.0
984.44	4.0
1010.2	4.0
1073.52	4.0
1215.64	4.0
1250.28	4.0
1287.44	4.0
1303.84	4.0
1307.96	4.0
1375.92	4.0
1398.32	4.0
1429.44	4.0
1484.68	4.0
309.0	5.0
311.64	5.0
498.2	5.0
868.04	5.0
310.04	6.0
15.8	6.0
139.72	6.0
312.56	6.0
317.96	6.0
341.8	6.0
378.4	6.0
443.56	6.0
506.56	6.0
623.6	6.0
886.52	6.0
925.72	6.0
1005.64	6.0
1274.96	6.0
1304.88	6.0
1370.16	6.0
1331.16	7.0
80.76	7.0
331.04	7.0
1163.16	7.0
89.8	8.0
261.48	8.0
302.48	8.0
336.72	8.0
404.52	8.0
428.96	8.0
476.8	8.0
587.6	8.0
806.4	8.0
897.28	8.0
920.08	8.0
1289.08	8.0
1312.24	8.0
1362.16	8.0
1376.0	8.0
265.08	9.0
317.36	9.0
497.32	9.0
722.76	9.0
1213.92	9.0
797.72	10.0
1310.44	10.0
81.32	10.0
117.76	10.0
228.96	10.0
302.6	10.0
330.96	10.0
371.88	10.0
562.28	10.0
614.76	10.0
749.84	10.0
852.04	10.0
893.96	10.0
961.88	10.0
1025.28	10.0
1080.32	10.0
1198.32	10.0
1250.68	10.0
1355.76	10.0
1482.48	10.0
324.96	11.0
843.68	11.0
910.64	11.0
1265.04	11.0
10.12	11.0
264.8	11.0
279.28	11.0
281.8	11.0
302.72	11.0
313.44	11.0
320.6	11.0
350.96	11.0
357.08	11.0
487.32	11.0
497.0	11.0
773.96	11.0
807.36	11.0
815.28	11.0
818.2	11.0
824.04	11.0
826.56	11.0
895.04	11.0
972.56	11.0
976.16	11.0
1192.56	11.0
1213.36	11.0
1232.44	11.0
1247.4	11.0
1293.84	11.0
1298.04	11.0
1342.44	11.0
1363.08	11.0
1472.28	11.0
310.68	12.0
330.12	12.0
290.08	12.0
882.16	12.0
1302.16	12.0
1394.24	12.0
319.32	13.0
321.84	13.0
1295.8	13.0
1372.32	13.0
302.84	15.0
1234.84	15.0
1428.32	15.0
302.48	16.0
836.2	16.0
1211.88	16.0
1371.16	16.0
139.48	17.0
324.44	18.0
956.08	18.0
1182.44	18.0
302.52	19.0
261.36	19.0
796.52	19.0
860.64	19.0
1357.36	19.0
321.88	20.0
973.72	20.0
302.48	21.0
8.24	21.0
91.84	21.0
297.4	21.0
324.56	21.0
336.64	21.0
341.96	21.0
350.52	21.0
370.04	21.0
792.56	21.0
825.92	21.0
830.28	21.0
837.72	21.0
852.12	21.0
862.84	21.0
884.44	21.0
898.68	21.0
914.28	21.0
934.16	21.0
1167.08	21.0
1255.24	21.0
1268.24	21.0
1285.08	21.0
1297.68	21.0
1300.2	21.0
1311.24	21.0
1334.24	21.0
1364.0	21.0
1402.8	21.0
1215.8	22.0
259.92	22.0
310.8	22.0
325.2	22.0
346.24	22.0
820.24	22.0
852.32	22.0
1297.6	22.0
54.16	23.0
336.44	23.0
1215.72	23.0
1239.72	23.0
5.4	23.0
116.68	23.0
188.92	23.0
286.48	23.0
319.48	23.0
329.16	23.0
344.4	23.0
378.88	23.0
798.68	23.0
829.24	23.0
881.96	23.0
931.88	23.0
948.8	23.0
1007.28	23.0
1026.16	23.0
1029.52	23.0
1079.32	23.0
1170.04	23.0
1222.48	23.0
1267.04	23.0
1286.96	23.0
1302.04	23.0
1308.48	23.0
1374.0	23.0
1426.32	23.0
173.96	24.0
251.2	24.0
308.36	24.0
327.48	24.0
830.92	24.0
871.72	24.0
1241.52	24.0
1319.36	24.0
1361.92	24.0
1405.16	24.0
327.68	25.0
831.16	25.0
47.68	25.0
275.48	25.0
302.48	25.0
793.16	25.0
810.4	25.0
1251.8	25.0
6.96	26.0
36.96	26.0
50.32	26.0
71.72	26.0
74.76	26.0
95.6	26.0
98.64	26.0
118.76	26.0
152.2	26.0
156.0	26.0
185.8	26.0
210.72	26.0
229.28	26.0
244.88	26.0
258.44	26.0
276.88	26.0
287.12	26.0
290.32	26.0
311.8	26.0
320.4	26.0
328.6	26.0
339.48	26.0
384.76	26.0
408.24	26.0
431.16	26.0
448.28	26.0
488.56	26.0
512.52	26.0
524.72	26.0
536.52	26.0
541.4	26.0
665.6	26.0
695.08	26.0
756.08	26.0
769.64	26.0
784.24	26.0
791.08	26.0
798.64	26.0
813.08	26.0
823.16	26.0
842.76	26.0
879.24	26.0
889.92	26.0
895.92	26.0
919.76	26.0
937.92	26.0
952.64	26.0
964.16	26.0
979.36	26.0
989.72	26.0
1005.4	26.0
1069.6	26.0
1092.56	26.0
1111.52	26.0
1233.4	26.0
1251.36	26.0
1264.24	26.0
1273.48	26.0
1302.56	26.0
1312.44	26.0
1339.52	26.0
1358.32	26.0
1376.72	26.0
1405.88	26.0
1452.4	26.0
302.68	27.0
774.52	27.0
335.92	28.0
771.04	28.0
264.72	28.0
302.52	28.0
322.72	28.0
328.28	28.0
373.08	28.0
496.96	28.0
722.44	28.0
805.6	28.0
863.36	28.0
894.8	28.0
1032.36	28.0
1151.6	28.0
1213.52	28.0
1293.2	28.0
1297.84	28.0
1301.04	28.0
83.12	30.0
134.92	30.0
159.28	30.0
261.68	30.0
308.04	30.0
318.8	30.0
349.64	30.0
807.0	30.0
826.8	30.0
896.68	30.0
908.32	30.0
935.32	30.0
957.2	30.0
1032.0	30.0
1222.6	30.0
1265.16	30.0
1271.32	30.0
1289.28	30.0
1295.68	30.0
1313.56	30.0
1323.44	30.0
1365.88	30.0
1376.68	30.0
1405.8	30.0
1440.4	30.0
327.8	31.0
371.92	31.0
302.56	33.0
1356.68	33.0
306.8	34.0
1267.68	34.0
310.28	35.0
326.04	35.0
801.24	35.0
47.2	35.0
266.28	35.0
315.52	35.0
323.28	35.0
330.08	35.0
335.68	35.0
342.76	35.0
366.6	35.0
778.28	35.0
798.72	35.0
825.4	35.0
833.8	35.0
892.04	35.0
1079.32	35.0
1169.96	35.0
1245.6	35.0
1267.4	35.0
1286.92	35.0
1297.56	35.0
1301.32	35.0
1318.64	35.0
1330.32	35.0
1354.92	35.0
1405.92	35.0
302.68	36.0
326.72	36.0
1256.08	36.0
