308.88	1.0
794.88	1.0
3.44	2.0
79.8	2.0
159.96	2.0
164.52	2.0
243.32	2.0
264.04	2.0
302.48	2.0
315.92	2.0
319.56	2.0
329.16	2.0
353.52	2.0
357.24	2.0
379.8	2.0
399.96	2.0
423.84	2.0
447.12	2.0
455.04	2.0
536.44	2.0
540.04	2.0
584.72	2.0
590.72	2.0
622.48	2.0
664.44	2.0
672.32	2.0
713.04	2.0
760.68	2.0
763.96	2.0
791.16	2.0
825.28	2.0
847.08	2.0
851.36	2.0
888.84	2.0
947.0	2.0
1012.72	2.0
1078.84	2.0
1094.12	2.0
1131.6	2.0
1152.0	2.0
1191.8	2.0
1217.0	2.0
1238.4	2.0
1308.96	2.0
183.52	3.0
214.56	3.0
244.52	3.0
317.32	3.0
329.36	3.0
407.36	3.0
433.88	3.0
622.68	3.0
703.64	3.0
1156.56	3.0
1193.72	3.0
1310.84	3.0
1044.2	4.0
309.04	4.0
312.12	4.0
321.8	4.0
359.4	4.0
309.0	5.0
312.12	5.0
310.52	6.0
43.44	6.0
124.36	6.0
204.12	6.0
273.68	6.0
355.8	6.0
396.4	6.0
447.36	6.0
461.32	6.0
524.96	6.0
622.52	6.0
682.44	6.0
735.12	6.0
797.32	6.0
858.96	6.0
992.32	6.0
1061.68	6.0
1138.56	6.0
1219.52	6.0
1305.64	6.0
1380.0	6.0
312.16	7.0
454.2	7.0
472.48	7.0
523.64	7.0
613.36	7.0
734.24	7.0
1119.84	7.0
1348.72	7.0
74.56	8.0
177.28	8.0
216.92	8.0
239.04	8.0
302.48	8.0
393.92	8.0
431.96	8.0
576.88	8.0
662.04	8.0
759.8	8.0
828.72	8.0
884.84	8.0
964.72	8.0
1042.84	8.0
1176.8	8.0
1290.28	8.0
1328.84	8.0
1381.64	8.0
1392.28	8.0
302.92	9.0
308.6	9.0
358.2	9.0
890.16	9.0
1194.88	10.0
133.2	10.0
182.76	10.0
226.92	10.0
261.52	10.0
302.48	10.0
326.68	10.0
576.16	10.0
619.8	10.0
885.92	10.0
1048.96	10.0
1133.28	10.0
1266.08	10.0
1351.68	10.0
1391.08	10.0
183.52	11.0
355.36	11.0
433.92	11.0
670.6	11.0
828.32	11.0
1221.92	11.0
8.52	11.0
41.64	11.0
75.64	11.0
108.88	11.0
153.88	11.0
161.4	11.0
193.72	11.0
229.56	11.0
249.04	11.0
302.76	11.0
326.04	11.0
329.36	11.0
382.76	11.0
396.64	11.0
400.12	11.0
465.2	11.0
499.76	11.0
612.04	11.0
618.76	11.0
652.12	11.0
748.56	11.0
782.8	11.0
787.8	11.0
834.08	11.0
871.36	11.0
889.4	11.0
977.88	11.0
1107.24	11.0
1110.56	11.0
1188.48	11.0
1238.52	11.0
310.44	12.0
682.36	12.0
764.16	12.0
856.48	12.0
1039.0	12.0
1178.0	12.0
1295.6	12.0
1325.04	14.0
913.12	14.0
960.64	14.0
1320.72	14.0
302.76	15.0
114.04	15.0
127.56	15.0
302.48	16.0
1143.68	16.0
406.44	18.0
431.92	18.0
302.48	18.0
325.72	19.0
886.52	19.0
163.48	20.0
379.76	20.0
688.04	20.0
15.72	21.0
56.12	21.0
73.04	21.0
87.56	21.0
97.96	21.0
108.2	21.0
141.72	21.0
164.16	21.0
184.44	21.0
201.36	21.0
235.92	21.0
243.2	21.0
278.2	21.0
283.84	21.0
324.88	21.0
339.0	21.0
350.12	21.0
368.84	21.0
384.44	21.0
410.48	21.0
434.4	21.0
457.84	21.0
464.8	21.0
472.88	21.0
524.64	21.0
539.16	21.0
581.04	21.0
611.24	21.0
630.84	21.0
647.12	21.0
671.56	21.0
704.16	21.0
713.64	21.0
730.12	21.0
756.12	21.0
781.88	21.0
791.48	21.0
801.12	21.0
827.12	21.0
851.76	21.0
881.8	21.0
902.48	21.0
919.4	21.0
926.52	21.0
944.68	21.0
958.08	21.0
990.36	21.0
1037.96	21.0
1064.12	21.0
1089.4	21.0
1104.0	21.0
1118.16	21.0
1147.96	21.0
1155.32	21.0
1177.24	21.0
1182.76	21.0
1222.4	21.0
1283.16	21.0
1294.0	21.0
1307.24	21.0
1319.04	21.0
1341.24	21.0
1366.24	21.0
11.36	22.0
160.44	22.0
234.96	22.0
280.52	22.0
302.48	22.0
302.64	23.0
309.64	23.0
84.4	23.0
214.32	23.0
323.44	23.0
407.68	23.0
440.64	23.0
531.44	23.0
650.04	23.0
704.84	23.0
794.76	23.0
833.72	23.0
856.16	23.0
888.24	23.0
923.24	23.0
950.92	23.0
1038.76	23.0
1074.64	23.0
1175.96	23.0
1370.32	23.0
41.8	24.0
80.76	24.0
281.4	24.0
389.68	24.0
493.72	24.0
829.56	24.0
834.08	24.0
872.12	24.0
973.64	24.0
977.68	24.0
1014.64	24.0
1049.72	24.0
302.92	25.0
1244.04	26.0
6.0	26.0
17.08	26.0
57.56	26.0
69.44	26.0
81.64	26.0
99.24	26.0
126.76	26.0
145.2	26.0
161.96	26.0
199.32	26.0
216.92	26.0
222.76	26.0
256.76	26.0
261.96	26.0
268.0	26.0
275.88	26.0
289.68	26.0
302.48	26.0
310.56	26.0
323.16	26.0
335.6	26.0
351.4	26.0
361.28	26.0
375.6	26.0
386.76	26.0
394.44	26.0
421.76	26.0
428.36	26.0
441.2	26.0
447.48	26.0
454.88	26.0
467.44	26.0
492.96	26.0
503.2	26.0
525.32	26.0
538.24	26.0
551.68	26.0
568.96	26.0
571.68	26.0
602.24	26.0
621.72	26.0
644.52	26.0
665.72	26.0
668.28	26.0
689.08	26.0
696.56	26.0
708.52	26.0
728.08	26.0
747.72	26.0
751.16	26.0
762.04	26.0
777.2	26.0
805.72	26.0
816.12	26.0
847.96	26.0
858.88	26.0
866.04	26.0
881.96	26.0
887.0	26.0
919.96	26.0
939.68	26.0
956.36	26.0
962.72	26.0
979.84	26.0
993.76	26.0
1011.28	26.0
1031.32	26.0
1065.36	26.0
1073.28	26.0
1081.84	26.0
1096.32	26.0
1126.6	26.0
1165.92	26.0
1194.08	26.0
1204.16	26.0
1231.56	26.0
1280.64	26.0
1288.6	26.0
1291.6	26.0
1300.92	26.0
1308.88	26.0
1316.76	26.0
1328.32	26.0
1343.16	26.0
1370.76	26.0
1392.72	26.0
23.12	27.0
111.84	27.0
149.6	27.0
302.48	27.0
694.0	27.0
882.4	27.0
667.88	28.0
901.92	28.0
967.96	28.0
302.52	28.0
357.84	28.0
889.84	28.0
13.16	30.0
34.84	30.0
96.28	30.0
143.32	30.0
197.4	30.0
206.24	30.0
242.96	30.0
316.84	30.0
355.6	30.0
372.64	30.0
406.64	30.0
414.28	30.0
513.92	30.0
518.32	30.0
557.64	30.0
604.88	30.0
646.08	30.0
671.88	30.0
693.76	30.0
829.48	30.0
887.76	30.0
954.0	30.0
1012.56	30.0
1040.84	30.0
1217.48	30.0
1266.12	30.0
1283.72	30.0
1317.56	30.0
1382.4	30.0
244.32	31.0
580.88	31.0
1053.88	34.0
62.72	35.0
86.08	35.0
115.88	35.0
122.6	35.0
140.72	35.0
261.44	35.0
263.96	35.0
292.0	35.0
333.24	35.0
340.0	35.0
380.08	35.0
392.92	35.0
466.76	35.0
538.88	35.0
670.6	35.0
687.68	35.0
704.56	35.0
827.08	35.0
849.44	35.0
1031.36	35.0
1061.36	35.0
1088.36	35.0
1151.68	35.0
1183.56	35.0
1237.8	35.0
1259.72	35.0
1271.56	35.0
1343.92	35.0
833.72	36.0
