373.68	2.0
313.52	2.0
316.52	2.0
320.12	2.0
322.84	2.0
330.48	2.0
336.8	2.0
340.08	2.0
346.36	2.0
353.48	2.0
361.4	2.0
366.32	2.0
392.12	2.0
430.6	2.0
433.36	2.0
440.32	2.0
460.76	2.0
469.84	2.0
479.28	2.0
492.36	2.0
495.84	2.0
534.24	2.0
537.8	2.0
545.56	2.0
554.2	2.0
557.72	2.0
577.6	2.0
599.36	2.0
605.48	2.0
622.48	2.0
644.92	2.0
654.32	2.0
678.12	2.0
716.36	2.0
721.36	2.0
743.84	2.0
794.84	2.0
863.76	2.0
913.44	2.0
945.12	2.0
947.76	2.0
982.48	2.0
997.04	2.0
1020.48	2.0
1048.28	2.0
1074.84	2.0
1110.28	2.0
1134.72	2.0
1158.48	2.0
1211.64	2.0
1236.68	2.0
1252.92	2.0
1264.68	2.0
1310.92	2.0
1329.48	2.0
1403.16	2.0
1439.8	2.0
339.84	3.0
314.56	3.0
317.16	3.0
323.52	3.0
326.2	3.0
336.96	3.0
345.56	3.0
353.92	3.0
366.64	3.0
477.36	3.0
496.08	3.0
556.08	3.0
662.68	3.0
741.36	3.0
813.28	3.0
949.88	3.0
1126.36	3.0
1276.24	3.0
1407.24	3.0
559.28	4.0
1268.88	4.0
309.0	4.0
314.32	4.0
321.4	4.0
336.76	4.0
355.88	4.0
312.04	5.0
343.24	5.0
355.88	5.0
369.4	5.0
462.8	5.0
631.96	5.0
317.48	6.0
320.28	6.0
441.92	6.0
590.0	6.0
723.52	6.0
932.64	6.0
1019.0	6.0
1099.92	6.0
1228.72	6.0
1369.56	6.0
316.6	7.0
342.4	7.0
351.16	7.0
385.92	7.0
717.0	7.0
1079.68	7.0
313.72	8.0
339.32	8.0
319.92	8.0
356.56	8.0
362.44	8.0
411.64	8.0
457.08	8.0
487.64	8.0
750.44	8.0
1075.84	8.0
1330.04	8.0
1355.6	8.0
325.04	9.0
429.12	9.0
1023.92	9.0
361.76	10.0
366.32	10.0
302.48	10.0
314.0	10.0
322.72	10.0
351.04	10.0
355.12	10.0
395.0	10.0
423.2	10.0
441.68	10.0
457.32	10.0
482.6	10.0
513.72	10.0
521.88	10.0
538.2	10.0
556.48	10.0
579.88	10.0
601.72	10.0
747.08	10.0
813.48	10.0
961.84	10.0
1000.8	10.0
1107.72	10.0
1150.24	10.0
1160.92	10.0
1212.04	10.0
1278.64	10.0
1327.84	10.0
1378.92	10.0
1469.48	10.0
343.72	11.0
346.72	11.0
355.04	11.0
496.12	11.0
565.04	11.0
592.4	11.0
843.64	11.0
918.96	11.0
1170.52	11.0
322.16	11.0
326.8	11.0
351.88	11.0
362.44	11.0
370.44	11.0
377.6	11.0
393.08	11.0
396.08	11.0
401.36	11.0
420.32	11.0
438.32	11.0
442.56	11.0
457.76	11.0
460.48	11.0
474.92	11.0
520.88	11.0
539.36	11.0
556.88	11.0
578.08	11.0
580.72	11.0
635.48	11.0
658.04	11.0
702.76	11.0
725.88	11.0
730.76	11.0
746.8	11.0
758.44	11.0
792.08	11.0
797.12	11.0
940.4	11.0
944.6	11.0
987.52	11.0
994.92	11.0
1029.04	11.0
1074.12	11.0
1197.36	11.0
1234.2	11.0
1237.12	11.0
1244.88	11.0
1324.6	11.0
1339.52	11.0
1342.68	11.0
1432.84	11.0
356.04	12.0
322.76	12.0
481.84	12.0
632.32	12.0
326.04	13.0
315.04	13.0
320.72	13.0
347.88	13.0
355.12	13.0
380.88	13.0
481.08	13.0
515.08	13.0
610.0	13.0
812.16	13.0
1046.84	13.0
1117.76	13.0
1141.84	13.0
1207.32	13.0
1263.84	13.0
1330.16	13.0
1364.6	13.0
1439.92	13.0
336.28	14.0
318.32	14.0
344.44	14.0
354.72	14.0
384.52	14.0
436.04	14.0
590.52	14.0
612.56	14.0
309.0	15.0
316.72	15.0
326.92	15.0
330.16	15.0
1080.04	15.0
1210.04	15.0
1401.44	15.0
363.68	16.0
380.16	16.0
316.52	17.0
321.12	17.0
389.92	18.0
303.0	19.0
322.36	19.0
340.44	19.0
365.52	19.0
302.96	20.0
361.28	20.0
399.08	20.0
337.8	20.0
348.36	21.0
813.4	21.0
1408.76	21.0
318.08	21.0
326.96	21.0
341.52	21.0
355.52	21.0
361.32	21.0
367.8	21.0
378.16	21.0
400.88	21.0
413.68	21.0
443.04	21.0
460.12	21.0
494.24	21.0
497.36	21.0
528.6	21.0
537.56	21.0
553.0	21.0
574.56	21.0
577.92	21.0
631.08	21.0
651.44	21.0
675.08	21.0
685.8	21.0
721.76	21.0
755.12	21.0
766.6	21.0
776.24	21.0
791.28	21.0
810.8	21.0
861.88	21.0
886.76	21.0
920.44	21.0
939.2	21.0
961.88	21.0
971.12	21.0
1010.72	21.0
1053.0	21.0
1082.6	21.0
1099.84	21.0
1129.88	21.0
1159.84	21.0
1179.28	21.0
1192.08	21.0
1250.36	21.0
1277.64	21.0
1321.32	21.0
1345.28	21.0
1378.44	21.0
1405.88	21.0
1438.2	21.0
315.4	22.0
326.8	22.0
337.96	22.0
356.08	22.0
386.24	22.0
413.12	22.0
1267.24	22.0
302.56	23.0
367.24	23.0
316.12	23.0
319.56	23.0
326.48	23.0
371.64	23.0
573.44	23.0
590.64	23.0
615.68	23.0
818.64	23.0
926.36	23.0
1084.72	23.0
1125.44	23.0
1251.04	23.0
1293.08	23.0
1311.08	23.0
1423.56	23.0
1479.8	23.0
302.52	24.0
318.48	24.0
340.48	24.0
352.48	24.0
409.56	24.0
477.76	24.0
539.16	24.0
631.96	24.0
670.92	24.0
861.76	24.0
938.6	24.0
946.72	24.0
1021.8	24.0
1058.24	24.0
1182.24	24.0
1336.12	24.0
315.04	25.0
318.32	25.0
302.6	25.0
344.24	25.0
351.6	25.0
354.88	25.0
367.28	25.0
578.28	25.0
742.64	25.0
770.2	25.0
302.88	26.0
315.4	26.0
318.92	26.0
323.6	26.0
331.48	26.0
343.16	26.0
346.4	26.0
352.36	26.0
361.64	26.0
369.24	26.0
379.24	26.0
384.52	26.0
393.48	26.0
400.12	26.0
415.64	26.0
425.24	26.0
438.24	26.0
453.12	26.0
456.6	26.0
460.68	26.0
473.12	26.0
488.24	26.0
502.84	26.0
511.92	26.0
519.52	26.0
529.76	26.0
532.28	26.0
546.08	26.0
555.4	26.0
573.96	26.0
596.0	26.0
606.76	26.0
625.48	26.0
638.96	26.0
644.84	26.0
650.4	26.0
654.56	26.0
663.88	26.0
676.8	26.0
684.08	26.0
711.24	26.0
722.88	26.0
740.48	26.0
755.12	26.0
780.16	26.0
788.92	26.0
806.64	26.0
826.0	26.0
832.64	26.0
854.12	26.0
870.64	26.0
895.08	26.0
910.68	26.0
930.88	26.0
940.04	26.0
952.48	26.0
967.32	26.0
986.6	26.0
990.68	26.0
1002.36	26.0
1012.16	26.0
1048.44	26.0
1063.24	26.0
1071.96	26.0
1120.36	26.0
1129.68	26.0
1143.08	26.0
1166.12	26.0
1170.84	26.0
1189.76	26.0
1205.48	26.0
1215.76	26.0
1236.08	26.0
1246.52	26.0
1257.84	26.0
1300.72	26.0
1332.08	26.0
1338.96	26.0
1360.76	26.0
1388.64	26.0
1401.2	26.0
1417.08	26.0
1436.16	26.0
1444.48	26.0
1447.36	26.0
1468.72	26.0
1473.52	26.0
1483.24	26.0
302.52	27.0
346.24	27.0
356.96	27.0
593.0	27.0
694.32	27.0
921.12	27.0
302.44	28.0
316.24	28.0
321.96	28.0
330.56	28.0
337.28	28.0
344.88	28.0
352.48	28.0
362.76	28.0
383.12	28.0
966.52	28.0
1023.56	28.0
1351.76	28.0
316.4	29.0
322.44	29.0
339.12	29.0
342.4	29.0
365.64	29.0
401.52	29.0
444.44	29.0
317.24	30.0
338.88	30.0
356.96	30.0
366.56	30.0
386.48	30.0
449.76	30.0
493.04	30.0
564.4	30.0
724.72	30.0
749.24	30.0
972.48	30.0
1335.76	30.0
1406.84	30.0
1447.48	30.0
323.84	31.0
345.76	31.0
352.4	31.0
396.6	31.0
471.44	31.0
527.56	31.0
589.24	31.0
313.0	33.0
319.84	33.0
322.88	33.0
346.84	33.0
302.8	33.0
366.92	33.0
549.28	33.0
364.96	34.0
383.56	34.0
316.76	34.0
320.2	34.0
325.96	34.0
339.92	34.0
349.92	34.0
391.4	34.0
351.76	35.0
314.24	35.0
318.6	35.0
323.0	35.0
331.2	35.0
341.2	35.0
343.72	35.0
355.64	35.0
362.4	35.0
366.32	35.0
376.28	35.0
385.64	35.0
394.0	35.0
401.92	35.0
410.48	35.0
430.88	35.0
439.96	35.0
451.12	35.0
456.04	35.0
463.08	35.0
477.48	35.0
529.2	35.0
540.72	35.0
588.44	35.0
590.96	35.0
632.68	35.0
653.2	35.0
671.68	35.0
712.04	35.0
729.4	35.0
738.0	35.0
835.96	35.0
892.56	35.0
900.84	35.0
926.24	35.0
939.36	35.0
1015.0	35.0
1018.52	35.0
1127.88	35.0
1183.16	35.0
1205.8	35.0
1331.32	35.0
1356.12	35.0
1412.8	35.0
1468.88	35.0
1487.44	35.0
302.76	36.0
341.68	36.0
367.84	36.0
379.6	36.0
426.88	36.0
447.88	36.0
