1092.52	1.0
1216.16	1.0
313.84	2.0
318.68	2.0
322.32	2.0
327.48	2.0
332.84	2.0
336.04	2.0
341.64	2.0
354.88	2.0
366.88	2.0
383.08	2.0
566.32	2.0
629.16	2.0
768.04	2.0
801.8	2.0
831.08	2.0
881.72	2.0
901.64	2.0
982.0	2.0
992.92	2.0
1004.88	2.0
1112.64	2.0
1119.88	2.0
1130.4	2.0
1157.52	2.0
1270.0	2.0
1380.44	2.0
313.6	3.0
324.04	3.0
326.92	3.0
337.96	3.0
496.64	3.0
599.4	3.0
639.88	3.0
693.36	3.0
818.52	3.0
309.0	4.0
312.12	4.0
327.92	4.0
348.4	4.0
309.0	5.0
312.4	5.0
329.08	5.0
333.76	5.0
593.4	5.0
310.12	6.0
344.72	6.0
428.0	6.0
483.76	6.0
542.28	6.0
615.12	6.0
697.04	6.0
851.72	6.0
988.52	6.0
1129.88	6.0
1242.76	6.0
1298.76	6.0
342.88	7.0
1120.2	7.0
1374.84	7.0
320.48	7.0
331.92	7.0
374.84	7.0
626.0	7.0
671.64	7.0
770.0	7.0
833.36	7.0
915.96	7.0
946.56	7.0
975.04	7.0
1194.8	7.0
313.76	8.0
325.0	8.0
334.76	8.0
354.64	8.0
357.2	8.0
402.2	8.0
484.36	8.0
548.72	8.0
742.28	8.0
1044.48	8.0
1250.16	8.0
336.64	9.0
340.72	9.0
349.44	9.0
887.56	9.0
954.08	9.0
1116.64	9.0
1157.6	9.0
327.28	10.0
302.48	10.0
313.04	10.0
340.76	10.0
347.8	10.0
747.08	10.0
928.32	10.0
1039.44	10.0
1117.12	10.0
1215.92	10.0
1252.08	10.0
326.56	11.0
704.96	11.0
780.64	11.0
955.8	11.0
1013.68	11.0
302.88	11.0
313.28	11.0
320.92	11.0
323.84	11.0
334.2	11.0
337.08	11.0
343.88	11.0
350.28	11.0
353.76	11.0
363.8	11.0
374.24	11.0
381.88	11.0
406.0	11.0
630.0	11.0
948.0	11.0
1049.44	11.0
1115.84	11.0
1143.08	11.0
1261.8	11.0
1367.88	12.0
544.04	13.0
591.76	13.0
639.52	13.0
686.36	13.0
770.6	13.0
1007.6	13.0
1182.48	13.0
311.56	14.0
341.48	14.0
351.72	14.0
521.04	14.0
625.0	14.0
302.96	15.0
335.88	15.0
302.48	16.0
382.72	16.0
397.48	16.0
340.96	17.0
553.84	17.0
314.44	18.0
328.0	18.0
356.24	18.0
302.64	19.0
314.56	19.0
338.28	19.0
310.8	20.0
313.84	20.0
338.28	20.0
355.4	20.0
483.8	20.0
322.88	20.0
786.12	20.0
831.64	20.0
313.04	21.0
324.24	21.0
326.76	21.0
332.88	21.0
337.36	21.0
340.48	21.0
351.2	21.0
378.92	21.0
401.64	21.0
411.4	21.0
431.28	21.0
458.36	21.0
472.44	21.0
487.76	21.0
525.44	21.0
544.28	21.0
574.56	21.0
614.8	21.0
646.0	21.0
668.68	21.0
672.88	21.0
698.64	21.0
723.4	21.0
781.56	21.0
793.88	21.0
821.24	21.0
833.08	21.0
893.08	21.0
917.72	21.0
965.92	21.0
1005.24	21.0
1027.28	21.0
1054.0	21.0
1108.92	21.0
1139.24	21.0
1185.44	21.0
1195.68	21.0
1271.32	21.0
1320.72	21.0
1369.44	21.0
302.64	22.0
312.88	22.0
335.16	22.0
349.32	22.0
803.52	22.0
882.16	22.0
1212.64	22.0
352.48	23.0
310.88	23.0
313.44	23.0
331.24	23.0
338.52	23.0
344.76	23.0
355.0	23.0
373.16	23.0
565.16	23.0
832.6	23.0
1189.88	23.0
1254.64	23.0
302.84	24.0
318.88	24.0
322.68	24.0
330.04	24.0
346.16	24.0
453.92	24.0
569.32	24.0
592.0	24.0
597.2	24.0
643.72	24.0
651.88	24.0
1251.32	24.0
335.76	25.0
569.6	25.0
597.44	25.0
1251.6	25.0
302.56	25.0
313.88	25.0
322.36	25.0
331.16	25.0
339.24	25.0
345.88	25.0
358.28	25.0
330.92	26.0
302.96	26.0
312.4	26.0
320.52	26.0
326.6	26.0
344.36	26.0
352.08	26.0
356.68	26.0
371.96	26.0
403.68	26.0
410.8	26.0
415.04	26.0
429.76	26.0
455.2	26.0
478.08	26.0
501.12	26.0
506.04	26.0
520.12	26.0
524.76	26.0
539.16	26.0
546.64	26.0
549.32	26.0
558.32	26.0
587.88	26.0
595.52	26.0
610.92	26.0
624.24	26.0
640.88	26.0
649.52	26.0
659.52	26.0
664.84	26.0
691.28	26.0
697.92	26.0
704.24	26.0
732.16	26.0
736.48	26.0
764.04	26.0
788.32	26.0
802.24	26.0
813.28	26.0
825.12	26.0
834.76	26.0
856.12	26.0
879.48	26.0
903.28	26.0
938.6	26.0
947.72	26.0
974.0	26.0
998.08	26.0
1009.92	26.0
1026.48	26.0
1039.12	26.0
1050.32	26.0
1054.4	26.0
1061.2	26.0
1084.48	26.0
1115.96	26.0
1121.28	26.0
1157.28	26.0
1168.04	26.0
1185.6	26.0
1223.84	26.0
1241.88	26.0
1262.92	26.0
1277.76	26.0
1315.96	26.0
1323.64	26.0
1357.24	26.0
1368.04	26.0
302.84	27.0
331.0	27.0
375.16	27.0
1216.64	27.0
344.84	28.0
365.64	28.0
368.44	28.0
302.44	28.0
314.0	28.0
319.6	28.0
336.68	28.0
340.36	28.0
349.08	28.0
352.24	28.0
376.0	28.0
578.64	28.0
887.24	28.0
1257.24	28.0
333.56	29.0
356.68	29.0
367.52	29.0
653.88	29.0
1257.08	29.0
333.2	30.0
352.64	30.0
377.48	30.0
384.72	30.0
394.88	30.0
424.24	30.0
461.28	30.0
487.96	30.0
549.56	30.0
630.08	30.0
633.24	30.0
653.2	30.0
696.68	30.0
727.0	30.0
1025.2	30.0
1209.56	30.0
1239.72	30.0
1275.76	30.0
1278.52	30.0
1297.56	30.0
312.84	31.0
323.4	31.0
338.56	31.0
312.76	33.0
322.72	33.0
302.88	33.0
325.88	33.0
319.64	34.0
313.4	35.0
321.48	35.0
328.92	35.0
333.12	35.0
338.36	35.0
345.24	35.0
350.64	35.0
355.44	35.0
365.2	35.0
370.28	35.0
380.16	35.0
441.72	35.0
616.76	35.0
652.52	35.0
675.88	35.0
690.52	35.0
718.4	35.0
837.28	35.0
870.4	35.0
949.12	35.0
1057.92	35.0
1140.4	35.0
1221.68	35.0
1264.6	35.0
1296.48	35.0
1321.16	35.0
324.4	36.0
362.04	36.0
