302.84	1.0
317.2	1.0
14.88	2.0
330.32	2.0
34.96	2.0
96.28	2.0
108.48	2.0
127.64	2.0
208.44	2.0
308.56	2.0
314.16	2.0
317.56	2.0
370.44	2.0
309.12	3.0
328.8	3.0
13.96	3.0
95.2	3.0
138.16	3.0
191.56	3.0
302.84	3.0
315.0	3.0
318.76	3.0
323.72	3.0
331.72	3.0
343.12	3.0
308.96	4.0
312.04	4.0
318.64	4.0
342.0	5.0
308.96	5.0
311.96	5.0
318.44	5.0
310.48	6.0
43.4	6.0
139.72	6.0
191.64	6.0
317.2	6.0
363.8	6.0
405.64	6.0
610.0	6.0
302.96	7.0
358.52	7.0
388.68	7.0
155.84	8.0
213.76	8.0
302.68	8.0
306.04	8.0
323.8	8.0
344.12	8.0
431.08	8.0
512.04	8.0
576.24	8.0
649.8	8.0
86.6	9.0
134.68	9.0
308.52	9.0
316.36	9.0
335.84	9.0
330.56	10.0
193.04	10.0
302.52	10.0
306.2	10.0
318.72	10.0
326.28	10.0
14.0	11.0
95.24	11.0
133.56	11.0
302.6	11.0
313.72	11.0
325.84	11.0
318.52	12.0
323.36	12.0
11.04	12.0
155.2	12.0
223.12	12.0
372.2	12.0
465.96	12.0
538.52	12.0
586.6	12.0
650.04	12.0
318.52	13.0
215.12	13.0
313.6	13.0
348.88	13.0
351.96	13.0
213.8	14.0
314.36	14.0
302.76	15.0
302.48	16.0
340.76	16.0
770.2	18.0
324.56	18.0
322.44	20.0
342.68	20.0
12.72	21.0
35.96	21.0
82.8	21.0
121.08	21.0
189.92	21.0
211.2	21.0
233.96	21.0
263.84	21.0
302.56	21.0
308.88	21.0
312.6	21.0
320.84	21.0
324.6	21.0
330.8	21.0
342.4	21.0
360.68	21.0
372.76	21.0
390.76	21.0
418.0	21.0
423.88	21.0
447.28	21.0
468.24	21.0
493.04	21.0
521.12	21.0
563.64	21.0
601.56	21.0
697.52	21.0
33.08	22.0
302.52	22.0
308.12	22.0
316.04	22.0
302.48	23.0
646.88	23.0
49.52	23.0
98.16	23.0
154.96	23.0
307.96	23.0
313.52	23.0
317.16	23.0
321.64	23.0
324.28	23.0
329.28	23.0
339.56	23.0
350.68	23.0
355.8	23.0
375.4	23.0
475.68	23.0
479.16	23.0
302.56	24.0
309.24	24.0
319.16	24.0
348.56	24.0
351.36	24.0
380.68	24.0
398.28	24.0
302.72	25.0
320.08	25.0
314.08	25.0
14.32	26.0
45.32	26.0
65.64	26.0
77.6	26.0
94.96	26.0
106.28	26.0
121.52	26.0
156.4	26.0
162.0	26.0
183.2	26.0
193.76	26.0
201.56	26.0
224.88	26.0
237.2	26.0
260.36	26.0
293.96	26.0
302.64	26.0
310.8	26.0
317.28	26.0
327.08	26.0
337.2	26.0
343.32	26.0
349.68	26.0
356.96	26.0
368.2	26.0
379.92	26.0
393.44	26.0
404.24	26.0
418.2	26.0
428.84	26.0
444.84	26.0
449.04	26.0
462.88	26.0
466.64	26.0
481.4	26.0
487.32	26.0
500.4	26.0
516.28	26.0
536.44	26.0
557.24	26.0
575.6	26.0
592.24	26.0
608.6	26.0
625.2	26.0
667.52	26.0
705.72	26.0
755.04	26.0
302.8	27.0
487.36	28.0
86.24	28.0
134.4	28.0
302.48	28.0
308.12	28.0
316.04	28.0
321.8	28.0
335.48	28.0
315.84	29.0
337.2	29.0
314.64	30.0
66.88	30.0
148.8	30.0
186.16	30.0
265.52	30.0
323.08	30.0
341.88	30.0
371.24	30.0
402.28	30.0
436.04	30.0
512.64	30.0
362.2	31.0
96.04	35.0
306.08	35.0
48.52	35.0
122.68	35.0
190.88	35.0
216.24	35.0
261.6	35.0
317.8	35.0
324.56	35.0
331.68	35.0
339.8	35.0
354.08	35.0
390.44	35.0
417.24	35.0
455.56	35.0
542.44	35.0
666.76	35.0
