318.0	1.0
322.6	1.0
692.92	1.0
313.64	2.0
1215.04	2.0
307.96	2.0
323.52	2.0
327.2	2.0
331.72	2.0
343.16	2.0
346.2	2.0
348.8	2.0
367.56	2.0
382.48	2.0
415.6	2.0
431.08	2.0
438.0	2.0
597.56	2.0
660.76	2.0
693.28	2.0
884.88	2.0
1008.08	2.0
1330.88	2.0
1369.12	2.0
315.72	3.0
349.8	3.0
352.32	3.0
306.64	3.0
323.2	3.0
326.6	3.0
330.48	3.0
344.96	3.0
361.32	3.0
370.88	3.0
378.4	3.0
398.56	3.0
422.16	3.0
431.24	3.0
442.68	3.0
671.36	3.0
775.88	3.0
841.2	3.0
1322.4	3.0
544.44	4.0
309.0	4.0
312.04	4.0
325.92	4.0
345.52	4.0
325.68	5.0
309.0	5.0
316.6	5.0
331.16	5.0
342.32	5.0
662.16	5.0
322.32	6.0
349.64	6.0
437.8	6.0
494.68	6.0
567.76	6.0
665.0	6.0
748.76	6.0
873.44	6.0
877.6	6.0
969.08	6.0
325.56	7.0
339.92	7.0
355.0	7.0
882.16	7.0
302.96	7.0
350.72	7.0
370.76	7.0
589.52	7.0
302.84	8.0
307.92	8.0
317.24	8.0
331.36	8.0
344.36	8.0
351.8	8.0
359.04	8.0
374.8	8.0
388.8	8.0
551.6	8.0
302.96	9.0
316.12	10.0
322.44	10.0
465.0	10.0
567.96	10.0
831.08	10.0
308.6	10.0
312.52	10.0
344.32	10.0
348.88	10.0
357.0	10.0
376.32	10.0
391.76	10.0
596.84	10.0
600.44	10.0
1008.2	10.0
306.4	11.0
387.2	11.0
522.36	11.0
1133.48	11.0
1322.44	11.0
302.96	11.0
317.96	11.0
323.28	11.0
326.56	11.0
343.96	11.0
356.88	11.0
367.92	11.0
401.68	11.0
421.56	11.0
571.72	12.0
317.2	12.0
330.92	12.0
346.2	12.0
339.8	13.0
315.84	13.0
578.84	13.0
1322.76	13.0
325.28	14.0
312.32	14.0
339.04	14.0
399.28	14.0
410.4	14.0
485.24	14.0
965.2	14.0
1020.56	14.0
313.64	15.0
302.68	15.0
325.72	15.0
340.28	15.0
348.24	15.0
302.48	16.0
379.12	16.0
323.88	18.0
312.68	18.0
359.04	18.0
687.2	18.0
1324.08	18.0
323.24	19.0
852.68	19.0
302.64	20.0
693.12	20.0
341.88	20.0
351.0	20.0
661.56	20.0
306.32	21.0
308.96	21.0
314.68	21.0
326.28	21.0
329.36	21.0
347.8	21.0
361.16	21.0
373.6	21.0
395.72	21.0
415.48	21.0
436.68	21.0
456.6	21.0
466.08	21.0
481.48	21.0
524.32	21.0
543.8	21.0
552.0	21.0
567.56	21.0
606.48	21.0
617.52	21.0
640.64	21.0
664.68	21.0
689.88	21.0
695.2	21.0
741.2	21.0
772.08	21.0
783.12	21.0
800.44	21.0
834.4	21.0
852.32	21.0
967.32	21.0
1005.48	21.0
1086.12	21.0
1310.52	21.0
1323.28	21.0
1352.64	21.0
302.56	22.0
306.24	22.0
345.44	22.0
367.8	22.0
389.04	22.0
819.56	22.0
1320.56	22.0
307.04	23.0
328.52	23.0
315.4	23.0
325.68	23.0
347.72	23.0
371.0	23.0
410.56	23.0
537.04	23.0
1336.6	23.0
302.44	24.0
315.6	24.0
325.12	24.0
378.56	24.0
539.48	24.0
586.08	24.0
619.36	24.0
302.72	25.0
313.52	25.0
326.32	25.0
346.88	25.0
359.04	25.0
364.12	25.0
302.76	26.0
313.64	26.0
322.4	26.0
325.44	26.0
332.44	26.0
345.48	26.0
351.08	26.0
354.0	26.0
357.32	26.0
364.6	26.0
373.84	26.0
385.4	26.0
396.6	26.0
412.6	26.0
417.92	26.0
420.88	26.0
433.56	26.0
436.36	26.0
450.12	26.0
464.04	26.0
473.36	26.0
478.08	26.0
487.48	26.0
503.72	26.0
511.2	26.0
535.12	26.0
541.04	26.0
561.8	26.0
568.56	26.0
585.0	26.0
589.08	26.0
594.8	26.0
635.2	26.0
641.96	26.0
679.92	26.0
685.32	26.0
689.36	26.0
710.76	26.0
715.28	26.0
729.92	26.0
748.72	26.0
769.12	26.0
781.72	26.0
784.8	26.0
817.0	26.0
837.16	26.0
851.52	26.0
873.04	26.0
976.84	26.0
1069.76	26.0
1218.8	26.0
1264.52	26.0
1289.12	26.0
1309.4	26.0
1349.16	26.0
1356.6	26.0
1372.2	26.0
302.72	27.0
383.68	27.0
1074.72	27.0
1160.28	27.0
307.76	28.0
331.28	28.0
302.44	28.0
312.36	28.0
339.64	28.0
348.0	28.0
383.48	28.0
412.92	28.0
437.76	28.0
769.0	28.0
322.48	29.0
325.04	29.0
313.36	29.0
317.84	29.0
314.2	30.0
317.64	30.0
322.92	30.0
331.2	30.0
339.64	30.0
342.8	30.0
349.08	30.0
382.64	30.0
415.12	30.0
440.16	30.0
512.4	30.0
515.8	30.0
550.8	30.0
596.16	30.0
624.16	30.0
735.64	30.0
831.8	30.0
876.56	30.0
1056.28	30.0
1354.16	30.0
312.28	31.0
327.6	31.0
342.28	31.0
365.4	31.0
386.04	31.0
531.2	31.0
1372.56	31.0
308.88	33.0
1320.12	33.0
302.6	33.0
800.52	33.0
302.92	34.0
330.48	34.0
1087.48	34.0
306.0	35.0
313.2	35.0
324.4	35.0
331.96	35.0
341.04	35.0
343.56	35.0
349.64	35.0
358.72	35.0
361.92	35.0
367.6	35.0
371.8	35.0
383.08	35.0
440.68	35.0
513.76	35.0
571.96	35.0
656.36	35.0
745.0	35.0
864.8	35.0
874.92	35.0
917.08	35.0
1000.8	35.0
1326.24	35.0
302.48	36.0
322.32	36.0
