343.04	1.0
357.92	1.0
730.96	1.0
752.8	1.0
309.96	2.0
314.32	2.0
323.48	2.0
326.32	2.0
331.44	2.0
335.2	2.0
347.24	2.0
356.12	2.0
361.84	2.0
370.4	2.0
376.32	2.0
394.4	2.0
415.32	2.0
434.52	2.0
447.44	2.0
472.4	2.0
556.12	2.0
597.8	2.0
641.56	2.0
666.96	2.0
706.76	2.0
731.36	2.0
736.04	2.0
739.56	2.0
753.2	2.0
772.68	2.0
781.76	2.0
807.56	2.0
810.92	2.0
824.6	2.0
827.68	2.0
833.44	2.0
839.8	2.0
866.32	2.0
879.4	2.0
884.6	2.0
910.96	2.0
981.08	2.0
984.16	2.0
994.88	2.0
1007.52	2.0
1023.6	2.0
1028.16	2.0
1033.64	2.0
325.12	3.0
327.64	3.0
310.92	3.0
331.16	3.0
335.56	3.0
338.64	3.0
351.0	3.0
358.52	3.0
374.68	3.0
383.92	3.0
386.88	3.0
423.16	3.0
447.2	3.0
509.28	3.0
544.6	3.0
578.4	3.0
586.96	3.0
700.44	3.0
793.4	3.0
856.88	3.0
879.2	3.0
1026.52	3.0
531.48	4.0
309.0	4.0
312.28	4.0
325.08	4.0
336.2	4.0
344.96	4.0
373.44	4.0
383.6	4.0
463.56	4.0
487.76	4.0
550.96	4.0
308.96	5.0
311.72	5.0
323.4	5.0
310.52	6.0
327.28	6.0
346.56	6.0
351.2	6.0
385.52	6.0
417.44	6.0
460.52	6.0
484.08	6.0
503.32	6.0
516.6	6.0
548.36	6.0
596.64	6.0
633.44	6.0
688.96	6.0
751.32	6.0
883.6	6.0
955.88	6.0
1029.76	6.0
1173.0	6.0
327.92	7.0
334.2	7.0
663.32	7.0
675.88	7.0
826.8	7.0
339.28	7.0
472.08	7.0
643.64	7.0
725.84	7.0
866.52	7.0
306.08	8.0
657.24	8.0
800.56	8.0
1062.96	8.0
302.84	8.0
312.6	8.0
321.6	8.0
337.72	8.0
351.88	8.0
359.4	8.0
373.92	8.0
432.4	8.0
445.04	8.0
623.4	8.0
328.16	9.0
360.92	9.0
313.96	10.0
490.08	10.0
590.6	10.0
715.8	10.0
833.96	10.0
888.72	10.0
302.48	10.0
309.4	10.0
323.0	10.0
335.08	10.0
866.32	10.0
312.08	11.0
326.04	11.0
335.64	11.0
338.24	11.0
351.8	11.0
557.48	11.0
700.52	11.0
856.88	11.0
302.96	11.0
309.52	11.0
323.0	11.0
332.24	11.0
347.28	11.0
356.52	11.0
361.04	11.0
370.88	11.0
410.08	11.0
433.24	11.0
667.76	11.0
750.72	11.0
899.8	11.0
1031.96	11.0
310.4	12.0
661.0	12.0
324.88	12.0
338.64	12.0
380.4	12.0
576.56	12.0
683.32	12.0
340.28	13.0
367.04	13.0
544.52	13.0
324.12	14.0
327.76	14.0
330.52	14.0
340.56	14.0
367.64	14.0
382.92	14.0
685.48	14.0
329.56	15.0
302.72	15.0
349.64	15.0
371.92	15.0
827.64	15.0
350.92	16.0
354.44	16.0
364.44	17.0
895.72	17.0
319.8	18.0
361.04	18.0
354.6	19.0
302.68	20.0
360.72	20.0
371.88	20.0
396.04	20.0
330.56	20.0
336.32	20.0
307.2	21.0
311.8	21.0
314.64	21.0
323.32	21.0
328.4	21.0
339.64	21.0
342.84	21.0
346.28	21.0
372.44	21.0
383.12	21.0
398.32	21.0
442.76	21.0
519.76	21.0
524.92	21.0
577.76	21.0
622.72	21.0
636.24	21.0
655.16	21.0
688.56	21.0
695.72	21.0
709.64	21.0
716.0	21.0
758.12	21.0
778.6	21.0
786.24	21.0
797.36	21.0
859.56	21.0
894.88	21.0
917.52	21.0
976.72	21.0
1000.2	21.0
302.6	22.0
306.0	22.0
313.96	22.0
323.16	22.0
326.36	22.0
344.28	22.0
377.24	22.0
391.08	22.0
910.44	22.0
307.64	23.0
330.96	23.0
815.6	23.0
313.16	23.0
322.24	23.0
335.16	23.0
337.84	23.0
343.2	23.0
371.48	23.0
379.24	23.0
389.76	23.0
403.64	23.0
419.92	23.0
619.0	23.0
774.24	23.0
806.96	23.0
302.68	24.0
309.52	24.0
321.72	24.0
325.4	24.0
330.84	24.0
340.04	24.0
372.96	24.0
402.44	24.0
731.92	25.0
302.48	25.0
311.08	25.0
318.16	25.0
336.32	25.0
347.56	25.0
780.36	25.0
326.92	26.0
447.8	26.0
618.0	26.0
302.64	26.0
310.48	26.0
320.72	26.0
330.56	26.0
335.04	26.0
339.2	26.0
352.12	26.0
358.12	26.0
366.68	26.0
371.08	26.0
378.56	26.0
384.76	26.0
389.08	26.0
402.0	26.0
417.44	26.0
430.48	26.0
441.88	26.0
452.72	26.0
460.28	26.0
475.04	26.0
478.28	26.0
493.28	26.0
513.64	26.0
528.08	26.0
550.8	26.0
558.32	26.0
567.16	26.0
581.48	26.0
595.28	26.0
626.96	26.0
631.68	26.0
664.36	26.0
694.24	26.0
704.16	26.0
726.24	26.0
751.16	26.0
795.0	26.0
819.96	26.0
828.8	26.0
861.64	26.0
890.64	26.0
937.2	26.0
331.32	27.0
535.76	27.0
302.8	27.0
338.0	27.0
363.44	27.0
609.0	27.0
302.44	28.0
306.16	28.0
312.92	28.0
320.24	28.0
327.76	28.0
333.68	28.0
338.64	28.0
350.32	28.0
354.32	28.0
362.68	28.0
371.44	28.0
375.44	28.0
365.28	29.0
322.44	29.0
328.48	29.0
355.12	29.0
309.76	30.0
338.96	30.0
350.44	30.0
359.64	30.0
383.2	30.0
394.0	30.0
418.56	30.0
479.2	30.0
507.72	30.0
532.08	30.0
557.56	30.0
590.4	30.0
648.6	30.0
654.92	30.0
682.8	30.0
733.36	30.0
858.6	30.0
896.08	30.0
944.12	30.0
313.16	31.0
318.76	31.0
350.44	31.0
360.68	31.0
302.92	32.0
321.6	33.0
336.52	33.0
359.36	33.0
556.8	33.0
709.4	33.0
344.56	34.0
302.88	34.0
311.8	34.0
326.68	34.0
314.76	35.0
594.72	35.0
306.32	35.0
311.48	35.0
322.68	35.0
327.08	35.0
331.0	35.0
339.92	35.0
342.6	35.0
346.12	35.0
350.24	35.0
358.84	35.0
368.84	35.0
372.08	35.0
379.08	35.0
381.96	35.0
397.32	35.0
411.76	35.0
418.04	35.0
441.4	35.0
459.2	35.0
461.72	35.0
484.2	35.0
510.08	35.0
536.36	35.0
574.48	35.0
587.52	35.0
619.96	35.0
638.68	35.0
665.0	35.0
700.88	35.0
732.12	35.0
756.72	35.0
795.28	35.0
815.44	35.0
893.36	35.0
945.4	35.0
948.8	35.0
302.48	36.0
322.88	36.0
337.64	36.0
350.36	36.0
374.4	36.0
384.68	36.0
