312.8	1.0
577.68	1.0
807.72	1.0
1083.48	1.0
1338.76	1.0
331.32	2.0
1271.76	2.0
312.64	2.0
325.6	2.0
335.0	2.0
338.8	2.0
348.72	2.0
355.92	2.0
360.08	2.0
367.44	2.0
391.76	2.0
413.76	2.0
456.4	2.0
464.68	2.0
492.32	2.0
515.84	2.0
535.4	2.0
539.28	2.0
542.64	2.0
556.2	2.0
574.12	2.0
578.0	2.0
616.32	2.0
651.2	2.0
669.76	2.0
1083.88	2.0
1143.08	2.0
1182.56	2.0
1199.68	2.0
1209.04	2.0
1253.4	2.0
1264.72	2.0
1308.48	2.0
1311.72	2.0
1345.16	2.0
1400.6	2.0
1482.44	2.0
1312.24	3.0
311.24	3.0
314.88	3.0
324.24	3.0
332.64	3.0
337.2	3.0
342.84	3.0
347.72	3.0
350.52	3.0
370.68	3.0
391.72	3.0
418.48	3.0
441.8	3.0
456.12	3.0
464.32	3.0
496.68	3.0
509.72	3.0
515.64	3.0
522.92	3.0
535.36	3.0
542.76	3.0
571.64	3.0
632.12	3.0
1163.64	3.0
1209.72	3.0
1229.92	3.0
1259.16	3.0
1283.2	3.0
1308.64	3.0
1315.28	3.0
1355.04	3.0
1381.88	3.0
1415.12	3.0
1425.8	3.0
1459.04	3.0
333.0	4.0
315.64	4.0
1313.16	5.0
312.76	5.0
347.0	5.0
1309.84	5.0
332.16	6.0
449.64	6.0
1283.36	6.0
347.0	6.0
416.6	6.0
557.48	6.0
781.32	6.0
1208.68	6.0
1326.52	6.0
339.8	7.0
423.0	7.0
813.24	7.0
913.84	7.0
315.68	7.0
331.52	7.0
379.16	7.0
407.4	7.0
611.76	7.0
1159.44	7.0
594.64	8.0
1477.24	8.0
302.88	8.0
324.88	8.0
331.84	8.0
359.56	8.0
1286.12	8.0
1356.04	8.0
335.88	9.0
542.96	9.0
354.84	10.0
879.32	10.0
905.88	10.0
1168.24	10.0
1461.04	10.0
311.64	10.0
338.28	10.0
370.52	10.0
379.16	10.0
391.56	10.0
429.32	10.0
476.68	10.0
506.88	10.0
534.84	10.0
557.72	10.0
576.76	10.0
634.8	10.0
1232.44	10.0
1311.92	10.0
345.08	11.0
417.68	11.0
475.72	11.0
523.0	11.0
576.44	11.0
632.16	11.0
1302.0	11.0
1425.92	11.0
312.6	11.0
341.32	11.0
356.0	11.0
367.32	11.0
370.28	11.0
374.72	11.0
385.96	11.0
399.56	11.0
409.64	11.0
427.52	11.0
453.88	11.0
463.32	11.0
486.48	11.0
538.44	11.0
557.4	11.0
581.76	11.0
598.64	11.0
609.36	11.0
619.16	11.0
1164.08	11.0
1222.76	11.0
1256.92	11.0
1278.52	11.0
1282.04	11.0
515.24	12.0
532.16	12.0
552.24	12.0
569.6	12.0
1105.52	12.0
1275.8	12.0
309.0	12.0
312.44	12.0
325.32	12.0
330.84	12.0
1286.64	12.0
373.44	13.0
541.84	13.0
1273.04	13.0
315.6	13.0
456.84	13.0
531.2	13.0
578.2	13.0
597.56	13.0
682.84	13.0
1270.2	13.0
1299.0	13.0
1343.04	13.0
1356.64	13.0
1368.08	13.0
1383.04	13.0
1386.08	13.0
346.8	14.0
315.4	14.0
331.2	14.0
517.92	14.0
1159.04	14.0
1330.92	14.0
337.4	15.0
340.6	15.0
359.72	15.0
333.84	15.0
463.28	15.0
593.2	15.0
640.2	15.0
1395.24	16.0
326.48	18.0
313.48	18.0
346.6	18.0
1285.16	18.0
317.44	19.0
340.8	19.0
313.6	20.0
359.72	20.0
535.4	20.0
551.52	20.0
623.44	20.0
330.84	20.0
1282.04	20.0
1359.36	20.0
313.48	21.0
325.2	21.0
332.96	21.0
338.8	21.0
344.56	21.0
363.12	21.0
381.92	21.0
443.64	21.0
467.44	21.0
524.64	21.0
555.44	21.0
579.72	21.0
593.0	21.0
624.64	21.0
637.0	21.0
654.64	21.0
706.4	21.0
733.24	21.0
783.64	21.0
837.2	21.0
897.72	21.0
934.52	21.0
1079.8	21.0
1115.52	21.0
1231.52	21.0
1239.0	21.0
1264.36	21.0
1281.52	21.0
1289.88	21.0
1310.72	21.0
1325.36	21.0
1334.2	21.0
1352.72	21.0
1359.4	21.0
1382.48	21.0
1406.56	21.0
1417.92	21.0
315.24	22.0
348.64	22.0
453.16	22.0
554.96	22.0
651.88	22.0
684.96	22.0
832.64	22.0
1055.36	22.0
1309.56	22.0
1359.48	22.0
311.72	23.0
315.2	23.0
324.56	23.0
332.04	23.0
336.44	23.0
355.04	23.0
430.28	23.0
1257.24	23.0
1284.28	23.0
1302.2	23.0
1311.64	23.0
1315.12	23.0
1329.84	23.0
1337.32	23.0
1361.36	23.0
1393.84	23.0
302.8	24.0
312.96	24.0
317.28	24.0
333.2	24.0
348.0	24.0
456.16	24.0
485.56	24.0
514.52	24.0
596.88	24.0
1201.52	24.0
1227.92	24.0
1244.08	24.0
1253.68	24.0
1281.56	24.0
1295.92	24.0
1311.44	24.0
1362.48	24.0
1403.72	24.0
315.44	25.0
311.6	25.0
337.84	25.0
346.08	25.0
359.56	25.0
1479.64	26.0
312.68	26.0
317.24	26.0
324.6	26.0
332.56	26.0
335.36	26.0
339.64	26.0
344.04	26.0
348.2	26.0
352.92	26.0
364.68	26.0
380.0	26.0
390.88	26.0
400.4	26.0
417.32	26.0
426.32	26.0
458.0	26.0
470.8	26.0
476.08	26.0
484.2	26.0
495.8	26.0
505.32	26.0
516.68	26.0
533.44	26.0
548.2	26.0
558.92	26.0
563.96	26.0
573.56	26.0
580.28	26.0
591.6	26.0
596.04	26.0
608.0	26.0
641.28	26.0
711.92	26.0
749.6	26.0
1190.48	26.0
1204.6	26.0
1215.52	26.0
1257.64	26.0
1270.28	26.0
1275.48	26.0
1280.52	26.0
1289.04	26.0
1301.28	26.0
1305.32	26.0
1324.4	26.0
1343.2	26.0
1365.4	26.0
1379.56	26.0
1388.2	26.0
1396.6	26.0
1416.44	26.0
1431.52	26.0
1463.2	26.0
1483.96	26.0
1281.88	27.0
324.84	27.0
340.28	27.0
391.72	27.0
651.76	27.0
740.48	27.0
761.96	27.0
787.4	27.0
1340.2	27.0
1357.64	27.0
325.56	28.0
1310.68	28.0
302.44	28.0
309.48	28.0
313.28	28.0
317.12	28.0
336.72	28.0
340.28	28.0
351.4	28.0
372.48	28.0
385.44	28.0
1141.88	28.0
1183.0	28.0
1233.68	28.0
1337.32	28.0
1361.04	28.0
315.76	29.0
338.92	29.0
331.76	30.0
346.52	30.0
362.52	30.0
390.44	30.0
420.16	30.0
445.28	30.0
461.76	30.0
508.0	30.0
525.88	30.0
554.88	30.0
593.04	30.0
624.28	30.0
1230.2	30.0
1272.76	30.0
1277.64	30.0
1286.56	30.0
1306.52	30.0
1320.72	30.0
1362.64	30.0
1378.48	30.0
1465.16	30.0
302.76	31.0
313.52	31.0
317.28	31.0
333.52	31.0
345.4	31.0
359.52	31.0
400.2	31.0
1213.12	31.0
316.2	32.0
314.04	33.0
1279.04	33.0
302.44	33.0
340.4	33.0
335.84	34.0
312.08	34.0
1109.56	34.0
1191.36	34.0
1337.4	35.0
302.44	35.0
310.8	35.0
331.76	35.0
336.32	35.0
340.28	35.0
345.16	35.0
353.16	35.0
361.76	35.0
374.24	35.0
400.44	35.0
419.48	35.0
463.6	35.0
485.36	35.0
538.36	35.0
587.96	35.0
591.44	35.0
643.72	35.0
711.6	35.0
889.4	35.0
1238.32	35.0
1250.0	35.0
1255.92	35.0
1261.24	35.0
1264.76	35.0
1276.08	35.0
1287.6	35.0
1319.8	35.0
1354.52	35.0
1359.6	35.0
1371.56	35.0
1386.76	35.0
1443.48	35.0
333.72	36.0
