306.32	1.0
326.04	1.0
970.92	1.0
1102.64	1.0
35.44	2.0
313.04	2.0
316.6	2.0
323.8	2.0
327.32	2.0
344.52	2.0
367.8	2.0
374.36	2.0
565.44	2.0
569.0	2.0
659.0	2.0
688.44	2.0
722.52	2.0
769.12	2.0
785.36	2.0
792.92	2.0
814.32	2.0
837.16	2.0
906.84	2.0
952.04	2.0
964.48	2.0
974.12	2.0
996.12	2.0
1015.68	2.0
1060.36	2.0
1071.52	2.0
1163.4	2.0
1169.36	2.0
1172.0	2.0
1177.68	2.0
1214.44	2.0
1237.12	2.0
1248.32	2.0
1253.64	2.0
1267.6	2.0
1270.68	2.0
1294.6	2.0
1313.2	2.0
1315.72	2.0
1329.12	2.0
306.04	3.0
337.36	3.0
302.8	3.0
311.04	3.0
316.2	3.0
323.96	3.0
327.04	3.0
330.8	3.0
345.68	3.0
357.36	3.0
367.12	3.0
373.92	3.0
405.08	3.0
424.16	3.0
526.12	3.0
672.0	3.0
836.96	3.0
841.08	3.0
908.56	3.0
961.96	3.0
964.68	3.0
976.68	3.0
994.16	3.0
1171.76	3.0
1283.52	3.0
1326.28	3.0
1329.36	3.0
555.4	4.0
309.0	4.0
312.04	4.0
331.12	4.0
345.84	4.0
373.8	4.0
395.92	4.0
415.04	4.0
572.88	4.0
621.4	4.0
976.36	4.0
1029.92	4.0
1142.28	4.0
1158.52	4.0
1208.8	4.0
1271.76	4.0
1330.4	4.0
320.36	5.0
309.0	5.0
312.0	5.0
324.84	5.0
330.96	5.0
334.92	5.0
337.6	5.0
351.64	5.0
362.2	5.0
402.44	5.0
309.0	6.0
312.6	6.0
320.36	6.0
339.44	6.0
371.8	6.0
455.36	6.0
490.0	6.0
520.88	6.0
570.24	6.0
619.0	6.0
652.56	6.0
675.28	6.0
776.4	6.0
1323.44	6.0
303.0	7.0
308.72	7.0
368.04	7.0
376.8	7.0
308.16	8.0
321.04	8.0
325.32	8.0
334.12	8.0
337.68	8.0
352.2	8.0
368.68	8.0
400.48	8.0
405.08	8.0
507.2	8.0
981.96	8.0
1030.12	8.0
1236.48	8.0
302.96	9.0
312.88	9.0
338.8	9.0
687.8	10.0
1215.8	10.0
123.48	10.0
302.48	10.0
308.64	10.0
312.0	10.0
537.88	10.0
1015.04	10.0
1275.6	10.0
1301.64	10.0
1328.4	10.0
330.88	11.0
357.28	11.0
385.64	11.0
436.48	11.0
568.52	11.0
1223.56	11.0
309.84	11.0
313.36	11.0
315.92	11.0
322.24	11.0
335.24	11.0
343.72	11.0
352.6	11.0
368.04	11.0
401.24	11.0
478.64	11.0
689.96	11.0
776.68	11.0
820.4	11.0
915.2	11.0
941.16	11.0
1013.52	11.0
1072.8	11.0
1190.36	11.0
1248.52	11.0
1271.56	11.0
1300.12	11.0
1360.04	11.0
312.96	12.0
354.2	12.0
388.76	12.0
396.36	12.0
464.76	12.0
879.2	12.0
395.52	13.0
310.96	13.0
370.52	13.0
346.04	14.0
369.32	14.0
483.96	14.0
373.68	14.0
524.0	14.0
605.04	14.0
321.72	15.0
365.44	15.0
334.28	15.0
356.12	15.0
466.88	15.0
523.96	15.0
892.48	15.0
1168.88	15.0
318.2	16.0
345.52	16.0
558.52	16.0
1201.8	16.0
1285.04	16.0
302.52	18.0
342.84	19.0
352.04	19.0
302.72	20.0
333.24	20.0
314.84	20.0
327.72	20.0
365.64	20.0
1331.76	20.0
15.44	21.0
302.48	21.0
308.52	21.0
314.32	21.0
318.76	21.0
324.76	21.0
329.68	21.0
333.28	21.0
346.64	21.0
350.88	21.0
365.24	21.0
376.2	21.0
386.2	21.0
389.72	21.0
398.28	21.0
415.88	21.0
522.56	21.0
574.6	21.0
302.52	22.0
309.48	22.0
324.48	22.0
337.84	22.0
364.6	22.0
386.6	22.0
409.44	22.0
401.48	23.0
306.56	23.0
312.76	23.0
318.6	23.0
326.0	23.0
333.0	23.0
348.72	23.0
354.36	23.0
389.28	23.0
406.2	23.0
605.6	23.0
952.4	23.0
974.2	23.0
1010.96	23.0
1139.44	23.0
1156.48	23.0
1162.76	23.0
1166.64	23.0
1205.88	23.0
1290.68	23.0
1304.72	23.0
1333.4	23.0
302.92	24.0
309.56	24.0
335.56	24.0
345.16	24.0
355.16	24.0
370.6	24.0
336.96	25.0
302.48	25.0
321.52	25.0
365.28	25.0
404.28	26.0
431.36	26.0
167.56	26.0
302.64	26.0
313.08	26.0
318.4	26.0
322.32	26.0
326.48	26.0
332.4	26.0
336.48	26.0
342.08	26.0
346.24	26.0
351.6	26.0
359.44	26.0
372.44	26.0
379.68	26.0
388.72	26.0
399.4	26.0
409.92	26.0
420.44	26.0
422.96	26.0
437.8	26.0
441.84	26.0
454.16	26.0
463.52	26.0
477.08	26.0
496.6	26.0
503.28	26.0
519.72	26.0
528.28	26.0
535.8	26.0
547.36	26.0
553.8	26.0
569.88	26.0
574.36	26.0
600.36	26.0
628.44	26.0
649.2	26.0
674.04	26.0
690.12	26.0
709.92	26.0
754.76	26.0
764.52	26.0
813.48	26.0
1107.32	26.0
1167.4	26.0
1249.96	26.0
1254.88	26.0
1283.48	26.0
302.88	27.0
1255.76	27.0
308.68	28.0
302.48	28.0
312.52	28.0
315.24	28.0
325.44	28.0
330.32	28.0
334.2	28.0
350.4	28.0
354.44	28.0
363.56	28.0
382.04	28.0
386.76	28.0
395.8	28.0
402.84	28.0
976.0	28.0
997.72	28.0
1178.28	28.0
345.92	29.0
973.44	29.0
309.04	30.0
316.52	30.0
328.4	30.0
352.68	30.0
367.8	30.0
370.88	30.0
384.92	30.0
401.08	30.0
419.8	30.0
430.8	30.0
466.2	30.0
472.16	30.0
487.68	30.0
512.36	30.0
564.32	30.0
611.16	30.0
807.12	30.0
1009.32	30.0
1211.92	30.0
1243.64	30.0
1332.12	30.0
314.28	31.0
316.84	31.0
324.52	31.0
347.08	31.0
351.32	31.0
371.28	31.0
309.8	33.0
351.24	33.0
329.0	34.0
3.2	34.0
318.28	34.0
1080.04	34.0
405.08	35.0
561.64	35.0
307.16	35.0
318.8	35.0
323.96	35.0
328.6	35.0
337.24	35.0
339.92	35.0
345.72	35.0
348.84	35.0
358.96	35.0
362.44	35.0
367.28	35.0
371.88	35.0
381.68	35.0
399.76	35.0
413.8	35.0
427.76	35.0
435.32	35.0
443.96	35.0
462.24	35.0
479.04	35.0
495.24	35.0
526.2	35.0
789.44	35.0
1261.76	35.0
1331.4	35.0
302.6	36.0
334.32	36.0
