141.32	1.0
262.8	1.0
840.04	1.0
309.44	2.0
13.4	2.0
44.08	2.0
46.92	2.0
50.12	2.0
63.96	2.0
67.0	2.0
120.92	2.0
135.16	2.0
163.2	2.0
182.92	2.0
242.84	2.0
259.4	2.0
265.96	2.0
287.56	2.0
319.52	2.0
328.28	2.0
332.2	2.0
345.76	2.0
377.36	2.0
415.4	2.0
806.92	2.0
813.72	2.0
843.64	2.0
857.68	2.0
1382.32	2.0
135.72	3.0
197.96	3.0
30.2	3.0
50.28	3.0
242.56	3.0
266.12	3.0
285.76	3.0
309.08	3.0
314.84	3.0
318.12	3.0
320.68	3.0
325.28	3.0
328.44	3.0
345.64	3.0
350.28	3.0
377.12	3.0
415.56	3.0
483.72	3.0
550.52	3.0
843.4	3.0
868.84	3.0
1087.68	3.0
1339.8	3.0
1347.48	3.0
1382.04	3.0
314.92	4.0
29.32	4.0
59.28	4.0
83.64	4.0
110.56	4.0
160.52	4.0
197.92	4.0
286.16	4.0
309.0	4.0
311.68	4.0
320.32	4.0
332.76	4.0
349.72	4.0
361.76	4.0
386.88	4.0
412.68	4.0
435.48	4.0
487.24	4.0
516.68	4.0
618.32	4.0
674.4	4.0
870.68	4.0
885.64	4.0
917.8	4.0
987.2	4.0
1025.92	4.0
1052.68	4.0
1107.84	4.0
1120.08	4.0
1294.04	4.0
1329.24	4.0
1371.36	4.0
309.0	5.0
311.72	5.0
321.52	5.0
336.64	5.0
851.16	5.0
310.52	6.0
3.0	6.0
75.12	6.0
320.48	6.0
472.56	6.0
883.12	6.0
911.84	6.0
329.28	7.0
289.04	7.0
1366.96	8.0
54.0	8.0
318.96	8.0
325.48	8.0
369.08	8.0
485.92	8.0
1090.6	8.0
242.2	9.0
288.52	9.0
1382.56	9.0
106.24	10.0
139.36	10.0
242.8	10.0
262.24	10.0
843.2	10.0
1279.12	10.0
134.76	10.0
302.56	10.0
319.48	10.0
813.64	10.0
1087.68	11.0
1321.8	11.0
12.0	11.0
44.52	11.0
62.12	11.0
134.4	11.0
147.52	11.0
243.0	11.0
267.08	11.0
287.68	11.0
302.64	11.0
316.68	11.0
327.48	11.0
354.68	11.0
412.56	11.0
813.64	11.0
1310.24	11.0
1368.76	11.0
1022.08	12.0
104.8	12.0
137.88	12.0
276.12	12.0
411.04	12.0
1088.88	12.0
1331.44	12.0
1364.48	12.0
314.84	13.0
311.92	14.0
328.12	14.0
49.96	14.0
853.52	14.0
983.12	14.0
62.4	15.0
302.88	15.0
512.68	15.0
825.72	15.0
1081.2	15.0
869.56	16.0
343.76	16.0
407.04	16.0
561.44	16.0
787.24	16.0
879.92	16.0
325.2	18.0
263.72	19.0
342.92	19.0
412.92	19.0
771.2	19.0
1098.56	19.0
302.6	20.0
323.32	21.0
428.08	21.0
261.84	21.0
302.52	21.0
308.08	21.0
315.32	21.0
329.48	21.0
347.8	21.0
360.28	21.0
379.8	21.0
855.36	21.0
1083.84	21.0
1349.88	21.0
307.8	22.0
316.68	22.0
323.2	22.0
328.72	22.0
337.08	22.0
423.44	22.0
308.84	23.0
1277.0	23.0
1376.28	23.0
11.52	23.0
35.4	23.0
45.04	23.0
47.88	23.0
54.52	23.0
83.4	23.0
118.32	23.0
131.24	23.0
157.72	23.0
233.32	23.0
253.88	23.0
266.44	23.0
282.44	23.0
312.84	23.0
320.48	23.0
326.44	23.0
340.68	23.0
486.4	23.0
659.28	23.0
670.24	23.0
715.72	23.0
856.48	23.0
1018.2	23.0
1048.68	23.0
1097.68	23.0
1112.48	23.0
1142.84	23.0
1241.12	23.0
1295.56	23.0
1313.56	23.0
1326.24	23.0
1370.96	23.0
1373.6	23.0
354.88	24.0
309.32	24.0
318.44	24.0
338.44	24.0
381.16	24.0
1341.92	24.0
302.44	25.0
52.64	26.0
432.6	26.0
920.68	26.0
9.08	26.0
92.72	26.0
95.4	26.0
178.2	26.0
216.56	26.0
257.4	26.0
274.12	26.0
288.64	26.0
299.56	26.0
302.48	26.0
307.44	26.0
313.12	26.0
318.12	26.0
329.56	26.0
335.12	26.0
342.92	26.0
349.12	26.0
360.12	26.0
370.92	26.0
381.64	26.0
398.32	26.0
411.6	26.0
427.2	26.0
450.16	26.0
456.56	26.0
479.92	26.0
526.64	26.0
807.0	26.0
822.6	26.0
869.68	26.0
892.64	26.0
900.72	26.0
926.76	26.0
955.2	26.0
1029.76	26.0
1054.12	26.0
1075.12	26.0
1107.2	26.0
1131.2	26.0
1222.68	26.0
1264.84	26.0
1281.24	26.0
1315.56	26.0
1342.0	26.0
1351.12	26.0
1364.76	26.0
64.04	27.0
302.8	27.0
331.84	27.0
40.64	28.0
132.08	28.0
262.68	28.0
267.32	28.0
288.16	28.0
302.48	28.0
308.76	28.0
324.96	28.0
331.72	28.0
339.72	28.0
342.32	28.0
358.16	28.0
377.64	28.0
667.28	28.0
720.88	28.0
776.4	28.0
840.56	28.0
1078.56	28.0
1103.64	28.0
302.6	29.0
33.44	29.0
288.0	29.0
315.96	29.0
342.08	29.0
836.2	29.0
1041.0	29.0
13.16	30.0
72.92	30.0
211.76	30.0
264.6	30.0
287.44	30.0
322.44	30.0
342.4	30.0
355.28	30.0
402.52	30.0
457.56	30.0
490.64	30.0
876.68	30.0
1137.84	30.0
1340.84	30.0
318.48	31.0
326.6	31.0
323.76	33.0
302.64	33.0
310.44	34.0
316.72	34.0
345.16	34.0
253.52	35.0
306.04	35.0
309.04	35.0
30.56	35.0
49.28	35.0
60.16	35.0
91.92	35.0
160.6	35.0
185.4	35.0
250.56	35.0
269.12	35.0
281.12	35.0
291.08	35.0
313.56	35.0
319.4	35.0
328.48	35.0
339.16	35.0
346.4	35.0
361.04	35.0
372.68	35.0
398.2	35.0
427.6	35.0
477.88	35.0
510.36	35.0
659.12	35.0
671.6	35.0
799.12	35.0
856.36	35.0
869.84	35.0
873.72	35.0
933.28	35.0
981.36	35.0
1013.96	35.0
1066.36	35.0
1101.76	35.0
1215.0	35.0
1247.48	35.0
1271.64	35.0
1276.8	35.0
1289.6	35.0
1309.8	35.0
1358.72	35.0
1371.24	35.0
323.16	36.0
354.84	36.0
425.48	36.0
975.88	36.0
