555.24	1.0
1253.72	1.0
23.04	2.0
56.16	2.0
78.48	2.0
93.52	2.0
126.68	2.0
130.12	2.0
161.56	2.0
170.88	2.0
187.2	2.0
189.96	2.0
214.12	2.0
216.92	2.0
260.64	2.0
292.44	2.0
309.32	2.0
371.24	2.0
414.76	2.0
462.72	2.0
520.8	2.0
523.48	2.0
545.52	2.0
574.12	2.0
586.72	2.0
613.16	2.0
635.56	2.0
663.84	2.0
742.84	2.0
745.84	2.0
770.96	2.0
831.16	2.0
893.2	2.0
895.72	2.0
920.6	2.0
946.24	2.0
984.48	2.0
998.56	2.0
1134.04	2.0
1171.6	2.0
1175.08	2.0
1177.88	2.0
1253.28	2.0
1326.32	2.0
1360.24	2.0
1366.28	2.0
1395.12	2.0
1436.08	2.0
26.28	3.0
43.4	3.0
78.36	3.0
185.76	3.0
214.32	3.0
228.32	3.0
255.28	3.0
264.64	3.0
314.04	3.0
320.32	3.0
331.52	3.0
340.52	3.0
371.4	3.0
398.44	3.0
440.12	3.0
444.32	3.0
464.52	3.0
479.96	3.0
523.68	3.0
526.96	3.0
558.4	3.0
574.32	3.0
613.08	3.0
679.4	3.0
745.72	3.0
771.12	3.0
819.4	3.0
831.32	3.0
870.84	3.0
895.88	3.0
936.88	3.0
984.68	3.0
1019.4	3.0
1178.04	3.0
1198.12	3.0
1253.44	3.0
1287.92	3.0
1293.96	3.0
1321.8	3.0
1366.64	3.0
1395.28	3.0
1406.08	3.0
1430.56	3.0
1475.56	3.0
103.8	4.0
127.6	4.0
170.0	4.0
207.32	4.0
229.92	4.0
240.44	4.0
257.56	4.0
292.76	4.0
309.0	4.0
312.32	4.0
322.36	4.0
339.36	4.0
362.72	4.0
398.04	4.0
453.64	4.0
465.52	4.0
481.36	4.0
526.64	4.0
546.68	4.0
565.76	4.0
617.96	4.0
637.84	4.0
650.24	4.0
680.36	4.0
700.28	4.0
729.72	4.0
804.32	4.0
829.48	4.0
853.4	4.0
925.24	4.0
935.96	4.0
951.36	4.0
1010.84	4.0
1018.96	4.0
1042.4	4.0
1058.96	4.0
1104.72	4.0
1121.16	4.0
1171.8	4.0
1188.48	4.0
1211.24	4.0
1275.32	4.0
1310.8	4.0
1323.64	4.0
1360.16	4.0
1369.24	4.0
1397.4	4.0
1405.12	4.0
1429.52	4.0
1450.92	4.0
1466.96	4.0
1477.72	4.0
188.52	5.0
308.96	5.0
311.56	5.0
310.52	6.0
23.04	6.0
123.04	6.0
210.68	6.0
331.28	6.0
445.32	6.0
541.12	6.0
683.92	6.0
844.08	6.0
931.88	6.0
1016.08	6.0
1167.88	6.0
1213.52	6.0
1304.84	6.0
1381.84	6.0
1452.2	6.0
93.36	7.0
302.72	7.0
457.56	7.0
560.32	7.0
907.36	7.0
956.32	7.0
1081.04	7.0
60.4	8.0
120.52	8.0
182.72	8.0
212.64	8.0
237.8	8.0
268.92	8.0
291.88	8.0
302.48	8.0
306.52	8.0
438.88	8.0
463.96	8.0
555.64	8.0
581.08	8.0
609.72	8.0
728.16	8.0
869.88	8.0
892.0	8.0
926.36	8.0
941.2	8.0
981.2	8.0
1036.68	8.0
1106.32	8.0
1172.2	8.0
1393.52	8.0
291.56	9.0
318.52	9.0
371.76	9.0
595.48	9.0
664.88	9.0
1018.32	9.0
1247.88	9.0
1293.36	9.0
22.44	10.0
62.2	10.0
129.16	10.0
157.0	10.0
187.32	10.0
218.04	10.0
242.96	10.0
291.28	10.0
295.2	10.0
403.84	10.0
462.48	10.0
520.48	10.0
596.08	10.0
658.72	10.0
662.56	10.0
823.68	10.0
870.84	10.0
894.04	10.0
978.44	10.0
1122.4	10.0
1172.32	10.0
1317.24	10.0
1473.16	10.0
465.84	11.0
1294.04	11.0
23.2	11.0
51.44	11.0
61.12	11.0
127.72	11.0
155.28	11.0
169.44	11.0
186.08	11.0
214.96	11.0
292.2	11.0
302.96	11.0
318.92	11.0
439.96	11.0
458.08	11.0
461.92	11.0
507.52	11.0
568.76	11.0
573.84	11.0
592.76	11.0
662.08	11.0
701.84	11.0
814.08	11.0
849.92	11.0
895.04	11.0
918.12	11.0
941.56	11.0
981.24	11.0
1008.04	11.0
1036.36	11.0
1125.52	11.0
1174.8	11.0
1219.84	11.0
1249.68	11.0
1392.0	11.0
1406.36	11.0
1414.36	11.0
1464.68	12.0
105.6	13.0
187.8	13.0
241.16	13.0
504.68	13.0
663.92	13.0
946.64	13.0
1143.16	13.0
1173.52	13.0
1078.72	15.0
302.52	16.0
439.88	16.0
944.28	16.0
1299.08	16.0
1343.56	16.0
302.88	17.0
310.68	17.0
302.52	18.0
746.24	19.0
1099.6	19.0
302.52	20.0
1140.24	20.0
404.6	21.0
52.2	21.0
144.4	21.0
176.32	21.0
315.16	21.0
326.76	21.0
350.28	21.0
368.84	21.0
813.72	21.0
893.12	21.0
913.44	21.0
1025.76	21.0
1291.76	21.0
1377.68	21.0
1478.04	21.0
44.12	22.0
116.72	22.0
189.6	22.0
239.0	22.0
302.6	22.0
316.6	22.0
355.72	22.0
604.72	22.0
911.8	22.0
1005.6	22.0
1055.52	22.0
1121.48	22.0
1129.56	22.0
1344.6	22.0
1467.72	22.0
182.04	23.0
2.56	23.0
24.04	23.0
29.16	23.0
43.72	23.0
86.68	23.0
108.32	23.0
135.96	23.0
178.28	23.0
188.48	23.0
221.12	23.0
246.12	23.0
268.48	23.0
277.04	23.0
297.36	23.0
311.48	23.0
319.28	23.0
332.32	23.0
350.72	23.0
361.28	23.0
449.76	23.0
466.56	23.0
510.92	23.0
546.16	23.0
568.88	23.0
664.76	23.0
682.32	23.0
690.4	23.0
729.6	23.0
749.04	23.0
761.64	23.0
797.08	23.0
842.28	23.0
886.76	23.0
915.12	23.0
1005.68	23.0
1082.92	23.0
1096.64	23.0
1141.56	23.0
1154.4	23.0
1173.72	23.0
1282.28	23.0
1363.64	23.0
1368.84	23.0
1395.16	23.0
1400.4	23.0
1415.52	23.0
1444.44	23.0
1467.8	23.0
211.0	24.0
310.52	24.0
322.32	24.0
326.32	24.0
903.6	24.0
1174.64	24.0
1417.36	24.0
1442.72	24.0
302.52	25.0
384.32	25.0
659.52	25.0
1213.68	25.0
1274.24	25.0
1348.96	25.0
534.4	26.0
20.52	26.0
29.24	26.0
49.64	26.0
91.2	26.0
106.44	26.0
114.36	26.0
133.44	26.0
136.32	26.0
151.4	26.0
171.04	26.0
193.04	26.0
212.8	26.0
218.12	26.0
250.4	26.0
267.28	26.0
293.96	26.0
302.64	26.0
317.84	26.0
327.16	26.0
342.56	26.0
360.2	26.0
383.84	26.0
423.68	26.0
426.88	26.0
467.4	26.0
480.48	26.0
552.76	26.0
555.32	26.0
564.88	26.0
591.4	26.0
626.84	26.0
630.16	26.0
663.4	26.0
689.32	26.0
702.48	26.0
727.8	26.0
761.8	26.0
782.88	26.0
806.32	26.0
834.48	26.0
883.92	26.0
902.32	26.0
954.48	26.0
967.32	26.0
982.84	26.0
1000.0	26.0
1024.12	26.0
1051.04	26.0
1119.44	26.0
1175.28	26.0
1215.68	26.0
1238.68	26.0
1278.8	26.0
1301.88	26.0
1315.28	26.0
1352.32	26.0
1395.64	26.0
1433.04	26.0
1476.2	26.0
87.6	27.0
112.04	27.0
302.76	27.0
348.32	27.0
1341.8	27.0
26.52	28.0
37.48	28.0
91.24	28.0
102.12	28.0
153.88	28.0
242.08	28.0
270.0	28.0
295.28	28.0
302.52	28.0
327.24	28.0
417.32	28.0
447.28	28.0
462.88	28.0
505.04	28.0
524.4	28.0
595.08	28.0
770.32	28.0
915.72	28.0
932.16	28.0
981.56	28.0
1034.56	28.0
1180.32	28.0
1292.96	28.0
1366.56	28.0
1434.04	28.0
1476.4	28.0
56.88	29.0
1246.44	29.0
1428.56	29.0
40.92	30.0
60.64	30.0
91.76	30.0
134.24	30.0
182.2	30.0
215.76	30.0
293.0	30.0
326.8	30.0
463.76	30.0
581.24	30.0
695.52	30.0
891.8	30.0
981.24	30.0
1392.48	30.0
293.2	31.0
519.96	31.0
302.96	32.0
302.6	33.0
108.8	34.0
205.08	34.0
291.12	34.0
456.24	34.0
466.64	34.0
530.16	34.0
639.0	34.0
1371.24	34.0
664.76	35.0
34.88	35.0
115.92	35.0
144.68	35.0
169.76	35.0
172.28	35.0
216.64	35.0
231.48	35.0
247.72	35.0
257.8	35.0
265.84	35.0
269.88	35.0
309.36	35.0
315.52	35.0
323.92	35.0
338.76	35.0
357.56	35.0
382.24	35.0
457.6	35.0
467.84	35.0
501.32	35.0
564.92	35.0
578.76	35.0
597.6	35.0
602.68	35.0
628.92	35.0
636.36	35.0
689.44	35.0
714.76	35.0
727.16	35.0
732.84	35.0
765.16	35.0
778.8	35.0
812.84	35.0
825.8	35.0
835.04	35.0
855.08	35.0
869.44	35.0
905.6	35.0
916.52	35.0
922.52	35.0
938.76	35.0
989.48	35.0
1001.72	35.0
1024.36	35.0
1027.36	35.0
1056.4	35.0
1071.0	35.0
1088.0	35.0
1093.56	35.0
1104.8	35.0
1140.36	35.0
1164.4	35.0
1173.24	35.0
1234.88	35.0
1252.04	35.0
1283.4	35.0
1315.24	35.0
1352.92	35.0
1361.36	35.0
1399.0	35.0
1402.88	35.0
1407.6	35.0
1438.2	35.0
1468.48	35.0
1471.36	35.0
23.64	36.0
90.72	36.0
94.0	36.0
173.64	36.0
189.64	36.0
246.64	36.0
264.08	36.0
329.72	36.0
403.2	36.0
437.04	36.0
500.32	36.0
539.44	36.0
613.52	36.0
658.92	36.0
833.44	36.0
1069.92	36.0
1172.92	36.0
1389.88	36.0
1433.84	36.0
