302.92	1.0
3.4	2.0
313.04	2.0
326.76	2.0
849.08	2.0
6.16	2.0
20.8	2.0
48.96	2.0
84.52	2.0
126.28	2.0
145.6	2.0
173.6	2.0
231.8	2.0
402.32	2.0
513.56	2.0
532.0	2.0
619.52	2.0
810.76	2.0
844.72	2.0
875.52	2.0
893.36	2.0
937.72	2.0
940.28	2.0
976.4	2.0
986.0	2.0
1022.92	2.0
1030.76	2.0
1065.2	2.0
1089.64	2.0
1110.6	2.0
1145.76	2.0
1166.2	2.0
1191.68	2.0
1221.88	2.0
1238.72	2.0
1244.32	2.0
1280.52	2.0
1314.96	2.0
1339.08	2.0
1369.8	2.0
1023.4	3.0
21.0	3.0
49.12	3.0
80.04	3.0
150.72	3.0
173.84	3.0
209.04	3.0
302.56	3.0
318.6	3.0
326.36	3.0
332.08	3.0
355.36	3.0
359.96	3.0
513.72	3.0
849.56	3.0
940.16	3.0
986.12	3.0
1104.48	3.0
1146.36	3.0
1173.4	3.0
1179.84	3.0
1226.4	3.0
1270.48	3.0
1338.84	3.0
30.64	4.0
269.88	4.0
309.04	4.0
311.92	4.0
328.4	4.0
360.2	4.0
916.08	4.0
956.92	4.0
989.96	4.0
1038.12	4.0
1063.88	4.0
1100.6	4.0
1245.68	4.0
309.04	5.0
312.16	5.0
1214.96	5.0
310.48	6.0
87.8	6.0
151.64	6.0
232.28	6.0
1076.24	6.0
1102.44	6.0
1143.32	6.0
1243.68	6.0
1351.04	6.0
311.92	7.0
810.72	7.0
1270.2	7.0
1294.48	7.0
306.0	8.0
19.08	8.0
85.52	8.0
143.28	8.0
191.24	8.0
262.12	8.0
289.44	8.0
302.84	8.0
311.88	8.0
490.6	8.0
988.44	8.0
1023.04	8.0
1041.52	8.0
1085.12	8.0
1104.44	8.0
1118.36	8.0
1128.2	8.0
1175.84	8.0
57.28	9.0
813.88	9.0
1247.04	9.0
963.36	10.0
977.28	10.0
1251.96	10.0
6.76	10.0
311.84	10.0
1273.56	10.0
80.08	11.0
173.92	11.0
332.04	11.0
1115.44	11.0
1160.64	11.0
1202.0	11.0
1297.28	11.0
82.96	11.0
87.44	11.0
303.0	11.0
312.44	11.0
326.6	11.0
341.12	11.0
750.48	11.0
814.4	11.0
845.92	11.0
924.12	11.0
955.88	11.0
1004.72	11.0
1019.96	11.0
1064.56	11.0
1092.28	11.0
1283.28	11.0
1372.52	11.0
842.64	12.0
53.0	12.0
963.24	12.0
986.52	12.0
1245.72	13.0
1026.2	13.0
1131.0	13.0
1154.68	13.0
155.24	14.0
190.28	14.0
1020.04	14.0
1123.92	14.0
1145.72	14.0
76.2	15.0
218.72	15.0
302.48	16.0
332.56	16.0
1000.08	16.0
1205.28	16.0
31.72	17.0
1105.96	18.0
1125.2	18.0
1091.2	18.0
1083.24	20.0
1200.8	20.0
324.44	21.0
19.96	21.0
24.24	21.0
47.36	21.0
75.0	21.0
84.8	21.0
116.4	21.0
145.68	21.0
159.36	21.0
204.8	21.0
309.44	21.0
316.76	21.0
332.84	21.0
345.76	21.0
369.0	21.0
386.4	21.0
413.2	21.0
900.08	21.0
1055.24	21.0
1064.12	21.0
1073.64	21.0
1083.04	21.0
1098.72	21.0
1108.8	21.0
1120.24	21.0
1124.64	21.0
1149.16	21.0
1165.84	21.0
1168.36	21.0
1179.8	21.0
1202.28	21.0
1219.88	21.0
1232.16	21.0
1250.2	21.0
1267.84	21.0
1273.04	21.0
1291.92	21.0
1299.64	21.0
1324.76	21.0
2.84	22.0
21.4	22.0
63.84	22.0
99.56	22.0
302.48	22.0
324.32	22.0
724.08	22.0
1063.88	22.0
1078.76	22.0
1105.24	22.0
1123.32	22.0
1144.88	22.0
302.96	23.0
1058.12	23.0
1146.04	23.0
5.72	23.0
23.52	23.0
26.2	23.0
34.56	23.0
56.48	23.0
98.92	23.0
154.84	23.0
214.84	23.0
309.84	23.0
317.76	23.0
321.56	23.0
340.76	23.0
373.16	23.0
549.44	23.0
758.48	23.0
775.56	23.0
808.84	23.0
869.36	23.0
937.52	23.0
957.52	23.0
990.68	23.0
1007.68	23.0
1018.16	23.0
1063.76	23.0
1071.08	23.0
1084.48	23.0
1102.96	23.0
1107.92	23.0
1126.68	23.0
1171.68	23.0
1216.44	23.0
1305.0	23.0
22.76	24.0
77.12	24.0
113.56	24.0
317.2	24.0
328.36	24.0
343.52	24.0
1105.8	24.0
1135.12	24.0
1159.32	24.0
1188.52	24.0
1191.6	24.0
1234.24	24.0
302.48	25.0
49.4	26.0
1026.52	26.0
17.16	26.0
26.84	26.0
37.88	26.0
57.56	26.0
66.16	26.0
82.96	26.0
85.52	26.0
94.68	26.0
120.92	26.0
140.4	26.0
143.56	26.0
159.4	26.0
172.2	26.0
199.2	26.0
210.24	26.0
228.04	26.0
261.84	26.0
271.44	26.0
286.04	26.0
302.72	26.0
311.44	26.0
315.32	26.0
319.64	26.0
322.16	26.0
333.92	26.0
341.2	26.0
349.88	26.0
391.36	26.0
404.32	26.0
447.76	26.0
519.24	26.0
642.76	26.0
734.12	26.0
810.12	26.0
816.32	26.0
855.08	26.0
954.96	26.0
988.56	26.0
1002.36	26.0
1009.48	26.0
1045.52	26.0
1056.8	26.0
1063.76	26.0
1072.16	26.0
1080.4	26.0
1097.36	26.0
1105.84	26.0
1112.48	26.0
1122.48	26.0
1139.08	26.0
1146.28	26.0
1156.12	26.0
1165.28	26.0
1172.8	26.0
1179.64	26.0
1190.96	26.0
1201.44	26.0
1208.28	26.0
1219.88	26.0
1224.84	26.0
1235.52	26.0
1245.56	26.0
1252.0	26.0
1262.04	26.0
1269.6	26.0
1279.2	26.0
1295.28	26.0
1309.44	26.0
1328.64	26.0
1344.64	26.0
1355.0	26.0
1376.76	26.0
11.32	27.0
1089.24	27.0
230.24	27.0
302.8	27.0
1264.76	27.0
7.6	28.0
25.76	28.0
52.12	28.0
56.88	28.0
150.4	28.0
224.28	28.0
302.52	28.0
307.04	28.0
317.36	28.0
494.6	28.0
778.12	28.0
813.48	28.0
931.12	28.0
940.6	28.0
1023.32	28.0
1048.04	28.0
1070.68	28.0
1155.96	28.0
1246.6	28.0
25.56	29.0
61.8	29.0
8.04	30.0
53.68	30.0
85.28	30.0
99.12	30.0
156.84	30.0
203.56	30.0
222.52	30.0
321.6	30.0
338.36	30.0
490.52	30.0
966.8	30.0
1047.12	30.0
1083.8	30.0
1113.8	30.0
1127.56	30.0
1149.16	30.0
1163.96	30.0
1198.68	30.0
1202.6	30.0
1223.32	30.0
1270.32	30.0
1348.28	30.0
1363.32	30.0
17.72	31.0
126.44	31.0
319.32	31.0
327.64	31.0
833.96	31.0
913.6	31.0
1067.44	31.0
1083.28	31.0
1145.96	31.0
1228.24	31.0
1064.2	33.0
1124.72	33.0
302.72	33.0
51.8	34.0
209.08	34.0
302.48	34.0
848.72	34.0
865.2	34.0
917.88	34.0
938.72	34.0
970.92	34.0
1052.16	34.0
1344.12	34.0
302.68	35.0
2.64	35.0
27.88	35.0
46.12	35.0
50.2	35.0
83.92	35.0
102.68	35.0
117.72	35.0
120.52	35.0
144.36	35.0
154.88	35.0
176.6	35.0
202.56	35.0
213.64	35.0
216.16	35.0
236.84	35.0
255.2	35.0
260.84	35.0
306.24	35.0
313.44	35.0
316.16	35.0
338.0	35.0
371.2	35.0
386.16	35.0
1007.56	35.0
1017.48	35.0
1024.0	35.0
1028.92	35.0
1046.4	35.0
1067.68	35.0
1072.2	35.0
1082.32	35.0
1099.08	35.0
1103.8	35.0
1111.88	35.0
1121.48	35.0
1124.24	35.0
1127.92	35.0
1141.96	35.0
1152.36	35.0
1166.68	35.0
1191.6	35.0
1205.6	35.0
1240.68	35.0
1297.84	35.0
1313.2	35.0
20.84	36.0
47.36	36.0
147.12	36.0
170.0	36.0
315.96	36.0
330.08	36.0
367.76	36.0
414.72	36.0
991.76	36.0
1049.04	36.0
1080.28	36.0
1103.84	36.0
1124.04	36.0
1155.48	36.0
1241.88	36.0
1271.0	36.0
1296.68	36.0
1299.2	36.0
1353.48	36.0
