73.2	1.0
302.96	1.0
486.92	1.0
549.96	1.0
744.04	1.0
179.08	2.0
202.08	2.0
1447.32	2.0
6.88	2.0
19.64	2.0
22.84	2.0
59.6	2.0
66.04	2.0
118.8	2.0
130.32	2.0
141.12	2.0
145.28	2.0
149.88	2.0
182.8	2.0
194.08	2.0
209.44	2.0
236.88	2.0
250.76	2.0
480.88	2.0
504.04	2.0
524.64	2.0
554.24	2.0
575.28	2.0
624.52	2.0
642.52	2.0
669.32	2.0
683.16	2.0
708.44	2.0
722.48	2.0
818.8	2.0
827.04	2.0
895.52	2.0
921.96	2.0
949.76	2.0
970.24	2.0
994.56	2.0
1052.8	2.0
1056.4	2.0
1061.4	2.0
1104.88	2.0
1110.12	2.0
1183.36	2.0
1249.68	2.0
1288.68	2.0
1322.84	2.0
1325.48	2.0
1328.4	2.0
1388.4	2.0
1392.04	2.0
1426.84	2.0
1466.64	2.0
338.96	3.0
722.92	3.0
1448.04	3.0
3.68	3.0
14.6	3.0
19.04	3.0
21.88	3.0
35.4	3.0
52.28	3.0
58.28	3.0
130.24	3.0
145.04	3.0
169.68	3.0
182.68	3.0
194.24	3.0
210.4	3.0
228.6	3.0
250.68	3.0
356.48	3.0
488.4	3.0
511.4	3.0
554.4	3.0
682.92	3.0
921.72	3.0
965.76	3.0
1121.08	3.0
1286.6	3.0
1325.68	3.0
1343.8	3.0
1418.44	3.0
309.0	4.0
311.64	4.0
339.0	4.0
380.44	4.0
309.04	5.0
311.76	5.0
310.52	6.0
52.6	6.0
137.44	6.0
207.44	6.0
404.52	6.0
456.6	6.0
545.08	6.0
618.12	6.0
694.4	6.0
794.8	6.0
939.36	6.0
1074.96	6.0
1180.0	6.0
1381.44	6.0
1472.84	6.0
106.6	7.0
157.44	7.0
331.16	7.0
797.2	7.0
1371.52	7.0
65.76	8.0
286.08	8.0
1053.96	8.0
20.92	8.0
38.88	8.0
190.8	8.0
500.08	8.0
918.0	8.0
937.16	8.0
1173.16	8.0
1228.84	8.0
1286.84	8.0
1417.56	8.0
21.52	9.0
241.52	9.0
722.6	9.0
14.24	10.0
19.92	10.0
155.92	10.0
172.04	10.0
728.08	10.0
1057.36	10.0
1203.12	10.0
49.44	10.0
107.52	10.0
193.84	10.0
215.2	10.0
302.56	10.0
388.04	10.0
484.0	10.0
761.4	10.0
901.84	10.0
1157.56	10.0
1269.84	10.0
1421.96	10.0
33.08	11.0
144.96	11.0
169.68	11.0
287.4	11.0
422.0	11.0
552.72	11.0
726.96	11.0
819.88	11.0
858.64	11.0
1343.8	11.0
18.8	11.0
28.2	11.0
77.24	11.0
154.56	11.0
182.56	11.0
192.64	11.0
211.72	11.0
372.12	11.0
405.52	11.0
427.32	11.0
577.4	11.0
647.92	11.0
939.4	11.0
1062.08	11.0
1086.92	11.0
1215.92	11.0
1447.76	11.0
1466.76	11.0
24.16	12.0
182.68	12.0
7.04	13.0
33.16	13.0
770.68	13.0
1093.32	13.0
8.36	14.0
302.6	15.0
17.2	15.0
1448.6	15.0
40.24	16.0
53.84	16.0
75.8	16.0
163.44	16.0
224.32	16.0
302.48	16.0
684.24	18.0
24.88	19.0
142.84	19.0
193.0	19.0
302.68	19.0
1318.92	19.0
1445.12	19.0
684.56	20.0
233.4	20.0
702.4	20.0
24.44	21.0
3.24	21.0
21.2	21.0
56.2	21.0
118.76	21.0
126.92	21.0
141.76	21.0
172.84	21.0
191.68	21.0
200.8	21.0
246.56	21.0
287.6	21.0
299.16	21.0
376.2	21.0
392.28	21.0
403.16	21.0
419.64	21.0
454.08	21.0
478.4	21.0
499.96	21.0
506.52	21.0
527.76	21.0
547.8	21.0
602.56	21.0
614.64	21.0
674.16	21.0
701.16	21.0
729.68	21.0
755.52	21.0
818.36	21.0
888.6	21.0
908.28	21.0
939.44	21.0
958.52	21.0
965.0	21.0
1009.68	21.0
1043.96	21.0
1056.44	21.0
1083.96	21.0
1100.04	21.0
1181.6	21.0
1196.76	21.0
1202.96	21.0
1229.6	21.0
1248.32	21.0
1285.64	21.0
1321.48	21.0
1331.96	21.0
1364.56	21.0
1377.52	21.0
1418.04	21.0
1442.64	21.0
1287.04	22.0
7.64	22.0
24.56	22.0
155.4	22.0
244.76	22.0
288.0	22.0
524.04	22.0
527.36	22.0
551.08	22.0
614.28	22.0
681.04	22.0
962.8	22.0
1055.68	22.0
1197.88	22.0
1333.36	22.0
1382.04	22.0
8.04	23.0
302.96	23.0
24.68	23.0
32.84	23.0
53.92	23.0
89.72	23.0
319.6	23.0
411.84	23.0
446.4	23.0
572.4	23.0
600.36	23.0
646.08	23.0
725.52	23.0
750.28	23.0
940.44	23.0
1088.56	23.0
1180.52	23.0
1226.96	23.0
1327.4	23.0
1445.68	23.0
2.76	24.0
48.2	24.0
62.12	24.0
121.4	24.0
155.0	24.0
171.56	24.0
310.48	24.0
410.6	24.0
455.16	24.0
614.32	24.0
655.96	24.0
679.68	24.0
698.44	24.0
770.36	24.0
818.28	24.0
839.16	24.0
949.16	24.0
1142.2	24.0
1258.36	24.0
40.68	25.0
341.04	25.0
15.84	25.0
566.56	25.0
998.56	25.0
1222.96	25.0
33.16	26.0
1221.44	26.0
1299.2	26.0
3.0	26.0
16.28	26.0
42.84	26.0
76.04	26.0
84.64	26.0
104.12	26.0
113.68	26.0
133.52	26.0
155.0	26.0
169.96	26.0
192.92	26.0
199.0	26.0
222.48	26.0
229.36	26.0
256.68	26.0
260.0	26.0
297.32	26.0
302.52	26.0
310.92	26.0
322.0	26.0
341.44	26.0
354.68	26.0
362.76	26.0
372.44	26.0
393.48	26.0
409.64	26.0
430.68	26.0
444.76	26.0
471.4	26.0
483.0	26.0
490.0	26.0
500.76	26.0
509.16	26.0
565.96	26.0
584.2	26.0
658.28	26.0
680.24	26.0
682.76	26.0
731.16	26.0
747.8	26.0
752.72	26.0
764.32	26.0
811.12	26.0
847.28	26.0
859.52	26.0
865.36	26.0
883.96	26.0
902.96	26.0
913.64	26.0
935.04	26.0
956.92	26.0
999.76	26.0
1042.8	26.0
1084.48	26.0
1095.92	26.0
1114.48	26.0
1120.0	26.0
1147.28	26.0
1173.04	26.0
1195.56	26.0
1202.48	26.0
1212.32	26.0
1225.32	26.0
1250.12	26.0
1276.88	26.0
1290.2	26.0
1302.0	26.0
1306.0	26.0
1334.04	26.0
1356.6	26.0
1385.12	26.0
1444.48	26.0
1456.6	26.0
1473.16	26.0
15.16	27.0
36.76	27.0
102.16	27.0
158.64	27.0
186.04	27.0
297.64	27.0
302.6	27.0
409.48	27.0
566.12	27.0
682.04	27.0
1096.24	27.0
19.28	28.0
4.16	28.0
16.56	28.0
39.84	28.0
51.08	28.0
111.76	28.0
166.2	28.0
172.6	28.0
182.64	28.0
241.16	28.0
278.88	28.0
289.48	28.0
302.52	28.0
306.0	28.0
488.0	28.0
722.24	28.0
1449.8	28.0
126.28	29.0
2.52	30.0
13.2	30.0
41.12	30.0
47.68	30.0
60.84	30.0
69.48	30.0
91.76	30.0
100.96	30.0
111.84	30.0
139.84	30.0
143.48	30.0
155.56	30.0
208.68	30.0
358.24	30.0
460.56	30.0
549.36	30.0
618.52	30.0
705.04	30.0
817.84	30.0
834.08	30.0
913.76	30.0
937.4	30.0
1102.52	30.0
1148.36	30.0
1170.88	30.0
1250.72	30.0
1286.2	30.0
1370.24	30.0
1414.08	30.0
17.48	31.0
36.96	31.0
47.0	31.0
59.48	31.0
77.64	31.0
118.96	31.0
243.28	31.0
302.76	31.0
461.68	31.0
1319.6	31.0
19.48	33.0
127.24	33.0
66.0	33.0
18.12	34.0
63.16	34.0
79.92	34.0
120.84	34.0
144.92	34.0
169.08	34.0
200.52	34.0
356.6	34.0
376.6	34.0
418.76	34.0
591.64	34.0
827.04	34.0
1120.24	34.0
1395.0	34.0
4.32	35.0
19.44	35.0
24.0	35.0
57.8	35.0
95.32	35.0
154.96	35.0
158.2	35.0
180.6	35.0
229.68	35.0
248.92	35.0
264.88	35.0
270.88	35.0
306.96	35.0
389.24	35.0
426.32	35.0
434.28	35.0
464.44	35.0
498.8	35.0
529.0	35.0
557.76	35.0
586.8	35.0
620.2	35.0
653.12	35.0
682.44	35.0
709.72	35.0
725.4	35.0
784.12	35.0
799.96	35.0
863.32	35.0
912.08	35.0
1138.04	35.0
1170.04	35.0
1194.36	35.0
1222.6	35.0
1230.88	35.0
1255.48	35.0
1286.16	35.0
1324.32	35.0
1346.64	35.0
1438.0	35.0
155.24	36.0
29.92	36.0
140.4	36.0
172.52	36.0
231.84	36.0
