302.88	1.0
330.16	1.0
357.36	2.0
3.36	2.0
56.48	2.0
60.88	2.0
184.04	2.0
309.28	2.0
314.8	2.0
320.84	2.0
326.48	2.0
330.8	2.0
302.56	3.0
30.16	3.0
58.28	3.0
61.12	3.0
91.32	3.0
97.28	3.0
168.92	3.0
263.24	3.0
307.28	3.0
315.56	3.0
324.84	3.0
328.28	3.0
341.6	3.0
359.16	3.0
309.0	4.0
311.72	4.0
316.16	4.0
327.6	4.0
363.08	4.0
309.0	5.0
311.8	5.0
319.48	5.0
347.96	5.0
398.68	5.0
310.52	6.0
313.6	6.0
333.0	6.0
360.56	6.0
404.64	6.0
478.2	6.0
337.64	7.0
435.0	7.0
18.24	8.0
57.48	8.0
82.6	8.0
91.44	8.0
324.48	8.0
327.96	8.0
342.76	8.0
345.36	8.0
358.6	8.0
91.52	9.0
308.12	9.0
326.92	9.0
343.8	9.0
302.52	10.0
39.36	10.0
57.6	10.0
151.6	10.0
224.96	10.0
264.12	10.0
287.64	10.0
314.88	10.0
329.04	10.0
357.64	10.0
327.76	11.0
3.48	11.0
16.4	11.0
58.88	11.0
105.08	11.0
187.24	11.0
260.0	11.0
302.64	11.0
307.72	11.0
314.48	11.0
61.32	12.0
311.16	12.0
80.16	12.0
227.08	12.0
345.32	12.0
451.28	12.0
311.48	13.0
341.52	13.0
515.6	13.0
324.72	14.0
384.88	14.0
302.92	15.0
307.36	15.0
302.48	16.0
302.56	17.0
59.16	19.0
328.24	19.0
289.24	20.0
308.36	20.0
326.96	20.0
10.28	21.0
18.52	21.0
26.8	21.0
46.72	21.0
58.4	21.0
87.08	21.0
92.24	21.0
107.16	21.0
163.64	21.0
273.4	21.0
309.48	21.0
320.72	21.0
346.76	21.0
368.08	21.0
385.96	21.0
408.36	21.0
416.48	21.0
426.08	21.0
442.32	21.0
459.96	21.0
302.48	22.0
309.0	22.0
325.68	22.0
302.68	23.0
322.2	23.0
344.96	23.0
399.96	23.0
438.44	23.0
510.92	23.0
3.16	23.0
6.4	23.0
24.84	23.0
105.36	23.0
136.68	23.0
231.2	23.0
308.84	23.0
316.96	23.0
334.08	23.0
347.64	23.0
363.52	23.0
396.2	23.0
486.16	23.0
562.68	23.0
302.96	24.0
322.28	24.0
9.12	24.0
56.64	24.0
101.08	24.0
128.8	24.0
163.16	24.0
308.64	24.0
317.08	24.0
336.8	24.0
57.04	25.0
302.48	25.0
316.0	25.0
344.6	25.0
110.28	26.0
13.28	26.0
21.32	26.0
25.48	26.0
57.52	26.0
71.72	26.0
78.16	26.0
88.88	26.0
95.76	26.0
106.96	26.0
116.16	26.0
128.92	26.0
144.12	26.0
160.72	26.0
185.12	26.0
224.96	26.0
276.84	26.0
298.6	26.0
302.56	26.0
308.92	26.0
315.0	26.0
319.68	26.0
325.12	26.0
329.04	26.0
340.6	26.0
348.72	26.0
359.08	26.0
375.4	26.0
392.52	26.0
402.64	26.0
423.2	26.0
433.6	26.0
453.16	26.0
465.08	26.0
485.64	26.0
495.36	26.0
515.12	26.0
544.52	26.0
572.16	26.0
55.12	27.0
302.72	27.0
339.44	27.0
439.76	27.0
5.72	28.0
62.0	28.0
234.68	28.0
286.12	28.0
302.52	28.0
307.96	28.0
318.32	28.0
324.28	28.0
342.8	28.0
346.92	28.0
478.52	28.0
344.92	29.0
5.52	29.0
316.64	29.0
23.92	30.0
90.76	30.0
319.8	30.0
322.4	30.0
326.6	30.0
333.76	30.0
346.28	30.0
364.44	30.0
367.68	30.0
432.76	30.0
57.4	31.0
290.68	31.0
319.4	31.0
330.24	31.0
346.56	31.0
314.72	33.0
302.6	33.0
306.8	35.0
6.88	35.0
12.56	35.0
20.16	35.0
44.64	35.0
86.12	35.0
162.52	35.0
182.28	35.0
310.28	35.0
313.68	35.0
318.2	35.0
322.2	35.0
349.28	35.0
361.68	35.0
374.8	35.0
415.48	35.0
439.16	35.0
317.92	36.0
322.28	36.0
326.36	36.0
