306.6	1.0
316.04	1.0
312.64	2.0
23.84	2.0
62.2	2.0
202.6	2.0
279.36	2.0
297.88	2.0
325.24	2.0
341.24	2.0
315.04	3.0
324.04	3.0
27.16	3.0
44.56	3.0
55.72	3.0
312.16	3.0
331.28	3.0
357.84	3.0
516.08	3.0
15.04	4.0
317.48	4.0
320.2	4.0
6.32	5.0
82.44	5.0
312.4	5.0
315.88	5.0
325.12	5.0
50.04	6.0
326.84	6.0
20.84	7.0
432.52	7.0
11.44	8.0
306.88	8.0
317.32	8.0
334.44	8.0
349.6	8.0
389.04	8.0
115.4	10.0
324.36	10.0
372.52	10.0
309.0	10.0
312.24	10.0
27.16	11.0
121.4	11.0
314.36	11.0
330.4	11.0
384.36	11.0
40.88	11.0
309.0	11.0
311.76	11.0
319.8	11.0
325.4	11.0
338.28	11.0
345.8	11.0
308.96	12.0
312.24	12.0
342.92	12.0
302.56	13.0
26.52	13.0
315.56	13.0
319.04	13.0
331.68	13.0
358.36	13.0
268.88	14.0
308.68	14.0
319.72	14.0
323.92	14.0
331.32	14.0
20.64	15.0
318.52	16.0
324.32	18.0
318.28	19.0
323.08	20.0
350.24	20.0
302.48	21.0
313.8	21.0
50.6	21.0
91.52	21.0
309.92	21.0
320.64	21.0
332.0	21.0
345.08	21.0
302.64	22.0
313.72	22.0
317.84	22.0
341.0	22.0
173.72	23.0
185.2	23.0
197.68	23.0
24.92	23.0
38.84	23.0
98.52	23.0
212.2	23.0
309.92	23.0
313.08	23.0
315.92	23.0
323.96	23.0
342.16	23.0
362.64	23.0
20.08	24.0
83.0	24.0
309.96	24.0
316.8	24.0
324.04	24.0
341.44	24.0
315.24	25.0
302.44	25.0
6.72	26.0
19.12	26.0
77.04	26.0
89.72	26.0
123.92	26.0
145.64	26.0
176.12	26.0
207.2	26.0
249.16	26.0
292.04	26.0
306.04	26.0
312.36	26.0
318.28	26.0
326.2	26.0
334.16	26.0
340.4	26.0
348.96	26.0
355.04	26.0
361.0	26.0
380.4	26.0
400.84	26.0
423.68	26.0
445.24	26.0
467.12	26.0
481.92	26.0
339.92	27.0
302.44	28.0
306.4	28.0
310.64	28.0
318.84	28.0
322.36	28.0
328.12	28.0
331.24	28.0
335.4	28.0
307.84	29.0
311.84	29.0
66.04	30.0
309.64	30.0
316.36	30.0
321.24	30.0
329.76	30.0
343.76	30.0
349.48	30.0
418.64	30.0
591.4	30.0
313.08	31.0
319.84	31.0
312.96	32.0
313.0	33.0
12.6	35.0
16.24	35.0
102.24	35.0
203.8	35.0
302.6	35.0
313.92	35.0
331.48	35.0
338.52	35.0
302.44	36.0
327.68	36.0
