302.96	1.0
347.72	1.0
962.64	1.0
326.76	2.0
308.8	2.0
315.04	2.0
320.08	2.0
330.32	2.0
340.12	2.0
348.08	2.0
357.96	2.0
408.72	2.0
911.8	2.0
924.0	2.0
946.88	2.0
963.0	2.0
968.36	2.0
972.0	2.0
984.44	2.0
999.0	2.0
1003.64	2.0
1014.36	2.0
1018.36	2.0
1022.96	2.0
1038.12	2.0
1041.8	2.0
1046.64	2.0
1042.32	3.0
308.76	3.0
314.12	3.0
319.6	3.0
328.36	3.0
332.12	3.0
340.28	3.0
349.52	3.0
358.12	3.0
361.52	3.0
415.84	3.0
946.64	3.0
963.2	3.0
969.92	3.0
978.76	3.0
985.84	3.0
991.24	3.0
1004.04	3.0
1029.0	3.0
1037.8	3.0
1047.48	3.0
1059.72	3.0
1163.16	3.0
1218.0	3.0
309.0	4.0
312.08	4.0
315.6	4.0
331.84	4.0
365.08	4.0
415.48	4.0
974.28	4.0
309.0	5.0
312.4	5.0
316.4	5.0
310.52	6.0
4.48	6.0
317.16	6.0
358.92	6.0
412.88	6.0
476.6	6.0
1032.6	6.0
1055.6	6.0
1106.92	6.0
1222.8	6.0
1049.16	7.0
26.92	7.0
323.04	7.0
336.48	7.0
29.72	8.0
85.52	8.0
302.92	8.0
309.96	8.0
321.64	8.0
325.68	8.0
342.32	8.0
350.28	8.0
353.0	8.0
1010.76	8.0
1052.84	8.0
1108.28	8.0
1132.0	8.0
1197.48	8.0
965.28	9.0
92.16	9.0
308.76	9.0
315.56	9.0
992.76	10.0
1003.92	10.0
1037.48	10.0
1059.16	10.0
302.6	10.0
312.56	10.0
342.96	10.0
926.96	10.0
934.4	10.0
956.36	10.0
997.36	10.0
1142.48	10.0
1330.52	10.0
318.96	11.0
339.72	11.0
367.16	11.0
1009.32	11.0
1163.12	11.0
1218.04	11.0
302.72	11.0
307.92	11.0
310.84	11.0
327.0	11.0
329.52	11.0
355.76	11.0
947.48	11.0
964.28	11.0
967.16	11.0
985.48	11.0
1004.92	11.0
1022.96	11.0
1039.76	11.0
1077.52	11.0
1095.6	11.0
311.32	12.0
971.4	12.0
340.32	12.0
375.28	12.0
389.08	12.0
1071.28	12.0
312.44	13.0
339.68	13.0
992.96	13.0
1309.32	13.0
336.28	14.0
315.16	14.0
357.08	14.0
1109.4	14.0
302.64	15.0
324.12	15.0
338.92	15.0
1202.96	15.0
302.48	16.0
1121.48	16.0
1053.24	17.0
354.88	19.0
302.92	20.0
1005.08	21.0
1031.36	21.0
16.48	21.0
28.56	21.0
84.36	21.0
309.68	21.0
320.48	21.0
323.0	21.0
329.96	21.0
338.88	21.0
350.48	21.0
395.36	21.0
421.0	21.0
462.4	21.0
986.16	21.0
990.52	21.0
1001.4	21.0
1008.28	21.0
1013.68	21.0
1022.0	21.0
1050.24	21.0
1076.16	21.0
1090.08	21.0
1106.2	21.0
1125.2	21.0
1197.16	21.0
1227.76	21.0
1283.52	21.0
1078.56	22.0
302.52	22.0
312.48	22.0
337.56	22.0
934.96	22.0
971.68	22.0
989.84	22.0
1004.08	22.0
1054.0	22.0
1133.48	22.0
51.0	23.0
78.08	23.0
148.0	23.0
289.64	23.0
310.44	23.0
314.4	23.0
317.32	23.0
330.16	23.0
339.52	23.0
348.16	23.0
358.44	23.0
375.08	23.0
390.64	23.0
429.76	23.0
592.16	23.0
947.56	23.0
989.44	23.0
1007.52	23.0
1011.32	23.0
1021.88	23.0
1034.0	23.0
1054.0	23.0
1068.0	23.0
1093.84	23.0
1105.12	23.0
302.48	24.0
328.56	24.0
334.52	24.0
337.72	24.0
988.76	24.0
1019.4	24.0
1026.76	24.0
1030.0	24.0
1045.72	24.0
1061.08	24.0
1087.6	24.0
1102.08	24.0
1109.88	24.0
1154.56	24.0
1164.76	24.0
1180.44	24.0
302.84	25.0
334.84	25.0
1050.4	26.0
1105.24	26.0
1108.0	26.0
1294.16	26.0
7.64	26.0
11.52	26.0
37.08	26.0
39.6	26.0
62.76	26.0
67.64	26.0
84.52	26.0
103.96	26.0
116.24	26.0
129.44	26.0
148.88	26.0
193.96	26.0
302.68	26.0
306.08	26.0
309.36	26.0
318.6	26.0
322.96	26.0
330.6	26.0
337.68	26.0
346.88	26.0
357.64	26.0
366.2	26.0
387.68	26.0
390.24	26.0
420.92	26.0
445.24	26.0
471.24	26.0
544.68	26.0
1007.08	26.0
1018.44	26.0
1021.24	26.0
1030.24	26.0
1039.48	26.0
1055.52	26.0
1079.84	26.0
1097.8	26.0
1151.36	26.0
1169.32	26.0
1183.16	26.0
1197.52	26.0
1206.84	26.0
1222.72	26.0
1243.72	26.0
1256.96	26.0
1260.68	26.0
1346.32	26.0
1356.2	26.0
1373.32	26.0
1394.64	26.0
302.76	27.0
1283.48	27.0
69.32	28.0
91.84	28.0
302.48	28.0
307.08	28.0
315.2	28.0
320.84	28.0
331.32	28.0
335.48	28.0
351.44	28.0
965.12	28.0
1013.44	28.0
1025.76	28.0
306.88	29.0
337.72	29.0
302.64	30.0
319.48	30.0
326.56	30.0
341.84	30.0
354.4	30.0
374.96	30.0
993.44	30.0
1033.08	30.0
1107.88	30.0
1134.72	30.0
319.4	31.0
3.04	31.0
11.36	31.0
306.2	31.0
322.52	31.0
326.72	31.0
357.52	31.0
989.84	31.0
1052.4	31.0
1134.44	31.0
313.88	33.0
1131.84	33.0
302.8	33.0
311.76	34.0
319.04	34.0
1030.64	35.0
1134.56	35.0
1258.92	35.0
10.4	35.0
36.32	35.0
302.92	35.0
311.68	35.0
318.12	35.0
331.96	35.0
345.84	35.0
359.88	35.0
377.8	35.0
388.76	35.0
986.8	35.0
989.56	35.0
998.76	35.0
1014.76	35.0
1040.12	35.0
1045.28	35.0
1055.44	35.0
1068.68	35.0
1081.44	35.0
1100.52	35.0
1106.0	35.0
1123.92	35.0
302.48	36.0
