311.08	1.0
646.44	1.0
673.72	1.0
1294.72	1.0
338.0	2.0
313.72	2.0
331.24	2.0
350.04	2.0
356.96	2.0
362.56	2.0
367.76	2.0
373.56	2.0
384.56	2.0
407.56	2.0
414.8	2.0
425.48	2.0
440.04	2.0
466.76	2.0
478.24	2.0
557.0	2.0
560.8	2.0
600.4	2.0
631.0	2.0
661.32	2.0
775.44	2.0
791.56	2.0
803.4	2.0
890.4	2.0
917.88	2.0
960.56	2.0
1034.08	2.0
1059.68	2.0
1114.88	2.0
1324.2	2.0
314.84	3.0
357.36	3.0
478.64	3.0
311.08	3.0
328.52	3.0
331.4	3.0
336.12	3.0
342.0	3.0
345.2	3.0
349.04	3.0
351.96	3.0
364.48	3.0
378.2	3.0
400.92	3.0
433.48	3.0
438.8	3.0
489.76	3.0
504.68	3.0
539.68	3.0
550.92	3.0
632.12	3.0
672.28	3.0
700.6	3.0
718.64	3.0
726.88	3.0
791.72	3.0
826.52	3.0
1088.56	3.0
1178.04	3.0
1201.2	3.0
1427.0	3.0
778.32	4.0
1168.4	4.0
309.0	4.0
312.16	4.0
344.4	4.0
363.68	4.0
1084.48	4.0
357.12	5.0
311.92	5.0
330.04	5.0
352.68	5.0
310.48	6.0
393.08	6.0
478.56	6.0
567.04	6.0
637.72	6.0
698.96	6.0
763.28	6.0
848.88	6.0
953.2	6.0
1081.96	6.0
1181.2	6.0
1294.64	6.0
1395.96	6.0
410.72	7.0
610.88	7.0
303.0	7.0
326.88	7.0
365.64	7.0
479.56	7.0
570.56	7.0
314.76	8.0
324.04	8.0
338.44	8.0
351.4	8.0
374.4	8.0
418.92	8.0
1115.8	8.0
1365.72	8.0
324.28	10.0
331.92	10.0
476.84	10.0
496.36	10.0
568.56	10.0
843.04	10.0
1029.76	10.0
1444.08	10.0
302.48	10.0
313.08	10.0
352.92	10.0
375.04	10.0
630.92	10.0
539.68	11.0
592.92	11.0
675.24	11.0
1000.04	11.0
1088.6	11.0
1427.04	11.0
302.64	11.0
313.8	11.0
317.72	11.0
328.12	11.0
331.04	11.0
343.84	11.0
353.12	11.0
357.04	11.0
362.64	11.0
366.8	11.0
370.44	11.0
392.32	11.0
404.08	11.0
422.92	11.0
439.36	11.0
452.04	11.0
471.76	11.0
631.84	11.0
741.12	11.0
787.76	11.0
790.4	11.0
834.76	11.0
1083.28	11.0
1104.92	11.0
1113.16	11.0
1295.72	11.0
1341.4	11.0
342.16	12.0
314.52	12.0
332.72	12.0
380.72	12.0
442.04	12.0
549.6	12.0
1087.88	12.0
332.08	13.0
339.56	13.0
1174.12	13.0
310.76	14.0
326.56	14.0
341.0	14.0
352.12	14.0
362.92	14.0
414.4	14.0
302.48	15.0
339.08	15.0
347.08	15.0
367.72	15.0
514.08	15.0
610.96	15.0
302.48	16.0
309.76	16.0
331.16	16.0
337.84	16.0
413.12	16.0
453.24	16.0
302.48	17.0
344.84	17.0
472.56	17.0
326.08	18.0
448.84	18.0
525.2	18.0
585.64	18.0
1116.16	18.0
337.88	18.0
302.96	19.0
324.48	19.0
329.96	19.0
302.68	20.0
351.64	20.0
330.68	20.0
617.04	20.0
637.72	20.0
734.08	20.0
980.76	20.0
311.0	21.0
316.36	21.0
327.36	21.0
330.64	21.0
344.96	21.0
363.24	21.0
365.88	21.0
368.64	21.0
391.12	21.0
408.36	21.0
428.48	21.0
451.48	21.0
457.2	21.0
504.88	21.0
516.76	21.0
526.6	21.0
545.36	21.0
558.76	21.0
563.04	21.0
599.8	21.0
632.28	21.0
674.68	21.0
699.64	21.0
725.88	21.0
751.96	21.0
763.0	21.0
792.36	21.0
823.76	21.0
861.64	21.0
928.08	21.0
966.32	21.0
982.44	21.0
1035.24	21.0
1088.44	21.0
1119.8	21.0
1173.88	21.0
1214.04	21.0
1276.76	21.0
1279.76	21.0
1306.92	21.0
1325.16	21.0
1348.56	21.0
337.52	22.0
344.76	22.0
353.28	22.0
311.92	22.0
328.4	22.0
332.24	22.0
356.24	22.0
367.16	22.0
375.76	22.0
390.76	22.0
475.44	22.0
690.4	22.0
741.4	22.0
303.0	23.0
315.2	23.0
327.08	23.0
332.56	23.0
337.68	23.0
361.0	23.0
406.52	23.0
491.44	23.0
553.68	23.0
767.92	23.0
796.96	23.0
986.56	23.0
1062.68	23.0
1070.84	23.0
1198.08	23.0
1430.64	23.0
315.52	24.0
337.56	24.0
349.36	24.0
444.4	24.0
491.8	24.0
591.8	24.0
609.16	24.0
630.44	24.0
646.52	24.0
740.56	24.0
1158.4	24.0
337.68	25.0
349.68	25.0
492.0	25.0
314.24	25.0
326.92	25.0
347.16	25.0
357.32	25.0
693.4	25.0
1094.84	25.0
482.68	26.0
805.28	26.0
1233.6	26.0
1279.04	26.0
302.52	26.0
309.04	26.0
313.8	26.0
317.88	26.0
330.48	26.0
338.88	26.0
344.96	26.0
348.96	26.0
353.64	26.0
366.76	26.0
375.64	26.0
384.44	26.0
391.96	26.0
407.6	26.0
420.4	26.0
425.16	26.0
433.76	26.0
457.92	26.0
491.64	26.0
497.48	26.0
513.08	26.0
515.6	26.0
524.24	26.0
544.24	26.0
553.52	26.0
564.56	26.0
570.28	26.0
585.44	26.0
591.28	26.0
595.24	26.0
605.84	26.0
622.44	26.0
627.96	26.0
640.88	26.0
655.44	26.0
696.2	26.0
707.36	26.0
716.08	26.0
765.8	26.0
794.32	26.0
859.32	26.0
890.4	26.0
955.92	26.0
994.4	26.0
1017.16	26.0
1020.16	26.0
1065.24	26.0
1115.4	26.0
1137.56	26.0
1151.44	26.0
1160.72	26.0
1203.28	26.0
1211.32	26.0
1246.0	26.0
1266.64	26.0
1272.44	26.0
1296.44	26.0
1302.68	26.0
1312.32	26.0
1328.72	26.0
1410.28	26.0
1435.4	26.0
302.8	27.0
329.28	27.0
795.36	27.0
924.68	27.0
1180.88	27.0
316.16	28.0
342.6	28.0
302.44	28.0
326.72	28.0
332.16	28.0
337.08	28.0
352.96	28.0
360.56	28.0
384.64	28.0
387.16	28.0
390.2	28.0
398.32	28.0
410.0	28.0
443.56	28.0
798.6	28.0
1371.48	28.0
332.44	29.0
397.08	29.0
314.08	30.0
326.84	30.0
339.76	30.0
359.56	30.0
367.32	30.0
375.52	30.0
387.16	30.0
409.72	30.0
454.52	30.0
466.92	30.0
487.2	30.0
512.0	30.0
568.12	30.0
609.08	30.0
631.2	30.0
905.2	30.0
1064.32	30.0
1099.32	30.0
1115.76	30.0
1205.8	30.0
1343.32	30.0
1417.72	30.0
337.44	31.0
312.4	31.0
353.64	31.0
358.96	31.0
373.96	31.0
389.32	31.0
411.24	31.0
330.96	32.0
310.0	33.0
313.24	33.0
302.68	33.0
326.6	33.0
339.96	33.0
927.2	33.0
302.84	34.0
313.44	34.0
339.88	34.0
373.48	35.0
309.68	35.0
314.08	35.0
326.6	35.0
330.68	35.0
340.88	35.0
345.08	35.0
347.68	35.0
356.32	35.0
361.76	35.0
379.84	35.0
382.64	35.0
391.28	35.0
403.32	35.0
408.12	35.0
420.24	35.0
438.48	35.0
456.48	35.0
462.6	35.0
467.28	35.0
488.44	35.0
491.72	35.0
513.2	35.0
515.72	35.0
557.0	35.0
572.16	35.0
600.72	35.0
645.92	35.0
757.92	35.0
1040.4	35.0
1062.56	35.0
1070.36	35.0
1141.64	35.0
1216.96	35.0
1280.88	35.0
311.28	36.0
302.48	36.0
332.6	36.0
350.76	36.0
