473.24	1.0
303.0	1.0
632.52	1.0
954.72	1.0
1072.84	1.0
309.24	2.0
892.68	2.0
312.92	2.0
316.4	2.0
324.24	2.0
328.0	2.0
331.8	2.0
338.2	2.0
343.44	2.0
346.56	2.0
350.6	2.0
359.6	2.0
371.32	2.0
384.24	2.0
391.56	2.0
459.68	2.0
632.88	2.0
701.6	2.0
750.84	2.0
771.0	2.0
787.12	2.0
823.04	2.0
827.36	2.0
836.24	2.0
849.68	2.0
860.96	2.0
876.04	2.0
915.56	2.0
933.28	2.0
951.72	2.0
976.04	2.0
998.56	2.0
1004.12	2.0
1007.48	2.0
1010.0	2.0
1039.88	2.0
1070.44	2.0
1073.2	2.0
1085.2	2.0
1132.16	2.0
1135.0	2.0
1142.96	2.0
1157.48	2.0
343.88	3.0
827.8	3.0
893.44	3.0
1093.24	3.0
312.88	3.0
317.48	3.0
324.4	3.0
331.88	3.0
337.28	3.0
346.48	3.0
356.0	3.0
359.08	3.0
367.04	3.0
379.72	3.0
403.24	3.0
440.76	3.0
557.04	3.0
588.56	3.0
640.52	3.0
879.8	3.0
897.12	3.0
908.6	3.0
915.96	3.0
962.04	3.0
1009.72	3.0
1038.04	3.0
1074.84	3.0
1100.12	3.0
1137.56	3.0
1174.68	3.0
1179.68	3.0
1090.84	4.0
312.24	4.0
341.96	4.0
348.96	4.0
380.2	4.0
405.56	4.0
445.64	4.0
487.2	4.0
595.76	4.0
703.04	4.0
832.76	4.0
909.2	4.0
1029.0	4.0
1093.36	4.0
1152.64	4.0
1206.76	4.0
1256.92	4.0
1334.32	4.0
309.0	5.0
311.56	5.0
359.12	5.0
419.72	5.0
1101.76	5.0
310.52	6.0
369.76	6.0
443.24	6.0
516.12	6.0
550.92	6.0
592.32	6.0
632.4	6.0
697.32	6.0
750.28	6.0
830.16	6.0
892.48	6.0
896.2	6.0
953.68	6.0
1026.16	6.0
1088.0	6.0
1149.24	6.0
1222.12	6.0
1330.8	6.0
346.88	7.0
311.56	7.0
343.2	7.0
355.12	7.0
358.44	7.0
394.36	7.0
574.72	7.0
603.36	7.0
678.92	7.0
1015.56	7.0
1259.32	7.0
302.76	8.0
312.8	8.0
328.68	8.0
333.04	8.0
340.0	8.0
357.48	8.0
445.36	8.0
1081.44	8.0
302.96	9.0
312.44	9.0
342.2	9.0
314.36	10.0
357.8	10.0
1033.36	10.0
1037.88	10.0
1124.88	10.0
302.64	10.0
310.96	10.0
331.4	10.0
338.2	10.0
344.08	10.0
700.8	10.0
748.4	10.0
818.84	10.0
887.2	10.0
893.08	10.0
1002.56	10.0
1298.8	10.0
324.12	11.0
408.52	11.0
698.32	11.0
1179.72	11.0
302.8	11.0
311.84	11.0
317.96	11.0
330.44	11.0
336.84	11.0
341.04	11.0
356.84	11.0
359.44	11.0
368.0	11.0
387.92	11.0
412.48	11.0
438.2	11.0
466.24	11.0
538.52	11.0
615.04	11.0
687.56	11.0
721.48	11.0
855.6	11.0
892.04	11.0
1007.08	11.0
1043.52	11.0
1135.84	11.0
1139.84	11.0
871.92	12.0
893.12	12.0
1056.96	12.0
1070.84	12.0
1144.32	12.0
1043.84	13.0
313.8	13.0
324.32	13.0
615.6	13.0
1215.08	13.0
316.0	14.0
631.28	14.0
331.72	14.0
589.28	14.0
1033.12	14.0
331.28	15.0
358.56	15.0
302.68	15.0
335.32	15.0
354.28	15.0
375.8	15.0
897.6	15.0
302.48	16.0
302.96	17.0
1135.68	18.0
302.52	18.0
312.08	18.0
313.04	19.0
331.16	19.0
535.0	19.0
714.6	19.0
1100.8	19.0
302.64	20.0
331.12	20.0
356.72	20.0
338.28	20.0
521.84	20.0
639.8	20.0
754.0	20.0
1041.96	20.0
302.6	21.0
1057.04	21.0
1127.6	21.0
317.44	21.0
329.16	21.0
335.28	21.0
340.96	21.0
343.8	21.0
349.24	21.0
356.36	21.0
370.84	21.0
380.84	21.0
392.72	21.0
395.64	21.0
404.08	21.0
412.0	21.0
429.28	21.0
448.64	21.0
474.68	21.0
514.64	21.0
536.84	21.0
549.52	21.0
595.84	21.0
611.96	21.0
627.36	21.0
669.24	21.0
696.4	21.0
702.68	21.0
727.96	21.0
764.92	21.0
782.96	21.0
814.08	21.0
845.48	21.0
902.4	21.0
942.88	21.0
959.6	21.0
1000.2	21.0
1035.2	21.0
1041.76	21.0
1064.36	21.0
1092.84	21.0
1123.48	21.0
1139.92	21.0
1159.0	21.0
1174.28	21.0
1200.76	21.0
1229.88	21.0
1263.44	21.0
1109.76	22.0
302.48	22.0
330.28	22.0
333.4	22.0
347.56	22.0
356.76	22.0
367.88	22.0
486.0	22.0
586.24	22.0
904.28	22.0
958.32	22.0
1056.96	22.0
1127.52	22.0
302.92	23.0
329.72	23.0
315.64	23.0
332.48	23.0
335.72	23.0
342.96	23.0
349.72	23.0
380.96	23.0
408.88	23.0
486.16	23.0
586.4	23.0
638.32	23.0
657.04	23.0
836.48	23.0
894.16	23.0
904.44	23.0
1070.64	23.0
1090.8	23.0
1140.28	23.0
1170.88	23.0
1354.48	23.0
302.68	24.0
314.2	24.0
324.92	24.0
330.84	24.0
336.48	24.0
357.56	24.0
971.56	24.0
1078.92	24.0
1103.28	24.0
302.48	25.0
331.16	25.0
343.88	25.0
355.4	25.0
562.04	26.0
704.92	26.0
1098.88	26.0
302.6	26.0
311.48	26.0
316.88	26.0
329.32	26.0
334.8	26.0
338.8	26.0
345.04	26.0
354.6	26.0
360.56	26.0
372.28	26.0
377.36	26.0
393.8	26.0
423.44	26.0
433.28	26.0
436.68	26.0
443.08	26.0
463.48	26.0
476.28	26.0
486.0	26.0
528.04	26.0
551.32	26.0
572.0	26.0
587.32	26.0
590.2	26.0
620.88	26.0
627.84	26.0
645.76	26.0
663.72	26.0
679.8	26.0
721.4	26.0
748.64	26.0
758.72	26.0
783.68	26.0
805.08	26.0
829.76	26.0
835.0	26.0
853.44	26.0
900.56	26.0
908.72	26.0
945.52	26.0
988.68	26.0
1066.08	26.0
1068.6	26.0
1138.96	26.0
1158.32	26.0
1175.04	26.0
1196.56	26.0
1216.44	26.0
1253.72	26.0
1258.68	26.0
1298.0	26.0
1309.72	26.0
357.24	27.0
302.8	27.0
335.64	27.0
682.36	27.0
721.08	27.0
1081.08	27.0
313.2	28.0
329.88	28.0
336.64	28.0
348.12	28.0
302.48	28.0
317.4	28.0
325.44	28.0
354.8	28.0
357.64	28.0
363.56	28.0
374.48	28.0
398.16	28.0
489.2	28.0
634.12	28.0
685.08	28.0
751.96	28.0
789.0	28.0
1004.56	28.0
1055.2	28.0
1200.64	28.0
1359.4	28.0
316.36	29.0
329.56	29.0
312.52	30.0
315.44	30.0
329.8	30.0
333.88	30.0
348.32	30.0
358.44	30.0
381.92	30.0
417.12	30.0
522.12	30.0
535.48	30.0
594.16	30.0
728.64	30.0
785.08	30.0
843.96	30.0
870.28	30.0
1074.48	30.0
1100.6	30.0
1159.88	30.0
1266.0	30.0
328.24	31.0
332.64	31.0
341.64	31.0
348.52	31.0
464.68	31.0
1144.8	31.0
313.4	33.0
330.2	33.0
302.6	33.0
330.68	34.0
302.88	34.0
338.76	34.0
342.68	34.0
315.68	35.0
310.44	35.0
312.96	35.0
326.52	35.0
330.44	35.0
335.56	35.0
340.04	35.0
342.84	35.0
349.64	35.0
354.2	35.0
362.92	35.0
368.56	35.0
381.6	35.0
390.92	35.0
394.88	35.0
401.16	35.0
412.0	35.0
448.76	35.0
463.84	35.0
476.64	35.0
515.56	35.0
529.48	35.0
534.96	35.0
540.0	35.0
554.0	35.0
586.72	35.0
603.32	35.0
641.28	35.0
687.28	35.0
723.8	35.0
743.92	35.0
826.28	35.0
841.84	35.0
908.56	35.0
944.56	35.0
982.96	35.0
1032.44	35.0
1090.64	35.0
1122.96	35.0
1134.8	35.0
1188.52	35.0
1259.24	35.0
1309.0	35.0
336.64	36.0
302.48	36.0
358.64	36.0
