302.72	1.0
701.68	1.0
839.4	1.0
1002.88	1.0
1289.76	1.0
67.0	2.0
20.52	2.0
42.36	2.0
64.08	2.0
123.64	2.0
138.48	2.0
187.32	2.0
308.4	2.0
314.76	2.0
328.24	2.0
342.6	2.0
712.12	2.0
735.0	2.0
800.24	2.0
819.28	2.0
839.84	2.0
1035.36	2.0
1130.88	2.0
1213.12	2.0
1361.76	2.0
315.16	3.0
152.32	3.0
159.84	3.0
302.44	3.0
312.4	3.0
327.72	3.0
334.12	3.0
338.08	3.0
344.68	3.0
368.68	3.0
376.28	3.0
544.08	3.0
770.56	3.0
812.0	3.0
817.92	3.0
845.56	3.0
875.68	3.0
1009.24	3.0
1094.44	3.0
1292.96	3.0
1330.92	3.0
314.44	4.0
51.04	4.0
95.32	4.0
131.56	4.0
174.8	4.0
308.96	4.0
311.8	4.0
333.84	4.0
347.04	4.0
369.88	4.0
471.44	4.0
543.8	4.0
601.56	4.0
637.28	4.0
677.44	4.0
746.48	4.0
765.4	4.0
817.44	4.0
912.88	4.0
949.4	4.0
1002.2	4.0
1028.32	4.0
1052.32	4.0
1094.08	4.0
1204.28	4.0
1264.56	4.0
1303.84	4.0
1331.64	4.0
309.0	5.0
311.8	5.0
310.52	6.0
33.96	6.0
103.48	6.0
241.16	6.0
321.28	6.0
357.16	6.0
391.48	6.0
467.72	6.0
559.92	6.0
632.68	6.0
729.68	6.0
841.96	6.0
900.8	6.0
998.92	6.0
1110.24	6.0
1170.68	6.0
1287.12	6.0
1363.28	6.0
302.96	7.0
191.36	7.0
418.24	7.0
704.4	7.0
928.68	7.0
1235.8	7.0
1302.72	7.0
1396.0	7.0
253.84	8.0
352.44	8.0
1389.04	8.0
323.76	9.0
314.4	10.0
703.32	10.0
736.0	10.0
1425.32	10.0
60.96	10.0
302.48	10.0
928.0	10.0
113.16	11.0
812.04	11.0
1213.92	11.0
1330.92	11.0
64.4	11.0
199.56	11.0
302.6	11.0
315.72	11.0
337.8	11.0
836.2	11.0
310.64	12.0
316.52	12.0
971.24	12.0
1302.76	12.0
1390.36	12.0
1422.6	12.0
314.48	13.0
1166.04	13.0
1355.96	13.0
607.36	14.0
817.2	14.0
302.84	15.0
1155.2	15.0
302.44	16.0
213.52	18.0
258.0	18.0
325.8	19.0
14.24	20.0
149.72	20.0
180.52	20.0
54.84	21.0
72.92	21.0
159.8	21.0
243.52	21.0
246.72	21.0
256.84	21.0
285.16	21.0
302.64	21.0
317.48	21.0
324.96	21.0
335.28	21.0
340.08	21.0
358.2	21.0
403.8	21.0
534.88	21.0
603.44	21.0
740.52	21.0
744.32	21.0
795.04	21.0
827.76	21.0
850.64	21.0
879.36	21.0
1099.48	21.0
1111.96	21.0
1193.32	21.0
1269.24	21.0
1292.44	21.0
1314.28	21.0
1355.64	21.0
1383.52	21.0
164.32	22.0
234.2	22.0
263.56	22.0
313.96	22.0
52.76	23.0
83.0	23.0
164.32	23.0
199.04	23.0
262.64	23.0
310.2	23.0
324.16	23.0
365.0	23.0
396.16	23.0
599.76	23.0
642.96	23.0
697.96	23.0
702.28	23.0
763.44	23.0
824.56	23.0
848.2	23.0
886.88	23.0
957.44	23.0
994.84	23.0
1048.36	23.0
1212.32	23.0
1239.0	23.0
1302.76	23.0
1313.56	23.0
1333.4	23.0
162.0	24.0
188.04	24.0
265.16	24.0
271.28	24.0
310.84	24.0
319.8	24.0
785.76	24.0
827.56	24.0
899.36	24.0
1298.04	24.0
1325.52	24.0
302.48	25.0
407.68	26.0
19.24	26.0
44.6	26.0
51.28	26.0
112.4	26.0
142.44	26.0
217.2	26.0
224.28	26.0
245.04	26.0
276.04	26.0
288.48	26.0
302.48	26.0
314.08	26.0
320.56	26.0
333.12	26.0
338.88	26.0
344.84	26.0
366.08	26.0
388.32	26.0
402.16	26.0
438.84	26.0
483.6	26.0
503.2	26.0
549.68	26.0
555.12	26.0
579.56	26.0
618.92	26.0
640.68	26.0
651.4	26.0
655.4	26.0
673.32	26.0
706.92	26.0
747.44	26.0
761.0	26.0
801.12	26.0
818.84	26.0
839.76	26.0
917.8	26.0
939.64	26.0
955.68	26.0
1008.0	26.0
1094.0	26.0
1150.6	26.0
1173.16	26.0
1188.0	26.0
1196.28	26.0
1210.56	26.0
1261.0	26.0
1295.8	26.0
1321.4	26.0
1374.32	26.0
1386.4	26.0
1408.28	26.0
1443.24	26.0
84.32	27.0
167.72	27.0
439.36	27.0
864.08	27.0
108.88	28.0
290.24	28.0
302.52	28.0
306.76	28.0
315.88	28.0
750.04	28.0
817.48	28.0
897.12	28.0
321.16	30.0
350.36	30.0
737.64	30.0
842.36	30.0
1158.48	30.0
1228.48	30.0
1356.28	30.0
152.0	31.0
302.76	31.0
302.52	33.0
1171.12	34.0
302.6	35.0
395.84	35.0
36.8	35.0
51.64	35.0
165.28	35.0
179.36	35.0
199.96	35.0
225.76	35.0
234.08	35.0
306.16	35.0
315.36	35.0
321.08	35.0
340.56	35.0
366.64	35.0
400.84	35.0
580.2	35.0
651.96	35.0
710.28	35.0
789.04	35.0
823.2	35.0
832.0	35.0
853.76	35.0
861.16	35.0
938.32	35.0
952.08	35.0
1002.84	35.0
1114.28	35.0
1116.8	35.0
1237.2	35.0
1282.92	35.0
1291.92	35.0
1302.56	35.0
1348.76	35.0
