343.04	1.0
309.72	1.0
336.44	2.0
310.48	2.0
314.12	2.0
322.48	2.0
327.44	2.0
330.08	2.0
339.52	2.0
346.68	2.0
351.16	2.0
354.48	2.0
357.28	2.0
373.68	2.0
376.2	2.0
378.88	2.0
408.84	2.0
412.64	2.0
482.12	2.0
660.84	2.0
723.24	2.0
851.32	2.0
854.76	2.0
927.4	2.0
964.44	2.0
984.6	2.0
993.12	2.0
1013.56	2.0
1131.92	2.0
1180.92	2.0
1371.48	2.0
1399.24	2.0
329.48	3.0
335.56	3.0
340.72	3.0
302.84	3.0
310.24	3.0
313.24	3.0
318.0	3.0
321.92	3.0
326.44	3.0
338.2	3.0
346.56	3.0
351.72	3.0
357.0	3.0
361.92	3.0
370.08	3.0
383.96	3.0
395.88	3.0
406.88	3.0
415.12	3.0
440.24	3.0
482.32	3.0
484.88	3.0
513.72	3.0
790.16	3.0
905.08	3.0
1112.56	3.0
1174.16	3.0
1372.96	3.0
874.64	4.0
309.04	4.0
312.44	4.0
317.44	4.0
321.28	4.0
329.88	4.0
339.72	4.0
356.4	4.0
369.96	4.0
378.6	4.0
385.24	4.0
397.52	4.0
416.68	4.0
442.28	4.0
485.08	4.0
513.52	4.0
751.72	4.0
774.32	4.0
857.4	4.0
942.72	4.0
1011.8	4.0
1069.96	4.0
1100.76	4.0
1134.04	4.0
1166.08	4.0
1205.6	4.0
1369.28	4.0
311.6	5.0
586.4	5.0
310.48	6.0
317.68	6.0
329.52	6.0
354.72	6.0
378.0	6.0
405.2	6.0
511.04	6.0
554.44	6.0
624.44	6.0
678.44	6.0
776.44	6.0
854.4	6.0
940.84	6.0
1069.76	6.0
1161.56	6.0
302.96	7.0
324.28	7.0
331.04	7.0
340.6	7.0
386.72	7.0
474.08	7.0
521.88	7.0
554.28	7.0
723.64	7.0
831.68	7.0
1035.44	7.0
1062.76	7.0
353.72	8.0
313.24	8.0
325.8	8.0
350.8	8.0
359.48	8.0
371.2	8.0
389.04	8.0
475.6	8.0
1086.8	8.0
497.0	9.0
302.92	9.0
311.8	9.0
338.68	9.0
313.76	10.0
323.64	10.0
337.04	10.0
339.56	10.0
513.36	10.0
597.92	10.0
884.12	10.0
1219.68	10.0
1309.28	10.0
1371.04	10.0
302.48	10.0
311.12	10.0
326.4	10.0
355.2	10.0
327.36	11.0
338.32	11.0
351.88	11.0
384.04	11.0
561.96	11.0
1112.52	11.0
1224.72	11.0
1372.96	11.0
302.8	11.0
312.0	11.0
317.6	11.0
322.08	11.0
331.12	11.0
335.04	11.0
344.84	11.0
369.08	11.0
409.28	11.0
438.84	11.0
478.16	11.0
879.96	11.0
916.36	12.0
311.68	12.0
327.0	12.0
340.2	12.0
346.52	12.0
370.52	12.0
550.72	12.0
1143.52	12.0
1256.88	12.0
1340.88	12.0
1429.76	12.0
376.56	13.0
335.68	13.0
603.44	13.0
965.96	13.0
312.12	14.0
324.28	14.0
327.16	14.0
339.64	14.0
405.2	14.0
1307.88	14.0
309.4	15.0
345.4	15.0
348.16	15.0
302.8	15.0
321.84	15.0
325.64	15.0
666.08	15.0
302.44	16.0
339.32	16.0
468.0	16.0
302.52	17.0
352.44	17.0
361.48	17.0
333.68	18.0
328.48	19.0
337.72	19.0
372.0	19.0
302.64	20.0
323.48	20.0
329.08	20.0
343.76	20.0
327.08	21.0
330.2	21.0
313.12	21.0
323.2	21.0
338.24	21.0
344.04	21.0
354.04	21.0
360.6	21.0
364.4	21.0
369.88	21.0
373.04	21.0
379.76	21.0
391.84	21.0
415.28	21.0
519.2	21.0
559.96	21.0
595.92	21.0
654.28	21.0
692.96	21.0
704.36	21.0
752.8	21.0
826.6	21.0
1009.12	21.0
1165.6	21.0
1207.48	21.0
1283.92	21.0
1379.64	21.0
338.12	22.0
302.56	22.0
309.12	22.0
312.84	22.0
321.6	22.0
327.2	22.0
346.32	22.0
405.56	22.0
418.8	22.0
1003.92	22.0
312.84	23.0
327.44	23.0
331.16	23.0
316.72	23.0
338.2	23.0
353.56	23.0
358.2	23.0
395.64	23.0
409.76	23.0
670.24	23.0
744.64	23.0
851.6	23.0
1194.6	23.0
1218.56	23.0
1268.52	23.0
1442.56	23.0
302.68	24.0
314.6	24.0
331.04	24.0
338.68	24.0
423.68	24.0
500.56	24.0
575.12	24.0
645.52	24.0
1272.76	24.0
302.72	25.0
314.92	25.0
317.8	25.0
339.84	25.0
309.32	25.0
328.36	25.0
345.28	25.0
370.84	25.0
316.16	26.0
385.36	26.0
487.44	26.0
572.28	26.0
302.76	26.0
309.2	26.0
323.0	26.0
326.72	26.0
331.4	26.0
339.92	26.0
346.84	26.0
350.84	26.0
357.52	26.0
364.72	26.0
373.44	26.0
389.2	26.0
405.44	26.0
417.72	26.0
424.96	26.0
431.48	26.0
449.72	26.0
467.96	26.0
484.8	26.0
506.2	26.0
525.52	26.0
539.88	26.0
553.24	26.0
564.76	26.0
586.24	26.0
641.08	26.0
658.64	26.0
677.68	26.0
690.52	26.0
723.28	26.0
747.92	26.0
756.16	26.0
776.44	26.0
797.28	26.0
801.72	26.0
807.36	26.0
861.4	26.0
870.44	26.0
1001.24	26.0
1028.72	26.0
1052.16	26.0
1090.76	26.0
1129.4	26.0
1177.16	26.0
1190.84	26.0
1214.04	26.0
1244.32	26.0
1364.48	26.0
1384.24	26.0
1437.36	26.0
1464.56	26.0
328.84	27.0
302.8	27.0
376.44	27.0
566.32	27.0
1097.28	27.0
340.4	28.0
672.56	28.0
302.44	28.0
314.32	28.0
321.2	28.0
333.08	28.0
353.92	28.0
367.44	28.0
372.64	28.0
390.88	28.0
407.4	28.0
496.88	28.0
1329.6	28.0
312.36	29.0
316.16	29.0
331.32	29.0
353.2	29.0
314.52	30.0
325.32	30.0
334.4	30.0
341.52	30.0
352.32	30.0
367.04	30.0
383.08	30.0
424.8	30.0
472.36	30.0
748.84	30.0
859.32	30.0
946.32	30.0
1027.2	30.0
1084.8	30.0
1104.88	30.0
1134.32	30.0
1218.48	30.0
1332.32	30.0
1404.44	30.0
1423.04	30.0
1460.84	30.0
311.56	31.0
316.08	31.0
324.72	31.0
331.52	31.0
342.16	31.0
351.8	31.0
359.56	31.0
312.48	33.0
337.72	33.0
590.28	33.0
1207.52	33.0
325.12	34.0
345.8	34.0
302.88	34.0
311.24	34.0
329.6	34.0
340.32	34.0
1298.16	34.0
310.96	35.0
315.6	35.0
326.12	35.0
329.84	35.0
335.96	35.0
341.0	35.0
345.52	35.0
348.04	35.0
353.44	35.0
358.68	35.0
364.32	35.0
371.52	35.0
378.2	35.0
389.56	35.0
396.52	35.0
400.64	35.0
405.08	35.0
417.8	35.0
430.12	35.0
434.24	35.0
450.76	35.0
480.44	35.0
507.48	35.0
513.6	35.0
544.4	35.0
566.88	35.0
590.88	35.0
624.44	35.0
627.0	35.0
692.08	35.0
738.28	35.0
784.6	35.0
797.8	35.0
813.24	35.0
909.6	35.0
926.2	35.0
1000.44	35.0
1013.72	35.0
1063.68	35.0
1071.16	35.0
1094.8	35.0
1131.64	35.0
1214.4	35.0
1297.8	35.0
1350.92	35.0
1401.56	35.0
302.52	36.0
314.28	36.0
359.8	36.0
