800.92	1.0
38.16	1.0
302.84	1.0
336.92	2.0
16.96	2.0
49.04	2.0
83.2	2.0
308.0	2.0
311.12	2.0
314.4	2.0
318.52	2.0
325.56	2.0
331.32	2.0
1149.6	2.0
1312.92	2.0
1327.24	2.0
320.04	3.0
326.32	3.0
311.04	3.0
317.04	3.0
330.92	3.0
337.84	3.0
352.52	3.0
372.8	3.0
377.84	3.0
529.64	3.0
1063.52	3.0
1143.44	3.0
14.72	4.0
91.84	4.0
266.68	4.0
309.08	4.0
312.36	4.0
320.08	4.0
333.6	4.0
360.92	4.0
403.6	4.0
657.92	4.0
689.08	4.0
715.0	4.0
754.48	4.0
798.92	4.0
1061.96	4.0
1107.36	4.0
1220.0	4.0
315.24	5.0
309.04	5.0
311.92	5.0
310.48	6.0
112.84	6.0
317.88	6.0
357.08	6.0
508.72	6.0
671.08	6.0
1058.6	6.0
317.04	7.0
1223.16	7.0
314.4	7.0
321.28	7.0
446.36	7.0
621.0	8.0
73.92	8.0
89.32	8.0
285.8	8.0
302.48	8.0
319.24	8.0
322.2	8.0
324.96	8.0
328.56	8.0
342.24	8.0
385.6	8.0
1028.24	8.0
1331.4	8.0
307.32	9.0
153.0	10.0
284.28	10.0
344.12	10.0
1062.44	10.0
1108.88	10.0
1175.84	10.0
310.84	10.0
331.24	10.0
337.72	11.0
1108.36	11.0
1181.92	11.0
302.68	11.0
307.96	11.0
318.08	11.0
321.16	11.0
342.08	11.0
310.88	12.0
32.2	12.0
236.8	12.0
326.96	12.0
360.84	12.0
1021.4	12.0
1338.76	12.0
312.64	13.0
315.16	13.0
318.96	13.0
327.96	13.0
1173.76	13.0
338.28	14.0
296.44	14.0
827.12	14.0
1106.96	14.0
1216.76	14.0
329.84	15.0
302.8	15.0
302.48	16.0
142.72	17.0
325.76	17.0
320.84	18.0
318.96	19.0
324.76	19.0
1176.28	20.0
19.8	20.0
248.08	20.0
302.56	20.0
763.68	20.0
1147.52	20.0
20.32	21.0
36.64	21.0
48.96	21.0
91.88	21.0
293.76	21.0
302.88	21.0
306.44	21.0
311.96	21.0
317.4	21.0
320.88	21.0
338.88	21.0
347.28	21.0
354.72	21.0
367.04	21.0
404.24	21.0
423.2	21.0
457.92	21.0
472.12	21.0
889.84	21.0
938.96	21.0
1129.2	21.0
1224.32	21.0
302.48	22.0
298.92	22.0
307.52	22.0
310.16	22.0
317.72	22.0
322.2	22.0
338.24	22.0
1278.52	22.0
208.0	23.0
263.16	23.0
309.96	23.0
313.24	23.0
317.08	23.0
326.04	23.0
339.6	23.0
383.68	23.0
589.28	23.0
655.2	23.0
686.48	23.0
748.4	23.0
794.04	23.0
1058.04	23.0
1105.44	23.0
1144.8	23.0
1217.52	23.0
307.6	24.0
374.32	24.0
317.48	25.0
100.2	25.0
302.44	25.0
329.72	25.0
411.52	26.0
26.4	26.0
36.6	26.0
44.32	26.0
72.84	26.0
117.4	26.0
122.68	26.0
187.8	26.0
205.48	26.0
230.52	26.0
279.12	26.0
284.08	26.0
302.48	26.0
307.56	26.0
312.4	26.0
318.2	26.0
323.28	26.0
328.0	26.0
333.12	26.0
339.28	26.0
346.36	26.0
348.88	26.0
357.76	26.0
364.28	26.0
377.84	26.0
395.16	26.0
408.04	26.0
426.12	26.0
440.2	26.0
463.64	26.0
489.28	26.0
589.72	26.0
629.2	26.0
714.16	26.0
763.28	26.0
809.16	26.0
843.88	26.0
849.32	26.0
866.64	26.0
1002.68	26.0
1022.88	26.0
1034.28	26.0
1048.28	26.0
1080.96	26.0
1099.76	26.0
1119.28	26.0
1147.04	26.0
1154.8	26.0
1245.88	26.0
1297.64	26.0
1329.32	26.0
302.76	27.0
322.68	27.0
276.68	28.0
302.52	28.0
306.96	28.0
315.08	28.0
318.16	28.0
326.16	28.0
336.4	28.0
357.48	28.0
759.16	28.0
69.68	30.0
151.6	30.0
313.4	30.0
320.64	30.0
333.76	30.0
337.72	30.0
349.56	30.0
386.88	30.0
1026.4	30.0
1124.72	30.0
1150.32	30.0
1244.36	30.0
307.72	31.0
325.88	31.0
317.96	31.0
337.16	31.0
369.76	31.0
302.68	33.0
324.04	34.0
302.96	34.0
311.0	34.0
319.36	34.0
306.52	35.0
1329.44	35.0
7.16	35.0
29.52	35.0
54.92	35.0
98.08	35.0
112.0	35.0
154.04	35.0
239.84	35.0
269.8	35.0
292.2	35.0
310.68	35.0
318.68	35.0
325.96	35.0
330.0	35.0
339.52	35.0
350.88	35.0
363.08	35.0
373.84	35.0
456.76	35.0
466.48	35.0
507.96	35.0
530.56	35.0
602.0	35.0
776.44	35.0
1055.16	35.0
1062.4	35.0
1102.76	35.0
1125.2	35.0
1127.72	35.0
1144.6	35.0
1147.8	35.0
1218.08	35.0
1345.8	35.0
