35.6	1.0
146.52	1.0
319.2	1.0
1044.0	1.0
1389.44	1.0
315.8	2.0
525.24	2.0
1287.28	2.0
91.6	2.0
312.88	2.0
321.12	2.0
332.32	2.0
341.44	2.0
348.2	2.0
409.96	2.0
430.8	2.0
433.32	2.0
521.72	2.0
536.6	2.0
577.0	2.0
602.24	2.0
694.84	2.0
704.68	2.0
746.36	2.0
800.08	2.0
816.56	2.0
853.96	2.0
869.08	2.0
919.48	2.0
939.08	2.0
971.92	2.0
1003.0	2.0
1044.44	2.0
1148.2	2.0
1292.16	2.0
1353.6	2.0
1389.88	2.0
1422.68	2.0
1425.48	2.0
313.36	3.0
526.0	3.0
180.04	3.0
259.8	3.0
308.76	3.0
320.0	3.0
334.48	3.0
342.48	3.0
348.36	3.0
353.84	3.0
383.0	3.0
409.76	3.0
452.36	3.0
536.4	3.0
604.08	3.0
625.16	3.0
705.0	3.0
717.44	3.0
859.84	3.0
1246.96	3.0
159.12	4.0
188.96	4.0
257.68	4.0
308.96	4.0
312.04	4.0
323.12	4.0
337.56	4.0
355.44	4.0
580.48	4.0
629.8	4.0
708.44	4.0
989.56	4.0
1211.4	4.0
1232.64	4.0
1293.68	4.0
1334.4	4.0
308.96	5.0
311.48	5.0
322.44	5.0
338.08	5.0
310.48	6.0
185.92	6.0
319.96	6.0
329.92	6.0
355.48	6.0
435.52	6.0
491.12	6.0
558.88	6.0
625.08	6.0
704.56	6.0
818.76	6.0
957.6	6.0
373.0	7.0
692.8	7.0
311.52	7.0
317.72	7.0
328.68	7.0
337.48	7.0
363.12	7.0
417.76	7.0
740.76	7.0
288.32	8.0
863.36	8.0
1112.6	8.0
256.88	8.0
319.56	8.0
332.4	8.0
341.4	8.0
473.68	8.0
533.64	8.0
707.48	8.0
224.72	9.0
367.8	9.0
854.56	9.0
992.8	9.0
1459.0	9.0
320.32	10.0
322.88	10.0
429.88	10.0
576.64	10.0
302.48	10.0
312.72	10.0
394.4	10.0
408.56	10.0
522.4	10.0
808.0	10.0
1039.0	10.0
1280.2	10.0
180.8	11.0
259.84	11.0
351.4	11.0
433.84	11.0
717.48	11.0
786.64	11.0
1248.72	11.0
1396.76	11.0
302.64	11.0
309.28	11.0
321.4	11.0
356.64	11.0
431.16	11.0
524.4	11.0
539.16	11.0
726.28	11.0
811.76	11.0
817.0	11.0
827.96	11.0
854.76	11.0
1329.92	11.0
322.8	12.0
746.12	12.0
158.68	12.0
240.24	12.0
317.32	13.0
328.08	13.0
313.2	13.0
344.72	13.0
374.04	13.0
1167.4	13.0
316.4	14.0
402.92	14.0
1390.8	14.0
302.88	15.0
831.76	15.0
1225.12	15.0
302.48	16.0
453.2	16.0
315.8	18.0
319.84	18.0
338.48	18.0
302.8	18.0
303.0	19.0
309.2	19.0
321.08	19.0
329.96	19.0
407.6	19.0
521.96	19.0
318.68	20.0
338.88	20.0
1077.04	20.0
240.16	21.0
311.76	21.0
319.0	21.0
323.24	21.0
334.6	21.0
368.92	21.0
380.0	21.0
393.4	21.0
411.52	21.0
536.76	21.0
615.4	21.0
671.72	21.0
713.0	21.0
759.04	21.0
805.6	21.0
1025.88	21.0
1263.48	21.0
1406.32	21.0
312.48	22.0
319.2	22.0
329.16	22.0
337.36	22.0
343.4	22.0
354.0	22.0
675.04	22.0
1114.32	22.0
1355.32	22.0
1395.8	22.0
316.52	23.0
322.28	23.0
333.44	23.0
344.92	23.0
1243.56	23.0
143.56	23.0
253.44	23.0
288.24	23.0
314.0	23.0
329.64	23.0
336.96	23.0
353.04	23.0
395.32	23.0
415.84	23.0
848.2	23.0
857.52	23.0
1165.12	23.0
1208.64	23.0
311.8	24.0
326.88	24.0
331.04	24.0
354.24	24.0
397.4	24.0
327.08	25.0
302.44	25.0
306.84	25.0
73.12	26.0
85.84	26.0
131.32	26.0
137.8	26.0
163.76	26.0
172.48	26.0
206.48	26.0
229.52	26.0
302.48	26.0
307.08	26.0
311.56	26.0
317.48	26.0
320.76	26.0
327.28	26.0
333.08	26.0
339.88	26.0
351.68	26.0
363.48	26.0
383.24	26.0
390.56	26.0
396.36	26.0
408.48	26.0
420.84	26.0
428.88	26.0
447.04	26.0
461.84	26.0
495.32	26.0
507.92	26.0
537.76	26.0
565.92	26.0
582.36	26.0
594.88	26.0
608.0	26.0
620.44	26.0
649.4	26.0
659.92	26.0
663.4	26.0
672.08	26.0
688.48	26.0
715.28	26.0
731.68	26.0
742.84	26.0
760.36	26.0
771.76	26.0
805.0	26.0
816.8	26.0
899.2	26.0
936.0	26.0
968.56	26.0
972.68	26.0
1012.28	26.0
1107.52	26.0
1139.64	26.0
1154.44	26.0
1206.16	26.0
1218.36	26.0
1225.84	26.0
1230.68	26.0
1240.36	26.0
1265.92	26.0
1273.16	26.0
1288.08	26.0
1299.4	26.0
1316.2	26.0
1335.0	26.0
1346.6	26.0
1389.6	26.0
1409.48	26.0
1427.44	26.0
153.12	27.0
302.8	27.0
346.56	27.0
870.52	27.0
1206.32	27.0
147.04	28.0
302.48	28.0
306.64	28.0
314.68	28.0
325.56	28.0
346.12	28.0
356.24	28.0
384.88	28.0
526.32	28.0
778.64	28.0
818.16	28.0
992.44	28.0
1211.04	28.0
1427.0	28.0
187.2	29.0
318.92	29.0
345.92	29.0
775.0	29.0
893.88	29.0
1049.44	29.0
1210.88	29.0
1270.48	29.0
1334.16	29.0
160.68	30.0
318.6	30.0
331.72	30.0
373.0	30.0
398.8	30.0
545.92	30.0
652.88	30.0
727.08	30.0
778.96	30.0
884.04	30.0
941.88	30.0
1013.76	30.0
1237.8	30.0
1318.8	30.0
345.8	31.0
357.96	31.0
397.28	31.0
408.36	31.0
523.04	31.0
1400.2	31.0
302.96	32.0
364.2	33.0
302.64	33.0
284.48	34.0
319.32	34.0
813.88	34.0
918.48	34.0
1228.6	34.0
1401.84	34.0
302.64	35.0
147.4	35.0
151.8	35.0
164.8	35.0
276.92	35.0
296.92	35.0
306.32	35.0
310.88	35.0
313.68	35.0
322.24	35.0
328.72	35.0
344.92	35.0
353.92	35.0
362.68	35.0
373.64	35.0
377.24	35.0
386.72	35.0
466.84	35.0
535.2	35.0
549.28	35.0
568.36	35.0
588.64	35.0
601.32	35.0
685.24	35.0
702.52	35.0
840.8	35.0
848.08	35.0
1020.04	35.0
1053.92	35.0
1202.6	35.0
1227.52	35.0
1260.2	35.0
1404.0	35.0
288.04	36.0
334.88	36.0
376.0	36.0
