229.48	1.0
302.72	1.0
858.08	1.0
1131.28	1.0
169.08	2.0
171.72	2.0
459.8	2.0
871.76	2.0
928.88	2.0
69.2	2.0
94.32	2.0
97.72	2.0
190.32	2.0
218.0	2.0
221.36	2.0
306.16	2.0
308.68	2.0
314.36	2.0
321.92	2.0
353.0	2.0
651.04	2.0
663.88	2.0
666.56	2.0
677.08	2.0
687.16	2.0
722.44	2.0
904.24	2.0
1023.48	2.0
1038.96	2.0
1085.52	2.0
1126.88	2.0
1145.48	2.0
1291.32	2.0
1305.6	2.0
1320.12	2.0
719.4	3.0
1320.64	3.0
94.48	3.0
107.08	3.0
118.6	3.0
171.76	3.0
184.52	3.0
190.16	3.0
206.72	3.0
247.12	3.0
266.76	3.0
315.04	3.0
322.0	3.0
338.28	3.0
459.84	3.0
666.32	3.0
712.68	3.0
722.2	3.0
871.84	3.0
927.72	3.0
955.92	3.0
1023.56	3.0
1251.72	3.0
1323.44	3.0
157.92	4.0
206.28	4.0
243.36	4.0
279.36	4.0
309.0	4.0
312.0	4.0
315.6	4.0
330.64	4.0
357.36	4.0
391.52	4.0
414.48	4.0
538.84	4.0
665.04	4.0
686.68	4.0
719.36	4.0
770.24	4.0
802.0	4.0
879.36	4.0
910.36	4.0
955.12	4.0
1051.88	4.0
1299.52	4.0
309.04	5.0
312.12	5.0
310.56	6.0
137.48	6.0
202.88	6.0
240.04	6.0
322.88	6.0
359.56	6.0
394.0	6.0
434.92	6.0
544.84	6.0
638.64	6.0
692.52	6.0
762.0	6.0
253.04	7.0
1316.6	7.0
1130.76	8.0
97.16	8.0
169.72	8.0
456.32	8.0
1352.24	8.0
307.92	9.0
560.44	9.0
779.88	9.0
960.16	9.0
189.8	10.0
239.32	10.0
659.24	10.0
686.8	10.0
818.04	10.0
1352.72	10.0
150.04	10.0
170.16	10.0
302.48	10.0
310.12	10.0
351.68	10.0
1132.36	10.0
118.68	11.0
247.16	11.0
712.72	11.0
1251.76	11.0
1303.44	11.0
104.28	11.0
173.2	11.0
188.32	11.0
218.28	11.0
302.6	11.0
308.36	11.0
310.88	11.0
313.48	11.0
330.76	11.0
665.92	11.0
679.84	11.0
715.84	11.0
908.64	11.0
925.36	11.0
1039.72	11.0
1131.92	11.0
1274.12	11.0
1348.28	11.0
319.8	12.0
904.24	12.0
54.32	13.0
293.76	13.0
1137.16	13.0
1304.96	13.0
1317.36	13.0
171.92	14.0
643.96	14.0
306.68	15.0
29.56	15.0
302.92	15.0
963.2	15.0
150.48	16.0
615.72	16.0
1088.96	16.0
169.84	19.0
188.36	19.0
219.16	19.0
457.52	19.0
662.92	19.0
302.6	20.0
322.56	20.0
1218.52	20.0
186.92	21.0
125.16	21.0
218.64	21.0
306.84	21.0
318.2	21.0
321.08	21.0
324.16	21.0
335.2	21.0
359.36	21.0
930.4	21.0
954.32	21.0
1003.04	21.0
1282.28	21.0
1329.24	21.0
1353.44	21.0
151.04	22.0
186.8	22.0
274.0	22.0
321.12	22.0
69.28	23.0
188.12	23.0
190.64	23.0
222.56	23.0
233.48	23.0
309.28	23.0
319.48	23.0
341.32	23.0
661.84	23.0
873.28	23.0
904.64	23.0
937.28	23.0
963.52	23.0
968.88	23.0
1021.24	23.0
1137.56	23.0
1141.6	23.0
1153.24	23.0
1219.68	23.0
1305.28	23.0
1355.24	23.0
551.28	24.0
4.76	24.0
230.8	24.0
274.6	24.0
281.6	24.0
308.88	24.0
943.24	24.0
1235.8	24.0
1323.88	24.0
302.84	25.0
4.88	26.0
32.08	26.0
52.24	26.0
65.48	26.0
92.6	26.0
110.28	26.0
149.64	26.0
168.52	26.0
178.44	26.0
196.32	26.0
222.4	26.0
230.6	26.0
239.04	26.0
244.24	26.0
288.08	26.0
302.52	26.0
310.4	26.0
315.88	26.0
325.32	26.0
333.24	26.0
341.76	26.0
349.12	26.0
369.52	26.0
374.64	26.0
402.52	26.0
415.28	26.0
430.92	26.0
531.92	26.0
616.8	26.0
635.72	26.0
667.32	26.0
689.88	26.0
708.48	26.0
768.8	26.0
782.88	26.0
861.52	26.0
900.44	26.0
909.6	26.0
925.44	26.0
930.76	26.0
950.96	26.0
993.16	26.0
1001.8	26.0
1021.28	26.0
1144.08	26.0
1153.92	26.0
1198.88	26.0
1227.24	26.0
1251.32	26.0
1261.0	26.0
1317.08	26.0
1350.04	26.0
122.68	27.0
303.0	27.0
1263.56	27.0
148.04	28.0
173.24	28.0
223.4	28.0
302.48	28.0
317.56	28.0
325.68	28.0
329.92	28.0
560.08	28.0
648.72	28.0
665.6	28.0
677.2	28.0
779.56	28.0
869.0	28.0
1025.08	28.0
1086.36	28.0
1293.68	28.0
88.32	29.0
336.2	29.0
343.96	29.0
557.72	29.0
715.28	29.0
901.16	29.0
926.52	29.0
1131.64	29.0
1198.64	29.0
98.28	30.0
170.6	30.0
322.2	30.0
341.72	30.0
457.0	30.0
690.28	30.0
808.52	30.0
323.36	31.0
349.84	31.0
937.52	31.0
319.8	33.0
302.56	33.0
310.72	33.0
711.48	33.0
128.2	34.0
198.64	34.0
316.28	34.0
321.76	34.0
125.04	35.0
153.0	35.0
202.6	35.0
207.32	35.0
233.88	35.0
244.92	35.0
251.48	35.0
259.68	35.0
280.72	35.0
309.44	35.0
319.0	35.0
324.56	35.0
345.0	35.0
362.28	35.0
366.8	35.0
384.76	35.0
392.32	35.0
481.36	35.0
495.88	35.0
551.04	35.0
723.92	35.0
885.48	35.0
911.64	35.0
928.92	35.0
962.24	35.0
1024.48	35.0
1153.12	35.0
1295.24	35.0
1300.92	35.0
1355.16	35.0
