332.76	1.0
33.4	2.0
314.52	2.0
729.64	2.0
13.32	2.0
17.96	2.0
46.32	2.0
48.88	2.0
57.16	2.0
119.0	2.0
136.24	2.0
174.0	2.0
176.6	2.0
232.04	2.0
328.64	2.0
428.44	2.0
733.68	2.0
741.56	2.0
744.76	2.0
752.32	2.0
762.52	2.0
772.12	2.0
778.72	2.0
781.44	2.0
801.24	2.0
1033.24	2.0
1054.72	2.0
1058.16	2.0
1215.32	2.0
1236.28	2.0
1244.76	2.0
1261.04	2.0
1285.28	2.0
1302.92	2.0
1406.04	2.0
1453.52	2.0
1263.96	3.0
1334.52	3.0
17.72	3.0
33.88	3.0
41.6	3.0
79.6	3.0
176.76	3.0
182.32	3.0
193.52	3.0
302.68	3.0
315.44	3.0
318.52	3.0
328.4	3.0
332.2	3.0
352.24	3.0
357.56	3.0
412.28	3.0
729.68	3.0
744.96	3.0
752.2	3.0
754.8	3.0
759.64	3.0
764.56	3.0
772.28	3.0
778.76	3.0
781.6	3.0
791.36	3.0
801.0	3.0
907.48	3.0
1058.36	3.0
1088.4	3.0
1233.76	3.0
1238.6	3.0
1244.6	3.0
1278.76	3.0
1299.72	3.0
322.2	4.0
762.16	4.0
776.52	4.0
9.4	4.0
69.28	4.0
241.44	4.0
265.4	4.0
288.84	4.0
309.0	4.0
311.68	4.0
319.48	4.0
342.44	4.0
365.64	4.0
368.52	4.0
396.64	4.0
817.76	4.0
847.68	4.0
1214.08	4.0
1266.6	4.0
1299.4	4.0
1334.48	4.0
1366.24	4.0
1405.68	4.0
1206.72	5.0
309.0	5.0
312.12	5.0
310.48	6.0
7.08	6.0
91.92	6.0
239.08	6.0
378.28	6.0
454.6	6.0
772.64	6.0
790.2	6.0
827.76	6.0
1324.36	6.0
1357.28	6.0
1450.56	6.0
381.08	7.0
759.76	7.0
794.4	7.0
811.0	7.0
30.8	8.0
182.48	8.0
193.4	8.0
306.52	8.0
313.56	8.0
323.56	8.0
425.8	8.0
727.24	8.0
743.96	8.0
757.76	8.0
776.92	8.0
782.12	8.0
797.2	8.0
828.56	8.0
1054.36	8.0
1236.0	8.0
1241.44	8.0
1277.0	8.0
1405.28	8.0
1409.12	8.0
178.24	9.0
309.8	9.0
352.32	9.0
805.44	9.0
1370.56	9.0
1409.4	9.0
302.76	10.0
425.72	10.0
428.68	10.0
713.64	10.0
728.84	10.0
754.2	10.0
764.72	10.0
937.8	10.0
1027.08	10.0
1126.68	10.0
1206.52	10.0
1404.56	10.0
1408.6	10.0
102.44	11.0
193.52	11.0
875.64	11.0
1345.6	11.0
54.8	11.0
134.92	11.0
228.12	11.0
322.76	11.0
326.76	11.0
428.48	11.0
709.96	11.0
727.28	11.0
739.48	11.0
744.84	11.0
763.08	11.0
779.88	11.0
798.48	11.0
801.28	11.0
1214.12	11.0
1238.04	11.0
1244.88	11.0
1268.8	11.0
1295.88	11.0
1319.16	11.0
1338.4	11.0
1445.24	11.0
33.88	12.0
196.04	12.0
754.84	12.0
1345.8	12.0
314.72	13.0
318.48	13.0
327.64	13.0
773.24	13.0
1293.84	13.0
352.4	14.0
803.6	14.0
303.0	15.0
779.48	15.0
97.84	16.0
203.4	16.0
302.48	16.0
326.64	16.0
763.96	16.0
743.68	18.0
759.72	18.0
773.64	18.0
34.8	18.0
763.96	18.0
55.48	19.0
315.52	19.0
348.2	19.0
801.84	19.0
1055.32	19.0
1211.96	19.0
1235.92	19.0
1300.72	19.0
1405.72	19.0
302.52	20.0
321.56	20.0
726.0	20.0
1279.72	20.0
174.28	20.0
269.44	20.0
9.8	21.0
12.32	21.0
51.44	21.0
69.96	21.0
100.28	21.0
134.04	21.0
270.72	21.0
306.12	21.0
309.08	21.0
321.4	21.0
334.0	21.0
729.24	21.0
741.2	21.0
750.68	21.0
760.2	21.0
763.76	21.0
771.88	21.0
777.92	21.0
792.52	21.0
799.44	21.0
815.8	21.0
988.04	21.0
1282.36	21.0
1285.12	21.0
1308.48	21.0
1335.2	21.0
1382.8	21.0
132.84	22.0
263.28	22.0
312.36	22.0
745.76	22.0
759.32	22.0
775.12	22.0
779.2	22.0
796.28	22.0
1278.72	22.0
1410.6	23.0
10.6	23.0
54.44	23.0
62.84	23.0
86.92	23.0
98.96	23.0
121.96	23.0
161.4	23.0
238.08	23.0
271.48	23.0
277.56	23.0
324.76	23.0
332.72	23.0
343.08	23.0
727.88	23.0
739.24	23.0
743.56	23.0
754.6	23.0
758.08	23.0
762.08	23.0
772.68	23.0
775.36	23.0
781.68	23.0
793.64	23.0
800.4	23.0
857.92	23.0
1039.84	23.0
1208.6	23.0
1229.52	23.0
1242.76	23.0
1246.32	23.0
1256.84	23.0
1268.8	23.0
1281.16	23.0
1318.32	23.0
1345.52	23.0
1355.04	23.0
1434.84	23.0
61.28	24.0
302.48	24.0
309.64	24.0
318.2	24.0
722.2	24.0
759.32	24.0
762.68	24.0
1319.88	24.0
1347.48	24.0
1350.4	24.0
318.44	25.0
722.48	25.0
759.56	25.0
1320.12	25.0
302.48	25.0
1239.12	25.0
335.32	26.0
42.48	26.0
64.12	26.0
81.84	26.0
140.84	26.0
193.32	26.0
207.4	26.0
234.64	26.0
240.08	26.0
254.08	26.0
271.56	26.0
313.48	26.0
318.88	26.0
326.52	26.0
342.4	26.0
354.0	26.0
379.16	26.0
408.16	26.0
469.44	26.0
503.52	26.0
689.68	26.0
699.0	26.0
708.52	26.0
714.6	26.0
725.32	26.0
729.64	26.0
733.44	26.0
739.12	26.0
750.28	26.0
757.12	26.0
763.92	26.0
771.88	26.0
779.0	26.0
786.48	26.0
792.32	26.0
798.6	26.0
803.16	26.0
807.84	26.0
816.76	26.0
820.32	26.0
838.72	26.0
841.76	26.0
857.96	26.0
869.92	26.0
877.96	26.0
891.76	26.0
901.08	26.0
923.32	26.0
946.52	26.0
956.12	26.0
962.68	26.0
979.52	26.0
989.32	26.0
1005.32	26.0
1021.12	26.0
1062.32	26.0
1155.32	26.0
1192.52	26.0
1198.12	26.0
1204.0	26.0
1219.36	26.0
1236.6	26.0
1242.4	26.0
1245.96	26.0
1262.28	26.0
1266.2	26.0
1275.24	26.0
1282.84	26.0
1285.64	26.0
1303.68	26.0
1311.12	26.0
1320.76	26.0
1324.6	26.0
1336.84	26.0
1348.16	26.0
1366.4	26.0
1374.4	26.0
1390.32	26.0
1423.72	26.0
1437.52	26.0
302.76	27.0
135.08	28.0
177.84	28.0
205.64	28.0
228.12	28.0
302.48	28.0
309.44	28.0
315.28	28.0
335.16	28.0
351.96	28.0
713.24	28.0
730.88	28.0
1155.8	28.0
1240.36	28.0
1245.4	28.0
1268.68	28.0
1303.52	28.0
1409.04	28.0
302.52	29.0
59.72	29.0
1298.08	29.0
9.96	30.0
31.04	30.0
82.92	30.0
211.08	30.0
267.92	30.0
319.4	30.0
378.36	30.0
726.96	30.0
743.76	30.0
761.36	30.0
776.24	30.0
828.28	30.0
900.44	30.0
1026.32	30.0
1054.44	30.0
1121.32	30.0
1203.32	30.0
1235.96	30.0
1283.12	30.0
1312.76	30.0
1340.44	30.0
1386.88	30.0
1405.8	30.0
318.48	31.0
741.4	31.0
771.28	31.0
781.2	31.0
818.92	31.0
1375.96	31.0
312.96	33.0
1334.32	33.0
270.56	33.0
302.68	33.0
40.6	34.0
50.72	34.0
746.88	34.0
766.56	34.0
1213.84	34.0
1222.88	34.0
1285.56	34.0
762.2	35.0
765.12	35.0
14.8	35.0
58.8	35.0
62.36	35.0
65.2	35.0
78.28	35.0
127.6	35.0
148.6	35.0
217.0	35.0
223.88	35.0
236.36	35.0
241.44	35.0
309.88	35.0
312.96	35.0
317.72	35.0
335.12	35.0
363.96	35.0
382.68	35.0
416.52	35.0
711.96	35.0
723.64	35.0
731.04	35.0
743.84	35.0
774.16	35.0
779.44	35.0
785.76	35.0
789.68	35.0
806.44	35.0
959.12	35.0
1214.96	35.0
1239.72	35.0
1265.44	35.0
1282.4	35.0
1285.72	35.0
1300.52	35.0
1342.0	35.0
1371.52	35.0
1379.72	35.0
1442.52	35.0
722.36	36.0
326.0	36.0
765.16	36.0
784.04	36.0
823.04	36.0
