117.0	1.0
214.16	2.0
7.32	2.0
117.44	2.0
132.04	2.0
174.96	2.0
240.56	2.0
255.56	2.0
275.2	2.0
318.96	2.0
338.48	2.0
566.96	2.0
609.4	2.0
617.04	2.0
686.84	2.0
738.32	2.0
760.48	2.0
793.88	2.0
840.52	2.0
882.56	2.0
903.56	2.0
948.48	2.0
968.84	2.0
990.28	2.0
1022.48	2.0
1046.12	2.0
1076.52	2.0
1106.92	2.0
1140.8	2.0
1236.28	2.0
1245.52	2.0
1271.04	2.0
1276.92	2.0
1335.44	2.0
1358.84	2.0
1375.08	2.0
1423.88	2.0
354.08	3.0
990.8	3.0
7.0	3.0
72.88	3.0
146.4	3.0
181.56	3.0
187.16	3.0
209.16	3.0
214.68	3.0
231.8	3.0
270.48	3.0
274.44	3.0
315.16	3.0
320.6	3.0
333.2	3.0
370.04	3.0
456.6	3.0
572.2	3.0
617.24	3.0
738.04	3.0
794.08	3.0
852.6	3.0
951.04	3.0
969.04	3.0
981.56	3.0
1038.12	3.0
1076.64	3.0
1105.04	3.0
1173.28	3.0
1245.68	3.0
1277.08	3.0
1302.24	3.0
1335.6	3.0
1421.04	3.0
1054.04	4.0
9.0	4.0
71.6	4.0
117.88	4.0
134.56	4.0
152.68	4.0
192.44	4.0
210.84	4.0
233.96	4.0
254.56	4.0
272.16	4.0
293.84	4.0
309.0	4.0
311.96	4.0
323.04	4.0
334.36	4.0
344.44	4.0
354.72	4.0
371.36	4.0
387.0	4.0
412.92	4.0
427.32	4.0
455.88	4.0
481.76	4.0
515.88	4.0
662.96	4.0
699.6	4.0
808.36	4.0
827.72	4.0
952.0	4.0
983.32	4.0
1007.12	4.0
1020.96	4.0
1043.72	4.0
1076.76	4.0
1108.4	4.0
1154.88	4.0
1187.36	4.0
1238.2	4.0
1277.68	4.0
1305.6	4.0
1371.64	4.0
1410.4	4.0
1445.96	4.0
309.04	5.0
312.24	5.0
310.56	6.0
3.2	6.0
151.16	6.0
223.84	6.0
336.36	6.0
429.16	6.0
978.32	6.0
1002.68	6.0
1083.24	6.0
294.28	7.0
1282.2	7.0
67.92	8.0
92.16	8.0
233.32	8.0
306.64	8.0
333.76	8.0
357.56	8.0
415.8	8.0
457.56	8.0
664.44	8.0
735.88	8.0
762.12	8.0
1007.76	8.0
1041.4	8.0
1138.08	8.0
1165.36	8.0
1419.08	8.0
1446.8	8.0
271.96	9.0
316.16	9.0
493.84	9.0
729.96	9.0
741.96	9.0
826.4	9.0
883.28	9.0
951.64	9.0
990.48	9.0
1142.84	9.0
1228.8	9.0
1289.56	9.0
44.56	10.0
268.52	10.0
548.36	10.0
762.36	10.0
1373.24	10.0
240.68	10.0
302.56	10.0
313.64	10.0
725.84	10.0
738.52	10.0
870.96	10.0
1236.36	10.0
302.48	11.0
333.64	11.0
768.56	11.0
892.52	11.0
1091.16	11.0
1156.72	11.0
1311.28	11.0
23.92	11.0
78.04	11.0
114.52	11.0
128.08	11.0
200.88	11.0
249.36	11.0
271.92	11.0
274.96	11.0
315.16	11.0
343.88	11.0
350.52	11.0
382.6	11.0
455.16	11.0
567.04	11.0
611.52	11.0
639.72	11.0
686.16	11.0
763.64	11.0
824.0	11.0
866.08	11.0
874.68	11.0
879.88	11.0
883.04	11.0
945.88	11.0
948.96	11.0
969.04	11.0
990.92	11.0
1022.52	11.0
1060.32	11.0
1076.88	11.0
1140.92	11.0
1169.08	11.0
1243.0	11.0
1275.68	11.0
1358.88	11.0
76.24	12.0
142.84	12.0
185.32	12.0
987.52	12.0
1054.24	12.0
1171.2	12.0
1239.36	12.0
1308.52	12.0
324.36	13.0
878.12	13.0
1335.84	13.0
313.0	14.0
318.76	14.0
111.36	15.0
201.96	15.0
614.24	15.0
893.08	15.0
62.36	16.0
302.52	16.0
339.48	16.0
646.8	16.0
700.68	19.0
302.52	20.0
318.24	20.0
1008.72	20.0
967.64	21.0
255.48	21.0
316.48	21.0
320.2	21.0
327.04	21.0
336.4	21.0
353.52	21.0
370.68	21.0
700.0	21.0
894.52	21.0
973.48	21.0
985.56	21.0
1000.92	21.0
1028.4	21.0
1158.92	21.0
1165.12	21.0
1364.88	21.0
1414.24	21.0
185.32	22.0
201.88	22.0
252.16	22.0
302.52	22.0
307.48	22.0
314.84	22.0
944.68	22.0
952.16	22.0
967.56	22.0
998.12	22.0
1039.36	22.0
1267.76	22.0
1370.44	22.0
7.96	23.0
239.36	23.0
303.0	23.0
837.92	23.0
989.32	23.0
62.92	23.0
165.24	23.0
217.28	23.0
233.28	23.0
248.48	23.0
307.24	23.0
315.68	23.0
375.32	23.0
464.4	23.0
511.8	23.0
603.88	23.0
660.6	23.0
761.56	23.0
867.8	23.0
874.04	23.0
903.08	23.0
933.52	23.0
952.36	23.0
994.28	23.0
1008.88	23.0
1042.96	23.0
1053.72	23.0
1082.88	23.0
1104.92	23.0
1125.68	23.0
1164.04	23.0
1184.32	23.0
1213.32	23.0
1284.6	23.0
1364.68	23.0
1368.84	23.0
1419.44	23.0
862.84	24.0
1419.36	24.0
245.4	24.0
302.56	24.0
316.56	24.0
327.72	24.0
446.28	24.0
450.56	24.0
726.92	24.0
937.2	24.0
991.56	24.0
66.12	25.0
302.48	25.0
974.04	25.0
1326.36	26.0
12.76	26.0
19.44	26.0
76.28	26.0
139.28	26.0
168.2	26.0
171.32	26.0
236.56	26.0
295.88	26.0
302.68	26.0
309.72	26.0
317.64	26.0
324.32	26.0
331.12	26.0
338.0	26.0
350.36	26.0
402.16	26.0
427.64	26.0
448.36	26.0
491.44	26.0
606.36	26.0
618.2	26.0
727.0	26.0
743.0	26.0
818.68	26.0
826.12	26.0
865.32	26.0
869.96	26.0
894.24	26.0
944.48	26.0
977.0	26.0
1000.84	26.0
1010.16	26.0
1138.64	26.0
1142.8	26.0
1231.04	26.0
1285.52	26.0
1294.32	26.0
1370.44	26.0
1422.32	26.0
170.92	27.0
302.8	27.0
555.44	27.0
784.96	27.0
979.92	27.0
1123.72	27.0
1193.88	27.0
40.04	28.0
79.76	28.0
112.56	28.0
199.76	28.0
214.0	28.0
223.88	28.0
247.24	28.0
302.52	28.0
306.4	28.0
315.56	28.0
337.8	28.0
467.44	28.0
514.48	28.0
685.6	28.0
761.24	28.0
811.64	28.0
996.48	28.0
1075.2	28.0
1213.32	28.0
337.12	29.0
264.08	30.0
315.16	30.0
332.04	30.0
368.96	30.0
427.36	30.0
490.92	30.0
567.88	30.0
734.76	30.0
751.56	30.0
931.92	30.0
1006.72	30.0
1138.48	30.0
1276.28	30.0
1419.76	30.0
76.88	33.0
302.6	33.0
316.8	33.0
108.96	34.0
145.52	34.0
659.2	34.0
1013.84	34.0
1222.68	34.0
9.76	35.0
33.4	35.0
37.2	35.0
64.84	35.0
72.28	35.0
91.88	35.0
131.6	35.0
143.88	35.0
192.4	35.0
199.44	35.0
232.96	35.0
239.84	35.0
311.36	35.0
316.24	35.0
318.8	35.0
338.96	35.0
352.08	35.0
365.08	35.0
385.52	35.0
416.28	35.0
431.0	35.0
457.8	35.0
502.72	35.0
506.4	35.0
514.56	35.0
560.24	35.0
601.2	35.0
627.56	35.0
638.88	35.0
660.0	35.0
681.84	35.0
749.88	35.0
760.56	35.0
765.44	35.0
845.12	35.0
887.16	35.0
910.32	35.0
944.2	35.0
951.64	35.0
967.0	35.0
976.24	35.0
994.84	35.0
1000.92	35.0
1008.28	35.0
1041.12	35.0
1068.64	35.0
1082.64	35.0
1093.12	35.0
1137.48	35.0
1149.52	35.0
1159.56	35.0
1230.04	35.0
1241.44	35.0
1279.6	35.0
1324.0	35.0
1339.68	35.0
1368.72	35.0
1415.76	35.0
1419.24	35.0
318.92	36.0
7.72	36.0
60.6	36.0
157.36	36.0
237.4	36.0
366.88	36.0
429.36	36.0
758.76	36.0
807.68	36.0
928.2	36.0
974.52	36.0
1018.28	36.0
1108.52	36.0
1159.0	36.0
1323.68	36.0
