10.72	1.0
736.84	1.0
914.24	1.0
1081.84	1.0
20.68	2.0
303.92	2.0
306.44	2.0
316.32	2.0
325.92	2.0
373.2	2.0
381.32	2.0
395.64	2.0
421.72	2.0
444.76	2.0
462.76	2.0
484.44	2.0
487.96	2.0
497.16	2.0
500.28	2.0
534.84	2.0
556.72	2.0
663.8	2.0
684.6	2.0
689.24	2.0
734.64	2.0
751.6	2.0
757.52	2.0
770.04	2.0
813.12	2.0
840.52	2.0
845.84	2.0
850.56	2.0
870.12	2.0
886.56	2.0
896.84	2.0
906.44	2.0
937.04	2.0
968.6	2.0
992.92	2.0
1010.32	2.0
1035.4	2.0
1054.52	2.0
1058.16	2.0
1114.48	2.0
1130.32	2.0
1138.56	2.0
1165.6	2.0
1193.76	2.0
1196.76	2.0
1257.68	2.0
1316.24	2.0
1334.44	2.0
14.8	3.0
19.92	3.0
42.32	3.0
303.28	3.0
309.24	3.0
317.52	3.0
324.36	3.0
327.4	3.0
335.96	3.0
396.6	3.0
399.2	3.0
462.88	3.0
484.6	3.0
513.44	3.0
610.08	3.0
663.96	3.0
763.08	3.0
807.88	3.0
810.88	3.0
840.32	3.0
849.64	3.0
866.12	3.0
876.52	3.0
894.12	3.0
897.04	3.0
930.08	3.0
957.28	3.0
968.28	3.0
984.16	3.0
1003.76	3.0
1022.16	3.0
1034.92	3.0
1053.76	3.0
1097.04	3.0
1138.36	3.0
1158.44	3.0
1206.36	3.0
1266.88	3.0
1341.44	3.0
753.0	4.0
309.0	4.0
312.2	4.0
320.32	4.0
327.88	4.0
519.24	4.0
612.04	4.0
749.16	4.0
773.68	4.0
796.32	4.0
811.24	4.0
825.16	4.0
842.48	4.0
863.64	4.0
878.6	4.0
895.88	4.0
913.32	4.0
932.36	4.0
943.16	4.0
958.88	4.0
973.96	4.0
985.24	4.0
1006.0	4.0
1021.76	4.0
1040.96	4.0
1053.28	4.0
1074.64	4.0
1080.92	4.0
1099.44	4.0
1117.12	4.0
1138.08	4.0
1147.72	4.0
1160.92	4.0
1183.76	4.0
1208.36	4.0
1225.96	4.0
1236.52	4.0
1261.44	4.0
1270.92	4.0
1305.64	4.0
1323.88	4.0
1348.8	4.0
309.0	5.0
312.16	5.0
748.92	5.0
1209.72	5.0
310.52	6.0
320.4	6.0
349.48	6.0
395.4	6.0
433.92	6.0
467.48	6.0
501.12	6.0
536.8	6.0
587.48	6.0
658.96	6.0
746.52	6.0
791.36	6.0
837.32	6.0
928.48	6.0
979.24	6.0
1051.08	6.0
1145.32	6.0
1201.52	6.0
1258.64	6.0
5.96	7.0
69.68	7.0
1021.68	7.0
1161.6	7.0
27.2	8.0
43.88	8.0
302.84	8.0
305.88	8.0
321.68	8.0
347.84	8.0
392.84	8.0
420.72	8.0
451.16	8.0
498.44	8.0
587.84	8.0
738.32	8.0
781.48	8.0
918.84	8.0
969.8	8.0
1029.16	8.0
1049.4	8.0
1228.56	8.0
1264.44	8.0
305.6	9.0
462.36	9.0
39.12	10.0
302.72	10.0
327.52	10.0
395.64	10.0
421.28	10.0
457.68	10.0
485.68	10.0
630.08	10.0
659.72	10.0
828.48	10.0
883.44	10.0
886.68	10.0
963.72	10.0
992.92	10.0
1055.88	10.0
1058.4	10.0
1170.92	10.0
1181.88	10.0
1302.56	10.0
42.32	11.0
399.28	11.0
893.76	11.0
968.32	11.0
9.6	11.0
303.2	11.0
327.12	11.0
363.72	11.0
396.64	11.0
485.24	11.0
488.0	11.0
530.28	11.0
575.8	11.0
657.24	11.0
666.12	11.0
686.48	11.0
762.76	11.0
810.04	11.0
959.72	11.0
1163.64	11.0
1262.24	11.0
820.32	12.0
853.88	12.0
870.0	13.0
855.92	13.0
1354.48	13.0
395.64	14.0
312.88	14.0
682.24	15.0
776.48	15.0
1036.08	15.0
1160.6	15.0
374.84	16.0
849.08	16.0
1131.48	16.0
462.88	17.0
938.16	17.0
29.2	20.0
302.6	20.0
1033.76	20.0
28.28	21.0
306.32	21.0
16.4	21.0
40.16	21.0
58.84	21.0
87.4	21.0
111.44	21.0
302.48	21.0
309.32	21.0
318.12	21.0
322.0	21.0
337.2	21.0
366.08	21.0
413.12	21.0
501.32	21.0
829.36	21.0
916.96	21.0
944.28	21.0
974.16	21.0
30.96	22.0
306.28	22.0
324.72	22.0
452.64	22.0
743.12	22.0
825.8	22.0
869.88	22.0
903.28	22.0
1066.64	22.0
1104.68	22.0
1162.96	22.0
1166.96	22.0
1230.4	22.0
1271.36	22.0
304.44	23.0
8.72	23.0
26.8	23.0
40.6	23.0
309.24	23.0
311.76	23.0
320.12	23.0
326.64	23.0
339.64	23.0
366.16	23.0
378.4	23.0
382.4	23.0
404.44	23.0
429.28	23.0
452.8	23.0
462.72	23.0
502.16	23.0
557.28	23.0
717.04	23.0
739.04	23.0
754.04	23.0
779.52	23.0
821.2	23.0
823.76	23.0
843.04	23.0
870.0	23.0
894.56	23.0
933.68	23.0
944.48	23.0
1002.6	23.0
1128.0	23.0
1141.32	23.0
1201.6	23.0
1230.56	23.0
1254.44	23.0
1260.04	23.0
1271.48	23.0
1306.2	23.0
302.56	24.0
362.96	24.0
2.92	24.0
5.44	24.0
17.36	24.0
28.4	24.0
313.4	24.0
344.48	24.0
817.28	24.0
5.68	25.0
308.56	25.0
713.48	25.0
732.48	25.0
791.32	25.0
3.08	26.0
805.16	26.0
861.68	26.0
1218.6	26.0
8.56	26.0
14.96	26.0
20.92	26.0
30.6	26.0
35.44	26.0
47.4	26.0
58.68	26.0
86.36	26.0
143.72	26.0
171.0	26.0
242.48	26.0
302.96	26.0
311.48	26.0
320.44	26.0
330.92	26.0
339.76	26.0
352.32	26.0
363.2	26.0
382.4	26.0
415.52	26.0
451.48	26.0
513.68	26.0
677.16	26.0
720.68	26.0
737.76	26.0
748.52	26.0
791.24	26.0
812.4	26.0
828.04	26.0
841.72	26.0
857.64	26.0
875.4	26.0
895.92	26.0
902.84	26.0
909.16	26.0
914.16	26.0
933.52	26.0
943.2	26.0
950.6	26.0
963.76	26.0
983.88	26.0
997.64	26.0
1024.36	26.0
1032.92	26.0
1071.72	26.0
1128.64	26.0
1152.6	26.0
1163.08	26.0
1210.76	26.0
302.48	27.0
899.8	27.0
950.12	27.0
1026.32	27.0
1076.08	27.0
1164.24	27.0
1351.8	28.0
2.56	28.0
302.52	28.0
305.24	28.0
310.28	28.0
356.68	28.0
400.28	28.0
500.76	28.0
525.12	28.0
542.92	28.0
580.36	28.0
596.92	28.0
639.08	28.0
666.24	28.0
690.24	28.0
732.28	28.0
762.64	28.0
787.2	28.0
819.12	28.0
985.36	28.0
998.16	28.0
1137.92	28.0
1265.4	28.0
786.6	29.0
30.0	30.0
38.72	30.0
44.96	30.0
71.04	30.0
109.24	30.0
147.88	30.0
181.76	30.0
303.96	30.0
325.2	30.0
335.92	30.0
393.92	30.0
421.92	30.0
465.52	30.0
484.12	30.0
707.32	30.0
844.12	30.0
969.8	30.0
303.36	31.0
9.52	31.0
20.92	31.0
57.88	31.0
306.2	31.0
310.16	31.0
325.56	31.0
396.12	31.0
992.52	31.0
28.24	33.0
304.84	33.0
827.12	33.0
1006.64	33.0
302.48	34.0
779.72	34.0
878.92	34.0
1293.92	34.0
7.44	35.0
26.24	35.0
34.32	35.0
49.08	35.0
60.16	35.0
307.32	35.0
309.84	35.0
318.8	35.0
334.6	35.0
339.24	35.0
365.24	35.0
503.24	35.0
774.12	35.0
779.08	35.0
785.6	35.0
795.88	35.0
815.36	35.0
828.96	35.0
835.56	35.0
846.52	35.0
858.72	35.0
880.52	35.0
896.68	35.0
902.92	35.0
933.56	35.0
938.8	35.0
963.92	35.0
974.4	35.0
979.16	35.0
1003.96	35.0
1006.52	35.0
1009.36	35.0
1046.64	35.0
1088.04	35.0
1105.76	35.0
1129.28	35.0
1140.64	35.0
1191.96	35.0
1204.72	35.0
1231.08	35.0
1271.08	35.0
1305.64	35.0
1347.2	35.0
8.84	36.0
29.16	36.0
304.68	36.0
361.4	36.0
509.24	36.0
588.88	36.0
665.76	36.0
734.92	36.0
768.68	36.0
863.0	36.0
931.04	36.0
1075.4	36.0
1127.8	36.0
1162.44	36.0
