344.96	1.0
936.88	1.0
235.52	2.0
61.2	2.0
86.76	2.0
91.8	2.0
122.52	2.0
139.72	2.0
151.76	2.0
172.04	2.0
181.64	2.0
185.24	2.0
190.72	2.0
199.92	2.0
206.64	2.0
218.12	2.0
231.84	2.0
253.64	2.0
284.6	2.0
287.36	2.0
311.24	2.0
323.24	2.0
346.4	2.0
356.48	2.0
380.32	2.0
601.8	2.0
683.4	2.0
834.24	2.0
873.96	2.0
889.08	2.0
906.8	2.0
913.8	2.0
956.32	2.0
961.08	2.0
998.08	2.0
1049.0	2.0
1070.24	2.0
1090.72	2.0
1168.36	2.0
1200.36	2.0
235.8	3.0
1006.56	3.0
60.96	3.0
90.72	3.0
122.72	3.0
168.48	3.0
184.32	3.0
190.68	3.0
194.92	3.0
225.56	3.0
264.68	3.0
269.68	3.0
287.52	3.0
310.24	3.0
319.68	3.0
328.12	3.0
683.2	3.0
873.88	3.0
878.32	3.0
892.04	3.0
940.48	3.0
1049.2	3.0
1071.92	3.0
1113.84	3.0
1187.08	3.0
1222.64	3.0
198.04	4.0
93.68	4.0
170.04	4.0
195.4	4.0
223.8	4.0
235.76	4.0
247.36	4.0
264.52	4.0
284.72	4.0
297.36	4.0
309.04	4.0
312.12	4.0
314.88	4.0
327.56	4.0
340.68	4.0
357.68	4.0
380.8	4.0
405.36	4.0
432.2	4.0
455.4	4.0
469.36	4.0
488.88	4.0
515.76	4.0
535.12	4.0
578.48	4.0
596.64	4.0
644.72	4.0
748.16	4.0
873.16	4.0
885.96	4.0
893.84	4.0
917.88	4.0
927.48	4.0
941.96	4.0
968.4	4.0
986.88	4.0
1006.44	4.0
1028.8	4.0
1046.44	4.0
1073.8	4.0
1077.6	4.0
1091.72	4.0
1106.88	4.0
1136.72	4.0
1154.4	4.0
1183.84	4.0
1195.28	4.0
1222.16	4.0
1235.68	4.0
1256.36	4.0
309.04	5.0
312.12	5.0
310.52	6.0
184.52	6.0
215.72	6.0
251.56	6.0
359.68	6.0
402.48	6.0
460.52	6.0
493.04	6.0
575.16	6.0
622.68	6.0
852.12	6.0
890.44	6.0
930.0	6.0
972.24	6.0
1031.36	6.0
1145.08	6.0
1191.56	6.0
1272.08	6.0
452.68	7.0
171.64	8.0
268.96	8.0
302.84	8.0
316.8	8.0
342.16	8.0
872.88	8.0
901.52	8.0
1009.12	8.0
1225.96	8.0
67.64	9.0
109.32	9.0
141.68	9.0
171.76	9.0
174.92	9.0
246.4	9.0
299.48	9.0
421.2	9.0
914.32	9.0
237.4	10.0
264.52	10.0
892.24	10.0
972.32	10.0
85.2	10.0
205.36	10.0
219.44	10.0
267.84	10.0
285.36	10.0
333.0	10.0
339.08	10.0
405.2	10.0
450.08	10.0
703.68	10.0
844.72	10.0
954.6	10.0
1192.68	10.0
358.72	11.0
950.52	11.0
1187.08	11.0
86.12	11.0
118.8	11.0
170.04	11.0
218.08	11.0
235.84	11.0
272.08	11.0
284.4	11.0
317.56	11.0
417.32	11.0
506.4	11.0
799.92	11.0
828.32	11.0
879.68	11.0
933.08	11.0
998.12	11.0
1048.24	11.0
1216.2	11.0
93.36	12.0
310.64	12.0
187.56	12.0
296.76	12.0
316.36	12.0
1047.0	12.0
1236.8	12.0
921.56	13.0
314.6	13.0
339.8	13.0
535.8	13.0
962.84	13.0
1008.68	13.0
316.36	14.0
343.56	14.0
350.8	14.0
601.36	14.0
302.56	15.0
944.28	15.0
233.12	16.0
302.52	16.0
562.36	16.0
598.76	16.0
739.08	16.0
853.88	16.0
893.56	16.0
960.6	16.0
1150.64	16.0
383.76	17.0
235.48	20.0
190.64	21.0
422.36	21.0
244.64	21.0
248.6	21.0
265.36	21.0
279.12	21.0
291.72	21.0
302.64	21.0
309.56	21.0
315.32	21.0
323.24	21.0
342.0	21.0
375.6	21.0
438.0	21.0
533.76	21.0
980.6	21.0
1093.8	21.0
1283.8	21.0
38.96	22.0
94.16	22.0
187.6	22.0
236.04	22.0
268.32	22.0
302.52	22.0
327.16	22.0
357.24	22.0
378.4	22.0
404.0	22.0
409.72	22.0
500.16	22.0
580.28	22.0
718.6	22.0
921.28	22.0
960.76	22.0
995.04	22.0
1069.28	22.0
1097.12	22.0
1224.2	22.0
207.08	23.0
241.68	23.0
302.84	23.0
1032.24	23.0
83.76	23.0
158.16	23.0
162.68	23.0
172.52	23.0
175.44	23.0
179.32	23.0
222.92	23.0
229.52	23.0
237.44	23.0
257.28	23.0
270.16	23.0
285.16	23.0
318.84	23.0
321.36	23.0
325.64	23.0
360.28	23.0
381.52	23.0
405.92	23.0
462.12	23.0
473.4	23.0
682.48	23.0
720.6	23.0
729.92	23.0
829.6	23.0
868.8	23.0
905.16	23.0
933.32	23.0
938.56	23.0
963.24	23.0
998.8	23.0
1070.32	23.0
1101.0	23.0
1152.56	23.0
1205.24	23.0
1226.4	23.0
1284.84	23.0
235.36	24.0
278.76	24.0
303.0	24.0
309.4	24.0
317.48	24.0
320.6	24.0
328.76	24.0
1132.76	24.0
139.8	25.0
232.44	25.0
6.36	26.0
156.16	26.0
177.12	26.0
192.24	26.0
209.08	26.0
223.76	26.0
234.32	26.0
250.72	26.0
260.6	26.0
288.28	26.0
302.48	26.0
310.24	26.0
316.12	26.0
321.16	26.0
327.0	26.0
344.0	26.0
359.64	26.0
377.28	26.0
402.88	26.0
423.72	26.0
447.72	26.0
470.8	26.0
478.16	26.0
483.16	26.0
534.2	26.0
562.76	26.0
635.64	26.0
647.64	26.0
839.32	26.0
897.16	26.0
925.08	26.0
976.08	26.0
1021.24	26.0
1036.16	26.0
1068.84	26.0
1116.12	26.0
1131.88	26.0
1213.92	26.0
302.8	27.0
491.36	27.0
799.64	27.0
931.44	27.0
359.8	28.0
145.36	28.0
150.76	28.0
169.64	28.0
195.76	28.0
213.68	28.0
231.6	28.0
286.24	28.0
302.64	28.0
314.32	28.0
321.16	28.0
324.52	28.0
343.16	28.0
382.44	28.0
420.72	28.0
453.56	28.0
531.24	28.0
687.08	28.0
798.4	28.0
833.36	28.0
969.24	28.0
1022.64	28.0
1154.6	28.0
1200.36	28.0
1298.84	28.0
245.76	29.0
309.4	29.0
1200.2	29.0
164.36	30.0
182.4	30.0
238.4	30.0
286.6	30.0
316.44	30.0
341.44	30.0
345.8	30.0
385.92	30.0
417.24	30.0
972.04	30.0
1031.24	30.0
285.68	31.0
316.08	31.0
1019.52	31.0
153.72	33.0
307.72	33.0
302.68	33.0
109.72	34.0
114.76	34.0
221.12	34.0
241.48	34.0
317.52	34.0
682.12	35.0
166.2	35.0
174.04	35.0
179.04	35.0
192.2	35.0
219.12	35.0
230.52	35.0
262.92	35.0
281.72	35.0
286.76	35.0
292.12	35.0
298.56	35.0
317.32	35.0
330.4	35.0
341.16	35.0
344.84	35.0
358.6	35.0
381.36	35.0
402.76	35.0
407.6	35.0
428.16	35.0
445.32	35.0
452.16	35.0
466.36	35.0
502.64	35.0
508.84	35.0
533.2	35.0
552.8	35.0
635.2	35.0
699.4	35.0
719.44	35.0
863.6	35.0
873.16	35.0
883.8	35.0
892.0	35.0
910.32	35.0
927.8	35.0
943.2	35.0
962.08	35.0
972.88	35.0
985.64	35.0
1000.52	35.0
1022.2	35.0
1032.56	35.0
1075.12	35.0
1092.92	35.0
1121.4	35.0
1129.44	35.0
1132.04	35.0
1143.28	35.0
1149.24	35.0
1157.68	35.0
1195.6	35.0
1208.76	35.0
1244.92	35.0
1252.52	35.0
85.84	36.0
920.12	36.0
