302.92	1.0
307.96	1.0
1131.92	1.0
827.96	2.0
929.72	2.0
309.68	2.0
314.32	2.0
320.72	2.0
332.44	2.0
338.52	2.0
347.28	2.0
356.92	2.0
364.16	2.0
374.12	2.0
449.56	2.0
465.04	2.0
506.36	2.0
516.56	2.0
524.88	2.0
554.2	2.0
565.36	2.0
587.8	2.0
607.4	2.0
614.52	2.0
627.92	2.0
664.92	2.0
672.88	2.0
684.0	2.0
718.6	2.0
757.0	2.0
760.48	2.0
780.36	2.0
794.4	2.0
799.12	2.0
824.52	2.0
869.92	2.0
888.24	2.0
906.36	2.0
910.92	2.0
938.4	2.0
954.92	2.0
975.6	2.0
1006.04	2.0
1009.2	2.0
1052.52	2.0
1120.68	2.0
1148.92	2.0
1180.64	2.0
1221.76	2.0
1247.12	2.0
1253.76	2.0
1256.64	2.0
1286.84	2.0
1345.64	2.0
306.12	3.0
311.88	3.0
314.84	3.0
357.4	3.0
929.68	3.0
1257.12	3.0
309.04	3.0
337.36	3.0
341.84	3.0
347.0	3.0
352.68	3.0
360.44	3.0
364.12	3.0
390.4	3.0
407.68	3.0
413.12	3.0
441.48	3.0
587.04	3.0
651.2	3.0
718.92	3.0
750.12	3.0
760.64	3.0
773.28	3.0
809.96	3.0
828.4	3.0
883.6	3.0
910.44	3.0
939.0	3.0
975.52	3.0
1002.32	3.0
1021.6	3.0
1065.76	3.0
1089.88	3.0
1235.72	3.0
308.96	4.0
311.88	4.0
323.08	4.0
332.64	4.0
341.4	4.0
352.44	4.0
392.16	4.0
476.48	4.0
500.12	4.0
773.04	4.0
813.84	4.0
953.16	4.0
975.16	4.0
999.92	4.0
1019.6	4.0
1067.08	4.0
1089.36	4.0
1124.56	4.0
1141.32	4.0
1184.32	4.0
1236.8	4.0
1257.04	4.0
1289.76	4.0
1314.12	4.0
308.96	5.0
312.16	5.0
330.44	5.0
340.04	5.0
371.68	5.0
394.68	5.0
523.6	5.0
310.48	6.0
342.92	6.0
345.8	6.0
440.04	6.0
496.32	6.0
606.48	6.0
640.92	6.0
670.08	6.0
698.96	6.0
738.04	6.0
770.08	6.0
812.24	6.0
851.04	6.0
902.76	6.0
936.16	6.0
973.64	6.0
1014.56	6.0
1083.84	6.0
1122.16	6.0
1180.16	6.0
1217.48	6.0
1286.88	6.0
1349.16	6.0
454.36	7.0
1137.4	7.0
313.4	8.0
322.16	8.0
329.4	8.0
351.88	8.0
594.0	8.0
880.28	8.0
939.68	8.0
957.08	8.0
1024.56	8.0
1127.88	8.0
1306.48	8.0
307.96	9.0
596.52	10.0
715.04	10.0
978.24	10.0
302.48	10.0
309.48	10.0
313.16	10.0
323.28	10.0
331.96	10.0
336.76	10.0
357.52	10.0
452.28	10.0
507.36	10.0
533.2	10.0
559.44	10.0
587.44	10.0
610.72	10.0
651.6	10.0
696.76	10.0
718.92	10.0
776.2	10.0
844.16	10.0
1038.48	10.0
1213.2	10.0
1290.24	10.0
1349.32	10.0
312.6	11.0
979.16	11.0
1111.32	11.0
302.92	11.0
309.52	11.0
321.68	11.0
336.44	11.0
364.84	11.0
557.16	11.0
684.92	11.0
795.52	11.0
842.28	11.0
884.48	11.0
888.24	11.0
975.44	11.0
1008.2	11.0
1074.76	11.0
1172.88	11.0
1181.84	11.0
1341.28	11.0
363.64	12.0
336.36	12.0
352.32	12.0
1292.52	12.0
329.4	13.0
340.44	13.0
394.96	13.0
416.08	13.0
959.44	13.0
1272.64	13.0
312.88	14.0
320.6	14.0
342.2	14.0
591.44	14.0
771.0	14.0
1347.04	14.0
320.6	15.0
327.88	15.0
348.08	15.0
352.96	15.0
377.32	16.0
479.16	16.0
559.52	16.0
900.32	16.0
313.04	17.0
327.96	17.0
355.68	17.0
339.4	18.0
314.04	18.0
323.2	18.0
302.76	20.0
313.52	20.0
345.08	20.0
363.8	20.0
452.68	20.0
1022.48	20.0
314.44	21.0
352.6	21.0
515.88	21.0
306.24	21.0
308.96	21.0
322.4	21.0
330.48	21.0
336.8	21.0
339.88	21.0
343.96	21.0
350.08	21.0
365.4	21.0
372.08	21.0
374.72	21.0
380.24	21.0
392.6	21.0
399.0	21.0
414.52	21.0
423.28	21.0
431.68	21.0
438.88	21.0
459.04	21.0
489.0	21.0
502.12	21.0
539.48	21.0
556.76	21.0
573.92	21.0
589.84	21.0
592.44	21.0
604.84	21.0
608.72	21.0
626.0	21.0
638.24	21.0
661.04	21.0
688.84	21.0
700.6	21.0
720.24	21.0
728.52	21.0
754.44	21.0
793.08	21.0
817.36	21.0
841.68	21.0
897.24	21.0
938.68	21.0
958.56	21.0
979.6	21.0
1000.64	21.0
1017.64	21.0
1021.0	21.0
1040.04	21.0
1049.44	21.0
1054.08	21.0
1064.76	21.0
1085.36	21.0
1113.28	21.0
1116.4	21.0
1137.88	21.0
1150.64	21.0
1172.16	21.0
1174.68	21.0
1205.24	21.0
1223.32	21.0
1249.56	21.0
1270.56	21.0
1273.24	21.0
1312.8	21.0
1344.68	21.0
336.84	22.0
339.84	22.0
846.16	22.0
302.64	22.0
314.44	22.0
329.0	22.0
349.68	22.0
352.56	22.0
365.2	22.0
372.88	22.0
414.12	22.0
478.52	22.0
501.12	22.0
512.04	22.0
773.48	22.0
909.8	22.0
926.52	22.0
944.24	22.0
998.56	22.0
1059.28	22.0
1061.8	22.0
1236.64	22.0
1275.52	22.0
314.32	23.0
416.56	23.0
611.28	23.0
920.16	23.0
308.44	23.0
338.48	23.0
341.48	23.0
349.32	23.0
359.44	23.0
373.0	23.0
394.96	23.0
549.16	23.0
635.96	23.0
673.56	23.0
688.4	23.0
707.72	23.0
773.68	23.0
777.2	23.0
813.0	23.0
910.28	23.0
975.24	23.0
1000.64	23.0
1092.88	23.0
1126.24	23.0
1235.52	23.0
1242.96	23.0
1251.52	23.0
1259.88	23.0
1323.28	23.0
1346.04	23.0
1348.64	23.0
302.52	24.0
308.24	24.0
314.16	24.0
319.52	24.0
330.08	24.0
345.08	24.0
349.28	24.0
380.68	24.0
678.04	24.0
935.08	24.0
975.84	24.0
998.4	24.0
1003.52	24.0
1021.6	24.0
1029.4	24.0
1090.6	24.0
1252.88	24.0
1347.4	24.0
314.36	25.0
380.88	25.0
935.4	25.0
976.08	25.0
1029.72	25.0
302.68	25.0
310.52	25.0
327.12	25.0
343.0	25.0
352.12	25.0
363.96	25.0
373.24	25.0
606.56	25.0
979.96	26.0
302.72	26.0
307.68	26.0
311.64	26.0
327.48	26.0
331.32	26.0
337.92	26.0
344.64	26.0
348.28	26.0
353.52	26.0
359.56	26.0
365.96	26.0
371.24	26.0
386.28	26.0
389.04	26.0
394.44	26.0
406.6	26.0
416.52	26.0
429.8	26.0
456.28	26.0
470.92	26.0
476.48	26.0
480.92	26.0
515.56	26.0
521.28	26.0
541.2	26.0
557.8	26.0
570.64	26.0
576.92	26.0
580.2	26.0
592.28	26.0
639.2	26.0
649.64	26.0
663.04	26.0
681.12	26.0
708.8	26.0
725.28	26.0
740.92	26.0
772.32	26.0
805.92	26.0
810.08	26.0
852.04	26.0
877.0	26.0
882.8	26.0
900.64	26.0
919.64	26.0
931.28	26.0
944.2	26.0
961.32	26.0
989.72	26.0
998.96	26.0
1011.0	26.0
1020.88	26.0
1025.8	26.0
1041.04	26.0
1069.32	26.0
1087.28	26.0
1118.72	26.0
1123.6	26.0
1144.64	26.0
1153.56	26.0
1174.96	26.0
1199.8	26.0
1235.12	26.0
1246.44	26.0
1253.64	26.0
1280.6	26.0
1286.64	26.0
1298.16	26.0
1303.36	26.0
1322.72	26.0
1327.24	26.0
1345.4	26.0
997.48	27.0
302.6	27.0
323.96	27.0
339.08	27.0
427.48	27.0
438.2	27.0
458.88	27.0
1152.2	27.0
1251.88	27.0
357.96	28.0
475.24	28.0
1318.76	28.0
302.64	28.0
307.04	28.0
309.8	28.0
322.0	28.0
327.08	28.0
330.64	28.0
341.48	28.0
379.88	28.0
410.48	28.0
524.64	28.0
831.08	28.0
841.08	28.0
976.28	28.0
1055.12	28.0
329.72	29.0
311.88	29.0
322.8	29.0
332.84	29.0
356.96	29.0
375.84	29.0
308.72	30.0
350.84	30.0
407.48	30.0
441.12	30.0
451.56	30.0
465.0	30.0
501.8	30.0
569.96	30.0
591.24	30.0
629.08	30.0
676.08	30.0
714.8	30.0
729.8	30.0
814.76	30.0
817.36	30.0
883.16	30.0
901.32	30.0
945.96	30.0
981.0	30.0
1002.08	30.0
1021.12	30.0
1085.24	30.0
1186.84	30.0
1237.52	30.0
1269.24	30.0
1297.68	30.0
313.2	31.0
323.84	31.0
362.4	31.0
414.52	31.0
1020.36	31.0
407.48	33.0
998.88	33.0
349.52	34.0
393.44	34.0
414.2	34.0
474.96	34.0
303.0	34.0
346.28	34.0
355.88	34.0
380.04	34.0
395.96	34.0
411.28	34.0
632.72	34.0
761.6	34.0
1082.2	34.0
302.76	35.0
306.32	35.0
309.56	35.0
313.6	35.0
321.56	35.0
329.72	35.0
332.92	35.0
340.32	35.0
343.88	35.0
348.32	35.0
353.52	35.0
358.52	35.0
364.44	35.0
370.88	35.0
378.72	35.0
382.4	35.0
394.52	35.0
401.6	35.0
406.36	35.0
413.68	35.0
416.56	35.0
424.64	35.0
433.16	35.0
444.44	35.0
452.2	35.0
465.24	35.0
475.52	35.0
479.88	35.0
489.6	35.0
512.56	35.0
541.64	35.0
553.72	35.0
568.6	35.0
584.4	35.0
593.16	35.0
618.2	35.0
636.28	35.0
651.8	35.0
673.44	35.0
675.96	35.0
702.08	35.0
724.32	35.0
765.8	35.0
798.24	35.0
812.16	35.0
878.52	35.0
907.48	35.0
910.88	35.0
923.08	35.0
930.24	35.0
957.48	35.0
980.92	35.0
999.32	35.0
1007.96	35.0
1017.88	35.0
1065.0	35.0
1070.56	35.0
1084.6	35.0
1126.24	35.0
1153.04	35.0
1178.16	35.0
1184.08	35.0
1202.64	35.0
1233.2	35.0
1280.76	35.0
1293.36	35.0
1313.24	35.0
311.56	36.0
322.0	36.0
332.64	36.0
353.12	36.0
360.52	36.0
377.68	36.0
520.16	36.0
807.28	36.0
867.24	36.0
895.48	36.0
915.0	36.0
1139.36	36.0
1311.16	36.0
