312.32	1.0
322.4	1.0
344.6	1.0
360.48	1.0
701.04	1.0
973.04	1.0
1055.12	1.0
309.92	2.0
335.76	2.0
312.68	2.0
316.0	2.0
320.72	2.0
324.0	2.0
333.24	2.0
347.28	2.0
361.8	2.0
366.36	2.0
372.4	2.0
411.4	2.0
419.28	2.0
423.8	2.0
445.44	2.0
491.04	2.0
493.56	2.0
515.48	2.0
544.64	2.0
588.28	2.0
593.36	2.0
701.36	2.0
755.88	2.0
783.6	2.0
807.36	2.0
885.0	2.0
973.4	2.0
990.48	2.0
1034.28	2.0
1055.44	2.0
1072.16	2.0
1103.88	2.0
1119.88	2.0
1216.6	2.0
1268.6	2.0
1301.16	2.0
1361.4	2.0
391.84	3.0
493.8	3.0
784.0	3.0
851.04	3.0
302.92	3.0
309.84	3.0
312.36	3.0
316.4	3.0
322.0	3.0
326.48	3.0
334.76	3.0
344.56	3.0
348.08	3.0
355.96	3.0
367.08	3.0
385.8	3.0
400.72	3.0
413.56	3.0
423.68	3.0
446.36	3.0
470.52	3.0
506.28	3.0
524.52	3.0
545.32	3.0
566.48	3.0
599.6	3.0
651.84	3.0
671.84	3.0
702.56	3.0
793.96	3.0
808.16	3.0
860.44	3.0
1055.32	3.0
1062.24	3.0
1082.88	3.0
1108.2	3.0
1119.84	3.0
1132.08	3.0
1150.16	3.0
1173.92	3.0
1301.32	3.0
1305.68	3.0
309.0	4.0
312.0	4.0
323.4	4.0
337.44	4.0
346.48	4.0
369.6	4.0
387.72	4.0
402.4	4.0
454.08	4.0
490.36	4.0
508.8	4.0
527.0	4.0
544.88	4.0
567.92	4.0
601.88	4.0
629.8	4.0
647.84	4.0
681.92	4.0
725.8	4.0
777.16	4.0
807.76	4.0
851.0	4.0
862.92	4.0
1054.28	4.0
1073.0	4.0
1100.84	4.0
1111.44	4.0
1154.6	4.0
1176.08	4.0
1194.44	4.0
1218.4	4.0
1308.4	4.0
1355.0	4.0
325.64	5.0
309.0	5.0
312.08	5.0
321.48	5.0
310.48	6.0
319.56	6.0
338.16	6.0
397.52	6.0
480.64	6.0
517.12	6.0
599.48	6.0
645.32	6.0
698.2	6.0
766.2	6.0
833.36	6.0
1070.64	6.0
1094.48	6.0
1148.52	6.0
1154.2	6.0
1192.68	6.0
1300.72	6.0
1174.48	7.0
570.68	7.0
779.4	7.0
302.96	8.0
313.08	8.0
324.04	8.0
332.4	8.0
343.92	8.0
386.48	8.0
398.24	8.0
412.64	8.0
429.64	8.0
533.56	8.0
571.84	8.0
628.12	8.0
688.0	8.0
708.84	8.0
851.72	8.0
1020.28	8.0
1076.88	8.0
1255.64	8.0
334.6	9.0
323.88	9.0
807.68	9.0
962.6	9.0
1059.36	9.0
1219.24	9.0
1383.32	9.0
357.48	10.0
787.52	10.0
302.64	10.0
309.88	10.0
313.76	10.0
316.68	10.0
321.32	10.0
333.64	10.0
340.28	10.0
346.2	10.0
361.04	10.0
386.0	10.0
420.72	10.0
444.04	10.0
490.64	10.0
603.4	10.0
744.6	10.0
869.52	10.0
974.08	10.0
1055.36	10.0
1087.2	10.0
1117.84	10.0
1162.92	10.0
1409.0	10.0
337.4	11.0
348.08	11.0
366.28	11.0
439.88	11.0
1084.16	11.0
309.72	11.0
312.64	11.0
319.84	11.0
323.76	11.0
333.72	11.0
340.52	11.0
359.88	11.0
392.4	11.0
446.24	11.0
474.32	11.0
490.92	11.0
530.56	11.0
569.04	11.0
592.0	11.0
629.04	11.0
682.04	11.0
685.52	11.0
770.68	11.0
799.76	11.0
822.2	11.0
948.84	11.0
974.44	11.0
993.04	11.0
1031.44	11.0
1051.0	11.0
1104.32	11.0
1120.52	11.0
1217.2	11.0
1266.0	11.0
1294.04	11.0
1395.04	11.0
320.12	12.0
336.32	12.0
662.48	12.0
681.92	12.0
1142.32	12.0
319.12	13.0
493.56	13.0
345.92	13.0
368.52	13.0
377.04	13.0
550.24	13.0
608.36	13.0
1280.76	13.0
1296.96	13.0
606.6	14.0
310.84	14.0
315.6	14.0
585.56	14.0
1324.88	15.0
334.32	15.0
1075.48	16.0
342.4	17.0
334.92	18.0
355.2	18.0
302.52	19.0
808.0	19.0
1117.16	19.0
1444.32	19.0
313.72	20.0
339.0	20.0
359.92	20.0
377.6	20.0
544.44	20.0
1024.8	20.0
322.96	21.0
325.48	21.0
329.16	21.0
347.16	21.0
357.56	21.0
367.72	21.0
378.56	21.0
409.36	21.0
439.48	21.0
476.76	21.0
507.28	21.0
534.28	21.0
555.32	21.0
604.24	21.0
640.0	21.0
708.6	21.0
757.96	21.0
809.76	21.0
1063.2	21.0
1080.6	21.0
1093.96	21.0
1148.68	21.0
1153.8	21.0
1166.4	21.0
1194.08	21.0
1220.52	21.0
1287.0	21.0
1312.08	21.0
646.88	22.0
310.8	22.0
321.28	22.0
336.0	22.0
339.04	22.0
362.68	22.0
390.76	22.0
416.84	22.0
490.8	22.0
543.96	22.0
567.64	22.0
603.68	22.0
680.24	22.0
817.08	22.0
1030.4	22.0
1052.84	22.0
1089.68	22.0
1147.96	22.0
1431.76	22.0
348.96	23.0
1100.24	23.0
1119.96	23.0
309.96	23.0
318.6	23.0
335.92	23.0
367.92	23.0
390.0	23.0
489.32	23.0
508.6	23.0
544.72	23.0
755.68	23.0
791.08	23.0
805.56	23.0
894.32	23.0
943.96	23.0
1054.16	23.0
1057.88	23.0
1087.24	23.0
1102.92	23.0
1137.52	23.0
1150.88	23.0
1171.24	23.0
1199.6	23.0
1218.12	23.0
1280.12	23.0
1297.88	23.0
1352.2	23.0
302.6	24.0
309.04	24.0
320.88	24.0
324.64	24.0
336.6	24.0
343.52	24.0
352.28	24.0
358.84	24.0
371.48	24.0
377.28	24.0
609.28	24.0
1057.56	24.0
1061.6	24.0
1237.6	24.0
1444.28	24.0
312.72	25.0
324.76	25.0
347.44	25.0
352.68	25.0
371.8	25.0
302.8	25.0
327.28	25.0
337.56	25.0
1021.8	25.0
309.2	26.0
302.84	26.0
314.76	26.0
319.2	26.0
322.44	26.0
327.0	26.0
335.28	26.0
341.96	26.0
345.32	26.0
348.24	26.0
353.76	26.0
356.56	26.0
359.6	26.0
363.36	26.0
369.84	26.0
379.64	26.0
383.08	26.0
396.68	26.0
415.8	26.0
429.28	26.0
441.08	26.0
445.08	26.0
452.92	26.0
464.16	26.0
486.48	26.0
495.96	26.0
516.88	26.0
532.04	26.0
548.52	26.0
569.24	26.0
573.12	26.0
584.2	26.0
627.08	26.0
652.4	26.0
684.72	26.0
700.48	26.0
738.92	26.0
741.92	26.0
794.52	26.0
843.24	26.0
861.12	26.0
989.36	26.0
1027.2	26.0
1040.12	26.0
1064.04	26.0
1092.76	26.0
1136.0	26.0
1158.32	26.0
1208.88	26.0
1214.36	26.0
1216.92	26.0
1236.2	26.0
1306.28	26.0
302.72	27.0
337.04	27.0
734.04	27.0
1104.48	27.0
1406.92	27.0
327.48	28.0
302.72	28.0
309.6	28.0
312.92	28.0
323.36	28.0
331.36	28.0
333.88	28.0
340.6	28.0
345.32	28.0
350.64	28.0
361.0	28.0
384.6	28.0
532.32	28.0
549.92	28.0
622.2	28.0
782.6	28.0
785.48	28.0
817.2	28.0
962.28	28.0
992.16	28.0
1031.52	28.0
1059.0	28.0
1382.96	28.0
1409.88	28.0
1447.84	28.0
311.88	29.0
326.28	29.0
333.76	29.0
345.12	29.0
348.6	29.0
352.56	29.0
374.76	29.0
494.04	29.0
527.64	29.0
549.76	29.0
1264.2	29.0
1301.68	29.0
345.76	30.0
310.0	30.0
321.56	30.0
332.84	30.0
349.16	30.0
359.16	30.0
368.2	30.0
376.56	30.0
399.52	30.0
420.0	30.0
458.16	30.0
484.32	30.0
535.44	30.0
569.16	30.0
610.24	30.0
631.96	30.0
784.88	30.0
821.28	30.0
1020.64	30.0
1173.84	30.0
1239.88	30.0
1379.6	30.0
316.36	31.0
325.76	31.0
348.68	31.0
358.6	31.0
419.2	31.0
426.32	31.0
1027.32	31.0
312.04	33.0
319.84	33.0
324.6	34.0
346.72	34.0
318.24	34.0
339.6	34.0
351.96	34.0
1078.84	34.0
325.84	35.0
331.76	35.0
311.56	35.0
319.4	35.0
329.12	35.0
335.68	35.0
339.68	35.0
346.0	35.0
351.28	35.0
354.44	35.0
358.44	35.0
363.28	35.0
367.52	35.0
378.64	35.0
409.28	35.0
427.52	35.0
445.56	35.0
451.96	35.0
470.16	35.0
481.36	35.0
487.2	35.0
497.96	35.0
519.4	35.0
527.88	35.0
582.48	35.0
590.8	35.0
604.76	35.0
624.6	35.0
636.76	35.0
654.04	35.0
730.28	35.0
755.48	35.0
822.6	35.0
856.04	35.0
1051.92	35.0
1103.04	35.0
1146.76	35.0
1171.08	35.0
1228.2	35.0
1257.2	35.0
1280.36	35.0
1303.52	35.0
1327.28	35.0
321.64	36.0
333.36	36.0
336.8	36.0
395.44	36.0
492.48	36.0
567.32	36.0
635.72	36.0
664.08	36.0
844.6	36.0
1021.48	36.0
1071.68	36.0
1157.2	36.0
