308.08	1.0
314.4	2.0
324.16	2.0
334.64	2.0
337.92	2.0
340.48	2.0
349.24	2.0
353.76	2.0
361.12	2.0
365.56	2.0
368.92	2.0
382.08	2.0
392.04	2.0
412.92	2.0
493.56	2.0
497.4	2.0
524.72	2.0
529.96	2.0
538.36	2.0
548.84	2.0
553.72	2.0
569.44	2.0
585.12	2.0
602.32	2.0
606.56	2.0
625.76	2.0
664.32	2.0
668.56	2.0
693.92	2.0
719.32	2.0
722.4	2.0
749.4	2.0
762.08	2.0
766.32	2.0
818.28	2.0
918.28	2.0
922.64	2.0
927.2	2.0
1025.76	2.0
1041.64	2.0
1176.84	2.0
1261.24	2.0
1295.32	2.0
308.84	3.0
326.6	3.0
353.72	3.0
318.72	3.0
323.76	3.0
333.12	3.0
342.4	3.0
348.76	3.0
360.96	3.0
368.84	3.0
390.96	3.0
402.88	3.0
406.68	3.0
433.28	3.0
489.2	3.0
557.36	3.0
668.72	3.0
688.0	3.0
699.84	3.0
742.8	3.0
820.04	3.0
850.0	3.0
915.12	3.0
927.36	3.0
995.72	3.0
1029.92	3.0
1256.64	3.0
1263.12	3.0
390.12	4.0
309.0	4.0
312.48	4.0
318.16	4.0
325.16	4.0
343.12	4.0
393.0	4.0
1029.68	4.0
1228.12	4.0
1313.24	4.0
309.0	5.0
341.4	5.0
344.2	5.0
354.4	5.0
358.84	5.0
336.16	6.0
1337.08	6.0
322.76	6.0
325.28	6.0
358.56	6.0
494.24	6.0
629.96	6.0
697.32	6.0
731.08	6.0
777.24	6.0
828.84	6.0
880.6	6.0
931.64	6.0
999.84	6.0
1068.48	6.0
1131.52	6.0
1197.0	6.0
1310.48	6.0
449.56	7.0
634.64	7.0
351.96	7.0
396.64	7.0
478.4	7.0
891.52	7.0
1291.36	7.0
327.4	8.0
307.84	8.0
312.64	8.0
322.32	8.0
341.28	8.0
355.68	8.0
384.32	8.0
405.6	8.0
426.52	8.0
436.92	8.0
477.84	8.0
711.96	8.0
792.36	8.0
910.68	8.0
993.88	8.0
1108.84	8.0
1166.52	8.0
1258.0	8.0
1287.44	8.0
326.12	9.0
340.44	9.0
335.72	10.0
913.0	10.0
1025.36	10.0
1284.64	10.0
302.48	10.0
321.32	10.0
324.24	10.0
346.04	10.0
352.08	10.0
402.6	10.0
433.16	10.0
450.72	10.0
463.92	10.0
488.84	10.0
491.64	10.0
525.56	10.0
573.2	10.0
614.12	10.0
618.6	10.0
764.44	10.0
795.88	10.0
896.28	10.0
962.6	10.0
1203.88	10.0
1261.48	10.0
313.6	11.0
873.4	11.0
915.12	11.0
1029.88	11.0
302.8	11.0
308.92	11.0
322.72	11.0
325.88	11.0
338.68	11.0
346.48	11.0
361.88	11.0
369.92	11.0
400.92	11.0
427.24	11.0
477.36	11.0
527.36	11.0
552.36	11.0
582.32	11.0
631.16	11.0
634.4	11.0
665.04	11.0
689.0	11.0
693.04	11.0
696.16	11.0
707.84	11.0
716.88	11.0
742.44	11.0
774.72	11.0
800.48	11.0
810.56	11.0
835.12	11.0
841.44	11.0
868.12	11.0
887.64	11.0
892.88	11.0
919.8	11.0
945.0	11.0
950.8	11.0
1037.84	11.0
1107.2	11.0
1113.8	11.0
1261.6	11.0
333.4	12.0
341.32	12.0
358.6	12.0
405.84	12.0
1289.56	12.0
312.2	13.0
325.04	13.0
333.32	13.0
356.88	13.0
794.12	13.0
323.48	14.0
370.8	14.0
552.52	14.0
753.36	14.0
756.04	14.0
1043.8	14.0
1324.84	14.0
313.32	15.0
328.48	15.0
335.64	15.0
343.68	15.0
347.64	15.0
358.6	15.0
535.24	15.0
613.2	15.0
302.48	16.0
328.28	16.0
371.72	16.0
460.76	16.0
307.56	17.0
321.36	18.0
333.48	18.0
336.64	18.0
355.24	18.0
343.36	18.0
1111.28	18.0
326.76	19.0
302.76	20.0
523.32	20.0
326.08	20.0
333.0	20.0
892.76	20.0
1004.84	20.0
325.76	21.0
306.08	21.0
322.08	21.0
335.08	21.0
343.72	21.0
352.88	21.0
358.16	21.0
361.64	21.0
371.08	21.0
382.44	21.0
396.56	21.0
408.16	21.0
410.76	21.0
428.2	21.0
445.0	21.0
464.12	21.0
493.92	21.0
511.0	21.0
527.0	21.0
544.64	21.0
554.8	21.0
583.28	21.0
588.64	21.0
629.28	21.0
671.84	21.0
688.28	21.0
701.0	21.0
722.32	21.0
755.16	21.0
759.28	21.0
775.28	21.0
798.64	21.0
801.16	21.0
818.72	21.0
826.28	21.0
840.32	21.0
864.12	21.0
872.12	21.0
888.48	21.0
914.12	21.0
939.88	21.0
958.84	21.0
978.48	21.0
996.64	21.0
1028.08	21.0
1041.16	21.0
1051.28	21.0
1063.96	21.0
1091.76	21.0
1109.68	21.0
1124.96	21.0
1132.52	21.0
1155.48	21.0
1160.6	21.0
1179.32	21.0
1184.08	21.0
1207.08	21.0
1228.32	21.0
1252.88	21.0
1255.4	21.0
1267.88	21.0
1285.4	21.0
1289.04	21.0
1291.72	21.0
1325.4	21.0
302.6	22.0
312.4	22.0
324.68	22.0
340.56	22.0
346.52	22.0
357.96	22.0
377.48	22.0
392.44	22.0
444.64	22.0
795.96	22.0
838.08	22.0
1042.8	22.0
1104.12	22.0
1253.28	22.0
1281.0	22.0
1288.8	22.0
341.56	23.0
349.24	23.0
364.44	23.0
320.2	23.0
323.08	23.0
327.56	23.0
334.96	23.0
443.16	23.0
511.96	23.0
556.56	23.0
670.68	23.0
692.16	23.0
716.04	23.0
757.08	23.0
779.32	23.0
794.64	23.0
817.24	23.0
983.2	23.0
1003.44	23.0
1048.0	23.0
1114.4	23.0
1139.92	23.0
1188.4	23.0
1268.16	23.0
1315.56	23.0
1343.88	23.0
302.72	24.0
322.04	24.0
755.28	24.0
313.4	24.0
344.72	24.0
356.68	24.0
430.92	24.0
450.76	24.0
492.2	24.0
512.56	24.0
549.68	24.0
573.76	24.0
604.6	24.0
608.68	24.0
634.8	24.0
678.24	24.0
793.84	24.0
831.04	24.0
1049.48	24.0
1132.76	24.0
1135.48	24.0
1255.72	24.0
1286.36	24.0
345.12	25.0
975.32	25.0
321.44	25.0
323.96	25.0
329.76	25.0
339.76	25.0
354.44	25.0
363.96	25.0
302.68	26.0
308.0	26.0
313.28	26.0
324.16	26.0
335.36	26.0
344.2	26.0
352.44	26.0
356.8	26.0
364.0	26.0
368.68	26.0
381.08	26.0
385.88	26.0
395.76	26.0
403.12	26.0
413.4	26.0
427.92	26.0
436.16	26.0
443.4	26.0
451.96	26.0
471.96	26.0
491.16	26.0
501.64	26.0
512.04	26.0
525.28	26.0
528.12	26.0
556.64	26.0
559.16	26.0
571.48	26.0
586.56	26.0
600.04	26.0
618.64	26.0
634.04	26.0
638.4	26.0
648.44	26.0
665.08	26.0
676.88	26.0
679.68	26.0
715.8	26.0
737.72	26.0
754.52	26.0
782.92	26.0
794.92	26.0
818.6	26.0
832.96	26.0
837.16	26.0
849.52	26.0
902.72	26.0
914.48	26.0
918.08	26.0
935.28	26.0
981.04	26.0
1002.76	26.0
1029.04	26.0
1033.88	26.0
1050.56	26.0
1062.08	26.0
1071.36	26.0
1083.4	26.0
1099.8	26.0
1112.28	26.0
1128.48	26.0
1137.92	26.0
1153.0	26.0
1156.36	26.0
1172.0	26.0
1175.52	26.0
1184.08	26.0
1227.04	26.0
1230.84	26.0
1245.0	26.0
1254.84	26.0
1262.52	26.0
1279.48	26.0
1290.92	26.0
1312.0	26.0
1316.4	26.0
1334.92	26.0
1343.36	26.0
302.6	27.0
472.36	27.0
489.04	27.0
862.0	27.0
1065.12	27.0
374.56	28.0
410.8	28.0
302.6	28.0
306.68	28.0
321.64	28.0
325.76	28.0
328.48	28.0
335.2	28.0
340.08	28.0
347.88	28.0
351.6	28.0
365.64	28.0
368.72	28.0
378.48	28.0
381.8	28.0
395.6	28.0
430.84	28.0
443.24	28.0
465.68	28.0
475.12	28.0
322.64	29.0
337.68	29.0
349.44	29.0
864.96	29.0
339.32	30.0
444.4	30.0
306.04	30.0
313.6	30.0
323.28	30.0
333.8	30.0
353.32	30.0
366.6	30.0
383.68	30.0
485.0	30.0
494.44	30.0
511.76	30.0
554.96	30.0
609.28	30.0
652.72	30.0
711.96	30.0
800.88	30.0
818.76	30.0
895.64	30.0
915.12	30.0
923.12	30.0
968.44	30.0
1022.16	30.0
1106.68	30.0
1141.12	30.0
1197.16	30.0
1211.32	30.0
1261.28	30.0
1287.68	30.0
1338.36	30.0
306.24	31.0
318.08	31.0
328.68	31.0
333.28	31.0
339.92	31.0
350.92	31.0
430.48	31.0
525.32	31.0
337.72	32.0
319.4	33.0
313.2	33.0
526.56	33.0
606.24	33.0
755.16	33.0
312.04	34.0
323.08	34.0
333.76	34.0
365.24	34.0
405.96	34.0
450.48	34.0
344.48	34.0
369.76	34.0
377.88	34.0
408.88	34.0
610.12	34.0
396.08	35.0
321.8	35.0
325.08	35.0
327.64	35.0
335.76	35.0
339.24	35.0
343.0	35.0
350.8	35.0
353.88	35.0
358.96	35.0
364.48	35.0
369.88	35.0
380.24	35.0
385.52	35.0
393.24	35.0
405.04	35.0
409.8	35.0
424.48	35.0
431.64	35.0
442.12	35.0
451.72	35.0
458.84	35.0
467.4	35.0
475.04	35.0
482.68	35.0
494.72	35.0
506.52	35.0
511.96	35.0
528.44	35.0
539.2	35.0
558.0	35.0
568.92	35.0
582.8	35.0
607.24	35.0
626.92	35.0
647.44	35.0
654.44	35.0
663.52	35.0
696.72	35.0
709.44	35.0
716.64	35.0
754.84	35.0
781.36	35.0
800.44	35.0
840.0	35.0
853.52	35.0
889.28	35.0
914.52	35.0
921.64	35.0
933.0	35.0
958.6	35.0
991.12	35.0
997.68	35.0
1024.96	35.0
1040.12	35.0
1043.12	35.0
1209.32	35.0
1253.56	35.0
302.68	36.0
314.32	36.0
320.96	36.0
333.0	36.0
344.4	36.0
433.24	36.0
822.24	36.0
