1004.96	1.0
366.48	2.0
382.52	2.0
311.48	2.0
316.04	2.0
319.12	2.0
328.84	2.0
335.0	2.0
340.6	2.0
347.0	2.0
351.48	2.0
357.2	2.0
362.16	2.0
391.48	2.0
400.96	2.0
403.96	2.0
417.16	2.0
420.96	2.0
541.56	2.0
655.56	2.0
662.32	2.0
682.2	2.0
788.84	2.0
1005.4	2.0
1022.52	2.0
1164.12	2.0
1224.4	2.0
1292.0	2.0
351.32	3.0
365.92	3.0
311.2	3.0
324.8	3.0
329.08	3.0
335.12	3.0
339.32	3.0
343.2	3.0
356.36	3.0
381.8	3.0
413.12	3.0
553.28	3.0
650.08	3.0
747.68	3.0
1001.84	3.0
1080.8	3.0
1168.12	3.0
309.0	4.0
311.52	4.0
333.88	4.0
1126.88	4.0
1256.2	4.0
309.0	5.0
311.8	5.0
318.72	5.0
329.28	5.0
333.8	5.0
341.64	5.0
406.68	5.0
310.0	6.0
313.96	6.0
333.56	6.0
394.0	6.0
419.72	6.0
458.32	6.0
493.32	6.0
582.12	6.0
622.84	6.0
677.32	6.0
764.48	6.0
817.88	6.0
860.52	6.0
923.76	6.0
939.88	6.0
979.2	6.0
1031.64	6.0
1080.44	6.0
1123.24	6.0
1185.4	6.0
1249.4	6.0
1298.12	6.0
1340.88	6.0
334.48	7.0
1264.44	7.0
346.72	7.0
358.32	7.0
363.44	7.0
397.84	7.0
479.96	7.0
599.88	7.0
764.96	7.0
886.52	7.0
302.84	8.0
317.04	8.0
320.6	8.0
342.68	8.0
408.16	8.0
428.12	8.0
967.92	8.0
1032.48	8.0
1078.08	8.0
1067.76	9.0
1194.32	9.0
347.16	10.0
523.64	10.0
605.36	10.0
674.72	10.0
302.48	10.0
311.6	10.0
328.68	10.0
338.28	10.0
343.72	10.0
351.04	10.0
372.16	10.0
420.76	10.0
659.72	10.0
1061.76	10.0
1168.2	10.0
1260.44	10.0
1315.64	10.0
892.92	11.0
1080.84	11.0
1175.52	11.0
302.96	11.0
309.24	11.0
318.6	11.0
328.2	11.0
335.48	11.0
339.92	11.0
347.6	11.0
353.8	11.0
357.92	11.0
366.0	11.0
368.6	11.0
381.92	11.0
400.28	11.0
419.48	11.0
493.68	11.0
542.0	11.0
608.44	11.0
611.96	11.0
643.28	11.0
660.68	11.0
719.56	11.0
1012.76	11.0
1059.56	11.0
1063.72	11.0
1141.96	11.0
1277.16	11.0
351.16	12.0
314.64	12.0
355.68	12.0
384.92	12.0
415.6	12.0
429.08	12.0
1080.92	12.0
1325.68	12.0
315.68	13.0
342.76	13.0
383.56	13.0
457.68	14.0
606.04	14.0
1226.64	14.0
339.48	15.0
359.32	15.0
731.36	15.0
344.2	16.0
373.56	16.0
311.52	18.0
729.08	18.0
844.4	18.0
1196.28	18.0
336.76	19.0
302.84	20.0
334.04	20.0
483.8	20.0
538.68	20.0
583.08	20.0
693.28	20.0
925.08	20.0
1145.76	20.0
1254.88	20.0
316.56	21.0
320.36	21.0
335.8	21.0
341.04	21.0
347.36	21.0
357.2	21.0
376.32	21.0
379.2	21.0
390.64	21.0
412.32	21.0
447.04	21.0
462.92	21.0
483.16	21.0
504.76	21.0
508.64	21.0
517.68	21.0
552.8	21.0
560.32	21.0
575.56	21.0
582.96	21.0
605.36	21.0
655.2	21.0
680.44	21.0
702.16	21.0
733.12	21.0
776.36	21.0
786.6	21.0
815.96	21.0
820.84	21.0
871.32	21.0
895.04	21.0
914.96	21.0
924.08	21.0
927.68	21.0
1025.92	21.0
1082.0	21.0
1113.84	21.0
1156.0	21.0
1175.68	21.0
1280.76	21.0
1337.84	21.0
337.12	22.0
302.6	22.0
312.0	22.0
317.68	22.0
326.6	22.0
348.52	22.0
356.48	22.0
362.56	22.0
379.56	22.0
505.08	22.0
602.52	22.0
605.6	22.0
622.64	22.0
757.8	22.0
782.28	22.0
1079.56	22.0
1098.88	22.0
1110.88	22.0
1164.28	22.0
324.56	23.0
311.96	23.0
344.12	23.0
356.28	23.0
369.6	23.0
626.56	23.0
730.28	23.0
1205.8	23.0
1277.4	23.0
1284.4	23.0
303.0	24.0
310.0	24.0
317.04	24.0
340.6	24.0
344.4	24.0
354.76	24.0
372.0	24.0
388.32	24.0
459.4	24.0
480.72	24.0
534.24	24.0
538.52	24.0
556.4	24.0
571.48	24.0
601.96	24.0
652.44	24.0
700.04	24.0
760.68	24.0
844.04	24.0
1273.72	24.0
317.32	25.0
626.48	25.0
760.96	25.0
302.56	25.0
313.08	25.0
327.44	25.0
335.72	25.0
341.84	25.0
353.88	25.0
371.36	25.0
1161.48	26.0
303.0	26.0
311.92	26.0
316.52	26.0
320.64	26.0
324.12	26.0
338.2	26.0
343.08	26.0
352.76	26.0
363.6	26.0
368.2	26.0
371.44	26.0
381.72	26.0
389.04	26.0
396.48	26.0
407.88	26.0
418.96	26.0
423.76	26.0
429.08	26.0
440.8	26.0
455.8	26.0
464.04	26.0
477.24	26.0
485.76	26.0
493.92	26.0
512.08	26.0
528.72	26.0
538.72	26.0
552.76	26.0
556.72	26.0
563.92	26.0
576.52	26.0
595.04	26.0
623.72	26.0
627.36	26.0
633.2	26.0
642.48	26.0
668.56	26.0
681.88	26.0
695.2	26.0
699.44	26.0
715.24	26.0
732.68	26.0
770.24	26.0
778.56	26.0
803.76	26.0
811.0	26.0
832.96	26.0
843.36	26.0
859.64	26.0
887.24	26.0
896.2	26.0
909.16	26.0
918.76	26.0
947.44	26.0
971.2	26.0
1004.2	26.0
1019.64	26.0
1052.56	26.0
1060.12	26.0
1083.6	26.0
1091.24	26.0
1111.68	26.0
1119.36	26.0
1145.88	26.0
1158.16	26.0
1166.36	26.0
1196.16	26.0
1212.72	26.0
1228.12	26.0
1246.12	26.0
1253.36	26.0
1259.48	26.0
1271.96	26.0
1296.6	26.0
1309.4	26.0
1321.92	26.0
302.6	27.0
345.44	27.0
480.0	27.0
682.84	27.0
765.64	27.0
810.76	27.0
1049.48	27.0
1160.84	27.0
1197.68	27.0
1329.96	27.0
394.08	28.0
302.52	28.0
315.92	28.0
328.44	28.0
340.56	28.0
348.6	28.0
351.12	28.0
358.56	28.0
377.52	28.0
830.96	28.0
1067.44	28.0
1250.96	28.0
319.32	29.0
333.16	29.0
350.12	29.0
374.44	29.0
316.16	30.0
339.6	30.0
345.92	30.0
360.12	30.0
384.88	30.0
424.96	30.0
462.0	30.0
475.24	30.0
576.36	30.0
607.0	30.0
629.64	30.0
779.32	30.0
797.92	30.0
842.92	30.0
1048.16	30.0
1077.08	30.0
1114.92	30.0
1150.88	30.0
1295.76	30.0
345.76	31.0
354.92	31.0
385.72	31.0
431.6	31.0
504.8	31.0
1048.48	31.0
327.6	33.0
356.56	33.0
817.08	33.0
302.8	33.0
310.92	34.0
338.48	34.0
341.08	34.0
1277.08	35.0
302.96	35.0
312.92	35.0
316.16	35.0
325.12	35.0
328.44	35.0
337.88	35.0
341.64	35.0
346.28	35.0
357.12	35.0
368.4	35.0
377.56	35.0
386.16	35.0
395.88	35.0
405.72	35.0
420.6	35.0
423.24	35.0
445.48	35.0
480.32	35.0
496.12	35.0
521.84	35.0
574.88	35.0
587.24	35.0
655.72	35.0
681.64	35.0
686.04	35.0
749.92	35.0
779.84	35.0
869.16	35.0
941.0	35.0
976.88	35.0
1025.84	35.0
1063.88	35.0
1149.88	35.0
1180.6	35.0
1204.6	35.0
1295.04	35.0
1312.4	35.0
1326.88	35.0
318.64	36.0
341.2	36.0
356.88	36.0
390.64	36.0
