19.08	1.0
232.84	1.0
345.0	1.0
49.36	2.0
98.44	2.0
136.76	2.0
148.16	2.0
218.72	2.0
233.24	2.0
258.08	2.0
306.04	2.0
308.92	2.0
311.92	2.0
315.72	2.0
319.12	2.0
337.08	2.0
348.0	2.0
359.2	2.0
516.52	2.0
109.44	3.0
162.36	3.0
273.44	3.0
285.76	3.0
302.48	3.0
308.48	3.0
316.04	3.0
318.64	3.0
309.0	4.0
312.2	4.0
315.32	4.0
309.04	5.0
312.88	5.0
316.56	5.0
309.04	6.0
311.96	6.0
318.52	6.0
343.84	6.0
439.64	6.0
585.44	6.0
21.8	7.0
295.04	7.0
321.4	7.0
353.24	7.0
12.56	8.0
82.28	8.0
264.64	8.0
302.8	8.0
324.32	8.0
348.32	8.0
530.28	8.0
49.68	9.0
319.84	9.0
339.72	9.0
94.56	10.0
273.12	10.0
312.92	10.0
501.96	10.0
17.56	10.0
88.88	10.0
176.76	10.0
302.64	10.0
306.0	10.0
109.48	11.0
162.4	11.0
285.8	11.0
81.12	11.0
100.88	11.0
302.64	11.0
306.04	11.0
315.96	11.0
327.28	11.0
119.68	12.0
135.2	12.0
158.64	12.0
170.52	12.0
316.24	12.0
330.56	12.0
115.96	13.0
132.24	13.0
314.08	13.0
356.8	13.0
128.84	14.0
338.56	14.0
381.96	14.0
302.8	15.0
302.48	16.0
95.32	20.0
319.88	21.0
49.32	21.0
102.28	21.0
137.16	21.0
157.52	21.0
178.84	21.0
198.8	21.0
224.76	21.0
258.76	21.0
302.56	21.0
316.48	21.0
338.0	21.0
348.04	21.0
368.52	21.0
432.72	21.0
313.48	22.0
308.04	23.0
49.16	23.0
99.08	23.0
117.16	23.0
134.88	23.0
162.0	23.0
182.52	23.0
204.28	23.0
270.32	23.0
330.32	23.0
338.12	23.0
346.72	23.0
368.12	23.0
542.88	23.0
140.48	24.0
164.48	24.0
231.2	24.0
245.24	24.0
320.88	24.0
387.4	24.0
451.48	24.0
164.72	25.0
321.08	25.0
451.68	25.0
43.8	26.0
49.64	26.0
61.16	26.0
64.96	26.0
70.96	26.0
89.6	26.0
94.04	26.0
114.56	26.0
122.48	26.0
143.28	26.0
162.32	26.0
164.84	26.0
179.24	26.0
198.32	26.0
213.4	26.0
230.56	26.0
246.44	26.0
269.2	26.0
294.12	26.0
302.52	26.0
309.0	26.0
314.12	26.0
318.28	26.0
326.16	26.0
333.56	26.0
342.04	26.0
347.8	26.0
357.32	26.0
369.6	26.0
379.92	26.0
390.0	26.0
392.92	26.0
403.88	26.0
416.6	26.0
441.6	26.0
485.8	26.0
497.16	26.0
504.64	26.0
538.44	26.0
557.12	26.0
575.6	26.0
625.24	26.0
302.68	27.0
330.28	27.0
49.32	28.0
56.08	28.0
117.08	28.0
169.08	28.0
270.44	28.0
302.52	28.0
314.04	28.0
319.48	28.0
329.92	28.0
186.6	29.0
319.92	29.0
326.6	29.0
67.48	30.0
98.32	30.0
121.2	30.0
161.08	30.0
261.04	30.0
280.4	30.0
318.84	30.0
349.24	30.0
354.36	30.0
431.56	30.0
315.96	31.0
355.28	31.0
392.48	33.0
302.64	33.0
306.36	33.0
316.52	34.0
321.76	34.0
311.68	35.0
61.92	35.0
99.52	35.0
127.96	35.0
162.64	35.0
165.16	35.0
168.04	35.0
182.44	35.0
192.96	35.0
267.96	35.0
295.12	35.0
302.88	35.0
306.48	35.0
314.88	35.0
335.36	35.0
348.2	35.0
322.16	36.0
