302.8	1.0
314.04	1.0
326.6	1.0
312.88	2.0
83.88	2.0
123.4	2.0
224.56	2.0
291.72	2.0
316.04	2.0
319.4	2.0
325.84	2.0
341.72	2.0
358.68	2.0
326.32	3.0
77.76	3.0
138.44	3.0
303.0	3.0
312.04	3.0
315.8	3.0
338.36	3.0
206.76	4.0
309.04	4.0
312.04	4.0
309.04	5.0
312.04	5.0
338.72	5.0
24.72	6.0
135.64	6.0
196.4	6.0
312.04	6.0
321.24	6.0
398.56	7.0
302.8	7.0
326.08	7.0
382.04	7.0
436.36	7.0
647.12	7.0
316.76	8.0
302.52	8.0
321.6	8.0
337.44	8.0
373.84	8.0
469.2	8.0
321.8	9.0
321.36	10.0
325.4	10.0
770.0	10.0
245.4	10.0
302.52	10.0
312.72	10.0
326.72	11.0
86.52	11.0
302.76	11.0
312.72	11.0
319.44	11.0
336.04	11.0
311.2	12.0
322.24	12.0
284.52	13.0
320.48	13.0
337.92	13.0
348.0	13.0
455.6	13.0
519.72	13.0
616.48	13.0
320.12	14.0
372.84	14.0
382.24	14.0
387.96	14.0
302.56	15.0
323.48	15.0
302.48	16.0
303.0	19.0
302.68	20.0
33.0	20.0
311.52	20.0
336.24	21.0
77.04	21.0
122.64	21.0
197.36	21.0
290.56	21.0
302.84	21.0
313.76	21.0
317.88	21.0
343.28	21.0
353.88	21.0
363.12	21.0
392.16	21.0
397.04	21.0
411.88	21.0
424.0	21.0
445.4	21.0
475.12	21.0
591.16	21.0
622.0	21.0
642.16	21.0
302.52	22.0
323.6	22.0
302.48	23.0
80.2	23.0
311.76	23.0
317.2	23.0
321.12	23.0
325.52	23.0
338.68	23.0
346.0	23.0
411.8	23.0
437.92	23.0
475.76	23.0
322.28	24.0
344.28	24.0
385.44	24.0
461.32	24.0
437.12	25.0
3.96	26.0
20.76	26.0
33.76	26.0
46.12	26.0
52.04	26.0
85.24	26.0
107.72	26.0
128.0	26.0
132.72	26.0
182.4	26.0
232.4	26.0
242.8	26.0
274.0	26.0
302.52	26.0
310.84	26.0
316.96	26.0
323.0	26.0
329.2	26.0
337.56	26.0
347.0	26.0
354.44	26.0
360.0	26.0
363.48	26.0
371.92	26.0
376.8	26.0
381.36	26.0
392.16	26.0
404.84	26.0
412.68	26.0
425.12	26.0
435.96	26.0
454.56	26.0
468.84	26.0
494.72	26.0
507.44	26.0
515.16	26.0
523.68	26.0
533.6	26.0
555.56	26.0
573.12	26.0
592.44	26.0
617.36	26.0
636.48	26.0
652.12	26.0
729.72	26.0
302.76	27.0
341.48	28.0
391.8	28.0
85.04	28.0
302.48	28.0
321.12	28.0
925.2	29.0
341.2	29.0
13.92	30.0
320.52	30.0
335.12	30.0
343.44	30.0
362.4	30.0
468.36	30.0
532.6	30.0
584.72	30.0
623.76	30.0
691.08	30.0
322.0	31.0
74.52	31.0
314.32	31.0
413.64	31.0
322.48	33.0
344.04	33.0
97.44	33.0
311.2	34.0
302.72	35.0
18.96	35.0
57.4	35.0
315.56	35.0
319.2	35.0
323.68	35.0
352.04	35.0
358.48	35.0
370.88	35.0
385.76	35.0
405.56	35.0
425.48	35.0
455.32	35.0
566.08	35.0
302.48	36.0
306.0	36.0
323.48	36.0
