869.16	1.0
228.76	1.0
234.96	1.0
245.72	2.0
217.16	2.0
223.8	2.0
229.2	2.0
231.76	2.0
240.88	2.0
253.96	2.0
269.32	2.0
277.04	2.0
284.36	2.0
323.04	2.0
397.48	2.0
434.84	2.0
457.4	2.0
478.96	2.0
485.32	2.0
500.4	2.0
507.68	2.0
533.76	2.0
545.04	2.0
564.8	2.0
579.6	2.0
600.76	2.0
607.04	2.0
618.92	2.0
628.88	2.0
641.8	2.0
648.68	2.0
674.04	2.0
677.96	2.0
681.4	2.0
702.92	2.0
721.76	2.0
726.92	2.0
731.6	2.0
734.2	2.0
755.6	2.0
771.96	2.0
793.68	2.0
822.12	2.0
844.56	2.0
858.12	2.0
881.16	2.0
921.84	2.0
951.52	2.0
965.4	2.0
986.92	2.0
1058.32	2.0
1118.92	2.0
1125.04	2.0
1171.16	2.0
1211.12	2.0
1226.56	2.0
1241.56	2.0
1308.56	2.0
1316.32	2.0
1319.12	2.0
1374.8	2.0
485.44	3.0
535.12	3.0
629.36	3.0
224.0	3.0
227.2	3.0
242.08	3.0
245.52	3.0
260.08	3.0
264.16	3.0
293.8	3.0
299.16	3.0
315.76	3.0
345.6	3.0
379.84	3.0
393.24	3.0
414.64	3.0
441.2	3.0
479.56	3.0
512.04	3.0
515.2	3.0
546.48	3.0
550.08	3.0
574.2	3.0
578.88	3.0
602.52	3.0
616.72	3.0
638.92	3.0
702.44	3.0
733.92	3.0
799.8	3.0
822.4	3.0
885.36	3.0
898.04	3.0
938.6	3.0
965.52	3.0
1036.72	3.0
1105.04	3.0
1118.64	3.0
1135.76	3.0
1173.32	3.0
1191.88	3.0
1212.88	3.0
1248.04	3.0
1257.72	3.0
1320.16	3.0
1349.04	3.0
252.6	4.0
270.68	4.0
1027.84	4.0
1243.96	4.0
1299.16	4.0
1349.36	4.0
293.64	4.0
271.92	5.0
276.88	5.0
898.52	5.0
236.04	5.0
244.44	5.0
260.56	5.0
286.56	5.0
312.44	5.0
409.52	5.0
532.6	5.0
252.4	6.0
231.96	6.0
266.56	6.0
298.4	6.0
405.36	6.0
443.36	6.0
569.2	6.0
635.96	6.0
728.64	6.0
800.68	6.0
897.24	6.0
967.96	6.0
1123.04	6.0
1253.36	6.0
1351.04	6.0
316.24	7.0
256.32	7.0
351.68	7.0
509.84	7.0
587.48	7.0
643.24	7.0
459.0	8.0
217.8	8.0
222.72	8.0
231.8	8.0
241.68	8.0
252.8	8.0
269.2	8.0
285.96	8.0
349.72	8.0
427.72	8.0
467.08	8.0
683.32	8.0
731.88	8.0
755.8	8.0
823.48	8.0
920.12	8.0
975.8	8.0
1212.04	8.0
1253.48	8.0
1264.88	8.0
1314.6	8.0
1348.28	8.0
230.04	9.0
235.24	9.0
224.88	9.0
243.84	9.0
429.96	9.0
443.68	9.0
579.48	9.0
623.88	9.0
796.04	9.0
870.12	9.0
956.2	9.0
1214.56	9.0
1311.32	9.0
232.16	10.0
245.96	10.0
259.96	10.0
264.32	10.0
754.16	10.0
218.64	10.0
229.4	10.0
254.04	10.0
269.36	10.0
309.0	10.0
312.36	10.0
364.96	10.0
412.48	10.0
457.04	10.0
479.96	10.0
502.96	10.0
552.88	10.0
598.4	10.0
606.4	10.0
676.4	10.0
735.16	10.0
1038.92	10.0
1155.08	10.0
1295.12	10.0
234.24	11.0
277.48	11.0
288.8	11.0
533.64	11.0
803.8	11.0
1218.52	11.0
219.92	11.0
224.04	11.0
229.56	11.0
260.36	11.0
268.0	11.0
271.0	11.0
292.64	11.0
309.0	11.0
311.92	11.0
350.48	11.0
395.48	11.0
432.32	11.0
435.32	11.0
468.36	11.0
495.72	11.0
565.24	11.0
575.4	11.0
601.2	11.0
619.88	11.0
653.4	11.0
700.08	11.0
732.08	11.0
754.32	11.0
769.6	11.0
783.64	11.0
819.32	11.0
860.88	11.0
874.76	11.0
892.2	11.0
894.96	11.0
915.52	11.0
990.68	11.0
1002.16	11.0
1067.84	11.0
1091.36	11.0
1114.6	11.0
1170.96	11.0
1182.36	11.0
1203.56	11.0
1211.56	11.0
1240.36	11.0
1280.96	11.0
1305.84	11.0
1309.2	11.0
1361.2	11.0
224.0	12.0
236.96	12.0
258.84	12.0
265.36	12.0
308.96	12.0
312.04	12.0
752.56	12.0
1241.76	12.0
1308.92	12.0
230.2	13.0
260.0	13.0
275.68	13.0
291.08	13.0
302.64	13.0
1124.96	13.0
259.84	14.0
223.68	14.0
235.4	14.0
271.56	14.0
282.36	14.0
288.36	14.0
302.88	14.0
353.64	14.0
1233.68	14.0
273.64	15.0
315.56	15.0
659.8	15.0
272.88	16.0
302.76	16.0
336.2	16.0
511.6	16.0
265.0	18.0
218.2	19.0
222.4	19.0
232.52	19.0
269.8	19.0
230.08	20.0
264.2	20.0
290.56	20.0
257.96	20.0
261.68	20.0
270.76	20.0
495.76	20.0
752.52	20.0
979.76	20.0
235.68	21.0
245.88	21.0
222.0	21.0
227.72	21.0
232.2	21.0
260.72	21.0
263.44	21.0
270.32	21.0
272.84	21.0
276.68	21.0
299.28	21.0
302.72	21.0
315.04	21.0
398.72	21.0
443.48	21.0
494.88	21.0
533.64	21.0
580.92	21.0
606.68	21.0
643.04	21.0
675.4	21.0
702.68	21.0
733.36	21.0
774.24	21.0
804.48	21.0
850.84	21.0
887.8	21.0
916.68	21.0
950.44	21.0
981.6	21.0
1005.64	21.0
1089.16	21.0
1093.64	21.0
1137.12	21.0
1168.4	21.0
1211.08	21.0
1234.0	21.0
1249.96	21.0
1265.64	21.0
1281.56	21.0
1296.08	21.0
1323.32	21.0
1327.6	21.0
1343.2	21.0
1354.68	21.0
1359.28	21.0
1370.12	21.0
302.72	22.0
227.8	22.0
234.72	22.0
242.92	22.0
256.8	22.0
260.56	22.0
266.44	22.0
280.12	22.0
291.44	22.0
312.52	22.0
1234.08	22.0
1244.2	22.0
222.44	23.0
229.64	23.0
233.76	23.0
242.76	23.0
262.12	23.0
278.16	23.0
436.16	23.0
542.28	23.0
550.12	23.0
983.56	23.0
1035.88	23.0
1132.12	23.0
1157.36	23.0
1220.4	23.0
1227.68	23.0
1251.52	23.0
1308.72	23.0
1360.96	23.0
229.84	24.0
234.52	24.0
258.12	24.0
263.84	24.0
266.56	24.0
272.04	24.0
278.6	24.0
288.0	24.0
290.8	24.0
302.68	24.0
660.8	24.0
1229.28	24.0
1241.68	24.0
1274.0	24.0
1321.6	24.0
1359.48	24.0
272.32	25.0
661.0	25.0
236.72	25.0
243.4	25.0
259.52	25.0
266.6	25.0
276.52	25.0
290.08	25.0
302.44	25.0
173.36	26.0
190.4	26.0
212.6	26.0
222.8	26.0
230.96	26.0
235.72	26.0
241.8	26.0
245.16	26.0
257.44	26.0
268.32	26.0
274.0	26.0
276.52	26.0
281.52	26.0
286.96	26.0
294.6	26.0
302.84	26.0
309.88	26.0
317.12	26.0
322.08	26.0
330.08	26.0
342.12	26.0
354.92	26.0
366.96	26.0
379.84	26.0
389.4	26.0
408.8	26.0
419.92	26.0
425.32	26.0
442.72	26.0
453.0	26.0
458.76	26.0
462.64	26.0
466.24	26.0
475.56	26.0
482.04	26.0
488.24	26.0
493.44	26.0
508.68	26.0
511.68	26.0
514.2	26.0
519.4	26.0
527.68	26.0
538.68	26.0
563.28	26.0
570.28	26.0
575.56	26.0
596.8	26.0
606.68	26.0
618.48	26.0
642.8	26.0
657.44	26.0
672.2	26.0
677.96	26.0
700.88	26.0
705.12	26.0
713.48	26.0
727.04	26.0
753.32	26.0
760.04	26.0
779.08	26.0
793.04	26.0
800.04	26.0
815.2	26.0
831.92	26.0
837.68	26.0
865.16	26.0
891.36	26.0
911.96	26.0
931.8	26.0
939.96	26.0
960.48	26.0
971.68	26.0
1006.36	26.0
1023.72	26.0
1031.4	26.0
1042.32	26.0
1068.64	26.0
1091.44	26.0
1098.64	26.0
1117.76	26.0
1136.0	26.0
1146.72	26.0
1166.88	26.0
1180.16	26.0
1207.16	26.0
1221.88	26.0
1234.64	26.0
1254.48	26.0
1293.8	26.0
1309.88	26.0
1315.68	26.0
1327.84	26.0
1343.88	26.0
1361.08	26.0
1372.4	26.0
1379.4	26.0
282.24	27.0
290.12	27.0
365.36	27.0
407.72	27.0
454.0	27.0
540.52	27.0
1034.0	27.0
1065.04	27.0
1099.72	27.0
1159.2	27.0
1233.6	27.0
1298.12	27.0
1355.6	27.0
1365.16	27.0
233.84	28.0
257.04	28.0
891.68	28.0
214.24	28.0
218.64	28.0
224.56	28.0
230.28	28.0
243.12	28.0
265.36	28.0
270.36	28.0
285.2	28.0
287.72	28.0
302.44	28.0
429.6	28.0
456.8	28.0
486.24	28.0
508.4	28.0
534.8	28.0
603.68	28.0
606.2	28.0
623.52	28.0
678.16	28.0
733.88	28.0
788.68	28.0
795.68	28.0
829.88	28.0
926.28	28.0
980.68	28.0
1052.88	28.0
1081.52	28.0
1124.4	28.0
1195.68	28.0
1230.76	28.0
1268.32	28.0
1311.0	28.0
218.4	29.0
284.4	29.0
785.44	29.0
788.44	29.0
218.4	30.0
227.16	30.0
263.96	30.0
283.28	30.0
298.96	30.0
313.92	30.0
345.36	30.0
364.6	30.0
395.72	30.0
410.24	30.0
432.68	30.0
458.72	30.0
493.8	30.0
535.76	30.0
568.68	30.0
584.92	30.0
704.0	30.0
731.76	30.0
785.16	30.0
865.16	30.0
953.2	30.0
1034.48	30.0
1110.32	30.0
1141.56	30.0
1188.2	30.0
1213.4	30.0
1237.2	30.0
1351.68	30.0
222.0	31.0
231.76	31.0
235.68	31.0
241.04	31.0
262.68	31.0
270.4	31.0
327.2	31.0
1001.04	31.0
1137.6	31.0
227.88	33.0
235.68	33.0
253.0	33.0
236.0	34.0
262.84	34.0
276.76	34.0
233.04	34.0
259.48	34.0
279.32	34.0
316.96	34.0
491.24	34.0
317.72	35.0
228.48	35.0
235.84	35.0
242.6	35.0
258.92	35.0
263.2	35.0
270.4	35.0
277.04	35.0
282.04	35.0
285.36	35.0
295.84	35.0
302.96	35.0
310.96	35.0
315.08	35.0
331.92	35.0
393.44	35.0
424.0	35.0
460.76	35.0
493.36	35.0
550.8	35.0
601.36	35.0
635.84	35.0
706.04	35.0
787.4	35.0
833.52	35.0
1013.72	35.0
1134.2	35.0
1155.16	35.0
1184.04	35.0
1218.0	35.0
1250.32	35.0
1275.4	35.0
1295.32	35.0
1315.4	35.0
1355.8	35.0
272.24	36.0
291.04	36.0
229.08	36.0
233.56	36.0
240.28	36.0
263.48	36.0
276.56	36.0
295.36	36.0
356.6	36.0
395.24	36.0
