311.2	1.0
395.84	1.0
321.16	2.0
324.08	2.0
329.28	2.0
342.44	2.0
309.16	2.0
312.72	2.0
318.6	2.0
333.92	2.0
347.72	2.0
358.04	2.0
377.12	2.0
484.36	2.0
736.6	2.0
944.16	2.0
974.88	2.0
1014.4	2.0
1061.08	2.0
1143.76	2.0
1249.12	2.0
1370.2	2.0
1398.08	2.0
1414.0	2.0
315.24	3.0
338.12	3.0
302.64	3.0
307.88	3.0
311.0	3.0
319.24	3.0
323.48	3.0
331.6	3.0
345.96	3.0
353.24	3.0
361.32	3.0
395.4	3.0
414.0	3.0
624.2	3.0
932.48	3.0
1153.08	3.0
1171.4	3.0
1434.28	3.0
309.04	4.0
312.0	4.0
315.28	4.0
322.64	4.0
345.64	4.0
309.04	5.0
312.08	5.0
316.4	5.0
323.56	5.0
333.68	5.0
338.76	5.0
348.08	5.0
309.04	6.0
312.36	6.0
319.8	6.0
348.32	6.0
415.36	6.0
491.4	6.0
557.08	6.0
675.48	6.0
684.76	6.0
756.0	6.0
772.48	6.0
815.4	6.0
846.08	6.0
913.92	6.0
928.32	6.0
1055.0	6.0
1063.48	6.0
1168.24	6.0
1240.88	6.0
787.96	7.0
1279.04	7.0
320.36	7.0
330.88	7.0
394.0	7.0
794.44	7.0
1097.68	7.0
308.32	8.0
311.72	8.0
319.88	8.0
324.36	8.0
333.04	8.0
350.36	8.0
482.8	8.0
500.96	8.0
610.64	8.0
725.56	8.0
917.48	8.0
996.88	8.0
1029.72	8.0
1353.96	8.0
324.12	9.0
344.44	9.0
352.0	9.0
1117.2	9.0
324.44	10.0
357.6	10.0
819.48	10.0
302.48	10.0
312.84	10.0
318.8	10.0
321.72	10.0
372.4	10.0
394.0	10.0
661.72	10.0
744.28	10.0
920.12	10.0
999.04	10.0
1074.0	10.0
1176.32	10.0
1305.64	10.0
1414.48	10.0
331.68	11.0
334.56	11.0
932.52	11.0
1279.12	11.0
1434.28	11.0
302.88	11.0
309.28	11.0
312.04	11.0
314.8	11.0
318.48	11.0
351.2	11.0
361.76	11.0
736.08	11.0
969.6	11.0
1138.72	11.0
1251.64	11.0
347.64	12.0
388.84	12.0
1284.48	12.0
319.8	12.0
340.56	12.0
460.12	12.0
1215.76	12.0
314.52	13.0
329.52	13.0
336.48	13.0
351.72	13.0
391.72	13.0
597.36	13.0
968.36	13.0
1199.56	13.0
317.4	14.0
327.4	14.0
370.72	14.0
475.44	14.0
572.64	14.0
767.88	14.0
302.76	15.0
321.76	15.0
333.68	15.0
338.28	15.0
339.72	16.0
302.48	16.0
342.64	16.0
400.12	16.0
306.0	18.0
319.44	19.0
335.4	19.0
351.16	19.0
302.8	20.0
331.44	21.0
307.6	21.0
316.72	21.0
320.0	21.0
322.92	21.0
328.24	21.0
340.8	21.0
345.48	21.0
352.6	21.0
360.28	21.0
377.56	21.0
389.08	21.0
413.32	21.0
424.92	21.0
451.48	21.0
486.0	21.0
524.64	21.0
583.56	21.0
631.88	21.0
668.6	21.0
689.84	21.0
724.16	21.0
787.32	21.0
840.84	21.0
852.64	21.0
877.04	21.0
918.4	21.0
933.92	21.0
962.92	21.0
969.92	21.0
989.88	21.0
1005.76	21.0
1024.36	21.0
1033.0	21.0
1083.92	21.0
1086.44	21.0
1151.36	21.0
1170.64	21.0
1244.84	21.0
1320.76	21.0
1407.64	21.0
302.6	22.0
309.64	22.0
313.12	22.0
315.76	22.0
319.6	22.0
332.4	22.0
358.44	22.0
363.64	22.0
392.28	22.0
650.4	22.0
833.8	22.0
1321.24	22.0
333.72	23.0
344.12	23.0
306.72	23.0
322.16	23.0
329.16	23.0
340.28	23.0
349.44	23.0
352.36	23.0
364.64	23.0
368.96	23.0
388.76	23.0
727.56	23.0
828.64	23.0
956.64	23.0
1007.16	23.0
1034.68	23.0
1145.4	23.0
1154.52	23.0
1188.6	23.0
310.12	24.0
319.36	24.0
324.48	24.0
333.04	24.0
368.36	24.0
513.16	24.0
664.8	24.0
808.44	24.0
928.36	24.0
958.36	24.0
1003.44	24.0
1152.2	24.0
513.36	25.0
597.28	25.0
1003.68	25.0
1152.44	25.0
302.48	25.0
308.84	25.0
313.96	25.0
319.76	25.0
340.8	25.0
352.64	25.0
367.4	25.0
302.48	26.0
306.64	26.0
309.16	26.0
314.36	26.0
319.76	26.0
326.28	26.0
332.6	26.0
337.64	26.0
344.56	26.0
352.28	26.0
356.24	26.0
362.28	26.0
368.6	26.0
375.88	26.0
378.4	26.0
395.44	26.0
403.32	26.0
418.36	26.0
432.72	26.0
448.48	26.0
466.2	26.0
478.24	26.0
489.68	26.0
522.76	26.0
551.96	26.0
574.52	26.0
588.8	26.0
598.84	26.0
628.44	26.0
651.0	26.0
668.6	26.0
675.64	26.0
678.4	26.0
708.4	26.0
720.8	26.0
727.88	26.0
760.16	26.0
784.8	26.0
803.8	26.0
816.92	26.0
822.72	26.0
831.28	26.0
841.68	26.0
847.72	26.0
863.84	26.0
880.44	26.0
897.36	26.0
910.92	26.0
914.08	26.0
925.32	26.0
936.0	26.0
943.52	26.0
960.6	26.0
984.24	26.0
996.84	26.0
1005.56	26.0
1020.32	26.0
1031.0	26.0
1040.96	26.0
1054.04	26.0
1066.64	26.0
1074.76	26.0
1081.96	26.0
1100.84	26.0
1104.4	26.0
1124.44	26.0
1147.0	26.0
1152.6	26.0
1160.32	26.0
1200.88	26.0
1218.84	26.0
1263.84	26.0
1273.44	26.0
1304.32	26.0
1341.92	26.0
1355.28	26.0
1373.68	26.0
1392.72	26.0
1401.04	26.0
1409.12	26.0
1439.76	26.0
302.8	27.0
771.2	27.0
302.44	28.0
319.16	28.0
328.8	28.0
332.04	28.0
344.2	28.0
350.52	28.0
362.8	28.0
394.32	28.0
408.28	28.0
432.16	28.0
1116.88	28.0
1379.4	28.0
312.24	29.0
322.48	29.0
342.56	29.0
1123.6	29.0
312.2	30.0
319.48	30.0
331.2	30.0
347.28	30.0
361.04	30.0
363.56	30.0
376.0	30.0
392.52	30.0
447.4	30.0
526.6	30.0
711.12	30.0
753.68	30.0
839.68	30.0
884.32	30.0
983.6	30.0
1061.68	30.0
1086.76	30.0
1146.24	30.0
1170.28	30.0
1193.96	30.0
1223.88	30.0
1434.12	30.0
322.8	31.0
319.76	31.0
335.44	31.0
352.24	31.0
368.04	31.0
392.04	31.0
771.16	31.0
973.64	31.0
1265.92	31.0
1388.44	31.0
1431.76	31.0
330.72	33.0
361.84	33.0
345.12	33.0
363.08	34.0
303.0	34.0
322.68	34.0
311.28	35.0
314.16	35.0
345.24	35.0
370.52	35.0
302.88	35.0
306.64	35.0
319.4	35.0
322.36	35.0
329.04	35.0
334.52	35.0
337.4	35.0
348.88	35.0
357.68	35.0
362.36	35.0
374.24	35.0
394.44	35.0
399.4	35.0
451.12	35.0
488.84	35.0
584.6	35.0
828.56	35.0
1010.16	35.0
1063.12	35.0
1121.32	35.0
1158.56	35.0
1170.36	35.0
1227.44	35.0
1237.08	35.0
1244.72	35.0
1313.52	35.0
1405.96	35.0
302.48	36.0
316.64	36.0
322.8	36.0
334.24	36.0
367.0	36.0
