302.76	1.0
327.6	1.0
321.04	2.0
313.88	2.0
317.36	2.0
327.92	2.0
341.4	2.0
410.16	2.0
678.24	2.0
809.32	2.0
1034.36	2.0
28.64	3.0
137.36	3.0
302.92	3.0
310.92	3.0
314.12	3.0
322.2	3.0
333.92	3.0
309.0	4.0
312.12	4.0
315.28	4.0
316.04	5.0
309.0	5.0
312.36	5.0
309.04	6.0
312.08	6.0
318.28	6.0
659.44	6.0
806.84	6.0
963.76	6.0
331.0	7.0
447.76	7.0
69.48	8.0
302.52	8.0
323.76	8.0
344.8	8.0
383.88	8.0
315.68	9.0
319.52	9.0
94.92	10.0
929.24	10.0
64.64	10.0
302.48	10.0
314.16	10.0
438.64	10.0
28.64	11.0
102.12	11.0
302.8	11.0
312.28	11.0
315.16	11.0
324.72	11.0
337.76	11.0
340.6	11.0
365.24	11.0
75.56	12.0
97.4	12.0
178.88	12.0
286.36	12.0
314.8	12.0
386.12	12.0
519.44	12.0
557.64	12.0
587.12	12.0
314.28	13.0
321.36	13.0
330.12	13.0
346.44	13.0
321.96	14.0
328.96	14.0
339.36	14.0
737.72	14.0
302.68	15.0
302.48	16.0
361.96	16.0
332.68	18.0
302.6	20.0
363.32	20.0
390.4	20.0
16.92	21.0
33.84	21.0
87.52	21.0
109.48	21.0
145.08	21.0
160.48	21.0
163.32	21.0
302.48	21.0
316.48	21.0
323.4	21.0
345.12	21.0
359.76	21.0
363.64	21.0
383.84	21.0
387.88	21.0
411.64	21.0
436.64	21.0
458.16	21.0
542.52	21.0
302.96	22.0
310.64	22.0
315.68	22.0
30.72	23.0
118.88	23.0
127.6	23.0
302.48	23.0
314.92	23.0
35.4	23.0
81.36	23.0
131.08	23.0
299.72	23.0
321.68	23.0
325.52	23.0
344.04	23.0
360.4	23.0
391.32	23.0
395.84	23.0
400.44	23.0
519.12	23.0
552.24	23.0
33.96	24.0
83.16	24.0
130.04	24.0
326.32	24.0
329.44	24.0
418.92	24.0
329.64	25.0
302.44	25.0
324.44	26.0
7.72	26.0
27.96	26.0
48.88	26.0
56.76	26.0
69.12	26.0
88.12	26.0
93.84	26.0
114.6	26.0
126.76	26.0
143.92	26.0
154.72	26.0
164.44	26.0
180.28	26.0
189.72	26.0
198.12	26.0
239.96	26.0
250.0	26.0
302.68	26.0
313.28	26.0
321.56	26.0
327.04	26.0
330.56	26.0
333.2	26.0
339.36	26.0
349.72	26.0
358.56	26.0
361.96	26.0
374.8	26.0
390.84	26.0
405.12	26.0
418.6	26.0
431.72	26.0
446.68	26.0
467.36	26.0
470.84	26.0
491.72	26.0
505.52	26.0
550.2	26.0
558.6	26.0
592.36	26.0
612.08	26.0
656.16	26.0
736.24	26.0
800.2	26.0
876.68	26.0
927.12	26.0
302.76	27.0
302.48	28.0
315.32	28.0
319.16	28.0
326.44	28.0
333.88	28.0
318.88	29.0
95.4	30.0
128.48	30.0
162.88	30.0
309.56	30.0
319.76	30.0
333.96	30.0
366.2	30.0
407.16	30.0
321.64	31.0
361.56	31.0
302.64	33.0
303.0	34.0
67.2	35.0
114.68	35.0
162.72	35.0
200.6	35.0
207.4	35.0
320.2	35.0
332.8	35.0
336.32	35.0
352.92	35.0
387.04	35.0
393.56	35.0
405.84	35.0
421.76	35.0
