869.04	1.0
327.48	2.0
324.88	2.0
332.92	2.0
336.16	2.0
346.12	2.0
349.2	2.0
355.8	2.0
363.72	2.0
368.24	2.0
375.52	2.0
383.8	2.0
400.28	2.0
421.36	2.0
431.48	2.0
479.76	2.0
515.08	2.0
612.76	2.0
907.12	2.0
964.8	2.0
1007.52	2.0
1287.84	2.0
327.0	3.0
344.64	3.0
302.88	3.0
330.76	3.0
333.56	3.0
341.32	3.0
348.88	3.0
352.4	3.0
356.36	3.0
373.36	3.0
376.64	3.0
383.36	3.0
386.76	3.0
413.92	3.0
425.28	3.0
431.6	3.0
514.84	3.0
987.68	3.0
309.0	4.0
325.2	4.0
339.8	4.0
355.36	4.0
362.4	4.0
366.04	4.0
391.48	4.0
479.12	4.0
1180.24	4.0
336.64	5.0
309.0	5.0
326.16	5.0
329.16	5.0
350.76	5.0
572.32	6.0
336.64	6.0
393.2	6.0
456.4	6.0
480.96	6.0
507.84	6.0
536.72	6.0
602.84	6.0
658.84	6.0
711.2	6.0
773.96	6.0
867.52	6.0
939.16	6.0
990.16	6.0
1097.4	6.0
1177.68	6.0
1241.64	6.0
1324.2	6.0
325.0	7.0
329.16	7.0
344.92	7.0
348.36	7.0
360.84	7.0
391.96	7.0
572.48	8.0
330.56	8.0
337.12	8.0
341.4	8.0
345.72	8.0
352.88	8.0
357.0	8.0
366.32	8.0
387.28	8.0
533.12	8.0
1212.6	8.0
329.8	9.0
337.28	9.0
351.48	9.0
334.2	10.0
349.96	10.0
1089.2	10.0
1331.72	10.0
302.48	10.0
326.04	10.0
330.52	10.0
353.76	10.0
364.64	10.0
384.28	10.0
372.68	11.0
376.68	11.0
610.28	11.0
951.4	11.0
302.72	11.0
326.48	11.0
335.12	11.0
337.8	11.0
343.8	11.0
354.92	11.0
363.68	11.0
367.52	11.0
381.68	11.0
392.76	11.0
427.76	11.0
507.4	11.0
512.36	11.0
631.16	11.0
857.6	11.0
1212.72	12.0
337.32	12.0
349.28	12.0
796.12	12.0
862.6	12.0
894.44	12.0
1262.32	12.0
1301.44	12.0
356.24	13.0
312.0	14.0
372.88	14.0
346.84	14.0
302.76	15.0
335.56	15.0
338.88	15.0
360.52	15.0
302.48	16.0
327.12	16.0
373.04	16.0
458.68	16.0
476.52	16.0
463.4	18.0
325.12	19.0
334.96	19.0
358.08	19.0
302.72	20.0
512.2	20.0
333.2	20.0
343.32	20.0
355.48	20.0
446.96	20.0
340.96	21.0
1085.84	21.0
327.08	21.0
333.48	21.0
336.24	21.0
356.92	21.0
366.36	21.0
374.4	21.0
382.72	21.0
397.72	21.0
400.52	21.0
441.44	21.0
478.44	21.0
555.8	21.0
610.8	21.0
706.76	21.0
721.96	21.0
727.12	21.0
841.0	21.0
955.84	21.0
999.08	21.0
1055.8	21.0
1110.28	21.0
1236.4	21.0
1178.28	22.0
302.52	22.0
324.56	22.0
332.52	22.0
346.68	22.0
368.44	22.0
372.52	22.0
396.84	22.0
1085.76	22.0
335.76	23.0
359.88	23.0
328.12	23.0
331.36	23.0
341.64	23.0
348.72	23.0
353.08	23.0
841.64	23.0
1046.48	23.0
1175.32	23.0
1200.12	23.0
1262.04	23.0
1284.28	23.0
302.76	24.0
328.0	24.0
339.36	24.0
356.28	24.0
365.84	24.0
381.8	24.0
479.2	24.0
965.36	24.0
1200.08	24.0
965.56	25.0
302.48	25.0
331.64	25.0
339.44	25.0
351.76	25.0
360.6	25.0
302.48	26.0
325.92	26.0
331.6	26.0
337.92	26.0
340.48	26.0
345.64	26.0
349.84	26.0
355.08	26.0
370.88	26.0
378.24	26.0
388.28	26.0
397.72	26.0
417.08	26.0
421.6	26.0
432.56	26.0
438.08	26.0
460.32	26.0
465.12	26.0
486.08	26.0
499.08	26.0
521.08	26.0
555.36	26.0
574.88	26.0
579.72	26.0
606.4	26.0
618.36	26.0
641.32	26.0
647.8	26.0
676.44	26.0
695.48	26.0
721.04	26.0
758.08	26.0
808.68	26.0
833.44	26.0
852.52	26.0
872.92	26.0
876.12	26.0
919.32	26.0
953.4	26.0
984.56	26.0
1006.88	26.0
1030.56	26.0
1077.36	26.0
1093.08	26.0
1133.16	26.0
1136.72	26.0
1162.56	26.0
1169.68	26.0
1184.04	26.0
1197.8	26.0
1235.4	26.0
1276.32	26.0
1284.6	26.0
1304.04	26.0
1323.6	26.0
302.8	27.0
362.52	27.0
967.04	28.0
302.48	28.0
328.88	28.0
331.4	28.0
334.0	28.0
345.48	28.0
354.4	28.0
357.84	28.0
369.64	28.0
325.48	29.0
335.88	29.0
344.08	29.0
507.24	29.0
337.92	30.0
357.48	30.0
324.96	30.0
331.92	30.0
342.24	30.0
346.76	30.0
372.48	30.0
396.64	30.0
450.76	30.0
532.72	30.0
552.4	30.0
867.36	30.0
920.64	30.0
1007.04	30.0
1010.48	30.0
1111.64	30.0
1213.92	30.0
338.64	31.0
325.36	31.0
331.44	31.0
345.08	31.0
360.48	31.0
392.32	31.0
420.44	31.0
302.96	32.0
556.08	33.0
302.6	33.0
332.32	33.0
337.44	34.0
348.08	34.0
302.96	34.0
330.08	34.0
341.2	34.0
353.12	34.0
326.4	35.0
333.2	35.0
337.28	35.0
341.08	35.0
347.4	35.0
357.24	35.0
360.24	35.0
363.08	35.0
369.76	35.0
381.72	35.0
392.2	35.0
399.16	35.0
411.88	35.0
415.68	35.0
429.44	35.0
432.56	35.0
450.84	35.0
474.6	35.0
479.16	35.0
506.64	35.0
533.52	35.0
576.52	35.0
581.36	35.0
605.68	35.0
663.44	35.0
947.2	35.0
1002.4	35.0
1072.8	35.0
1103.64	35.0
1193.52	35.0
1220.32	35.0
965.56	36.0
302.48	36.0
331.56	36.0
341.6	36.0
370.24	36.0
