684.8	2.0
903.12	2.0
308.88	2.0
311.92	2.0
314.44	2.0
317.4	2.0
323.44	2.0
325.96	2.0
334.0	2.0
339.64	2.0
345.16	2.0
349.36	2.0
361.4	2.0
370.16	2.0
383.36	2.0
400.2	2.0
416.36	2.0
442.52	2.0
478.4	2.0
492.36	2.0
495.2	2.0
527.88	2.0
562.04	2.0
564.76	2.0
572.08	2.0
591.24	2.0
595.96	2.0
616.36	2.0
623.76	2.0
657.56	2.0
660.56	2.0
663.92	2.0
681.64	2.0
704.44	2.0
707.08	2.0
724.44	2.0
747.04	2.0
749.72	2.0
757.92	2.0
780.04	2.0
806.88	2.0
809.56	2.0
817.76	2.0
828.28	2.0
841.4	2.0
855.24	2.0
907.56	2.0
918.36	2.0
923.8	2.0
976.4	2.0
1010.64	2.0
1054.24	2.0
1073.64	2.0
1113.96	2.0
1184.88	2.0
1299.24	2.0
1377.8	2.0
317.32	3.0
334.6	3.0
478.88	3.0
778.28	3.0
847.8	3.0
306.48	3.0
311.0	3.0
321.6	3.0
324.72	3.0
337.32	3.0
341.96	3.0
359.16	3.0
367.0	3.0
373.64	3.0
429.48	3.0
569.2	3.0
572.24	3.0
616.16	3.0
655.04	3.0
664.08	3.0
727.16	3.0
753.52	3.0
815.04	3.0
833.2	3.0
871.72	3.0
908.24	3.0
985.76	3.0
1010.84	3.0
1019.76	3.0
1119.48	3.0
1253.12	3.0
372.8	4.0
1059.04	4.0
309.0	4.0
312.48	4.0
315.52	4.0
324.24	4.0
335.72	4.0
343.44	4.0
349.88	4.0
359.6	4.0
385.44	4.0
402.72	4.0
432.36	4.0
778.28	4.0
858.24	4.0
1053.76	4.0
1093.36	4.0
1122.44	4.0
1148.6	4.0
1264.76	4.0
1316.72	4.0
1393.76	4.0
1432.36	4.0
316.08	5.0
309.0	5.0
311.84	5.0
319.44	5.0
324.44	5.0
335.88	5.0
342.6	5.0
347.6	5.0
375.08	5.0
312.24	6.0
314.92	6.0
309.04	6.0
333.84	6.0
389.68	6.0
417.04	6.0
492.16	6.0
516.2	6.0
555.84	6.0
665.2	6.0
719.84	6.0
774.64	6.0
854.72	6.0
908.88	6.0
971.92	6.0
1049.68	6.0
1126.88	6.0
1262.12	6.0
1345.48	6.0
1423.92	6.0
337.16	7.0
302.96	7.0
314.8	7.0
317.6	7.0
349.88	7.0
527.24	7.0
812.0	7.0
1052.8	7.0
321.8	8.0
547.96	8.0
302.84	8.0
312.72	8.0
325.28	8.0
335.24	8.0
343.28	8.0
357.52	8.0
361.36	8.0
380.8	8.0
433.92	8.0
474.52	8.0
478.96	8.0
555.56	8.0
573.36	8.0
592.44	8.0
661.2	8.0
853.36	8.0
1093.44	8.0
1212.16	8.0
1232.2	8.0
307.88	9.0
372.92	9.0
733.08	9.0
809.0	9.0
907.12	9.0
1102.36	9.0
317.24	10.0
320.28	10.0
302.48	10.0
308.44	10.0
311.8	10.0
323.48	10.0
338.52	10.0
346.72	10.0
355.92	10.0
359.68	10.0
565.2	10.0
657.76	10.0
660.92	10.0
723.6	10.0
732.2	10.0
749.68	10.0
755.84	10.0
779.6	10.0
904.92	10.0
1008.32	10.0
337.36	11.0
400.72	11.0
600.76	11.0
677.4	11.0
777.64	11.0
889.48	11.0
302.64	11.0
306.24	11.0
312.4	11.0
321.76	11.0
343.08	11.0
346.32	11.0
359.44	11.0
370.0	11.0
380.44	11.0
408.2	11.0
418.32	11.0
433.8	11.0
445.04	11.0
456.36	11.0
487.16	11.0
494.92	11.0
523.96	11.0
546.2	11.0
564.28	11.0
569.92	11.0
707.24	11.0
721.56	11.0
774.68	11.0
802.76	11.0
828.44	11.0
864.28	11.0
919.44	11.0
1003.88	11.0
1011.56	11.0
1138.36	11.0
360.44	12.0
660.44	12.0
316.92	12.0
334.36	12.0
336.96	12.0
345.84	12.0
679.04	12.0
1108.04	12.0
1124.0	12.0
1261.44	12.0
1336.48	12.0
312.68	13.0
333.04	13.0
372.92	13.0
322.8	14.0
394.88	14.0
315.04	15.0
302.68	15.0
309.72	15.0
336.44	15.0
339.84	15.0
348.4	15.0
541.92	15.0
586.88	15.0
767.96	15.0
842.52	15.0
302.48	16.0
341.52	16.0
363.48	16.0
366.68	16.0
918.56	16.0
302.6	17.0
326.12	18.0
338.08	18.0
1150.2	18.0
321.64	18.0
616.68	19.0
324.32	19.0
343.12	19.0
362.76	19.0
302.64	20.0
338.12	20.0
376.64	20.0
497.08	20.0
528.28	20.0
597.08	20.0
622.8	20.0
340.88	20.0
306.92	21.0
311.72	21.0
320.52	21.0
324.12	21.0
338.44	21.0
348.84	21.0
360.24	21.0
365.4	21.0
376.48	21.0
394.76	21.0
412.08	21.0
427.44	21.0
464.24	21.0
524.36	21.0
569.84	21.0
626.28	21.0
638.52	21.0
678.56	21.0
726.16	21.0
765.6	21.0
814.36	21.0
837.44	21.0
886.24	21.0
913.64	21.0
928.16	21.0
966.56	21.0
1022.64	21.0
1055.2	21.0
1062.68	21.0
1100.88	21.0
1144.24	21.0
1176.16	21.0
1283.36	21.0
1321.36	21.0
302.48	22.0
310.96	22.0
320.8	22.0
323.72	22.0
337.88	22.0
374.12	22.0
883.56	22.0
302.52	23.0
347.84	23.0
307.08	23.0
313.56	23.0
322.16	23.0
334.2	23.0
336.72	23.0
618.04	23.0
653.92	23.0
679.6	23.0
721.24	23.0
743.56	23.0
750.96	23.0
839.32	23.0
901.48	23.0
1040.16	23.0
1250.12	23.0
1253.88	23.0
1283.08	23.0
1311.0	23.0
1389.4	23.0
302.56	24.0
371.48	24.0
315.16	24.0
326.92	24.0
335.48	24.0
340.24	24.0
349.36	24.0
555.32	24.0
588.48	24.0
1150.24	24.0
314.96	25.0
323.04	25.0
341.08	25.0
347.16	25.0
368.92	25.0
302.88	26.0
310.12	26.0
316.96	26.0
321.12	26.0
324.52	26.0
337.32	26.0
345.48	26.0
348.8	26.0
358.24	26.0
364.36	26.0
372.08	26.0
377.48	26.0
382.92	26.0
387.24	26.0
390.52	26.0
400.32	26.0
408.56	26.0
414.36	26.0
417.36	26.0
432.48	26.0
437.28	26.0
463.68	26.0
483.76	26.0
492.08	26.0
507.28	26.0
520.36	26.0
539.6	26.0
567.96	26.0
572.24	26.0
576.04	26.0
592.44	26.0
607.88	26.0
649.8	26.0
690.2	26.0
710.64	26.0
749.8	26.0
776.12	26.0
801.32	26.0
814.76	26.0
841.56	26.0
864.6	26.0
878.12	26.0
905.28	26.0
929.88	26.0
934.68	26.0
951.76	26.0
974.24	26.0
1020.28	26.0
1034.76	26.0
1039.76	26.0
1091.56	26.0
1099.2	26.0
1114.84	26.0
1159.8	26.0
1191.4	26.0
1203.12	26.0
1221.44	26.0
1240.72	26.0
1262.96	26.0
1295.84	26.0
1335.16	26.0
1340.88	26.0
1401.84	26.0
1418.68	26.0
318.2	27.0
356.8	27.0
302.8	27.0
363.0	27.0
845.12	27.0
1062.64	27.0
322.92	28.0
664.24	28.0
983.44	28.0
1060.04	28.0
302.48	28.0
306.2	28.0
313.84	28.0
319.84	28.0
326.6	28.0
335.2	28.0
341.48	28.0
347.8	28.0
372.6	28.0
399.12	28.0
402.12	28.0
496.48	28.0
503.72	28.0
532.36	28.0
593.12	28.0
750.0	28.0
849.04	28.0
906.8	28.0
312.16	29.0
322.72	29.0
335.4	29.0
345.52	29.0
349.16	29.0
371.64	29.0
468.84	29.0
491.92	29.0
518.48	29.0
545.92	29.0
592.08	29.0
656.4	29.0
729.56	29.0
808.04	29.0
350.08	30.0
308.32	30.0
318.6	30.0
336.68	30.0
344.36	30.0
357.0	30.0
376.96	30.0
405.24	30.0
447.64	30.0
478.68	30.0
527.08	30.0
530.16	30.0
617.04	30.0
719.52	30.0
782.04	30.0
823.96	30.0
881.72	30.0
925.04	30.0
957.68	30.0
963.52	30.0
1091.44	30.0
1101.8	30.0
1172.72	30.0
1210.2	30.0
1276.0	30.0
1350.48	30.0
1368.56	30.0
311.88	31.0
320.88	31.0
358.8	31.0
375.68	31.0
1095.2	31.0
1259.56	31.0
320.0	33.0
323.92	33.0
320.6	34.0
349.32	34.0
416.0	34.0
302.96	34.0
313.16	34.0
344.08	34.0
364.92	34.0
377.76	34.0
386.8	34.0
335.28	35.0
343.04	35.0
350.36	35.0
1143.24	35.0
1253.56	35.0
310.8	35.0
320.12	35.0
322.68	35.0
338.52	35.0
354.0	35.0
360.0	35.0
364.32	35.0
375.2	35.0
388.8	35.0
397.4	35.0
402.16	35.0
416.16	35.0
440.8	35.0
458.88	35.0
480.96	35.0
495.0	35.0
530.12	35.0
566.16	35.0
614.76	35.0
671.04	35.0
711.88	35.0
715.2	35.0
728.52	35.0
749.96	35.0
780.24	35.0
801.92	35.0
816.28	35.0
837.0	35.0
843.92	35.0
854.28	35.0
865.48	35.0
887.44	35.0
902.76	35.0
905.76	35.0
931.56	35.0
1065.8	35.0
1193.56	35.0
1239.12	35.0
1257.68	35.0
302.48	36.0
316.08	36.0
339.6	36.0
360.0	36.0
375.48	36.0
390.28	36.0
412.08	36.0
434.8	36.0
486.88	36.0
541.6	36.0
577.64	36.0
