302.84	1.0
335.68	1.0
328.24	2.0
1310.12	2.0
112.92	2.0
197.28	2.0
308.8	2.0
313.12	2.0
321.16	2.0
324.6	2.0
335.08	2.0
342.2	2.0
346.88	2.0
421.8	2.0
600.88	2.0
694.32	2.0
717.0	2.0
746.56	2.0
755.52	2.0
758.28	2.0
871.92	2.0
879.56	2.0
901.0	2.0
940.44	2.0
981.28	2.0
1323.36	2.0
1333.92	2.0
1360.24	2.0
1365.0	2.0
33.56	3.0
77.04	3.0
205.8	3.0
302.56	3.0
308.2	3.0
314.16	3.0
316.76	3.0
321.08	3.0
334.12	3.0
342.68	3.0
346.44	3.0
349.64	3.0
357.6	3.0
382.48	3.0
406.52	3.0
421.92	3.0
456.84	3.0
476.96	3.0
746.32	3.0
898.68	3.0
903.0	3.0
929.2	3.0
1026.52	3.0
1120.84	3.0
1199.32	3.0
1313.08	3.0
1334.08	3.0
1364.76	3.0
1392.12	3.0
7.6	4.0
55.8	4.0
132.56	4.0
168.0	4.0
259.48	4.0
289.92	4.0
309.04	4.0
311.96	4.0
323.56	4.0
336.12	4.0
348.12	4.0
370.36	4.0
405.8	4.0
431.04	4.0
456.64	4.0
497.4	4.0
707.24	4.0
787.44	4.0
802.36	4.0
824.48	4.0
859.24	4.0
898.36	4.0
912.44	4.0
949.04	4.0
982.04	4.0
1026.16	4.0
1070.44	4.0
1116.2	4.0
1134.76	4.0
1194.36	4.0
1257.64	4.0
1306.52	4.0
1336.92	4.0
1424.6	4.0
309.0	5.0
312.72	5.0
327.28	5.0
705.64	5.0
823.36	5.0
1408.48	5.0
310.04	6.0
190.88	6.0
313.56	6.0
330.88	6.0
333.88	6.0
368.2	6.0
408.32	6.0
429.96	6.0
454.96	6.0
490.32	6.0
537.96	6.0
600.76	6.0
701.68	6.0
772.48	6.0
819.88	6.0
843.64	6.0
904.6	6.0
946.0	6.0
1023.88	6.0
1030.0	6.0
1144.84	6.0
1334.0	6.0
327.8	7.0
331.12	7.0
302.76	7.0
313.16	7.0
476.6	7.0
1368.08	7.0
194.0	8.0
302.72	8.0
318.64	8.0
324.64	8.0
341.36	8.0
413.96	8.0
756.6	8.0
876.96	8.0
1307.12	8.0
218.88	9.0
260.08	9.0
314.24	9.0
399.0	9.0
584.88	9.0
883.96	9.0
950.08	9.0
1276.64	9.0
823.52	10.0
862.56	10.0
1120.48	10.0
194.8	10.0
302.48	10.0
311.52	10.0
321.36	10.0
323.88	10.0
330.88	10.0
870.96	10.0
878.56	10.0
1308.12	10.0
1339.64	10.0
205.84	11.0
325.48	11.0
827.8	11.0
1120.92	11.0
1199.44	11.0
1340.24	11.0
14.16	11.0
302.6	11.0
308.88	11.0
322.48	11.0
333.24	11.0
353.08	11.0
375.88	11.0
448.04	11.0
717.52	11.0
758.36	11.0
768.64	11.0
776.24	11.0
875.2	11.0
901.08	11.0
996.52	11.0
1310.44	11.0
1327.4	11.0
1401.84	11.0
310.64	12.0
1310.36	12.0
312.32	13.0
314.84	13.0
318.52	13.0
325.68	13.0
349.8	13.0
948.64	13.0
311.64	14.0
331.04	14.0
896.8	14.0
1305.24	14.0
302.96	15.0
327.28	15.0
344.16	15.0
302.48	16.0
316.2	16.0
322.76	16.0
382.56	16.0
836.0	16.0
1372.56	18.0
319.64	18.0
929.56	18.0
194.44	19.0
320.92	19.0
324.04	19.0
334.16	19.0
362.72	19.0
418.72	19.0
743.4	19.0
756.8	19.0
877.6	19.0
899.92	19.0
1307.72	19.0
322.92	20.0
188.48	20.0
302.72	20.0
1338.68	20.0
107.52	21.0
263.44	21.0
302.92	21.0
306.28	21.0
312.12	21.0
318.88	21.0
324.0	21.0
350.0	21.0
367.48	21.0
378.28	21.0
407.72	21.0
832.88	21.0
933.2	21.0
1289.84	21.0
1374.64	21.0
1407.68	21.0
309.16	22.0
318.52	22.0
322.6	22.0
333.0	22.0
336.16	22.0
369.68	22.0
1279.92	22.0
1310.48	22.0
14.32	23.0
53.6	23.0
207.24	23.0
284.28	23.0
303.0	23.0
308.56	23.0
316.76	23.0
326.4	23.0
331.32	23.0
338.8	23.0
342.68	23.0
348.08	23.0
363.8	23.0
391.52	23.0
409.88	23.0
445.68	23.0
691.92	23.0
701.48	23.0
715.68	23.0
786.88	23.0
796.0	23.0
883.2	23.0
900.56	23.0
949.6	23.0
994.12	23.0
997.6	23.0
1139.92	23.0
1332.96	23.0
62.64	24.0
308.88	24.0
318.84	24.0
325.72	24.0
336.92	24.0
347.72	24.0
425.64	24.0
951.24	24.0
1336.44	24.0
1422.12	24.0
302.8	25.0
326.04	25.0
328.56	25.0
15.6	26.0
37.36	26.0
57.8	26.0
61.64	26.0
102.04	26.0
138.28	26.0
186.76	26.0
199.24	26.0
263.2	26.0
290.72	26.0
298.72	26.0
302.6	26.0
308.92	26.0
314.84	26.0
318.48	26.0
333.6	26.0
338.88	26.0
347.76	26.0
352.0	26.0
362.6	26.0
375.08	26.0
401.36	26.0
409.08	26.0
438.0	26.0
471.76	26.0
714.72	26.0
742.6	26.0
783.32	26.0
817.88	26.0
899.6	26.0
906.76	26.0
930.4	26.0
934.64	26.0
998.0	26.0
1041.76	26.0
1149.84	26.0
1300.08	26.0
1316.68	26.0
1346.0	26.0
1373.76	26.0
1382.12	26.0
1405.88	26.0
302.8	27.0
331.28	27.0
1324.52	27.0
259.52	28.0
782.32	28.0
17.16	28.0
302.48	28.0
314.2	28.0
321.2	28.0
330.64	28.0
336.84	28.0
341.28	28.0
344.8	28.0
398.64	28.0
618.72	28.0
729.64	28.0
767.4	28.0
840.68	28.0
899.44	28.0
992.8	28.0
1078.96	28.0
1276.24	28.0
1310.92	28.0
302.48	29.0
17.6	29.0
256.64	29.0
319.04	29.0
615.28	29.0
726.08	29.0
896.36	29.0
1156.52	29.0
1275.16	29.0
1349.64	29.0
46.36	30.0
173.68	30.0
195.0	30.0
316.64	30.0
323.56	30.0
331.64	30.0
341.6	30.0
380.32	30.0
756.76	30.0
877.48	30.0
978.12	30.0
1307.6	30.0
1347.0	30.0
334.2	31.0
341.72	31.0
356.36	31.0
1246.84	31.0
1339.64	31.0
302.96	32.0
326.96	32.0
316.92	33.0
901.52	33.0
326.92	33.0
324.56	34.0
7.64	34.0
312.84	34.0
337.32	34.0
883.48	34.0
306.64	35.0
51.8	35.0
65.8	35.0
71.28	35.0
77.04	35.0
100.0	35.0
162.0	35.0
189.2	35.0
214.76	35.0
253.32	35.0
312.36	35.0
323.64	35.0
327.36	35.0
331.04	35.0
338.92	35.0
344.72	35.0
356.36	35.0
364.32	35.0
376.16	35.0
404.72	35.0
413.76	35.0
445.2	35.0
498.52	35.0
522.2	35.0
543.88	35.0
641.16	35.0
724.6	35.0
759.04	35.0
795.84	35.0
812.08	35.0
832.28	35.0
887.6	35.0
896.96	35.0
917.16	35.0
921.12	35.0
990.24	35.0
1017.0	35.0
1104.4	35.0
1167.72	35.0
1182.08	35.0
1238.08	35.0
1302.52	35.0
1321.88	35.0
1351.96	35.0
1358.16	35.0
1388.56	35.0
302.8	36.0
313.4	36.0
331.6	36.0
354.24	36.0
