1165.8	1.0
317.28	2.0
616.04	2.0
12.68	2.0
18.4	2.0
35.08	2.0
66.96	2.0
94.76	2.0
129.84	2.0
168.92	2.0
205.76	2.0
306.12	2.0
332.72	2.0
583.52	2.0
623.88	2.0
730.88	2.0
733.64	2.0
738.04	2.0
780.04	2.0
782.8	2.0
799.32	2.0
825.28	2.0
829.8	2.0
848.04	2.0
882.04	2.0
919.16	2.0
921.68	2.0
935.52	2.0
973.12	2.0
990.56	2.0
1039.6	2.0
1043.8	2.0
1066.12	2.0
1165.2	2.0
1200.8	2.0
1207.16	2.0
1252.56	2.0
1317.96	2.0
302.48	3.0
437.92	3.0
1165.68	3.0
1207.76	3.0
35.32	3.0
156.2	3.0
169.84	3.0
215.04	3.0
235.6	3.0
318.04	3.0
336.08	3.0
391.6	3.0
447.12	3.0
677.52	3.0
730.64	3.0
738.2	3.0
762.2	3.0
782.92	3.0
790.24	3.0
800.48	3.0
879.36	3.0
882.24	3.0
918.6	3.0
951.04	3.0
1017.48	3.0
1039.84	3.0
1044.0	3.0
1090.44	3.0
1252.36	3.0
1327.92	3.0
142.88	4.0
158.16	4.0
171.8	4.0
214.32	4.0
238.04	4.0
263.32	4.0
309.0	4.0
312.0	4.0
319.64	4.0
330.68	4.0
362.68	4.0
383.32	4.0
437.84	4.0
466.2	4.0
486.68	4.0
505.96	4.0
764.64	4.0
778.96	4.0
813.56	4.0
864.64	4.0
943.08	4.0
952.64	4.0
987.64	4.0
1019.92	4.0
1042.52	4.0
1074.36	4.0
1092.52	4.0
1181.08	4.0
1202.24	4.0
1254.28	4.0
1282.4	4.0
1316.56	4.0
308.96	5.0
312.0	5.0
224.32	6.0
259.04	6.0
309.0	6.0
311.84	6.0
328.6	6.0
385.44	6.0
490.8	6.0
808.08	6.0
857.16	6.0
1203.32	6.0
1238.8	6.0
1319.28	6.0
302.48	7.0
703.36	7.0
1074.16	7.0
145.84	8.0
167.52	8.0
214.56	8.0
266.76	8.0
323.16	8.0
327.12	8.0
636.8	8.0
748.76	8.0
798.24	8.0
813.56	8.0
941.84	8.0
1007.52	8.0
1075.2	8.0
1129.4	8.0
1319.44	8.0
146.56	9.0
611.0	9.0
736.8	9.0
914.96	9.0
1233.88	9.0
238.56	10.0
302.52	10.0
566.16	10.0
934.6	10.0
985.48	10.0
1075.0	10.0
1108.76	10.0
1163.08	10.0
1235.12	10.0
336.2	11.0
743.44	11.0
930.36	11.0
16.96	11.0
31.84	11.0
75.2	11.0
126.72	11.0
146.04	11.0
203.52	11.0
236.52	11.0
285.56	11.0
348.16	11.0
355.4	11.0
397.92	11.0
584.64	11.0
674.92	11.0
683.04	11.0
759.24	11.0
768.68	11.0
825.68	11.0
877.84	11.0
914.0	11.0
917.32	11.0
936.48	11.0
984.96	11.0
991.44	11.0
1042.04	11.0
1066.2	11.0
1071.72	11.0
1130.68	11.0
1246.28	11.0
1251.32	11.0
1286.92	11.0
1297.48	11.0
215.48	12.0
341.04	12.0
691.28	12.0
745.92	12.0
937.36	12.0
945.48	13.0
1162.96	13.0
416.08	14.0
860.96	14.0
987.28	14.0
1180.64	14.0
790.84	15.0
1046.64	15.0
1320.0	15.0
3.56	16.0
101.8	16.0
212.0	16.0
302.48	16.0
302.52	17.0
307.12	18.0
302.48	20.0
782.96	20.0
928.08	20.0
1130.68	20.0
218.4	21.0
302.52	21.0
306.92	21.0
313.6	21.0
316.36	21.0
319.64	21.0
327.12	21.0
336.4	21.0
376.52	21.0
389.2	21.0
741.36	21.0
753.52	21.0
810.4	21.0
1001.56	21.0
1098.48	21.0
1116.4	21.0
1328.36	21.0
54.88	22.0
166.0	22.0
213.16	22.0
257.08	22.0
315.68	22.0
320.08	22.0
381.2	22.0
698.64	22.0
818.04	22.0
891.64	22.0
303.0	23.0
307.48	23.0
319.32	23.0
6.48	23.0
30.8	23.0
38.84	23.0
82.6	23.0
115.88	23.0
128.2	23.0
152.68	23.0
168.08	23.0
201.88	23.0
205.68	23.0
229.72	23.0
267.84	23.0
283.44	23.0
296.84	23.0
344.36	23.0
360.2	23.0
387.4	23.0
505.4	23.0
580.44	23.0
595.88	23.0
639.68	23.0
704.76	23.0
725.24	23.0
753.44	23.0
780.16	23.0
798.32	23.0
860.0	23.0
912.76	23.0
925.32	23.0
943.52	23.0
966.08	23.0
983.2	23.0
1008.24	23.0
1016.4	23.0
1041.56	23.0
1076.8	23.0
1091.84	23.0
1111.08	23.0
1126.24	23.0
1172.52	23.0
1199.96	23.0
1209.2	23.0
1326.56	23.0
323.8	24.0
309.44	24.0
319.04	24.0
332.28	24.0
347.68	24.0
356.4	24.0
1111.16	24.0
740.76	25.0
1257.52	25.0
278.88	26.0
339.72	26.0
57.92	26.0
62.36	26.0
88.68	26.0
118.76	26.0
146.36	26.0
163.92	26.0
190.04	26.0
194.96	26.0
226.48	26.0
241.08	26.0
263.44	26.0
290.08	26.0
302.6	26.0
309.92	26.0
316.72	26.0
320.88	26.0
327.2	26.0
332.76	26.0
342.56	26.0
365.24	26.0
376.56	26.0
389.16	26.0
424.24	26.0
512.6	26.0
623.84	26.0
648.4	26.0
668.52	26.0
705.12	26.0
732.12	26.0
744.96	26.0
800.68	26.0
838.6	26.0
947.64	26.0
987.6	26.0
995.68	26.0
1076.4	26.0
1085.52	26.0
1096.8	26.0
1128.4	26.0
1190.12	26.0
1208.92	26.0
1225.2	26.0
1237.68	26.0
1265.12	26.0
1268.72	26.0
1290.12	26.0
1319.0	26.0
228.4	27.0
302.48	27.0
334.92	28.0
18.16	28.0
39.64	28.0
61.92	28.0
96.48	28.0
146.2	28.0
240.36	28.0
302.52	28.0
306.16	28.0
315.64	28.0
326.8	28.0
370.8	28.0
665.76	28.0
727.16	28.0
736.4	28.0
922.64	28.0
941.88	28.0
1044.24	28.0
1168.56	28.0
1196.8	28.0
1233.4	28.0
159.76	29.0
268.44	29.0
313.28	29.0
167.96	30.0
309.8	30.0
319.84	30.0
341.56	30.0
344.96	30.0
797.92	30.0
1093.6	30.0
1131.68	30.0
310.36	31.0
321.76	31.0
673.24	31.0
302.68	33.0
66.0	34.0
308.0	34.0
637.68	34.0
738.88	34.0
911.68	34.0
931.04	34.0
1011.72	34.0
10.6	35.0
134.92	35.0
140.76	35.0
168.16	35.0
195.52	35.0
201.24	35.0
227.56	35.0
256.76	35.0
259.56	35.0
269.92	35.0
299.72	35.0
302.32	35.0
313.52	35.0
320.0	35.0
330.0	35.0
344.84	35.0
358.44	35.0
375.76	35.0
388.48	35.0
395.44	35.0
414.24	35.0
424.56	35.0
445.12	35.0
485.8	35.0
512.4	35.0
533.24	35.0
570.96	35.0
649.28	35.0
679.96	35.0
690.6	35.0
722.48	35.0
739.44	35.0
753.96	35.0
779.2	35.0
792.48	35.0
839.28	35.0
846.8	35.0
861.8	35.0
907.76	35.0
916.36	35.0
927.32	35.0
936.32	35.0
943.08	35.0
964.36	35.0
1001.48	35.0
1036.28	35.0
1045.48	35.0
1075.64	35.0
1089.64	35.0
1093.68	35.0
1124.72	35.0
1129.6	35.0
1149.4	35.0
1158.52	35.0
1190.64	35.0
1203.6	35.0
1227.32	35.0
1235.44	35.0
1247.44	35.0
1280.76	35.0
1287.96	35.0
1315.36	35.0
1326.44	35.0
98.32	36.0
114.64	36.0
156.08	36.0
186.84	36.0
227.16	36.0
327.92	36.0
477.56	36.0
914.12	36.0
979.68	36.0
1070.52	36.0
1236.4	36.0
1254.44	36.0
