476.72	1.0
310.04	2.0
1174.84	2.0
16.04	2.0
32.12	2.0
73.52	2.0
85.0	2.0
211.24	2.0
247.0	2.0
285.72	2.0
314.52	2.0
321.64	2.0
327.36	2.0
330.6	2.0
357.0	2.0
363.48	2.0
399.84	2.0
419.0	2.0
478.36	2.0
486.32	2.0
508.88	2.0
521.68	2.0
524.56	2.0
557.92	2.0
624.0	2.0
656.12	2.0
704.76	2.0
725.96	2.0
745.76	2.0
841.28	2.0
858.12	2.0
897.16	2.0
920.24	2.0
958.48	2.0
975.12	2.0
1002.04	2.0
1007.12	2.0
1064.96	2.0
1189.84	2.0
1213.36	2.0
1216.4	2.0
1219.08	2.0
1277.04	2.0
1294.0	2.0
1316.44	2.0
400.12	3.0
570.2	3.0
44.64	3.0
115.76	3.0
154.0	3.0
247.44	3.0
260.08	3.0
285.44	3.0
310.56	3.0
317.08	3.0
332.72	3.0
340.84	3.0
360.84	3.0
419.56	3.0
486.28	3.0
496.36	3.0
508.6	3.0
558.04	3.0
624.2	3.0
657.48	3.0
857.56	3.0
896.84	3.0
919.88	3.0
927.0	3.0
946.08	3.0
970.0	3.0
974.52	3.0
1010.8	3.0
1042.96	3.0
1242.68	3.0
1282.16	3.0
1296.56	3.0
1329.48	3.0
32.84	4.0
58.36	4.0
138.68	4.0
197.44	4.0
222.0	4.0
248.16	4.0
259.36	4.0
309.0	4.0
312.28	4.0
329.48	4.0
342.96	4.0
361.0	4.0
380.2	4.0
384.36	4.0
400.08	4.0
404.32	4.0
438.36	4.0
457.64	4.0
474.64	4.0
498.36	4.0
534.92	4.0
570.12	4.0
616.12	4.0
643.24	4.0
650.4	4.0
914.68	4.0
937.2	4.0
960.64	4.0
986.28	4.0
1012.24	4.0
1033.16	4.0
1108.72	4.0
1129.6	4.0
1283.2	4.0
1318.84	4.0
309.0	5.0
311.96	5.0
900.24	5.0
133.2	6.0
194.84	6.0
309.0	6.0
312.64	6.0
404.72	6.0
472.08	6.0
956.64	6.0
994.92	6.0
1112.12	6.0
341.0	7.0
449.16	7.0
524.72	7.0
898.28	7.0
21.96	8.0
49.28	8.0
81.16	8.0
135.64	8.0
138.16	8.0
187.8	8.0
266.08	8.0
324.72	8.0
363.16	8.0
385.0	8.0
476.24	8.0
500.64	8.0
571.52	8.0
914.96	8.0
937.88	8.0
1123.88	8.0
1245.76	8.0
287.56	9.0
329.48	9.0
485.56	9.0
900.24	9.0
953.96	9.0
1062.28	9.0
1219.76	9.0
72.28	10.0
136.12	10.0
210.68	10.0
265.76	10.0
302.48	10.0
329.4	10.0
375.4	10.0
416.56	10.0
469.88	10.0
507.64	10.0
547.76	10.0
594.32	10.0
685.16	10.0
777.6	10.0
1084.72	10.0
1146.36	10.0
1267.44	10.0
340.88	11.0
404.16	11.0
927.04	11.0
1282.2	11.0
8.32	11.0
16.12	11.0
62.2	11.0
68.04	11.0
86.76	11.0
146.28	11.0
165.36	11.0
205.76	11.0
210.24	11.0
331.04	11.0
374.44	11.0
394.6	11.0
509.56	11.0
544.48	11.0
643.08	11.0
654.64	11.0
741.0	11.0
745.76	11.0
870.92	11.0
895.72	11.0
920.28	11.0
974.24	11.0
1007.96	11.0
1112.48	11.0
1133.96	11.0
1231.6	11.0
1236.24	11.0
1264.8	11.0
1270.64	11.0
1310.68	11.0
1315.0	11.0
156.0	12.0
320.32	12.0
349.24	12.0
608.6	12.0
77.44	13.0
154.72	13.0
319.68	13.0
350.24	13.0
693.4	13.0
896.16	13.0
986.36	13.0
1130.96	13.0
317.04	14.0
312.44	14.0
764.88	14.0
935.44	14.0
353.0	15.0
727.84	15.0
1026.8	15.0
1161.2	15.0
136.28	16.0
302.52	16.0
351.6	16.0
648.96	16.0
302.44	20.0
982.6	20.0
156.4	21.0
302.48	21.0
306.84	21.0
312.32	21.0
318.28	21.0
329.48	21.0
334.0	21.0
336.8	21.0
346.92	21.0
364.0	21.0
455.68	21.0
482.32	21.0
656.6	21.0
784.92	21.0
899.08	21.0
929.76	21.0
1128.52	21.0
1253.48	21.0
1273.4	21.0
28.04	22.0
49.52	22.0
313.32	22.0
327.28	22.0
385.08	22.0
461.32	22.0
497.76	22.0
710.44	22.0
974.6	22.0
1196.4	22.0
1305.48	22.0
855.36	23.0
1012.72	23.0
1109.16	23.0
83.32	23.0
87.6	23.0
165.64	23.0
224.0	23.0
266.96	23.0
308.08	23.0
318.2	23.0
330.88	23.0
351.16	23.0
359.6	23.0
388.56	23.0
461.44	23.0
475.4	23.0
499.64	23.0
572.2	23.0
622.28	23.0
653.4	23.0
723.6	23.0
771.92	23.0
798.88	23.0
842.92	23.0
936.6	23.0
986.2	23.0
998.84	23.0
1006.08	23.0
1047.24	23.0
1188.84	23.0
1213.76	23.0
1217.04	23.0
1230.76	23.0
1254.72	23.0
1274.4	23.0
1325.36	23.0
310.24	24.0
321.04	24.0
332.36	24.0
406.64	24.0
899.68	24.0
306.68	25.0
79.84	25.0
146.88	25.0
247.08	25.0
555.44	25.0
1106.32	25.0
1277.2	25.0
181.24	26.0
476.56	26.0
549.52	26.0
1300.84	26.0
10.24	26.0
55.8	26.0
84.68	26.0
111.16	26.0
132.6	26.0
150.48	26.0
185.72	26.0
219.12	26.0
226.76	26.0
250.28	26.0
297.12	26.0
302.84	26.0
309.64	26.0
316.44	26.0
323.0	26.0
329.92	26.0
336.08	26.0
347.12	26.0
357.76	26.0
368.32	26.0
388.72	26.0
425.76	26.0
449.28	26.0
458.24	26.0
502.0	26.0
505.6	26.0
524.72	26.0
562.92	26.0
613.76	26.0
734.52	26.0
752.36	26.0
763.32	26.0
800.8	26.0
843.56	26.0
879.44	26.0
901.96	26.0
981.2	26.0
983.72	26.0
991.24	26.0
1020.44	26.0
1048.36	26.0
1212.8	26.0
1245.2	26.0
1268.0	26.0
1282.64	26.0
1328.84	26.0
264.04	27.0
302.84	27.0
502.88	27.0
985.12	27.0
216.24	28.0
287.16	28.0
302.52	28.0
306.96	28.0
316.88	28.0
328.68	28.0
331.6	28.0
353.96	28.0
427.36	28.0
468.6	28.0
525.52	28.0
656.36	28.0
708.92	28.0
777.2	28.0
840.32	28.0
953.56	28.0
974.32	28.0
1006.64	28.0
1019.28	28.0
1061.84	28.0
1176.2	28.0
1237.32	28.0
1243.28	28.0
332.36	29.0
31.52	29.0
314.64	29.0
328.8	29.0
427.08	29.0
1243.08	29.0
89.24	30.0
193.88	30.0
309.8	30.0
322.04	30.0
331.92	30.0
342.12	30.0
438.36	30.0
477.4	30.0
918.72	30.0
1321.72	30.0
315.24	31.0
329.56	31.0
362.76	31.0
477.16	31.0
508.68	31.0
186.56	33.0
302.68	33.0
5.04	34.0
31.16	34.0
85.16	34.0
333.2	34.0
851.64	34.0
898.12	34.0
1131.72	34.0
1214.6	34.0
306.52	35.0
4.96	35.0
15.96	35.0
35.6	35.0
47.92	35.0
82.88	35.0
92.48	35.0
110.32	35.0
151.88	35.0
165.52	35.0
206.0	35.0
222.04	35.0
230.32	35.0
257.6	35.0
265.96	35.0
315.72	35.0
318.96	35.0
327.56	35.0
334.72	35.0
339.44	35.0
363.96	35.0
382.72	35.0
426.0	35.0
435.64	35.0
512.76	35.0
525.52	35.0
541.28	35.0
572.52	35.0
587.56	35.0
656.6	35.0
742.6	35.0
778.4	35.0
844.72	35.0
855.2	35.0
904.12	35.0
907.08	35.0
916.72	35.0
934.76	35.0
950.2	35.0
981.04	35.0
985.96	35.0
1003.88	35.0
1030.04	35.0
1066.8	35.0
1170.64	35.0
1221.88	35.0
1247.08	35.0
1253.24	35.0
1270.12	35.0
1285.8	35.0
1312.6	35.0
22.72	36.0
63.76	36.0
105.88	36.0
122.56	36.0
188.32	36.0
254.48	36.0
322.84	36.0
449.4	36.0
646.96	36.0
747.76	36.0
891.76	36.0
935.4	36.0
973.16	36.0
1104.72	36.0
1162.28	36.0
1229.92	36.0
1291.48	36.0
