333.28	1.0
242.28	1.0
822.0	1.0
324.36	2.0
64.04	2.0
115.12	2.0
206.68	2.0
215.12	2.0
243.16	2.0
311.92	2.0
315.52	2.0
328.96	2.0
333.36	2.0
335.96	2.0
339.16	2.0
347.4	2.0
352.88	2.0
405.8	2.0
420.68	2.0
537.68	2.0
626.84	2.0
629.76	2.0
312.12	3.0
332.44	3.0
157.08	3.0
250.0	3.0
316.0	3.0
324.76	3.0
328.56	3.0
339.12	3.0
346.76	3.0
353.04	3.0
414.08	3.0
420.48	3.0
537.88	3.0
628.76	3.0
313.0	4.0
341.96	4.0
325.2	5.0
254.12	6.0
328.16	6.0
447.96	6.0
852.96	6.0
356.4	7.0
430.24	7.0
753.24	7.0
113.76	8.0
241.72	8.0
302.92	8.0
314.0	8.0
317.92	8.0
332.2	8.0
345.64	8.0
418.56	8.0
431.2	8.0
459.32	8.0
526.8	8.0
613.28	8.0
759.76	8.0
962.72	8.0
102.84	9.0
680.28	9.0
129.68	10.0
458.6	10.0
698.64	10.0
116.88	10.0
233.6	10.0
309.0	10.0
312.92	10.0
527.04	10.0
626.52	10.0
716.04	10.0
872.8	10.0
157.12	11.0
330.76	11.0
414.0	11.0
466.16	11.0
309.04	11.0
311.88	11.0
323.04	11.0
325.56	11.0
335.4	11.0
338.96	11.0
379.04	11.0
420.76	11.0
705.48	12.0
308.96	12.0
311.88	12.0
332.84	13.0
303.0	13.0
308.44	13.0
319.92	13.0
354.88	13.0
320.16	14.0
235.28	14.0
308.76	14.0
313.64	14.0
334.76	14.0
342.92	14.0
394.56	14.0
307.04	16.0
351.84	16.0
790.68	16.0
315.76	18.0
311.08	18.0
418.6	19.0
626.6	19.0
330.0	20.0
302.44	20.0
351.88	20.0
333.28	21.0
349.6	21.0
15.88	21.0
259.64	21.0
312.64	21.0
330.36	21.0
346.0	21.0
378.44	21.0
415.04	21.0
431.84	21.0
312.56	22.0
317.52	22.0
321.16	22.0
350.08	22.0
312.08	23.0
315.88	23.0
320.16	23.0
330.8	23.0
342.08	23.0
352.8	23.0
416.2	23.0
311.44	24.0
314.84	24.0
327.0	24.0
329.72	24.0
339.36	24.0
315.12	25.0
302.44	25.0
3.6	26.0
37.8	26.0
48.96	26.0
71.76	26.0
121.84	26.0
149.76	26.0
235.4	26.0
312.16	26.0
319.08	26.0
325.88	26.0
332.8	26.0
336.2	26.0
340.52	26.0
347.0	26.0
350.52	26.0
359.4	26.0
368.68	26.0
376.32	26.0
388.72	26.0
399.32	26.0
402.2	26.0
421.92	26.0
447.84	26.0
454.08	26.0
468.88	26.0
490.6	26.0
512.36	26.0
685.32	26.0
726.28	26.0
159.88	27.0
236.04	27.0
308.88	28.0
328.12	28.0
144.56	28.0
256.4	28.0
302.44	28.0
314.84	28.0
319.4	28.0
322.72	28.0
341.16	28.0
421.72	28.0
537.88	28.0
622.08	28.0
629.28	28.0
679.96	28.0
731.48	28.0
426.08	29.0
1305.72	29.0
114.64	30.0
169.72	30.0
241.6	30.0
257.88	30.0
315.4	30.0
320.08	30.0
327.72	30.0
347.8	30.0
382.32	30.0
410.72	30.0
414.36	30.0
485.04	30.0
528.0	30.0
545.56	30.0
614.16	30.0
633.0	30.0
752.24	30.0
765.04	30.0
804.0	30.0
963.92	30.0
302.8	31.0
321.2	31.0
331.96	31.0
341.56	31.0
344.56	31.0
314.04	33.0
327.48	33.0
312.68	34.0
811.88	34.0
311.32	35.0
314.12	35.0
31.84	35.0
124.92	35.0
149.88	35.0
322.12	35.0
330.92	35.0
395.12	35.0
432.84	35.0
469.12	35.0
537.08	35.0
731.64	35.0
149.84	36.0
302.48	36.0
332.52	36.0
351.72	36.0
827.08	36.0
