948.4	1.0
182.12	2.0
255.32	2.0
296.4	2.0
314.92	2.0
318.8	2.0
328.92	2.0
332.4	2.0
359.52	2.0
539.44	2.0
780.32	2.0
795.56	2.0
807.76	2.0
812.76	2.0
862.52	2.0
907.0	2.0
922.2	2.0
950.4	2.0
972.24	2.0
975.2	2.0
1011.16	2.0
1034.96	2.0
1072.52	2.0
1172.6	2.0
1203.36	2.0
1278.36	2.0
163.84	3.0
302.52	3.0
306.04	3.0
142.88	3.0
181.72	3.0
321.64	3.0
331.44	3.0
347.52	3.0
362.6	3.0
395.0	3.0
539.24	3.0
795.72	3.0
812.96	3.0
862.72	3.0
918.8	3.0
922.36	3.0
1011.32	3.0
1043.08	3.0
1257.36	3.0
1291.8	3.0
3.52	4.0
25.12	4.0
38.2	4.0
52.56	4.0
71.88	4.0
97.6	4.0
117.4	4.0
140.28	4.0
163.92	4.0
184.52	4.0
207.4	4.0
226.92	4.0
239.08	4.0
255.8	4.0
283.48	4.0
309.0	4.0
311.64	4.0
316.28	4.0
331.04	4.0
344.2	4.0
358.88	4.0
376.6	4.0
396.64	4.0
416.96	4.0
432.92	4.0
448.56	4.0
472.36	4.0
483.08	4.0
499.48	4.0
513.36	4.0
530.92	4.0
550.48	4.0
568.88	4.0
584.4	4.0
605.48	4.0
618.8	4.0
649.88	4.0
662.8	4.0
692.32	4.0
715.6	4.0
743.64	4.0
784.04	4.0
795.16	4.0
808.08	4.0
865.48	4.0
875.48	4.0
889.8	4.0
905.68	4.0
916.4	4.0
939.52	4.0
950.84	4.0
965.8	4.0
979.64	4.0
1002.32	4.0
1017.44	4.0
1041.24	4.0
1053.56	4.0
1070.84	4.0
1089.44	4.0
1130.2	4.0
1153.8	4.0
1189.0	4.0
1205.76	4.0
1223.04	4.0
1259.48	4.0
1292.84	4.0
309.0	5.0
311.84	5.0
24.48	6.0
156.52	6.0
235.2	6.0
309.0	6.0
311.88	6.0
342.36	6.0
397.4	6.0
475.0	6.0
550.64	6.0
607.12	6.0
614.68	6.0
740.72	6.0
810.72	6.0
908.2	6.0
967.84	6.0
1037.76	6.0
1151.88	6.0
1290.36	6.0
452.0	7.0
551.0	7.0
808.76	7.0
50.2	8.0
57.68	8.0
102.48	8.0
224.76	8.0
302.76	8.0
313.88	8.0
321.96	8.0
344.4	8.0
351.4	8.0
436.88	8.0
459.72	8.0
750.8	8.0
784.6	8.0
929.24	8.0
950.92	8.0
1002.84	8.0
1140.56	8.0
1190.0	8.0
1291.88	8.0
318.28	9.0
324.92	9.0
337.64	9.0
779.4	9.0
816.0	9.0
861.08	9.0
895.48	9.0
950.68	9.0
1282.44	9.0
164.12	10.0
534.56	10.0
147.2	10.0
207.28	10.0
273.96	10.0
302.68	10.0
317.08	10.0
332.12	10.0
376.04	10.0
479.32	10.0
589.36	10.0
652.6	10.0
757.68	10.0
813.52	10.0
861.08	10.0
912.04	10.0
1064.4	10.0
1108.48	10.0
1165.76	10.0
1244.44	10.0
26.16	11.0
142.92	11.0
362.6	11.0
918.8	11.0
1043.12	11.0
13.72	11.0
61.36	11.0
178.04	11.0
181.56	11.0
265.56	11.0
296.52	11.0
333.44	11.0
397.88	11.0
498.2	11.0
528.36	11.0
539.56	11.0
566.56	11.0
579.6	11.0
655.36	11.0
780.44	11.0
791.28	11.0
857.44	11.0
892.24	11.0
906.32	11.0
923.0	11.0
946.88	11.0
966.48	11.0
1009.56	11.0
1029.16	11.0
1107.08	11.0
1195.2	11.0
1271.36	11.0
1295.52	11.0
379.48	12.0
462.52	12.0
941.24	12.0
1072.84	12.0
1104.2	12.0
1012.0	13.0
316.0	13.0
334.4	13.0
315.96	14.0
302.48	15.0
173.84	16.0
302.48	16.0
354.32	16.0
646.88	16.0
1058.88	16.0
1229.8	16.0
323.72	18.0
343.88	18.0
302.84	19.0
105.16	21.0
209.28	21.0
308.84	21.0
319.64	21.0
330.4	21.0
337.8	21.0
341.96	21.0
345.88	21.0
361.32	21.0
537.12	21.0
583.0	21.0
610.24	21.0
702.6	21.0
940.48	21.0
1025.84	21.0
1074.76	21.0
1103.56	21.0
1158.68	21.0
1307.96	21.0
39.36	22.0
72.88	22.0
122.04	22.0
185.52	22.0
192.52	22.0
266.4	22.0
302.48	22.0
315.28	22.0
334.52	22.0
358.56	22.0
423.68	22.0
462.2	22.0
505.76	22.0
549.16	22.0
633.88	22.0
699.8	22.0
747.16	22.0
811.96	22.0
823.84	22.0
912.48	22.0
939.48	22.0
1001.84	22.0
1024.92	22.0
1039.0	22.0
1048.36	22.0
1091.44	22.0
1182.88	22.0
1269.6	22.0
47.4	23.0
302.56	23.0
430.68	23.0
730.12	23.0
886.8	23.0
1225.04	23.0
17.8	23.0
22.56	23.0
33.0	23.0
159.16	23.0
170.24	23.0
187.08	23.0
313.76	23.0
326.56	23.0
333.6	23.0
358.4	23.0
459.88	23.0
508.96	23.0
540.52	23.0
551.8	23.0
651.28	23.0
666.0	23.0
750.48	23.0
825.84	23.0
858.64	23.0
872.72	23.0
915.92	23.0
942.84	23.0
953.16	23.0
1015.64	23.0
1021.56	23.0
1094.84	23.0
1107.52	23.0
1161.12	23.0
1170.48	23.0
1190.48	23.0
1327.4	23.0
294.16	24.0
310.36	24.0
325.4	24.0
329.12	24.0
347.24	24.0
458.28	24.0
267.44	25.0
738.92	25.0
30.16	26.0
103.56	26.0
109.76	26.0
151.56	26.0
184.24	26.0
254.72	26.0
278.36	26.0
286.6	26.0
299.88	26.0
302.52	26.0
310.52	26.0
318.84	26.0
326.84	26.0
335.24	26.0
349.44	26.0
370.96	26.0
378.92	26.0
399.88	26.0
408.76	26.0
431.2	26.0
447.24	26.0
453.44	26.0
459.68	26.0
482.8	26.0
503.56	26.0
509.2	26.0
533.84	26.0
559.64	26.0
623.88	26.0
735.4	26.0
738.48	26.0
784.28	26.0
788.64	26.0
808.12	26.0
811.08	26.0
820.16	26.0
831.32	26.0
854.44	26.0
893.2	26.0
913.12	26.0
948.84	26.0
976.52	26.0
1005.8	26.0
1074.44	26.0
1083.16	26.0
1218.04	26.0
209.32	27.0
858.88	27.0
59.88	28.0
170.0	28.0
180.96	28.0
302.52	28.0
306.12	28.0
321.04	28.0
324.56	28.0
327.16	28.0
337.24	28.0
798.16	28.0
815.64	28.0
895.16	28.0
974.16	28.0
1071.28	28.0
1207.0	28.0
973.96	29.0
1097.48	29.0
310.2	30.0
319.32	30.0
329.16	30.0
342.96	30.0
363.6	30.0
385.32	30.0
809.72	30.0
921.08	30.0
1190.92	30.0
306.48	33.0
302.6	33.0
893.76	34.0
13.6	35.0
16.36	35.0
32.2	35.0
49.16	35.0
73.96	35.0
134.52	35.0
153.56	35.0
176.32	35.0
196.8	35.0
270.28	35.0
287.04	35.0
307.64	35.0
310.64	35.0
314.64	35.0
328.88	35.0
333.8	35.0
345.64	35.0
352.56	35.0
357.04	35.0
362.72	35.0
379.16	35.0
402.32	35.0
406.64	35.0
452.48	35.0
482.84	35.0
496.2	35.0
510.16	35.0
559.52	35.0
572.24	35.0
581.36	35.0
635.16	35.0
695.2	35.0
700.64	35.0
741.44	35.0
751.4	35.0
767.92	35.0
791.04	35.0
796.08	35.0
807.92	35.0
826.84	35.0
845.76	35.0
861.76	35.0
876.92	35.0
911.24	35.0
929.88	35.0
959.84	35.0
975.24	35.0
1022.8	35.0
1044.76	35.0
1063.28	35.0
1069.4	35.0
1082.2	35.0
1097.44	35.0
1123.64	35.0
1127.72	35.0
1140.48	35.0
1190.08	35.0
1204.08	35.0
1210.52	35.0
1296.92	35.0
1317.92	35.0
249.32	36.0
449.12	36.0
480.96	36.0
603.0	36.0
721.24	36.0
763.8	36.0
807.68	36.0
895.88	36.0
1144.44	36.0
1214.76	36.0
