282.76	1.0
297.0	2.0
510.16	2.0
683.28	2.0
1237.08	2.0
213.4	2.0
222.16	2.0
256.04	2.0
270.04	2.0
274.68	2.0
277.8	2.0
281.2	2.0
284.24	2.0
289.36	2.0
292.36	2.0
302.48	2.0
306.32	2.0
335.92	2.0
362.32	2.0
393.64	2.0
402.84	2.0
413.24	2.0
430.68	2.0
453.4	2.0
477.4	2.0
518.24	2.0
538.88	2.0
551.96	2.0
563.32	2.0
579.12	2.0
621.76	2.0
630.6	2.0
642.92	2.0
658.84	2.0
714.92	2.0
752.12	2.0
755.28	2.0
775.32	2.0
812.12	2.0
891.32	2.0
963.04	2.0
1027.8	2.0
1053.32	2.0
1087.72	2.0
1100.2	2.0
1139.24	2.0
1192.76	2.0
1207.6	2.0
1287.88	2.0
312.0	3.0
352.44	3.0
1210.24	3.0
281.0	3.0
284.16	3.0
290.2	3.0
309.0	3.0
320.2	3.0
330.44	3.0
341.56	3.0
408.0	3.0
423.24	3.0
458.0	3.0
502.12	3.0
525.48	3.0
581.04	3.0
683.72	3.0
720.2	3.0
970.64	3.0
992.64	3.0
1091.64	3.0
1163.48	3.0
1237.12	3.0
1292.32	3.0
1368.08	3.0
294.52	4.0
309.04	4.0
311.88	4.0
314.72	4.0
322.36	4.0
329.04	4.0
331.76	4.0
340.76	4.0
348.04	4.0
358.8	4.0
366.76	4.0
396.92	4.0
409.64	4.0
544.04	4.0
559.56	4.0
582.84	4.0
635.32	4.0
649.48	4.0
672.4	4.0
719.64	4.0
763.76	4.0
801.6	4.0
854.28	4.0
885.52	4.0
918.8	4.0
950.68	4.0
972.32	4.0
983.12	4.0
1001.0	4.0
1025.24	4.0
1046.68	4.0
1068.8	4.0
1077.72	4.0
1093.92	4.0
1106.16	4.0
1138.56	4.0
1165.04	4.0
1189.04	4.0
1208.28	4.0
1219.0	4.0
1233.6	4.0
1244.32	4.0
1257.6	4.0
1269.44	4.0
1294.16	4.0
1310.0	4.0
1321.8	4.0
1331.88	4.0
1345.76	4.0
1368.28	4.0
1386.24	4.0
1398.2	4.0
1414.84	4.0
1422.56	4.0
309.0	5.0
311.92	5.0
326.52	5.0
363.24	5.0
455.28	5.0
679.68	5.0
310.12	6.0
273.48	6.0
312.8	6.0
355.92	6.0
394.0	6.0
506.76	6.0
542.88	6.0
580.32	6.0
644.72	6.0
760.28	6.0
798.96	6.0
861.2	6.0
908.92	6.0
970.04	6.0
1041.92	6.0
1102.6	6.0
1159.84	6.0
1221.48	6.0
1270.0	6.0
1315.44	6.0
1364.08	6.0
1417.64	6.0
311.44	7.0
317.04	7.0
336.44	7.0
302.8	7.0
351.28	7.0
379.44	7.0
460.64	7.0
525.64	7.0
281.2	8.0
265.32	8.0
292.76	8.0
306.64	8.0
366.2	8.0
598.12	8.0
744.96	8.0
766.68	8.0
772.28	8.0
1008.08	8.0
1024.08	8.0
1208.4	8.0
1338.28	8.0
1382.64	8.0
272.44	9.0
284.84	9.0
291.64	9.0
686.04	9.0
729.4	9.0
814.64	9.0
1145.8	9.0
313.28	10.0
442.2	10.0
718.88	10.0
259.04	10.0
271.6	10.0
274.84	10.0
281.0	10.0
285.68	10.0
289.16	10.0
361.12	10.0
385.2	10.0
453.08	10.0
478.08	10.0
496.68	10.0
811.48	10.0
940.0	10.0
1266.72	10.0
284.16	11.0
311.32	11.0
322.08	11.0
374.08	11.0
603.84	11.0
864.08	11.0
1368.08	11.0
271.96	11.0
274.92	11.0
279.04	11.0
289.12	11.0
292.52	11.0
295.76	11.0
329.12	11.0
349.44	11.0
426.56	11.0
621.92	11.0
808.92	11.0
990.96	11.0
1054.12	11.0
1134.68	11.0
1140.24	11.0
1340.76	11.0
239.56	12.0
310.76	12.0
275.88	12.0
284.72	12.0
319.72	13.0
286.56	13.0
296.08	13.0
323.68	13.0
350.0	13.0
365.56	13.0
1211.84	13.0
393.16	14.0
312.2	14.0
283.36	15.0
325.48	15.0
310.68	16.0
330.76	16.0
362.48	16.0
367.76	16.0
391.16	16.0
589.0	16.0
763.24	16.0
863.24	16.0
956.92	16.0
1130.24	16.0
1263.44	16.0
310.12	18.0
275.04	19.0
344.36	20.0
382.48	20.0
627.0	20.0
288.72	21.0
308.24	21.0
310.84	21.0
319.2	21.0
280.56	21.0
283.96	21.0
296.0	21.0
302.32	21.0
322.2	21.0
326.36	21.0
332.16	21.0
344.28	21.0
353.4	21.0
364.6	21.0
372.56	21.0
385.08	21.0
444.48	21.0
487.08	21.0
505.64	21.0
510.0	21.0
527.44	21.0
565.36	21.0
606.6	21.0
625.32	21.0
700.48	21.0
777.32	21.0
812.2	21.0
878.12	21.0
885.32	21.0
1001.52	21.0
1026.56	21.0
1083.88	21.0
1144.56	21.0
1227.36	21.0
1282.56	21.0
265.88	22.0
275.28	22.0
281.16	22.0
286.2	22.0
288.72	22.0
292.0	22.0
322.96	22.0
363.92	22.0
418.8	22.0
455.04	22.0
461.16	22.0
513.44	22.0
765.6	22.0
795.4	22.0
895.2	22.0
1038.64	22.0
1084.96	22.0
1093.0	22.0
1156.0	22.0
1200.76	22.0
1240.28	22.0
1285.04	22.0
1348.64	22.0
1390.2	22.0
1417.96	22.0
302.52	23.0
310.72	23.0
332.76	23.0
1093.84	23.0
272.52	23.0
276.4	23.0
279.96	23.0
285.88	23.0
290.96	23.0
293.92	23.0
320.52	23.0
323.04	23.0
351.48	23.0
625.04	23.0
672.92	23.0
1003.96	23.0
1025.84	23.0
1080.08	23.0
1083.36	23.0
1112.56	23.0
1134.68	23.0
1158.12	23.0
1190.24	23.0
1240.0	23.0
1420.2	23.0
282.6	24.0
292.36	24.0
306.2	24.0
311.28	24.0
324.2	24.0
361.88	24.0
445.92	24.0
507.6	24.0
1077.32	24.0
1268.04	24.0
1354.88	24.0
292.0	25.0
311.4	25.0
324.8	25.0
273.48	26.0
281.68	26.0
286.52	26.0
291.28	26.0
294.76	26.0
302.48	26.0
310.36	26.0
316.56	26.0
329.92	26.0
336.68	26.0
340.88	26.0
349.08	26.0
357.08	26.0
360.28	26.0
370.68	26.0
393.44	26.0
404.96	26.0
412.96	26.0
428.64	26.0
432.8	26.0
442.88	26.0
454.6	26.0
461.16	26.0
469.32	26.0
477.68	26.0
497.16	26.0
511.72	26.0
544.88	26.0
548.08	26.0
565.2	26.0
585.88	26.0
607.0	26.0
641.08	26.0
646.52	26.0
676.6	26.0
695.96	26.0
720.24	26.0
770.72	26.0
814.92	26.0
845.6	26.0
875.52	26.0
887.76	26.0
980.16	26.0
1081.84	26.0
1118.8	26.0
1152.16	26.0
1162.48	26.0
1182.48	26.0
1264.16	26.0
1312.28	26.0
1321.6	26.0
1350.12	26.0
302.72	27.0
628.96	27.0
719.4	27.0
1268.4	28.0
276.88	28.0
280.08	28.0
286.56	28.0
295.68	28.0
302.48	28.0
312.08	28.0
319.92	28.0
332.68	28.0
353.0	28.0
365.84	28.0
398.88	28.0
421.84	28.0
453.68	28.0
628.88	28.0
893.24	28.0
1056.08	28.0
1145.44	28.0
281.6	29.0
290.68	29.0
308.96	29.0
474.0	29.0
284.48	30.0
290.52	30.0
296.4	30.0
344.0	30.0
369.44	30.0
384.28	30.0
402.0	30.0
438.88	30.0
472.2	30.0
504.28	30.0
546.96	30.0
564.16	30.0
617.92	30.0
653.68	30.0
682.64	30.0
724.56	30.0
771.68	30.0
806.88	30.0
844.48	30.0
898.0	30.0
923.68	30.0
1000.16	30.0
1022.44	30.0
1047.24	30.0
1051.28	30.0
1079.32	30.0
1104.64	30.0
1141.4	30.0
1234.28	30.0
1270.68	30.0
1301.6	30.0
1334.44	30.0
1357.64	30.0
1372.28	30.0
279.08	31.0
284.44	31.0
295.96	31.0
302.64	31.0
333.4	31.0
353.2	31.0
422.0	31.0
457.36	31.0
1207.2	31.0
280.24	33.0
286.32	33.0
290.92	33.0
294.0	33.0
280.68	34.0
313.32	34.0
323.32	34.0
354.72	34.0
290.4	34.0
486.68	34.0
507.84	34.0
516.8	34.0
272.36	35.0
280.24	35.0
284.84	35.0
287.36	35.0
290.08	35.0
294.36	35.0
302.88	35.0
307.44	35.0
312.4	35.0
315.72	35.0
322.08	35.0
326.24	35.0
330.4	35.0
335.44	35.0
341.16	35.0
352.68	35.0
356.36	35.0
361.08	35.0
376.16	35.0
390.6	35.0
397.44	35.0
417.84	35.0
431.68	35.0
440.92	35.0
455.6	35.0
470.8	35.0
480.0	35.0
498.28	35.0
508.28	35.0
584.44	35.0
619.32	35.0
675.2	35.0
696.84	35.0
735.72	35.0
748.2	35.0
792.36	35.0
804.36	35.0
833.76	35.0
842.92	35.0
862.16	35.0
893.68	35.0
925.04	35.0
948.96	35.0
953.4	35.0
962.6	35.0
981.88	35.0
990.2	35.0
1002.64	35.0
1019.4	35.0
1022.48	35.0
1028.88	35.0
1044.04	35.0
1058.16	35.0
1075.28	35.0
1098.08	35.0
1132.24	35.0
1140.8	35.0
1162.64	35.0
1179.6	35.0
1186.72	35.0
1204.24	35.0
1225.36	35.0
1239.88	35.0
1254.28	35.0
1261.32	35.0
1274.04	35.0
1292.08	35.0
1302.56	35.0
1315.04	35.0
1321.0	35.0
1329.16	35.0
1348.44	35.0
1355.32	35.0
1366.52	35.0
1418.36	35.0
286.04	36.0
293.36	36.0
332.44	36.0
351.84	36.0
624.12	36.0
