262.76	1.0
303.0	1.0
309.16	2.0
101.2	2.0
227.68	2.0
237.88	2.0
259.4	2.0
314.48	2.0
319.36	2.0
325.4	2.0
336.72	2.0
344.6	2.0
357.64	2.0
369.28	2.0
373.64	2.0
409.12	2.0
567.8	2.0
700.72	2.0
302.72	3.0
317.0	3.0
322.68	3.0
329.6	3.0
334.52	3.0
345.28	3.0
353.92	3.0
367.32	3.0
372.92	3.0
570.52	3.0
617.28	3.0
650.44	3.0
309.04	4.0
312.0	4.0
309.0	5.0
311.96	5.0
329.04	5.0
618.24	5.0
317.32	6.0
69.64	6.0
309.0	6.0
311.8	6.0
404.92	6.0
628.52	6.0
264.68	7.0
352.44	7.0
298.68	8.0
302.76	8.0
428.0	8.0
498.96	8.0
607.48	8.0
233.68	9.0
315.68	9.0
327.64	9.0
660.0	9.0
502.4	10.0
644.28	10.0
889.08	10.0
58.76	10.0
135.48	10.0
248.28	10.0
267.64	10.0
302.52	10.0
306.16	10.0
316.36	10.0
325.24	10.0
467.64	10.0
530.6	10.0
594.4	10.0
678.4	10.0
741.56	10.0
832.12	10.0
916.32	10.0
1026.28	10.0
322.48	11.0
353.4	11.0
478.8	11.0
700.6	11.0
806.84	11.0
302.68	11.0
314.8	11.0
326.44	11.0
347.04	11.0
367.24	11.0
953.2	11.0
318.96	12.0
333.6	12.0
438.64	12.0
777.96	13.0
313.84	13.0
316.44	13.0
319.88	13.0
405.08	14.0
416.44	14.0
419.96	14.0
268.44	15.0
302.88	15.0
362.76	15.0
454.8	15.0
175.76	16.0
302.48	16.0
329.92	16.0
306.12	18.0
321.44	18.0
502.08	18.0
684.12	18.0
324.48	19.0
302.8	20.0
318.84	20.0
379.24	20.0
295.68	20.0
354.48	20.0
323.8	21.0
353.32	21.0
248.0	21.0
302.44	21.0
314.48	21.0
318.48	21.0
330.24	21.0
335.04	21.0
378.24	21.0
390.88	21.0
418.88	21.0
442.28	21.0
453.12	21.0
540.6	21.0
618.24	21.0
699.12	21.0
789.8	21.0
414.52	22.0
113.44	22.0
163.6	22.0
215.24	22.0
302.48	22.0
309.36	22.0
315.36	22.0
335.04	22.0
58.64	23.0
309.28	23.0
324.36	23.0
315.36	23.0
317.88	23.0
333.84	23.0
337.68	23.0
341.8	23.0
347.36	23.0
371.48	23.0
391.0	23.0
404.4	23.0
457.44	23.0
243.16	24.0
302.52	24.0
348.76	24.0
480.8	24.0
264.32	25.0
319.88	25.0
481.08	25.0
302.48	25.0
617.64	26.0
5.2	26.0
26.96	26.0
49.24	26.0
65.24	26.0
91.8	26.0
126.0	26.0
159.88	26.0
191.68	26.0
199.0	26.0
224.0	26.0
238.32	26.0
256.44	26.0
262.52	26.0
286.0	26.0
302.48	26.0
308.52	26.0
314.32	26.0
319.96	26.0
327.44	26.0
332.36	26.0
340.52	26.0
346.32	26.0
361.4	26.0
372.76	26.0
385.88	26.0
401.68	26.0
404.2	26.0
420.4	26.0
423.16	26.0
437.4	26.0
468.88	26.0
484.4	26.0
502.64	26.0
524.64	26.0
552.44	26.0
562.72	26.0
578.12	26.0
587.0	26.0
629.28	26.0
647.12	26.0
650.16	26.0
660.88	26.0
683.08	26.0
719.72	26.0
733.16	26.0
746.92	26.0
779.2	26.0
782.08	26.0
800.16	26.0
826.52	26.0
885.88	26.0
959.44	26.0
117.88	27.0
302.8	27.0
337.72	27.0
397.68	27.0
508.32	27.0
532.48	27.0
696.68	27.0
315.76	28.0
42.96	28.0
88.56	28.0
233.32	28.0
302.52	28.0
306.48	28.0
324.8	28.0
327.32	28.0
335.04	28.0
348.04	28.0
659.68	28.0
143.88	30.0
179.56	30.0
219.72	30.0
291.72	30.0
318.84	30.0
322.52	30.0
334.68	30.0
338.48	30.0
357.4	30.0
370.4	30.0
393.0	30.0
443.96	30.0
472.2	30.0
539.28	30.0
614.0	30.0
644.04	30.0
692.6	30.0
787.72	30.0
317.4	31.0
338.48	31.0
364.6	31.0
412.0	31.0
313.8	33.0
334.96	33.0
563.88	33.0
302.72	33.0
316.8	34.0
306.96	35.0
16.64	35.0
89.92	35.0
229.6	35.0
265.52	35.0
315.28	35.0
342.44	35.0
345.6	35.0
377.44	35.0
392.48	35.0
431.28	35.0
580.68	35.0
792.36	35.0
