302.8	1.0
336.92	1.0
357.72	1.0
690.28	1.0
158.24	2.0
284.0	2.0
287.56	2.0
311.44	2.0
320.28	2.0
324.44	2.0
338.68	2.0
347.48	2.0
358.08	2.0
386.84	2.0
409.52	2.0
852.12	2.0
925.32	2.0
955.72	2.0
1055.92	2.0
1133.96	2.0
1226.28	2.0
311.88	3.0
315.08	3.0
67.0	3.0
94.64	3.0
195.84	3.0
320.68	3.0
338.36	3.0
1092.48	4.0
308.96	4.0
311.92	4.0
315.0	4.0
1092.48	5.0
308.96	5.0
311.96	5.0
318.52	5.0
358.6	5.0
314.6	6.0
309.0	6.0
312.0	6.0
344.04	6.0
498.28	6.0
581.64	6.0
682.0	6.0
731.24	6.0
832.2	6.0
1006.6	6.0
1103.92	6.0
1250.24	6.0
1302.4	6.0
332.68	7.0
113.76	7.0
319.56	7.0
404.12	7.0
455.04	7.0
84.52	8.0
302.72	8.0
316.52	8.0
322.24	8.0
348.12	8.0
449.32	8.0
601.24	8.0
83.36	9.0
256.48	9.0
307.72	9.0
817.2	9.0
931.6	9.0
978.44	9.0
1390.44	9.0
360.84	10.0
34.68	10.0
109.28	10.0
215.6	10.0
269.2	10.0
308.0	10.0
310.76	10.0
321.92	10.0
337.96	10.0
601.52	10.0
654.4	10.0
767.64	10.0
838.4	10.0
898.04	10.0
977.92	10.0
1068.12	10.0
1138.04	10.0
1239.16	10.0
1374.4	10.0
67.12	11.0
326.28	11.0
108.88	11.0
302.72	11.0
310.16	11.0
315.76	11.0
320.8	11.0
334.4	11.0
336.92	11.0
342.92	11.0
356.52	11.0
1066.0	11.0
261.76	12.0
312.56	12.0
318.08	12.0
371.2	12.0
380.48	12.0
669.08	12.0
259.76	13.0
312.84	13.0
319.12	13.0
392.2	14.0
467.12	14.0
317.44	15.0
302.8	15.0
356.88	15.0
206.4	16.0
302.48	16.0
381.04	16.0
713.32	17.0
302.52	18.0
321.04	18.0
302.76	20.0
306.84	20.0
345.48	20.0
313.04	21.0
98.92	21.0
194.8	21.0
302.84	21.0
307.08	21.0
318.96	21.0
325.12	21.0
331.84	21.0
343.8	21.0
365.2	21.0
375.92	21.0
387.56	21.0
410.0	21.0
448.36	21.0
730.08	21.0
882.44	21.0
1070.48	21.0
1097.48	21.0
1166.52	21.0
310.64	22.0
320.76	22.0
336.04	22.0
662.0	22.0
317.68	23.0
55.24	23.0
310.2	23.0
323.92	23.0
327.6	23.0
338.36	23.0
341.56	23.0
356.72	23.0
366.2	23.0
982.64	23.0
1077.68	23.0
1112.88	23.0
309.48	24.0
317.68	24.0
337.48	24.0
353.8	24.0
421.36	24.0
472.4	24.0
302.48	25.0
324.36	25.0
319.72	26.0
461.04	26.0
10.0	26.0
47.84	26.0
58.28	26.0
67.44	26.0
107.52	26.0
150.68	26.0
204.4	26.0
268.32	26.0
295.56	26.0
302.52	26.0
313.48	26.0
316.36	26.0
323.4	26.0
331.2	26.0
335.72	26.0
360.4	26.0
372.0	26.0
374.84	26.0
385.52	26.0
388.24	26.0
407.72	26.0
433.04	26.0
469.0	26.0
492.44	26.0
505.4	26.0
514.84	26.0
557.24	26.0
566.36	26.0
609.72	26.0
615.36	26.0
664.04	26.0
675.16	26.0
721.12	26.0
756.84	26.0
797.96	26.0
830.52	26.0
843.24	26.0
929.08	26.0
944.84	26.0
949.96	26.0
963.04	26.0
999.88	26.0
1061.16	26.0
1074.2	26.0
1086.08	26.0
1122.72	26.0
1159.6	26.0
1205.52	26.0
1253.52	26.0
1364.04	26.0
74.88	27.0
302.48	27.0
361.68	27.0
667.96	27.0
256.16	28.0
302.52	28.0
306.04	28.0
315.24	28.0
318.84	28.0
325.28	28.0
340.8	28.0
344.48	28.0
686.08	28.0
1056.24	28.0
1135.16	28.0
1194.64	28.0
1319.2	28.0
1390.08	28.0
325.08	29.0
342.08	29.0
6.64	30.0
316.36	30.0
325.2	30.0
334.48	30.0
345.4	30.0
361.08	30.0
392.04	30.0
408.68	30.0
452.8	30.0
737.52	30.0
1094.32	30.0
247.52	31.0
342.96	31.0
360.08	31.0
648.24	31.0
1077.36	31.0
352.12	33.0
302.64	33.0
333.44	33.0
334.96	34.0
314.96	34.0
338.6	34.0
309.28	35.0
323.56	35.0
60.88	35.0
297.32	35.0
302.88	35.0
306.12	35.0
317.0	35.0
330.04	35.0
336.56	35.0
346.72	35.0
349.72	35.0
352.88	35.0
378.68	35.0
717.72	35.0
1002.24	35.0
1063.48	35.0
1133.72	35.0
1151.28	35.0
314.6	36.0
360.2	36.0
