302.8	1.0
1255.68	1.0
23.44	2.0
31.2	2.0
56.92	2.0
78.04	2.0
102.04	2.0
118.4	2.0
140.84	2.0
168.84	2.0
201.76	2.0
206.08	2.0
233.52	2.0
256.6	2.0
280.48	2.0
302.44	2.0
377.56	2.0
451.04	2.0
487.32	2.0
520.28	2.0
524.04	2.0
591.0	2.0
656.96	2.0
666.96	2.0
740.52	2.0
840.08	2.0
854.72	2.0
905.24	2.0
1013.76	2.0
1018.16	2.0
1038.56	2.0
1102.16	2.0
1114.4	2.0
1129.72	2.0
1151.68	2.0
1155.08	2.0
1210.88	2.0
1219.32	2.0
1241.8	2.0
1336.4	2.0
1352.24	2.0
16.84	3.0
76.08	3.0
111.32	3.0
130.8	3.0
281.8	3.0
354.28	3.0
487.12	3.0
540.12	3.0
942.16	3.0
1018.44	3.0
1241.6	4.0
309.0	4.0
311.8	4.0
181.52	5.0
309.0	5.0
312.04	5.0
849.12	5.0
309.0	6.0
312.36	6.0
319.16	6.0
350.12	6.0
657.28	6.0
787.24	6.0
1017.64	6.0
1276.56	6.0
1283.72	6.0
1408.8	6.0
496.04	7.0
1041.96	7.0
7.76	7.0
184.96	7.0
409.96	7.0
787.52	7.0
893.4	7.0
897.68	7.0
302.48	8.0
795.68	8.0
1082.0	8.0
1112.36	8.0
404.64	9.0
1243.24	9.0
821.08	10.0
25.68	10.0
105.36	10.0
134.36	10.0
144.04	10.0
196.36	10.0
283.88	10.0
302.84	10.0
340.96	10.0
391.76	10.0
453.44	10.0
524.6	10.0
615.72	10.0
692.68	10.0
772.52	10.0
856.56	10.0
864.12	10.0
970.4	10.0
1026.56	10.0
1075.24	10.0
1176.4	10.0
1215.28	10.0
1289.6	10.0
1340.56	10.0
1398.36	10.0
238.04	11.0
325.92	11.0
490.6	11.0
743.16	11.0
788.92	11.0
942.16	11.0
1079.64	11.0
1107.32	11.0
1351.88	11.0
60.4	11.0
104.8	11.0
130.08	11.0
206.32	11.0
302.72	11.0
335.52	11.0
341.2	11.0
485.52	11.0
520.8	11.0
645.64	11.0
780.84	11.0
831.52	11.0
965.48	11.0
1050.32	11.0
1132.68	11.0
1216.0	11.0
1358.2	11.0
90.08	12.0
181.76	12.0
219.48	12.0
313.04	12.0
631.16	12.0
854.96	12.0
1057.96	12.0
158.6	13.0
317.88	13.0
644.72	13.0
1001.08	13.0
1103.76	13.0
302.8	15.0
320.84	15.0
462.6	15.0
797.64	15.0
823.6	15.0
852.64	15.0
302.48	16.0
303.0	17.0
302.96	19.0
310.12	19.0
302.88	20.0
1353.4	20.0
22.88	21.0
302.52	21.0
60.32	21.0
75.28	21.0
95.88	21.0
109.84	21.0
131.4	21.0
145.68	21.0
166.08	21.0
182.92	21.0
201.12	21.0
219.6	21.0
238.88	21.0
260.36	21.0
278.12	21.0
324.36	21.0
329.68	21.0
353.4	21.0
394.76	21.0
431.48	21.0
452.48	21.0
478.56	21.0
503.16	21.0
540.96	21.0
554.08	21.0
576.4	21.0
611.08	21.0
635.44	21.0
679.36	21.0
706.8	21.0
743.52	21.0
800.96	21.0
823.88	21.0
844.0	21.0
885.4	21.0
916.52	21.0
964.2	21.0
991.36	21.0
1043.56	21.0
1047.36	21.0
1058.52	21.0
1081.48	21.0
1191.2	21.0
1237.84	21.0
1282.52	21.0
1325.08	21.0
1361.36	21.0
1394.28	21.0
1412.44	21.0
21.08	22.0
419.4	22.0
1012.44	22.0
40.44	23.0
218.32	23.0
237.4	23.0
310.88	23.0
319.52	23.0
407.36	23.0
725.76	23.0
823.0	23.0
850.24	23.0
930.0	23.0
1057.72	23.0
1167.96	23.0
1324.24	23.0
1359.44	23.0
19.16	24.0
35.88	24.0
73.0	24.0
94.52	24.0
110.8	24.0
146.44	24.0
162.4	24.0
197.28	24.0
222.04	24.0
390.24	24.0
657.52	24.0
660.68	24.0
904.4	24.0
1355.16	24.0
94.8	25.0
1100.52	25.0
302.48	25.0
893.4	25.0
980.48	25.0
6.12	26.0
14.8	26.0
25.32	26.0
41.24	26.0
57.72	26.0
61.4	26.0
73.8	26.0
90.04	26.0
92.76	26.0
101.08	26.0
107.88	26.0
132.64	26.0
142.2	26.0
151.88	26.0
160.32	26.0
164.88	26.0
171.56	26.0
182.12	26.0
185.08	26.0
196.12	26.0
200.12	26.0
212.76	26.0
217.12	26.0
228.6	26.0
235.36	26.0
244.12	26.0
248.4	26.0
261.2	26.0
264.84	26.0
281.56	26.0
286.0	26.0
299.44	26.0
302.52	26.0
310.64	26.0
318.96	26.0
332.4	26.0
337.0	26.0
356.92	26.0
373.6	26.0
383.24	26.0
393.88	26.0
405.84	26.0
416.56	26.0
475.96	26.0
497.52	26.0
502.08	26.0
508.84	26.0
544.52	26.0
551.24	26.0
557.76	26.0
574.2	26.0
577.4	26.0
592.4	26.0
618.36	26.0
643.2	26.0
658.4	26.0
661.92	26.0
685.12	26.0
693.44	26.0
716.52	26.0
739.28	26.0
767.44	26.0
798.88	26.0
816.48	26.0
832.56	26.0
850.2	26.0
860.48	26.0
872.88	26.0
893.52	26.0
925.68	26.0
929.16	26.0
941.64	26.0
960.08	26.0
968.52	26.0
984.6	26.0
999.88	26.0
1028.24	26.0
1049.28	26.0
1064.84	26.0
1070.64	26.0
1073.48	26.0
1093.64	26.0
1110.08	26.0
1141.76	26.0
1149.76	26.0
1173.24	26.0
1182.72	26.0
1196.96	26.0
1225.0	26.0
1240.88	26.0
1268.36	26.0
1281.56	26.0
1312.36	26.0
1320.0	26.0
1331.68	26.0
1354.4	26.0
1360.96	26.0
1386.0	26.0
1392.88	26.0
1408.04	26.0
204.24	27.0
302.8	27.0
343.76	27.0
1305.48	27.0
93.84	28.0
302.52	28.0
306.48	28.0
309.36	28.0
404.28	28.0
1018.2	28.0
1132.64	28.0
1411.88	28.0
307.2	29.0
92.08	30.0
447.28	30.0
631.12	30.0
823.4	30.0
1341.92	30.0
22.48	31.0
36.2	31.0
302.64	33.0
302.56	35.0
21.88	35.0
35.84	35.0
129.48	35.0
142.24	35.0
146.68	35.0
197.04	35.0
215.96	35.0
224.08	35.0
291.68	35.0
307.12	35.0
318.36	35.0
523.36	35.0
680.04	35.0
904.68	35.0
913.6	35.0
978.36	35.0
1014.16	35.0
1050.32	35.0
1183.28	35.0
1293.68	35.0
1304.2	35.0
1336.96	35.0
1398.96	35.0
