302.76	1.0
359.84	1.0
57.92	2.0
218.76	2.0
270.08	2.0
308.72	2.0
316.92	2.0
321.92	2.0
335.92	2.0
597.08	2.0
637.12	2.0
707.2	2.0
771.08	2.0
806.28	2.0
844.36	2.0
922.84	2.0
1015.36	2.0
1103.88	2.0
1158.6	2.0
1209.48	2.0
1286.64	2.0
1302.08	2.0
62.76	3.0
107.96	3.0
138.44	3.0
277.32	3.0
302.52	3.0
315.12	3.0
323.44	3.0
337.8	3.0
345.04	3.0
450.72	3.0
492.4	3.0
700.12	3.0
730.12	3.0
807.44	3.0
1267.52	3.0
322.0	4.0
309.0	4.0
312.2	4.0
509.24	4.0
309.04	5.0
311.92	5.0
752.68	5.0
1063.64	5.0
20.16	6.0
175.48	6.0
309.04	6.0
312.04	6.0
567.08	6.0
988.76	6.0
1197.88	6.0
10.16	7.0
141.28	7.0
391.8	7.0
624.72	7.0
697.12	7.0
1254.2	7.0
207.48	8.0
233.68	8.0
247.88	8.0
302.48	8.0
324.12	8.0
345.28	8.0
505.84	8.0
541.92	8.0
888.28	8.0
939.72	8.0
1054.92	8.0
1106.32	8.0
1155.68	8.0
322.24	9.0
6.52	10.0
429.64	10.0
503.96	10.0
1029.0	10.0
104.68	10.0
200.96	10.0
234.0	10.0
269.24	10.0
302.68	10.0
317.16	10.0
417.68	10.0
573.12	10.0
698.0	10.0
737.4	10.0
774.2	10.0
849.32	10.0
913.6	10.0
956.4	10.0
1016.4	10.0
1096.68	10.0
1133.92	10.0
1275.76	10.0
108.0	11.0
255.28	11.0
308.72	11.0
492.4	11.0
535.76	11.0
758.88	11.0
1070.32	11.0
1160.56	11.0
58.0	11.0
220.12	11.0
274.0	11.0
302.6	11.0
316.44	11.0
333.64	11.0
344.56	11.0
359.64	11.0
517.64	11.0
633.56	11.0
728.04	11.0
839.96	11.0
1114.88	11.0
1265.28	11.0
224.08	13.0
319.36	13.0
336.72	13.0
365.48	13.0
407.2	13.0
875.6	13.0
926.36	13.0
942.84	13.0
1123.44	13.0
1222.16	13.0
320.72	14.0
967.0	14.0
106.52	15.0
302.76	15.0
348.76	15.0
633.64	15.0
806.68	15.0
302.48	16.0
665.96	20.0
1105.88	20.0
14.36	21.0
85.2	21.0
108.0	21.0
184.12	21.0
224.12	21.0
257.16	21.0
266.72	21.0
280.52	21.0
302.72	21.0
314.2	21.0
322.52	21.0
344.96	21.0
366.96	21.0
418.36	21.0
454.44	21.0
481.48	21.0
542.64	21.0
570.04	21.0
582.32	21.0
598.64	21.0
624.96	21.0
642.92	21.0
666.24	21.0
707.48	21.0
741.08	21.0
805.0	21.0
825.24	21.0
854.92	21.0
858.0	21.0
887.16	21.0
914.36	21.0
961.92	21.0
998.0	21.0
1051.44	21.0
1126.72	21.0
1146.6	21.0
1223.72	21.0
1294.24	21.0
21.32	22.0
183.96	22.0
98.84	23.0
201.0	23.0
310.12	23.0
320.32	23.0
331.8	23.0
343.8	23.0
346.84	23.0
356.04	23.0
464.36	23.0
539.12	23.0
773.24	23.0
803.12	23.0
871.28	23.0
927.12	23.0
1031.64	23.0
1098.44	23.0
1165.4	23.0
1265.68	23.0
133.4	24.0
167.36	24.0
249.48	24.0
309.16	24.0
328.68	24.0
348.36	24.0
726.24	24.0
737.68	24.0
831.32	24.0
1132.52	24.0
1227.92	24.0
1251.2	24.0
322.28	25.0
1251.4	25.0
208.76	25.0
309.2	25.0
792.4	25.0
36.8	26.0
47.04	26.0
54.68	26.0
80.76	26.0
94.52	26.0
110.92	26.0
120.16	26.0
127.88	26.0
144.36	26.0
154.88	26.0
166.56	26.0
174.6	26.0
198.08	26.0
206.4	26.0
220.36	26.0
230.56	26.0
239.6	26.0
255.2	26.0
265.92	26.0
282.76	26.0
302.48	26.0
307.76	26.0
312.64	26.0
319.32	26.0
327.88	26.0
338.32	26.0
345.64	26.0
348.44	26.0
359.16	26.0
370.72	26.0
383.08	26.0
390.48	26.0
399.12	26.0
414.28	26.0
426.72	26.0
448.68	26.0
475.12	26.0
494.88	26.0
542.52	26.0
553.08	26.0
562.24	26.0
579.0	26.0
596.96	26.0
602.56	26.0
625.64	26.0
638.52	26.0
645.2	26.0
674.52	26.0
686.88	26.0
694.44	26.0
708.8	26.0
726.68	26.0
730.0	26.0
743.28	26.0
760.68	26.0
766.48	26.0
801.24	26.0
827.04	26.0
832.72	26.0
851.84	26.0
875.36	26.0
879.88	26.0
903.68	26.0
926.56	26.0
934.88	26.0
948.36	26.0
967.2	26.0
997.64	26.0
1017.72	26.0
1025.8	26.0
1053.0	26.0
1088.8	26.0
1091.8	26.0
1099.32	26.0
1109.24	26.0
1115.8	26.0
1132.56	26.0
1143.08	26.0
1159.44	26.0
1185.24	26.0
1218.2	26.0
1228.8	26.0
1249.76	26.0
1271.92	26.0
1288.2	26.0
1311.16	26.0
192.88	27.0
236.48	27.0
302.76	27.0
347.56	27.0
1265.56	27.0
302.52	28.0
306.84	28.0
316.16	28.0
321.88	28.0
399.28	28.0
1050.36	28.0
1212.68	28.0
43.04	30.0
78.68	30.0
103.76	30.0
140.84	30.0
232.2	30.0
271.56	30.0
322.4	30.0
346.8	30.0
397.04	30.0
646.08	30.0
852.72	30.0
888.04	30.0
1157.88	30.0
1223.6	30.0
344.68	31.0
185.44	33.0
302.64	33.0
302.56	35.0
140.2	35.0
241.16	35.0
292.16	35.0
343.64	35.0
363.64	35.0
398.6	35.0
449.04	35.0
571.28	35.0
580.72	35.0
607.36	35.0
643.36	35.0
670.28	35.0
689.88	35.0
743.56	35.0
750.0	35.0
773.12	35.0
789.36	35.0
836.44	35.0
910.36	35.0
967.0	35.0
1026.68	35.0
1071.24	35.0
1139.64	35.0
1223.4	35.0
1251.36	36.0
