207.88	1.0
712.28	1.0
935.08	1.0
1157.24	1.0
35.8	2.0
173.28	2.0
185.24	2.0
232.44	2.0
252.48	2.0
287.48	2.0
314.04	2.0
318.56	2.0
322.16	2.0
346.64	2.0
388.96	2.0
410.52	2.0
626.8	2.0
932.36	2.0
935.88	2.0
947.56	2.0
975.2	2.0
979.92	2.0
1004.24	2.0
1031.08	2.0
1157.68	2.0
1174.28	2.0
1235.68	2.0
1259.16	2.0
1266.64	2.0
1307.96	2.0
1329.44	2.0
1356.56	2.0
315.36	3.0
321.04	3.0
347.04	3.0
51.96	3.0
265.4	3.0
287.6	3.0
311.0	3.0
318.32	3.0
328.16	3.0
332.92	3.0
410.32	3.0
438.0	3.0
606.32	3.0
903.2	3.0
947.36	3.0
980.08	3.0
984.44	3.0
1054.6	3.0
1232.28	3.0
1263.64	3.0
1274.88	3.0
1311.08	3.0
49.12	4.0
63.72	4.0
104.32	4.0
183.68	4.0
202.72	4.0
318.04	4.0
332.72	4.0
793.32	4.0
833.12	4.0
899.0	4.0
1093.72	4.0
1272.12	4.0
307.92	5.0
316.16	5.0
327.12	5.0
334.72	5.0
1267.96	5.0
227.0	6.0
984.28	6.0
1084.0	6.0
1113.92	6.0
1293.64	6.0
316.04	7.0
996.84	7.0
1259.64	7.0
1038.04	7.0
302.84	8.0
309.68	8.0
316.84	8.0
327.68	8.0
407.0	8.0
558.52	8.0
595.56	8.0
625.76	8.0
977.44	8.0
65.48	9.0
100.08	9.0
703.48	9.0
948.2	9.0
980.16	9.0
1266.72	9.0
1310.52	9.0
64.36	10.0
131.28	10.0
156.32	10.0
169.04	10.0
260.04	10.0
309.0	10.0
312.6	10.0
447.2	10.0
509.52	10.0
562.16	10.0
628.12	10.0
706.16	10.0
799.96	10.0
860.52	10.0
925.12	10.0
978.72	10.0
1069.6	10.0
1153.4	10.0
1265.8	10.0
1328.44	10.0
25.6	11.0
318.36	11.0
903.24	11.0
984.52	11.0
1311.08	11.0
184.24	11.0
309.0	11.0
311.8	11.0
321.8	11.0
632.44	11.0
963.72	11.0
980.88	11.0
182.92	12.0
146.52	12.0
309.0	12.0
311.76	12.0
346.76	12.0
28.56	13.0
69.4	13.0
302.84	13.0
307.6	13.0
312.16	13.0
315.24	13.0
328.84	13.0
334.52	13.0
953.24	13.0
981.16	13.0
993.44	13.0
1013.68	13.0
1034.48	13.0
1121.12	13.0
1228.72	13.0
353.52	14.0
123.2	14.0
199.0	14.0
204.8	14.0
308.96	14.0
330.64	14.0
365.52	14.0
1108.16	14.0
1168.52	14.0
487.48	15.0
1078.52	15.0
944.44	16.0
1309.92	18.0
302.44	18.0
320.88	18.0
317.76	19.0
408.0	19.0
979.64	19.0
344.36	20.0
165.68	20.0
289.96	20.0
302.56	20.0
315.88	20.0
367.4	20.0
166.4	21.0
292.56	21.0
939.04	21.0
1030.64	21.0
1215.76	21.0
1272.6	21.0
1275.48	21.0
1308.4	21.0
161.84	21.0
183.12	21.0
219.2	21.0
311.32	21.0
316.4	21.0
319.64	21.0
326.2	21.0
329.16	21.0
342.2	21.0
355.6	21.0
404.48	21.0
948.32	21.0
965.04	21.0
984.4	21.0
1004.28	21.0
1015.32	21.0
1037.72	21.0
1315.48	21.0
302.56	22.0
166.32	22.0
292.44	22.0
307.12	22.0
313.56	22.0
343.92	22.0
939.04	22.0
1030.6	22.0
1215.64	22.0
1272.52	22.0
1308.32	22.0
318.72	23.0
45.08	23.0
61.72	23.0
102.04	23.0
167.24	23.0
181.44	23.0
189.44	23.0
213.64	23.0
307.24	23.0
311.88	23.0
315.88	23.0
324.04	23.0
327.68	23.0
332.72	23.0
392.32	23.0
705.76	23.0
736.16	23.0
790.08	23.0
830.92	23.0
896.48	23.0
941.4	23.0
975.52	23.0
985.36	23.0
1018.84	23.0
1036.2	23.0
1051.88	23.0
1090.32	23.0
1181.28	23.0
1203.68	23.0
1259.08	23.0
152.4	24.0
285.72	24.0
309.72	24.0
315.72	24.0
328.64	24.0
306.2	25.0
302.44	25.0
26.72	26.0
88.96	26.0
95.8	26.0
112.0	26.0
122.96	26.0
153.2	26.0
162.64	26.0
183.12	26.0
189.24	26.0
215.36	26.0
223.28	26.0
237.52	26.0
253.88	26.0
273.08	26.0
280.32	26.0
299.64	26.0
310.16	26.0
315.88	26.0
319.44	26.0
324.12	26.0
339.28	26.0
342.08	26.0
348.2	26.0
354.16	26.0
368.2	26.0
380.76	26.0
400.12	26.0
450.04	26.0
455.72	26.0
488.08	26.0
510.48	26.0
527.56	26.0
542.44	26.0
581.96	26.0
600.56	26.0
644.96	26.0
699.88	26.0
705.28	26.0
744.04	26.0
784.28	26.0
810.72	26.0
852.2	26.0
891.2	26.0
898.64	26.0
921.96	26.0
989.4	26.0
998.08	26.0
1001.52	26.0
1037.6	26.0
1075.68	26.0
1089.6	26.0
1097.56	26.0
1161.72	26.0
1197.56	26.0
1227.04	26.0
1253.76	26.0
1267.64	26.0
1303.6	26.0
1345.88	26.0
545.32	27.0
167.4	27.0
302.96	27.0
306.8	27.0
14.08	28.0
65.12	28.0
99.76	28.0
119.24	28.0
302.44	28.0
306.16	28.0
312.76	28.0
317.72	28.0
323.4	28.0
327.08	28.0
331.64	28.0
339.12	28.0
342.4	28.0
703.12	28.0
833.28	28.0
931.4	28.0
947.84	28.0
981.84	28.0
1031.2	28.0
1096.64	28.0
1199.92	28.0
1266.36	28.0
323.24	29.0
732.64	29.0
904.08	29.0
1264.88	29.0
213.4	30.0
217.84	30.0
278.88	30.0
313.72	30.0
325.8	30.0
339.68	30.0
357.64	30.0
407.28	30.0
560.4	30.0
977.84	30.0
1047.68	30.0
1312.44	30.0
1375.6	30.0
217.88	31.0
280.24	31.0
302.92	31.0
307.96	31.0
840.72	31.0
1077.92	31.0
1240.64	31.0
1247.48	32.0
1312.44	33.0
50.6	34.0
185.48	34.0
302.72	34.0
932.28	34.0
983.92	34.0
1177.64	34.0
1318.68	34.0
124.8	35.0
213.52	35.0
232.48	35.0
302.52	35.0
306.2	35.0
320.88	35.0
324.2	35.0
327.24	35.0
337.16	35.0
355.52	35.0
838.44	35.0
902.32	35.0
941.32	35.0
956.6	35.0
978.08	35.0
985.28	35.0
998.92	35.0
1038.36	35.0
1077.68	35.0
1086.16	35.0
1099.48	35.0
1160.36	35.0
1240.2	35.0
1277.2	35.0
1308.92	35.0
1333.88	35.0
1348.04	35.0
