303.0	1.0
329.08	1.0
350.32	1.0
362.32	1.0
307.84	2.0
339.56	2.0
311.04	2.0
314.28	2.0
319.8	2.0
326.52	2.0
331.88	2.0
335.2	2.0
348.32	2.0
354.52	2.0
378.36	2.0
404.48	2.0
510.2	2.0
628.2	2.0
677.2	2.0
918.28	2.0
1132.04	2.0
1143.6	2.0
337.2	3.0
340.4	3.0
302.84	3.0
311.24	3.0
315.76	3.0
323.68	3.0
329.92	3.0
349.36	3.0
357.84	3.0
644.64	3.0
676.92	3.0
738.44	3.0
792.48	3.0
818.56	3.0
935.72	3.0
1147.04	3.0
309.0	4.0
312.28	4.0
315.16	4.0
329.72	4.0
331.64	5.0
309.04	5.0
312.6	5.0
317.12	5.0
1294.72	5.0
309.0	6.0
311.96	6.0
323.88	6.0
329.48	6.0
337.88	6.0
342.92	6.0
512.84	6.0
772.56	6.0
832.36	6.0
1248.0	6.0
537.28	7.0
757.84	7.0
427.8	7.0
667.8	7.0
864.44	7.0
1099.76	7.0
319.76	8.0
302.84	8.0
314.12	8.0
325.88	8.0
475.36	8.0
628.64	8.0
308.32	9.0
312.68	9.0
358.28	9.0
395.6	10.0
1031.72	10.0
302.52	10.0
309.56	10.0
313.12	10.0
321.2	10.0
335.84	10.0
573.76	10.0
759.0	10.0
853.2	10.0
1024.68	10.0
1123.8	10.0
1132.08	10.0
330.64	11.0
357.88	11.0
644.72	11.0
676.96	11.0
1147.08	11.0
1194.12	11.0
302.76	11.0
307.12	11.0
315.84	11.0
319.32	11.0
334.12	11.0
347.6	11.0
350.28	11.0
362.4	11.0
870.68	11.0
873.96	11.0
326.12	12.0
314.48	12.0
570.08	12.0
719.36	12.0
918.28	12.0
1096.28	12.0
1155.16	12.0
327.56	13.0
331.0	13.0
311.6	13.0
316.92	13.0
321.96	13.0
337.4	13.0
387.88	13.0
515.48	13.0
646.08	13.0
336.36	14.0
343.96	14.0
380.92	14.0
413.72	14.0
302.96	15.0
333.68	15.0
337.08	15.0
628.08	15.0
302.48	16.0
327.44	16.0
332.28	16.0
309.24	17.0
399.2	18.0
337.12	19.0
302.84	20.0
325.44	20.0
319.96	20.0
302.48	21.0
309.68	21.0
314.16	21.0
320.96	21.0
325.48	21.0
329.56	21.0
335.2	21.0
342.0	21.0
346.52	21.0
354.28	21.0
375.68	21.0
387.12	21.0
411.72	21.0
451.48	21.0
513.2	21.0
600.0	21.0
675.04	21.0
724.76	21.0
825.32	21.0
868.32	21.0
929.36	21.0
1042.48	21.0
1105.92	21.0
314.08	22.0
302.68	22.0
321.32	22.0
323.88	22.0
345.04	22.0
348.04	22.0
350.92	22.0
803.36	22.0
1291.72	22.0
302.64	23.0
307.28	23.0
312.0	23.0
318.04	23.0
326.48	23.0
337.24	23.0
348.48	23.0
354.88	23.0
365.0	23.0
384.44	23.0
513.48	23.0
923.8	23.0
302.76	24.0
310.12	24.0
315.56	24.0
330.96	24.0
333.72	24.0
341.68	24.0
347.96	24.0
807.4	24.0
302.48	25.0
318.32	25.0
328.96	25.0
345.84	25.0
1131.52	25.0
302.48	26.0
307.56	26.0
312.44	26.0
324.48	26.0
331.52	26.0
338.44	26.0
343.4	26.0
347.12	26.0
356.32	26.0
364.8	26.0
367.84	26.0
377.04	26.0
382.48	26.0
388.92	26.0
396.32	26.0
410.2	26.0
423.68	26.0
429.04	26.0
447.36	26.0
463.2	26.0
472.88	26.0
496.96	26.0
521.68	26.0
525.08	26.0
532.36	26.0
539.32	26.0
555.68	26.0
567.96	26.0
592.32	26.0
627.6	26.0
638.6	26.0
655.92	26.0
668.68	26.0
682.12	26.0
690.88	26.0
717.4	26.0
741.76	26.0
755.96	26.0
790.0	26.0
805.76	26.0
828.84	26.0
851.52	26.0
864.56	26.0
878.16	26.0
902.72	26.0
914.84	26.0
958.04	26.0
1032.76	26.0
1046.16	26.0
1074.12	26.0
1103.12	26.0
1128.84	26.0
1184.2	26.0
1191.08	26.0
1232.28	26.0
1292.96	26.0
1304.36	26.0
302.8	27.0
302.44	28.0
306.36	28.0
312.32	28.0
315.92	28.0
323.0	28.0
329.04	28.0
335.0	28.0
341.64	28.0
346.32	28.0
354.2	28.0
357.96	28.0
363.2	28.0
728.08	28.0
896.88	28.0
322.84	29.0
567.32	29.0
310.6	30.0
317.72	30.0
323.64	30.0
340.48	30.0
359.6	30.0
391.4	30.0
407.6	30.0
431.24	30.0
479.4	30.0
568.48	30.0
602.28	30.0
648.96	30.0
914.84	30.0
308.72	31.0
317.16	31.0
324.36	31.0
355.0	31.0
369.28	31.0
973.12	31.0
1092.96	31.0
335.96	32.0
302.72	33.0
308.08	33.0
311.72	33.0
325.96	34.0
341.84	34.0
320.28	34.0
513.16	35.0
302.92	35.0
307.96	35.0
314.64	35.0
317.64	35.0
322.28	35.0
327.64	35.0
330.92	35.0
338.68	35.0
346.52	35.0
354.8	35.0
363.48	35.0
370.6	35.0
382.64	35.0
401.6	35.0
410.92	35.0
647.96	35.0
867.52	35.0
936.44	35.0
1130.16	35.0
302.48	36.0
331.76	36.0
361.8	36.0
