311.8	1.0
302.72	1.0
332.64	1.0
1317.64	1.0
310.36	2.0
315.36	2.0
324.2	2.0
327.24	2.0
333.12	2.0
338.08	2.0
346.04	2.0
355.6	2.0
365.6	2.0
402.12	2.0
476.0	2.0
975.44	2.0
1013.8	2.0
1056.16	2.0
1073.64	2.0
1076.92	2.0
1099.44	2.0
1318.0	2.0
272.48	3.0
308.88	3.0
317.64	3.0
323.36	3.0
327.2	3.0
330.48	3.0
335.4	3.0
339.04	3.0
346.0	3.0
348.6	3.0
352.56	3.0
363.92	3.0
382.64	3.0
385.84	3.0
401.96	3.0
413.04	3.0
472.52	3.0
475.56	3.0
524.92	3.0
1013.56	3.0
1055.96	3.0
1090.64	3.0
1100.92	3.0
1118.48	3.0
1357.52	3.0
9.68	4.0
269.84	4.0
309.08	4.0
312.24	4.0
325.6	4.0
330.68	4.0
352.2	4.0
367.28	4.0
386.12	4.0
415.32	4.0
458.6	4.0
491.92	4.0
854.96	4.0
936.0	4.0
981.76	4.0
1081.52	4.0
1097.8	4.0
1204.24	4.0
1357.2	4.0
1399.44	4.0
1405.72	4.0
309.0	5.0
312.04	5.0
314.76	5.0
332.32	5.0
335.16	5.0
5.32	6.0
309.0	6.0
311.72	6.0
322.84	6.0
326.44	6.0
350.48	6.0
455.64	6.0
497.12	6.0
532.16	6.0
598.24	6.0
666.24	6.0
824.72	6.0
1089.56	6.0
310.56	7.0
372.04	7.0
545.4	7.0
565.4	7.0
1081.0	7.0
306.08	8.0
224.28	8.0
302.72	8.0
318.0	8.0
322.04	8.0
325.64	8.0
331.96	8.0
364.76	8.0
491.4	8.0
511.24	8.0
608.96	8.0
975.56	8.0
1045.48	8.0
1085.76	8.0
1098.68	8.0
292.96	9.0
333.24	9.0
1320.48	9.0
278.72	10.0
317.48	10.0
354.56	10.0
130.68	10.0
271.48	10.0
302.56	10.0
320.64	10.0
327.48	10.0
331.36	10.0
365.8	10.0
369.16	10.0
724.2	10.0
889.6	10.0
1039.0	10.0
1186.04	10.0
1307.92	10.0
1407.16	10.0
302.76	11.0
507.2	11.0
941.2	11.0
1356.72	11.0
26.4	11.0
309.08	11.0
317.48	11.0
327.12	11.0
343.64	11.0
347.8	11.0
355.0	11.0
359.04	11.0
366.44	11.0
378.8	11.0
386.96	11.0
445.52	11.0
964.08	11.0
1009.16	11.0
1106.84	11.0
310.64	12.0
327.36	12.0
335.76	12.0
354.76	12.0
366.88	12.0
388.96	12.0
275.28	13.0
315.96	13.0
327.4	13.0
348.68	13.0
281.32	14.0
332.12	14.0
351.56	14.0
403.52	14.0
434.52	14.0
531.88	14.0
302.8	15.0
341.92	15.0
992.36	15.0
302.76	16.0
325.88	16.0
367.8	16.0
1373.6	16.0
302.52	17.0
318.4	17.0
317.84	18.0
332.88	18.0
333.32	19.0
345.72	19.0
364.76	19.0
474.52	19.0
509.88	19.0
975.56	19.0
1098.64	19.0
302.48	20.0
328.92	20.0
341.72	20.0
332.68	20.0
344.96	21.0
302.76	21.0
313.4	21.0
318.28	21.0
321.28	21.0
325.96	21.0
337.76	21.0
340.8	21.0
352.8	21.0
357.52	21.0
362.24	21.0
381.36	21.0
390.88	21.0
405.64	21.0
428.04	21.0
507.68	21.0
510.44	21.0
1045.24	21.0
1207.64	21.0
314.72	22.0
319.76	22.0
324.28	22.0
334.84	22.0
352.0	22.0
376.4	22.0
332.88	23.0
342.84	23.0
215.0	23.0
238.12	23.0
302.76	23.0
308.12	23.0
312.96	23.0
315.68	23.0
318.2	23.0
324.0	23.0
346.96	23.0
354.68	23.0
369.2	23.0
388.36	23.0
478.96	23.0
510.8	23.0
624.24	23.0
731.72	23.0
775.6	23.0
802.4	23.0
830.56	23.0
933.72	23.0
979.16	23.0
1069.2	23.0
1082.08	23.0
1109.92	23.0
1201.28	23.0
1310.16	23.0
1353.88	23.0
1359.08	23.0
1400.88	23.0
326.84	24.0
308.32	24.0
316.48	24.0
331.72	24.0
349.28	24.0
385.04	24.0
1097.16	24.0
333.48	25.0
313.48	25.0
323.24	25.0
332.6	26.0
438.24	26.0
637.52	26.0
7.56	26.0
38.52	26.0
53.6	26.0
69.92	26.0
73.92	26.0
137.88	26.0
162.12	26.0
181.44	26.0
207.04	26.0
232.72	26.0
253.32	26.0
269.16	26.0
288.96	26.0
298.28	26.0
302.52	26.0
309.6	26.0
315.72	26.0
320.56	26.0
324.96	26.0
339.44	26.0
346.32	26.0
352.32	26.0
365.56	26.0
384.0	26.0
390.6	26.0
400.52	26.0
411.56	26.0
420.04	26.0
433.4	26.0
453.48	26.0
466.2	26.0
473.44	26.0
506.48	26.0
540.96	26.0
551.16	26.0
565.64	26.0
695.12	26.0
873.96	26.0
884.08	26.0
938.04	26.0
972.72	26.0
988.44	26.0
1004.56	26.0
1017.96	26.0
1039.76	26.0
1072.56	26.0
1099.32	26.0
1109.6	26.0
1117.88	26.0
1177.52	26.0
1213.8	26.0
1221.8	26.0
1224.36	26.0
1261.88	26.0
1279.28	26.0
1290.8	26.0
1314.68	26.0
1357.96	26.0
254.6	27.0
302.76	27.0
346.64	27.0
532.92	27.0
1156.52	28.0
292.56	28.0
302.52	28.0
313.72	28.0
318.72	28.0
322.88	28.0
331.08	28.0
334.72	28.0
337.96	28.0
341.56	28.0
344.36	28.0
356.16	28.0
358.68	28.0
362.2	28.0
376.32	28.0
1102.0	28.0
1369.64	28.0
325.12	29.0
1125.84	29.0
169.0	30.0
314.24	30.0
318.8	30.0
330.76	30.0
338.36	30.0
352.0	30.0
376.84	30.0
400.2	30.0
516.56	30.0
976.16	30.0
1044.28	30.0
1055.08	30.0
1083.52	30.0
1099.44	30.0
1162.92	30.0
1244.68	30.0
1303.56	30.0
314.32	31.0
319.48	31.0
334.4	31.0
345.8	31.0
353.28	31.0
377.28	31.0
408.52	31.0
302.96	32.0
308.2	33.0
313.44	33.0
322.84	33.0
302.6	33.0
322.88	34.0
356.8	34.0
280.32	34.0
295.88	34.0
318.36	34.0
333.16	34.0
325.76	35.0
369.4	35.0
7.6	35.0
29.72	35.0
33.84	35.0
90.36	35.0
239.2	35.0
266.64	35.0
289.12	35.0
295.68	35.0
307.2	35.0
312.76	35.0
318.48	35.0
322.16	35.0
329.04	35.0
331.88	35.0
345.28	35.0
350.76	35.0
356.24	35.0
361.68	35.0
387.6	35.0
399.44	35.0
419.56	35.0
428.32	35.0
444.76	35.0
452.68	35.0
459.44	35.0
485.08	35.0
491.16	35.0
505.52	35.0
508.16	35.0
566.56	35.0
603.24	35.0
608.24	35.0
799.72	35.0
902.84	35.0
991.4	35.0
1017.12	35.0
1035.24	35.0
1072.88	35.0
1089.24	35.0
1099.52	35.0
1121.24	35.0
1138.0	35.0
1149.32	35.0
1168.36	35.0
1199.8	35.0
1269.92	35.0
1279.6	35.0
1284.4	35.0
1288.2	35.0
1341.48	35.0
1358.44	35.0
1394.56	35.0
1404.2	35.0
327.88	36.0
336.72	36.0
349.8	36.0
369.12	36.0
388.84	36.0
429.6	36.0
