223.6	1.0
332.72	1.0
489.36	1.0
824.52	1.0
193.8	2.0
49.12	2.0
89.92	2.0
206.92	2.0
230.52	2.0
273.04	2.0
327.04	2.0
344.52	2.0
366.4	2.0
379.6	2.0
398.24	2.0
418.8	2.0
432.68	2.0
442.88	2.0
458.76	2.0
489.76	2.0
523.76	2.0
544.08	2.0
564.04	2.0
580.8	2.0
605.2	2.0
610.4	2.0
627.52	2.0
702.12	2.0
718.68	2.0
722.4	2.0
746.28	2.0
750.44	2.0
764.96	2.0
785.96	2.0
849.72	2.0
872.12	2.0
897.28	2.0
929.48	2.0
953.32	2.0
980.12	2.0
1005.68	2.0
1039.12	2.0
1060.96	2.0
1090.24	2.0
1128.4	2.0
1164.2	2.0
1188.12	2.0
1214.4	2.0
1239.0	2.0
1257.72	2.0
1326.72	2.0
1330.08	2.0
1390.76	2.0
302.44	3.0
311.48	3.0
1131.12	3.0
1197.6	3.0
144.2	3.0
173.4	3.0
194.32	3.0
206.4	3.0
222.72	3.0
329.52	3.0
343.32	3.0
359.44	3.0
383.8	3.0
411.0	3.0
461.36	3.0
475.16	3.0
502.68	3.0
509.44	3.0
512.4	3.0
545.08	3.0
549.08	3.0
581.36	3.0
715.8	3.0
718.36	3.0
952.84	3.0
980.32	3.0
1108.16	3.0
1142.76	3.0
1227.56	3.0
1361.0	3.0
774.16	4.0
1100.44	4.0
40.08	4.0
48.4	4.0
75.32	4.0
109.8	4.0
125.92	4.0
138.12	4.0
150.4	4.0
197.44	4.0
222.32	4.0
286.04	4.0
309.0	4.0
312.76	4.0
320.6	4.0
332.04	4.0
343.48	4.0
361.72	4.0
385.88	4.0
397.48	4.0
411.76	4.0
439.6	4.0
483.04	4.0
504.96	4.0
545.28	4.0
565.32	4.0
623.88	4.0
717.64	4.0
979.24	4.0
1126.92	4.0
1165.68	4.0
1284.52	4.0
1336.48	4.0
1375.88	4.0
503.36	5.0
309.0	5.0
312.08	5.0
492.08	5.0
310.08	6.0
317.96	6.0
384.52	6.0
457.28	6.0
502.96	6.0
551.32	6.0
586.52	6.0
719.68	6.0
991.12	6.0
1089.44	6.0
1162.32	6.0
1264.36	6.0
1384.6	6.0
112.56	7.0
652.48	7.0
39.6	8.0
75.52	8.0
175.56	8.0
202.68	8.0
256.52	8.0
302.48	8.0
306.44	8.0
321.08	8.0
334.48	8.0
353.68	8.0
438.52	8.0
462.72	8.0
502.2	8.0
628.36	8.0
651.68	8.0
769.04	8.0
822.6	8.0
928.08	8.0
976.32	8.0
1059.16	8.0
1089.08	8.0
1127.72	8.0
1162.0	8.0
1252.72	8.0
1284.92	8.0
1306.76	8.0
1357.04	8.0
80.72	9.0
146.28	9.0
344.92	9.0
379.72	9.0
420.0	9.0
564.48	9.0
698.48	9.0
794.32	9.0
829.28	9.0
928.84	9.0
966.4	9.0
1189.56	9.0
1214.32	9.0
2.52	10.0
109.12	10.0
138.76	10.0
252.64	10.0
302.92	10.0
327.88	10.0
372.72	10.0
397.64	10.0
431.6	10.0
459.32	10.0
476.24	10.0
719.28	10.0
746.48	10.0
782.32	10.0
828.84	10.0
897.64	10.0
1061.24	10.0
1186.76	10.0
1199.04	10.0
1347.92	10.0
154.6	11.0
302.72	11.0
319.8	11.0
364.76	11.0
439.56	11.0
488.28	11.0
952.88	11.0
1064.72	11.0
1199.44	11.0
2.56	11.0
29.2	11.0
48.2	11.0
119.32	11.0
122.04	11.0
224.16	11.0
257.24	11.0
260.76	11.0
316.32	11.0
322.32	11.0
344.48	11.0
396.56	11.0
431.48	11.0
458.2	11.0
476.32	11.0
504.28	11.0
522.24	11.0
540.16	11.0
547.04	11.0
563.8	11.0
573.24	11.0
582.36	11.0
606.6	11.0
620.64	11.0
634.64	11.0
696.72	11.0
722.2	11.0
747.92	11.0
791.64	11.0
897.92	11.0
900.72	11.0
934.44	11.0
976.84	11.0
1061.6	11.0
1079.52	11.0
1127.56	11.0
1130.76	11.0
1188.2	11.0
1318.2	11.0
1330.76	11.0
1349.04	11.0
1397.0	11.0
310.6	12.0
127.04	12.0
313.36	12.0
322.76	12.0
387.04	12.0
413.84	12.0
901.72	12.0
1102.72	12.0
1152.96	12.0
1214.44	12.0
511.16	13.0
437.28	14.0
476.6	14.0
566.04	14.0
302.64	15.0
329.92	15.0
779.08	15.0
17.0	16.0
302.52	16.0
784.72	16.0
965.12	16.0
302.56	19.0
306.16	19.0
302.52	20.0
320.16	20.0
360.48	20.0
709.08	20.0
722.28	20.0
511.04	21.0
144.64	21.0
197.36	21.0
308.0	21.0
317.08	21.0
331.08	21.0
339.72	21.0
355.2	21.0
364.8	21.0
374.32	21.0
387.72	21.0
397.64	21.0
412.52	21.0
422.48	21.0
442.2	21.0
459.68	21.0
470.52	21.0
481.92	21.0
508.44	21.0
545.8	21.0
585.48	21.0
651.0	21.0
654.28	21.0
753.96	21.0
1029.04	21.0
130.72	22.0
302.48	22.0
315.08	22.0
341.44	22.0
542.52	22.0
545.6	22.0
250.16	23.0
302.56	23.0
854.36	23.0
1102.76	23.0
5.8	23.0
40.96	23.0
47.72	23.0
51.76	23.0
110.68	23.0
123.76	23.0
128.96	23.0
204.0	23.0
233.2	23.0
309.88	23.0
314.08	23.0
318.32	23.0
331.92	23.0
359.96	23.0
386.32	23.0
412.84	23.0
437.04	23.0
509.28	23.0
545.72	23.0
552.56	23.0
568.68	23.0
591.8	23.0
636.12	23.0
704.52	23.0
717.6	23.0
770.8	23.0
885.16	23.0
964.36	23.0
979.2	23.0
1043.0	23.0
1146.44	23.0
1163.2	23.0
1168.56	23.0
1305.56	23.0
1309.0	23.0
1319.16	23.0
1359.08	23.0
1369.28	23.0
302.68	24.0
393.4	24.0
44.56	24.0
117.84	24.0
308.88	24.0
329.8	24.0
360.4	24.0
387.04	24.0
1349.64	24.0
973.04	25.0
1133.04	25.0
1307.16	25.0
143.08	26.0
321.92	26.0
539.16	26.0
586.08	26.0
707.32	26.0
817.4	26.0
7.16	26.0
44.64	26.0
63.76	26.0
67.04	26.0
96.88	26.0
136.0	26.0
168.84	26.0
302.48	26.0
309.36	26.0
316.4	26.0
329.52	26.0
335.6	26.0
349.44	26.0
362.12	26.0
374.8	26.0
388.4	26.0
397.28	26.0
412.52	26.0
416.36	26.0
426.84	26.0
434.56	26.0
442.28	26.0
454.72	26.0
462.64	26.0
472.44	26.0
476.2	26.0
488.16	26.0
500.64	26.0
508.4	26.0
520.0	26.0
529.24	26.0
546.36	26.0
564.04	26.0
567.56	26.0
580.16	26.0
605.4	26.0
610.08	26.0
628.68	26.0
641.72	26.0
667.4	26.0
671.68	26.0
674.92	26.0
696.12	26.0
718.96	26.0
745.96	26.0
751.08	26.0
764.48	26.0
780.0	26.0
806.36	26.0
831.68	26.0
876.68	26.0
900.8	26.0
919.52	26.0
924.68	26.0
975.28	26.0
1001.48	26.0
1033.32	26.0
1045.32	26.0
1068.52	26.0
1090.4	26.0
1131.28	26.0
1143.68	26.0
1170.84	26.0
1194.88	26.0
1223.84	26.0
1245.4	26.0
1249.24	26.0
1267.84	26.0
1288.2	26.0
1292.56	26.0
1311.8	26.0
1342.04	26.0
1346.52	26.0
1402.8	26.0
7.12	27.0
302.76	27.0
609.96	27.0
955.44	27.0
1100.32	27.0
193.72	28.0
302.52	28.0
306.16	28.0
312.92	28.0
321.4	28.0
323.96	28.0
369.56	28.0
374.48	28.0
379.28	28.0
390.76	28.0
396.6	28.0
419.56	28.0
436.6	28.0
445.28	28.0
548.68	28.0
564.04	28.0
591.84	28.0
654.48	28.0
680.8	28.0
698.04	28.0
845.24	28.0
879.72	28.0
945.88	28.0
1133.0	28.0
1213.88	28.0
1293.48	28.0
1353.48	28.0
870.84	29.0
1186.16	29.0
308.32	30.0
172.04	30.0
320.52	30.0
329.32	30.0
341.16	30.0
354.4	30.0
396.8	30.0
414.32	30.0
442.0	30.0
460.92	30.0
468.72	30.0
483.24	30.0
525.28	30.0
545.56	30.0
564.0	30.0
584.32	30.0
629.52	30.0
650.16	30.0
720.52	30.0
745.52	30.0
796.12	30.0
827.6	30.0
874.92	30.0
896.96	30.0
978.08	30.0
1058.2	30.0
1060.72	30.0
1089.12	30.0
1198.68	30.0
1287.12	30.0
1403.4	30.0
320.88	31.0
334.36	31.0
441.72	31.0
480.12	31.0
485.4	31.0
511.64	31.0
565.28	31.0
825.96	31.0
1063.12	31.0
1127.44	31.0
1203.08	31.0
1404.08	31.0
1062.36	33.0
302.72	33.0
135.2	34.0
322.2	34.0
457.24	34.0
797.04	34.0
1029.2	34.0
103.96	35.0
321.56	35.0
28.0	35.0
44.48	35.0
70.12	35.0
80.76	35.0
83.96	35.0
108.12	35.0
135.84	35.0
177.84	35.0
202.92	35.0
249.52	35.0
306.88	35.0
315.08	35.0
330.12	35.0
352.48	35.0
386.72	35.0
395.6	35.0
414.56	35.0
431.8	35.0
515.84	35.0
519.0	35.0
526.84	35.0
541.52	35.0
579.64	35.0
589.52	35.0
596.04	35.0
606.48	35.0
630.24	35.0
635.92	35.0
649.56	35.0
680.0	35.0
716.76	35.0
722.8	35.0
730.56	35.0
767.04	35.0
769.84	35.0
859.8	35.0
899.0	35.0
928.56	35.0
977.4	35.0
997.4	35.0
1043.12	35.0
1062.88	35.0
1071.4	35.0
1076.92	35.0
1099.68	35.0
1162.64	35.0
1188.04	35.0
1190.56	35.0
1248.92	35.0
1259.0	35.0
1266.4	35.0
1303.36	35.0
1313.52	35.0
1326.88	35.0
1332.16	35.0
1334.92	35.0
1367.96	35.0
1388.08	35.0
1394.84	35.0
1404.72	35.0
335.56	36.0
393.4	36.0
443.36	36.0
484.6	36.0
489.32	36.0
545.92	36.0
569.44	36.0
589.64	36.0
790.32	36.0
845.8	36.0
878.4	36.0
957.44	36.0
1035.96	36.0
1071.2	36.0
1163.56	36.0
1193.76	36.0
