221.56	2.0
1177.04	2.0
1401.2	2.0
200.8	2.0
224.84	2.0
238.44	2.0
241.4	2.0
245.88	2.0
278.68	2.0
282.88	2.0
298.64	2.0
302.48	2.0
316.6	2.0
323.96	2.0
371.28	2.0
640.68	2.0
794.12	2.0
936.48	2.0
953.4	2.0
960.08	2.0
968.16	2.0
1006.64	2.0
1012.36	2.0
1016.68	2.0
1025.04	2.0
1029.36	2.0
1043.2	2.0
1062.44	2.0
1071.8	2.0
1094.84	2.0
1147.32	2.0
1193.68	2.0
1221.8	2.0
1260.2	2.0
302.48	3.0
321.92	3.0
190.68	3.0
200.6	3.0
243.6	3.0
248.32	3.0
283.04	3.0
289.12	3.0
309.52	3.0
318.0	3.0
356.96	3.0
931.76	3.0
936.24	3.0
959.28	3.0
968.32	3.0
973.52	3.0
983.16	3.0
1062.6	3.0
1073.84	3.0
1147.48	3.0
1260.12	3.0
1294.76	3.0
1377.92	3.0
17.08	4.0
45.52	4.0
75.76	4.0
98.44	4.0
193.8	4.0
211.72	4.0
225.6	4.0
245.56	4.0
264.0	4.0
277.64	4.0
292.64	4.0
308.96	4.0
312.0	4.0
321.88	4.0
337.0	4.0
354.6	4.0
371.84	4.0
387.6	4.0
398.24	4.0
416.28	4.0
440.56	4.0
467.72	4.0
490.4	4.0
499.96	4.0
520.88	4.0
544.2	4.0
560.92	4.0
582.04	4.0
609.64	4.0
631.6	4.0
677.6	4.0
688.52	4.0
934.64	4.0
947.48	4.0
961.12	4.0
975.32	4.0
1000.0	4.0
1011.36	4.0
1031.84	4.0
1044.56	4.0
1056.48	4.0
1068.08	4.0
1088.2	4.0
1104.84	4.0
1116.36	4.0
1128.92	4.0
1152.68	4.0
1169.04	4.0
1186.24	4.0
1210.08	4.0
1224.16	4.0
1241.88	4.0
1267.48	4.0
1290.8	4.0
1310.72	4.0
1337.52	4.0
1367.12	4.0
1384.36	4.0
308.96	5.0
311.76	5.0
329.52	5.0
1027.64	5.0
9.76	6.0
245.56	6.0
270.2	6.0
309.0	6.0
312.04	6.0
323.92	6.0
350.88	6.0
394.24	6.0
509.72	6.0
556.88	6.0
606.8	6.0
716.16	6.0
801.24	6.0
880.72	6.0
966.56	6.0
1012.72	6.0
1069.36	6.0
1132.64	6.0
1172.32	6.0
1213.2	6.0
1255.0	6.0
1357.4	6.0
1401.88	6.0
324.4	7.0
524.56	7.0
1370.52	7.0
222.56	8.0
246.6	8.0
267.4	8.0
302.72	8.0
318.24	8.0
325.24	8.0
440.44	8.0
456.32	8.0
461.72	8.0
634.24	8.0
668.08	8.0
913.48	8.0
932.36	8.0
948.08	8.0
971.28	8.0
1005.76	8.0
1036.2	8.0
1082.24	8.0
1105.76	8.0
1207.32	8.0
1325.8	8.0
253.96	9.0
286.32	9.0
296.48	9.0
889.6	9.0
910.64	9.0
937.44	9.0
1078.08	9.0
1093.68	9.0
1255.0	9.0
229.24	10.0
1091.12	10.0
1188.56	10.0
1312.84	10.0
125.24	10.0
220.24	10.0
283.08	10.0
943.96	10.0
977.64	10.0
229.92	11.0
248.28	11.0
289.16	11.0
356.84	11.0
1018.08	11.0
1073.84	11.0
1270.24	11.0
1377.96	11.0
20.32	11.0
198.6	11.0
211.16	11.0
279.24	11.0
299.28	11.0
302.52	11.0
325.88	11.0
373.96	11.0
547.88	11.0
572.76	11.0
640.44	11.0
651.08	11.0
713.96	11.0
899.04	11.0
933.44	11.0
936.6	11.0
952.52	11.0
962.28	11.0
965.96	11.0
1012.8	11.0
1024.2	11.0
1062.56	11.0
1109.8	11.0
1221.08	11.0
1260.12	11.0
1292.12	11.0
1397.4	11.0
1402.08	11.0
17.36	12.0
246.68	12.0
268.52	12.0
339.28	12.0
935.64	12.0
1087.68	12.0
318.68	13.0
321.48	13.0
971.76	13.0
1018.72	13.0
1071.44	13.0
1214.36	13.0
791.84	14.0
233.4	15.0
302.48	16.0
325.92	16.0
605.76	16.0
1020.12	16.0
1158.88	16.0
302.44	20.0
302.52	21.0
272.0	21.0
295.68	21.0
310.2	21.0
317.36	21.0
327.28	21.0
340.28	21.0
377.2	21.0
401.52	21.0
1134.04	21.0
1364.24	21.0
1393.4	21.0
11.44	22.0
110.52	22.0
181.96	22.0
218.44	22.0
296.48	22.0
302.52	22.0
357.52	22.0
475.32	22.0
691.12	22.0
957.16	22.0
999.24	22.0
1039.84	22.0
1051.8	22.0
1107.52	22.0
1144.32	22.0
1170.44	22.0
1230.56	22.0
1284.36	22.0
317.44	23.0
13.72	23.0
69.2	23.0
138.56	23.0
169.36	23.0
184.44	23.0
191.76	23.0
218.68	23.0
248.36	23.0
269.92	23.0
282.6	23.0
296.96	23.0
308.52	23.0
320.16	23.0
358.6	23.0
385.56	23.0
388.6	23.0
479.0	23.0
526.36	23.0
602.4	23.0
634.76	23.0
735.2	23.0
857.52	23.0
880.92	23.0
924.16	23.0
960.6	23.0
967.28	23.0
972.2	23.0
1002.48	23.0
1018.24	23.0
1037.92	23.0
1043.72	23.0
1054.08	23.0
1110.32	23.0
1134.88	23.0
1145.92	23.0
1149.08	23.0
1171.56	23.0
1209.56	23.0
1249.52	23.0
1260.32	23.0
1307.68	23.0
245.56	24.0
320.36	24.0
327.12	24.0
389.24	24.0
1151.88	24.0
1154.52	24.0
1249.16	24.0
269.76	25.0
342.52	25.0
932.2	25.0
998.92	25.0
1135.44	25.0
52.4	26.0
132.68	26.0
165.88	26.0
175.84	26.0
194.16	26.0
216.4	26.0
238.8	26.0
247.68	26.0
285.48	26.0
290.52	26.0
299.0	26.0
302.84	26.0
307.92	26.0
316.2	26.0
320.6	26.0
332.12	26.0
342.68	26.0
356.24	26.0
363.24	26.0
374.64	26.0
384.16	26.0
396.72	26.0
443.0	26.0
452.4	26.0
511.96	26.0
520.24	26.0
638.76	26.0
679.32	26.0
933.88	26.0
975.2	26.0
998.8	26.0
1022.04	26.0
1039.84	26.0
1060.84	26.0
1075.68	26.0
1080.76	26.0
1106.8	26.0
1124.48	26.0
1128.36	26.0
1142.96	26.0
1162.72	26.0
1180.08	26.0
1190.04	26.0
1197.84	26.0
1208.28	26.0
1224.68	26.0
1249.8	26.0
1306.64	26.0
1321.0	26.0
1323.76	26.0
1377.28	26.0
1395.56	26.0
131.76	27.0
267.8	27.0
302.92	27.0
416.28	27.0
572.2	27.0
1231.56	27.0
1274.36	27.0
607.32	28.0
192.8	28.0
222.8	28.0
238.64	28.0
285.96	28.0
302.52	28.0
312.92	28.0
324.64	28.0
328.16	28.0
334.08	28.0
368.24	28.0
889.2	28.0
910.24	28.0
937.0	28.0
962.88	28.0
978.56	28.0
1033.68	28.0
1077.68	28.0
1174.68	28.0
1227.12	28.0
1254.6	28.0
222.6	29.0
308.92	29.0
1159.72	29.0
1254.44	29.0
76.96	30.0
155.32	30.0
269.88	30.0
315.36	30.0
325.92	30.0
372.84	30.0
390.08	30.0
428.12	30.0
606.8	30.0
641.68	30.0
773.32	30.0
941.84	30.0
972.04	30.0
1005.88	30.0
1036.16	30.0
1081.76	30.0
1169.96	30.0
1181.2	30.0
302.6	31.0
320.48	31.0
1026.68	31.0
1094.28	33.0
195.48	33.0
298.32	33.0
302.64	33.0
1028.0	34.0
1026.92	35.0
12.56	35.0
18.2	35.0
39.36	35.0
72.04	35.0
122.52	35.0
142.2	35.0
184.6	35.0
196.28	35.0
217.52	35.0
220.04	35.0
228.2	35.0
238.92	35.0
248.96	35.0
255.16	35.0
279.4	35.0
297.68	35.0
308.2	35.0
316.24	35.0
326.64	35.0
333.72	35.0
344.4	35.0
362.96	35.0
393.44	35.0
423.0	35.0
438.84	35.0
454.44	35.0
477.92	35.0
493.96	35.0
520.8	35.0
523.88	35.0
544.92	35.0
560.48	35.0
626.76	35.0
668.16	35.0
692.92	35.0
933.88	35.0
960.48	35.0
971.84	35.0
983.12	35.0
1000.24	35.0
1008.72	35.0
1050.8	35.0
1091.28	35.0
1106.32	35.0
1110.16	35.0
1117.88	35.0
1128.96	35.0
1133.12	35.0
1143.6	35.0
1153.04	35.0
1192.52	35.0
1206.16	35.0
1212.0	35.0
1237.32	35.0
1252.32	35.0
1256.2	35.0
1283.28	35.0
1291.76	35.0
1300.56	35.0
1313.16	35.0
1324.96	35.0
1337.48	35.0
1385.4	35.0
1178.6	36.0
74.64	36.0
135.92	36.0
185.24	36.0
422.96	36.0
604.2	36.0
805.12	36.0
937.12	36.0
971.8	36.0
996.56	36.0
1014.28	36.0
1090.76	36.0
