319.24	1.0
1050.84	1.0
157.08	1.0
856.76	1.0
310.8	2.0
157.48	2.0
169.6	2.0
193.0	2.0
216.96	2.0
220.2	2.0
237.68	2.0
313.64	2.0
323.44	2.0
332.28	2.0
723.72	2.0
887.72	2.0
927.56	2.0
948.48	2.0
989.4	2.0
1034.16	2.0
1037.76	2.0
1069.36	2.0
1071.88	2.0
1171.16	2.0
1236.56	2.0
1291.28	2.0
1324.64	2.0
1331.2	2.0
156.88	3.0
195.84	3.0
217.12	3.0
311.12	3.0
323.4	3.0
887.48	3.0
947.6	3.0
989.6	3.0
1021.36	3.0
1162.0	3.0
1186.28	3.0
107.64	4.0
155.96	4.0
315.0	4.0
854.36	4.0
880.84	4.0
921.12	4.0
982.24	4.0
1038.88	4.0
1075.12	4.0
1247.08	4.0
1092.68	5.0
310.68	5.0
325.08	5.0
1133.48	5.0
74.12	6.0
396.08	7.0
415.96	7.0
444.64	7.0
349.16	8.0
214.72	8.0
303.0	8.0
316.4	8.0
330.56	8.0
341.36	8.0
381.24	8.0
518.4	8.0
896.76	8.0
992.4	8.0
145.64	9.0
320.08	9.0
996.24	9.0
1049.48	9.0
92.0	10.0
319.2	10.0
966.4	10.0
85.68	10.0
138.52	10.0
209.88	10.0
254.6	10.0
308.92	10.0
311.8	10.0
349.44	10.0
415.96	10.0
451.16	10.0
541.0	10.0
666.92	10.0
785.96	10.0
854.88	10.0
932.32	10.0
1020.28	10.0
1074.24	10.0
1148.84	10.0
1220.44	10.0
1264.8	10.0
1359.88	10.0
195.84	11.0
989.68	11.0
1038.88	11.0
1162.0	11.0
156.6	11.0
175.08	11.0
308.96	11.0
311.8	11.0
328.04	11.0
357.68	11.0
1012.52	11.0
1193.36	11.0
309.0	12.0
311.56	12.0
317.4	12.0
370.48	12.0
1069.04	12.0
1174.2	12.0
318.04	13.0
320.96	13.0
135.04	13.0
244.28	13.0
302.76	13.0
327.52	13.0
1009.44	13.0
1038.0	13.0
1057.96	13.0
1068.36	13.0
1106.04	13.0
1170.72	13.0
311.0	14.0
313.76	14.0
339.16	14.0
351.44	14.0
709.8	14.0
922.32	14.0
1211.24	14.0
372.24	17.0
1104.0	17.0
990.56	19.0
310.52	20.0
331.08	20.0
1064.72	20.0
248.72	20.0
425.0	20.0
302.48	21.0
161.32	21.0
190.16	21.0
234.0	21.0
276.56	21.0
312.48	21.0
327.24	21.0
335.48	21.0
345.6	21.0
356.28	21.0
378.64	21.0
399.4	21.0
441.08	21.0
990.92	21.0
1041.56	21.0
1068.16	21.0
1073.36	21.0
1093.68	21.0
1102.44	21.0
1155.8	21.0
1198.12	21.0
1309.44	21.0
232.36	22.0
312.12	22.0
326.96	22.0
1025.36	22.0
1033.32	22.0
1069.36	22.0
1103.92	22.0
1151.72	22.0
1217.28	22.0
326.8	23.0
87.28	23.0
115.12	23.0
153.04	23.0
230.2	23.0
309.56	23.0
314.44	23.0
317.12	23.0
332.64	23.0
366.56	23.0
716.56	23.0
851.32	23.0
918.56	23.0
980.04	23.0
1034.24	23.0
1041.16	23.0
1068.84	23.0
1072.72	23.0
1107.16	23.0
1156.12	23.0
1243.88	23.0
1291.28	23.0
225.68	24.0
302.72	24.0
310.24	24.0
313.72	24.0
318.4	24.0
324.48	24.0
330.56	24.0
1251.08	24.0
317.12	25.0
13.92	26.0
28.96	26.0
76.04	26.0
88.56	26.0
119.12	26.0
128.2	26.0
155.08	26.0
181.76	26.0
211.8	26.0
221.64	26.0
258.08	26.0
266.36	26.0
285.92	26.0
293.16	26.0
303.0	26.0
306.0	26.0
310.44	26.0
314.16	26.0
325.4	26.0
331.04	26.0
342.56	26.0
347.76	26.0
351.16	26.0
355.44	26.0
360.72	26.0
364.2	26.0
375.92	26.0
385.08	26.0
402.36	26.0
422.76	26.0
436.68	26.0
444.92	26.0
462.36	26.0
465.84	26.0
485.12	26.0
493.76	26.0
526.92	26.0
531.44	26.0
634.16	26.0
672.04	26.0
724.64	26.0
905.8	26.0
1031.04	26.0
1063.32	26.0
1066.68	26.0
1089.88	26.0
1102.76	26.0
1129.72	26.0
1166.48	26.0
1181.6	26.0
1194.48	26.0
1286.76	26.0
1338.84	26.0
1347.2	26.0
87.16	27.0
302.96	27.0
1011.6	27.0
302.44	28.0
306.44	28.0
312.64	28.0
326.88	28.0
335.52	28.0
855.0	28.0
895.32	28.0
975.6	28.0
989.12	28.0
1049.16	28.0
1073.08	28.0
1291.76	28.0
123.4	29.0
890.28	29.0
972.76	29.0
1068.8	29.0
1097.96	29.0
1250.16	29.0
233.8	30.0
280.12	30.0
318.24	30.0
331.52	30.0
344.04	30.0
516.64	30.0
726.0	30.0
897.16	30.0
937.36	30.0
946.2	30.0
993.28	30.0
1116.88	30.0
1134.36	30.0
1138.16	30.0
143.4	31.0
195.64	31.0
254.8	31.0
302.84	31.0
326.92	31.0
339.88	31.0
850.2	31.0
905.28	31.0
1026.24	31.0
1068.68	31.0
303.0	33.0
441.12	33.0
169.28	34.0
302.72	34.0
329.04	34.0
910.8	34.0
991.28	34.0
1055.8	34.0
1080.28	34.0
317.88	35.0
67.36	35.0
70.52	35.0
121.84	35.0
139.48	35.0
182.6	35.0
267.36	35.0
280.88	35.0
302.64	35.0
314.2	35.0
326.96	35.0
335.4	35.0
342.68	35.0
351.2	35.0
368.88	35.0
376.6	35.0
961.24	35.0
980.72	35.0
983.24	35.0
997.52	35.0
1006.72	35.0
1016.56	35.0
1038.6	35.0
1057.56	35.0
1092.88	35.0
1102.08	35.0
1129.96	35.0
1155.84	35.0
1235.48	35.0
1282.04	35.0
311.6	36.0
337.28	36.0
