886.08	1.0
901.52	1.0
1149.04	1.0
16.64	2.0
42.88	2.0
66.96	2.0
121.16	2.0
134.28	2.0
148.0	2.0
201.4	2.0
224.48	2.0
237.4	2.0
289.6	2.0
302.48	2.0
309.84	2.0
326.92	2.0
515.96	2.0
519.92	2.0
532.92	2.0
757.16	2.0
778.44	2.0
822.48	2.0
1021.6	2.0
1166.68	2.0
1172.12	2.0
1211.96	2.0
1223.0	2.0
1252.76	2.0
1264.68	2.0
1267.68	2.0
302.72	3.0
118.24	3.0
145.0	3.0
164.6	3.0
200.36	3.0
254.72	3.0
277.28	3.0
341.8	3.0
460.6	3.0
514.76	3.0
532.64	3.0
549.36	3.0
789.28	3.0
795.2	3.0
843.0	3.0
857.84	3.0
915.84	3.0
921.88	3.0
963.68	3.0
988.28	3.0
1118.28	3.0
1168.0	3.0
1208.52	3.0
1242.4	3.0
1267.88	3.0
1290.24	3.0
150.48	4.0
166.88	4.0
202.28	4.0
230.4	4.0
276.92	4.0
297.36	4.0
309.0	4.0
311.92	4.0
314.44	4.0
328.4	4.0
341.48	4.0
375.84	4.0
389.72	4.0
462.44	4.0
560.92	4.0
788.88	4.0
820.92	4.0
854.64	4.0
886.24	4.0
914.64	4.0
931.8	4.0
963.36	4.0
991.24	4.0
1020.28	4.0
1136.76	4.0
1244.24	4.0
1275.2	4.0
1291.56	4.0
309.0	5.0
312.08	5.0
415.56	5.0
156.96	6.0
220.36	6.0
309.0	6.0
311.92	6.0
326.48	6.0
384.24	6.0
906.24	6.0
1293.8	6.0
649.6	7.0
709.96	7.0
774.04	7.0
831.08	7.0
58.44	8.0
116.88	8.0
191.36	8.0
232.88	8.0
278.36	8.0
302.56	8.0
354.96	8.0
392.32	8.0
587.48	8.0
688.28	8.0
771.68	8.0
786.44	8.0
913.44	8.0
1134.2	8.0
1206.0	8.0
777.4	9.0
1042.56	9.0
257.28	10.0
112.44	10.0
245.56	10.0
599.12	10.0
716.72	10.0
1075.92	10.0
1126.84	10.0
1194.04	10.0
766.48	11.0
19.4	11.0
94.28	11.0
119.96	11.0
147.28	11.0
188.4	11.0
236.8	11.0
244.2	11.0
281.52	11.0
324.44	11.0
471.8	11.0
601.0	11.0
649.84	11.0
794.36	11.0
808.88	11.0
899.2	11.0
920.24	11.0
977.4	11.0
1118.88	11.0
1200.84	11.0
1286.28	11.0
315.84	12.0
392.72	12.0
665.16	12.0
327.76	13.0
752.0	14.0
1236.44	14.0
302.48	16.0
1200.44	16.0
644.44	17.0
1124.8	17.0
323.88	18.0
102.84	19.0
302.56	19.0
1009.32	20.0
14.28	20.0
322.36	21.0
831.88	21.0
23.12	21.0
45.44	21.0
59.44	21.0
86.0	21.0
144.28	21.0
186.16	21.0
203.8	21.0
256.6	21.0
285.24	21.0
302.76	21.0
306.48	21.0
315.36	21.0
351.36	21.0
365.88	21.0
371.8	21.0
434.76	21.0
485.04	21.0
601.4	21.0
622.6	21.0
647.04	21.0
723.64	21.0
732.4	21.0
809.84	21.0
857.16	21.0
860.72	21.0
892.76	21.0
924.28	21.0
968.8	21.0
1075.52	21.0
1156.12	21.0
1163.52	21.0
1208.36	21.0
1234.72	21.0
1251.32	21.0
1277.4	21.0
6.52	22.0
161.76	22.0
233.28	22.0
292.64	22.0
302.52	22.0
316.4	22.0
322.32	22.0
369.28	22.0
427.04	22.0
831.8	22.0
1059.48	22.0
1231.24	22.0
1273.76	22.0
389.04	23.0
1025.4	23.0
1145.28	23.0
9.4	23.0
31.88	23.0
99.52	23.0
203.52	23.0
232.68	23.0
258.64	23.0
266.16	23.0
278.84	23.0
315.68	23.0
326.36	23.0
328.88	23.0
427.28	23.0
461.52	23.0
516.12	23.0
531.24	23.0
543.76	23.0
581.64	23.0
651.32	23.0
722.24	23.0
775.68	23.0
846.92	23.0
855.48	23.0
913.32	23.0
948.24	23.0
967.16	23.0
1043.24	23.0
1140.56	23.0
1205.24	23.0
1237.08	23.0
1261.32	23.0
1268.92	23.0
1291.4	23.0
262.52	24.0
309.68	24.0
324.48	24.0
329.76	24.0
463.8	24.0
774.16	24.0
831.88	24.0
844.52	24.0
1175.08	24.0
1292.24	24.0
832.08	25.0
309.28	25.0
5.56	26.0
32.64	26.0
43.48	26.0
70.36	26.0
88.28	26.0
98.96	26.0
126.64	26.0
138.2	26.0
169.64	26.0
209.88	26.0
213.24	26.0
219.76	26.0
242.16	26.0
254.44	26.0
257.88	26.0
277.44	26.0
280.44	26.0
302.48	26.0
317.64	26.0
324.08	26.0
340.72	26.0
345.96	26.0
360.36	26.0
369.44	26.0
386.8	26.0
423.28	26.0
429.04	26.0
447.4	26.0
458.04	26.0
484.56	26.0
501.72	26.0
518.48	26.0
541.84	26.0
553.52	26.0
582.68	26.0
620.84	26.0
694.88	26.0
718.96	26.0
747.44	26.0
776.04	26.0
788.28	26.0
808.52	26.0
827.76	26.0
831.92	26.0
860.88	26.0
878.36	26.0
912.96	26.0
916.8	26.0
935.16	26.0
948.72	26.0
993.48	26.0
1058.92	26.0
1067.96	26.0
1088.8	26.0
1105.4	26.0
1125.32	26.0
1147.88	26.0
1173.64	26.0
1192.72	26.0
1207.36	26.0
1225.24	26.0
1245.04	26.0
1269.4	26.0
1290.56	26.0
302.92	27.0
519.12	27.0
1256.0	27.0
150.56	28.0
270.6	28.0
452.28	28.0
1042.2	28.0
309.48	29.0
80.44	30.0
84.76	30.0
118.6	30.0
168.84	30.0
180.32	30.0
209.0	30.0
281.08	30.0
320.84	30.0
337.36	30.0
434.04	30.0
496.28	30.0
752.88	30.0
775.68	30.0
887.6	30.0
913.8	30.0
1041.76	30.0
1107.84	30.0
1254.44	30.0
149.6	31.0
307.68	35.0
23.12	35.0
91.28	35.0
141.24	35.0
164.84	35.0
184.16	35.0
200.0	35.0
216.44	35.0
235.04	35.0
256.4	35.0
292.72	35.0
318.04	35.0
328.48	35.0
347.68	35.0
350.48	35.0
390.6	35.0
428.04	35.0
456.32	35.0
465.16	35.0
508.84	35.0
556.24	35.0
757.68	35.0
774.88	35.0
788.12	35.0
830.16	35.0
886.96	35.0
909.84	35.0
914.56	35.0
955.24	35.0
1034.84	35.0
1154.72	35.0
1196.2	35.0
1255.36	35.0
1283.4	35.0
39.6	36.0
224.04	36.0
329.0	36.0
515.88	36.0
664.52	36.0
788.04	36.0
1028.68	36.0
1209.36	36.0
1284.48	36.0
