46.32	1.0
302.8	1.0
333.48	1.0
311.8	2.0
314.6	2.0
328.52	2.0
46.68	2.0
202.08	2.0
256.16	2.0
321.08	2.0
332.4	2.0
343.4	2.0
321.08	3.0
343.52	3.0
238.28	3.0
281.76	3.0
313.44	3.0
329.0	3.0
333.84	3.0
353.88	3.0
505.76	4.0
309.0	4.0
312.52	4.0
332.76	4.0
353.56	4.0
309.0	5.0
312.16	5.0
309.0	6.0
312.28	6.0
319.68	6.0
327.0	6.0
331.12	6.0
353.04	6.0
229.24	7.0
302.48	7.0
349.68	7.0
360.84	7.0
406.88	7.0
302.8	8.0
321.0	8.0
330.76	8.0
350.28	8.0
362.24	8.0
455.4	8.0
315.2	9.0
333.24	9.0
344.88	9.0
622.36	10.0
97.6	10.0
186.08	10.0
226.48	10.0
272.84	10.0
302.96	10.0
312.96	10.0
343.28	10.0
367.92	10.0
238.32	11.0
322.44	11.0
302.64	11.0
309.24	11.0
313.24	11.0
319.88	11.0
326.68	11.0
338.0	11.0
343.16	11.0
367.48	11.0
402.92	11.0
330.44	12.0
311.44	13.0
314.12	13.0
321.16	13.0
328.56	13.0
340.16	13.0
350.28	13.0
328.56	14.0
376.08	14.0
185.56	14.0
284.48	14.0
336.8	14.0
356.48	14.0
362.8	14.0
420.16	14.0
432.48	14.0
302.88	15.0
193.68	16.0
236.8	16.0
302.48	16.0
322.32	16.0
320.8	18.0
302.48	18.0
314.4	19.0
327.36	19.0
352.28	19.0
319.6	20.0
331.76	20.0
622.96	20.0
317.2	21.0
350.12	21.0
246.76	21.0
302.48	21.0
309.48	21.0
320.8	21.0
329.48	21.0
332.6	21.0
337.12	21.0
342.28	21.0
357.0	21.0
366.04	21.0
380.36	21.0
391.0	21.0
401.04	21.0
425.2	21.0
470.24	21.0
320.04	22.0
309.76	22.0
312.48	22.0
316.96	22.0
325.64	22.0
332.56	22.0
340.28	22.0
354.76	22.0
201.44	23.0
289.68	23.0
307.84	23.0
313.64	23.0
316.92	23.0
319.44	23.0
339.04	23.0
342.88	23.0
349.32	23.0
353.0	23.0
371.6	23.0
555.6	23.0
744.32	23.0
790.36	23.0
318.72	24.0
329.92	24.0
340.76	24.0
350.6	24.0
368.64	24.0
302.8	25.0
368.88	25.0
319.08	25.0
342.72	25.0
278.6	26.0
61.56	26.0
82.6	26.0
91.8	26.0
184.92	26.0
191.84	26.0
221.72	26.0
287.96	26.0
299.6	26.0
302.52	26.0
310.2	26.0
315.92	26.0
319.64	26.0
322.16	26.0
328.44	26.0
332.0	26.0
339.88	26.0
346.12	26.0
349.68	26.0
353.24	26.0
360.16	26.0
364.24	26.0
368.32	26.0
374.84	26.0
381.44	26.0
389.08	26.0
398.72	26.0
419.04	26.0
422.8	26.0
436.76	26.0
443.56	26.0
466.84	26.0
479.48	26.0
504.52	26.0
519.48	26.0
541.84	26.0
553.56	26.0
606.32	26.0
640.0	26.0
302.68	27.0
371.36	27.0
302.48	28.0
306.64	28.0
312.64	28.0
318.44	28.0
322.44	28.0
325.92	28.0
332.2	28.0
343.84	28.0
348.68	28.0
361.28	28.0
384.2	28.0
309.08	29.0
287.16	30.0
309.32	30.0
319.64	30.0
332.2	30.0
343.84	30.0
359.6	30.0
366.16	30.0
398.16	30.0
485.36	30.0
533.92	30.0
338.36	31.0
351.2	31.0
321.88	33.0
331.48	33.0
341.0	33.0
317.48	34.0
339.28	34.0
350.2	34.0
378.92	34.0
312.08	34.0
342.36	35.0
350.12	35.0
354.72	35.0
302.84	35.0
310.2	35.0
316.88	35.0
320.72	35.0
328.8	35.0
336.08	35.0
339.28	35.0
346.36	35.0
361.0	35.0
365.08	35.0
370.16	35.0
377.44	35.0
381.16	35.0
395.76	35.0
405.96	35.0
414.72	35.0
427.6	35.0
440.08	35.0
462.6	35.0
500.2	35.0
314.4	36.0
