322.04	1.0
302.76	1.0
311.32	1.0
332.08	1.0
336.12	1.0
412.6	1.0
988.08	1.0
75.68	2.0
89.08	2.0
201.16	2.0
217.16	2.0
308.0	2.0
314.56	2.0
320.2	2.0
331.64	2.0
340.92	2.0
394.2	2.0
843.64	2.0
954.64	2.0
988.48	2.0
1032.84	2.0
142.52	3.0
215.12	3.0
268.6	3.0
307.76	3.0
314.28	3.0
319.52	3.0
331.8	3.0
340.68	3.0
989.08	3.0
1101.08	3.0
1173.52	3.0
309.0	4.0
312.08	4.0
316.16	4.0
335.04	5.0
309.04	5.0
311.72	5.0
316.96	5.0
475.76	6.0
161.48	6.0
309.04	6.0
312.08	6.0
330.6	6.0
566.12	6.0
686.92	6.0
985.56	6.0
1091.92	6.0
302.76	7.0
48.32	8.0
282.12	8.0
302.72	8.0
308.28	8.0
312.52	8.0
322.84	8.0
339.4	8.0
887.92	8.0
308.24	9.0
156.76	10.0
241.84	10.0
316.96	10.0
448.64	10.0
14.6	10.0
151.72	10.0
302.8	10.0
579.16	10.0
776.96	10.0
950.8	10.0
1048.92	10.0
1224.24	10.0
331.92	11.0
335.0	11.0
989.08	11.0
302.68	11.0
311.48	11.0
314.64	11.0
310.72	12.0
89.8	12.0
157.96	12.0
221.0	12.0
312.96	13.0
342.0	13.0
15.8	14.0
118.08	14.0
216.6	14.0
275.6	14.0
333.6	14.0
350.76	14.0
376.68	14.0
796.28	14.0
976.52	14.0
302.8	15.0
324.08	15.0
3.64	16.0
302.48	16.0
306.8	16.0
56.88	17.0
319.68	18.0
306.76	20.0
320.6	20.0
55.4	20.0
72.36	20.0
79.36	20.0
302.96	20.0
357.52	20.0
331.4	21.0
3.72	21.0
32.16	21.0
140.84	21.0
227.32	21.0
302.52	21.0
314.2	21.0
316.88	21.0
321.32	21.0
324.96	21.0
328.64	21.0
334.68	21.0
346.92	21.0
355.44	21.0
376.64	21.0
390.88	21.0
395.52	21.0
976.16	21.0
1066.6	21.0
312.52	22.0
316.36	22.0
338.28	22.0
397.04	22.0
36.76	23.0
308.48	23.0
311.36	23.0
316.84	23.0
321.48	23.0
325.84	23.0
333.92	23.0
340.68	23.0
518.08	23.0
792.96	23.0
888.68	23.0
1077.56	23.0
89.12	24.0
154.56	24.0
308.92	24.0
323.28	24.0
333.0	24.0
351.6	24.0
333.24	25.0
302.48	25.0
344.88	25.0
8.16	26.0
49.32	26.0
83.24	26.0
94.72	26.0
134.32	26.0
145.04	26.0
172.64	26.0
187.72	26.0
210.32	26.0
224.12	26.0
259.4	26.0
279.12	26.0
306.08	26.0
312.16	26.0
317.84	26.0
329.76	26.0
336.52	26.0
341.16	26.0
349.2	26.0
361.44	26.0
365.32	26.0
374.24	26.0
377.76	26.0
385.56	26.0
397.36	26.0
410.48	26.0
414.0	26.0
440.08	26.0
458.72	26.0
470.4	26.0
490.84	26.0
498.76	26.0
518.44	26.0
557.76	26.0
615.72	26.0
636.76	26.0
674.64	26.0
757.6	26.0
833.24	26.0
927.76	26.0
951.32	26.0
970.88	26.0
978.48	26.0
1039.2	26.0
1048.68	26.0
1051.4	26.0
1240.88	26.0
365.48	27.0
302.76	27.0
351.84	27.0
302.52	28.0
323.12	29.0
169.64	30.0
320.0	30.0
337.72	30.0
356.48	30.0
386.04	30.0
418.12	30.0
563.8	30.0
1032.68	30.0
1110.72	30.0
243.2	31.0
332.36	31.0
382.04	31.0
1096.2	31.0
221.36	33.0
307.0	33.0
319.32	33.0
302.72	33.0
570.48	33.0
311.28	34.0
82.6	35.0
94.16	35.0
139.56	35.0
210.8	35.0
311.24	35.0
317.76	35.0
324.76	35.0
334.6	35.0
338.52	35.0
348.72	35.0
356.36	35.0
358.96	35.0
559.92	35.0
589.28	35.0
1029.6	35.0
1077.44	35.0
316.64	36.0
