302.76	1.0
895.64	1.0
1359.44	2.0
62.12	2.0
79.16	2.0
91.0	2.0
130.0	2.0
156.0	2.0
256.92	2.0
281.6	2.0
308.68	2.0
315.12	2.0
319.44	2.0
342.2	2.0
1451.28	2.0
332.92	3.0
81.72	3.0
145.2	3.0
192.92	3.0
211.2	3.0
281.88	3.0
302.64	3.0
311.8	3.0
314.44	3.0
318.24	3.0
327.84	3.0
337.48	3.0
437.8	3.0
995.32	3.0
1040.88	3.0
1144.12	3.0
1393.84	3.0
309.0	4.0
312.12	4.0
317.96	4.0
315.84	5.0
309.04	5.0
312.16	5.0
105.2	6.0
309.04	6.0
311.92	6.0
322.44	6.0
28.56	7.0
150.64	8.0
162.0	8.0
210.4	8.0
302.68	8.0
313.36	8.0
323.92	8.0
461.36	8.0
565.8	8.0
1383.2	8.0
1427.36	8.0
255.56	9.0
1468.24	9.0
155.72	10.0
247.04	10.0
322.88	10.0
12.8	10.0
88.2	10.0
152.04	10.0
228.8	10.0
251.96	10.0
308.6	10.0
315.32	10.0
586.32	10.0
719.44	10.0
830.72	10.0
894.36	10.0
1240.96	10.0
1359.56	10.0
1418.44	10.0
33.16	11.0
220.8	11.0
327.88	11.0
995.36	11.0
87.64	11.0
120.68	11.0
302.52	11.0
309.08	11.0
333.28	11.0
338.04	11.0
252.12	12.0
314.36	12.0
355.64	12.0
691.2	12.0
1348.88	12.0
1359.88	12.0
166.92	13.0
313.6	13.0
321.4	13.0
703.64	13.0
834.72	13.0
936.28	13.0
967.96	13.0
1004.72	13.0
599.6	14.0
330.2	14.0
357.88	14.0
409.04	14.0
302.72	15.0
302.48	16.0
1369.0	16.0
1476.24	17.0
1458.12	18.0
82.0	20.0
242.04	20.0
302.72	20.0
321.88	20.0
1357.24	21.0
33.96	21.0
80.44	21.0
120.72	21.0
154.48	21.0
166.96	21.0
192.6	21.0
216.92	21.0
309.28	21.0
315.16	21.0
317.72	21.0
328.04	21.0
343.32	21.0
356.16	21.0
378.84	21.0
391.48	21.0
407.52	21.0
411.8	21.0
499.88	21.0
643.16	21.0
997.36	21.0
1008.24	21.0
1438.52	21.0
1464.08	21.0
23.84	22.0
83.44	22.0
191.52	22.0
239.12	22.0
302.48	22.0
312.36	22.0
655.6	22.0
665.0	22.0
1357.12	22.0
1431.36	22.0
310.12	23.0
28.16	23.0
132.08	23.0
154.76	23.0
191.28	23.0
251.84	23.0
314.08	23.0
321.2	23.0
334.36	23.0
339.08	23.0
368.52	23.0
892.28	23.0
965.68	23.0
1243.28	23.0
1327.16	23.0
1348.56	23.0
1386.6	23.0
1439.92	23.0
210.4	24.0
258.28	24.0
318.64	24.0
356.08	24.0
480.4	24.0
1440.88	24.0
318.88	25.0
294.0	25.0
299.84	26.0
302.8	26.0
7.92	26.0
31.4	26.0
46.68	26.0
55.04	26.0
63.92	26.0
86.32	26.0
89.64	26.0
96.2	26.0
120.12	26.0
153.36	26.0
158.6	26.0
172.64	26.0
181.76	26.0
204.52	26.0
214.04	26.0
222.88	26.0
240.0	26.0
254.16	26.0
273.6	26.0
285.24	26.0
306.0	26.0
312.96	26.0
320.64	26.0
328.16	26.0
336.84	26.0
343.64	26.0
346.32	26.0
358.2	26.0
368.56	26.0
383.88	26.0
408.76	26.0
412.44	26.0
430.4	26.0
436.36	26.0
451.84	26.0
463.28	26.0
468.16	26.0
494.68	26.0
504.8	26.0
514.12	26.0
534.16	26.0
559.92	26.0
562.96	26.0
591.28	26.0
610.2	26.0
627.76	26.0
633.08	26.0
671.2	26.0
695.84	26.0
799.76	26.0
881.68	26.0
959.44	26.0
1395.92	26.0
1420.84	26.0
1435.4	26.0
1471.08	26.0
65.12	27.0
160.8	27.0
219.6	27.0
302.76	27.0
389.04	27.0
408.36	27.0
21.24	28.0
120.2	28.0
153.96	28.0
205.68	28.0
255.24	28.0
302.52	28.0
316.12	28.0
321.44	28.0
329.96	28.0
785.28	28.0
877.0	28.0
1396.16	28.0
1467.88	28.0
329.76	29.0
1142.16	29.0
16.12	30.0
31.32	30.0
81.92	30.0
156.8	30.0
159.64	30.0
244.48	30.0
308.88	30.0
321.92	30.0
355.72	30.0
404.84	30.0
572.16	30.0
697.0	30.0
964.36	30.0
1018.92	30.0
1050.84	30.0
1347.04	30.0
1477.24	30.0
109.16	31.0
342.24	31.0
1047.16	31.0
1337.96	31.0
1403.24	31.0
1452.04	31.0
16.36	33.0
302.68	33.0
314.2	34.0
1378.64	34.0
26.24	35.0
56.56	35.0
96.12	35.0
114.96	35.0
156.04	35.0
173.64	35.0
194.56	35.0
238.68	35.0
247.4	35.0
309.88	35.0
317.88	35.0
367.68	35.0
389.92	35.0
414.56	35.0
431.0	35.0
461.12	35.0
465.72	35.0
1016.28	35.0
1339.56	35.0
1377.24	35.0
1426.52	35.0
1476.28	35.0
