125.36	1.0
326.84	1.0
1337.36	1.0
125.76	2.0
174.24	2.0
310.84	2.0
315.0	2.0
327.24	2.0
344.64	2.0
412.56	2.0
419.4	2.0
457.72	2.0
576.2	2.0
579.08	2.0
744.6	2.0
751.36	2.0
788.24	2.0
861.8	2.0
916.68	2.0
1094.0	2.0
1098.28	2.0
1122.8	2.0
1168.6	2.0
1200.4	2.0
1281.68	2.0
1290.64	2.0
1320.32	2.0
1353.8	2.0
311.36	3.0
329.56	3.0
40.6	3.0
81.92	3.0
172.68	3.0
246.16	3.0
314.48	3.0
326.72	3.0
332.96	3.0
352.52	3.0
691.0	3.0
834.12	3.0
896.92	3.0
1065.96	3.0
1177.0	3.0
1253.56	3.0
1281.44	3.0
1333.76	3.0
457.32	4.0
1112.56	4.0
1242.68	5.0
656.28	6.0
942.8	6.0
1054.24	6.0
1183.8	6.0
1320.92	6.0
136.8	7.0
174.16	7.0
208.28	7.0
112.56	7.0
741.6	7.0
327.32	8.0
354.48	8.0
1248.64	8.0
391.52	9.0
728.04	9.0
1337.64	9.0
1096.04	10.0
12.44	10.0
106.36	10.0
173.28	10.0
285.2	10.0
308.96	10.0
312.24	10.0
418.96	10.0
577.56	10.0
650.8	10.0
753.76	10.0
812.24	10.0
938.08	10.0
991.28	10.0
1017.04	10.0
1069.84	10.0
1075.36	10.0
1175.36	10.0
1321.2	10.0
50.68	11.0
81.96	11.0
172.72	11.0
494.88	11.0
691.08	11.0
834.12	11.0
1066.04	11.0
1116.76	11.0
308.96	11.0
311.64	11.0
326.4	11.0
340.92	11.0
353.96	11.0
392.68	11.0
670.8	11.0
754.32	11.0
894.0	11.0
1020.92	11.0
1174.56	11.0
1237.72	11.0
32.16	12.0
86.52	12.0
144.36	12.0
308.96	12.0
311.52	12.0
1281.84	12.0
205.84	13.0
307.8	13.0
312.88	13.0
318.2	13.0
369.72	13.0
302.84	14.0
306.24	14.0
317.92	14.0
369.52	14.0
695.68	14.0
820.6	14.0
1032.72	14.0
1188.92	14.0
1271.24	14.0
1329.0	14.0
53.12	15.0
324.28	15.0
291.76	16.0
302.44	16.0
1338.44	17.0
9.48	20.0
1342.6	20.0
302.48	21.0
27.64	21.0
84.68	21.0
88.44	21.0
110.04	21.0
142.72	21.0
177.64	21.0
231.12	21.0
248.36	21.0
285.56	21.0
307.72	21.0
319.0	21.0
345.2	21.0
355.72	21.0
380.2	21.0
389.72	21.0
433.4	21.0
463.88	21.0
574.68	21.0
612.56	21.0
625.6	21.0
700.48	21.0
714.92	21.0
745.16	21.0
751.76	21.0
781.8	21.0
831.2	21.0
869.72	21.0
898.84	21.0
1096.68	21.0
1144.24	21.0
1258.12	21.0
1339.36	21.0
302.52	22.0
313.84	22.0
317.28	22.0
347.64	22.0
451.2	22.0
463.08	22.0
1220.16	22.0
302.92	23.0
306.44	23.0
41.96	23.0
209.2	23.0
311.16	23.0
317.36	23.0
325.28	23.0
352.2	23.0
452.08	23.0
552.44	23.0
748.72	23.0
757.64	23.0
1078.0	23.0
1108.76	23.0
1133.64	23.0
1246.92	23.0
1292.2	23.0
1304.28	23.0
312.16	24.0
327.76	24.0
339.2	24.0
302.44	25.0
302.8	26.0
16.76	26.0
25.92	26.0
58.96	26.0
64.84	26.0
117.08	26.0
133.4	26.0
152.4	26.0
178.36	26.0
185.84	26.0
199.0	26.0
208.4	26.0
232.0	26.0
261.64	26.0
278.16	26.0
311.36	26.0
320.24	26.0
335.92	26.0
345.12	26.0
351.76	26.0
358.64	26.0
367.08	26.0
377.24	26.0
389.52	26.0
421.36	26.0
424.8	26.0
432.28	26.0
481.36	26.0
541.4	26.0
564.72	26.0
576.2	26.0
594.32	26.0
635.32	26.0
712.72	26.0
739.12	26.0
793.96	26.0
840.56	26.0
893.24	26.0
912.2	26.0
933.68	26.0
960.2	26.0
989.44	26.0
1052.32	26.0
1069.0	26.0
1095.4	26.0
1114.68	26.0
1141.72	26.0
1196.52	26.0
1224.04	26.0
1243.0	26.0
1330.6	26.0
35.8	27.0
302.92	27.0
306.12	27.0
402.88	27.0
972.16	27.0
1209.28	27.0
1304.64	27.0
302.44	28.0
317.92	28.0
330.72	28.0
358.0	28.0
391.16	28.0
1089.56	28.0
1124.36	28.0
1283.04	28.0
1337.32	28.0
243.32	29.0
317.68	29.0
387.44	29.0
1116.72	29.0
1332.8	29.0
41.76	30.0
112.68	30.0
321.0	30.0
459.32	30.0
1096.44	30.0
1203.36	30.0
1248.04	30.0
307.72	31.0
319.2	33.0
302.84	34.0
739.08	34.0
1126.68	34.0
1298.84	34.0
28.56	35.0
50.2	35.0
65.52	35.0
79.76	35.0
132.12	35.0
186.56	35.0
287.6	35.0
307.0	35.0
319.84	35.0
322.76	35.0
343.24	35.0
352.2	35.0
453.88	35.0
580.48	35.0
595.48	35.0
665.68	35.0
785.32	35.0
986.76	35.0
1025.12	35.0
1105.12	35.0
1133.48	35.0
1169.8	35.0
1186.4	35.0
1236.8	35.0
1261.48	35.0
1306.32	35.0
