352.84	1.0
569.6	1.0
174.8	2.0
310.92	2.0
314.4	2.0
331.04	2.0
358.64	2.0
70.92	2.0
320.36	2.0
325.68	2.0
337.68	2.0
347.92	2.0
383.52	2.0
465.88	2.0
496.76	2.0
519.48	2.0
522.76	2.0
551.64	2.0
565.6	2.0
572.76	2.0
579.16	2.0
582.0	2.0
606.12	2.0
609.52	2.0
619.64	2.0
626.64	2.0
629.16	2.0
644.96	2.0
653.28	2.0
692.0	2.0
778.16	2.0
950.8	2.0
1330.64	2.0
1333.32	2.0
383.92	3.0
38.92	3.0
156.32	3.0
311.28	3.0
316.12	3.0
322.04	3.0
326.04	3.0
329.04	3.0
334.56	3.0
337.28	3.0
349.08	3.0
460.16	3.0
541.72	3.0
550.56	3.0
565.52	3.0
572.24	3.0
582.16	3.0
605.84	3.0
646.88	3.0
653.44	3.0
692.16	3.0
703.28	3.0
759.96	3.0
1350.64	3.0
8.36	4.0
134.64	4.0
243.84	4.0
316.64	4.0
340.32	4.0
344.56	4.0
318.2	5.0
344.56	5.0
585.12	5.0
1356.2	5.0
314.24	5.0
326.92	5.0
330.96	5.0
387.56	6.0
318.36	6.0
549.4	6.0
604.16	6.0
320.16	7.0
500.32	7.0
190.52	7.0
315.84	7.0
353.24	7.0
404.48	7.0
649.84	7.0
896.44	7.0
54.88	8.0
314.2	8.0
317.96	8.0
324.56	8.0
347.4	8.0
388.68	8.0
452.88	8.0
463.28	8.0
479.56	8.0
697.64	8.0
1361.96	8.0
314.24	9.0
325.88	9.0
431.48	10.0
493.0	10.0
568.92	10.0
579.68	10.0
13.4	10.0
76.96	10.0
191.4	10.0
309.0	10.0
312.12	10.0
315.32	10.0
320.52	10.0
335.44	10.0
347.44	10.0
351.2	10.0
516.16	10.0
534.56	10.0
552.56	10.0
582.2	10.0
608.04	10.0
636.76	10.0
656.52	10.0
708.92	10.0
874.48	10.0
955.92	10.0
1321.0	10.0
605.84	11.0
703.28	11.0
93.12	11.0
308.96	11.0
311.72	11.0
321.4	11.0
325.68	11.0
330.96	11.0
336.76	11.0
347.12	11.0
361.32	11.0
405.92	11.0
412.88	11.0
499.56	11.0
558.16	11.0
580.12	11.0
612.28	11.0
626.2	11.0
629.16	11.0
653.0	11.0
757.32	11.0
1334.64	11.0
1349.8	11.0
359.64	12.0
414.28	12.0
56.32	12.0
138.88	12.0
308.96	12.0
311.64	12.0
317.56	12.0
337.68	12.0
346.56	12.0
1358.84	12.0
18.56	13.0
324.0	13.0
334.2	13.0
383.04	13.0
871.24	13.0
24.12	14.0
48.56	14.0
114.08	14.0
334.68	14.0
341.52	14.0
363.84	14.0
385.84	14.0
617.56	14.0
302.44	15.0
307.12	16.0
302.76	17.0
302.64	18.0
348.56	19.0
329.36	20.0
344.48	20.0
369.4	20.0
614.48	20.0
302.44	20.0
316.56	20.0
302.48	21.0
324.48	21.0
331.6	21.0
339.72	21.0
29.48	21.0
37.68	21.0
65.16	21.0
140.16	21.0
310.4	21.0
316.64	21.0
328.52	21.0
357.12	21.0
369.96	21.0
390.04	21.0
395.6	21.0
401.84	21.0
404.88	21.0
418.32	21.0
422.36	21.0
456.6	21.0
459.72	21.0
520.84	21.0
549.24	21.0
553.08	21.0
587.88	21.0
628.6	21.0
652.56	21.0
674.56	21.0
677.24	21.0
717.36	21.0
753.96	21.0
1364.84	21.0
307.72	22.0
313.8	22.0
327.64	22.0
341.32	22.0
359.68	22.0
380.24	22.0
495.36	22.0
629.72	22.0
980.96	22.0
341.92	23.0
357.96	23.0
360.64	23.0
6.0	23.0
22.36	23.0
50.92	23.0
95.48	23.0
132.48	23.0
137.92	23.0
184.72	23.0
239.92	23.0
308.08	23.0
312.52	23.0
316.68	23.0
326.16	23.0
332.8	23.0
338.0	23.0
344.68	23.0
363.92	23.0
383.28	23.0
570.6	23.0
678.36	23.0
788.2	23.0
1324.8	23.0
1355.08	23.0
1365.8	23.0
341.2	24.0
313.04	24.0
318.12	24.0
325.08	24.0
335.48	24.0
360.04	24.0
382.76	24.0
386.4	24.0
419.08	24.0
525.16	24.0
1369.2	24.0
325.32	25.0
383.0	25.0
302.44	25.0
4.68	26.0
16.68	26.0
28.12	26.0
43.12	26.0
68.0	26.0
88.28	26.0
111.32	26.0
121.64	26.0
138.2	26.0
164.24	26.0
181.68	26.0
189.28	26.0
201.68	26.0
230.4	26.0
255.24	26.0
306.08	26.0
313.28	26.0
317.88	26.0
325.52	26.0
331.76	26.0
341.0	26.0
344.84	26.0
347.48	26.0
352.0	26.0
368.04	26.0
380.04	26.0
387.32	26.0
396.0	26.0
403.72	26.0
411.56	26.0
425.64	26.0
430.0	26.0
442.12	26.0
446.28	26.0
459.08	26.0
486.6	26.0
494.04	26.0
512.88	26.0
517.44	26.0
533.28	26.0
539.96	26.0
554.96	26.0
561.12	26.0
571.28	26.0
577.28	26.0
595.6	26.0
600.36	26.0
616.36	26.0
633.64	26.0
639.64	26.0
661.2	26.0
673.04	26.0
675.64	26.0
682.8	26.0
755.68	26.0
800.68	26.0
806.08	26.0
864.44	26.0
1332.32	26.0
1349.92	26.0
1362.12	26.0
10.68	27.0
188.92	27.0
303.0	27.0
374.16	27.0
431.04	27.0
541.12	27.0
777.92	27.0
306.28	28.0
302.44	28.0
313.72	28.0
322.08	28.0
329.88	28.0
341.0	28.0
344.0	28.0
347.88	28.0
363.4	28.0
377.92	28.0
381.8	28.0
413.92	28.0
439.92	28.0
454.48	28.0
696.04	28.0
1360.56	28.0
145.12	29.0
373.52	29.0
389.76	29.0
606.28	29.0
691.64	29.0
17.96	30.0
53.08	30.0
97.2	30.0
174.4	30.0
309.92	30.0
320.88	30.0
323.8	30.0
341.56	30.0
347.04	30.0
359.28	30.0
373.32	30.0
386.56	30.0
402.72	30.0
425.92	30.0
459.36	30.0
483.2	30.0
534.2	30.0
613.64	30.0
696.72	30.0
729.12	30.0
746.4	30.0
808.16	30.0
892.88	30.0
1365.24	30.0
308.72	31.0
324.48	31.0
334.52	31.0
337.6	31.0
351.52	31.0
369.04	31.0
404.0	31.0
1349.32	31.0
457.6	33.0
330.2	33.0
317.44	34.0
326.92	34.0
358.24	34.0
381.04	34.0
163.04	34.0
330.64	34.0
612.52	34.0
675.88	34.0
746.76	34.0
39.0	35.0
137.88	35.0
242.44	35.0
302.68	35.0
314.08	35.0
323.48	35.0
328.24	35.0
337.88	35.0
343.32	35.0
351.24	35.0
354.0	35.0
358.48	35.0
367.84	35.0
374.12	35.0
382.6	35.0
388.88	35.0
394.72	35.0
403.88	35.0
416.32	35.0
418.96	35.0
425.2	35.0
428.32	35.0
479.2	35.0
489.68	35.0
502.92	35.0
524.56	35.0
566.52	35.0
642.36	35.0
680.6	35.0
708.32	35.0
746.04	35.0
798.72	35.0
865.32	35.0
1365.68	35.0
325.24	36.0
302.44	36.0
307.88	36.0
341.32	36.0
