626.64	1.0
865.4	1.0
181.92	2.0
867.28	2.0
957.0	2.0
1127.04	2.0
23.16	2.0
43.8	2.0
53.4	2.0
69.64	2.0
86.56	2.0
96.2	2.0
124.2	2.0
133.88	2.0
148.2	2.0
157.92	2.0
204.28	2.0
227.12	2.0
310.72	2.0
316.64	2.0
349.24	2.0
384.76	2.0
424.64	2.0
450.2	2.0
453.64	2.0
484.32	2.0
518.68	2.0
522.64	2.0
525.52	2.0
528.32	2.0
611.76	2.0
617.36	2.0
627.44	2.0
677.4	2.0
692.76	2.0
754.16	2.0
769.32	2.0
805.4	2.0
835.36	2.0
864.72	2.0
996.28	2.0
1120.56	2.0
1183.32	2.0
1206.12	2.0
1216.52	2.0
1227.44	2.0
1241.6	2.0
1314.4	2.0
1337.36	2.0
1340.6	2.0
1355.04	2.0
1373.52	2.0
316.72	3.0
23.32	3.0
44.24	3.0
98.76	3.0
152.44	3.0
158.04	3.0
165.32	3.0
181.52	3.0
207.36	3.0
212.8	3.0
229.12	3.0
266.44	3.0
293.8	3.0
391.56	3.0
455.04	3.0
525.28	3.0
627.56	3.0
689.44	3.0
692.48	3.0
774.64	3.0
805.6	3.0
813.28	3.0
840.52	3.0
857.4	3.0
914.72	3.0
957.52	3.0
1032.52	3.0
1126.12	3.0
1238.64	3.0
1314.56	3.0
1337.0	3.0
1342.0	3.0
1373.28	3.0
152.08	4.0
286.16	4.0
296.84	4.0
315.04	4.0
326.6	4.0
348.08	4.0
355.88	4.0
372.72	4.0
393.44	4.0
891.76	4.0
917.8	4.0
940.68	4.0
1132.64	4.0
1223.6	4.0
1249.8	4.0
1269.48	4.0
1335.16	4.0
1377.0	4.0
154.2	5.0
314.48	5.0
891.4	5.0
325.44	6.0
89.44	7.0
358.6	7.0
571.52	7.0
1043.12	7.0
1365.84	7.0
316.08	8.0
39.76	8.0
108.72	8.0
221.6	8.0
251.84	8.0
378.88	8.0
457.48	8.0
580.48	8.0
610.8	8.0
633.76	8.0
764.04	8.0
1010.76	8.0
1044.36	8.0
1071.64	8.0
1215.44	8.0
1253.12	8.0
1271.04	8.0
52.88	9.0
228.64	9.0
285.76	9.0
339.16	9.0
566.44	9.0
957.92	9.0
1021.36	9.0
1239.88	9.0
796.0	10.0
308.92	10.0
312.04	10.0
316.52	10.0
957.56	10.0
44.36	11.0
68.24	11.0
129.24	11.0
228.96	11.0
529.76	11.0
664.48	11.0
1351.52	11.0
114.92	11.0
182.36	11.0
308.96	11.0
312.04	11.0
498.2	11.0
751.92	11.0
767.64	11.0
779.28	11.0
831.8	11.0
890.92	11.0
957.08	11.0
996.12	11.0
1126.68	11.0
1203.2	11.0
1206.16	11.0
1311.76	11.0
1337.16	11.0
308.96	12.0
311.8	12.0
1205.56	12.0
302.52	13.0
346.48	13.0
126.44	14.0
90.28	14.0
303.0	14.0
823.36	14.0
842.64	14.0
1194.0	14.0
1269.04	14.0
1323.6	14.0
1379.88	14.0
682.92	15.0
955.72	15.0
1112.12	15.0
1226.8	15.0
22.04	16.0
83.44	16.0
106.0	16.0
149.04	16.0
287.24	16.0
1046.88	16.0
1099.56	16.0
1252.32	16.0
302.48	18.0
887.04	18.0
1374.24	18.0
302.52	20.0
469.12	20.0
302.48	21.0
35.32	21.0
95.12	21.0
284.92	21.0
310.68	21.0
318.6	21.0
321.92	21.0
327.44	21.0
334.64	21.0
346.2	21.0
366.32	21.0
380.0	21.0
418.2	21.0
866.48	21.0
882.12	21.0
1072.72	21.0
1190.04	21.0
1288.56	21.0
1350.08	21.0
125.04	22.0
287.72	22.0
313.88	22.0
856.4	22.0
1198.0	22.0
1382.36	22.0
12.96	23.0
70.28	23.0
302.76	23.0
810.12	23.0
844.8	23.0
1246.0	23.0
63.12	23.0
124.36	23.0
154.84	23.0
182.16	23.0
185.6	23.0
233.48	23.0
257.68	23.0
309.8	23.0
317.16	23.0
345.48	23.0
380.88	23.0
400.56	23.0
421.0	23.0
481.28	23.0
493.52	23.0
644.76	23.0
685.16	23.0
737.16	23.0
789.12	23.0
830.52	23.0
854.24	23.0
868.72	23.0
892.56	23.0
941.4	23.0
949.52	23.0
992.52	23.0
1048.2	23.0
1136.12	23.0
1168.84	23.0
1200.12	23.0
1290.48	23.0
1297.24	23.0
1324.92	23.0
1355.04	23.0
1375.84	23.0
1379.36	23.0
315.4	24.0
23.44	26.0
72.76	26.0
91.92	26.0
123.24	26.0
159.6	26.0
218.08	26.0
253.36	26.0
287.44	26.0
310.64	26.0
327.6	26.0
341.0	26.0
363.6	26.0
382.28	26.0
395.56	26.0
471.2	26.0
499.52	26.0
508.24	26.0
529.6	26.0
585.24	26.0
629.96	26.0
647.72	26.0
655.92	26.0
672.56	26.0
697.36	26.0
712.32	26.0
724.36	26.0
750.84	26.0
761.0	26.0
771.28	26.0
798.08	26.0
824.28	26.0
852.24	26.0
868.72	26.0
883.68	26.0
934.96	26.0
969.72	26.0
980.4	26.0
1002.44	26.0
1047.84	26.0
1085.88	26.0
1125.32	26.0
1202.64	26.0
1218.72	26.0
1236.8	26.0
1256.08	26.0
1278.32	26.0
1327.84	26.0
1335.92	26.0
1356.68	26.0
1380.48	26.0
66.92	27.0
169.72	27.0
941.8	27.0
1002.24	27.0
1134.72	27.0
1299.28	27.0
1341.0	27.0
1394.92	27.0
21.08	28.0
38.24	28.0
52.52	28.0
198.6	28.0
228.24	28.0
247.0	28.0
261.6	28.0
302.48	28.0
318.24	28.0
326.84	28.0
338.8	28.0
378.88	28.0
415.24	28.0
484.52	28.0
494.72	28.0
530.64	28.0
566.04	28.0
609.8	28.0
651.92	28.0
669.08	28.0
689.64	28.0
769.24	28.0
948.96	28.0
957.56	28.0
993.6	28.0
1020.96	28.0
1039.52	28.0
1046.88	28.0
1249.84	28.0
1326.96	28.0
1336.48	28.0
1353.96	28.0
1373.16	28.0
1380.56	28.0
494.48	29.0
42.56	30.0
95.12	30.0
120.76	30.0
222.32	30.0
226.48	30.0
317.48	30.0
381.28	30.0
459.68	30.0
521.48	30.0
611.36	30.0
759.48	30.0
763.4	30.0
824.68	30.0
884.28	30.0
1044.72	30.0
1157.0	30.0
1252.56	30.0
1331.96	30.0
1378.16	30.0
94.64	31.0
252.8	31.0
342.24	31.0
282.64	33.0
634.52	33.0
98.72	34.0
162.52	34.0
321.72	34.0
1338.68	34.0
153.32	35.0
5.64	35.0
67.08	35.0
70.68	35.0
99.08	35.0
117.64	35.0
157.92	35.0
169.52	35.0
178.44	35.0
184.2	35.0
218.12	35.0
228.64	35.0
237.6	35.0
251.56	35.0
255.32	35.0
286.56	35.0
302.48	35.0
313.76	35.0
329.24	35.0
341.28	35.0
353.4	35.0
366.56	35.0
382.04	35.0
385.68	35.0
416.2	35.0
420.68	35.0
428.6	35.0
460.24	35.0
485.04	35.0
490.0	35.0
517.6	35.0
525.72	35.0
548.16	35.0
571.52	35.0
671.76	35.0
742.56	35.0
789.28	35.0
815.44	35.0
870.16	35.0
891.08	35.0
942.08	35.0
987.12	35.0
1000.16	35.0
1006.8	35.0
1092.68	35.0
1096.36	35.0
1162.72	35.0
1183.32	35.0
1199.88	35.0
1259.16	35.0
1296.72	35.0
1329.2	35.0
1352.52	35.0
1379.2	35.0
149.36	36.0
343.76	36.0
378.36	36.0
725.36	36.0
812.52	36.0
890.08	36.0
990.24	36.0
1123.16	36.0
1251.32	36.0
