257.88	1.0
291.68	1.0
1406.6	1.0
213.56	2.0
326.6	2.0
243.08	2.0
252.92	2.0
259.24	2.0
273.32	2.0
292.08	2.0
294.6	2.0
311.04	2.0
318.84	2.0
351.08	2.0
1291.16	2.0
1309.2	2.0
1316.0	2.0
1325.76	2.0
1340.0	2.0
1343.4	2.0
1375.76	2.0
1393.08	2.0
1416.8	2.0
1433.0	2.0
1449.08	2.0
213.6	3.0
259.04	3.0
273.08	3.0
281.84	3.0
292.36	3.0
312.44	3.0
321.56	3.0
341.04	3.0
1319.36	3.0
1343.16	3.0
1347.0	3.0
1352.16	3.0
1416.56	3.0
318.08	4.0
1304.52	5.0
273.28	5.0
284.04	5.0
313.56	5.0
251.32	6.0
1314.12	6.0
287.44	7.0
1325.32	8.0
240.24	8.0
262.6	8.0
276.68	8.0
283.64	8.0
302.68	8.0
463.64	8.0
1342.8	8.0
1378.4	8.0
1417.24	8.0
310.88	9.0
258.84	10.0
402.44	10.0
1343.92	10.0
1367.16	10.0
1419.64	10.0
267.76	10.0
309.0	10.0
311.84	10.0
584.28	10.0
1276.8	10.0
1292.24	10.0
1334.96	10.0
1402.56	10.0
1454.84	10.0
1352.2	11.0
254.52	11.0
272.04	11.0
295.08	11.0
308.96	11.0
311.84	11.0
331.4	11.0
1333.08	11.0
1368.2	11.0
1417.32	11.0
1451.04	11.0
245.76	12.0
284.36	12.0
309.0	12.0
311.88	12.0
1218.84	12.0
1341.16	12.0
1444.08	12.0
285.76	13.0
299.56	13.0
302.84	13.0
257.52	14.0
270.88	14.0
302.8	14.0
306.8	14.0
368.36	14.0
1381.08	14.0
1385.44	14.0
1416.32	14.0
1401.64	15.0
287.0	16.0
273.44	18.0
318.4	18.0
302.44	18.0
364.48	18.0
310.76	20.0
248.16	20.0
259.32	21.0
1359.88	21.0
246.68	21.0
261.84	21.0
271.52	21.0
276.2	21.0
284.32	21.0
289.8	21.0
293.04	21.0
299.68	21.0
302.64	21.0
319.56	21.0
339.24	21.0
1321.8	21.0
1345.2	21.0
1348.48	21.0
1364.88	21.0
1373.24	21.0
1384.64	21.0
1440.28	21.0
284.52	22.0
46.84	22.0
248.68	22.0
275.6	22.0
294.24	22.0
323.72	22.0
1260.64	22.0
1276.64	22.0
1280.04	22.0
1311.16	22.0
1359.84	22.0
1418.6	22.0
286.96	23.0
302.48	23.0
1415.32	23.0
167.8	23.0
246.8	23.0
254.24	23.0
258.96	23.0
265.04	23.0
279.4	23.0
282.04	23.0
297.88	23.0
311.0	23.0
473.44	23.0
1298.24	23.0
1324.12	23.0
1342.04	23.0
1370.68	23.0
1380.92	23.0
1385.08	23.0
1398.72	23.0
1453.88	23.0
247.48	24.0
265.4	24.0
282.84	24.0
296.52	24.0
309.28	24.0
319.24	24.0
1343.08	24.0
1371.96	24.0
1400.96	24.0
1431.96	24.0
1451.28	24.0
1455.36	24.0
302.76	26.0
268.08	26.0
278.84	26.0
282.28	26.0
285.64	26.0
294.04	26.0
309.0	26.0
314.8	26.0
317.68	26.0
324.64	26.0
330.76	26.0
354.88	26.0
368.04	26.0
375.96	26.0
391.68	26.0
417.72	26.0
432.48	26.0
543.32	26.0
1268.4	26.0
1304.0	26.0
1317.04	26.0
1326.8	26.0
1342.88	26.0
1351.92	26.0
1363.0	26.0
1373.48	26.0
1382.16	26.0
1392.48	26.0
1412.92	26.0
1418.24	26.0
1435.44	26.0
1442.64	26.0
1462.16	26.0
268.8	27.0
341.28	27.0
446.72	27.0
519.48	27.0
1424.24	27.0
310.96	28.0
1301.36	28.0
1354.44	28.0
302.56	29.0
1434.6	29.0
259.12	30.0
282.0	30.0
310.36	30.0
324.12	30.0
344.72	30.0
368.08	30.0
461.4	30.0
488.88	30.0
1331.6	30.0
1342.4	30.0
1352.4	30.0
1378.04	30.0
1403.8	30.0
1414.68	30.0
1437.28	30.0
258.56	31.0
282.24	31.0
290.88	31.0
302.72	31.0
310.48	31.0
1387.6	31.0
303.0	32.0
259.32	33.0
316.24	33.0
302.92	34.0
1359.56	34.0
253.92	35.0
167.64	35.0
261.32	35.0
270.72	35.0
274.48	35.0
297.12	35.0
302.56	35.0
313.0	35.0
328.24	35.0
332.92	35.0
337.48	35.0
345.0	35.0
369.52	35.0
541.32	35.0
576.72	35.0
1019.72	35.0
1298.08	35.0
1310.84	35.0
1322.32	35.0
1337.04	35.0
1342.04	35.0
1401.24	35.0
1410.96	35.0
1418.24	35.0
1435.88	35.0
1455.72	35.0
302.48	36.0
