340.76	1.0
646.88	2.0
17.08	2.0
50.76	2.0
54.32	2.0
63.4	2.0
66.68	2.0
87.88	2.0
115.36	2.0
126.72	2.0
145.12	2.0
188.76	2.0
291.96	2.0
297.56	2.0
311.16	2.0
314.48	2.0
317.88	2.0
320.84	2.0
338.04	2.0
357.64	2.0
376.04	2.0
417.76	2.0
439.68	2.0
456.32	2.0
510.68	2.0
531.68	2.0
549.4	2.0
584.8	2.0
618.04	2.0
659.08	2.0
662.8	2.0
687.36	2.0
700.64	2.0
758.84	2.0
768.4	2.0
799.2	2.0
872.6	2.0
885.36	2.0
943.2	2.0
982.24	2.0
995.2	2.0
1035.96	2.0
1042.12	2.0
1065.6	2.0
1102.72	2.0
1108.68	2.0
1172.92	2.0
1177.16	2.0
1190.04	2.0
1233.12	2.0
1240.28	2.0
1258.2	2.0
1273.28	2.0
1301.4	2.0
1328.64	2.0
1350.48	2.0
1388.4	2.0
189.28	3.0
418.24	3.0
1038.92	3.0
85.96	3.0
115.56	3.0
128.12	3.0
145.24	3.0
160.32	3.0
237.24	3.0
291.72	3.0
311.32	3.0
315.56	3.0
326.0	3.0
330.28	3.0
355.96	3.0
359.0	3.0
376.8	3.0
444.0	3.0
456.48	3.0
510.8	3.0
572.16	3.0
615.32	3.0
720.52	3.0
797.08	3.0
823.8	3.0
979.56	3.0
982.4	3.0
989.24	3.0
1091.12	3.0
1124.4	3.0
1177.44	3.0
1189.52	3.0
1233.24	3.0
1258.44	3.0
1273.44	3.0
1280.2	3.0
1284.4	3.0
1310.68	3.0
1363.64	3.0
1388.56	3.0
1415.16	3.0
1462.56	3.0
125.8	4.0
150.16	4.0
152.68	4.0
1147.88	4.0
1150.4	4.0
43.2	4.0
60.88	4.0
89.32	4.0
188.04	4.0
214.68	4.0
281.36	4.0
315.2	4.0
333.76	4.0
358.84	4.0
376.56	4.0
396.2	4.0
412.6	4.0
429.12	4.0
449.44	4.0
483.68	4.0
546.0	4.0
593.6	4.0
629.04	4.0
661.76	4.0
697.6	4.0
720.28	4.0
734.88	4.0
761.96	4.0
811.04	4.0
838.2	4.0
879.68	4.0
910.6	4.0
949.68	4.0
996.64	4.0
1038.96	4.0
1090.8	4.0
1182.84	4.0
1218.04	4.0
1232.72	4.0
1256.76	4.0
1288.52	4.0
1299.44	4.0
1325.84	4.0
1387.4	4.0
1418.08	4.0
700.2	5.0
302.92	6.0
113.4	6.0
212.0	6.0
356.48	6.0
480.76	6.0
699.36	6.0
835.76	6.0
839.08	6.0
1004.36	6.0
1158.92	6.0
1301.12	6.0
1384.44	6.0
134.96	7.0
130.44	7.0
306.48	7.0
1053.04	7.0
40.96	8.0
186.68	8.0
195.6	8.0
240.0	8.0
318.4	8.0
365.8	8.0
506.32	8.0
588.08	8.0
658.72	8.0
669.52	8.0
698.92	8.0
768.56	8.0
1003.4	8.0
1080.96	8.0
1099.6	8.0
1130.4	8.0
1140.64	8.0
1251.52	8.0
1289.28	8.0
1299.48	8.0
1327.08	8.0
1330.84	8.0
1343.76	8.0
1347.72	8.0
317.96	9.0
337.4	9.0
343.76	9.0
359.04	9.0
586.12	9.0
687.12	9.0
1134.64	9.0
1151.8	9.0
647.88	10.0
45.32	10.0
111.28	10.0
233.88	10.0
283.2	10.0
309.0	10.0
312.0	10.0
497.68	10.0
611.72	10.0
722.84	10.0
795.8	10.0
859.44	10.0
964.96	10.0
1030.44	10.0
1096.04	10.0
1171.56	10.0
1231.28	10.0
1328.08	10.0
1388.56	10.0
1421.48	10.0
1464.36	10.0
19.24	11.0
387.96	11.0
39.88	11.0
67.48	11.0
104.2	11.0
136.12	11.0
140.28	11.0
164.68	11.0
171.76	11.0
180.92	11.0
184.28	11.0
237.48	11.0
298.56	11.0
309.0	11.0
311.8	11.0
335.04	11.0
352.92	11.0
372.64	11.0
376.0	11.0
411.16	11.0
483.88	11.0
612.84	11.0
685.52	11.0
700.68	11.0
728.08	11.0
759.24	11.0
769.12	11.0
800.12	11.0
846.6	11.0
881.52	11.0
884.04	11.0
887.0	11.0
972.4	11.0
977.92	11.0
1042.72	11.0
1106.8	11.0
1109.76	11.0
1138.92	11.0
1175.76	11.0
1188.48	11.0
1231.72	11.0
1270.76	11.0
1291.2	11.0
1328.68	11.0
1350.6	11.0
1387.0	11.0
1466.4	11.0
1301.08	12.0
159.0	12.0
190.56	12.0
225.32	12.0
309.0	12.0
312.08	12.0
595.48	12.0
764.64	12.0
877.4	12.0
1026.16	12.0
1194.36	12.0
1254.44	12.0
1294.28	12.0
308.64	13.0
320.88	13.0
361.6	13.0
1103.2	13.0
19.96	14.0
60.96	14.0
104.32	14.0
343.84	14.0
378.8	14.0
662.92	14.0
781.68	14.0
975.44	14.0
1189.8	14.0
1259.76	14.0
1331.88	14.0
1311.16	15.0
295.0	16.0
306.08	16.0
420.52	16.0
730.08	16.0
1194.48	16.0
1197.32	16.0
1294.8	16.0
1346.76	16.0
1430.12	16.0
585.64	17.0
69.8	18.0
316.96	18.0
1258.8	18.0
131.0	18.0
52.2	19.0
289.08	19.0
311.56	19.0
355.12	19.0
415.2	19.0
507.08	19.0
644.8	19.0
698.08	19.0
1039.56	19.0
1106.52	19.0
1231.04	19.0
1326.32	19.0
1347.04	19.0
1385.4	19.0
1395.96	20.0
66.52	21.0
130.04	21.0
159.0	21.0
214.2	21.0
224.96	21.0
311.0	21.0
317.2	21.0
320.2	21.0
333.8	21.0
345.4	21.0
351.4	21.0
361.32	21.0
384.0	21.0
429.24	21.0
595.0	21.0
925.0	21.0
1012.96	21.0
1241.68	21.0
1258.32	21.0
1340.32	21.0
1366.48	21.0
186.04	22.0
275.16	22.0
316.32	22.0
450.8	22.0
654.72	22.0
944.44	22.0
1194.0	22.0
1289.56	22.0
302.72	23.0
1240.88	23.0
54.92	23.0
97.6	23.0
111.24	23.0
131.64	23.0
137.48	23.0
186.92	23.0
192.72	23.0
279.04	23.0
310.28	23.0
318.28	23.0
332.32	23.0
359.64	23.0
391.0	23.0
415.0	23.0
450.92	23.0
547.68	23.0
615.12	23.0
648.32	23.0
730.36	23.0
795.44	23.0
907.44	23.0
922.04	23.0
954.24	23.0
996.6	23.0
1001.28	23.0
1100.8	23.0
1113.84	23.0
1148.6	23.0
1158.16	23.0
1191.8	23.0
1220.68	23.0
1229.64	23.0
1232.6	23.0
1236.76	23.0
1247.48	23.0
1258.84	23.0
1293.28	23.0
1300.24	23.0
1319.28	23.0
1326.4	23.0
1331.48	23.0
1348.72	23.0
1355.88	23.0
1389.8	23.0
1328.8	24.0
100.0	24.0
216.56	24.0
302.96	24.0
311.64	24.0
333.36	24.0
826.64	24.0
1195.6	24.0
1341.2	24.0
1348.84	24.0
302.44	25.0
1343.2	25.0
1364.16	25.0
125.08	26.0
497.32	26.0
897.36	26.0
4.44	26.0
11.0	26.0
20.48	26.0
27.64	26.0
39.76	26.0
76.6	26.0
88.6	26.0
105.96	26.0
128.4	26.0
155.0	26.0
185.52	26.0
190.08	26.0
194.92	26.0
222.68	26.0
261.0	26.0
276.64	26.0
283.68	26.0
312.6	26.0
317.0	26.0
319.52	26.0
325.36	26.0
336.32	26.0
348.44	26.0
381.12	26.0
394.04	26.0
407.68	26.0
416.96	26.0
469.8	26.0
521.16	26.0
539.44	26.0
547.12	26.0
566.68	26.0
594.76	26.0
613.84	26.0
622.52	26.0
661.52	26.0
680.08	26.0
701.64	26.0
718.84	26.0
733.08	26.0
758.0	26.0
765.4	26.0
798.96	26.0
820.48	26.0
834.96	26.0
837.48	26.0
853.16	26.0
886.2	26.0
899.88	26.0
915.8	26.0
926.32	26.0
937.44	26.0
943.16	26.0
972.08	26.0
987.76	26.0
991.6	26.0
1008.96	26.0
1032.64	26.0
1038.4	26.0
1082.0	26.0
1104.24	26.0
1147.24	26.0
1160.64	26.0
1193.8	26.0
1200.36	26.0
1218.52	26.0
1235.92	26.0
1251.12	26.0
1256.04	26.0
1259.6	26.0
1263.96	26.0
1277.52	26.0
1283.88	26.0
1300.56	26.0
1327.32	26.0
1331.24	26.0
1345.04	26.0
1365.84	26.0
1381.08	26.0
1388.76	26.0
1411.36	26.0
1429.52	26.0
1455.4	26.0
1464.8	26.0
389.8	27.0
571.4	27.0
706.6	27.0
807.68	27.0
976.48	27.0
998.44	27.0
1085.92	27.0
1163.36	27.0
1303.32	27.0
302.64	28.0
1237.24	28.0
46.96	28.0
98.04	28.0
110.24	28.0
306.76	28.0
318.96	28.0
337.04	28.0
358.68	28.0
415.84	28.0
419.2	28.0
520.12	28.0
540.12	28.0
602.44	28.0
690.68	28.0
705.88	28.0
772.96	28.0
869.8	28.0
1047.12	28.0
1134.28	28.0
1151.44	28.0
1179.72	28.0
1251.32	28.0
1291.96	28.0
1299.88	28.0
1387.76	28.0
1417.04	28.0
1151.24	29.0
1221.44	29.0
1235.56	29.0
1389.04	29.0
311.4	30.0
10.08	30.0
78.8	30.0
136.44	30.0
194.0	30.0
258.44	30.0
292.48	30.0
316.56	30.0
332.16	30.0
405.2	30.0
419.32	30.0
450.4	30.0
464.52	30.0
507.2	30.0
565.16	30.0
588.96	30.0
667.24	30.0
698.28	30.0
729.0	30.0
739.92	30.0
819.84	30.0
897.32	30.0
950.24	30.0
984.72	30.0
1049.96	30.0
1061.36	30.0
1134.52	30.0
1155.68	30.0
1190.28	30.0
1231.56	30.0
1239.56	30.0
1256.6	30.0
1291.68	30.0
1325.68	30.0
1349.12	30.0
1393.88	30.0
302.76	31.0
323.84	31.0
368.96	31.0
908.8	31.0
1231.44	31.0
291.56	33.0
418.56	33.0
322.6	34.0
302.84	34.0
380.88	34.0
1405.8	34.0
17.56	35.0
125.32	35.0
157.32	35.0
255.64	35.0
279.92	35.0
288.36	35.0
302.6	35.0
309.76	35.0
324.12	35.0
339.16	35.0
358.24	35.0
369.88	35.0
391.76	35.0
415.6	35.0
451.48	35.0
504.48	35.0
533.68	35.0
560.68	35.0
598.8	35.0
619.72	35.0
644.4	35.0
661.52	35.0
722.28	35.0
725.28	35.0
812.84	35.0
835.6	35.0
878.6	35.0
952.72	35.0
1028.64	35.0
1113.76	35.0
1156.0	35.0
1163.52	35.0
1167.04	35.0
1185.12	35.0
1191.72	35.0
1257.2	35.0
1260.92	35.0
1291.2	35.0
1335.6	35.0
1343.84	35.0
1388.68	35.0
1404.48	35.0
1445.72	35.0
193.32	36.0
66.08	36.0
302.48	36.0
353.36	36.0
729.8	36.0
765.64	36.0
1287.56	36.0
1342.68	36.0
1383.68	36.0
