314.64	1.0
575.28	1.0
897.08	1.0
1071.68	1.0
1147.92	1.0
575.44	2.0
1002.84	2.0
4.04	2.0
53.16	2.0
92.8	2.0
159.44	2.0
204.32	2.0
209.0	2.0
243.28	2.0
282.0	2.0
293.88	2.0
313.0	2.0
349.84	2.0
377.04	2.0
407.08	2.0
439.44	2.0
512.76	2.0
556.76	2.0
620.04	2.0
630.12	2.0
654.92	2.0
667.36	2.0
702.8	2.0
851.08	2.0
869.88	2.0
897.44	2.0
965.48	2.0
1143.48	2.0
1169.24	2.0
1180.88	2.0
1234.52	2.0
1256.36	2.0
1367.16	2.0
1405.6	2.0
1439.92	2.0
1457.2	2.0
655.64	3.0
159.64	3.0
208.72	3.0
313.56	3.0
324.04	3.0
326.76	3.0
335.64	3.0
340.56	3.0
358.92	3.0
374.68	3.0
377.2	3.0
408.64	3.0
439.6	3.0
457.08	3.0
513.12	3.0
556.56	3.0
619.72	3.0
683.48	3.0
851.32	3.0
870.04	3.0
965.68	3.0
1173.24	3.0
1203.52	3.0
1234.64	3.0
1243.88	3.0
1264.64	3.0
1270.16	3.0
1288.48	3.0
1449.04	3.0
1457.4	3.0
5.04	4.0
25.64	4.0
54.32	4.0
72.76	4.0
95.04	4.0
127.6	4.0
151.84	4.0
162.08	4.0
193.28	4.0
226.96	4.0
247.68	4.0
269.96	4.0
312.96	4.0
323.4	4.0
342.12	4.0
360.0	4.0
373.52	4.0
440.6	4.0
460.72	4.0
470.44	4.0
621.0	4.0
689.08	4.0
720.64	4.0
736.4	4.0
765.32	4.0
789.6	4.0
798.8	4.0
821.52	4.0
839.72	4.0
866.48	4.0
885.04	4.0
896.52	4.0
916.72	4.0
953.96	4.0
966.6	4.0
987.68	4.0
1023.24	4.0
1043.52	4.0
1069.92	4.0
1100.96	4.0
1115.96	4.0
1124.36	4.0
1146.48	4.0
1172.92	4.0
1233.44	4.0
1252.44	4.0
1274.56	4.0
1308.0	4.0
1327.96	4.0
1362.68	4.0
1393.2	4.0
1426.32	4.0
1448.72	4.0
1462.72	4.0
302.64	5.0
617.48	5.0
244.04	6.0
54.4	6.0
150.32	6.0
406.56	6.0
1052.6	6.0
1340.24	6.0
321.48	7.0
202.36	7.0
1259.36	7.0
74.56	8.0
129.68	8.0
150.48	8.0
238.56	8.0
292.2	8.0
322.16	8.0
329.56	8.0
347.56	8.0
435.24	8.0
517.28	8.0
680.96	8.0
706.88	8.0
725.32	8.0
786.4	8.0
862.6	8.0
919.8	8.0
963.16	8.0
1083.96	8.0
1115.0	8.0
1254.12	8.0
1287.64	8.0
1316.76	8.0
1421.96	8.0
1454.48	8.0
99.48	9.0
282.32	9.0
295.2	9.0
510.48	9.0
620.4	9.0
733.52	9.0
1275.96	9.0
1336.08	9.0
1417.76	9.0
1466.4	9.0
73.8	10.0
125.96	10.0
235.52	10.0
308.96	10.0
311.92	10.0
372.2	10.0
405.8	10.0
438.0	10.0
555.24	10.0
650.32	10.0
730.64	10.0
781.48	10.0
841.2	10.0
847.96	10.0
937.72	10.0
1077.72	10.0
1269.2	10.0
1317.16	10.0
1437.36	10.0
873.92	11.0
3.44	11.0
25.28	11.0
44.36	11.0
75.04	11.0
100.04	11.0
155.76	11.0
229.44	11.0
280.16	11.0
292.24	11.0
308.96	11.0
311.64	11.0
332.52	11.0
374.96	11.0
408.6	11.0
483.24	11.0
510.6	11.0
544.44	11.0
616.52	11.0
651.28	11.0
666.28	11.0
783.72	11.0
804.2	11.0
831.08	11.0
868.52	11.0
908.8	11.0
936.52	11.0
941.68	11.0
964.68	11.0
1002.32	11.0
1137.52	11.0
1142.6	11.0
1180.52	11.0
1194.8	11.0
1231.6	11.0
1250.4	11.0
1275.8	11.0
1325.96	11.0
1329.24	11.0
1341.88	11.0
1350.0	11.0
1397.48	11.0
1401.56	11.0
1404.8	11.0
1455.72	11.0
209.16	12.0
308.96	12.0
312.04	12.0
840.2	12.0
1062.2	12.0
1289.12	12.0
8.16	13.0
243.8	13.0
309.08	13.0
406.52	13.0
870.32	13.0
971.8	13.0
1284.44	13.0
978.32	14.0
57.04	14.0
154.48	14.0
324.24	14.0
1055.36	14.0
1366.0	14.0
1431.84	14.0
92.8	15.0
176.48	15.0
417.08	15.0
612.4	15.0
889.24	15.0
989.32	15.0
1445.92	15.0
274.52	16.0
570.44	16.0
960.2	16.0
1355.8	16.0
10.12	17.0
325.12	20.0
1335.0	20.0
307.12	21.0
108.32	21.0
125.88	21.0
313.28	21.0
325.76	21.0
332.52	21.0
338.84	21.0
652.68	21.0
853.72	21.0
1027.6	21.0
1151.72	21.0
1257.64	21.0
1288.72	21.0
1399.96	21.0
302.96	22.0
1118.64	22.0
4.28	22.0
697.96	22.0
983.88	22.0
1267.56	22.0
1283.2	22.0
1445.6	22.0
1460.8	22.0
226.56	23.0
1247.64	23.0
8.68	23.0
52.04	23.0
96.08	23.0
152.32	23.0
160.4	23.0
184.4	23.0
239.64	23.0
242.68	23.0
289.4	23.0
292.2	23.0
309.92	23.0
319.92	23.0
335.32	23.0
339.12	23.0
375.12	23.0
379.16	23.0
438.32	23.0
475.08	23.0
507.48	23.0
619.8	23.0
649.4	23.0
653.8	23.0
681.52	23.0
700.0	23.0
702.6	23.0
735.64	23.0
785.8	23.0
815.04	23.0
837.84	23.0
862.0	23.0
889.0	23.0
900.04	23.0
933.84	23.0
938.8	23.0
968.0	23.0
1007.72	23.0
1043.12	23.0
1046.48	23.0
1116.16	23.0
1118.68	23.0
1148.76	23.0
1167.44	23.0
1192.84	23.0
1198.76	23.0
1231.56	23.0
1255.92	23.0
1290.28	23.0
1309.8	23.0
1313.08	23.0
1316.76	23.0
1364.8	23.0
1456.04	23.0
1461.16	23.0
311.04	24.0
322.52	24.0
96.04	25.0
574.16	25.0
676.68	25.0
727.68	25.0
881.72	25.0
937.12	25.0
1092.2	25.0
1185.28	25.0
1396.96	25.0
1429.44	25.0
989.04	26.0
41.72	26.0
50.56	26.0
55.72	26.0
66.88	26.0
79.04	26.0
111.88	26.0
126.96	26.0
149.44	26.0
159.28	26.0
200.52	26.0
241.64	26.0
316.84	26.0
321.92	26.0
330.2	26.0
350.16	26.0
359.4	26.0
440.28	26.0
445.84	26.0
544.56	26.0
581.88	26.0
617.92	26.0
652.8	26.0
663.72	26.0
683.76	26.0
714.64	26.0
718.36	26.0
730.36	26.0
762.92	26.0
780.8	26.0
795.28	26.0
846.4	26.0
860.28	26.0
885.16	26.0
897.2	26.0
937.24	26.0
953.84	26.0
962.92	26.0
995.8	26.0
1013.84	26.0
1031.92	26.0
1055.56	26.0
1062.76	26.0
1084.0	26.0
1151.6	26.0
1190.76	26.0
1252.44	26.0
1256.64	26.0
1343.64	26.0
1398.52	26.0
1404.52	26.0
1428.4	26.0
1438.32	26.0
365.28	27.0
1214.04	27.0
1255.8	27.0
1292.32	27.0
1393.0	27.0
58.4	28.0
75.72	28.0
157.44	28.0
199.96	28.0
229.84	28.0
281.92	28.0
302.44	28.0
325.2	28.0
378.2	28.0
478.28	28.0
653.32	28.0
696.28	28.0
705.76	28.0
834.04	28.0
896.08	28.0
940.84	28.0
964.72	28.0
1041.92	28.0
1111.44	28.0
1163.68	28.0
1178.92	28.0
1199.84	28.0
1335.72	28.0
1361.84	28.0
1413.36	28.0
1417.4	28.0
1044.0	29.0
1432.6	29.0
44.8	30.0
96.2	30.0
157.0	30.0
205.28	30.0
238.6	30.0
324.16	30.0
328.76	30.0
347.28	30.0
408.6	30.0
436.2	30.0
548.92	30.0
554.36	30.0
634.24	30.0
706.28	30.0
839.16	30.0
904.12	30.0
939.72	30.0
973.44	30.0
1003.72	30.0
1075.76	30.0
1084.48	30.0
1103.52	30.0
1150.4	30.0
1223.52	30.0
1365.6	30.0
1407.32	30.0
346.8	31.0
406.12	31.0
510.56	31.0
57.16	34.0
623.16	34.0
1214.2	34.0
1364.76	34.0
1434.6	34.0
30.04	35.0
36.36	35.0
47.88	35.0
107.56	35.0
151.48	35.0
184.56	35.0
201.12	35.0
207.48	35.0
225.56	35.0
237.28	35.0
270.36	35.0
276.88	35.0
294.4	35.0
302.48	35.0
306.28	35.0
316.24	35.0
331.84	35.0
340.32	35.0
348.84	35.0
370.0	35.0
395.72	35.0
408.32	35.0
438.48	35.0
455.44	35.0
469.08	35.0
475.28	35.0
529.4	35.0
553.2	35.0
596.8	35.0
677.24	35.0
702.72	35.0
707.2	35.0
733.52	35.0
767.88	35.0
783.76	35.0
786.76	35.0
859.4	35.0
866.08	35.0
903.48	35.0
934.76	35.0
940.96	35.0
961.36	35.0
972.8	35.0
1000.04	35.0
1043.56	35.0
1100.76	35.0
1117.44	35.0
1124.76	35.0
1150.64	35.0
1174.76	35.0
1199.04	35.0
1222.36	35.0
1243.56	35.0
1255.04	35.0
1287.32	35.0
1299.24	35.0
1317.92	35.0
1354.48	35.0
1415.76	35.0
1455.08	35.0
6.32	36.0
59.44	36.0
73.12	36.0
141.28	36.0
232.4	36.0
302.44	36.0
323.6	36.0
344.04	36.0
438.44	36.0
471.48	36.0
685.56	36.0
790.76	36.0
865.04	36.0
877.52	36.0
932.6	36.0
937.6	36.0
961.0	36.0
1009.68	36.0
1073.72	36.0
1155.44	36.0
1198.92	36.0
1231.8	36.0
1253.68	36.0
1257.92	36.0
1313.16	36.0
1428.12	36.0
