673.76	1.0
587.92	2.0
23.56	2.0
45.96	2.0
94.24	2.0
127.2	2.0
134.52	2.0
182.08	2.0
208.08	2.0
217.56	2.0
232.24	2.0
293.92	2.0
313.48	2.0
359.44	2.0
361.96	2.0
382.96	2.0
401.76	2.0
404.76	2.0
439.68	2.0
442.24	2.0
482.24	2.0
529.2	2.0
534.8	2.0
597.28	2.0
621.6	2.0
647.0	2.0
649.52	2.0
656.6	2.0
683.52	2.0
715.4	2.0
764.08	2.0
809.36	2.0
841.08	2.0
889.28	2.0
910.76	2.0
915.24	2.0
953.96	2.0
957.24	2.0
985.4	2.0
1095.72	2.0
1115.36	2.0
1154.28	2.0
1201.72	2.0
1243.8	2.0
1261.36	2.0
1295.4	2.0
1317.4	2.0
1389.4	2.0
1399.8	2.0
1425.44	2.0
1431.0	2.0
1448.76	2.0
841.8	3.0
63.0	3.0
124.52	3.0
225.04	3.0
231.96	3.0
312.4	3.0
319.48	3.0
342.36	3.0
364.16	3.0
442.44	3.0
656.72	3.0
683.68	3.0
715.6	3.0
809.52	3.0
957.32	3.0
1009.88	3.0
1033.28	3.0
1115.24	3.0
1137.12	3.0
1163.92	3.0
1213.92	3.0
1227.0	3.0
1253.32	3.0
1261.12	3.0
1290.4	3.0
1348.88	3.0
1404.48	3.0
1425.2	3.0
1189.28	4.0
35.24	4.0
63.32	4.0
107.72	4.0
126.2	4.0
179.48	4.0
262.04	4.0
312.12	4.0
323.4	4.0
345.36	4.0
363.84	4.0
385.0	4.0
402.12	4.0
425.52	4.0
462.36	4.0
482.88	4.0
501.84	4.0
530.68	4.0
547.36	4.0
841.72	4.0
855.52	4.0
880.76	4.0
898.24	4.0
927.76	4.0
1024.52	4.0
1137.12	4.0
1152.12	4.0
1206.6	4.0
1216.96	4.0
1257.68	4.0
1276.88	4.0
1294.24	4.0
1339.72	4.0
1351.72	4.0
1377.08	4.0
1426.8	4.0
1440.76	4.0
1461.0	4.0
414.64	5.0
302.84	6.0
389.44	6.0
529.16	6.0
1244.32	6.0
1312.6	6.0
1417.48	6.0
56.28	7.0
837.76	7.0
306.56	7.0
1110.96	7.0
1199.52	7.0
1219.2	7.0
1255.6	7.0
17.2	8.0
26.04	8.0
208.36	8.0
225.04	8.0
323.88	8.0
367.16	8.0
386.16	8.0
493.6	8.0
673.12	8.0
711.52	8.0
799.72	8.0
826.6	8.0
974.04	8.0
1056.36	8.0
1103.6	8.0
1202.6	8.0
1421.6	8.0
217.44	9.0
294.24	9.0
364.4	9.0
586.84	9.0
741.52	9.0
829.04	9.0
1132.04	9.0
1407.48	9.0
553.04	10.0
1010.44	10.0
87.88	10.0
162.96	10.0
195.44	10.0
308.96	10.0
312.08	10.0
525.04	10.0
613.68	10.0
674.64	10.0
712.56	10.0
752.96	10.0
1034.08	10.0
1243.84	10.0
1351.8	10.0
390.2	11.0
1213.92	11.0
1389.84	11.0
35.4	11.0
90.4	11.0
178.32	11.0
200.24	11.0
213.44	11.0
266.88	11.0
308.96	11.0
312.08	11.0
442.4	11.0
591.84	11.0
650.2	11.0
681.84	11.0
876.72	11.0
914.4	11.0
954.0	11.0
979.4	11.0
1001.36	11.0
1150.04	11.0
1204.56	11.0
1298.76	11.0
1343.4	11.0
1383.52	11.0
109.12	12.0
219.6	12.0
308.96	12.0
311.68	12.0
1037.76	12.0
1153.72	12.0
361.12	13.0
1253.2	13.0
302.72	13.0
1091.24	13.0
1113.2	13.0
1216.68	13.0
366.28	14.0
331.92	14.0
386.0	14.0
721.24	14.0
782.48	14.0
579.56	15.0
1199.56	15.0
90.8	16.0
302.48	16.0
1048.36	16.0
1388.36	16.0
302.48	18.0
553.72	20.0
923.8	20.0
302.64	21.0
1027.36	21.0
308.24	21.0
311.64	21.0
318.2	21.0
322.56	21.0
326.2	21.0
342.32	21.0
363.32	21.0
372.28	21.0
679.96	21.0
799.96	21.0
959.16	21.0
1294.0	21.0
1303.6	21.0
128.44	22.0
131.44	22.0
228.0	22.0
294.32	22.0
310.32	22.0
360.96	22.0
411.72	22.0
460.6	22.0
768.96	22.0
1027.52	22.0
1108.2	22.0
1180.8	22.0
1201.16	22.0
1253.04	22.0
1305.16	22.0
1350.24	22.0
3.12	23.0
24.4	23.0
46.4	23.0
49.92	23.0
85.8	23.0
93.04	23.0
123.48	23.0
127.92	23.0
178.2	23.0
189.56	23.0
205.68	23.0
262.68	23.0
265.28	23.0
309.2	23.0
317.68	23.0
346.16	23.0
359.92	23.0
435.2	23.0
476.4	23.0
479.0	23.0
483.16	23.0
527.2	23.0
539.56	23.0
583.24	23.0
589.92	23.0
651.8	23.0
681.24	23.0
742.4	23.0
759.96	23.0
772.4	23.0
811.4	23.0
819.92	23.0
835.2	23.0
856.8	23.0
861.96	23.0
873.2	23.0
878.6	23.0
1027.0	23.0
1038.28	23.0
1072.76	23.0
1085.92	23.0
1112.6	23.0
1130.44	23.0
1135.4	23.0
1199.4	23.0
1203.08	23.0
1245.64	23.0
1302.12	23.0
1314.48	23.0
1352.88	23.0
1386.96	23.0
1395.44	23.0
1446.28	23.0
1457.52	23.0
67.84	24.0
311.88	24.0
332.64	24.0
335.8	24.0
150.44	25.0
62.92	26.0
118.84	26.0
129.0	26.0
152.8	26.0
195.4	26.0
216.04	26.0
233.64	26.0
254.52	26.0
261.04	26.0
287.04	26.0
311.04	26.0
321.76	26.0
326.2	26.0
336.24	26.0
343.84	26.0
358.48	26.0
369.2	26.0
390.36	26.0
405.6	26.0
422.76	26.0
446.76	26.0
723.28	26.0
771.48	26.0
796.48	26.0
821.12	26.0
853.56	26.0
877.04	26.0
949.2	26.0
1005.44	26.0
1037.04	26.0
1062.88	26.0
1074.6	26.0
1078.52	26.0
1087.68	26.0
1132.6	26.0
1144.48	26.0
1162.4	26.0
1186.36	26.0
1225.76	26.0
1243.48	26.0
1255.2	26.0
1261.0	26.0
1303.4	26.0
1339.12	26.0
1386.12	26.0
1405.56	26.0
1451.12	26.0
1463.8	26.0
385.32	27.0
1304.48	27.0
1415.28	27.0
45.64	28.0
125.44	28.0
176.6	28.0
293.84	28.0
302.44	28.0
307.12	28.0
313.84	28.0
328.84	28.0
363.96	28.0
488.28	28.0
531.64	28.0
604.04	28.0
640.6	28.0
653.8	28.0
677.72	28.0
752.88	28.0
765.92	28.0
890.04	28.0
952.88	28.0
1065.08	28.0
1101.96	28.0
1186.2	28.0
1202.8	28.0
1252.8	28.0
1389.4	28.0
317.4	29.0
63.16	30.0
208.32	30.0
317.0	30.0
363.76	30.0
619.48	30.0
678.24	30.0
712.08	30.0
794.4	30.0
1421.96	30.0
311.44	31.0
259.36	33.0
831.16	33.0
227.96	34.0
265.96	34.0
271.96	34.0
327.2	34.0
492.0	34.0
541.16	34.0
545.32	34.0
614.64	34.0
652.04	34.0
791.52	34.0
1021.48	34.0
1462.88	34.0
1226.72	35.0
8.52	35.0
24.84	35.0
49.68	35.0
57.96	35.0
121.56	35.0
133.84	35.0
140.36	35.0
184.8	35.0
202.96	35.0
250.76	35.0
296.6	35.0
302.6	35.0
306.72	35.0
313.56	35.0
321.36	35.0
332.4	35.0
345.64	35.0
354.44	35.0
367.56	35.0
387.84	35.0
413.36	35.0
423.36	35.0
440.96	35.0
470.6	35.0
614.52	35.0
661.24	35.0
664.28	35.0
682.32	35.0
789.8	35.0
809.48	35.0
830.76	35.0
869.2	35.0
906.96	35.0
923.08	35.0
928.08	35.0
953.72	35.0
972.72	35.0
987.56	35.0
1061.48	35.0
1073.16	35.0
1085.0	35.0
1142.04	35.0
1171.92	35.0
1204.36	35.0
1248.92	35.0
1258.04	35.0
1272.52	35.0
1277.4	35.0
1305.16	35.0
1314.48	35.0
1340.12	35.0
1368.64	35.0
302.44	36.0
