311.44	1.0
329.08	2.0
467.36	2.0
515.44	2.0
314.92	2.0
319.32	2.0
351.8	2.0
363.0	2.0
375.76	2.0
417.16	2.0
464.48	2.0
521.08	2.0
699.24	2.0
763.88	2.0
773.52	2.0
852.0	2.0
360.36	3.0
405.76	3.0
495.64	3.0
2.56	3.0
318.28	3.0
322.68	3.0
331.8	3.0
348.08	3.0
369.72	3.0
386.72	3.0
434.6	3.0
451.92	3.0
472.32	3.0
483.84	3.0
534.6	3.0
570.44	3.0
601.04	3.0
667.44	3.0
699.44	3.0
733.24	3.0
750.92	3.0
763.64	3.0
773.68	3.0
837.04	3.0
691.92	4.0
5.36	4.0
37.72	4.0
316.12	4.0
334.16	4.0
350.16	4.0
360.32	4.0
372.16	4.0
388.4	4.0
407.92	4.0
425.6	4.0
444.28	4.0
454.68	4.0
464.88	4.0
471.56	4.0
495.64	4.0
515.2	4.0
534.2	4.0
553.04	4.0
569.6	4.0
587.72	4.0
600.8	4.0
620.4	4.0
635.92	4.0
648.84	4.0
669.08	4.0
707.8	4.0
717.52	4.0
734.16	4.0
750.56	4.0
766.0	4.0
790.6	4.0
802.68	4.0
817.2	4.0
836.68	4.0
851.52	4.0
890.76	4.0
302.76	5.0
308.68	5.0
315.08	5.0
337.28	5.0
337.64	6.0
389.36	6.0
302.44	6.0
352.84	6.0
424.4	6.0
467.2	6.0
518.52	6.0
645.84	6.0
801.76	6.0
302.6	7.0
315.84	7.0
428.32	7.0
447.72	7.0
576.84	7.0
596.72	7.0
625.56	7.0
319.84	8.0
329.08	8.0
332.36	8.0
335.56	8.0
344.72	8.0
379.56	8.0
424.64	8.0
465.64	8.0
514.36	8.0
533.32	8.0
541.52	8.0
573.12	8.0
698.0	8.0
736.92	8.0
763.08	8.0
867.12	8.0
26.8	9.0
320.2	9.0
560.88	9.0
598.44	9.0
772.52	9.0
308.96	10.0
312.32	10.0
585.48	10.0
388.88	11.0
434.68	11.0
680.84	11.0
22.36	11.0
309.0	11.0
312.04	11.0
321.16	11.0
333.24	11.0
342.2	11.0
348.68	11.0
357.08	11.0
360.32	11.0
375.44	11.0
431.6	11.0
463.0	11.0
477.64	11.0
499.16	11.0
544.64	11.0
617.76	11.0
699.2	11.0
740.4	11.0
860.88	11.0
389.32	12.0
308.96	12.0
311.96	12.0
351.12	12.0
455.52	12.0
557.12	12.0
302.8	13.0
308.92	13.0
318.56	13.0
348.96	13.0
412.44	13.0
540.64	13.0
603.0	13.0
729.84	13.0
315.52	14.0
452.36	14.0
503.32	14.0
735.8	14.0
306.68	15.0
334.56	15.0
782.92	15.0
376.12	16.0
933.04	16.0
302.44	18.0
312.56	18.0
326.36	20.0
479.04	20.0
10.84	21.0
313.04	21.0
319.84	21.0
339.68	21.0
363.0	21.0
374.6	21.0
398.2	21.0
436.24	21.0
452.68	21.0
498.84	21.0
501.36	21.0
521.52	21.0
557.76	21.0
572.76	21.0
577.28	21.0
597.28	21.0
670.48	21.0
701.12	21.0
815.48	21.0
312.44	22.0
325.56	22.0
335.2	22.0
386.08	22.0
422.24	22.0
430.12	22.0
450.88	22.0
487.16	22.0
494.12	22.0
519.92	22.0
537.4	22.0
572.08	22.0
624.88	22.0
655.76	22.0
698.04	22.0
727.92	22.0
758.12	22.0
789.32	22.0
823.88	22.0
901.76	22.0
323.72	23.0
452.08	23.0
302.44	23.0
309.56	23.0
315.44	23.0
318.04	23.0
327.6	23.0
335.52	23.0
345.16	23.0
359.88	23.0
372.56	23.0
379.92	23.0
389.24	23.0
412.52	23.0
432.2	23.0
436.6	23.0
460.52	23.0
499.68	23.0
516.24	23.0
543.2	23.0
628.12	23.0
658.36	23.0
697.76	23.0
721.12	23.0
736.76	23.0
781.12	23.0
846.08	23.0
853.96	23.0
313.8	24.0
349.04	24.0
371.8	24.0
494.48	24.0
702.04	24.0
311.32	25.0
402.88	25.0
621.28	25.0
38.36	26.0
306.36	26.0
311.2	26.0
316.64	26.0
321.52	26.0
332.12	26.0
340.48	26.0
349.4	26.0
359.12	26.0
371.08	26.0
383.68	26.0
392.8	26.0
401.64	26.0
413.88	26.0
429.24	26.0
447.72	26.0
479.04	26.0
495.88	26.0
508.16	26.0
518.56	26.0
539.36	26.0
549.52	26.0
619.36	26.0
650.88	26.0
743.96	26.0
771.84	26.0
812.52	26.0
875.48	26.0
25.92	27.0
448.68	27.0
472.56	27.0
606.32	27.0
672.52	27.0
302.44	28.0
310.72	28.0
315.28	28.0
321.88	28.0
326.84	28.0
332.92	28.0
339.64	28.0
359.6	28.0
381.8	28.0
390.56	28.0
408.4	28.0
470.64	28.0
560.48	28.0
598.04	28.0
681.8	28.0
697.76	28.0
772.12	28.0
306.12	29.0
697.56	29.0
309.68	30.0
319.36	30.0
329.32	30.0
342.64	30.0
359.64	30.0
379.16	30.0
410.96	30.0
482.8	30.0
319.48	31.0
327.4	31.0
346.28	31.0
375.0	31.0
322.16	34.0
378.68	34.0
412.92	34.0
761.28	34.0
306.24	35.0
415.96	35.0
37.08	35.0
309.28	35.0
318.88	35.0
326.08	35.0
337.28	35.0
346.6	35.0
357.4	35.0
372.24	35.0
389.96	35.0
406.68	35.0
422.16	35.0
429.84	35.0
448.88	35.0
451.96	35.0
461.4	35.0
473.72	35.0
485.72	35.0
492.92	35.0
501.0	35.0
512.48	35.0
519.96	35.0
542.16	35.0
574.52	35.0
594.36	35.0
617.4	35.0
657.36	35.0
670.16	35.0
697.52	35.0
711.48	35.0
728.0	35.0
730.64	35.0
737.44	35.0
805.28	35.0
850.92	35.0
866.04	35.0
869.8	35.0
302.48	36.0
307.92	36.0
316.64	36.0
452.64	36.0
