231.84	1.0
302.84	1.0
373.4	1.0
98.08	2.0
110.16	2.0
113.12	2.0
123.44	2.0
158.32	2.0
168.8	2.0
193.88	2.0
203.32	2.0
207.84	2.0
228.28	2.0
243.2	2.0
245.96	2.0
277.16	2.0
290.72	2.0
315.44	2.0
319.24	2.0
500.64	2.0
909.6	2.0
916.44	2.0
933.28	2.0
950.84	2.0
960.96	2.0
964.68	2.0
976.2	2.0
992.56	2.0
1001.32	2.0
1004.08	2.0
1006.6	2.0
1021.56	2.0
1027.68	2.0
1033.0	2.0
1042.4	2.0
1056.6	2.0
1114.28	2.0
1134.8	2.0
1449.8	2.0
1017.64	3.0
112.88	3.0
123.52	3.0
161.08	3.0
194.08	3.0
208.0	3.0
333.4	3.0
379.76	3.0
455.52	3.0
559.64	3.0
909.32	3.0
949.0	3.0
962.4	3.0
983.96	3.0
992.12	3.0
1006.64	3.0
1031.8	3.0
1058.44	3.0
125.72	4.0
156.44	4.0
163.12	4.0
183.76	4.0
194.32	4.0
209.72	4.0
222.44	4.0
240.0	4.0
254.48	4.0
264.36	4.0
287.72	4.0
317.0	4.0
334.24	4.0
345.76	4.0
359.96	4.0
375.88	4.0
399.64	4.0
414.68	4.0
437.92	4.0
455.08	4.0
489.0	4.0
520.56	4.0
539.16	4.0
558.64	4.0
580.12	4.0
623.2	4.0
675.72	4.0
945.64	4.0
965.08	4.0
983.56	4.0
1004.0	4.0
1015.92	4.0
1031.56	4.0
1052.04	4.0
1065.44	4.0
1075.2	4.0
1090.12	4.0
1098.12	4.0
1114.48	4.0
1132.32	4.0
1155.08	4.0
1174.84	4.0
1191.4	4.0
1207.6	4.0
1223.08	4.0
1239.76	4.0
1246.24	4.0
1263.2	4.0
1288.88	4.0
1315.08	4.0
1343.32	4.0
1379.4	4.0
1403.84	4.0
1446.96	4.0
1031.16	5.0
361.84	5.0
999.88	5.0
1062.72	5.0
1097.84	5.0
198.24	6.0
217.76	6.0
265.4	6.0
333.52	6.0
438.48	6.0
458.88	6.0
526.68	6.0
613.72	6.0
947.96	6.0
995.88	6.0
1013.32	6.0
1034.68	6.0
1053.92	6.0
1095.52	6.0
1133.72	6.0
1176.72	6.0
1243.16	6.0
1291.96	6.0
1381.64	6.0
1352.72	7.0
111.04	7.0
457.12	7.0
499.64	7.0
1018.24	7.0
929.28	8.0
26.24	8.0
107.8	8.0
158.84	8.0
194.2	8.0
224.0	8.0
260.48	8.0
361.32	8.0
588.2	8.0
932.28	8.0
958.48	8.0
990.36	8.0
1004.64	8.0
1023.68	8.0
1037.96	8.0
1101.96	8.0
1132.8	8.0
1173.88	8.0
1211.24	8.0
1243.28	8.0
1296.32	8.0
1309.24	8.0
1415.08	8.0
11.88	9.0
112.08	9.0
161.56	9.0
217.64	9.0
316.12	9.0
386.0	9.0
439.16	9.0
941.84	9.0
965.36	9.0
1003.0	9.0
1059.84	9.0
1301.72	9.0
55.88	10.0
113.32	10.0
125.92	10.0
159.4	10.0
309.0	10.0
311.92	10.0
889.92	10.0
989.92	10.0
1003.8	10.0
1033.96	10.0
1055.6	10.0
238.12	11.0
320.24	11.0
504.72	11.0
990.88	11.0
1016.96	11.0
1038.12	11.0
1058.24	11.0
1099.96	11.0
1177.2	11.0
1273.88	11.0
1387.28	11.0
6.08	11.0
107.92	11.0
137.48	11.0
156.28	11.0
158.92	11.0
190.08	11.0
242.28	11.0
255.88	11.0
259.52	11.0
273.2	11.0
291.32	11.0
299.56	11.0
309.0	11.0
311.68	11.0
325.52	11.0
329.2	11.0
355.12	11.0
396.12	11.0
445.24	11.0
501.0	11.0
911.84	11.0
932.16	11.0
946.28	11.0
969.04	11.0
1004.16	11.0
1028.0	11.0
1055.52	11.0
1131.72	11.0
1155.36	11.0
1172.44	11.0
1212.48	11.0
1249.56	11.0
1297.32	11.0
1363.96	11.0
934.2	12.0
309.0	12.0
311.68	12.0
362.72	12.0
996.48	12.0
1018.04	12.0
342.12	13.0
1033.4	13.0
141.24	13.0
302.6	13.0
308.8	13.0
335.4	13.0
957.32	13.0
986.6	14.0
153.88	14.0
159.04	14.0
164.72	14.0
184.24	14.0
236.12	14.0
290.56	14.0
302.96	14.0
326.76	14.0
1003.24	14.0
1016.52	14.0
125.52	15.0
969.36	15.0
193.44	16.0
221.96	16.0
302.52	16.0
599.4	16.0
1073.4	16.0
911.2	17.0
302.48	18.0
1036.0	18.0
303.0	19.0
166.68	20.0
302.44	20.0
1038.48	20.0
302.68	21.0
309.44	21.0
259.2	21.0
326.8	21.0
495.04	21.0
546.12	21.0
592.44	21.0
1000.48	21.0
1003.84	21.0
1015.52	21.0
1036.88	21.0
1075.32	21.0
1138.76	21.0
1246.44	21.0
1292.84	21.0
1382.16	21.0
1413.88	21.0
88.84	22.0
132.0	22.0
166.76	22.0
180.8	22.0
204.12	22.0
210.4	22.0
256.84	22.0
290.08	22.0
311.24	22.0
330.28	22.0
371.84	22.0
395.08	22.0
472.04	22.0
518.16	22.0
623.28	22.0
665.2	22.0
930.6	22.0
973.08	22.0
981.28	22.0
1015.28	22.0
1039.32	22.0
1050.2	22.0
1072.68	22.0
1096.36	22.0
1115.92	22.0
1136.76	22.0
1264.36	22.0
1288.12	22.0
1339.44	22.0
1381.16	22.0
302.64	23.0
1012.64	23.0
57.84	23.0
99.2	23.0
112.4	23.0
134.92	23.0
138.48	23.0
158.64	23.0
163.92	23.0
176.12	23.0
198.4	23.0
210.6	23.0
226.4	23.0
241.24	23.0
258.96	23.0
274.56	23.0
311.04	23.0
327.92	23.0
356.92	23.0
374.24	23.0
410.28	23.0
469.76	23.0
521.28	23.0
626.08	23.0
902.0	23.0
934.04	23.0
950.36	23.0
960.6	23.0
969.4	23.0
975.48	23.0
978.84	23.0
999.2	23.0
1001.88	23.0
1015.44	23.0
1033.88	23.0
1037.92	23.0
1051.6	23.0
1077.6	23.0
1118.08	23.0
1178.4	23.0
1302.88	23.0
1306.28	23.0
1310.2	23.0
1384.16	23.0
1450.44	23.0
161.76	24.0
270.56	24.0
316.56	24.0
340.8	24.0
971.04	24.0
1002.6	24.0
1035.64	24.0
1074.96	24.0
8.8	25.0
84.92	25.0
189.92	25.0
235.92	25.0
357.84	25.0
426.24	25.0
982.72	25.0
1017.28	25.0
1302.48	26.0
20.28	26.0
87.8	26.0
125.64	26.0
163.88	26.0
175.92	26.0
189.6	26.0
192.36	26.0
208.64	26.0
228.56	26.0
236.28	26.0
270.24	26.0
273.4	26.0
285.88	26.0
310.8	26.0
317.76	26.0
327.76	26.0
338.0	26.0
344.32	26.0
365.08	26.0
370.08	26.0
402.12	26.0
404.72	26.0
446.6	26.0
460.36	26.0
470.72	26.0
501.68	26.0
623.04	26.0
747.6	26.0
873.88	26.0
957.2	26.0
972.88	26.0
987.24	26.0
990.24	26.0
999.64	26.0
1003.68	26.0
1016.4	26.0
1034.96	26.0
1039.12	26.0
1050.44	26.0
1053.36	26.0
1058.0	26.0
1079.32	26.0
1085.76	26.0
1094.8	26.0
1099.28	26.0
1137.48	26.0
1176.68	26.0
1181.16	26.0
1225.36	26.0
1321.68	26.0
1055.72	27.0
397.16	27.0
498.48	27.0
1029.0	27.0
1131.56	27.0
1144.44	27.0
291.32	28.0
11.52	28.0
134.84	28.0
217.28	28.0
226.52	28.0
302.44	28.0
324.24	28.0
329.52	28.0
332.56	28.0
385.64	28.0
401.96	28.0
414.64	28.0
438.8	28.0
894.48	28.0
908.52	28.0
950.36	28.0
965.0	28.0
975.08	28.0
979.84	28.0
982.52	28.0
994.48	28.0
999.12	28.0
1002.64	28.0
1007.64	28.0
1039.72	28.0
1059.52	28.0
1134.72	28.0
1212.56	28.0
162.04	29.0
43.4	30.0
133.72	30.0
142.12	30.0
165.08	30.0
198.12	30.0
251.2	30.0
320.64	30.0
932.36	30.0
956.32	30.0
980.44	30.0
997.0	30.0
1015.4	30.0
1035.96	30.0
1059.6	30.0
1095.4	30.0
1186.96	30.0
1401.8	30.0
112.96	31.0
302.68	31.0
331.0	31.0
986.16	31.0
1022.92	31.0
1041.44	31.0
159.4	34.0
275.2	34.0
302.84	34.0
969.16	34.0
1001.12	34.0
1017.68	34.0
1300.92	34.0
1037.04	35.0
28.24	35.0
60.04	35.0
114.16	35.0
143.6	35.0
160.0	35.0
163.68	35.0
168.12	35.0
172.04	35.0
191.04	35.0
205.64	35.0
216.2	35.0
227.76	35.0
237.88	35.0
243.16	35.0
257.88	35.0
270.96	35.0
289.48	35.0
302.48	35.0
306.92	35.0
316.2	35.0
327.4	35.0
342.48	35.0
345.68	35.0
352.76	35.0
372.96	35.0
403.72	35.0
418.32	35.0
425.24	35.0
444.4	35.0
464.32	35.0
471.88	35.0
483.48	35.0
496.72	35.0
519.56	35.0
523.24	35.0
589.2	35.0
623.28	35.0
645.88	35.0
949.08	35.0
960.2	35.0
970.64	35.0
985.04	35.0
987.56	35.0
997.88	35.0
1013.24	35.0
1018.24	35.0
1028.6	35.0
1031.12	35.0
1034.36	35.0
1060.12	35.0
1073.84	35.0
1086.8	35.0
1097.2	35.0
1101.96	35.0
1118.56	35.0
1123.2	35.0
1139.64	35.0
1157.68	35.0
1161.24	35.0
1179.2	35.0
1184.76	35.0
1205.12	35.0
1223.04	35.0
1232.52	35.0
1244.04	35.0
1290.72	35.0
1309.4	35.0
1318.96	35.0
1322.52	35.0
1341.12	35.0
1365.44	35.0
1380.44	35.0
1415.32	35.0
1422.6	35.0
94.0	36.0
149.56	36.0
191.48	36.0
216.56	36.0
584.0	36.0
949.44	36.0
983.48	36.0
998.92	36.0
1450.24	36.0
