210.32	1.0
243.56	1.0
302.84	1.0
134.76	2.0
9.0	2.0
42.52	2.0
60.24	2.0
71.84	2.0
95.76	2.0
119.08	2.0
164.52	2.0
185.76	2.0
202.16	2.0
214.76	2.0
240.88	2.0
266.44	2.0
291.36	2.0
294.04	2.0
316.12	2.0
337.08	2.0
347.16	2.0
379.44	2.0
397.24	2.0
399.92	2.0
430.64	2.0
490.72	2.0
524.52	2.0
532.76	2.0
557.88	2.0
568.92	2.0
592.04	2.0
640.44	2.0
660.72	2.0
685.12	2.0
687.68	2.0
719.12	2.0
733.48	2.0
757.72	2.0
760.56	2.0
778.76	2.0
843.56	2.0
875.32	2.0
878.32	2.0
927.32	2.0
990.8	2.0
1005.4	2.0
1038.88	2.0
1043.24	2.0
1106.16	2.0
1133.56	2.0
1137.12	2.0
1140.84	2.0
1153.4	2.0
1176.56	2.0
1257.24	2.0
1262.0	2.0
1264.72	2.0
1290.0	2.0
1294.36	2.0
1310.72	2.0
1354.28	2.0
119.56	3.0
810.8	3.0
844.08	3.0
1234.6	3.0
138.6	3.0
187.72	3.0
190.68	3.0
202.36	3.0
266.4	3.0
291.24	3.0
311.84	3.0
329.72	3.0
349.6	3.0
379.52	3.0
430.48	3.0
499.24	3.0
592.2	3.0
614.84	3.0
640.6	3.0
660.24	3.0
687.56	3.0
718.88	3.0
778.92	3.0
807.88	3.0
875.56	3.0
895.12	3.0
927.48	3.0
988.6	3.0
1106.28	3.0
1133.68	3.0
1153.52	3.0
1297.28	3.0
1354.44	3.0
572.6	4.0
85.6	4.0
236.6	4.0
266.68	4.0
286.32	4.0
290.92	4.0
352.12	4.0
655.28	4.0
799.44	4.0
897.48	4.0
934.88	4.0
972.96	4.0
1075.84	4.0
1254.32	4.0
95.48	5.0
13.64	6.0
80.08	6.0
288.24	6.0
391.72	6.0
659.96	6.0
690.88	6.0
847.28	6.0
894.8	6.0
72.92	7.0
185.96	7.0
239.96	7.0
539.56	7.0
295.28	7.0
897.92	7.0
212.8	8.0
302.44	8.0
353.32	8.0
587.44	8.0
639.4	8.0
997.88	8.0
1006.56	8.0
1103.0	8.0
1253.08	8.0
1289.84	8.0
46.72	9.0
61.28	9.0
120.96	9.0
216.48	9.0
446.4	9.0
502.2	9.0
641.48	9.0
670.72	9.0
779.4	9.0
813.2	9.0
927.52	9.0
985.2	9.0
1183.2	9.0
1241.4	9.0
88.04	10.0
237.44	10.0
308.96	10.0
311.52	10.0
392.32	10.0
592.68	10.0
612.88	10.0
657.12	10.0
684.92	10.0
800.68	10.0
840.92	10.0
921.52	10.0
968.16	10.0
991.6	10.0
1103.16	10.0
1154.16	10.0
1251.44	10.0
1333.64	10.0
185.64	11.0
291.28	11.0
352.48	11.0
42.2	11.0
85.36	11.0
105.6	11.0
128.64	11.0
136.68	11.0
165.68	11.0
238.44	11.0
264.64	11.0
308.96	11.0
311.88	11.0
416.0	11.0
429.44	11.0
489.12	11.0
501.2	11.0
523.16	11.0
568.64	11.0
606.36	11.0
652.24	11.0
656.96	11.0
684.76	11.0
734.44	11.0
758.32	11.0
806.44	11.0
839.4	11.0
842.64	11.0
872.04	11.0
876.28	11.0
929.24	11.0
988.64	11.0
1029.68	11.0
1043.36	11.0
1069.08	11.0
1126.08	11.0
1150.08	11.0
1174.24	11.0
1204.96	11.0
1223.92	11.0
1251.12	11.0
1354.8	11.0
308.96	12.0
311.96	12.0
352.56	12.0
792.24	12.0
976.72	12.0
16.44	13.0
123.4	13.0
166.4	13.0
302.6	13.0
308.48	13.0
1044.84	13.0
1184.52	13.0
1310.6	13.0
895.28	14.0
97.04	14.0
241.24	14.0
655.84	14.0
873.48	14.0
993.32	14.0
1127.84	14.0
1226.2	14.0
1020.44	16.0
719.76	19.0
325.12	20.0
761.48	20.0
239.64	20.0
523.56	20.0
614.84	20.0
14.84	21.0
18.84	21.0
59.44	21.0
76.16	21.0
91.4	21.0
114.52	21.0
156.08	21.0
191.68	21.0
214.64	21.0
264.16	21.0
266.92	21.0
307.68	21.0
319.8	21.0
331.28	21.0
347.56	21.0
372.56	21.0
394.76	21.0
432.96	21.0
465.4	21.0
569.68	21.0
615.28	21.0
765.2	21.0
772.92	21.0
873.16	21.0
876.52	21.0
991.4	21.0
1002.76	21.0
1291.56	21.0
917.88	22.0
1285.56	22.0
56.4	22.0
160.04	22.0
268.12	22.0
607.44	22.0
684.84	22.0
987.8	22.0
1097.24	22.0
1227.96	22.0
151.32	23.0
302.72	23.0
11.44	23.0
71.8	23.0
77.16	23.0
168.0	23.0
189.52	23.0
211.92	23.0
216.56	23.0
270.16	23.0
308.84	23.0
323.24	23.0
523.8	23.0
612.72	23.0
666.88	23.0
683.2	23.0
750.52	23.0
761.88	23.0
769.08	23.0
812.12	23.0
867.92	23.0
872.04	23.0
919.88	23.0
973.76	23.0
976.32	23.0
988.0	23.0
1063.12	23.0
1110.96	23.0
1185.92	23.0
1213.4	23.0
1242.16	23.0
1277.0	23.0
1289.96	23.0
1305.04	23.0
55.44	24.0
316.36	24.0
104.8	25.0
236.6	25.0
302.44	25.0
448.52	25.0
559.84	25.0
736.24	25.0
869.32	25.0
1133.48	25.0
12.08	26.0
28.96	26.0
50.96	26.0
65.6	26.0
69.76	26.0
90.76	26.0
107.12	26.0
129.44	26.0
134.92	26.0
161.8	26.0
167.16	26.0
185.04	26.0
187.84	26.0
194.76	26.0
209.4	26.0
214.52	26.0
227.84	26.0
238.2	26.0
257.12	26.0
263.04	26.0
272.32	26.0
282.52	26.0
296.04	26.0
311.32	26.0
320.76	26.0
327.8	26.0
338.84	26.0
343.12	26.0
358.64	26.0
376.84	26.0
403.8	26.0
420.24	26.0
455.68	26.0
479.68	26.0
494.72	26.0
521.56	26.0
562.64	26.0
565.6	26.0
572.56	26.0
584.84	26.0
597.04	26.0
601.48	26.0
605.4	26.0
621.24	26.0
630.76	26.0
637.48	26.0
660.28	26.0
675.6	26.0
683.8	26.0
692.8	26.0
714.84	26.0
738.0	26.0
770.2	26.0
785.76	26.0
796.44	26.0
809.04	26.0
831.16	26.0
855.48	26.0
875.36	26.0
894.16	26.0
896.84	26.0
920.28	26.0
932.44	26.0
951.68	26.0
965.2	26.0
976.08	26.0
991.16	26.0
993.68	26.0
1013.96	26.0
1016.84	26.0
1038.28	26.0
1055.72	26.0
1064.0	26.0
1076.76	26.0
1100.64	26.0
1115.68	26.0
1126.84	26.0
1131.96	26.0
1148.0	26.0
1178.6	26.0
1194.0	26.0
1203.16	26.0
1212.36	26.0
1217.88	26.0
1239.84	26.0
1259.96	26.0
1280.32	26.0
1302.44	26.0
1320.52	26.0
1331.68	26.0
1345.12	26.0
1353.04	26.0
323.48	27.0
872.32	27.0
73.68	27.0
423.4	27.0
299.04	28.0
309.2	28.0
6.88	28.0
31.64	28.0
46.36	28.0
60.88	28.0
72.8	28.0
92.6	28.0
105.68	28.0
120.6	28.0
151.56	28.0
189.12	28.0
216.12	28.0
238.84	28.0
257.88	28.0
271.12	28.0
302.44	28.0
306.24	28.0
339.96	28.0
404.32	28.0
446.04	28.0
511.6	28.0
531.72	28.0
558.12	28.0
591.68	28.0
617.64	28.0
632.96	28.0
670.36	28.0
745.88	28.0
770.32	28.0
843.76	28.0
878.6	28.0
945.76	28.0
984.88	28.0
1044.32	28.0
1073.68	28.0
1131.88	28.0
1182.84	28.0
1214.48	28.0
1236.4	28.0
1241.04	28.0
1277.28	28.0
1294.2	28.0
1311.68	28.0
640.84	29.0
1182.64	29.0
90.96	30.0
185.24	30.0
190.64	30.0
239.32	30.0
291.84	30.0
318.36	30.0
337.04	30.0
453.96	30.0
465.8	30.0
491.08	30.0
587.08	30.0
655.72	30.0
689.0	30.0
755.36	30.0
771.48	30.0
812.12	30.0
878.2	30.0
972.12	30.0
998.56	30.0
1103.36	30.0
1130.84	30.0
1231.28	30.0
1304.6	30.0
1314.84	30.0
1341.32	30.0
1353.28	30.0
59.88	31.0
138.8	31.0
192.4	31.0
394.24	31.0
620.36	31.0
688.12	31.0
811.6	31.0
878.48	31.0
994.68	31.0
1044.72	31.0
1130.76	31.0
1173.2	31.0
1308.2	31.0
1353.36	31.0
302.72	32.0
762.4	33.0
14.64	34.0
190.64	34.0
246.16	34.0
616.8	34.0
765.64	34.0
850.92	34.0
784.92	35.0
8.48	35.0
21.8	35.0
39.72	35.0
52.44	35.0
60.56	35.0
74.48	35.0
90.6	35.0
128.72	35.0
136.36	35.0
148.6	35.0
167.48	35.0
187.72	35.0
215.96	35.0
220.44	35.0
236.92	35.0
268.8	35.0
290.36	35.0
307.08	35.0
317.92	35.0
350.08	35.0
397.04	35.0
454.72	35.0
490.84	35.0
532.12	35.0
571.32	35.0
574.12	35.0
576.8	35.0
615.32	35.0
645.04	35.0
666.32	35.0
683.36	35.0
720.2	35.0
752.76	35.0
767.64	35.0
810.56	35.0
859.8	35.0
895.28	35.0
925.44	35.0
961.52	35.0
1008.2	35.0
1015.24	35.0
1033.72	35.0
1046.6	35.0
1068.72	35.0
1079.44	35.0
1137.44	35.0
1191.88	35.0
1225.2	35.0
1249.76	35.0
1290.4	35.0
1334.2	35.0
1336.96	35.0
23.48	36.0
116.44	36.0
270.28	36.0
494.24	36.0
523.16	36.0
581.12	36.0
655.44	36.0
834.0	36.0
1129.12	36.0
1272.28	36.0
