17.0	1.0
4.12	2.0
12.76	2.0
16.72	2.0
20.36	2.0
27.88	2.0
33.0	2.0
37.96	2.0
41.2	2.0
45.16	2.0
49.68	2.0
56.84	2.0
61.96	2.0
64.6	2.0
70.52	2.0
78.68	2.0
81.8	2.0
88.12	2.0
106.52	2.0
121.96	2.0
135.84	2.0
143.48	2.0
153.76	2.0
159.92	2.0
163.48	2.0
176.56	2.0
189.8	2.0
203.24	2.0
208.64	2.0
214.2	2.0
225.8	2.0
233.04	2.0
236.28	2.0
249.48	2.0
252.04	2.0
265.6	2.0
278.08	2.0
280.88	2.0
294.64	2.0
298.32	2.0
313.92	2.0
342.48	2.0
365.96	2.0
387.2	2.0
402.6	2.0
419.24	2.0
432.92	2.0
442.32	2.0
464.44	2.0
475.84	2.0
479.08	2.0
573.08	2.0
575.72	2.0
652.52	2.0
688.28	2.0
738.88	2.0
753.52	2.0
768.64	2.0
780.44	2.0
829.12	2.0
905.2	2.0
973.28	2.0
991.96	2.0
994.92	2.0
1028.52	2.0
1031.28	2.0
1059.52	2.0
1066.24	2.0
1086.28	2.0
1090.12	2.0
1125.04	2.0
1134.76	2.0
1163.0	2.0
1165.52	2.0
1201.96	2.0
1278.12	2.0
1308.16	2.0
1381.36	2.0
64.64	3.0
100.0	3.0
1219.96	3.0
3.56	3.0
10.12	3.0
21.96	3.0
25.68	3.0
35.48	3.0
44.76	3.0
51.68	3.0
54.2	3.0
76.12	3.0
116.0	3.0
123.56	3.0
146.64	3.0
161.92	3.0
187.64	3.0
227.52	3.0
318.28	3.0
449.52	3.0
577.8	3.0
647.24	3.0
652.72	3.0
693.68	3.0
729.4	3.0
770.0	3.0
806.28	3.0
971.4	3.0
1002.12	3.0
1009.56	3.0
1072.36	3.0
1113.68	3.0
1133.96	3.0
1141.12	3.0
1196.0	3.0
1249.52	3.0
842.96	4.0
1041.08	4.0
24.2	4.0
36.4	4.0
43.76	4.0
52.72	4.0
63.28	4.0
75.12	4.0
78.24	4.0
91.84	4.0
101.92	4.0
115.72	4.0
132.24	4.0
149.4	4.0
162.84	4.0
207.48	4.0
223.16	4.0
241.56	4.0
256.64	4.0
281.08	4.0
318.56	4.0
334.68	4.0
354.68	4.0
389.52	4.0
410.4	4.0
455.48	4.0
510.44	4.0
561.88	4.0
582.68	4.0
601.92	4.0
624.48	4.0
657.56	4.0
730.36	4.0
748.52	4.0
766.96	4.0
808.88	4.0
822.72	4.0
847.04	4.0
878.24	4.0
894.88	4.0
918.84	4.0
931.68	4.0
949.44	4.0
962.4	4.0
1003.76	4.0
1027.96	4.0
1054.12	4.0
1120.4	4.0
1172.2	4.0
1195.64	4.0
1214.76	4.0
1235.76	4.0
1252.84	4.0
1310.16	4.0
1371.12	4.0
40.08	5.0
46.16	5.0
65.84	5.0
73.16	5.0
221.96	5.0
241.92	5.0
3.68	6.0
22.72	6.0
37.04	6.0
56.68	6.0
85.16	6.0
151.36	6.0
157.44	6.0
206.04	6.0
255.8	6.0
269.88	6.0
337.44	6.0
408.2	6.0
476.16	6.0
529.88	6.0
580.16	6.0
621.92	6.0
681.52	6.0
740.0	6.0
822.4	6.0
896.24	6.0
1005.12	6.0
1051.16	6.0
1069.04	6.0
1124.6	6.0
1173.84	6.0
1217.92	6.0
1294.16	6.0
1255.96	7.0
37.48	7.0
89.84	7.0
137.76	7.0
256.36	7.0
804.44	7.0
922.36	7.0
1366.52	7.0
6.28	8.0
24.44	8.0
28.32	8.0
37.68	8.0
45.16	8.0
86.04	8.0
111.32	8.0
135.92	8.0
190.4	8.0
225.16	8.0
239.68	8.0
266.84	8.0
334.2	8.0
577.96	8.0
615.6	8.0
649.72	8.0
753.8	8.0
826.8	8.0
871.8	8.0
1038.16	8.0
1074.4	8.0
1172.96	8.0
1215.04	8.0
1236.52	8.0
1386.52	8.0
16.72	9.0
22.08	9.0
53.56	9.0
602.96	9.0
37.32	10.0
119.92	10.0
310.0	10.0
373.4	10.0
399.56	10.0
432.56	10.0
753.12	10.0
1389.0	10.0
3.96	10.0
9.88	10.0
14.32	10.0
17.24	10.0
28.32	10.0
32.28	10.0
45.12	10.0
65.48	10.0
88.2	10.0
123.96	10.0
280.44	10.0
315.72	10.0
477.6	10.0
1028.28	10.0
1121.52	10.0
1161.88	10.0
1187.68	10.0
36.36	11.0
44.8	11.0
70.4	11.0
795.72	11.0
1201.56	11.0
1355.0	11.0
3.44	11.0
6.2	11.0
10.52	11.0
15.0	11.0
24.68	11.0
28.12	11.0
32.28	11.0
65.24	11.0
193.04	11.0
282.56	11.0
297.24	11.0
308.96	11.0
311.92	11.0
750.92	11.0
829.84	11.0
855.72	11.0
953.52	11.0
1030.12	11.0
1102.04	11.0
1138.08	11.0
1161.6	11.0
1176.56	11.0
52.48	12.0
3.56	12.0
25.8	12.0
94.48	12.0
308.96	12.0
311.76	12.0
1222.68	12.0
63.16	13.0
32.12	13.0
54.24	13.0
257.76	13.0
282.32	13.0
292.36	13.0
302.56	13.0
1030.36	13.0
317.96	14.0
1159.88	14.0
16.0	14.0
23.6	14.0
41.12	14.0
91.72	14.0
107.04	14.0
771.2	14.0
1066.48	14.0
1220.6	14.0
1370.64	14.0
29.24	15.0
41.04	15.0
88.2	15.0
135.76	15.0
183.76	15.0
208.04	15.0
316.64	15.0
54.8	16.0
72.2	16.0
88.44	16.0
122.72	16.0
150.0	16.0
188.28	16.0
226.12	16.0
242.28	16.0
264.28	16.0
320.16	16.0
401.24	16.0
544.28	16.0
713.48	16.0
821.32	16.0
892.12	16.0
932.64	16.0
969.0	16.0
1016.68	16.0
1063.96	16.0
1358.36	16.0
302.52	17.0
67.4	19.0
46.84	20.0
302.44	20.0
9.08	21.0
302.48	21.0
4.44	21.0
12.48	21.0
26.68	21.0
36.24	21.0
42.96	21.0
47.16	21.0
55.56	21.0
65.56	21.0
78.32	21.0
85.24	21.0
101.56	21.0
124.72	21.0
163.64	21.0
190.72	21.0
211.72	21.0
229.2	21.0
245.04	21.0
270.52	21.0
284.52	21.0
288.6	21.0
317.36	21.0
335.4	21.0
352.68	21.0
368.84	21.0
373.56	21.0
398.4	21.0
414.24	21.0
431.4	21.0
454.2	21.0
473.36	21.0
495.0	21.0
511.56	21.0
526.84	21.0
545.24	21.0
577.04	21.0
583.84	21.0
625.6	21.0
702.68	21.0
738.08	21.0
773.36	21.0
787.68	21.0
827.44	21.0
903.8	21.0
982.56	21.0
1004.64	21.0
1027.52	21.0
1074.92	21.0
1086.96	21.0
1127.6	21.0
1172.64	21.0
1189.6	21.0
1213.56	21.0
1219.84	21.0
1237.76	21.0
1256.44	21.0
1267.8	21.0
1294.68	21.0
1342.16	21.0
1377.88	21.0
14.04	22.0
24.72	22.0
31.84	22.0
63.08	22.0
85.8	22.0
129.48	22.0
149.4	22.0
225.8	22.0
298.24	22.0
346.28	22.0
496.0	22.0
579.28	22.0
601.44	22.0
646.24	22.0
676.24	22.0
687.64	22.0
895.72	22.0
1101.6	22.0
1195.0	22.0
1211.64	22.0
1253.28	22.0
1329.76	22.0
19.8	23.0
40.96	23.0
182.76	23.0
249.4	23.0
14.44	23.0
24.96	23.0
28.24	23.0
32.76	23.0
53.88	23.0
63.16	23.0
112.2	23.0
138.92	23.0
149.64	23.0
169.56	23.0
174.12	23.0
243.08	23.0
280.64	23.0
295.92	23.0
477.2	23.0
496.84	23.0
690.72	23.0
729.64	23.0
733.8	23.0
806.6	23.0
895.84	23.0
1006.28	23.0
1128.16	23.0
1168.04	23.0
1197.44	23.0
1219.52	23.0
1255.48	23.0
1276.4	23.0
1318.2	23.0
1344.12	23.0
62.92	24.0
25.56	24.0
41.72	24.0
50.12	24.0
71.16	24.0
87.64	24.0
15.56	25.0
23.52	25.0
33.44	25.0
51.6	25.0
69.8	25.0
302.48	25.0
20.96	26.0
14.72	26.0
25.84	26.0
32.4	26.0
35.76	26.0
38.72	26.0
43.48	26.0
48.0	26.0
51.24	26.0
61.0	26.0
68.68	26.0
75.76	26.0
82.48	26.0
89.56	26.0
99.96	26.0
105.56	26.0
115.56	26.0
134.32	26.0
150.04	26.0
161.32	26.0
186.76	26.0
259.4	26.0
282.04	26.0
285.4	26.0
310.48	26.0
316.68	26.0
325.64	26.0
356.68	26.0
392.64	26.0
409.88	26.0
432.64	26.0
439.64	26.0
452.52	26.0
455.16	26.0
474.16	26.0
476.68	26.0
497.88	26.0
541.8	26.0
563.6	26.0
610.84	26.0
630.36	26.0
662.44	26.0
709.08	26.0
744.0	26.0
763.84	26.0
772.72	26.0
786.84	26.0
821.08	26.0
860.2	26.0
863.52	26.0
896.56	26.0
929.72	26.0
959.76	26.0
1001.64	26.0
1024.0	26.0
1046.4	26.0
1072.44	26.0
1087.8	26.0
1102.64	26.0
1162.56	26.0
1189.72	26.0
1218.68	26.0
1228.6	26.0
1246.68	26.0
1255.48	26.0
1275.64	26.0
1281.2	26.0
1309.0	26.0
1320.92	26.0
1341.84	26.0
1372.92	26.0
1377.36	26.0
62.88	27.0
13.72	27.0
51.92	27.0
110.76	27.0
186.48	27.0
242.04	27.0
455.72	27.0
981.0	27.0
1124.76	27.0
2.92	28.0
32.96	28.0
302.64	28.0
5.44	28.0
11.52	28.0
16.4	28.0
21.68	28.0
28.24	28.0
35.8	28.0
41.76	28.0
45.48	28.0
53.96	28.0
65.48	28.0
68.4	28.0
77.32	28.0
80.44	28.0
111.12	28.0
125.56	28.0
146.64	28.0
187.04	28.0
207.12	28.0
243.88	28.0
261.4	28.0
298.16	28.0
320.92	28.0
356.52	28.0
373.92	28.0
393.12	28.0
435.56	28.0
460.28	28.0
479.88	28.0
565.04	28.0
575.64	28.0
645.6	28.0
833.6	28.0
922.68	28.0
982.24	28.0
1050.6	28.0
1076.76	28.0
1114.8	28.0
1280.64	28.0
1289.24	28.0
28.84	29.0
43.24	29.0
47.72	29.0
237.36	29.0
261.2	29.0
281.28	29.0
302.6	29.0
5.88	30.0
13.08	30.0
27.72	30.0
36.8	30.0
46.68	30.0
55.16	30.0
65.16	30.0
79.48	30.0
89.32	30.0
102.8	30.0
119.88	30.0
206.84	30.0
322.48	30.0
356.04	30.0
397.44	30.0
437.2	30.0
456.96	30.0
535.92	30.0
542.68	30.0
561.56	30.0
578.08	30.0
598.96	30.0
676.36	30.0
731.44	30.0
748.48	30.0
774.8	30.0
787.64	30.0
825.4	30.0
892.2	30.0
899.56	30.0
925.92	30.0
979.56	30.0
987.8	30.0
1005.44	30.0
1073.48	30.0
1117.4	30.0
1127.4	30.0
1149.92	30.0
1166.84	30.0
1218.72	30.0
1259.36	30.0
1283.04	30.0
1340.36	30.0
1344.8	30.0
1371.12	30.0
1376.44	30.0
1389.28	30.0
9.28	31.0
30.92	31.0
45.84	31.0
63.24	31.0
110.28	31.0
171.24	31.0
317.04	31.0
375.08	31.0
432.44	31.0
600.08	31.0
774.32	31.0
1073.88	31.0
1201.36	31.0
1284.84	31.0
1358.04	33.0
70.44	34.0
23.2	34.0
26.88	34.0
35.88	34.0
46.08	34.0
54.2	34.0
66.2	34.0
77.72	34.0
88.6	34.0
111.68	34.0
133.92	34.0
150.08	34.0
184.32	34.0
212.56	34.0
260.72	34.0
302.92	34.0
318.08	34.0
341.72	34.0
369.76	34.0
422.72	34.0
860.44	34.0
1172.0	34.0
1198.76	34.0
17.2	35.0
24.88	35.0
29.92	35.0
33.2	35.0
36.2	35.0
43.08	35.0
47.16	35.0
51.96	35.0
55.44	35.0
59.64	35.0
62.72	35.0
66.12	35.0
71.8	35.0
77.64	35.0
82.6	35.0
87.84	35.0
93.8	35.0
102.8	35.0
113.72	35.0
119.44	35.0
150.08	35.0
178.12	35.0
208.76	35.0
242.92	35.0
268.72	35.0
278.6	35.0
285.16	35.0
296.24	35.0
302.92	35.0
306.96	35.0
313.48	35.0
323.36	35.0
339.28	35.0
368.12	35.0
376.84	35.0
409.24	35.0
428.04	35.0
431.96	35.0
434.72	35.0
441.44	35.0
476.08	35.0
544.28	35.0
566.72	35.0
590.96	35.0
602.08	35.0
616.48	35.0
627.2	35.0
633.2	35.0
709.04	35.0
743.48	35.0
762.6	35.0
839.64	35.0
863.04	35.0
900.68	35.0
914.4	35.0
931.12	35.0
960.12	35.0
984.2	35.0
1005.76	35.0
1021.84	35.0
1025.28	35.0
1041.28	35.0
1102.36	35.0
1117.56	35.0
1167.2	35.0
1214.6	35.0
1237.12	35.0
1255.52	35.0
1277.0	35.0
1296.64	35.0
51.76	36.0
454.28	36.0
21.72	36.0
28.52	36.0
37.88	36.0
62.0	36.0
68.36	36.0
96.28	36.0
123.52	36.0
132.68	36.0
149.68	36.0
167.24	36.0
206.2	36.0
253.84	36.0
302.44	36.0
388.32	36.0
434.6	36.0
469.24	36.0
525.44	36.0
558.48	36.0
610.44	36.0
738.64	36.0
775.44	36.0
851.72	36.0
998.72	36.0
1124.32	36.0
1140.28	36.0
1170.2	36.0
1313.72	36.0
