373.72	1.0
1298.28	1.0
76.08	1.0
302.44	1.0
322.28	1.0
446.4	1.0
1244.52	1.0
311.2	2.0
327.44	2.0
21.64	2.0
61.08	2.0
70.04	2.0
143.96	2.0
168.08	2.0
212.12	2.0
251.04	2.0
318.16	2.0
321.16	2.0
324.64	2.0
331.96	2.0
337.92	2.0
343.2	2.0
361.16	2.0
369.2	2.0
833.76	2.0
852.2	2.0
875.24	2.0
1154.76	2.0
1185.76	2.0
1275.08	2.0
1332.44	2.0
333.4	3.0
336.96	3.0
3.04	3.0
98.52	3.0
124.32	3.0
157.56	3.0
192.28	3.0
238.28	3.0
311.64	3.0
314.28	3.0
316.92	3.0
350.68	3.0
400.0	3.0
833.2	3.0
869.6	3.0
875.0	3.0
979.56	3.0
1107.12	3.0
1194.56	3.0
1278.96	3.0
1284.4	3.0
76.56	4.0
122.12	4.0
203.16	4.0
328.28	4.0
835.08	4.0
871.48	4.0
931.24	4.0
1311.04	4.0
1294.72	5.0
310.72	5.0
317.4	5.0
328.08	5.0
330.92	5.0
333.64	5.0
1311.4	5.0
324.6	6.0
323.88	7.0
330.88	7.0
386.64	7.0
455.32	7.0
1223.64	7.0
106.8	8.0
199.24	8.0
228.72	8.0
290.68	8.0
302.92	8.0
306.68	8.0
317.8	8.0
331.68	8.0
343.44	8.0
398.32	8.0
502.64	8.0
1226.24	8.0
1234.64	8.0
1274.28	8.0
178.12	9.0
320.28	9.0
325.8	9.0
350.96	9.0
761.04	9.0
861.56	9.0
901.12	9.0
954.2	9.0
1090.12	9.0
1230.8	9.0
284.8	10.0
431.96	10.0
833.4	10.0
913.48	10.0
46.2	10.0
191.76	10.0
273.64	10.0
308.96	10.0
311.76	10.0
314.32	10.0
693.76	10.0
857.28	10.0
951.84	10.0
1040.88	10.0
1169.76	10.0
1275.12	10.0
3.12	11.0
238.4	11.0
338.44	11.0
356.24	11.0
919.4	11.0
1016.72	11.0
1284.44	11.0
220.96	11.0
309.0	11.0
311.6	11.0
321.12	11.0
324.8	11.0
328.04	11.0
332.72	11.0
349.96	11.0
367.76	11.0
465.48	11.0
1010.0	11.0
1250.72	11.0
89.36	12.0
158.2	12.0
214.16	12.0
309.0	12.0
311.72	12.0
317.44	12.0
328.28	12.0
1205.16	12.0
317.52	13.0
331.08	13.0
340.52	13.0
960.32	13.0
1256.6	13.0
91.44	14.0
358.44	14.0
939.84	14.0
1022.56	14.0
1143.72	14.0
1304.36	14.0
320.84	15.0
337.08	15.0
306.0	15.0
1262.0	15.0
306.96	16.0
320.36	16.0
302.76	17.0
318.4	18.0
320.32	19.0
333.6	19.0
348.16	19.0
312.4	20.0
321.4	20.0
368.36	20.0
369.12	21.0
1332.72	21.0
78.8	21.0
131.68	21.0
231.76	21.0
310.76	21.0
317.0	21.0
320.72	21.0
327.8	21.0
342.64	21.0
346.0	21.0
358.92	21.0
363.0	21.0
378.36	21.0
388.32	21.0
397.84	21.0
417.72	21.0
431.96	21.0
1029.76	21.0
1251.68	21.0
1265.24	21.0
1281.52	21.0
1293.4	21.0
1307.6	21.0
1317.52	21.0
1339.44	21.0
313.2	22.0
1253.76	22.0
308.96	22.0
331.28	22.0
347.88	22.0
365.24	22.0
389.2	22.0
858.08	22.0
1312.76	22.0
231.44	23.0
287.92	23.0
302.8	23.0
313.48	23.0
320.12	23.0
435.68	23.0
66.68	23.0
94.64	23.0
97.24	23.0
119.04	23.0
200.36	23.0
310.32	23.0
323.44	23.0
354.04	23.0
655.84	23.0
786.24	23.0
799.2	23.0
832.2	23.0
848.16	23.0
865.08	23.0
925.88	23.0
1021.96	23.0
1138.16	23.0
1225.08	23.0
1252.8	23.0
1258.76	23.0
1273.92	23.0
1289.96	23.0
1294.16	23.0
1335.88	23.0
336.92	24.0
311.04	24.0
318.72	24.0
324.88	24.0
332.44	24.0
350.84	24.0
1233.36	24.0
1251.68	24.0
1271.56	24.0
1290.56	24.0
1308.16	24.0
1310.88	24.0
1328.08	24.0
318.96	25.0
20.76	25.0
129.36	25.0
337.08	25.0
344.76	25.0
375.0	25.0
1225.04	25.0
327.36	26.0
1015.32	26.0
1248.68	26.0
37.72	26.0
76.6	26.0
106.64	26.0
131.32	26.0
144.88	26.0
158.28	26.0
168.44	26.0
205.72	26.0
223.24	26.0
247.88	26.0
266.48	26.0
276.08	26.0
294.2	26.0
306.12	26.0
312.28	26.0
320.96	26.0
341.4	26.0
371.12	26.0
383.52	26.0
393.76	26.0
412.76	26.0
422.4	26.0
455.92	26.0
488.16	26.0
524.8	26.0
560.04	26.0
618.04	26.0
657.08	26.0
683.8	26.0
694.36	26.0
808.64	26.0
832.92	26.0
894.68	26.0
913.44	26.0
943.32	26.0
975.04	26.0
1084.04	26.0
1113.36	26.0
1166.68	26.0
1187.48	26.0
1210.36	26.0
1227.48	26.0
1245.72	26.0
1258.8	26.0
1269.96	26.0
1286.28	26.0
1294.0	26.0
1299.96	26.0
1315.2	26.0
1333.96	26.0
1351.92	26.0
1355.0	26.0
307.04	27.0
210.68	27.0
267.2	27.0
607.16	27.0
756.24	27.0
1112.52	27.0
1194.16	27.0
1264.04	27.0
131.04	28.0
308.48	28.0
177.8	28.0
216.72	28.0
253.2	28.0
302.44	28.0
319.92	28.0
325.44	28.0
337.96	28.0
348.68	28.0
351.36	28.0
372.6	28.0
399.52	28.0
456.56	28.0
804.92	28.0
821.68	28.0
861.24	28.0
900.8	28.0
1128.0	28.0
1230.56	28.0
351.0	29.0
243.72	29.0
250.12	29.0
819.0	29.0
896.4	29.0
1123.96	29.0
91.92	30.0
251.92	30.0
314.84	30.0
321.96	30.0
335.88	30.0
363.04	30.0
379.2	30.0
396.88	30.0
491.92	30.0
522.28	30.0
537.44	30.0
590.32	30.0
621.16	30.0
653.6	30.0
721.2	30.0
1233.6	30.0
1281.8	30.0
1305.76	30.0
1323.04	30.0
368.68	31.0
302.96	31.0
312.24	31.0
315.68	31.0
329.32	31.0
341.8	31.0
348.32	31.0
358.4	31.0
374.56	31.0
404.8	31.0
860.36	31.0
333.2	33.0
313.16	34.0
335.92	34.0
1224.72	35.0
5.0	35.0
97.16	35.0
118.64	35.0
127.32	35.0
154.48	35.0
222.36	35.0
229.6	35.0
276.12	35.0
280.08	35.0
302.76	35.0
312.88	35.0
316.52	35.0
319.96	35.0
322.84	35.0
328.72	35.0
334.12	35.0
339.88	35.0
351.64	35.0
359.64	35.0
365.72	35.0
371.84	35.0
377.6	35.0
388.48	35.0
395.48	35.0
403.28	35.0
414.64	35.0
429.96	35.0
444.24	35.0
460.52	35.0
478.72	35.0
494.56	35.0
526.08	35.0
584.12	35.0
833.56	35.0
862.76	35.0
1209.76	35.0
1242.92	35.0
1251.48	35.0
1278.8	35.0
1305.4	35.0
1310.24	35.0
318.96	36.0
302.44	36.0
313.12	36.0
337.08	36.0
