60.56	1.0
141.36	1.0
181.0	1.0
369.24	2.0
68.52	2.0
92.44	2.0
181.44	2.0
204.96	2.0
210.68	2.0
311.28	2.0
323.0	2.0
333.24	2.0
351.12	2.0
607.64	2.0
713.8	2.0
740.44	2.0
844.2	2.0
128.44	3.0
230.84	3.0
277.04	3.0
311.92	3.0
326.8	3.0
333.44	3.0
381.36	3.0
393.36	3.0
461.12	3.0
669.68	3.0
705.32	3.0
310.64	4.0
309.2	5.0
334.52	5.0
315.56	6.0
330.4	7.0
438.32	7.0
306.44	7.0
361.64	7.0
615.24	7.0
259.8	8.0
306.16	8.0
314.52	8.0
336.0	8.0
359.12	8.0
449.08	8.0
311.6	9.0
21.64	10.0
97.32	10.0
128.92	10.0
158.12	10.0
197.36	10.0
309.0	10.0
311.52	10.0
732.04	10.0
842.0	10.0
33.92	11.0
128.52	11.0
193.2	11.0
277.08	11.0
326.88	11.0
334.16	11.0
379.92	11.0
504.76	11.0
544.4	11.0
610.6	11.0
705.36	11.0
309.0	11.0
312.12	11.0
324.12	11.0
330.04	11.0
694.92	11.0
261.24	12.0
309.0	12.0
311.52	12.0
315.16	12.0
323.0	12.0
409.36	12.0
57.48	13.0
308.28	13.0
315.56	13.0
323.72	13.0
338.8	13.0
346.76	13.0
523.24	13.0
133.12	14.0
576.8	14.0
52.44	14.0
128.52	14.0
183.92	14.0
202.96	14.0
233.84	14.0
315.8	14.0
381.88	14.0
392.72	14.0
416.04	14.0
324.32	15.0
372.72	15.0
114.28	16.0
306.16	16.0
324.88	16.0
314.72	18.0
333.92	19.0
355.24	20.0
314.2	20.0
318.36	20.0
340.08	20.0
500.2	20.0
363.0	21.0
385.08	21.0
30.6	21.0
108.52	21.0
132.36	21.0
193.48	21.0
220.48	21.0
232.92	21.0
302.96	21.0
309.76	21.0
313.32	21.0
316.32	21.0
325.68	21.0
345.32	21.0
348.0	21.0
353.8	21.0
359.88	21.0
368.76	21.0
378.88	21.0
381.96	21.0
391.8	21.0
405.2	21.0
451.76	21.0
467.56	21.0
479.6	21.0
500.0	21.0
506.52	21.0
533.68	21.0
544.56	21.0
594.92	21.0
609.52	21.0
628.56	21.0
667.96	21.0
672.48	21.0
704.16	21.0
845.28	21.0
308.96	22.0
316.0	22.0
321.44	22.0
330.96	22.0
343.84	22.0
381.52	22.0
844.04	22.0
302.68	23.0
324.32	23.0
641.48	23.0
309.28	23.0
312.0	23.0
314.92	23.0
338.76	23.0
347.24	23.0
349.96	23.0
365.44	23.0
730.08	23.0
128.0	24.0
180.48	24.0
309.92	24.0
315.8	24.0
323.96	24.0
331.4	24.0
338.52	24.0
358.88	24.0
370.68	24.0
394.88	24.0
224.6	25.0
302.44	25.0
315.56	25.0
324.2	25.0
350.8	25.0
699.8	26.0
16.36	26.0
41.56	26.0
51.08	26.0
77.2	26.0
81.96	26.0
96.44	26.0
117.52	26.0
122.28	26.0
139.44	26.0
163.68	26.0
232.52	26.0
260.4	26.0
264.4	26.0
293.08	26.0
298.04	26.0
312.52	26.0
318.4	26.0
323.08	26.0
328.84	26.0
334.4	26.0
337.76	26.0
341.84	26.0
351.08	26.0
356.08	26.0
362.36	26.0
369.76	26.0
372.44	26.0
391.08	26.0
404.92	26.0
429.04	26.0
442.92	26.0
448.56	26.0
454.84	26.0
470.08	26.0
481.68	26.0
495.2	26.0
507.52	26.0
522.4	26.0
539.6	26.0
568.76	26.0
603.52	26.0
639.84	26.0
665.96	26.0
680.36	26.0
747.24	26.0
873.48	26.0
306.12	27.0
322.6	27.0
302.48	27.0
338.72	27.0
425.6	27.0
767.48	27.0
875.08	27.0
302.64	28.0
334.32	28.0
355.24	28.0
310.76	28.0
316.2	28.0
320.16	28.0
324.08	28.0
342.0	28.0
364.56	28.0
377.08	28.0
413.12	28.0
443.32	28.0
471.88	28.0
310.52	29.0
318.72	29.0
61.76	30.0
200.8	30.0
274.0	30.0
294.28	30.0
310.32	30.0
318.4	30.0
331.84	30.0
342.16	30.0
353.68	30.0
360.4	30.0
383.8	30.0
394.68	30.0
437.08	30.0
498.8	30.0
611.88	30.0
818.0	30.0
302.84	31.0
335.2	31.0
351.32	31.0
395.8	31.0
313.12	33.0
347.68	34.0
302.88	34.0
312.44	34.0
323.08	34.0
828.52	35.0
42.24	35.0
110.24	35.0
141.32	35.0
196.68	35.0
208.92	35.0
269.44	35.0
293.12	35.0
303.0	35.0
306.04	35.0
311.84	35.0
314.8	35.0
322.68	35.0
325.72	35.0
331.32	35.0
340.32	35.0
347.6	35.0
353.08	35.0
359.12	35.0
368.36	35.0
371.96	35.0
377.04	35.0
386.48	35.0
394.04	35.0
403.96	35.0
415.4	35.0
438.92	35.0
446.8	35.0
476.6	35.0
664.04	35.0
683.4	35.0
825.52	35.0
874.04	35.0
494.64	36.0
302.48	36.0
307.48	36.0
324.24	36.0
330.08	36.0
333.48	36.0
