302.44	1.0
319.16	1.0
331.2	1.0
676.88	1.0
321.24	2.0
313.84	2.0
317.08	2.0
324.08	2.0
328.76	2.0
331.32	2.0
340.88	2.0
349.56	2.0
353.0	2.0
356.52	2.0
361.48	2.0
366.04	2.0
375.84	2.0
396.08	2.0
433.6	2.0
440.88	2.0
459.08	2.0
511.72	2.0
529.68	2.0
557.0	2.0
569.64	2.0
653.12	2.0
662.88	2.0
677.28	2.0
770.08	2.0
865.48	2.0
933.84	2.0
990.6	2.0
1142.12	2.0
1157.76	2.0
1164.84	2.0
1240.12	2.0
1246.84	2.0
1249.52	2.0
1258.72	2.0
1269.0	2.0
1272.72	2.0
1290.72	2.0
1340.2	2.0
321.0	3.0
336.12	3.0
311.12	3.0
316.08	3.0
323.72	3.0
328.64	3.0
340.76	3.0
351.8	3.0
354.76	3.0
357.68	3.0
376.6	3.0
396.92	3.0
422.12	3.0
465.96	3.0
539.84	3.0
619.52	3.0
715.28	3.0
944.48	3.0
1261.12	3.0
1288.84	3.0
1296.24	3.0
333.36	4.0
315.92	5.0
1266.88	5.0
312.68	5.0
318.52	5.0
326.2	5.0
333.56	5.0
327.28	6.0
318.04	6.0
549.88	6.0
790.72	6.0
1067.28	6.0
1138.96	6.0
339.8	7.0
700.76	7.0
314.92	7.0
327.36	7.0
343.64	7.0
1271.48	7.0
1290.2	7.0
324.72	8.0
1301.6	8.0
302.96	8.0
306.16	8.0
315.72	8.0
318.48	8.0
355.56	8.0
391.24	8.0
425.88	8.0
637.72	8.0
313.08	9.0
308.96	10.0
311.84	10.0
321.88	10.0
348.68	10.0
352.68	10.0
374.72	10.0
597.12	10.0
806.28	10.0
999.92	10.0
1154.4	10.0
1196.68	10.0
1233.32	10.0
1346.08	10.0
315.64	11.0
323.44	11.0
329.32	11.0
357.76	11.0
410.68	11.0
542.92	11.0
619.6	11.0
869.44	11.0
944.56	11.0
1153.92	11.0
1296.32	11.0
1332.56	11.0
308.96	11.0
311.84	11.0
320.92	11.0
333.4	11.0
336.92	11.0
350.04	11.0
363.72	11.0
375.0	11.0
426.16	11.0
469.56	11.0
1257.84	11.0
1302.4	11.0
386.12	12.0
1242.4	12.0
309.04	12.0
311.92	12.0
317.2	12.0
320.6	12.0
331.16	12.0
467.4	12.0
764.6	12.0
302.48	13.0
313.16	13.0
328.88	13.0
337.04	13.0
473.24	13.0
502.84	13.0
1245.52	13.0
1291.6	13.0
309.28	14.0
317.04	14.0
333.4	14.0
344.4	14.0
372.28	14.0
388.2	14.0
1246.24	14.0
1268.52	14.0
1343.84	14.0
326.88	15.0
332.4	15.0
552.48	15.0
570.56	15.0
620.92	15.0
306.04	16.0
322.68	16.0
322.6	17.0
354.0	19.0
321.36	20.0
335.96	20.0
354.12	20.0
302.44	20.0
314.96	20.0
651.84	20.0
351.24	21.0
307.2	21.0
311.28	21.0
318.32	21.0
324.92	21.0
332.2	21.0
342.84	21.0
347.84	21.0
356.24	21.0
364.56	21.0
372.24	21.0
388.6	21.0
427.84	21.0
493.52	21.0
547.48	21.0
569.28	21.0
621.08	21.0
629.6	21.0
649.28	21.0
685.52	21.0
692.2	21.0
746.76	21.0
874.64	21.0
1039.0	21.0
1220.0	21.0
1262.6	21.0
1294.96	21.0
1307.52	21.0
1329.0	21.0
309.16	22.0
317.08	22.0
327.36	22.0
332.32	22.0
337.92	22.0
340.76	22.0
350.12	22.0
374.96	22.0
619.28	22.0
1201.12	22.0
312.36	23.0
314.92	23.0
309.76	23.0
327.36	23.0
368.12	23.0
521.0	23.0
571.92	23.0
1251.32	23.0
1292.68	23.0
1328.24	23.0
309.68	24.0
1329.76	24.0
315.4	24.0
321.64	24.0
329.44	24.0
341.12	24.0
348.6	24.0
371.68	24.0
479.36	24.0
524.52	24.0
544.96	24.0
1292.68	24.0
302.44	25.0
312.28	25.0
317.12	25.0
320.64	25.0
331.56	25.0
809.8	25.0
1227.88	25.0
1237.92	25.0
1247.08	25.0
349.92	26.0
309.32	26.0
312.8	26.0
317.96	26.0
322.48	26.0
329.4	26.0
333.56	26.0
336.68	26.0
340.68	26.0
345.16	26.0
371.76	26.0
391.4	26.0
411.16	26.0
416.68	26.0
424.32	26.0
443.76	26.0
454.12	26.0
468.84	26.0
492.16	26.0
542.64	26.0
595.92	26.0
679.84	26.0
800.68	26.0
809.84	26.0
1010.68	26.0
1051.08	26.0
1113.04	26.0
1146.48	26.0
1182.6	26.0
1224.04	26.0
1237.8	26.0
1245.48	26.0
1257.96	26.0
1274.0	26.0
1281.56	26.0
1292.2	26.0
1307.76	26.0
1342.4	26.0
324.32	27.0
321.52	27.0
354.72	27.0
757.32	27.0
302.44	28.0
312.72	28.0
315.72	28.0
319.84	28.0
323.88	28.0
327.96	28.0
331.6	28.0
334.2	28.0
339.44	28.0
359.72	28.0
1257.68	28.0
320.64	29.0
313.12	29.0
327.76	29.0
333.96	29.0
387.88	29.0
309.52	30.0
318.08	30.0
330.28	30.0
334.68	30.0
344.16	30.0
355.72	30.0
370.76	30.0
380.12	30.0
418.96	30.0
539.08	30.0
697.4	30.0
799.52	30.0
855.44	30.0
1254.32	30.0
317.4	31.0
321.72	31.0
354.4	31.0
387.08	31.0
1324.0	31.0
312.88	33.0
1266.64	33.0
339.24	33.0
316.4	34.0
320.6	34.0
327.2	34.0
335.6	34.0
341.24	34.0
888.52	34.0
302.44	35.0
312.08	35.0
314.8	35.0
318.36	35.0
323.36	35.0
325.88	35.0
332.76	35.0
338.48	35.0
344.44	35.0
349.08	35.0
373.32	35.0
403.92	35.0
518.4	35.0
564.64	35.0
592.56	35.0
620.72	35.0
629.0	35.0
671.2	35.0
712.88	35.0
716.0	35.0
755.84	35.0
786.08	35.0
866.8	35.0
1119.32	35.0
1252.2	35.0
1271.36	35.0
1276.0	35.0
1323.48	35.0
321.96	36.0
368.0	36.0
