97.4	1.0
50.32	1.0
79.96	1.0
87.24	1.0
119.08	1.0
33.64	2.0
36.92	2.0
90.72	2.0
109.84	2.0
49.32	2.0
54.52	2.0
63.88	2.0
74.68	2.0
78.44	2.0
83.88	2.0
95.44	2.0
99.04	2.0
114.36	2.0
119.48	2.0
133.04	2.0
317.76	2.0
323.6	2.0
331.08	2.0
382.76	2.0
98.96	3.0
37.36	3.0
51.0	3.0
65.84	3.0
70.8	3.0
74.36	3.0
77.24	3.0
83.76	3.0
91.12	3.0
110.28	3.0
120.64	3.0
150.4	3.0
314.36	3.0
393.0	3.0
315.64	4.0
124.8	4.0
86.56	5.0
106.0	5.0
59.76	5.0
80.04	5.0
92.48	5.0
100.4	5.0
315.04	5.0
105.96	6.0
46.24	6.0
70.2	6.0
131.52	6.0
195.4	6.0
198.4	7.0
92.32	7.0
108.56	7.0
306.36	7.0
54.12	8.0
71.12	8.0
78.4	8.0
89.36	8.0
98.8	8.0
121.32	8.0
311.44	8.0
54.28	9.0
59.2	9.0
113.56	9.0
111.32	10.0
424.08	10.0
51.12	10.0
62.92	10.0
74.04	10.0
81.2	10.0
92.12	10.0
96.64	10.0
125.8	10.0
308.92	10.0
312.4	10.0
83.48	11.0
110.32	11.0
322.88	11.0
50.8	11.0
53.52	11.0
65.8	11.0
71.72	11.0
74.28	11.0
79.36	11.0
90.08	11.0
125.4	11.0
309.08	11.0
312.08	11.0
90.92	12.0
74.32	12.0
109.96	12.0
120.48	12.0
177.64	12.0
309.0	12.0
311.68	12.0
437.72	12.0
100.28	13.0
53.76	13.0
85.32	13.0
91.32	13.0
96.4	13.0
105.84	13.0
111.52	13.0
308.96	13.0
100.08	14.0
69.2	14.0
90.12	14.0
108.88	14.0
124.16	14.0
147.16	14.0
302.44	14.0
322.6	14.0
93.56	15.0
311.28	15.0
302.84	16.0
84.48	18.0
125.72	18.0
75.24	18.0
106.52	18.0
81.96	19.0
51.64	19.0
82.0	20.0
88.08	20.0
97.8	20.0
168.76	20.0
395.76	20.0
96.8	21.0
219.36	21.0
72.04	21.0
82.0	21.0
86.48	21.0
90.2	21.0
93.36	21.0
101.0	21.0
105.04	21.0
109.72	21.0
124.2	21.0
128.16	21.0
139.68	21.0
146.28	21.0
156.76	21.0
174.96	21.0
188.28	21.0
194.4	21.0
198.2	21.0
236.08	21.0
315.04	21.0
334.08	21.0
486.72	21.0
84.16	22.0
302.8	22.0
37.32	22.0
49.08	22.0
75.6	22.0
79.76	22.0
88.6	22.0
109.16	22.0
123.0	22.0
145.2	22.0
312.88	22.0
629.32	22.0
665.08	22.0
680.48	22.0
97.24	23.0
109.84	23.0
302.56	23.0
60.64	23.0
72.92	23.0
77.12	23.0
82.92	23.0
91.64	23.0
100.64	23.0
104.44	23.0
126.68	23.0
210.32	23.0
291.92	23.0
312.4	23.0
322.28	23.0
58.64	24.0
79.84	24.0
89.8	24.0
97.64	24.0
105.84	24.0
108.88	24.0
115.64	24.0
125.32	24.0
135.68	24.0
170.2	24.0
302.92	24.0
311.64	24.0
319.88	24.0
334.96	24.0
89.04	25.0
91.72	25.0
84.68	25.0
97.2	25.0
108.6	25.0
117.2	25.0
128.4	25.0
148.28	25.0
302.44	25.0
324.32	25.0
89.24	26.0
36.44	26.0
60.44	26.0
70.88	26.0
78.2	26.0
84.32	26.0
93.8	26.0
99.84	26.0
106.4	26.0
114.72	26.0
120.92	26.0
127.68	26.0
132.68	26.0
152.44	26.0
181.0	26.0
189.48	26.0
198.2	26.0
213.84	26.0
216.36	26.0
228.04	26.0
243.24	26.0
261.96	26.0
274.4	26.0
297.28	26.0
303.0	26.0
310.8	26.0
318.48	26.0
335.96	26.0
360.52	26.0
376.32	26.0
393.92	26.0
436.4	26.0
484.68	26.0
541.52	26.0
562.44	26.0
71.36	27.0
303.0	27.0
375.48	27.0
53.92	28.0
58.92	28.0
62.44	28.0
77.0	28.0
86.76	28.0
95.96	28.0
104.6	28.0
112.56	28.0
132.68	28.0
143.24	28.0
169.6	28.0
302.44	28.0
314.24	28.0
79.4	29.0
89.6	29.0
71.2	30.0
83.68	30.0
89.08	30.0
96.68	30.0
118.32	30.0
127.96	30.0
142.56	30.0
185.36	30.0
316.8	30.0
345.88	30.0
96.6	31.0
52.84	31.0
83.84	31.0
88.6	31.0
104.8	31.0
111.4	31.0
128.12	31.0
303.0	31.0
324.64	31.0
367.32	31.0
108.8	33.0
98.04	33.0
81.72	34.0
88.12	34.0
97.2	34.0
109.56	34.0
127.72	34.0
156.28	34.0
184.6	34.0
105.56	34.0
106.04	35.0
117.92	35.0
48.24	35.0
53.48	35.0
66.0	35.0
74.92	35.0
79.68	35.0
83.96	35.0
87.32	35.0
93.0	35.0
98.88	35.0
109.56	35.0
115.36	35.0
121.76	35.0
126.88	35.0
145.2	35.0
150.32	35.0
157.76	35.0
168.28	35.0
178.24	35.0
186.44	35.0
194.68	35.0
201.4	35.0
209.92	35.0
221.32	35.0
227.16	35.0
237.48	35.0
253.68	35.0
264.32	35.0
283.52	35.0
302.6	35.0
308.36	35.0
313.92	35.0
323.64	35.0
326.4	35.0
336.04	35.0
350.12	35.0
395.52	35.0
98.48	36.0
126.2	36.0
81.68	36.0
103.96	36.0
435.08	36.0
