160.0	1.0
302.48	1.0
313.52	1.0
316.36	1.0
323.76	1.0
993.56	1.0
1016.48	1.0
1310.0	1.0
1372.6	1.0
311.16	2.0
1096.72	2.0
31.6	2.0
84.48	2.0
120.28	2.0
136.52	2.0
160.36	2.0
181.2	2.0
205.44	2.0
208.28	2.0
216.88	2.0
274.52	2.0
295.8	2.0
317.96	2.0
324.16	2.0
343.8	2.0
933.8	2.0
944.44	2.0
962.76	2.0
993.84	2.0
1016.84	2.0
1031.68	2.0
1044.32	2.0
1153.24	2.0
1164.44	2.0
1330.04	2.0
1354.88	2.0
1372.92	2.0
1444.0	2.0
87.08	3.0
127.48	3.0
143.52	3.0
186.0	3.0
200.96	3.0
216.44	3.0
237.32	3.0
245.72	3.0
258.68	3.0
298.8	3.0
311.2	3.0
313.72	3.0
318.16	3.0
324.36	3.0
329.44	3.0
345.28	3.0
379.08	3.0
484.84	3.0
962.92	3.0
985.76	3.0
1043.12	3.0
1069.6	3.0
1147.8	3.0
1370.4	3.0
1427.44	3.0
315.48	4.0
1325.28	5.0
156.0	6.0
1052.0	6.0
1154.8	6.0
1195.56	6.0
1314.88	6.0
263.72	7.0
442.96	7.0
463.44	8.0
179.0	8.0
289.72	8.0
317.68	8.0
417.76	8.0
991.92	8.0
57.28	9.0
1434.84	9.0
1005.72	10.0
1095.56	10.0
1122.44	10.0
1155.64	10.0
103.32	10.0
171.8	10.0
216.88	10.0
290.72	10.0
308.96	10.0
311.64	10.0
425.84	10.0
745.08	10.0
1038.96	10.0
1190.72	10.0
1315.88	10.0
8.48	11.0
87.2	11.0
1043.16	11.0
1147.88	11.0
1370.44	11.0
49.72	11.0
84.68	11.0
181.52	11.0
184.2	11.0
213.36	11.0
308.96	11.0
311.84	11.0
318.56	11.0
959.8	11.0
962.84	11.0
1076.12	11.0
1309.4	11.0
1315.4	11.0
1330.0	11.0
1384.4	11.0
1428.16	11.0
951.76	12.0
233.88	12.0
309.0	12.0
311.64	12.0
329.84	12.0
343.72	12.0
120.52	13.0
176.84	13.0
216.6	13.0
302.56	13.0
307.48	13.0
315.08	13.0
1314.88	13.0
1324.68	13.0
302.8	14.0
309.72	14.0
1146.88	14.0
110.08	15.0
306.28	16.0
318.16	17.0
259.24	21.0
302.48	21.0
489.4	21.0
40.52	21.0
85.32	21.0
146.48	21.0
167.32	21.0
179.24	21.0
207.6	21.0
252.72	21.0
264.4	21.0
277.28	21.0
291.8	21.0
311.04	21.0
314.8	21.0
327.48	21.0
347.16	21.0
369.24	21.0
391.04	21.0
431.56	21.0
462.64	21.0
1031.4	21.0
1078.4	21.0
1125.4	21.0
1392.0	21.0
1410.48	21.0
1434.0	21.0
302.52	22.0
114.48	22.0
178.52	22.0
208.76	22.0
259.16	22.0
265.2	22.0
281.48	22.0
310.96	22.0
316.12	22.0
329.96	22.0
347.28	22.0
489.32	22.0
592.76	22.0
1002.8	22.0
1028.08	22.0
1421.32	22.0
302.56	23.0
325.8	23.0
111.04	23.0
133.08	23.0
182.92	23.0
188.96	23.0
296.92	23.0
309.6	23.0
314.36	23.0
317.04	23.0
330.08	23.0
347.64	23.0
1030.56	23.0
1304.96	23.0
1313.04	23.0
1315.64	23.0
1328.4	23.0
1338.28	23.0
1345.8	23.0
1399.56	23.0
1441.0	23.0
159.2	24.0
208.6	24.0
248.08	24.0
257.36	24.0
297.68	24.0
309.64	24.0
313.04	24.0
317.2	24.0
324.96	24.0
342.52	24.0
419.52	24.0
987.16	24.0
1027.32	24.0
1394.92	24.0
1397.52	24.0
1426.72	24.0
313.28	25.0
302.44	25.0
389.6	26.0
392.6	26.0
20.08	26.0
28.56	26.0
45.36	26.0
68.0	26.0
78.12	26.0
130.28	26.0
156.88	26.0
179.24	26.0
232.36	26.0
249.96	26.0
268.64	26.0
287.52	26.0
291.28	26.0
302.96	26.0
307.0	26.0
310.2	26.0
317.12	26.0
319.64	26.0
325.12	26.0
329.68	26.0
341.44	26.0
348.44	26.0
354.36	26.0
358.28	26.0
367.8	26.0
376.92	26.0
409.88	26.0
421.96	26.0
428.24	26.0
442.92	26.0
450.12	26.0
456.92	26.0
471.24	26.0
484.72	26.0
494.68	26.0
501.08	26.0
532.32	26.0
560.4	26.0
583.16	26.0
601.6	26.0
653.92	26.0
710.92	26.0
922.6	26.0
957.8	26.0
968.16	26.0
989.2	26.0
1014.4	26.0
1210.68	26.0
1317.36	26.0
1338.0	26.0
1353.08	26.0
1371.12	26.0
1385.4	26.0
1393.48	26.0
1410.12	26.0
1419.8	26.0
1435.96	26.0
124.2	27.0
207.76	27.0
236.68	27.0
254.72	27.0
298.84	27.0
302.92	27.0
307.76	27.0
331.36	27.0
392.84	27.0
543.88	27.0
56.92	28.0
103.52	28.0
140.28	28.0
302.44	28.0
306.0	28.0
310.4	28.0
958.52	28.0
1315.64	28.0
1328.0	28.0
1347.32	28.0
1373.88	28.0
1344.96	29.0
47.44	30.0
144.92	30.0
209.6	30.0
244.88	30.0
281.16	30.0
317.88	30.0
333.92	30.0
394.16	30.0
414.48	30.0
548.32	30.0
1016.48	30.0
1397.6	30.0
308.28	31.0
320.4	31.0
339.16	31.0
965.08	31.0
1321.24	31.0
1378.88	31.0
143.96	33.0
308.24	33.0
302.76	34.0
1352.56	34.0
1395.48	34.0
69.8	35.0
110.96	35.0
119.2	35.0
122.56	35.0
159.0	35.0
188.88	35.0
197.4	35.0
256.36	35.0
302.68	35.0
312.64	35.0
341.8	35.0
360.64	35.0
393.36	35.0
979.56	35.0
1022.12	35.0
1068.84	35.0
1149.48	35.0
1338.24	35.0
1358.24	35.0
1396.36	35.0
1411.4	35.0
1439.28	35.0
309.08	36.0
316.92	36.0
