326.2	1.0
140.48	1.0
321.76	2.0
18.0	2.0
79.6	2.0
100.76	2.0
168.64	2.0
182.6	2.0
216.52	2.0
272.52	2.0
313.64	2.0
317.32	2.0
333.04	2.0
336.0	2.0
341.04	2.0
362.32	2.0
315.6	3.0
23.08	3.0
43.8	3.0
132.08	3.0
197.52	3.0
219.08	3.0
288.64	3.0
311.76	3.0
320.92	3.0
327.88	3.0
333.32	3.0
372.96	3.0
378.0	3.0
462.2	3.0
488.08	3.0
507.2	3.0
315.6	4.0
312.12	5.0
318.6	5.0
328.28	5.0
105.64	6.0
186.56	6.0
321.92	7.0
263.92	7.0
316.0	7.0
327.48	7.0
312.88	8.0
328.6	8.0
365.12	8.0
408.88	8.0
185.6	9.0
311.4	9.0
326.64	9.0
89.4	10.0
321.84	10.0
376.76	10.0
35.12	10.0
110.44	10.0
170.48	10.0
311.84	10.0
43.8	11.0
219.08	11.0
312.12	11.0
321.76	11.0
330.12	12.0
119.96	12.0
311.84	12.0
303.0	13.0
314.24	13.0
322.48	13.0
340.16	13.0
377.24	13.0
401.4	13.0
447.6	13.0
311.44	14.0
320.12	14.0
363.64	14.0
319.32	15.0
302.44	15.0
324.12	15.0
302.68	17.0
317.28	20.0
326.84	20.0
331.24	20.0
128.24	21.0
206.84	21.0
260.16	21.0
311.12	21.0
314.24	21.0
327.24	21.0
338.36	21.0
344.24	21.0
351.12	21.0
368.84	21.0
379.08	21.0
395.04	21.0
413.52	21.0
432.08	21.0
460.36	21.0
476.16	21.0
302.64	22.0
311.76	22.0
323.64	22.0
342.04	22.0
428.04	22.0
197.72	23.0
311.28	23.0
315.12	23.0
320.76	23.0
326.0	23.0
330.52	23.0
343.4	23.0
434.08	23.0
309.92	24.0
314.32	24.0
321.68	24.0
332.36	24.0
352.48	24.0
411.84	24.0
314.48	25.0
302.44	25.0
319.12	25.0
335.68	26.0
49.56	26.0
63.56	26.0
97.2	26.0
121.88	26.0
134.64	26.0
147.8	26.0
167.6	26.0
180.0	26.0
206.32	26.0
223.36	26.0
297.6	26.0
314.92	26.0
319.04	26.0
324.44	26.0
327.96	26.0
340.88	26.0
349.52	26.0
358.52	26.0
362.76	26.0
366.56	26.0
382.44	26.0
388.68	26.0
393.64	26.0
402.72	26.0
412.96	26.0
421.08	26.0
431.16	26.0
441.44	26.0
450.28	26.0
464.28	26.0
478.56	26.0
492.08	26.0
501.64	26.0
512.4	26.0
552.36	26.0
569.08	26.0
638.68	26.0
652.92	26.0
50.0	27.0
152.0	27.0
303.0	27.0
341.08	27.0
51.8	28.0
258.4	28.0
302.44	28.0
311.04	28.0
315.36	28.0
329.12	28.0
340.56	28.0
459.12	28.0
316.32	29.0
326.12	29.0
22.92	30.0
191.24	30.0
297.44	30.0
311.2	30.0
317.0	30.0
327.92	30.0
340.44	30.0
412.92	30.0
98.04	31.0
177.72	31.0
302.64	31.0
326.64	31.0
330.16	31.0
337.36	33.0
316.96	34.0
303.0	34.0
324.24	34.0
104.68	35.0
122.96	35.0
234.56	35.0
251.72	35.0
296.04	35.0
302.68	35.0
313.96	35.0
318.92	35.0
321.52	35.0
329.12	35.0
337.0	35.0
349.8	35.0
367.48	35.0
392.52	35.0
426.12	35.0
314.48	36.0
319.84	36.0
