762.4	1.0
317.12	2.0
350.8	2.0
311.96	2.0
325.76	2.0
329.84	2.0
333.96	2.0
341.72	2.0
360.68	2.0
365.92	2.0
370.28	2.0
382.04	2.0
401.4	2.0
420.6	2.0
444.16	2.0
447.76	2.0
474.44	2.0
500.36	2.0
520.76	2.0
537.8	2.0
543.68	2.0
547.08	2.0
557.28	2.0
570.32	2.0
581.96	2.0
589.96	2.0
602.16	2.0
617.16	2.0
622.36	2.0
647.44	2.0
665.36	2.0
671.0	2.0
687.48	2.0
706.56	2.0
730.88	2.0
761.76	2.0
772.84	2.0
778.6	2.0
789.88	2.0
832.36	2.0
854.68	2.0
901.44	2.0
947.8	2.0
966.96	2.0
1044.48	2.0
1117.8	2.0
1153.36	2.0
1216.84	2.0
1251.8	2.0
1288.16	2.0
1329.16	2.0
312.08	3.0
342.52	3.0
318.48	3.0
327.24	3.0
335.36	3.0
350.8	3.0
353.4	3.0
366.32	3.0
427.48	3.0
474.68	3.0
495.48	3.0
508.56	3.0
558.64	3.0
589.8	3.0
676.84	3.0
1069.68	3.0
1134.0	3.0
302.68	5.0
326.44	5.0
311.0	5.0
317.28	5.0
320.2	5.0
329.64	5.0
335.52	5.0
346.08	5.0
493.56	5.0
525.0	5.0
540.04	5.0
586.96	5.0
1173.6	6.0
695.48	6.0
1167.44	6.0
316.72	7.0
341.36	7.0
356.92	7.0
1173.64	7.0
329.8	7.0
336.84	7.0
361.76	7.0
370.84	7.0
384.08	7.0
407.68	7.0
444.52	7.0
491.68	7.0
571.16	7.0
906.44	7.0
1188.24	7.0
312.2	8.0
315.04	8.0
342.24	8.0
998.12	8.0
316.68	9.0
334.44	9.0
342.76	9.0
351.84	9.0
423.72	9.0
462.24	9.0
604.4	9.0
328.08	10.0
370.36	10.0
309.0	10.0
312.36	10.0
320.0	10.0
335.76	10.0
340.32	10.0
343.2	10.0
348.16	10.0
383.76	10.0
403.76	10.0
419.2	10.0
443.8	10.0
469.88	10.0
511.12	10.0
524.2	10.0
542.52	10.0
574.4	10.0
605.64	10.0
626.12	10.0
651.24	10.0
734.16	10.0
825.44	10.0
836.04	10.0
1113.08	10.0
1133.96	10.0
1268.0	10.0
343.52	11.0
353.52	11.0
618.32	11.0
982.8	11.0
1069.76	11.0
1134.04	11.0
1189.6	11.0
1322.44	11.0
309.0	11.0
312.0	11.0
319.08	11.0
329.16	11.0
333.68	11.0
340.64	11.0
350.44	11.0
361.32	11.0
370.0	11.0
372.52	11.0
384.0	11.0
403.08	11.0
444.4	11.0
469.16	11.0
510.2	11.0
537.04	11.0
540.16	11.0
557.36	11.0
571.4	11.0
575.32	11.0
586.64	11.0
605.08	11.0
615.6	11.0
668.8	11.0
733.16	11.0
761.96	11.0
901.24	11.0
1160.48	11.0
1248.8	11.0
1277.6	11.0
335.56	12.0
309.0	12.0
311.88	12.0
324.44	12.0
327.6	12.0
350.36	12.0
370.92	12.0
429.08	12.0
933.84	12.0
312.68	13.0
315.52	13.0
320.6	13.0
325.96	13.0
333.48	13.0
336.36	13.0
342.6	13.0
353.84	13.0
360.68	13.0
386.84	13.0
454.56	13.0
524.72	13.0
554.2	13.0
572.08	13.0
1008.24	13.0
1095.84	13.0
1170.6	13.0
1313.76	13.0
312.24	14.0
324.48	14.0
523.72	14.0
733.36	15.0
1182.84	15.0
317.28	16.0
344.4	16.0
378.8	16.0
410.64	16.0
438.4	16.0
490.64	16.0
567.84	16.0
641.48	16.0
341.24	17.0
319.0	18.0
312.44	19.0
334.12	19.0
324.6	20.0
357.64	20.0
333.4	20.0
342.48	20.0
363.52	20.0
427.08	20.0
492.16	20.0
659.72	20.0
1069.92	20.0
312.72	21.0
343.0	21.0
320.4	21.0
324.0	21.0
326.68	21.0
334.68	21.0
353.68	21.0
357.52	21.0
368.92	21.0
385.84	21.0
395.2	21.0
459.24	21.0
525.92	21.0
544.28	21.0
557.04	21.0
576.08	21.0
587.08	21.0
598.12	21.0
618.68	21.0
641.48	21.0
659.12	21.0
677.0	21.0
694.4	21.0
714.96	21.0
733.68	21.0
759.92	21.0
780.48	21.0
800.04	21.0
822.2	21.0
846.88	21.0
869.88	21.0
893.72	21.0
949.52	21.0
978.56	21.0
1005.16	21.0
1073.12	21.0
1092.76	21.0
1106.96	21.0
1130.56	21.0
1160.72	21.0
1221.4	21.0
1231.88	21.0
1259.92	21.0
1282.52	21.0
1297.84	21.0
1320.84	21.0
302.64	22.0
342.12	22.0
312.68	22.0
320.64	22.0
324.44	22.0
333.68	22.0
349.04	22.0
386.04	22.0
522.08	22.0
540.16	22.0
570.64	22.0
595.72	22.0
615.84	22.0
661.12	22.0
734.84	22.0
780.52	22.0
802.68	22.0
864.08	22.0
1091.52	22.0
1109.56	22.0
1228.96	22.0
1318.52	22.0
1341.96	22.0
325.44	23.0
510.48	23.0
309.72	23.0
335.4	23.0
341.4	23.0
344.64	23.0
351.32	23.0
449.6	23.0
615.68	23.0
642.76	23.0
783.0	23.0
800.8	23.0
904.12	23.0
929.4	23.0
950.96	23.0
977.76	23.0
1147.24	23.0
314.28	24.0
345.6	24.0
309.68	24.0
327.28	24.0
341.08	24.0
350.36	24.0
363.08	24.0
366.88	24.0
393.52	24.0
423.36	24.0
439.48	24.0
476.44	24.0
491.76	24.0
505.68	24.0
520.28	24.0
539.16	24.0
553.96	24.0
571.8	24.0
656.96	24.0
677.2	24.0
798.64	24.0
859.84	24.0
903.52	24.0
1129.72	24.0
1163.08	24.0
1249.8	24.0
1313.48	24.0
357.52	25.0
613.64	25.0
731.16	25.0
860.08	25.0
903.84	25.0
1129.92	25.0
1250.12	25.0
302.44	25.0
311.72	25.0
320.84	25.0
326.0	25.0
343.32	25.0
352.32	25.0
493.56	25.0
303.0	26.0
393.28	26.0
313.28	26.0
318.76	26.0
324.76	26.0
335.28	26.0
342.24	26.0
345.32	26.0
349.92	26.0
354.48	26.0
360.72	26.0
367.84	26.0
379.76	26.0
383.64	26.0
400.28	26.0
407.64	26.0
423.84	26.0
429.64	26.0
445.8	26.0
470.24	26.0
481.92	26.0
489.68	26.0
503.04	26.0
506.44	26.0
516.76	26.0
523.32	26.0
539.68	26.0
554.4	26.0
569.4	26.0
575.88	26.0
596.64	26.0
617.44	26.0
623.52	26.0
636.04	26.0
653.08	26.0
665.0	26.0
673.72	26.0
683.44	26.0
702.4	26.0
724.0	26.0
732.32	26.0
741.32	26.0
758.88	26.0
766.88	26.0
779.76	26.0
800.36	26.0
814.64	26.0
831.52	26.0
841.12	26.0
860.92	26.0
881.76	26.0
887.44	26.0
903.68	26.0
944.48	26.0
956.16	26.0
961.08	26.0
971.08	26.0
976.92	26.0
983.96	26.0
999.44	26.0
1013.96	26.0
1034.6	26.0
1044.56	26.0
1063.6	26.0
1073.36	26.0
1089.6	26.0
1103.72	26.0
1126.48	26.0
1129.68	26.0
1145.0	26.0
1164.6	26.0
1169.04	26.0
1188.64	26.0
1209.28	26.0
1216.84	26.0
1228.84	26.0
1241.72	26.0
1250.04	26.0
1265.6	26.0
1275.16	26.0
1285.52	26.0
1296.12	26.0
1302.36	26.0
1319.76	26.0
1335.32	26.0
334.04	27.0
343.16	27.0
382.92	27.0
410.44	27.0
438.48	27.0
494.4	27.0
522.0	27.0
561.04	27.0
765.16	27.0
863.28	27.0
888.72	27.0
904.32	27.0
953.48	27.0
1061.12	27.0
1155.6	27.0
1199.72	27.0
1242.84	27.0
1309.56	28.0
302.44	28.0
310.0	28.0
316.36	28.0
336.28	28.0
344.6	28.0
348.04	28.0
351.44	28.0
357.44	28.0
368.44	28.0
423.48	28.0
484.0	28.0
563.0	28.0
591.16	28.0
628.8	28.0
905.84	28.0
1015.04	28.0
1087.72	28.0
1152.44	28.0
1253.32	28.0
1290.68	28.0
302.84	29.0
320.8	29.0
313.52	29.0
341.68	29.0
362.48	29.0
382.04	29.0
393.6	29.0
420.2	29.0
439.52	29.0
480.24	29.0
504.32	29.0
530.48	29.0
552.92	29.0
588.84	29.0
313.12	30.0
320.68	30.0
327.0	30.0
337.16	30.0
342.96	30.0
345.64	30.0
355.24	30.0
367.68	30.0
392.2	30.0
403.96	30.0
473.8	30.0
525.28	30.0
537.44	30.0
575.24	30.0
665.32	30.0
867.92	30.0
1154.24	30.0
1212.72	30.0
1298.08	30.0
312.52	31.0
341.84	31.0
380.68	31.0
317.0	33.0
342.52	33.0
413.36	33.0
302.48	33.0
309.56	34.0
303.0	34.0
333.32	34.0
342.92	34.0
355.0	34.0
370.0	34.0
388.24	34.0
413.08	34.0
455.64	34.0
473.72	34.0
506.48	34.0
586.32	34.0
606.92	34.0
679.96	34.0
430.0	35.0
302.52	35.0
312.8	35.0
319.2	35.0
336.64	35.0
342.4	35.0
345.96	35.0
348.48	35.0
351.36	35.0
355.84	35.0
359.48	35.0
364.56	35.0
368.8	35.0
393.56	35.0
507.0	35.0
523.68	35.0
556.12	35.0
575.24	35.0
604.96	35.0
622.96	35.0
640.8	35.0
672.96	35.0
690.92	35.0
733.88	35.0
737.32	35.0
759.36	35.0
802.52	35.0
840.36	35.0
892.04	35.0
924.96	35.0
1001.8	35.0
1103.36	35.0
1196.08	35.0
1257.96	35.0
1260.52	35.0
1276.2	35.0
367.08	36.0
314.32	36.0
334.96	36.0
