317.12	1.0
709.76	1.0
1085.4	1.0
1174.32	1.0
316.64	2.0
321.88	2.0
325.32	2.0
341.0	2.0
417.2	2.0
432.56	2.0
636.96	2.0
652.52	2.0
839.12	2.0
854.68	2.0
870.6	2.0
1070.84	2.0
1073.6	2.0
1195.2	2.0
1318.96	2.0
1323.48	2.0
1335.92	2.0
1353.08	2.0
1359.52	2.0
1376.6	2.0
330.12	3.0
350.88	3.0
310.64	3.0
314.12	3.0
318.36	3.0
325.48	3.0
341.16	3.0
534.2	3.0
600.6	3.0
780.36	3.0
911.04	3.0
1000.28	3.0
1068.92	3.0
1211.68	3.0
311.4	4.0
314.88	4.0
327.92	4.0
331.0	4.0
350.84	4.0
302.8	5.0
309.0	5.0
312.72	5.0
316.16	5.0
366.92	6.0
348.48	6.0
499.96	6.0
729.92	6.0
891.88	6.0
1065.32	6.0
1288.36	6.0
430.24	7.0
1138.2	7.0
411.6	7.0
437.72	7.0
627.64	7.0
893.72	7.0
1070.92	7.0
316.88	8.0
326.64	8.0
329.16	8.0
366.08	8.0
417.52	8.0
450.84	8.0
1175.2	8.0
1359.44	8.0
837.12	9.0
318.28	9.0
976.24	9.0
1069.84	9.0
1100.52	9.0
1277.84	9.0
1324.16	9.0
328.88	10.0
1233.48	10.0
308.92	10.0
312.12	10.0
324.72	10.0
341.24	10.0
511.48	10.0
593.04	10.0
673.44	10.0
729.16	10.0
788.76	10.0
824.52	10.0
854.36	10.0
912.24	10.0
977.24	10.0
1045.92	10.0
1106.28	10.0
1183.48	10.0
1230.68	10.0
1328.96	10.0
1419.84	10.0
326.48	11.0
329.04	11.0
366.04	11.0
600.64	11.0
725.72	11.0
944.96	11.0
1000.4	11.0
1135.08	11.0
1282.6	11.0
1376.88	11.0
308.96	11.0
312.08	11.0
314.76	11.0
322.44	11.0
336.12	11.0
342.4	11.0
363.48	11.0
430.28	11.0
598.0	11.0
644.84	11.0
708.4	11.0
734.0	11.0
758.12	11.0
813.72	11.0
852.24	11.0
912.64	11.0
996.0	11.0
1055.88	11.0
1142.96	11.0
1146.4	11.0
1189.12	11.0
1225.0	11.0
1353.6	11.0
1356.44	11.0
1388.64	11.0
326.36	12.0
308.96	12.0
312.6	12.0
323.84	12.0
865.04	12.0
306.96	13.0
318.92	13.0
326.08	13.0
336.4	13.0
339.84	13.0
368.4	13.0
657.6	13.0
864.68	13.0
893.32	13.0
1110.08	13.0
1170.56	13.0
348.36	14.0
783.56	14.0
314.2	14.0
322.76	14.0
308.16	15.0
324.76	15.0
676.08	15.0
739.84	15.0
307.4	16.0
302.76	17.0
324.68	18.0
311.2	20.0
352.32	20.0
320.24	20.0
366.32	20.0
857.56	20.0
307.32	21.0
312.16	21.0
317.36	21.0
325.0	21.0
330.56	21.0
341.36	21.0
348.12	21.0
358.0	21.0
367.04	21.0
378.68	21.0
391.56	21.0
414.08	21.0
480.4	21.0
531.68	21.0
561.8	21.0
596.04	21.0
599.48	21.0
632.6	21.0
655.84	21.0
747.92	21.0
767.0	21.0
772.28	21.0
821.84	21.0
891.92	21.0
935.52	21.0
997.84	21.0
1026.68	21.0
1098.8	21.0
1131.96	21.0
1168.64	21.0
1231.96	21.0
1294.48	21.0
1306.92	21.0
1338.96	21.0
1361.52	21.0
1388.64	21.0
1417.32	21.0
1433.36	21.0
1064.68	22.0
310.76	22.0
313.96	22.0
317.44	22.0
331.0	22.0
455.12	22.0
598.92	22.0
629.64	22.0
1245.72	22.0
1418.88	22.0
312.88	23.0
307.48	23.0
318.84	23.0
323.64	23.0
327.28	23.0
331.28	23.0
340.12	23.0
349.2	23.0
365.68	23.0
389.52	23.0
520.28	23.0
738.16	23.0
864.8	23.0
1308.88	23.0
1345.8	23.0
1378.72	23.0
314.24	24.0
344.92	24.0
310.84	24.0
323.48	24.0
337.96	24.0
364.08	24.0
411.08	24.0
438.24	24.0
479.04	24.0
528.76	24.0
573.36	24.0
625.44	24.0
698.92	24.0
731.12	24.0
814.76	24.0
864.4	24.0
945.36	24.0
1149.48	24.0
1188.32	24.0
1366.12	24.0
411.36	25.0
438.44	25.0
864.8	25.0
302.44	25.0
323.48	25.0
336.08	25.0
310.76	26.0
316.88	26.0
324.12	26.0
333.28	26.0
338.2	26.0
341.64	26.0
347.64	26.0
360.84	26.0
367.2	26.0
375.68	26.0
382.16	26.0
393.28	26.0
409.48	26.0
421.32	26.0
434.6	26.0
441.4	26.0
462.16	26.0
469.92	26.0
482.36	26.0
495.52	26.0
508.92	26.0
522.28	26.0
527.96	26.0
548.92	26.0
571.4	26.0
577.24	26.0
589.08	26.0
635.76	26.0
653.64	26.0
674.72	26.0
698.88	26.0
713.8	26.0
728.04	26.0
752.92	26.0
765.08	26.0
796.28	26.0
825.04	26.0
855.92	26.0
891.24	26.0
901.2	26.0
903.72	26.0
914.96	26.0
926.76	26.0
944.24	26.0
960.48	26.0
969.92	26.0
991.52	26.0
995.96	26.0
1023.2	26.0
1043.28	26.0
1058.44	26.0
1068.92	26.0
1091.12	26.0
1114.08	26.0
1121.72	26.0
1143.44	26.0
1160.0	26.0
1184.08	26.0
1201.44	26.0
1207.32	26.0
1222.6	26.0
1239.4	26.0
1258.64	26.0
1270.24	26.0
1285.52	26.0
1320.0	26.0
1342.8	26.0
1367.12	26.0
1379.44	26.0
1384.32	26.0
1394.6	26.0
1414.88	26.0
1418.88	26.0
1440.04	26.0
314.6	27.0
651.88	27.0
797.4	27.0
966.72	27.0
1059.64	27.0
1160.28	27.0
1259.92	27.0
306.64	28.0
302.44	28.0
311.4	28.0
318.0	28.0
325.6	28.0
330.76	28.0
335.08	28.0
341.6	28.0
350.36	28.0
682.48	28.0
869.08	28.0
975.92	28.0
1277.52	28.0
1323.88	28.0
1361.0	28.0
316.6	29.0
320.28	29.0
308.64	30.0
317.84	30.0
328.24	30.0
330.8	30.0
341.8	30.0
348.2	30.0
363.84	30.0
400.32	30.0
437.08	30.0
455.24	30.0
538.36	30.0
605.28	30.0
693.32	30.0
735.68	30.0
802.88	30.0
868.52	30.0
892.68	30.0
896.44	30.0
929.16	30.0
1130.52	30.0
1323.16	30.0
1358.64	30.0
1424.68	30.0
302.48	31.0
360.36	31.0
418.96	31.0
314.92	33.0
341.88	33.0
325.04	34.0
349.32	34.0
341.84	35.0
302.84	35.0
306.6	35.0
310.0	35.0
314.76	35.0
321.4	35.0
331.16	35.0
333.68	35.0
338.6	35.0
350.8	35.0
360.08	35.0
366.36	35.0
369.6	35.0
392.0	35.0
402.08	35.0
414.56	35.0
433.76	35.0
522.36	35.0
677.4	35.0
758.12	35.0
825.6	35.0
857.6	35.0
869.64	35.0
887.08	35.0
891.92	35.0
960.36	35.0
971.48	35.0
1003.32	35.0
1132.24	35.0
1169.52	35.0
1250.2	35.0
1304.52	35.0
1322.6	35.0
1349.48	35.0
1385.2	35.0
302.44	36.0
314.08	36.0
328.48	36.0
966.68	36.0
