306.68	1.0
319.44	1.0
1353.04	1.0
1364.36	1.0
335.96	2.0
22.56	2.0
101.32	2.0
156.84	2.0
184.84	2.0
262.32	2.0
295.56	2.0
313.16	2.0
315.96	2.0
324.44	2.0
330.28	2.0
400.24	2.0
1339.44	2.0
1352.88	2.0
1357.0	2.0
1364.8	2.0
1376.68	2.0
1415.56	2.0
1426.04	2.0
311.0	3.0
72.24	3.0
138.96	3.0
314.48	3.0
317.0	3.0
320.6	3.0
324.2	3.0
330.52	3.0
342.56	3.0
1353.84	3.0
1357.12	3.0
1366.04	3.0
1397.12	3.0
1428.64	3.0
316.56	4.0
319.28	4.0
312.72	5.0
2.52	6.0
337.2	6.0
328.6	7.0
451.24	7.0
1418.2	7.0
367.4	7.0
416.64	7.0
490.48	7.0
1349.6	8.0
306.84	8.0
315.76	8.0
318.52	8.0
323.08	8.0
340.56	8.0
362.84	8.0
443.12	8.0
535.4	8.0
1360.24	8.0
2.8	9.0
102.56	9.0
311.0	9.0
316.04	9.0
319.8	9.0
334.12	9.0
27.04	10.0
483.32	10.0
508.16	10.0
1349.16	10.0
15.72	10.0
139.12	10.0
260.96	10.0
309.04	10.0
311.96	10.0
682.72	10.0
1366.0	10.0
72.28	11.0
320.64	11.0
342.64	11.0
592.32	11.0
1397.2	11.0
4.12	11.0
309.0	11.0
311.8	11.0
331.16	11.0
536.28	11.0
1344.4	11.0
1357.52	11.0
1360.04	11.0
1333.8	12.0
58.72	12.0
308.96	12.0
312.32	12.0
319.92	12.0
360.16	12.0
533.8	12.0
1364.28	12.0
1411.2	12.0
1424.08	12.0
171.08	13.0
302.84	13.0
317.68	13.0
332.08	13.0
344.48	13.0
400.32	13.0
466.44	13.0
1359.48	13.0
1377.84	13.0
1390.64	13.0
1412.88	13.0
52.68	14.0
302.88	14.0
310.0	14.0
331.04	14.0
334.44	14.0
376.48	14.0
476.4	14.0
1390.36	14.0
312.68	15.0
323.84	15.0
15.04	16.0
306.28	16.0
317.16	20.0
2.8	21.0
302.72	21.0
314.76	21.0
1355.12	21.0
73.84	21.0
94.32	21.0
137.92	21.0
164.24	21.0
179.8	21.0
206.16	21.0
241.16	21.0
278.4	21.0
330.68	21.0
354.08	21.0
361.52	21.0
374.52	21.0
388.12	21.0
408.36	21.0
440.6	21.0
473.2	21.0
535.88	21.0
595.76	21.0
1339.76	21.0
1350.36	21.0
1359.0	21.0
1366.88	21.0
1377.96	21.0
1386.24	21.0
1388.8	21.0
1399.6	21.0
1402.56	21.0
1427.64	21.0
1438.76	21.0
302.56	22.0
55.56	22.0
71.04	22.0
104.72	22.0
162.2	22.0
299.28	22.0
307.84	22.0
315.52	22.0
341.64	22.0
718.48	22.0
1355.04	22.0
1377.04	22.0
1401.84	22.0
1404.84	22.0
1432.04	22.0
312.64	23.0
80.6	23.0
112.56	23.0
173.92	23.0
316.12	23.0
335.0	23.0
342.48	23.0
359.84	23.0
432.28	23.0
448.4	23.0
535.64	23.0
1349.24	23.0
1356.76	23.0
1362.36	23.0
1376.56	23.0
1384.92	23.0
1410.96	23.0
1418.6	23.0
1433.12	23.0
69.88	24.0
311.8	24.0
318.44	24.0
331.96	24.0
342.56	24.0
478.56	24.0
1342.12	24.0
1361.6	24.0
1390.96	24.0
1417.8	24.0
307.92	25.0
318.68	25.0
302.44	25.0
350.52	26.0
14.36	26.0
44.68	26.0
58.76	26.0
66.32	26.0
94.6	26.0
121.52	26.0
145.72	26.0
160.24	26.0
195.12	26.0
239.16	26.0
262.76	26.0
267.92	26.0
290.92	26.0
306.0	26.0
309.68	26.0
319.48	26.0
325.4	26.0
330.88	26.0
337.8	26.0
342.6	26.0
353.6	26.0
358.88	26.0
362.48	26.0
370.44	26.0
380.56	26.0
383.08	26.0
395.28	26.0
409.56	26.0
416.4	26.0
432.32	26.0
450.16	26.0
468.64	26.0
489.64	26.0
505.2	26.0
507.72	26.0
524.64	26.0
530.48	26.0
545.24	26.0
550.84	26.0
565.96	26.0
590.88	26.0
608.04	26.0
626.24	26.0
653.88	26.0
683.36	26.0
693.68	26.0
796.52	26.0
1345.88	26.0
1363.48	26.0
1372.88	26.0
1405.4	26.0
1410.52	26.0
1429.24	26.0
293.12	27.0
302.96	27.0
307.56	27.0
102.24	28.0
302.44	28.0
310.64	28.0
315.72	28.0
319.44	28.0
321.96	28.0
1381.84	28.0
108.8	30.0
274.32	30.0
309.44	30.0
316.2	30.0
324.4	30.0
336.52	30.0
374.0	30.0
384.92	30.0
392.88	30.0
413.12	30.0
441.44	30.0
480.92	30.0
1358.44	30.0
1364.16	30.0
1387.44	30.0
1409.84	30.0
1428.28	30.0
302.68	31.0
307.56	31.0
316.32	31.0
322.12	31.0
1348.52	31.0
1387.96	31.0
1433.36	31.0
1347.88	33.0
332.36	33.0
317.08	34.0
42.2	35.0
73.8	35.0
111.52	35.0
139.44	35.0
181.12	35.0
302.68	35.0
318.24	35.0
325.4	35.0
343.16	35.0
353.56	35.0
360.44	35.0
374.4	35.0
389.52	35.0
405.88	35.0
417.24	35.0
457.8	35.0
507.44	35.0
649.32	35.0
1340.88	35.0
1348.24	35.0
1356.64	35.0
1359.6	35.0
1384.68	35.0
1400.32	35.0
1417.96	35.0
1431.48	35.0
316.72	36.0
324.44	36.0
