302.48	1.0
322.48	1.0
325.8	1.0
1230.32	1.0
535.84	2.0
1269.52	2.0
313.84	2.0
316.48	2.0
319.32	2.0
323.92	2.0
327.32	2.0
331.28	2.0
334.36	2.0
338.16	2.0
342.36	2.0
347.04	2.0
352.84	2.0
359.8	2.0
378.76	2.0
388.92	2.0
401.56	2.0
420.64	2.0
461.12	2.0
469.0	2.0
551.36	2.0
595.32	2.0
599.76	2.0
622.68	2.0
658.4	2.0
670.2	2.0
817.68	2.0
828.0	2.0
854.96	2.0
932.96	2.0
971.96	2.0
988.96	2.0
1035.16	2.0
1107.16	2.0
1154.36	2.0
1221.2	2.0
379.04	3.0
314.52	3.0
319.52	3.0
326.84	3.0
330.52	3.0
335.0	3.0
344.16	3.0
346.96	3.0
397.76	3.0
401.48	3.0
460.88	3.0
499.6	3.0
599.12	3.0
636.24	3.0
641.96	3.0
724.64	3.0
750.36	3.0
858.88	3.0
1060.96	3.0
314.84	4.0
332.64	4.0
356.08	4.0
1281.68	4.0
302.64	5.0
314.12	5.0
320.56	5.0
321.6	6.0
325.56	6.0
333.8	6.0
390.68	6.0
467.32	6.0
878.72	6.0
1056.48	6.0
1263.4	6.0
1269.8	6.0
378.96	7.0
928.52	7.0
987.84	7.0
338.64	7.0
302.96	8.0
313.48	8.0
316.04	8.0
319.12	8.0
335.32	8.0
338.76	8.0
353.32	8.0
390.4	8.0
493.48	8.0
850.84	8.0
346.4	9.0
318.68	10.0
323.6	10.0
343.92	10.0
575.68	10.0
309.0	10.0
315.12	10.0
335.36	10.0
338.0	10.0
353.88	10.0
600.4	10.0
671.36	10.0
825.92	10.0
952.96	10.0
1023.2	10.0
1148.64	10.0
1266.04	10.0
614.24	11.0
677.64	11.0
724.72	11.0
790.04	11.0
859.0	11.0
897.64	11.0
1060.96	11.0
1318.0	11.0
309.0	11.0
316.84	11.0
323.4	11.0
326.28	11.0
329.84	11.0
334.92	11.0
338.08	11.0
342.84	11.0
357.08	11.0
360.76	11.0
373.68	11.0
378.56	11.0
389.72	11.0
400.36	11.0
429.64	11.0
572.04	11.0
649.08	11.0
710.32	11.0
829.56	11.0
833.6	11.0
958.76	11.0
308.96	12.0
330.96	12.0
352.72	12.0
302.48	13.0
318.08	13.0
339.8	13.0
354.48	13.0
378.88	13.0
488.88	13.0
318.84	14.0
321.92	14.0
324.44	14.0
329.88	14.0
344.04	14.0
349.12	14.0
379.48	14.0
437.52	14.0
845.68	14.0
1261.48	14.0
322.48	15.0
332.76	15.0
339.08	15.0
666.36	15.0
1132.72	15.0
1327.12	15.0
307.12	16.0
325.68	16.0
371.04	16.0
302.76	17.0
757.84	17.0
308.28	18.0
343.16	18.0
318.96	18.0
328.84	18.0
331.32	19.0
136.0	20.0
334.52	20.0
353.52	20.0
616.84	20.0
331.28	20.0
598.76	20.0
313.12	21.0
316.56	21.0
321.8	21.0
330.48	21.0
333.6	21.0
336.32	21.0
342.6	21.0
350.92	21.0
353.72	21.0
369.4	21.0
381.24	21.0
399.8	21.0
423.32	21.0
439.32	21.0
468.36	21.0
474.76	21.0
488.24	21.0
540.8	21.0
556.6	21.0
593.52	21.0
599.68	21.0
644.0	21.0
676.12	21.0
709.84	21.0
716.04	21.0
753.92	21.0
760.56	21.0
785.44	21.0
829.16	21.0
855.08	21.0
857.8	21.0
887.36	21.0
935.08	21.0
949.88	21.0
1040.8	21.0
1114.16	21.0
1253.24	21.0
1312.56	21.0
302.64	22.0
1240.36	22.0
314.6	22.0
318.8	22.0
324.88	22.0
329.92	22.0
334.04	22.0
339.88	22.0
350.88	22.0
358.32	22.0
398.48	22.0
802.08	22.0
332.6	23.0
307.44	23.0
314.64	23.0
325.56	23.0
328.68	23.0
365.2	23.0
572.12	23.0
855.16	23.0
883.52	23.0
1320.92	23.0
52.72	24.0
312.88	24.0
308.8	24.0
320.16	24.0
325.48	24.0
330.6	24.0
345.0	24.0
379.12	24.0
512.04	24.0
562.84	24.0
625.8	24.0
749.36	24.0
345.28	25.0
302.44	25.0
314.36	25.0
321.76	25.0
331.68	25.0
339.84	25.0
342.36	25.0
350.12	25.0
357.0	25.0
572.0	25.0
462.2	26.0
625.64	26.0
751.32	26.0
916.04	26.0
312.84	26.0
316.48	26.0
319.0	26.0
328.2	26.0
332.2	26.0
337.48	26.0
340.12	26.0
345.24	26.0
351.4	26.0
367.48	26.0
378.88	26.0
388.36	26.0
405.16	26.0
418.36	26.0
430.96	26.0
437.08	26.0
442.24	26.0
476.96	26.0
495.96	26.0
499.16	26.0
513.56	26.0
518.36	26.0
533.44	26.0
544.48	26.0
553.2	26.0
562.68	26.0
572.12	26.0
588.0	26.0
616.44	26.0
621.56	26.0
650.08	26.0
662.84	26.0
693.88	26.0
715.8	26.0
724.08	26.0
737.96	26.0
763.2	26.0
798.72	26.0
852.28	26.0
862.72	26.0
943.16	26.0
960.12	26.0
1016.8	26.0
1045.8	26.0
1083.68	26.0
1095.48	26.0
1127.2	26.0
1145.52	26.0
1169.76	26.0
1199.4	26.0
1259.28	26.0
1284.08	26.0
1331.44	26.0
331.64	27.0
352.76	27.0
827.0	27.0
914.4	27.0
1011.0	27.0
1305.36	27.0
302.44	28.0
306.56	28.0
314.24	28.0
317.48	28.0
323.0	28.0
327.12	28.0
334.48	28.0
342.04	28.0
354.08	28.0
360.32	28.0
376.0	28.0
308.16	29.0
313.92	29.0
328.96	29.0
378.2	29.0
314.88	30.0
328.76	30.0
345.76	30.0
361.16	30.0
387.32	30.0
435.24	30.0
512.8	30.0
520.6	30.0
553.68	30.0
557.28	30.0
579.08	30.0
657.52	30.0
689.64	30.0
799.08	30.0
934.96	30.0
307.92	31.0
327.56	31.0
332.96	31.0
338.52	31.0
343.4	31.0
352.48	31.0
369.68	31.0
386.0	31.0
475.36	31.0
510.24	31.0
317.4	33.0
302.48	33.0
322.8	33.0
322.08	34.0
317.08	34.0
333.52	34.0
348.36	34.0
302.48	35.0
306.48	35.0
316.36	35.0
321.32	35.0
325.16	35.0
332.2	35.0
336.24	35.0
345.12	35.0
352.8	35.0
356.8	35.0
366.12	35.0
398.0	35.0
411.32	35.0
420.56	35.0
431.0	35.0
578.4	35.0
664.36	35.0
669.4	35.0
730.8	35.0
806.0	35.0
820.76	35.0
856.72	35.0
883.56	35.0
888.92	35.0
910.12	35.0
920.36	35.0
982.28	35.0
1079.44	35.0
1326.0	35.0
345.32	36.0
307.88	36.0
312.84	36.0
320.68	36.0
324.28	36.0
334.24	36.0
348.48	36.0
365.72	36.0
421.44	36.0
465.64	36.0
538.12	36.0
