302.64	1.0
689.4	1.0
764.48	1.0
1124.72	1.0
907.44	2.0
44.76	2.0
54.52	2.0
61.12	2.0
69.48	2.0
84.6	2.0
101.44	2.0
121.2	2.0
138.96	2.0
162.72	2.0
189.64	2.0
252.64	2.0
255.88	2.0
258.92	2.0
285.16	2.0
310.8	2.0
313.32	2.0
321.12	2.0
407.2	2.0
418.04	2.0
463.08	2.0
498.56	2.0
531.28	2.0
572.2	2.0
599.48	2.0
640.92	2.0
664.16	2.0
682.24	2.0
686.36	2.0
725.0	2.0
731.16	2.0
733.68	2.0
801.32	2.0
820.36	2.0
838.64	2.0
851.96	2.0
889.88	2.0
943.16	2.0
966.76	2.0
1029.92	2.0
1044.76	2.0
1075.08	2.0
1091.56	2.0
1129.16	2.0
1133.92	2.0
1181.84	2.0
1240.08	2.0
1311.92	2.0
573.92	3.0
907.2	3.0
1240.68	3.0
45.0	3.0
70.32	3.0
121.36	3.0
125.84	3.0
138.68	3.0
162.52	3.0
167.36	3.0
193.88	3.0
312.12	3.0
315.88	3.0
320.76	3.0
339.44	3.0
366.64	3.0
407.36	3.0
418.2	3.0
431.08	3.0
449.48	3.0
531.4	3.0
600.88	3.0
640.76	3.0
725.16	3.0
731.52	3.0
753.92	3.0
782.84	3.0
821.2	3.0
890.08	3.0
943.36	3.0
969.32	3.0
1030.08	3.0
1075.24	3.0
1131.2	3.0
1133.76	3.0
1186.52	3.0
1312.12	3.0
1249.08	4.0
102.48	4.0
151.36	4.0
183.28	4.0
208.04	4.0
241.0	4.0
320.64	4.0
348.12	4.0
369.76	4.0
390.96	4.0
434.52	4.0
452.92	4.0
753.88	4.0
811.76	4.0
860.48	4.0
877.6	4.0
894.64	4.0
902.48	4.0
1146.0	4.0
1219.52	4.0
1273.08	4.0
1292.8	4.0
308.88	5.0
327.6	5.0
197.2	6.0
279.92	6.0
522.92	6.0
598.12	6.0
838.12	6.0
273.36	7.0
736.56	7.0
60.6	7.0
342.32	7.0
358.52	7.0
710.84	7.0
1139.88	7.0
321.64	8.0
66.8	8.0
93.48	8.0
136.12	8.0
148.44	8.0
180.84	8.0
245.2	8.0
415.4	8.0
458.2	8.0
495.64	8.0
520.8	8.0
570.32	8.0
647.48	8.0
687.84	8.0
766.96	8.0
867.04	8.0
906.36	8.0
992.52	8.0
1125.88	8.0
1179.32	8.0
1237.4	8.0
1321.32	8.0
45.76	9.0
218.48	9.0
286.72	9.0
325.72	9.0
498.24	9.0
530.72	9.0
643.24	9.0
725.44	9.0
775.8	9.0
821.28	9.0
1129.76	9.0
1312.2	9.0
69.36	10.0
1030.6	10.0
32.16	10.0
189.56	10.0
287.08	10.0
309.0	10.0
312.04	10.0
378.64	10.0
441.76	10.0
494.36	10.0
564.96	10.0
598.96	10.0
643.2	10.0
682.48	10.0
819.8	10.0
886.08	10.0
999.24	10.0
1129.32	10.0
1182.32	10.0
1217.36	10.0
1270.44	10.0
314.44	11.0
469.84	11.0
577.92	11.0
640.84	11.0
852.12	11.0
1186.6	11.0
70.04	11.0
84.24	11.0
87.04	11.0
106.48	11.0
118.32	11.0
186.8	11.0
190.36	11.0
259.6	11.0
308.96	11.0
311.64	11.0
333.92	11.0
373.84	11.0
439.2	11.0
497.92	11.0
523.44	11.0
565.28	11.0
682.88	11.0
723.76	11.0
749.24	11.0
801.24	11.0
821.96	11.0
882.6	11.0
889.96	11.0
1017.56	11.0
1020.88	11.0
1075.24	11.0
1126.48	11.0
1162.8	11.0
1167.04	11.0
1239.68	11.0
1275.52	11.0
1303.76	11.0
146.68	12.0
309.0	12.0
312.08	12.0
821.12	12.0
903.28	12.0
1270.56	12.0
1290.32	12.0
307.52	13.0
161.64	13.0
411.44	13.0
587.84	13.0
1263.76	13.0
1220.24	14.0
93.08	14.0
151.96	14.0
332.0	14.0
362.88	14.0
384.84	14.0
761.32	14.0
1074.12	14.0
1141.08	14.0
1188.32	14.0
1293.36	14.0
58.72	15.0
73.84	15.0
192.96	15.0
780.68	15.0
45.6	16.0
231.16	16.0
289.32	16.0
307.36	16.0
559.28	16.0
596.44	16.0
307.16	18.0
320.68	18.0
67.48	19.0
135.72	19.0
186.48	19.0
939.92	19.0
1026.32	19.0
1126.48	19.0
1237.92	19.0
323.28	20.0
302.48	21.0
66.8	21.0
116.92	21.0
147.36	21.0
171.12	21.0
243.44	21.0
314.4	21.0
318.04	21.0
321.04	21.0
354.88	21.0
368.8	21.0
412.48	21.0
471.56	21.0
640.44	21.0
727.24	21.0
769.76	21.0
822.8	21.0
880.6	21.0
900.32	21.0
937.52	21.0
952.44	21.0
1089.72	21.0
1111.88	21.0
1158.44	21.0
1198.24	21.0
1335.64	21.0
181.36	22.0
302.52	22.0
97.32	22.0
283.8	22.0
306.84	22.0
309.56	22.0
710.2	22.0
766.8	22.0
783.6	22.0
1022.64	22.0
1064.64	22.0
1222.8	22.0
1283.2	22.0
268.0	23.0
302.68	23.0
306.56	23.0
781.04	23.0
1247.72	23.0
52.04	23.0
68.6	23.0
84.68	23.0
150.6	23.0
169.88	23.0
181.44	23.0
201.0	23.0
204.52	23.0
239.2	23.0
283.88	23.0
328.04	23.0
344.4	23.0
358.52	23.0
507.84	23.0
585.68	23.0
608.64	23.0
611.6	23.0
692.64	23.0
733.6	23.0
746.16	23.0
753.28	23.0
769.68	23.0
828.76	23.0
839.2	23.0
904.76	23.0
1038.76	23.0
1041.76	23.0
1076.92	23.0
1211.4	23.0
1262.8	23.0
91.88	24.0
698.8	24.0
101.76	24.0
227.76	24.0
243.0	24.0
310.56	24.0
318.84	24.0
330.68	24.0
342.08	24.0
349.12	24.0
778.8	24.0
1040.84	24.0
850.12	25.0
302.44	25.0
755.6	25.0
176.28	26.0
235.44	26.0
302.96	26.0
345.36	26.0
783.08	26.0
902.08	26.0
8.72	26.0
18.2	26.0
23.76	26.0
59.2	26.0
67.88	26.0
82.48	26.0
98.36	26.0
116.76	26.0
130.04	26.0
138.0	26.0
153.2	26.0
207.64	26.0
216.44	26.0
229.84	26.0
243.28	26.0
266.48	26.0
287.0	26.0
299.92	26.0
310.92	26.0
320.56	26.0
331.4	26.0
342.44	26.0
347.88	26.0
360.48	26.0
372.52	26.0
406.28	26.0
457.72	26.0
489.92	26.0
527.88	26.0
555.0	26.0
607.64	26.0
610.52	26.0
614.56	26.0
671.24	26.0
701.28	26.0
709.84	26.0
740.52	26.0
759.16	26.0
765.36	26.0
777.56	26.0
808.88	26.0
828.96	26.0
836.92	26.0
841.2	26.0
852.88	26.0
865.72	26.0
882.24	26.0
893.0	26.0
896.04	26.0
911.44	26.0
931.36	26.0
957.76	26.0
1012.28	26.0
1043.12	26.0
1088.76	26.0
1117.0	26.0
1146.6	26.0
1187.64	26.0
1203.88	26.0
1212.92	26.0
1241.04	26.0
1275.16	26.0
1295.76	26.0
1315.6	26.0
1325.72	26.0
68.68	27.0
143.88	27.0
256.2	27.0
528.28	27.0
876.4	27.0
1295.16	27.0
307.0	28.0
33.32	28.0
45.36	28.0
58.4	28.0
189.92	28.0
218.12	28.0
284.32	28.0
302.44	28.0
311.2	28.0
316.28	28.0
323.36	28.0
330.36	28.0
407.24	28.0
418.52	28.0
439.68	28.0
464.24	28.0
497.88	28.0
539.12	28.0
573.32	28.0
586.4	28.0
600.24	28.0
642.88	28.0
681.76	28.0
696.36	28.0
850.24	28.0
891.08	28.0
909.84	28.0
945.0	28.0
1044.68	28.0
1075.44	28.0
1129.4	28.0
1133.6	28.0
1237.88	28.0
1311.8	28.0
1328.96	28.0
160.96	29.0
306.2	29.0
321.12	29.0
69.12	30.0
180.04	30.0
224.52	30.0
283.4	30.0
316.12	30.0
323.76	30.0
343.0	30.0
411.32	30.0
473.36	30.0
497.12	30.0
570.6	30.0
689.6	30.0
714.68	30.0
801.32	30.0
817.6	30.0
865.44	30.0
906.96	30.0
939.52	30.0
1025.92	30.0
1055.88	30.0
1087.72	30.0
1104.68	30.0
1140.92	30.0
1180.0	30.0
1202.4	30.0
1243.12	30.0
1328.84	30.0
322.04	31.0
343.32	31.0
410.16	31.0
79.8	32.0
166.36	33.0
312.56	33.0
70.04	34.0
248.0	34.0
290.8	34.0
302.72	34.0
307.32	34.0
322.2	34.0
853.88	34.0
65.08	35.0
84.64	35.0
91.72	35.0
95.36	35.0
119.88	35.0
146.72	35.0
155.2	35.0
171.08	35.0
173.64	35.0
187.76	35.0
206.76	35.0
307.52	35.0
313.64	35.0
318.64	35.0
321.16	35.0
325.2	35.0
343.32	35.0
379.6	35.0
391.72	35.0
453.44	35.0
477.84	35.0
528.04	35.0
577.88	35.0
674.4	35.0
723.6	35.0
737.68	35.0
740.4	35.0
761.04	35.0
769.64	35.0
826.84	35.0
883.08	35.0
1078.08	35.0
1130.28	35.0
1181.36	35.0
1187.4	35.0
1215.28	35.0
1244.96	35.0
302.44	36.0
324.72	36.0
349.76	36.0
