668.4	1.0
814.28	1.0
1165.44	1.0
1185.24	1.0
1306.48	1.0
351.64	2.0
32.52	2.0
51.76	2.0
81.68	2.0
111.8	2.0
129.56	2.0
219.52	2.0
246.8	2.0
266.84	2.0
311.68	2.0
319.12	2.0
362.0	2.0
468.44	2.0
511.52	2.0
666.32	2.0
694.12	2.0
705.12	2.0
769.48	2.0
777.76	2.0
810.4	2.0
858.52	2.0
953.76	2.0
968.44	2.0
980.12	2.0
999.32	2.0
1017.04	2.0
1059.04	2.0
1084.52	2.0
1161.56	2.0
1164.52	2.0
1185.92	2.0
1262.0	2.0
1313.12	2.0
50.2	3.0
112.04	3.0
129.48	3.0
219.68	3.0
246.0	3.0
263.92	3.0
267.0	3.0
310.6	3.0
316.76	3.0
325.08	3.0
338.92	3.0
342.76	3.0
470.32	3.0
511.72	3.0
677.52	3.0
721.44	3.0
739.2	3.0
771.24	3.0
810.56	3.0
953.64	3.0
981.96	3.0
1003.4	3.0
1020.68	3.0
1070.72	3.0
1081.4	3.0
1084.2	3.0
1133.8	3.0
1199.28	3.0
1262.2	3.0
1301.2	3.0
1313.28	3.0
316.8	4.0
12.72	4.0
80.68	4.0
132.72	4.0
153.6	4.0
218.96	4.0
244.04	4.0
263.6	4.0
294.88	4.0
331.8	4.0
344.52	4.0
361.12	4.0
379.68	4.0
423.16	4.0
461.52	4.0
495.32	4.0
510.64	4.0
528.56	4.0
574.16	4.0
631.56	4.0
638.76	4.0
695.52	4.0
741.56	4.0
758.76	4.0
771.68	4.0
777.84	4.0
815.28	4.0
841.28	4.0
858.6	4.0
927.68	4.0
951.2	4.0
965.24	4.0
1004.76	4.0
1037.4	4.0
1056.48	4.0
1086.8	4.0
1102.32	4.0
1133.44	4.0
1156.92	4.0
1183.44	4.0
1203.8	4.0
1224.64	4.0
1250.64	4.0
1272.96	4.0
1305.04	4.0
1321.2	4.0
309.64	5.0
312.88	5.0
1305.16	5.0
76.92	6.0
521.16	6.0
664.96	6.0
1098.84	6.0
1181.64	6.0
1325.4	6.0
30.28	7.0
1311.36	7.0
74.12	8.0
136.92	8.0
274.28	8.0
302.8	8.0
339.72	8.0
361.08	8.0
456.36	8.0
494.72	8.0
534.88	8.0
637.12	8.0
836.76	8.0
949.72	8.0
976.44	8.0
1005.8	8.0
1044.56	8.0
1193.48	8.0
1225.68	8.0
219.68	9.0
247.2	9.0
430.44	9.0
468.88	9.0
596.68	9.0
705.48	9.0
720.76	9.0
778.0	9.0
920.68	9.0
956.96	9.0
1062.12	9.0
1085.4	9.0
1134.36	9.0
1189.56	9.0
1301.92	9.0
816.36	10.0
1134.0	10.0
3.68	10.0
167.2	10.0
290.2	10.0
308.96	10.0
311.68	10.0
415.2	10.0
508.6	10.0
596.68	10.0
639.64	10.0
668.64	10.0
739.84	10.0
855.76	10.0
980.24	10.0
1057.68	10.0
1122.0	10.0
1165.84	10.0
1233.2	10.0
1262.24	10.0
1283.88	10.0
86.76	11.0
820.4	11.0
1081.44	11.0
1273.0	11.0
13.36	11.0
50.84	11.0
78.48	11.0
112.0	11.0
126.32	11.0
177.84	11.0
246.48	11.0
259.96	11.0
265.08	11.0
309.0	11.0
312.0	11.0
332.96	11.0
337.84	11.0
371.12	11.0
424.88	11.0
429.52	11.0
469.24	11.0
508.08	11.0
512.48	11.0
650.56	11.0
674.08	11.0
724.4	11.0
729.32	11.0
766.32	11.0
789.76	11.0
824.56	11.0
847.12	11.0
916.08	11.0
949.08	11.0
955.44	11.0
1003.6	11.0
1084.8	11.0
1130.68	11.0
1133.8	11.0
1165.32	11.0
1259.56	11.0
1262.8	11.0
1299.24	11.0
1320.84	11.0
271.08	12.0
308.96	12.0
311.72	12.0
336.4	12.0
502.88	12.0
1066.24	12.0
640.28	13.0
132.96	13.0
273.56	13.0
330.32	13.0
774.8	13.0
825.2	13.0
855.64	13.0
1190.32	13.0
1265.76	13.0
14.56	14.0
1156.48	14.0
241.88	14.0
386.04	14.0
427.96	14.0
1054.0	14.0
1183.92	14.0
1242.92	14.0
383.56	15.0
792.28	15.0
1145.4	15.0
302.48	16.0
1191.08	16.0
302.44	18.0
326.12	18.0
1059.72	19.0
636.6	20.0
107.84	20.0
516.12	20.0
938.04	20.0
1188.68	20.0
82.08	21.0
120.52	21.0
312.52	21.0
320.48	21.0
331.2	21.0
358.08	21.0
648.92	21.0
676.28	21.0
698.8	21.0
953.84	21.0
984.52	21.0
1100.6	21.0
1135.44	21.0
1315.8	21.0
302.88	22.0
1256.4	22.0
133.56	22.0
264.04	22.0
321.68	22.0
611.28	22.0
42.4	23.0
86.0	23.0
249.16	23.0
273.96	23.0
302.72	23.0
739.32	23.0
1162.0	23.0
7.24	23.0
13.04	23.0
78.24	23.0
109.76	23.0
124.28	23.0
131.24	23.0
214.96	23.0
221.72	23.0
244.12	23.0
265.12	23.0
286.32	23.0
318.92	23.0
330.36	23.0
336.24	23.0
361.36	23.0
373.68	23.0
424.32	23.0
453.64	23.0
465.4	23.0
498.0	23.0
507.56	23.0
516.08	23.0
529.84	23.0
597.44	23.0
665.04	23.0
694.52	23.0
775.52	23.0
795.2	23.0
812.96	23.0
817.92	23.0
855.24	23.0
888.44	23.0
925.2	23.0
952.72	23.0
1006.84	23.0
1062.4	23.0
1086.68	23.0
1135.96	23.0
1185.52	23.0
1195.8	23.0
1222.04	23.0
1248.4	23.0
1257.32	23.0
1269.68	23.0
1304.44	23.0
309.8	24.0
319.32	24.0
330.88	24.0
420.6	24.0
383.44	25.0
302.48	25.0
477.32	26.0
1036.32	26.0
8.28	26.0
15.84	26.0
42.44	26.0
47.28	26.0
86.32	26.0
111.96	26.0
147.96	26.0
214.2	26.0
235.44	26.0
274.2	26.0
306.12	26.0
319.76	26.0
326.84	26.0
334.36	26.0
345.88	26.0
355.36	26.0
380.0	26.0
407.32	26.0
422.56	26.0
452.36	26.0
503.72	26.0
561.4	26.0
625.04	26.0
643.2	26.0
668.96	26.0
704.64	26.0
750.0	26.0
782.8	26.0
796.64	26.0
866.48	26.0
932.96	26.0
940.6	26.0
1066.32	26.0
1126.16	26.0
1130.88	26.0
1157.8	26.0
1166.44	26.0
1195.0	26.0
1220.28	26.0
1260.32	26.0
1301.52	26.0
1304.6	26.0
1307.2	26.0
1325.32	26.0
153.44	27.0
303.0	27.0
524.36	27.0
555.6	27.0
642.48	27.0
679.16	27.0
967.56	27.0
1009.84	27.0
1066.2	27.0
670.32	28.0
3.92	28.0
77.6	28.0
112.36	28.0
302.48	28.0
315.16	28.0
321.48	28.0
324.6	28.0
329.92	28.0
524.32	28.0
558.32	28.0
596.32	28.0
663.2	28.0
685.44	28.0
705.08	28.0
746.68	28.0
860.8	28.0
1007.04	28.0
1061.72	28.0
1164.04	28.0
1262.24	28.0
3.72	29.0
112.76	29.0
1044.92	29.0
1081.56	29.0
74.36	30.0
77.0	30.0
293.04	30.0
336.88	30.0
361.24	30.0
596.64	30.0
863.36	30.0
976.56	30.0
1049.92	30.0
1225.8	30.0
242.16	31.0
340.96	31.0
14.36	33.0
677.6	33.0
848.32	33.0
104.16	34.0
173.64	34.0
248.04	34.0
319.76	34.0
424.88	34.0
434.76	34.0
507.32	34.0
739.04	34.0
746.32	34.0
776.12	34.0
796.28	34.0
1268.56	34.0
1277.64	34.0
107.0	35.0
12.44	35.0
41.72	35.0
47.68	35.0
114.04	35.0
134.4	35.0
179.88	35.0
196.04	35.0
215.84	35.0
243.88	35.0
251.44	35.0
268.52	35.0
275.04	35.0
291.0	35.0
306.12	35.0
315.12	35.0
331.56	35.0
341.0	35.0
351.24	35.0
365.84	35.0
374.8	35.0
386.24	35.0
407.4	35.0
427.8	35.0
451.44	35.0
458.92	35.0
465.12	35.0
496.92	35.0
509.56	35.0
527.84	35.0
535.04	35.0
540.44	35.0
595.76	35.0
607.64	35.0
637.6	35.0
675.12	35.0
694.48	35.0
752.16	35.0
757.2	35.0
772.36	35.0
785.28	35.0
817.04	35.0
819.8	35.0
837.4	35.0
888.76	35.0
892.88	35.0
903.72	35.0
922.64	35.0
949.8	35.0
953.96	35.0
985.76	35.0
1039.88	35.0
1045.04	35.0
1054.52	35.0
1086.0	35.0
1100.4	35.0
1114.28	35.0
1145.28	35.0
1156.8	35.0
1174.88	35.0
1180.64	35.0
1192.96	35.0
1218.8	35.0
1223.56	35.0
1254.8	35.0
1262.64	35.0
1304.88	35.0
1311.0	35.0
1324.76	35.0
42.0	36.0
302.44	36.0
328.48	36.0
498.44	36.0
890.6	36.0
1020.6	36.0
1088.08	36.0
