157.16	1.0
1336.2	1.0
157.36	2.0
1130.6	2.0
12.68	2.0
15.6	2.0
63.92	2.0
67.92	2.0
128.6	2.0
172.48	2.0
268.4	2.0
273.28	2.0
276.8	2.0
313.84	2.0
320.64	2.0
330.76	2.0
349.24	2.0
380.12	2.0
417.32	2.0
434.64	2.0
438.64	2.0
444.56	2.0
473.68	2.0
476.52	2.0
509.08	2.0
515.08	2.0
550.2	2.0
559.8	2.0
613.04	2.0
1136.88	2.0
1168.68	2.0
1181.24	2.0
1188.64	2.0
1199.32	2.0
1203.6	2.0
1211.8	2.0
1215.96	2.0
1242.72	2.0
1257.24	2.0
1263.4	2.0
1277.16	2.0
1289.2	2.0
1292.0	2.0
1304.44	2.0
1344.48	2.0
1358.4	2.0
1388.24	2.0
12.36	3.0
68.08	3.0
73.04	3.0
131.88	3.0
167.04	3.0
174.52	3.0
195.64	3.0
228.48	3.0
276.96	3.0
314.04	3.0
350.2	3.0
440.24	3.0
466.68	3.0
476.68	3.0
515.28	3.0
564.6	3.0
584.52	3.0
620.52	3.0
1168.8	3.0
1172.2	3.0
1178.04	3.0
1193.36	3.0
1215.52	3.0
1219.32	3.0
1236.12	3.0
1249.52	3.0
1269.28	3.0
1276.64	3.0
1284.4	3.0
1292.16	3.0
1323.68	3.0
1344.64	3.0
1354.44	3.0
1358.52	3.0
1367.76	3.0
1391.16	3.0
1393.68	3.0
1426.92	3.0
56.28	4.0
75.6	4.0
88.48	4.0
119.8	4.0
133.52	4.0
180.6	4.0
196.56	4.0
215.64	4.0
238.16	4.0
258.76	4.0
311.84	4.0
331.4	4.0
349.92	4.0
368.48	4.0
390.2	4.0
408.08	4.0
420.2	4.0
439.92	4.0
468.88	4.0
484.36	4.0
499.92	4.0
509.84	4.0
520.24	4.0
532.28	4.0
553.12	4.0
566.12	4.0
608.56	4.0
617.56	4.0
666.28	4.0
1143.44	4.0
1178.28	4.0
1193.36	4.0
1211.24	4.0
1228.8	4.0
1238.16	4.0
1251.88	4.0
1268.32	4.0
1276.36	4.0
1286.48	4.0
1300.48	4.0
1317.0	4.0
1325.88	4.0
1332.96	4.0
1342.76	4.0
1353.64	4.0
1367.28	4.0
1382.68	4.0
1394.36	4.0
1409.12	4.0
1417.72	4.0
1428.68	4.0
311.76	5.0
365.72	5.0
1164.52	5.0
44.2	6.0
167.24	6.0
240.48	6.0
416.48	6.0
497.08	6.0
669.36	6.0
1246.32	6.0
1273.52	6.0
1299.76	6.0
1329.32	6.0
1410.52	6.0
302.92	7.0
339.92	7.0
1279.4	7.0
33.08	8.0
136.64	8.0
303.16	8.0
327.6	8.0
361.24	8.0
370.24	8.0
386.32	8.0
391.48	8.0
510.52	8.0
585.52	8.0
1138.96	8.0
1161.68	8.0
1178.48	8.0
1287.56	8.0
1318.04	8.0
333.12	9.0
1168.56	9.0
272.0	9.0
308.32	9.0
317.6	9.0
515.36	9.0
1260.6	9.0
1277.24	9.0
1343.92	9.0
245.84	10.0
66.44	10.0
309.0	10.0
312.08	10.0
539.28	10.0
1080.4	10.0
1169.68	10.0
167.04	11.0
422.56	11.0
537.08	11.0
1249.64	11.0
1265.84	11.0
89.16	11.0
93.32	11.0
175.0	11.0
309.04	11.0
312.16	11.0
357.2	11.0
371.32	11.0
433.24	11.0
616.76	11.0
1134.28	11.0
1145.12	11.0
1155.8	11.0
1169.96	11.0
1174.8	11.0
1197.28	11.0
1202.16	11.0
1229.96	11.0
1261.76	11.0
1288.24	11.0
1358.44	11.0
1406.6	11.0
76.04	12.0
200.08	12.0
309.0	12.0
312.36	12.0
326.24	12.0
1237.96	12.0
302.68	13.0
308.8	13.0
380.84	13.0
1244.4	13.0
1257.96	13.0
1325.04	13.0
307.16	14.0
100.96	14.0
173.76	14.0
303.24	14.0
422.32	14.0
427.36	14.0
1166.36	14.0
1211.84	14.0
1215.16	14.0
1267.0	14.0
49.0	15.0
267.44	15.0
302.48	15.0
568.04	15.0
1205.2	15.0
1244.96	15.0
1304.84	15.0
1339.56	15.0
1358.6	15.0
1393.8	15.0
284.36	16.0
304.96	16.0
1220.12	16.0
1228.8	16.0
368.08	17.0
302.8	17.0
309.36	17.0
59.4	19.0
120.12	20.0
180.12	20.0
1303.96	20.0
447.92	21.0
304.8	21.0
307.88	21.0
312.68	21.0
320.96	21.0
331.28	21.0
345.0	21.0
354.2	21.0
364.48	21.0
373.88	21.0
389.72	21.0
445.24	21.0
572.44	21.0
673.76	21.0
1197.72	21.0
1225.0	21.0
1268.84	21.0
1291.28	21.0
1430.72	21.0
69.56	22.0
145.56	22.0
225.44	22.0
244.0	22.0
310.76	22.0
328.2	22.0
436.72	22.0
462.4	22.0
510.6	22.0
561.36	22.0
626.24	22.0
1182.12	22.0
1213.08	22.0
1228.36	22.0
1242.16	22.0
1256.4	22.0
1263.16	22.0
1277.92	22.0
1302.04	22.0
1321.24	22.0
1355.24	22.0
1389.56	22.0
1408.56	22.0
302.72	23.0
306.2	23.0
1173.96	23.0
1204.36	23.0
9.56	23.0
37.92	23.0
138.68	23.0
147.8	23.0
172.88	23.0
205.44	23.0
225.8	23.0
246.16	23.0
312.16	23.0
322.52	23.0
326.04	23.0
406.8	23.0
441.88	23.0
507.48	23.0
1139.16	23.0
1148.52	23.0
1165.84	23.0
1178.28	23.0
1182.52	23.0
1214.92	23.0
1228.52	23.0
1251.96	23.0
1259.12	23.0
1275.04	23.0
1303.96	23.0
1322.0	23.0
1343.24	23.0
1357.36	23.0
1421.8	23.0
1194.32	24.0
304.44	24.0
315.12	24.0
332.48	24.0
351.64	24.0
1228.68	24.0
1263.72	24.0
1284.96	24.0
405.36	25.0
570.08	25.0
1164.28	25.0
624.28	26.0
7.68	26.0
36.8	26.0
58.92	26.0
76.52	26.0
99.24	26.0
144.2	26.0
203.48	26.0
238.76	26.0
303.56	26.0
306.24	26.0
313.0	26.0
323.8	26.0
333.72	26.0
341.48	26.0
355.44	26.0
361.04	26.0
375.88	26.0
380.2	26.0
391.68	26.0
414.4	26.0
428.76	26.0
445.88	26.0
517.08	26.0
589.0	26.0
648.84	26.0
702.12	26.0
1153.72	26.0
1171.52	26.0
1181.48	26.0
1193.48	26.0
1196.64	26.0
1200.88	26.0
1212.4	26.0
1217.96	26.0
1223.52	26.0
1230.4	26.0
1238.52	26.0
1249.64	26.0
1264.16	26.0
1269.24	26.0
1278.04	26.0
1286.12	26.0
1300.96	26.0
1306.8	26.0
1317.8	26.0
1331.72	26.0
1354.44	26.0
1358.4	26.0
1376.64	26.0
1395.0	26.0
1414.52	26.0
306.2	27.0
87.24	27.0
380.08	27.0
474.0	27.0
571.56	27.0
1322.2	27.0
1341.32	27.0
1211.52	28.0
11.52	28.0
43.88	28.0
67.32	28.0
173.96	28.0
271.6	28.0
288.84	28.0
302.44	28.0
307.88	28.0
314.32	28.0
332.96	28.0
348.96	28.0
430.2	28.0
455.72	28.0
475.0	28.0
514.92	28.0
1116.52	28.0
1130.28	28.0
1174.6	28.0
1188.16	28.0
1198.32	28.0
1224.92	28.0
1233.88	28.0
1248.8	28.0
1293.68	28.0
303.08	29.0
307.64	29.0
1359.36	29.0
303.28	30.0
322.68	30.0
326.32	30.0
350.92	30.0
370.76	30.0
411.16	30.0
448.24	30.0
509.36	30.0
515.32	30.0
610.84	30.0
1202.2	30.0
1256.08	30.0
1272.08	30.0
302.8	31.0
310.2	31.0
323.72	31.0
326.72	31.0
441.44	31.0
1302.32	33.0
303.16	33.0
1275.64	33.0
189.52	34.0
303.48	34.0
306.64	34.0
1226.36	34.0
1259.56	34.0
1274.96	34.0
1163.56	35.0
68.04	35.0
100.0	35.0
117.64	35.0
132.76	35.0
164.76	35.0
181.56	35.0
204.96	35.0
238.0	35.0
290.84	35.0
302.48	35.0
305.32	35.0
314.4	35.0
318.36	35.0
329.64	35.0
342.88	35.0
351.56	35.0
377.68	35.0
393.4	35.0
412.88	35.0
420.56	35.0
442.68	35.0
466.4	35.0
519.8	35.0
528.36	35.0
569.2	35.0
639.88	35.0
1144.68	35.0
1178.12	35.0
1189.36	35.0
1207.88	35.0
1226.0	35.0
1234.72	35.0
1239.88	35.0
1248.64	35.0
1256.04	35.0
1277.24	35.0
1281.44	35.0
1287.48	35.0
1290.96	35.0
1300.56	35.0
1304.08	35.0
1307.2	35.0
1322.52	35.0
1326.12	35.0
1335.48	35.0
1340.4	35.0
1345.76	35.0
1354.88	35.0
1369.6	35.0
1372.48	35.0
1376.84	35.0
1392.6	35.0
1414.68	35.0
1417.88	35.0
1424.96	35.0
51.16	36.0
216.32	36.0
262.92	36.0
302.44	36.0
352.48	36.0
407.16	36.0
717.6	36.0
1187.32	36.0
1196.88	36.0
1201.76	36.0
1210.88	36.0
1247.24	36.0
1273.92	36.0
1351.24	36.0
1371.92	36.0
