1135.48	1.0
1066.96	2.0
314.24	2.0
318.16	2.0
326.72	2.0
331.48	2.0
343.16	2.0
351.52	2.0
385.56	2.0
398.96	2.0
440.92	2.0
472.36	2.0
515.04	2.0
519.2	2.0
549.0	2.0
575.16	2.0
590.96	2.0
598.4	2.0
640.64	2.0
657.8	2.0
664.28	2.0
669.56	2.0
686.44	2.0
736.48	2.0
753.4	2.0
756.6	2.0
772.04	2.0
779.28	2.0
781.84	2.0
799.28	2.0
822.96	2.0
827.28	2.0
848.0	2.0
872.24	2.0
877.48	2.0
880.52	2.0
903.48	2.0
906.84	2.0
921.92	2.0
931.88	2.0
970.8	2.0
1053.64	2.0
1057.08	2.0
1089.76	2.0
1133.48	2.0
1136.0	2.0
1143.0	2.0
1179.92	2.0
1233.4	2.0
1257.12	2.0
1261.76	2.0
1309.56	2.0
1315.52	2.0
390.92	3.0
879.68	3.0
1241.36	3.0
311.72	3.0
316.6	3.0
319.12	3.0
328.76	3.0
359.56	3.0
403.8	3.0
443.16	3.0
492.4	3.0
549.16	3.0
587.96	3.0
654.36	3.0
684.72	3.0
780.64	3.0
793.68	3.0
802.96	3.0
841.84	3.0
906.92	3.0
936.0	3.0
971.44	3.0
980.88	3.0
1011.08	3.0
1099.08	3.0
1101.64	3.0
1135.68	3.0
1154.72	3.0
1209.08	3.0
1231.92	3.0
1276.96	3.0
311.76	4.0
403.68	4.0
835.44	4.0
318.36	4.0
332.28	4.0
344.32	4.0
365.88	4.0
391.96	4.0
424.08	4.0
442.84	4.0
487.8	4.0
590.88	4.0
843.12	4.0
882.92	4.0
890.8	4.0
919.96	4.0
938.2	4.0
962.76	4.0
982.96	4.0
1013.96	4.0
1033.6	4.0
1067.0	4.0
1086.88	4.0
1099.68	4.0
1116.2	4.0
1140.6	4.0
1147.92	4.0
1158.0	4.0
1175.76	4.0
1192.16	4.0
1208.6	4.0
1231.12	4.0
1241.28	4.0
1261.64	4.0
1278.68	4.0
1313.24	4.0
302.84	5.0
311.36	5.0
333.6	5.0
399.84	5.0
589.56	5.0
601.96	5.0
658.2	5.0
323.16	6.0
347.6	6.0
391.96	6.0
400.92	6.0
482.44	6.0
589.24	6.0
640.12	6.0
723.68	6.0
824.6	6.0
881.4	6.0
931.08	6.0
1012.0	6.0
1082.0	6.0
1144.92	6.0
1192.96	6.0
455.52	7.0
573.16	7.0
601.64	7.0
302.52	7.0
393.88	7.0
1033.12	7.0
317.28	8.0
332.84	8.0
384.56	8.0
394.08	8.0
422.24	8.0
576.04	8.0
645.6	8.0
725.08	8.0
766.36	8.0
792.4	8.0
816.16	8.0
881.28	8.0
905.28	8.0
961.6	8.0
986.84	8.0
1062.92	8.0
1069.2	8.0
1091.04	8.0
1115.56	8.0
1122.0	8.0
1274.04	8.0
574.2	9.0
757.16	9.0
904.84	9.0
932.84	9.0
1119.28	9.0
1169.2	9.0
1317.68	9.0
751.36	10.0
847.68	10.0
308.96	10.0
311.8	10.0
315.92	10.0
354.96	10.0
441.72	10.0
321.16	11.0
337.16	11.0
350.2	11.0
378.16	11.0
390.56	11.0
427.4	11.0
457.32	11.0
540.32	11.0
1318.68	11.0
308.96	11.0
311.92	11.0
364.2	11.0
387.6	11.0
474.76	11.0
548.72	11.0
778.76	11.0
797.68	11.0
846.16	11.0
881.64	11.0
935.2	11.0
1157.76	11.0
1227.08	11.0
1232.52	11.0
1265.48	11.0
1308.68	11.0
309.0	12.0
311.84	12.0
318.48	12.0
332.2	12.0
1103.32	12.0
302.8	13.0
341.44	13.0
454.64	13.0
1095.84	13.0
1119.24	13.0
1174.88	13.0
1309.0	13.0
340.84	14.0
352.12	14.0
316.04	14.0
319.16	14.0
321.84	14.0
337.8	14.0
838.96	14.0
309.72	15.0
332.24	15.0
346.2	15.0
1004.84	15.0
313.08	16.0
394.12	16.0
419.04	16.0
569.76	16.0
608.52	16.0
683.12	16.0
725.12	16.0
783.04	16.0
827.6	16.0
909.8	16.0
952.72	16.0
1025.0	16.0
1082.08	16.0
1119.56	16.0
401.96	18.0
619.56	19.0
318.68	20.0
339.92	20.0
309.76	21.0
315.12	21.0
320.64	21.0
331.72	21.0
339.32	21.0
349.08	21.0
358.16	21.0
363.92	21.0
369.88	21.0
373.24	21.0
380.88	21.0
388.24	21.0
414.44	21.0
457.08	21.0
489.84	21.0
526.0	21.0
544.16	21.0
546.68	21.0
591.28	21.0
655.4	21.0
694.64	21.0
709.44	21.0
1090.04	21.0
1114.32	21.0
1162.24	21.0
1216.56	21.0
302.84	22.0
315.24	22.0
325.96	22.0
328.84	22.0
347.24	22.0
351.84	22.0
356.48	22.0
385.92	22.0
401.36	22.0
423.64	22.0
487.56	22.0
838.72	22.0
848.84	22.0
881.0	22.0
949.36	22.0
1162.24	22.0
1214.8	22.0
1278.32	22.0
307.88	23.0
323.16	23.0
363.76	23.0
602.12	23.0
315.76	23.0
328.96	23.0
341.48	23.0
350.48	23.0
374.36	23.0
382.96	23.0
434.96	23.0
455.88	23.0
469.96	23.0
473.84	23.0
564.56	23.0
655.36	23.0
677.0	23.0
754.32	23.0
796.56	23.0
800.88	23.0
826.4	23.0
839.12	23.0
870.68	23.0
883.4	23.0
898.84	23.0
905.48	23.0
950.6	23.0
964.12	23.0
970.52	23.0
1060.52	23.0
1091.04	23.0
1116.16	23.0
1131.52	23.0
1173.88	23.0
1186.16	23.0
1229.24	23.0
1281.48	23.0
1309.76	23.0
311.6	24.0
319.08	24.0
325.28	24.0
328.68	24.0
331.4	24.0
336.8	24.0
345.64	24.0
371.56	24.0
441.4	24.0
1042.12	24.0
635.68	25.0
678.36	25.0
302.44	25.0
326.68	25.0
374.28	25.0
306.8	26.0
312.48	26.0
319.08	26.0
324.16	26.0
330.92	26.0
341.88	26.0
346.88	26.0
358.36	26.0
368.4	26.0
381.28	26.0
383.8	26.0
389.2	26.0
393.56	26.0
404.16	26.0
423.28	26.0
429.88	26.0
440.16	26.0
446.64	26.0
456.52	26.0
460.44	26.0
481.6	26.0
484.64	26.0
509.52	26.0
541.48	26.0
568.44	26.0
605.68	26.0
615.8	26.0
655.04	26.0
792.2	26.0
878.92	26.0
930.4	26.0
969.44	26.0
1014.56	26.0
1049.04	26.0
1080.52	26.0
1167.36	26.0
1179.04	26.0
1223.32	26.0
1256.2	26.0
1275.72	26.0
1292.16	26.0
302.56	27.0
382.08	27.0
410.2	27.0
441.28	27.0
493.4	27.0
522.6	27.0
559.08	27.0
588.24	27.0
606.56	27.0
635.36	27.0
863.76	27.0
1068.6	27.0
1118.88	27.0
1175.4	27.0
302.44	28.0
308.88	28.0
326.52	28.0
330.56	28.0
335.52	28.0
339.8	28.0
346.88	28.0
357.16	28.0
365.92	28.0
384.4	28.0
394.56	28.0
407.36	28.0
436.64	28.0
573.84	28.0
726.4	28.0
828.76	28.0
886.32	28.0
893.72	28.0
904.48	28.0
944.52	28.0
1008.0	28.0
1025.8	28.0
1094.24	28.0
1118.96	28.0
1146.84	28.0
1193.44	28.0
1231.64	28.0
1266.8	28.0
1269.48	28.0
1317.32	28.0
411.48	29.0
970.08	29.0
1004.96	29.0
309.96	30.0
316.36	30.0
342.16	30.0
359.84	30.0
365.12	30.0
385.88	30.0
396.88	30.0
415.68	30.0
428.44	30.0
450.76	30.0
696.08	30.0
733.92	30.0
781.24	30.0
930.96	30.0
935.2	30.0
970.0	30.0
317.76	31.0
321.48	31.0
330.88	31.0
340.4	31.0
385.36	31.0
880.92	31.0
905.04	31.0
1307.16	31.0
375.44	33.0
903.96	33.0
302.76	33.0
359.56	34.0
320.76	34.0
325.8	34.0
362.24	34.0
856.84	34.0
969.72	34.0
319.2	35.0
302.8	35.0
312.68	35.0
324.2	35.0
331.0	35.0
336.0	35.0
340.6	35.0
347.04	35.0
351.56	35.0
360.88	35.0
366.64	35.0
373.16	35.0
388.92	35.0
392.32	35.0
400.52	35.0
410.72	35.0
422.24	35.0
432.64	35.0
444.16	35.0
455.72	35.0
468.08	35.0
477.44	35.0
495.6	35.0
508.88	35.0
543.08	35.0
557.96	35.0
564.4	35.0
592.92	35.0
616.36	35.0
636.8	35.0
655.04	35.0
681.2	35.0
741.6	35.0
782.32	35.0
792.36	35.0
817.56	35.0
838.32	35.0
880.16	35.0
883.16	35.0
892.64	35.0
916.0	35.0
939.52	35.0
952.0	35.0
962.32	35.0
970.96	35.0
979.32	35.0
1050.92	35.0
1054.08	35.0
1062.84	35.0
1086.76	35.0
1098.16	35.0
1115.04	35.0
1127.8	35.0
1130.68	35.0
1136.84	35.0
1144.56	35.0
1172.92	35.0
1176.28	35.0
1195.8	35.0
1214.28	35.0
1220.76	35.0
1228.48	35.0
1246.04	35.0
1251.88	35.0
1293.24	35.0
1308.24	35.0
1316.4	35.0
302.48	36.0
307.48	36.0
315.44	36.0
323.92	36.0
333.32	36.0
364.04	36.0
439.92	36.0
735.16	36.0
776.44	36.0
861.84	36.0
963.96	36.0
