302.84	1.0
355.84	1.0
392.44	1.0
466.2	1.0
313.64	2.0
40.6	2.0
170.48	2.0
310.88	2.0
317.72	2.0
334.56	2.0
337.28	2.0
157.2	3.0
159.72	3.0
320.96	3.0
334.72	3.0
341.0	3.0
364.76	3.0
385.6	3.0
388.68	3.0
614.44	3.0
617.52	3.0
412.68	4.0
4.44	4.0
30.32	4.0
53.92	4.0
67.0	4.0
88.28	4.0
102.08	4.0
119.4	4.0
159.28	4.0
175.84	4.0
195.28	4.0
213.28	4.0
225.76	4.0
260.72	4.0
281.32	4.0
317.96	4.0
339.56	4.0
346.88	4.0
361.64	4.0
388.24	4.0
392.52	4.0
428.0	4.0
451.8	4.0
471.32	4.0
491.12	4.0
528.0	4.0
546.88	4.0
614.04	4.0
195.76	5.0
33.2	6.0
66.12	6.0
100.92	6.0
265.6	6.0
342.4	6.0
363.2	6.0
411.96	6.0
541.6	6.0
57.36	7.0
241.64	7.0
326.64	7.0
337.76	7.0
515.68	7.0
141.48	8.0
146.28	8.0
196.08	8.0
216.68	8.0
294.44	8.0
327.0	8.0
449.32	8.0
509.84	8.0
525.88	8.0
617.96	8.0
25.92	9.0
377.28	9.0
108.8	10.0
101.88	10.0
309.04	10.0
311.84	10.0
12.32	11.0
113.0	11.0
368.68	11.0
3.32	11.0
53.16	11.0
97.64	11.0
137.12	11.0
193.32	11.0
272.72	11.0
308.96	11.0
311.56	11.0
332.92	11.0
347.48	11.0
392.68	11.0
471.48	11.0
104.24	12.0
309.0	12.0
312.04	12.0
317.56	12.0
364.6	12.0
529.36	12.0
78.6	13.0
302.88	13.0
381.92	13.0
272.52	14.0
102.04	14.0
330.28	14.0
302.52	15.0
125.64	16.0
302.48	16.0
307.04	16.0
21.92	21.0
32.2	21.0
102.32	21.0
113.88	21.0
149.4	21.0
165.36	21.0
198.48	21.0
287.92	21.0
317.12	21.0
335.32	21.0
398.36	21.0
431.28	21.0
470.92	21.0
557.52	21.0
302.64	22.0
42.8	22.0
82.16	22.0
108.2	22.0
145.64	22.0
215.16	22.0
330.64	22.0
392.44	22.0
435.72	22.0
462.64	22.0
506.32	22.0
617.76	22.0
331.32	23.0
79.92	23.0
102.72	23.0
110.32	23.0
147.88	23.0
214.52	23.0
217.68	23.0
230.84	23.0
257.92	23.0
312.68	23.0
319.6	23.0
344.84	23.0
357.16	23.0
380.36	23.0
438.32	23.0
471.68	23.0
510.52	23.0
601.28	23.0
620.4	23.0
648.64	23.0
319.68	24.0
242.56	25.0
27.92	26.0
126.56	26.0
164.96	26.0
37.72	26.0
61.0	26.0
80.6	26.0
96.76	26.0
119.88	26.0
123.28	26.0
141.44	26.0
193.16	26.0
239.84	26.0
246.32	26.0
265.48	26.0
308.68	26.0
314.44	26.0
322.08	26.0
348.0	26.0
367.84	26.0
377.48	26.0
383.08	26.0
389.96	26.0
398.4	26.0
419.36	26.0
439.2	26.0
549.88	26.0
589.12	26.0
600.56	26.0
9.64	27.0
34.76	27.0
228.56	27.0
307.32	27.0
410.6	27.0
63.32	28.0
187.68	28.0
302.44	28.0
317.0	28.0
324.04	28.0
352.76	28.0
225.08	29.0
306.36	29.0
172.56	30.0
263.56	30.0
328.44	30.0
359.6	30.0
437.12	30.0
322.16	31.0
111.76	33.0
58.2	33.0
369.44	33.0
419.16	34.0
102.32	35.0
27.08	35.0
32.12	35.0
57.04	35.0
80.6	35.0
94.12	35.0
111.52	35.0
150.36	35.0
156.52	35.0
174.96	35.0
188.12	35.0
217.32	35.0
244.88	35.0
259.28	35.0
262.12	35.0
286.48	35.0
302.6	35.0
313.44	35.0
322.72	35.0
332.88	35.0
344.92	35.0
362.4	35.0
368.48	35.0
400.72	35.0
413.12	35.0
435.56	35.0
438.16	35.0
461.6	35.0
477.12	35.0
505.48	35.0
528.76	35.0
533.56	35.0
544.56	35.0
577.64	35.0
621.56	35.0
179.12	36.0
293.44	36.0
433.16	36.0
490.44	36.0
