214.52	1.0
1461.84	1.0
297.8	2.0
795.84	2.0
1213.36	2.0
1251.84	2.0
1381.24	2.0
9.92	2.0
41.4	2.0
124.72	2.0
181.48	2.0
312.16	2.0
316.32	2.0
325.08	2.0
328.64	2.0
334.32	2.0
353.76	2.0
363.52	2.0
464.0	2.0
543.2	2.0
566.72	2.0
599.12	2.0
609.84	2.0
618.56	2.0
623.2	2.0
667.28	2.0
671.32	2.0
677.16	2.0
679.76	2.0
700.8	2.0
704.04	2.0
725.36	2.0
766.08	2.0
801.68	2.0
822.56	2.0
825.96	2.0
837.4	2.0
873.12	2.0
910.48	2.0
937.88	2.0
940.68	2.0
989.36	2.0
992.04	2.0
999.56	2.0
1053.28	2.0
1087.68	2.0
1124.12	2.0
1142.96	2.0
1161.48	2.0
1218.84	2.0
1245.28	2.0
1329.92	2.0
1362.2	2.0
1366.08	2.0
1402.72	2.0
1408.2	2.0
1440.08	2.0
1462.24	2.0
434.2	3.0
691.84	3.0
1330.64	3.0
19.84	3.0
41.6	3.0
85.32	3.0
124.44	3.0
312.44	3.0
315.92	3.0
319.6	3.0
328.52	3.0
331.32	3.0
354.84	3.0
363.24	3.0
423.76	3.0
500.84	3.0
566.64	3.0
623.36	3.0
725.48	3.0
785.08	3.0
796.28	3.0
801.36	3.0
832.24	3.0
881.12	3.0
940.4	3.0
1087.84	3.0
1121.52	3.0
1143.2	3.0
1161.64	3.0
1165.04	3.0
1213.32	3.0
1220.2	3.0
1251.08	3.0
1347.44	3.0
1380.6	3.0
1412.08	3.0
1165.08	4.0
1281.4	4.0
34.8	4.0
120.68	4.0
320.6	4.0
333.08	4.0
354.04	4.0
361.68	4.0
385.92	4.0
404.36	4.0
510.8	4.0
691.84	4.0
728.64	4.0
742.88	4.0
769.48	4.0
778.72	4.0
795.92	4.0
810.08	4.0
827.44	4.0
843.8	4.0
862.32	4.0
882.84	4.0
924.32	4.0
937.24	4.0
1019.08	4.0
1066.88	4.0
1170.16	4.0
1183.12	4.0
1200.04	4.0
1249.12	4.0
1298.52	4.0
1321.04	4.0
1347.04	4.0
1411.72	4.0
3.56	5.0
312.48	5.0
29.48	6.0
366.48	6.0
850.44	6.0
967.08	7.0
1247.64	7.0
1416.88	7.0
1462.36	7.0
121.28	8.0
321.16	8.0
358.68	8.0
384.96	8.0
405.48	8.0
412.36	8.0
434.36	8.0
462.72	8.0
547.84	8.0
558.72	8.0
695.16	8.0
831.52	8.0
861.72	8.0
868.24	8.0
925.16	8.0
936.92	8.0
997.56	8.0
1090.28	8.0
1157.2	8.0
1211.28	8.0
1283.68	8.0
1287.04	8.0
1327.32	8.0
1379.32	8.0
1400.28	8.0
1485.52	8.0
475.08	9.0
766.44	9.0
788.44	9.0
1088.44	9.0
1218.32	9.0
1251.52	9.0
1286.96	9.0
1352.8	9.0
296.84	10.0
310.48	10.0
495.32	10.0
566.64	10.0
659.8	10.0
822.2	10.0
908.16	10.0
1328.36	10.0
1445.76	10.0
315.92	11.0
1121.56	11.0
106.0	11.0
289.56	11.0
308.96	11.0
311.84	11.0
349.96	11.0
362.16	11.0
428.08	11.0
432.6	11.0
464.16	11.0
495.6	11.0
566.92	11.0
622.4	11.0
697.4	11.0
724.44	11.0
762.44	11.0
795.8	11.0
799.84	11.0
817.16	11.0
823.84	11.0
866.44	11.0
897.96	11.0
910.6	11.0
938.6	11.0
984.96	11.0
1053.72	11.0
1117.68	11.0
1143.12	11.0
1160.12	11.0
1226.52	11.0
1248.96	11.0
1251.48	11.0
1264.72	11.0
1301.8	11.0
1330.0	11.0
1349.52	11.0
309.0	12.0
311.96	12.0
433.92	12.0
566.68	12.0
725.44	12.0
285.88	13.0
317.68	13.0
337.84	13.0
373.68	13.0
1055.6	13.0
1249.92	13.0
302.92	14.0
307.48	15.0
638.68	15.0
823.08	15.0
964.88	15.0
1220.04	15.0
1292.64	15.0
351.72	16.0
8.68	21.0
36.28	21.0
134.88	21.0
313.84	21.0
321.36	21.0
330.48	21.0
349.16	21.0
363.32	21.0
726.48	21.0
748.16	21.0
771.88	21.0
794.12	21.0
802.52	21.0
833.04	21.0
995.56	21.0
1168.92	21.0
1227.52	21.0
1251.12	21.0
1334.96	21.0
1398.24	21.0
1436.92	21.0
302.52	22.0
824.68	22.0
223.84	22.0
275.84	22.0
325.48	22.0
613.12	22.0
743.2	22.0
750.12	22.0
1207.8	22.0
1260.96	22.0
1285.36	22.0
1399.76	22.0
32.56	23.0
375.12	23.0
429.96	23.0
1027.28	23.0
1284.76	23.0
1412.76	23.0
15.2	23.0
20.28	23.0
52.2	23.0
71.48	23.0
85.92	23.0
119.16	23.0
152.36	23.0
205.24	23.0
239.6	23.0
245.36	23.0
282.88	23.0
293.56	23.0
313.48	23.0
325.76	23.0
355.88	23.0
453.0	23.0
555.36	23.0
593.28	23.0
619.12	23.0
658.4	23.0
679.92	23.0
697.88	23.0
726.72	23.0
735.44	23.0
764.24	23.0
771.4	23.0
807.68	23.0
825.36	23.0
828.88	23.0
863.12	23.0
905.4	23.0
942.6	23.0
980.84	23.0
1054.6	23.0
1116.4	23.0
1132.12	23.0
1137.36	23.0
1172.16	23.0
1180.56	23.0
1184.32	23.0
1197.76	23.0
1216.4	23.0
1248.0	23.0
1287.4	23.0
1305.44	23.0
1361.88	23.0
1487.0	23.0
318.24	24.0
410.96	25.0
757.24	25.0
983.36	25.0
1277.12	25.0
578.72	26.0
4.2	26.0
15.76	26.0
38.32	26.0
56.16	26.0
85.4	26.0
129.16	26.0
213.84	26.0
275.8	26.0
296.2	26.0
306.56	26.0
310.68	26.0
319.32	26.0
331.52	26.0
347.72	26.0
380.0	26.0
414.32	26.0
450.56	26.0
548.4	26.0
615.2	26.0
630.0	26.0
685.32	26.0
717.4	26.0
743.28	26.0
760.36	26.0
798.2	26.0
832.2	26.0
884.16	26.0
946.24	26.0
985.28	26.0
994.36	26.0
1037.52	26.0
1066.64	26.0
1094.16	26.0
1146.04	26.0
1155.48	26.0
1171.96	26.0
1221.04	26.0
1225.4	26.0
1248.44	26.0
1280.88	26.0
1286.4	26.0
1316.68	26.0
1328.84	26.0
1376.24	26.0
1383.76	26.0
1399.72	26.0
1414.64	26.0
1444.0	26.0
462.96	27.0
773.04	27.0
1253.2	27.0
302.44	28.0
318.2	28.0
323.2	28.0
327.44	28.0
352.48	28.0
416.92	28.0
438.16	28.0
604.96	28.0
668.0	28.0
723.32	28.0
766.08	28.0
844.36	28.0
863.6	28.0
904.56	28.0
938.48	28.0
1001.8	28.0
1074.32	28.0
1125.36	28.0
1179.52	28.0
1225.68	28.0
1331.64	28.0
1352.44	28.0
1381.88	28.0
1465.92	28.0
298.32	29.0
302.48	29.0
322.24	29.0
325.72	29.0
841.32	29.0
961.68	29.0
1001.56	29.0
121.4	30.0
292.52	30.0
322.0	30.0
337.84	30.0
386.52	30.0
413.04	30.0
545.2	30.0
625.0	30.0
696.6	30.0
740.96	30.0
781.76	30.0
798.24	30.0
921.68	30.0
938.12	30.0
996.56	30.0
1090.4	30.0
1116.4	30.0
1179.04	30.0
1211.56	30.0
1323.04	30.0
1327.8	30.0
1377.88	30.0
1399.48	30.0
1468.6	30.0
310.96	31.0
326.4	31.0
364.28	31.0
432.12	31.0
824.92	31.0
906.72	31.0
77.24	34.0
241.2	34.0
289.28	34.0
312.84	34.0
317.0	34.0
726.52	34.0
1177.84	34.0
319.72	35.0
29.32	35.0
199.0	35.0
302.64	35.0
306.48	35.0
311.68	35.0
316.4	35.0
322.64	35.0
325.28	35.0
334.8	35.0
354.84	35.0
373.44	35.0
380.96	35.0
434.96	35.0
659.32	35.0
734.96	35.0
746.16	35.0
757.6	35.0
766.28	35.0
769.08	35.0
799.4	35.0
827.96	35.0
838.04	35.0
862.12	35.0
894.24	35.0
940.16	35.0
997.84	35.0
1144.52	35.0
1179.6	35.0
1219.96	35.0
1247.0	35.0
1283.24	35.0
1333.92	35.0
1372.36	35.0
1389.52	35.0
1400.44	35.0
1438.48	35.0
117.84	36.0
302.48	36.0
320.52	36.0
357.56	36.0
436.04	36.0
629.08	36.0
690.28	36.0
743.0	36.0
928.2	36.0
1018.6	36.0
1102.24	36.0
1169.72	36.0
1215.92	36.0
1244.04	36.0
1260.44	36.0
1279.28	36.0
1416.28	36.0
