361.0	1.0
327.92	1.0
328.28	2.0
375.36	2.0
617.04	2.0
310.84	2.0
313.44	2.0
318.2	2.0
322.8	2.0
334.68	2.0
340.92	2.0
346.84	2.0
349.36	2.0
353.8	2.0
361.12	2.0
364.44	2.0
381.08	2.0
383.88	2.0
391.04	2.0
417.2	2.0
420.12	2.0
434.6	2.0
444.88	2.0
450.88	2.0
459.12	2.0
481.36	2.0
489.72	2.0
501.92	2.0
505.36	2.0
522.04	2.0
527.96	2.0
532.6	2.0
544.32	2.0
547.64	2.0
560.2	2.0
600.48	2.0
607.24	2.0
620.28	2.0
648.8	2.0
682.2	2.0
687.96	2.0
722.48	2.0
732.08	2.0
765.08	2.0
822.96	2.0
834.04	2.0
862.44	2.0
885.52	2.0
909.76	2.0
947.6	2.0
1006.72	2.0
1035.0	2.0
1038.36	2.0
1117.72	2.0
1125.72	2.0
1232.68	2.0
1126.32	3.0
313.0	3.0
322.96	3.0
327.76	3.0
331.76	3.0
337.96	3.0
342.0	3.0
348.16	3.0
356.44	3.0
390.96	3.0
400.72	3.0
417.52	3.0
429.56	3.0
718.8	3.0
722.36	3.0
786.32	3.0
998.12	3.0
1006.84	3.0
1038.12	3.0
1182.08	3.0
1232.84	3.0
1289.68	3.0
317.28	4.0
324.0	4.0
331.4	4.0
334.0	4.0
341.52	4.0
350.0	4.0
362.8	4.0
371.68	4.0
388.72	4.0
400.32	4.0
409.8	4.0
426.72	4.0
434.48	4.0
444.8	4.0
458.44	4.0
477.6	4.0
489.56	4.0
506.8	4.0
517.56	4.0
538.4	4.0
557.76	4.0
572.84	4.0
595.6	4.0
610.44	4.0
622.32	4.0
681.56	4.0
697.84	4.0
717.88	4.0
736.2	4.0
760.8	4.0
786.04	4.0
801.12	4.0
821.92	4.0
845.4	4.0
862.6	4.0
881.24	4.0
891.24	4.0
908.2	4.0
928.68	4.0
951.44	4.0
974.84	4.0
997.72	4.0
1020.08	4.0
1033.8	4.0
1045.28	4.0
1053.24	4.0
1068.08	4.0
1084.8	4.0
1091.32	4.0
1106.12	4.0
1110.48	4.0
1126.24	4.0
1145.8	4.0
1154.92	4.0
1168.72	4.0
1183.52	4.0
1197.32	4.0
1203.2	4.0
1213.4	4.0
1231.36	4.0
1245.0	4.0
1258.48	4.0
1272.6	4.0
1291.04	4.0
1314.4	4.0
312.48	5.0
332.6	5.0
340.28	5.0
359.24	5.0
372.4	5.0
432.84	5.0
502.52	5.0
577.56	5.0
640.36	5.0
691.72	5.0
714.08	5.0
826.36	5.0
1071.8	5.0
346.72	6.0
326.4	6.0
341.96	6.0
370.0	6.0
392.08	6.0
418.44	6.0
431.72	6.0
477.16	6.0
515.04	6.0
555.36	6.0
580.36	6.0
608.24	6.0
641.16	6.0
675.08	6.0
715.04	6.0
758.32	6.0
860.84	6.0
893.04	6.0
952.88	6.0
994.76	6.0
1039.08	6.0
1082.68	6.0
1118.64	6.0
1152.24	6.0
1205.96	6.0
1241.36	6.0
1292.68	6.0
350.56	7.0
302.52	7.0
325.32	7.0
332.36	7.0
342.6	7.0
345.64	7.0
385.76	7.0
448.96	7.0
509.32	7.0
1047.16	7.0
311.88	8.0
320.56	8.0
324.76	8.0
447.24	8.0
487.32	8.0
536.28	8.0
621.76	8.0
693.2	8.0
718.24	8.0
720.8	8.0
842.24	8.0
865.04	8.0
912.88	8.0
950.52	8.0
1034.24	8.0
1171.76	8.0
1200.92	8.0
313.52	9.0
351.56	9.0
409.92	9.0
523.8	9.0
373.68	10.0
311.96	10.0
321.48	10.0
335.52	10.0
348.72	10.0
360.08	10.0
365.36	10.0
380.08	10.0
420.8	10.0
547.36	10.0
720.08	10.0
885.76	10.0
323.92	11.0
333.8	11.0
417.16	11.0
449.36	11.0
463.72	11.0
612.2	11.0
663.72	11.0
722.16	11.0
928.12	11.0
1170.2	11.0
309.0	11.0
311.92	11.0
317.92	11.0
327.72	11.0
339.24	11.0
343.08	11.0
347.64	11.0
351.92	11.0
428.16	11.0
502.08	11.0
546.24	11.0
651.08	11.0
793.44	11.0
974.28	11.0
988.84	11.0
1046.68	11.0
1137.56	11.0
1157.8	11.0
1232.16	11.0
1292.64	11.0
311.88	12.0
324.28	12.0
342.84	12.0
420.92	12.0
326.52	13.0
334.24	13.0
318.56	13.0
342.8	13.0
508.04	13.0
810.8	13.0
1231.6	13.0
320.92	14.0
313.24	14.0
326.2	14.0
330.24	14.0
337.28	14.0
343.32	14.0
350.92	14.0
363.36	14.0
384.16	14.0
403.28	14.0
415.68	14.0
523.08	14.0
1005.0	14.0
1290.04	14.0
1302.64	14.0
326.08	15.0
302.48	15.0
323.0	15.0
347.92	15.0
394.52	15.0
425.32	15.0
501.96	15.0
507.88	15.0
554.76	15.0
334.92	16.0
339.2	16.0
344.92	16.0
363.96	16.0
370.8	16.0
437.56	16.0
543.4	16.0
576.76	16.0
616.52	16.0
736.16	16.0
825.12	16.0
327.72	17.0
315.28	18.0
334.0	18.0
349.32	18.0
323.76	20.0
335.6	20.0
390.96	20.0
327.04	21.0
335.12	21.0
954.52	21.0
312.6	21.0
316.0	21.0
320.36	21.0
324.08	21.0
341.6	21.0
347.92	21.0
362.4	21.0
381.92	21.0
408.84	21.0
433.92	21.0
463.76	21.0
507.6	21.0
521.28	21.0
560.88	21.0
582.28	21.0
608.88	21.0
642.64	21.0
661.44	21.0
678.76	21.0
719.8	21.0
735.16	21.0
762.84	21.0
823.0	21.0
845.2	21.0
1029.24	21.0
1079.72	21.0
1166.12	21.0
1297.64	21.0
324.04	22.0
329.6	22.0
341.16	22.0
349.88	22.0
352.96	22.0
361.96	22.0
390.04	22.0
446.92	22.0
496.84	22.0
536.84	22.0
595.36	22.0
614.04	22.0
642.96	22.0
695.48	22.0
722.04	22.0
761.44	22.0
799.96	22.0
859.32	22.0
910.28	22.0
934.16	22.0
949.76	22.0
974.56	22.0
1004.04	22.0
1031.52	22.0
1051.28	22.0
1068.64	22.0
1123.08	22.0
1144.28	22.0
1173.12	22.0
1230.16	22.0
1246.0	22.0
1290.96	22.0
311.76	23.0
321.76	23.0
325.64	23.0
581.6	23.0
610.6	23.0
644.08	23.0
676.6	23.0
859.6	23.0
863.04	23.0
309.0	23.0
316.96	23.0
334.92	23.0
348.6	23.0
433.24	23.0
478.96	23.0
540.16	23.0
622.6	23.0
669.56	23.0
692.72	23.0
716.92	23.0
763.72	23.0
818.72	23.0
881.16	23.0
914.36	23.0
949.84	23.0
952.4	23.0
976.88	23.0
1008.16	23.0
1036.28	23.0
1054.16	23.0
1093.16	23.0
1146.84	23.0
1226.28	23.0
310.0	24.0
314.48	24.0
322.44	24.0
331.72	24.0
339.56	24.0
361.56	24.0
525.0	24.0
562.64	24.0
645.96	24.0
719.6	24.0
743.6	24.0
788.28	24.0
824.8	24.0
1175.6	24.0
323.84	25.0
302.48	25.0
314.24	25.0
318.84	25.0
344.48	25.0
351.76	25.0
695.12	25.0
309.8	26.0
313.2	26.0
317.52	26.0
324.32	26.0
329.0	26.0
334.8	26.0
340.88	26.0
344.8	26.0
353.96	26.0
360.52	26.0
372.36	26.0
390.36	26.0
405.08	26.0
413.44	26.0
450.32	26.0
468.24	26.0
473.4	26.0
482.16	26.0
507.64	26.0
525.24	26.0
538.76	26.0
593.6	26.0
605.84	26.0
625.96	26.0
681.52	26.0
717.96	26.0
739.8	26.0
751.6	26.0
1008.24	26.0
1090.44	26.0
1173.44	26.0
1195.44	26.0
1199.28	26.0
1215.08	26.0
1226.16	26.0
1270.76	26.0
1312.08	26.0
321.2	27.0
331.28	27.0
353.72	27.0
371.24	27.0
464.84	27.0
613.32	27.0
671.4	27.0
696.84	27.0
720.72	27.0
783.52	27.0
1020.32	27.0
1036.44	27.0
1125.0	27.0
1248.96	27.0
320.44	28.0
342.72	28.0
373.64	28.0
1094.92	28.0
1097.44	28.0
302.44	28.0
315.8	28.0
327.24	28.0
329.76	28.0
339.52	28.0
349.36	28.0
353.68	28.0
359.84	28.0
378.92	28.0
393.84	28.0
419.2	28.0
446.16	28.0
451.76	28.0
487.48	28.0
501.12	28.0
510.76	28.0
523.44	28.0
544.32	28.0
594.84	28.0
653.88	28.0
668.44	28.0
702.52	28.0
720.0	28.0
745.8	28.0
1038.4	28.0
315.52	29.0
326.88	29.0
334.8	29.0
409.92	29.0
624.48	29.0
717.0	29.0
73.84	30.0
96.56	30.0
130.84	30.0
316.08	30.0
320.8	30.0
327.4	30.0
329.96	30.0
338.92	30.0
350.52	30.0
449.36	30.0
454.08	30.0
464.96	30.0
490.56	30.0
525.96	30.0
598.6	30.0
608.8	30.0
675.72	30.0
765.32	30.0
767.84	30.0
824.72	30.0
847.72	30.0
851.72	30.0
890.92	30.0
915.48	30.0
1040.6	30.0
1094.88	30.0
1152.96	30.0
1202.16	30.0
1225.56	30.0
1275.52	30.0
424.68	31.0
309.28	33.0
1047.4	33.0
302.48	33.0
314.88	33.0
324.64	33.0
336.12	33.0
642.4	33.0
311.96	34.0
324.08	34.0
335.2	34.0
346.56	34.0
366.84	34.0
392.08	34.0
457.6	34.0
302.52	35.0
311.64	35.0
314.24	35.0
322.56	35.0
325.36	35.0
328.96	35.0
334.08	35.0
338.16	35.0
343.2	35.0
349.2	35.0
361.12	35.0
364.0	35.0
372.68	35.0
383.2	35.0
392.84	35.0
402.32	35.0
411.84	35.0
418.92	35.0
426.68	35.0
434.88	35.0
461.36	35.0
497.24	35.0
518.12	35.0
536.8	35.0
558.44	35.0
569.44	35.0
583.04	35.0
607.04	35.0
622.64	35.0
642.8	35.0
660.44	35.0
684.08	35.0
694.16	35.0
707.48	35.0
716.56	35.0
737.76	35.0
761.24	35.0
770.84	35.0
778.48	35.0
786.16	35.0
803.16	35.0
820.52	35.0
858.24	35.0
867.96	35.0
881.08	35.0
884.08	35.0
889.64	35.0
900.08	35.0
914.68	35.0
926.04	35.0
934.12	35.0
939.0	35.0
944.88	35.0
953.96	35.0
968.96	35.0
978.2	35.0
990.0	35.0
1000.8	35.0
1031.0	35.0
1053.68	35.0
1062.8	35.0
1085.4	35.0
1106.4	35.0
1124.04	35.0
1164.6	35.0
1179.48	35.0
1195.6	35.0
1207.4	35.0
1232.92	35.0
1245.28	35.0
1257.12	35.0
1268.92	35.0
1295.6	35.0
1311.88	35.0
1322.72	35.0
302.48	36.0
312.2	36.0
322.72	36.0
334.6	36.0
337.2	36.0
365.16	36.0
400.72	36.0
428.44	36.0
484.8	36.0
540.24	36.0
572.56	36.0
608.72	36.0
690.0	36.0
717.64	36.0
744.6	36.0
1048.24	36.0
1093.96	36.0
1185.24	36.0
1304.16	36.0
