322.84	1.0
561.6	1.0
985.92	1.0
1033.16	1.0
948.56	2.0
13.24	2.0
31.0	2.0
316.48	2.0
327.4	2.0
399.92	2.0
573.32	2.0
602.72	2.0
719.8	2.0
729.96	2.0
920.8	2.0
925.8	2.0
943.8	2.0
963.76	2.0
968.32	2.0
974.92	2.0
1005.6	2.0
1017.76	2.0
1024.2	2.0
1033.92	2.0
1067.52	2.0
1097.04	2.0
47.72	3.0
29.08	3.0
32.2	3.0
42.2	3.0
70.36	3.0
311.88	3.0
321.16	3.0
327.56	3.0
331.36	3.0
350.6	3.0
400.08	3.0
573.48	3.0
795.16	3.0
920.6	3.0
974.64	3.0
1022.32	3.0
1029.84	3.0
1038.44	3.0
1055.48	3.0
1085.68	3.0
1155.88	3.0
657.0	4.0
28.8	4.0
60.16	4.0
87.32	4.0
119.12	4.0
322.28	4.0
349.4	4.0
985.64	4.0
1005.72	4.0
1011.4	4.0
1037.08	4.0
1051.92	4.0
1073.76	4.0
1102.92	4.0
33.4	5.0
986.4	5.0
1006.12	5.0
1026.2	5.0
313.92	5.0
325.56	5.0
1052.32	5.0
28.76	6.0
1003.76	6.0
47.4	6.0
621.56	6.0
730.88	6.0
118.24	7.0
1057.28	7.0
1078.32	7.0
362.76	7.0
437.72	7.0
684.52	7.0
1085.96	7.0
322.56	8.0
348.12	8.0
376.2	8.0
395.56	8.0
447.76	8.0
599.16	8.0
954.88	8.0
971.92	8.0
1016.56	8.0
1025.68	8.0
1084.8	8.0
306.48	9.0
317.12	9.0
355.92	9.0
433.96	9.0
536.88	9.0
569.08	9.0
942.24	9.0
1055.16	10.0
118.04	10.0
308.92	10.0
312.12	10.0
454.28	10.0
569.64	10.0
636.56	10.0
730.36	10.0
1025.56	10.0
1118.44	10.0
121.32	11.0
691.0	11.0
795.2	11.0
1155.92	11.0
26.76	11.0
30.44	11.0
94.36	11.0
309.0	11.0
312.16	11.0
337.24	11.0
365.96	11.0
401.08	11.0
571.4	11.0
728.32	11.0
928.64	11.0
997.52	11.0
1032.64	11.0
1043.16	11.0
1047.12	11.0
1087.92	11.0
624.36	12.0
27.72	12.0
31.2	12.0
308.96	12.0
312.16	12.0
366.6	12.0
1155.0	12.0
18.72	13.0
85.96	13.0
302.96	13.0
309.52	13.0
660.08	14.0
31.92	14.0
74.68	14.0
117.04	14.0
308.84	14.0
987.08	14.0
1004.52	14.0
316.68	15.0
649.44	15.0
986.6	15.0
1042.36	15.0
16.8	16.0
700.48	17.0
946.2	19.0
81.48	20.0
32.88	20.0
88.44	20.0
975.0	20.0
8.64	21.0
20.48	21.0
30.6	21.0
47.24	21.0
56.36	21.0
69.84	21.0
74.4	21.0
85.24	21.0
161.12	21.0
307.6	21.0
314.32	21.0
317.36	21.0
321.76	21.0
325.24	21.0
747.96	21.0
949.2	21.0
954.88	21.0
1009.12	21.0
1028.8	21.0
1033.36	21.0
1053.52	21.0
1083.16	21.0
1115.16	21.0
1018.72	22.0
13.08	22.0
28.44	22.0
309.16	22.0
322.4	22.0
340.04	22.0
889.48	22.0
982.64	22.0
1003.52	22.0
5.36	23.0
29.12	23.0
32.32	23.0
1033.28	23.0
12.16	23.0
26.12	23.0
57.88	23.0
117.16	23.0
310.4	23.0
323.0	23.0
332.28	23.0
340.16	23.0
343.16	23.0
367.52	23.0
458.96	23.0
494.04	23.0
577.28	23.0
663.4	23.0
692.16	23.0
729.68	23.0
786.48	23.0
826.44	23.0
913.36	23.0
928.0	23.0
1002.68	23.0
1007.96	23.0
1027.08	23.0
1057.68	23.0
1100.32	23.0
1142.76	23.0
1151.48	23.0
1217.72	23.0
8.08	24.0
14.2	24.0
17.2	24.0
24.84	24.0
28.4	24.0
42.88	24.0
48.0	24.0
315.08	24.0
943.36	24.0
977.44	24.0
985.08	24.0
1007.52	24.0
1041.44	24.0
1058.28	24.0
1080.6	24.0
35.08	25.0
307.72	25.0
330.24	25.0
406.84	25.0
489.68	25.0
956.24	25.0
989.16	25.0
17.08	26.0
28.2	26.0
52.76	26.0
119.84	26.0
128.24	26.0
310.52	26.0
316.16	26.0
320.92	26.0
331.08	26.0
345.2	26.0
360.64	26.0
408.76	26.0
458.0	26.0
489.12	26.0
526.12	26.0
570.96	26.0
583.04	26.0
591.84	26.0
611.24	26.0
655.4	26.0
662.6	26.0
671.32	26.0
691.8	26.0
702.56	26.0
712.12	26.0
903.4	26.0
946.4	26.0
951.16	26.0
959.0	26.0
985.64	26.0
1009.2	26.0
1020.88	26.0
1029.0	26.0
1044.8	26.0
1080.04	26.0
1107.68	26.0
1135.08	26.0
4.68	27.0
910.52	28.0
961.32	28.0
31.84	28.0
47.84	28.0
302.48	28.0
306.16	28.0
316.68	28.0
372.72	28.0
433.56	28.0
472.4	28.0
536.56	28.0
553.56	28.0
677.72	28.0
717.88	28.0
920.32	28.0
949.24	28.0
1067.52	28.0
1120.24	28.0
1167.76	28.0
907.8	29.0
1007.12	29.0
1161.76	29.0
10.2	30.0
65.96	30.0
311.16	30.0
325.68	30.0
373.76	30.0
395.68	30.0
448.8	30.0
626.72	30.0
689.12	30.0
706.64	30.0
958.28	30.0
1004.12	30.0
1030.96	30.0
1057.04	30.0
1070.16	30.0
65.0	31.0
321.96	31.0
1028.72	31.0
1044.28	31.0
963.2	33.0
1021.52	33.0
316.12	33.0
26.6	34.0
59.28	34.0
85.8	34.0
118.04	34.0
536.2	34.0
788.24	34.0
1152.04	34.0
912.96	35.0
3.2	35.0
17.48	35.0
56.76	35.0
199.48	35.0
302.64	35.0
314.0	35.0
328.0	35.0
341.2	35.0
357.68	35.0
365.12	35.0
488.76	35.0
575.72	35.0
623.28	35.0
654.28	35.0
787.96	35.0
843.24	35.0
856.36	35.0
953.76	35.0
1007.68	35.0
1028.08	35.0
1030.84	35.0
1050.76	35.0
1081.84	35.0
1101.28	35.0
1103.84	35.0
1153.96	35.0
1161.6	35.0
302.48	36.0
306.24	36.0
324.6	36.0
362.48	36.0
621.88	36.0
959.52	36.0
1057.84	36.0
