342.08	2.0
412.88	2.0
7.56	2.0
34.64	2.0
114.0	2.0
158.24	2.0
311.32	2.0
315.84	2.0
323.28	2.0
326.48	2.0
331.04	2.0
352.36	2.0
461.12	2.0
7.32	3.0
14.04	3.0
310.4	3.0
321.68	3.0
326.32	3.0
335.72	3.0
342.16	3.0
348.04	3.0
380.56	3.0
383.08	3.0
481.88	3.0
7.72	4.0
34.88	4.0
85.76	4.0
111.68	4.0
161.32	4.0
200.6	4.0
267.64	4.0
320.76	4.0
348.44	4.0
362.24	4.0
418.6	4.0
502.04	4.0
9.28	5.0
111.96	5.0
347.32	5.0
360.84	5.0
375.72	5.0
22.0	7.0
401.2	7.0
322.2	8.0
397.08	8.0
112.04	10.0
198.96	10.0
309.0	10.0
311.92	10.0
315.56	10.0
576.52	10.0
14.08	11.0
383.08	11.0
6.44	11.0
121.52	11.0
308.96	11.0
311.64	11.0
316.08	11.0
325.28	11.0
336.84	11.0
390.68	11.0
404.76	11.0
35.64	12.0
309.0	12.0
311.56	12.0
457.32	12.0
202.56	13.0
302.68	13.0
311.84	14.0
302.96	14.0
325.68	14.0
333.96	14.0
310.36	15.0
325.24	15.0
306.68	16.0
302.72	17.0
308.64	18.0
4.2	19.0
387.64	19.0
7.48	21.0
10.52	21.0
16.16	21.0
37.16	21.0
72.72	21.0
308.72	21.0
318.36	21.0
323.16	21.0
336.56	21.0
353.08	21.0
376.28	21.0
394.2	21.0
302.76	22.0
1316.08	22.0
308.12	22.0
323.04	22.0
326.12	22.0
341.0	22.0
302.76	23.0
306.88	23.0
6.96	23.0
37.52	23.0
108.92	23.0
111.64	23.0
158.44	23.0
265.56	23.0
311.32	23.0
321.2	23.0
327.36	23.0
349.72	23.0
361.96	23.0
404.96	23.0
472.48	23.0
500.24	23.0
5.0	24.0
318.96	24.0
351.24	24.0
388.4	24.0
302.64	25.0
357.64	25.0
471.56	25.0
5.56	26.0
9.84	26.0
18.76	26.0
31.4	26.0
34.6	26.0
47.52	26.0
68.12	26.0
89.6	26.0
105.76	26.0
149.72	26.0
173.24	26.0
182.84	26.0
244.0	26.0
254.36	26.0
281.76	26.0
306.12	26.0
311.6	26.0
321.12	26.0
327.08	26.0
334.92	26.0
346.28	26.0
360.12	26.0
367.92	26.0
382.24	26.0
409.4	26.0
423.48	26.0
448.0	26.0
454.56	26.0
474.64	26.0
306.68	27.0
4.48	28.0
115.76	28.0
302.44	28.0
306.64	28.0
313.68	28.0
329.2	28.0
376.76	28.0
291.6	29.0
50.44	30.0
258.16	30.0
320.76	30.0
362.72	30.0
506.0	30.0
302.84	31.0
324.64	31.0
334.72	33.0
302.84	34.0
406.48	34.0
22.72	35.0
34.4	35.0
56.12	35.0
59.24	35.0
80.88	35.0
83.68	35.0
138.92	35.0
302.6	35.0
314.56	35.0
325.28	35.0
333.4	35.0
339.96	35.0
358.72	35.0
388.16	35.0
17.12	36.0
302.48	36.0
326.68	36.0
