316.36	1.0
371.28	1.0
716.88	1.0
733.0	1.0
310.88	2.0
313.72	2.0
318.52	2.0
322.76	2.0
326.4	2.0
330.36	2.0
337.44	2.0
341.68	2.0
349.88	2.0
388.88	2.0
418.68	2.0
625.16	2.0
629.88	2.0
668.76	2.0
717.24	2.0
733.36	2.0
766.6	2.0
780.04	2.0
807.8	2.0
816.48	2.0
927.92	2.0
970.16	2.0
994.6	2.0
1026.08	2.0
1044.92	2.0
1076.2	2.0
1095.4	2.0
1179.08	2.0
1249.48	2.0
1269.28	2.0
1288.36	2.0
311.32	3.0
319.16	3.0
325.68	3.0
330.24	3.0
337.24	3.0
340.84	3.0
347.36	3.0
353.56	3.0
375.0	3.0
404.88	3.0
784.56	3.0
816.72	3.0
913.28	3.0
938.16	3.0
953.84	3.0
1071.84	3.0
1096.04	3.0
1100.64	3.0
1241.68	3.0
1302.44	3.0
326.52	4.0
337.96	4.0
696.12	4.0
776.08	4.0
798.56	4.0
837.04	4.0
932.88	4.0
1300.32	4.0
302.76	5.0
309.0	5.0
312.12	5.0
317.8	5.0
331.72	5.0
343.76	5.0
309.64	6.0
318.12	6.0
349.16	6.0
414.76	6.0
573.0	6.0
330.92	7.0
371.8	7.0
1190.64	7.0
302.44	7.0
313.64	7.0
322.6	7.0
355.08	7.0
406.72	7.0
410.8	7.0
423.84	7.0
841.36	8.0
1118.72	8.0
314.56	8.0
331.72	8.0
344.48	8.0
364.48	8.0
1031.88	8.0
332.4	9.0
915.04	9.0
932.12	10.0
1082.6	10.0
312.04	10.0
328.0	10.0
338.68	10.0
554.68	10.0
695.32	10.0
781.84	10.0
844.72	10.0
893.88	10.0
1017.32	10.0
1121.48	10.0
1217.88	10.0
329.56	11.0
375.04	11.0
473.56	11.0
647.48	11.0
966.16	11.0
1071.92	11.0
311.48	11.0
317.0	11.0
326.76	11.0
338.2	11.0
733.44	11.0
819.96	11.0
871.84	11.0
1030.84	11.0
1066.36	11.0
309.0	12.0
311.76	12.0
316.56	12.0
330.2	12.0
380.0	12.0
459.8	12.0
345.44	13.0
302.64	13.0
315.64	13.0
330.52	13.0
357.16	13.0
1033.2	13.0
321.24	14.0
313.52	14.0
329.4	14.0
336.28	14.0
352.0	14.0
377.52	14.0
696.2	14.0
777.52	14.0
816.84	14.0
882.12	14.0
963.92	14.0
1005.52	14.0
1056.44	14.0
337.84	15.0
413.4	15.0
929.0	16.0
315.16	17.0
317.24	18.0
331.24	18.0
316.56	20.0
369.16	20.0
320.2	20.0
497.48	20.0
310.44	21.0
314.36	21.0
320.28	21.0
325.0	21.0
329.56	21.0
339.88	21.0
348.52	21.0
353.32	21.0
364.64	21.0
369.72	21.0
380.12	21.0
391.36	21.0
405.68	21.0
705.32	21.0
746.44	21.0
801.96	21.0
835.76	21.0
890.76	21.0
967.24	21.0
1013.12	21.0
1016.76	21.0
1067.12	21.0
1123.2	21.0
1128.0	21.0
1134.32	21.0
316.52	22.0
321.72	22.0
344.28	22.0
378.04	22.0
671.0	22.0
759.64	22.0
776.88	22.0
930.0	22.0
1253.76	22.0
1290.0	22.0
316.56	23.0
310.08	23.0
313.28	23.0
326.08	23.0
329.48	23.0
342.32	23.0
348.12	23.0
646.12	23.0
694.12	23.0
772.76	23.0
869.08	23.0
1031.24	23.0
1126.36	23.0
1229.76	23.0
1298.52	23.0
310.32	24.0
314.24	24.0
317.88	24.0
326.8	24.0
330.24	24.0
336.32	24.0
345.08	24.0
360.8	24.0
373.04	24.0
416.88	24.0
513.44	24.0
1014.88	24.0
1040.96	24.0
1088.68	24.0
1118.92	24.0
330.48	25.0
302.44	25.0
313.28	25.0
321.2	25.0
337.76	25.0
349.08	25.0
381.4	26.0
309.68	26.0
315.12	26.0
319.56	26.0
329.36	26.0
332.4	26.0
336.0	26.0
339.24	26.0
346.6	26.0
353.44	26.0
362.84	26.0
377.56	26.0
396.04	26.0
445.28	26.0
458.8	26.0
468.88	26.0
492.56	26.0
519.36	26.0
547.72	26.0
568.6	26.0
634.36	26.0
669.56	26.0
709.36	26.0
817.52	26.0
828.52	26.0
882.92	26.0
900.28	26.0
958.12	26.0
1009.84	26.0
1041.92	26.0
1065.0	26.0
1091.52	26.0
1122.08	26.0
1137.56	26.0
1151.04	26.0
1172.24	26.0
1209.4	26.0
1215.84	26.0
1220.76	26.0
1266.16	26.0
1308.44	26.0
324.8	27.0
988.48	27.0
326.52	28.0
302.44	28.0
312.88	28.0
315.48	28.0
319.6	28.0
322.4	28.0
332.08	28.0
344.68	28.0
371.32	28.0
385.8	28.0
419.28	28.0
914.72	28.0
315.32	29.0
335.88	29.0
1081.36	29.0
309.4	30.0
313.64	30.0
323.04	30.0
328.88	30.0
353.96	30.0
380.28	30.0
390.68	30.0
408.36	30.0
528.48	30.0
583.04	30.0
941.64	30.0
326.2	31.0
346.68	31.0
354.84	31.0
313.68	33.0
366.08	33.0
329.92	33.0
330.28	34.0
782.28	34.0
829.68	34.0
866.76	34.0
910.16	34.0
946.16	34.0
957.6	34.0
1030.12	34.0
302.68	35.0
312.32	35.0
315.84	35.0
320.8	35.0
326.32	35.0
332.96	35.0
340.16	35.0
343.6	35.0
346.36	35.0
352.12	35.0
365.08	35.0
375.72	35.0
421.72	35.0
493.92	35.0
511.48	35.0
568.72	35.0
585.8	35.0
656.48	35.0
665.92	35.0
699.64	35.0
776.88	35.0
784.32	35.0
792.68	35.0
868.92	35.0
873.6	35.0
897.76	35.0
1000.6	35.0
1003.48	35.0
1037.92	35.0
1063.48	35.0
1196.0	35.0
1214.2	35.0
314.44	36.0
330.28	36.0
