312.44	1.0
668.48	1.0
682.48	1.0
502.64	1.0
328.12	2.0
330.68	2.0
334.8	2.0
362.0	2.0
427.52	2.0
313.16	2.0
316.64	2.0
320.76	2.0
323.44	2.0
340.56	2.0
345.28	2.0
356.56	2.0
370.44	2.0
382.16	2.0
412.04	2.0
419.24	2.0
462.92	2.0
473.68	2.0
480.04	2.0
503.04	2.0
513.64	2.0
548.04	2.0
562.24	2.0
572.28	2.0
599.64	2.0
603.88	2.0
612.52	2.0
635.16	2.0
659.2	2.0
668.36	2.0
712.56	2.0
731.72	2.0
741.2	2.0
758.84	2.0
780.12	2.0
801.4	2.0
815.52	2.0
872.92	2.0
1010.12	2.0
1024.96	2.0
1057.56	2.0
1089.44	2.0
1194.0	2.0
1206.76	2.0
1217.88	2.0
312.72	3.0
328.92	3.0
316.68	3.0
326.2	3.0
331.96	3.0
344.12	3.0
356.72	3.0
364.76	3.0
374.52	3.0
377.12	3.0
382.28	3.0
395.68	3.0
415.0	3.0
439.52	3.0
443.28	3.0
459.0	3.0
463.96	3.0
481.44	3.0
503.28	3.0
530.0	3.0
556.8	3.0
572.88	3.0
652.16	3.0
659.36	3.0
687.32	3.0
1286.2	3.0
1315.2	3.0
317.56	4.0
597.96	4.0
318.68	5.0
328.32	5.0
311.52	5.0
324.32	5.0
365.24	5.0
679.08	5.0
1203.32	5.0
303.0	6.0
343.28	6.0
318.04	6.0
419.92	6.0
592.96	6.0
907.84	6.0
963.24	6.0
1142.8	6.0
1242.0	6.0
1251.2	6.0
324.8	7.0
335.4	7.0
557.64	7.0
302.48	7.0
312.28	7.0
344.48	7.0
527.0	7.0
688.24	8.0
302.92	8.0
311.44	8.0
315.8	8.0
321.8	8.0
344.48	8.0
347.36	8.0
427.28	8.0
463.08	8.0
314.32	9.0
329.12	9.0
346.44	9.0
331.16	10.0
311.8	10.0
318.48	10.0
328.48	10.0
342.68	10.0
533.4	10.0
600.88	10.0
634.48	10.0
711.68	10.0
931.96	10.0
1023.4	10.0
1198.36	10.0
1260.2	10.0
360.4	11.0
383.36	11.0
403.36	11.0
487.56	11.0
586.76	11.0
611.36	11.0
687.44	11.0
774.8	11.0
963.48	11.0
309.08	11.0
312.36	11.0
319.28	11.0
326.8	11.0
329.36	11.0
334.44	11.0
370.96	11.0
622.04	11.0
627.24	11.0
1234.92	11.0
1239.92	11.0
1290.48	11.0
309.0	12.0
312.12	12.0
347.76	12.0
550.76	12.0
302.52	13.0
317.04	13.0
319.72	13.0
325.24	13.0
360.12	13.0
628.8	13.0
1304.68	13.0
319.8	14.0
324.32	14.0
334.2	14.0
343.52	14.0
373.52	14.0
996.36	14.0
1179.08	14.0
341.0	15.0
320.2	15.0
322.8	15.0
332.92	15.0
621.92	15.0
336.08	16.0
1303.8	17.0
346.32	20.0
506.16	20.0
302.48	20.0
328.72	20.0
331.88	20.0
388.6	20.0
309.72	21.0
314.36	21.0
319.48	21.0
324.48	21.0
331.6	21.0
335.92	21.0
340.12	21.0
344.44	21.0
357.12	21.0
361.8	21.0
364.36	21.0
381.32	21.0
397.24	21.0
421.24	21.0
444.88	21.0
478.48	21.0
487.68	21.0
511.32	21.0
535.44	21.0
568.48	21.0
574.4	21.0
578.2	21.0
626.8	21.0
646.08	21.0
651.16	21.0
671.52	21.0
700.84	21.0
733.84	21.0
788.16	21.0
826.48	21.0
873.16	21.0
881.88	21.0
917.44	21.0
971.32	21.0
1057.6	21.0
1090.52	21.0
1169.6	21.0
1235.48	21.0
1271.28	21.0
1282.24	21.0
1291.92	21.0
1310.2	21.0
302.68	22.0
700.36	22.0
309.08	22.0
313.08	22.0
326.16	22.0
329.84	22.0
337.32	22.0
342.6	22.0
361.24	22.0
628.8	22.0
632.64	22.0
647.52	22.0
670.24	22.0
984.96	22.0
1081.64	22.0
1195.76	22.0
764.2	23.0
1169.72	23.0
1178.72	23.0
309.84	23.0
314.72	23.0
317.92	23.0
321.04	23.0
342.56	23.0
411.64	23.0
514.4	23.0
555.64	23.0
647.68	23.0
652.2	23.0
1215.84	23.0
1277.52	23.0
1315.0	23.0
309.32	24.0
313.56	24.0
319.44	24.0
322.16	24.0
327.36	24.0
332.92	24.0
341.76	24.0
350.4	24.0
379.36	24.0
533.2	24.0
319.68	25.0
302.44	25.0
311.88	25.0
317.12	25.0
328.8	25.0
340.92	25.0
354.96	25.0
325.04	26.0
310.2	26.0
313.8	26.0
318.28	26.0
329.08	26.0
332.92	26.0
339.88	26.0
355.84	26.0
361.6	26.0
365.48	26.0
375.52	26.0
382.08	26.0
396.04	26.0
409.16	26.0
417.0	26.0
424.56	26.0
435.4	26.0
458.64	26.0
470.16	26.0
480.88	26.0
506.6	26.0
517.24	26.0
545.8	26.0
549.08	26.0
575.08	26.0
608.36	26.0
622.68	26.0
643.28	26.0
701.96	26.0
715.8	26.0
760.32	26.0
800.12	26.0
823.56	26.0
844.8	26.0
875.8	26.0
881.08	26.0
942.24	26.0
963.28	26.0
1104.76	26.0
1143.2	26.0
1156.68	26.0
1219.84	26.0
1236.8	26.0
1271.84	26.0
1296.48	26.0
1303.24	26.0
323.0	27.0
335.36	27.0
553.32	27.0
593.96	27.0
664.64	27.0
1136.0	27.0
1213.8	27.0
303.0	28.0
333.6	28.0
374.76	28.0
310.04	28.0
313.88	28.0
319.32	28.0
328.84	28.0
337.24	28.0
343.24	28.0
352.88	28.0
390.24	28.0
590.0	28.0
659.68	28.0
1136.48	28.0
327.08	29.0
310.12	29.0
343.44	29.0
38.36	30.0
65.84	30.0
317.68	30.0
323.12	30.0
334.2	30.0
350.2	30.0
353.96	30.0
427.32	30.0
483.92	30.0
558.28	30.0
595.76	30.0
628.2	30.0
699.52	30.0
858.12	30.0
964.68	30.0
1061.36	30.0
1094.72	30.0
1198.0	30.0
313.84	31.0
317.84	31.0
327.28	31.0
339.4	31.0
342.0	31.0
349.68	31.0
364.76	31.0
511.2	31.0
1057.52	33.0
302.44	33.0
339.76	33.0
318.24	34.0
326.64	34.0
354.96	34.0
332.48	34.0
347.36	34.0
735.56	34.0
1086.24	34.0
1246.28	34.0
302.48	35.0
312.4	35.0
314.96	35.0
320.4	35.0
322.92	35.0
332.24	35.0
336.08	35.0
346.48	35.0
355.64	35.0
364.92	35.0
373.72	35.0
413.04	35.0
561.24	35.0
628.72	35.0
687.88	35.0
1085.28	35.0
1139.4	35.0
1163.52	35.0
1226.68	35.0
1245.92	35.0
1253.04	35.0
1268.32	35.0
1280.32	35.0
311.16	36.0
326.0	36.0
417.72	36.0
457.96	36.0
506.56	36.0
