1112.88	1.0
302.52	1.0
946.68	1.0
1118.32	1.0
366.32	2.0
1073.24	2.0
1088.32	2.0
1095.72	2.0
25.24	2.0
76.96	2.0
310.84	2.0
316.84	2.0
319.8	2.0
327.08	2.0
351.76	2.0
388.16	2.0
400.68	2.0
1026.44	2.0
1038.64	2.0
1048.52	2.0
1051.76	2.0
1055.8	2.0
1070.56	2.0
1079.76	2.0
1083.12	2.0
1108.96	2.0
1114.84	2.0
1123.56	2.0
1127.44	2.0
1140.0	2.0
1143.52	2.0
1149.12	2.0
1162.48	2.0
1166.64	2.0
1176.0	2.0
1200.12	2.0
311.32	3.0
1071.52	3.0
23.32	3.0
315.28	3.0
318.84	3.0
326.08	3.0
328.8	3.0
332.8	3.0
338.08	3.0
344.04	3.0
350.16	3.0
353.88	3.0
382.88	3.0
495.76	3.0
1088.8	3.0
1103.6	3.0
1126.88	3.0
1133.72	3.0
1147.68	3.0
1169.32	3.0
1176.2	3.0
1186.88	3.0
1210.0	3.0
1227.08	3.0
1293.64	3.0
379.32	4.0
1124.44	4.0
6.88	4.0
22.96	4.0
314.32	4.0
332.56	4.0
357.68	4.0
402.84	4.0
415.16	4.0
452.76	4.0
552.28	4.0
599.32	4.0
626.08	4.0
932.84	4.0
942.16	4.0
956.72	4.0
990.48	4.0
1003.76	4.0
1071.48	4.0
1097.08	4.0
1128.76	4.0
1150.08	4.0
1175.12	4.0
1193.4	4.0
1225.44	4.0
1240.4	4.0
1272.72	4.0
1296.2	4.0
1333.52	4.0
302.8	5.0
1003.24	5.0
1072.56	5.0
1113.16	5.0
1170.28	5.0
1342.68	5.0
385.4	6.0
964.84	6.0
995.2	6.0
1175.6	6.0
437.48	7.0
453.76	7.0
313.88	8.0
323.0	8.0
336.6	8.0
354.6	8.0
406.44	8.0
1137.08	8.0
1147.88	8.0
1164.36	8.0
1185.92	8.0
1219.16	8.0
1298.88	8.0
316.28	9.0
308.2	9.0
1101.28	9.0
1116.84	9.0
319.92	10.0
1137.04	10.0
1147.96	10.0
1193.72	10.0
308.96	10.0
311.92	10.0
330.72	10.0
1057.4	10.0
1083.84	10.0
1088.84	10.0
315.96	11.0
318.92	11.0
340.48	11.0
495.84	11.0
1103.6	11.0
1152.84	11.0
1173.28	11.0
1210.0	11.0
308.96	11.0
311.72	11.0
323.64	11.0
336.12	11.0
348.68	11.0
366.52	11.0
1050.56	11.0
1073.6	11.0
1088.44	11.0
1100.32	11.0
1122.8	11.0
1147.8	11.0
1163.36	11.0
1197.76	11.0
1223.28	11.0
309.0	12.0
311.88	12.0
964.96	12.0
1165.72	12.0
1189.84	12.0
327.6	13.0
302.76	13.0
314.4	13.0
345.44	13.0
365.12	13.0
548.16	13.0
1093.36	13.0
1222.28	13.0
1134.64	14.0
308.48	14.0
328.48	14.0
396.36	14.0
403.2	14.0
1113.4	14.0
1184.92	14.0
1192.24	14.0
316.24	15.0
565.52	15.0
308.2	16.0
416.0	16.0
1130.0	16.0
1157.56	16.0
1182.44	16.0
1189.8	16.0
1194.84	16.0
1212.88	16.0
323.52	19.0
1199.0	19.0
1232.76	19.0
318.12	20.0
1148.52	20.0
1113.16	20.0
1151.44	20.0
24.24	21.0
55.84	21.0
312.52	21.0
319.36	21.0
331.16	21.0
340.4	21.0
348.64	21.0
359.16	21.0
372.8	21.0
387.32	21.0
394.92	21.0
415.0	21.0
434.28	21.0
472.16	21.0
501.32	21.0
1089.44	21.0
1104.08	21.0
1112.44	21.0
1115.44	21.0
1124.88	21.0
1135.36	21.0
1147.52	21.0
1151.52	21.0
1154.88	21.0
1163.84	21.0
1185.84	21.0
1194.36	21.0
1206.44	21.0
1209.76	21.0
1223.04	21.0
1254.48	21.0
1297.48	21.0
1310.72	21.0
1342.6	21.0
306.28	22.0
317.48	22.0
320.08	22.0
1037.48	22.0
1053.48	22.0
1081.0	22.0
1154.88	22.0
306.04	23.0
316.96	23.0
321.16	23.0
356.24	23.0
430.48	23.0
1168.04	23.0
20.24	23.0
73.44	23.0
122.88	23.0
180.64	23.0
308.76	23.0
334.52	23.0
348.64	23.0
588.04	23.0
620.56	23.0
903.16	23.0
928.12	23.0
972.68	23.0
1000.16	23.0
1045.8	23.0
1057.24	23.0
1067.44	23.0
1137.2	23.0
1141.68	23.0
1147.56	23.0
1162.24	23.0
1188.16	23.0
1196.84	23.0
1248.56	23.0
1318.68	23.0
1330.76	23.0
1343.64	23.0
1381.84	23.0
349.08	24.0
311.36	24.0
318.92	24.0
345.2	24.0
363.04	24.0
447.04	24.0
953.8	24.0
1098.96	24.0
1137.0	24.0
1155.24	24.0
1178.88	24.0
1216.0	24.0
1137.2	25.0
302.48	25.0
345.36	25.0
1254.0	25.0
5.0	26.0
324.44	26.0
467.16	26.0
1077.64	26.0
23.36	26.0
44.56	26.0
66.48	26.0
86.48	26.0
118.72	26.0
200.04	26.0
309.24	26.0
313.76	26.0
320.68	26.0
332.36	26.0
347.44	26.0
393.28	26.0
395.92	26.0
413.8	26.0
424.56	26.0
438.84	26.0
456.6	26.0
478.88	26.0
497.84	26.0
523.44	26.0
554.76	26.0
582.6	26.0
699.68	26.0
721.96	26.0
859.84	26.0
963.8	26.0
1043.84	26.0
1063.4	26.0
1090.48	26.0
1096.04	26.0
1098.92	26.0
1129.92	26.0
1135.28	26.0
1145.6	26.0
1152.12	26.0
1158.88	26.0
1167.12	26.0
1172.96	26.0
1189.6	26.0
1205.0	26.0
1212.92	26.0
1223.68	26.0
1227.44	26.0
1266.68	26.0
1278.88	26.0
1313.64	26.0
1365.08	26.0
1419.32	26.0
476.12	27.0
302.52	27.0
443.64	27.0
1115.96	27.0
1148.0	27.0
1240.16	27.0
1229.04	28.0
302.44	28.0
307.8	28.0
316.12	28.0
323.96	28.0
331.16	28.0
337.48	28.0
362.92	28.0
403.28	28.0
1056.84	28.0
1074.68	28.0
1100.96	28.0
1104.56	28.0
1132.68	28.0
1145.24	28.0
1168.76	28.0
302.44	29.0
1101.08	29.0
302.84	30.0
100.32	30.0
315.84	30.0
322.12	30.0
335.68	30.0
361.28	30.0
398.72	30.0
1107.12	30.0
1133.76	30.0
1152.56	30.0
1166.76	30.0
1177.72	30.0
1185.72	30.0
1321.84	30.0
318.76	31.0
333.68	31.0
388.44	31.0
337.56	33.0
19.96	34.0
973.52	34.0
1139.28	34.0
1169.24	35.0
1188.64	35.0
302.64	35.0
315.92	35.0
318.84	35.0
343.12	35.0
361.76	35.0
378.76	35.0
395.08	35.0
407.92	35.0
415.92	35.0
418.52	35.0
540.68	35.0
881.28	35.0
904.84	35.0
961.64	35.0
1083.68	35.0
1107.52	35.0
1148.52	35.0
1153.04	35.0
1161.4	35.0
1223.56	35.0
1137.2	36.0
302.52	36.0
341.08	36.0
1167.08	36.0
