310.64	2.0
63.84	2.0
87.28	2.0
98.6	2.0
229.76	2.0
268.24	2.0
271.4	2.0
331.0	2.0
333.68	2.0
384.16	2.0
880.2	2.0
958.56	2.0
1002.28	2.0
1035.8	2.0
1042.56	2.0
1072.44	2.0
1075.4	2.0
1083.2	2.0
1124.4	2.0
1142.72	2.0
1145.24	2.0
1392.52	2.0
1085.8	3.0
10.36	3.0
14.92	3.0
21.96	3.0
156.96	3.0
228.8	3.0
233.16	3.0
312.08	3.0
315.56	3.0
327.28	3.0
330.88	3.0
346.0	3.0
896.88	3.0
957.44	3.0
990.0	3.0
995.4	3.0
1046.24	3.0
1079.88	3.0
1124.16	3.0
1145.16	3.0
1188.16	3.0
315.28	4.0
335.08	4.0
1062.48	4.0
1081.6	4.0
1115.16	4.0
929.64	5.0
1116.76	5.0
297.52	6.0
302.44	6.0
900.88	6.0
1142.36	6.0
232.28	7.0
912.92	7.0
986.28	7.0
1065.36	7.0
1085.96	7.0
1127.48	7.0
1156.04	7.0
191.56	8.0
227.16	8.0
348.44	8.0
404.68	8.0
491.4	8.0
1083.84	8.0
1154.12	8.0
1309.92	8.0
314.56	9.0
1123.76	9.0
1149.08	9.0
317.64	10.0
853.16	10.0
1051.0	10.0
295.2	10.0
308.96	10.0
311.72	10.0
486.96	10.0
651.44	10.0
816.4	10.0
1125.24	10.0
1397.6	10.0
22.0	11.0
995.44	11.0
1121.88	11.0
50.56	11.0
196.12	11.0
309.0	11.0
312.36	11.0
317.88	11.0
326.6	11.0
360.0	11.0
1067.24	11.0
1075.32	11.0
1113.16	11.0
14.96	12.0
74.56	12.0
195.2	12.0
263.6	12.0
308.96	12.0
312.32	12.0
330.88	12.0
977.96	12.0
988.72	12.0
1029.88	12.0
1125.72	12.0
1116.88	13.0
81.6	13.0
120.76	13.0
275.4	13.0
318.52	13.0
332.2	13.0
996.16	13.0
1062.88	14.0
327.48	14.0
331.12	14.0
346.4	14.0
977.56	14.0
1154.28	14.0
328.64	15.0
302.44	15.0
1355.8	15.0
323.2	16.0
984.0	16.0
1081.92	17.0
182.08	18.0
1081.84	18.0
1045.04	20.0
134.88	20.0
228.92	20.0
320.08	21.0
790.2	21.0
10.44	21.0
14.32	21.0
37.92	21.0
63.6	21.0
81.88	21.0
96.92	21.0
122.0	21.0
134.48	21.0
159.4	21.0
167.48	21.0
195.6	21.0
206.68	21.0
209.2	21.0
227.04	21.0
231.24	21.0
252.68	21.0
280.92	21.0
287.16	21.0
311.84	21.0
329.16	21.0
338.24	21.0
354.8	21.0
374.08	21.0
386.72	21.0
449.44	21.0
859.04	21.0
893.76	21.0
927.16	21.0
940.08	21.0
952.72	21.0
963.96	21.0
968.32	21.0
977.4	21.0
987.4	21.0
1013.08	21.0
1034.96	21.0
1043.4	21.0
1057.56	21.0
1068.72	21.0
1079.28	21.0
1092.88	21.0
1104.36	21.0
1113.68	21.0
1131.56	21.0
1152.24	21.0
1167.12	21.0
1198.2	21.0
1227.6	21.0
958.08	22.0
977.56	22.0
1060.24	22.0
9.92	22.0
14.36	22.0
62.4	22.0
126.04	22.0
166.04	22.0
252.4	22.0
308.48	22.0
327.72	22.0
790.12	22.0
898.0	22.0
961.92	22.0
1038.88	22.0
1076.44	22.0
1105.76	22.0
1134.4	22.0
1199.92	22.0
1330.6	22.0
1365.92	22.0
225.84	23.0
302.88	23.0
322.4	23.0
1013.6	23.0
14.44	23.0
116.28	23.0
194.92	23.0
206.92	23.0
271.64	23.0
296.04	23.0
307.08	23.0
311.44	23.0
328.2	23.0
337.84	23.0
346.32	23.0
369.0	23.0
377.6	23.0
936.24	23.0
954.12	23.0
977.72	23.0
988.56	23.0
995.72	23.0
1034.8	23.0
1045.88	23.0
1050.48	23.0
1068.04	23.0
1077.2	23.0
1093.76	23.0
1115.76	23.0
1149.32	23.0
1169.88	23.0
1332.68	23.0
322.08	24.0
11.64	24.0
14.88	24.0
60.32	24.0
191.32	24.0
195.28	24.0
205.52	24.0
269.24	24.0
298.48	24.0
310.92	24.0
318.96	24.0
329.32	24.0
342.72	24.0
356.92	24.0
960.96	24.0
985.72	24.0
1031.2	24.0
1050.56	24.0
1060.16	24.0
1071.36	24.0
1118.44	24.0
1124.96	24.0
1127.48	24.0
1160.04	24.0
195.44	25.0
985.96	25.0
1155.56	25.0
302.44	25.0
1128.32	25.0
302.76	26.0
15.84	26.0
22.12	26.0
42.4	26.0
97.96	26.0
108.44	26.0
135.08	26.0
142.56	26.0
166.8	26.0
185.68	26.0
225.48	26.0
233.52	26.0
243.24	26.0
254.6	26.0
268.8	26.0
271.32	26.0
289.72	26.0
309.32	26.0
313.56	26.0
318.88	26.0
328.64	26.0
337.28	26.0
344.2	26.0
347.44	26.0
371.64	26.0
379.2	26.0
395.0	26.0
440.88	26.0
473.12	26.0
490.88	26.0
493.8	26.0
517.72	26.0
534.4	26.0
561.4	26.0
616.04	26.0
735.44	26.0
813.56	26.0
825.8	26.0
884.44	26.0
912.56	26.0
939.4	26.0
955.72	26.0
973.44	26.0
985.84	26.0
1008.36	26.0
1017.72	26.0
1031.2	26.0
1068.92	26.0
1083.72	26.0
1093.16	26.0
1103.92	26.0
1115.92	26.0
1133.96	26.0
1179.36	26.0
1209.84	26.0
1230.08	26.0
1239.52	26.0
1305.12	26.0
1335.08	26.0
1351.44	26.0
1379.52	26.0
323.04	27.0
465.44	27.0
961.84	27.0
174.6	28.0
302.44	28.0
314.2	28.0
318.88	28.0
322.24	28.0
333.72	28.0
371.96	28.0
920.48	28.0
986.12	28.0
998.76	28.0
1079.84	28.0
1086.56	28.0
1123.48	28.0
1347.08	28.0
1409.68	28.0
302.76	29.0
308.68	29.0
314.0	29.0
1037.6	29.0
38.96	30.0
79.92	30.0
116.16	30.0
133.96	30.0
162.36	30.0
196.44	30.0
252.6	30.0
316.64	30.0
375.8	30.0
632.28	30.0
945.76	30.0
983.28	30.0
1016.4	30.0
1079.92	30.0
1104.52	30.0
1135.52	30.0
1243.52	30.0
307.68	31.0
317.24	31.0
1068.04	33.0
302.64	34.0
1067.88	34.0
37.24	35.0
66.6	35.0
77.92	35.0
227.24	35.0
270.32	35.0
302.56	35.0
320.16	35.0
348.36	35.0
857.56	35.0
910.52	35.0
967.56	35.0
977.52	35.0
1013.48	35.0
1040.4	35.0
1048.28	35.0
1068.0	35.0
1071.24	35.0
1076.4	35.0
1103.92	35.0
1111.44	35.0
1123.32	35.0
1154.28	35.0
195.44	36.0
985.96	36.0
306.0	36.0
320.2	36.0
962.28	36.0
