166.36	1.0
173.84	1.0
255.76	2.0
299.8	2.0
310.8	2.0
56.68	2.0
112.68	2.0
172.92	2.0
212.96	2.0
229.28	2.0
242.04	2.0
265.0	2.0
314.2	2.0
318.52	2.0
327.28	2.0
333.04	2.0
338.04	2.0
349.48	2.0
896.64	2.0
975.04	2.0
1361.36	2.0
1371.4	2.0
1408.8	2.0
319.52	3.0
50.28	3.0
100.6	3.0
225.2	3.0
255.84	3.0
310.4	3.0
314.4	3.0
327.16	3.0
329.96	3.0
333.28	3.0
358.32	3.0
482.48	3.0
1357.8	3.0
1390.12	3.0
352.36	4.0
318.12	4.0
902.32	5.0
1310.64	5.0
222.36	5.0
311.2	5.0
954.92	5.0
154.16	6.0
311.08	6.0
919.48	6.0
1349.44	6.0
307.36	7.0
142.04	8.0
307.04	8.0
320.0	8.0
444.64	8.0
1375.0	8.0
79.08	9.0
113.32	9.0
164.12	9.0
1338.44	9.0
1368.64	9.0
159.2	10.0
445.28	10.0
1335.2	10.0
56.6	10.0
103.16	10.0
211.08	10.0
253.8	10.0
308.96	10.0
311.92	10.0
327.24	10.0
348.76	10.0
573.64	10.0
811.92	10.0
992.84	10.0
1044.2	10.0
1213.76	10.0
1321.64	10.0
100.64	11.0
225.24	11.0
22.12	11.0
88.88	11.0
172.08	11.0
308.96	11.0
311.8	11.0
327.72	11.0
1339.8	11.0
57.32	12.0
176.56	12.0
309.0	12.0
312.0	12.0
327.24	12.0
348.12	12.0
356.16	12.0
163.24	13.0
223.56	13.0
303.0	13.0
306.24	13.0
313.04	13.0
317.48	13.0
328.8	13.0
361.32	13.0
13.16	14.0
164.36	14.0
192.24	14.0
302.48	14.0
310.16	14.0
335.88	14.0
372.6	14.0
273.52	15.0
863.48	16.0
1149.76	16.0
1376.76	16.0
316.96	20.0
334.72	20.0
192.04	20.0
30.04	21.0
40.16	21.0
83.92	21.0
93.48	21.0
99.68	21.0
142.08	21.0
164.0	21.0
173.28	21.0
191.4	21.0
223.76	21.0
235.56	21.0
262.96	21.0
270.64	21.0
289.04	21.0
293.44	21.0
317.56	21.0
332.2	21.0
353.4	21.0
374.52	21.0
396.48	21.0
430.52	21.0
477.52	21.0
628.48	21.0
1003.32	21.0
1090.48	21.0
1334.92	21.0
1358.84	21.0
1377.36	21.0
1399.4	21.0
302.56	22.0
154.08	22.0
160.48	22.0
191.28	22.0
240.2	22.0
309.2	22.0
325.64	22.0
355.16	22.0
302.64	23.0
163.48	23.0
193.4	23.0
231.32	23.0
237.96	23.0
299.08	23.0
310.28	23.0
316.68	23.0
330.24	23.0
357.92	23.0
387.88	23.0
491.6	23.0
1367.6	23.0
1389.68	23.0
165.04	24.0
213.4	24.0
239.68	24.0
307.08	24.0
315.48	24.0
327.48	24.0
348.36	24.0
393.76	24.0
434.84	24.0
1407.96	24.0
214.48	25.0
308.08	25.0
315.76	25.0
302.44	25.0
324.84	26.0
9.48	26.0
14.68	26.0
21.2	26.0
27.24	26.0
46.76	26.0
56.84	26.0
66.76	26.0
74.44	26.0
86.88	26.0
96.36	26.0
116.32	26.0
124.28	26.0
134.8	26.0
154.0	26.0
169.76	26.0
175.32	26.0
192.56	26.0
197.56	26.0
209.24	26.0
237.76	26.0
257.2	26.0
272.84	26.0
295.64	26.0
298.28	26.0
311.84	26.0
316.8	26.0
321.4	26.0
327.52	26.0
334.12	26.0
346.92	26.0
356.92	26.0
372.72	26.0
384.68	26.0
398.08	26.0
409.64	26.0
428.68	26.0
444.76	26.0
458.92	26.0
490.4	26.0
522.0	26.0
553.6	26.0
573.4	26.0
585.04	26.0
623.72	26.0
631.44	26.0
664.0	26.0
822.88	26.0
856.24	26.0
905.0	26.0
929.64	26.0
1013.64	26.0
1057.12	26.0
1393.96	26.0
132.72	27.0
210.16	27.0
281.04	27.0
307.68	27.0
302.72	28.0
25.88	28.0
163.76	28.0
216.44	28.0
289.24	28.0
313.16	28.0
319.04	28.0
332.6	28.0
637.0	28.0
926.88	28.0
988.56	28.0
1160.48	28.0
1237.88	28.0
1281.76	28.0
1338.16	28.0
99.2	30.0
123.64	30.0
269.04	30.0
319.24	30.0
333.24	30.0
358.28	30.0
432.64	30.0
476.6	30.0
834.12	30.0
911.6	30.0
959.6	30.0
1004.36	30.0
1362.12	30.0
1379.8	30.0
6.44	31.0
159.76	31.0
312.68	31.0
331.12	31.0
1002.52	31.0
348.64	33.0
204.76	33.0
331.56	33.0
302.6	34.0
92.72	35.0
112.76	35.0
135.32	35.0
200.04	35.0
213.76	35.0
302.64	35.0
321.92	35.0
331.56	35.0
368.96	35.0
382.08	35.0
392.96	35.0
406.2	35.0
420.12	35.0
463.96	35.0
631.16	35.0
903.8	35.0
1001.8	35.0
1301.44	35.0
314.68	36.0
