317.32	1.0
362.04	1.0
889.84	1.0
35.24	2.0
80.36	2.0
132.2	2.0
180.48	2.0
209.0	2.0
227.08	2.0
247.0	2.0
314.32	2.0
319.28	2.0
322.0	2.0
335.64	2.0
353.68	2.0
362.8	2.0
696.52	2.0
699.76	2.0
741.28	2.0
846.04	2.0
977.64	2.0
42.36	3.0
66.16	3.0
214.8	3.0
290.0	3.0
314.48	3.0
317.2	3.0
320.44	3.0
331.44	3.0
340.56	3.0
414.04	3.0
591.56	3.0
699.52	3.0
743.44	3.0
891.72	3.0
30.84	4.0
311.44	4.0
308.2	5.0
317.6	5.0
323.68	5.0
382.04	6.0
820.4	6.0
311.76	7.0
315.52	8.0
324.68	8.0
355.0	8.0
385.8	8.0
392.12	8.0
657.48	8.0
246.44	9.0
311.0	9.0
330.08	9.0
335.68	9.0
253.08	10.0
739.88	10.0
1093.0	10.0
120.28	10.0
201.04	10.0
308.96	10.0
312.04	10.0
321.04	10.0
531.44	10.0
679.88	10.0
775.52	10.0
932.16	10.0
1022.52	10.0
42.44	11.0
296.48	11.0
591.6	11.0
743.52	11.0
308.96	11.0
311.68	11.0
329.72	11.0
342.72	11.0
361.84	11.0
695.88	11.0
843.24	11.0
308.96	12.0
312.12	12.0
345.36	12.0
360.88	12.0
390.68	12.0
408.52	12.0
513.44	12.0
789.64	12.0
312.08	13.0
319.24	13.0
329.44	13.0
393.88	13.0
747.52	13.0
307.24	14.0
341.88	14.0
637.8	15.0
321.52	16.0
363.36	16.0
1037.64	16.0
69.8	20.0
241.76	20.0
343.96	20.0
740.64	20.0
302.48	21.0
329.84	21.0
30.44	21.0
46.36	21.0
142.56	21.0
189.92	21.0
253.84	21.0
311.44	21.0
317.64	21.0
320.88	21.0
336.28	21.0
349.64	21.0
355.04	21.0
362.92	21.0
366.84	21.0
379.16	21.0
394.28	21.0
463.56	21.0
590.32	21.0
700.76	21.0
719.76	21.0
747.48	21.0
832.64	21.0
866.4	21.0
999.44	21.0
39.2	22.0
126.16	22.0
306.68	22.0
316.92	22.0
322.28	22.0
355.68	22.0
470.52	22.0
715.24	22.0
1020.24	22.0
45.8	23.0
317.24	23.0
330.36	23.0
360.44	23.0
634.44	23.0
311.84	23.0
321.08	23.0
380.84	23.0
390.44	23.0
444.84	23.0
499.44	23.0
567.48	23.0
629.56	23.0
839.52	23.0
311.04	24.0
317.36	24.0
324.96	24.0
331.04	24.0
344.32	24.0
364.2	24.0
437.84	24.0
465.04	24.0
570.36	24.0
701.88	24.0
312.96	25.0
438.08	25.0
570.6	25.0
302.44	25.0
325.44	25.0
322.08	26.0
19.84	26.0
61.76	26.0
72.88	26.0
88.12	26.0
109.88	26.0
164.28	26.0
195.56	26.0
251.6	26.0
267.56	26.0
282.4	26.0
313.8	26.0
317.08	26.0
324.72	26.0
328.4	26.0
333.08	26.0
340.04	26.0
346.0	26.0
354.0	26.0
356.56	26.0
360.76	26.0
375.16	26.0
382.76	26.0
394.12	26.0
402.64	26.0
420.64	26.0
428.88	26.0
440.08	26.0
446.16	26.0
460.84	26.0
472.52	26.0
493.72	26.0
514.24	26.0
539.04	26.0
555.4	26.0
564.16	26.0
580.56	26.0
592.16	26.0
613.36	26.0
631.36	26.0
638.6	26.0
645.6	26.0
658.0	26.0
667.32	26.0
687.56	26.0
716.84	26.0
729.04	26.0
744.4	26.0
752.96	26.0
773.96	26.0
793.92	26.0
822.36	26.0
835.12	26.0
861.36	26.0
875.28	26.0
898.84	26.0
923.72	26.0
946.12	26.0
987.56	26.0
1053.12	26.0
1069.84	26.0
1103.0	26.0
1125.96	26.0
1195.6	26.0
1199.48	26.0
197.92	27.0
302.92	27.0
307.36	27.0
1058.64	27.0
302.72	28.0
307.08	28.0
323.4	28.0
675.4	28.0
208.72	28.0
246.08	28.0
310.64	28.0
313.36	28.0
315.88	28.0
326.2	28.0
329.72	28.0
335.36	28.0
691.08	28.0
736.04	28.0
191.44	30.0
312.84	30.0
316.6	30.0
320.6	30.0
335.96	30.0
341.08	30.0
351.68	30.0
363.72	30.0
413.8	30.0
435.24	30.0
473.2	30.0
498.28	30.0
528.4	30.0
531.28	30.0
636.64	30.0
739.44	30.0
808.32	30.0
928.32	30.0
1007.16	30.0
317.76	31.0
302.68	31.0
386.44	31.0
316.84	33.0
330.84	33.0
363.72	33.0
470.12	33.0
302.92	33.0
679.0	33.0
318.0	34.0
302.6	34.0
322.72	34.0
12.96	35.0
212.16	35.0
249.52	35.0
269.8	35.0
306.16	35.0
317.28	35.0
319.92	35.0
324.32	35.0
345.28	35.0
376.64	35.0
407.76	35.0
606.76	35.0
908.4	35.0
920.04	35.0
1010.0	35.0
1079.68	35.0
306.0	36.0
314.8	36.0
318.32	36.0
321.8	36.0
