8.24	1.0
45.08	1.0
288.88	1.0
688.88	1.0
896.12	1.0
1121.64	1.0
5.4	2.0
8.64	2.0
55.8	2.0
94.04	2.0
102.32	2.0
143.76	2.0
311.24	2.0
323.2	2.0
326.68	2.0
331.92	2.0
355.88	2.0
366.84	2.0
679.04	2.0
689.16	2.0
711.0	2.0
727.28	2.0
744.88	2.0
750.56	2.0
923.76	2.0
1001.0	2.0
1063.8	2.0
1091.76	2.0
1122.08	2.0
1132.0	2.0
1137.28	2.0
1178.96	2.0
1205.64	2.0
1211.52	2.0
1223.88	2.0
1278.84	2.0
1288.2	2.0
102.76	3.0
48.24	3.0
118.72	3.0
191.52	3.0
247.28	3.0
296.88	3.0
311.32	3.0
314.28	3.0
330.08	3.0
689.04	3.0
717.16	3.0
727.4	3.0
732.32	3.0
768.04	3.0
837.08	3.0
1016.6	3.0
1124.2	3.0
1137.04	3.0
1166.08	3.0
1186.04	3.0
1218.04	3.0
1258.76	3.0
1293.0	3.0
691.6	4.0
1146.68	4.0
314.56	4.0
377.32	4.0
411.52	4.0
665.64	4.0
688.88	4.0
712.84	4.0
729.24	4.0
786.48	4.0
820.96	4.0
879.2	4.0
1115.48	4.0
315.88	5.0
1235.0	5.0
117.88	5.0
310.64	5.0
332.0	5.0
314.04	6.0
21.12	6.0
322.12	6.0
480.68	6.0
759.52	6.0
1235.0	6.0
278.48	7.0
1293.76	7.0
81.8	7.0
222.08	7.0
232.28	7.0
351.48	7.0
373.04	7.0
403.36	7.0
413.04	7.0
720.2	7.0
1205.0	7.0
284.72	8.0
302.88	8.0
314.68	8.0
356.76	8.0
392.12	8.0
425.0	8.0
856.16	8.0
960.32	8.0
1200.2	8.0
1241.84	8.0
311.88	9.0
325.8	9.0
677.48	9.0
686.6	9.0
1102.56	9.0
1225.28	9.0
688.84	10.0
716.76	10.0
1126.56	10.0
16.68	10.0
81.4	10.0
152.12	10.0
258.32	10.0
308.96	10.0
312.52	10.0
616.96	10.0
819.88	10.0
889.76	10.0
1047.32	10.0
1188.56	10.0
1278.56	10.0
191.56	11.0
708.28	11.0
1125.64	11.0
1166.12	11.0
42.64	11.0
308.96	11.0
312.44	11.0
321.4	11.0
686.4	11.0
724.76	11.0
767.4	11.0
827.48	11.0
941.56	11.0
1078.6	11.0
1090.24	11.0
1103.2	11.0
1113.6	11.0
1156.52	11.0
1187.16	11.0
1190.36	11.0
1285.2	11.0
43.44	12.0
117.16	12.0
308.92	12.0
311.88	12.0
474.56	12.0
829.84	12.0
4.64	13.0
285.28	13.0
302.72	13.0
307.56	13.0
311.92	13.0
325.04	13.0
332.8	13.0
376.88	13.0
689.64	13.0
707.6	13.0
1208.6	13.0
92.76	14.0
302.44	14.0
330.4	14.0
334.8	14.0
374.76	14.0
1210.76	14.0
1263.64	14.0
302.96	15.0
412.92	16.0
314.28	17.0
773.2	17.0
1123.24	18.0
1040.2	18.0
1238.72	18.0
353.4	19.0
356.84	20.0
841.12	20.0
86.8	21.0
302.44	21.0
34.92	21.0
65.92	21.0
124.84	21.0
256.2	21.0
275.08	21.0
299.72	21.0
312.68	21.0
331.08	21.0
352.64	21.0
390.44	21.0
688.16	21.0
729.04	21.0
749.72	21.0
860.32	21.0
865.56	21.0
881.6	21.0
914.72	21.0
941.44	21.0
1081.44	21.0
1095.12	21.0
1144.88	21.0
1153.48	21.0
1185.28	21.0
1192.36	21.0
1255.92	21.0
1289.0	21.0
1299.24	21.0
302.48	22.0
86.72	22.0
99.68	22.0
313.28	22.0
353.36	22.0
841.28	22.0
1119.48	22.0
1291.4	22.0
245.96	23.0
302.64	23.0
43.2	23.0
96.28	23.0
218.36	23.0
252.84	23.0
278.92	23.0
310.44	23.0
316.12	23.0
329.04	23.0
637.88	23.0
650.52	23.0
663.84	23.0
672.84	23.0
688.04	23.0
710.96	23.0
822.96	23.0
852.56	23.0
891.44	23.0
1078.44	23.0
1090.44	23.0
1097.88	23.0
1152.68	23.0
1163.4	23.0
1187.84	23.0
1194.08	23.0
1229.76	23.0
1239.04	23.0
1242.12	23.0
1293.24	23.0
306.24	24.0
1293.2	24.0
215.68	24.0
242.0	24.0
275.52	24.0
302.68	24.0
309.84	24.0
312.36	24.0
319.72	24.0
327.84	24.0
335.08	24.0
715.68	24.0
820.12	24.0
1123.08	24.0
1219.48	24.0
1244.0	24.0
1258.8	24.0
1273.76	24.0
320.88	25.0
820.48	25.0
1219.72	25.0
302.44	25.0
27.72	26.0
180.8	26.0
202.92	26.0
1156.16	26.0
8.08	26.0
19.36	26.0
48.72	26.0
60.44	26.0
69.32	26.0
87.04	26.0
91.8	26.0
107.64	26.0
116.48	26.0
124.0	26.0
148.88	26.0
158.96	26.0
171.76	26.0
196.72	26.0
230.16	26.0
252.8	26.0
256.76	26.0
281.64	26.0
289.08	26.0
303.0	26.0
307.08	26.0
312.0	26.0
317.72	26.0
329.28	26.0
332.56	26.0
338.04	26.0
344.16	26.0
352.96	26.0
359.48	26.0
377.88	26.0
383.52	26.0
386.44	26.0
404.68	26.0
428.6	26.0
437.96	26.0
452.4	26.0
489.84	26.0
509.48	26.0
531.04	26.0
600.72	26.0
672.96	26.0
680.44	26.0
712.96	26.0
726.96	26.0
773.4	26.0
778.64	26.0
797.92	26.0
841.56	26.0
867.96	26.0
886.12	26.0
915.88	26.0
941.44	26.0
961.56	26.0
995.68	26.0
1041.32	26.0
1052.24	26.0
1106.92	26.0
1112.52	26.0
1127.6	26.0
1145.48	26.0
1169.8	26.0
1177.0	26.0
1186.88	26.0
1195.68	26.0
1211.64	26.0
1221.12	26.0
1227.96	26.0
1244.24	26.0
1260.96	26.0
1275.52	26.0
1293.32	26.0
82.48	27.0
306.24	27.0
302.68	28.0
749.72	28.0
307.52	28.0
311.56	28.0
323.4	28.0
347.64	28.0
640.52	28.0
677.16	28.0
686.28	28.0
693.16	28.0
966.2	28.0
1068.92	28.0
1102.24	28.0
1224.92	28.0
315.28	29.0
325.24	29.0
636.88	29.0
684.92	29.0
325.04	30.0
685.8	30.0
257.2	30.0
294.68	30.0
309.92	30.0
317.36	30.0
331.64	30.0
345.0	30.0
386.8	30.0
425.72	30.0
747.56	30.0
831.52	30.0
913.4	30.0
1129.8	30.0
1194.44	30.0
1262.96	30.0
1297.08	30.0
47.4	31.0
302.72	31.0
311.92	31.0
328.84	31.0
332.92	31.0
358.08	31.0
689.52	31.0
699.52	31.0
1295.52	31.0
42.36	33.0
716.76	33.0
284.88	33.0
919.84	33.0
42.2	34.0
302.68	34.0
686.4	34.0
725.88	34.0
15.96	35.0
42.44	35.0
101.12	35.0
197.48	35.0
284.28	35.0
302.52	35.0
324.28	35.0
330.96	35.0
344.12	35.0
353.6	35.0
672.76	35.0
676.52	35.0
712.72	35.0
719.44	35.0
782.68	35.0
866.56	35.0
886.08	35.0
957.68	35.0
977.68	35.0
1050.72	35.0
1090.36	35.0
1141.24	35.0
1187.8	35.0
1191.76	35.0
1292.04	35.0
1308.4	35.0
820.32	36.0
306.12	36.0
311.16	36.0
321.24	36.0
