315.24	1.0
311.08	1.0
946.32	1.0
1133.0	1.0
326.08	2.0
331.56	2.0
657.48	2.0
1153.2	2.0
260.24	2.0
311.56	2.0
314.64	2.0
317.72	2.0
335.64	2.0
352.8	2.0
370.48	2.0
378.44	2.0
408.8	2.0
510.16	2.0
616.16	2.0
618.76	2.0
685.24	2.0
707.2	2.0
754.96	2.0
767.8	2.0
812.88	2.0
873.92	2.0
891.2	2.0
915.24	2.0
917.92	2.0
948.48	2.0
984.32	2.0
992.64	2.0
1006.84	2.0
1009.92	2.0
1033.24	2.0
1111.28	2.0
1135.24	2.0
1145.44	2.0
1158.8	2.0
1178.08	2.0
1185.24	2.0
1256.28	2.0
314.24	3.0
378.92	3.0
311.68	3.0
316.88	3.0
327.08	3.0
336.6	3.0
344.36	3.0
354.36	3.0
359.64	3.0
373.68	3.0
392.32	3.0
408.56	3.0
414.72	3.0
441.28	3.0
510.28	3.0
666.84	3.0
754.76	3.0
766.72	3.0
874.08	3.0
895.2	3.0
914.96	3.0
924.64	3.0
947.76	3.0
954.28	3.0
957.04	3.0
969.24	3.0
994.68	3.0
1011.08	3.0
1024.28	3.0
1033.0	3.0
1045.84	3.0
1085.76	3.0
1100.36	3.0
1133.96	3.0
1136.52	3.0
1153.6	3.0
1158.96	3.0
1187.4	3.0
342.16	4.0
1238.0	4.0
276.92	4.0
313.36	4.0
319.64	4.0
329.2	4.0
354.76	4.0
374.32	4.0
396.36	4.0
458.96	4.0
518.8	4.0
661.44	4.0
678.88	4.0
707.12	4.0
728.24	4.0
791.68	4.0
825.8	4.0
870.64	4.0
893.48	4.0
919.04	4.0
971.24	4.0
1005.12	4.0
1032.48	4.0
1080.68	4.0
1102.56	4.0
1128.28	4.0
309.0	5.0
319.92	5.0
964.24	5.0
210.44	6.0
328.76	6.0
429.36	6.0
653.04	6.0
1004.72	6.0
1070.28	6.0
1104.88	6.0
1214.32	6.0
831.52	7.0
302.64	7.0
1002.08	7.0
1140.56	7.0
1262.04	7.0
302.92	8.0
331.0	8.0
406.68	8.0
436.36	8.0
615.68	8.0
654.24	8.0
758.56	8.0
806.8	8.0
818.68	8.0
841.2	8.0
899.28	8.0
919.24	8.0
946.84	8.0
1005.12	8.0
1031.28	8.0
1106.04	8.0
1129.08	8.0
1151.08	8.0
1190.52	8.0
1234.64	8.0
257.8	9.0
319.52	9.0
327.92	9.0
342.32	9.0
456.32	9.0
708.2	9.0
750.56	9.0
1008.36	9.0
1035.76	9.0
246.56	10.0
309.0	10.0
311.72	10.0
334.84	10.0
574.16	10.0
658.0	10.0
693.04	10.0
941.48	10.0
1008.36	10.0
1089.96	10.0
1200.32	10.0
259.04	11.0
331.04	11.0
666.88	11.0
813.4	11.0
1006.32	11.0
1085.84	11.0
1150.56	11.0
309.0	11.0
311.64	11.0
324.8	11.0
328.28	11.0
335.44	11.0
352.92	11.0
376.2	11.0
400.96	11.0
452.76	11.0
501.32	11.0
619.76	11.0
677.8	11.0
755.92	11.0
765.16	11.0
826.16	11.0
873.96	11.0
885.48	11.0
912.04	11.0
940.32	11.0
948.68	11.0
981.36	11.0
1033.32	11.0
1050.84	11.0
1063.68	11.0
1099.12	11.0
1174.08	11.0
1216.92	11.0
1248.76	11.0
1253.2	11.0
869.68	12.0
308.96	12.0
311.68	12.0
320.84	12.0
329.72	12.0
352.96	12.0
400.24	12.0
821.56	12.0
872.6	12.0
1132.88	12.0
302.48	13.0
760.0	13.0
1001.56	13.0
1137.2	13.0
329.24	14.0
971.28	14.0
207.64	14.0
360.76	14.0
372.04	14.0
390.0	14.0
895.44	14.0
1004.8	14.0
1046.96	14.0
1046.24	15.0
576.88	16.0
846.56	16.0
882.2	16.0
970.68	16.0
987.76	16.0
1121.08	16.0
1176.24	16.0
1194.6	16.0
317.08	18.0
334.12	19.0
375.88	19.0
405.28	19.0
449.8	19.0
497.6	19.0
616.44	19.0
654.8	19.0
752.32	19.0
806.92	19.0
871.28	19.0
946.28	19.0
1150.36	19.0
1213.88	19.0
318.24	20.0
16.48	21.0
279.28	21.0
316.32	21.0
319.08	21.0
322.24	21.0
331.84	21.0
344.0	21.0
352.56	21.0
378.88	21.0
381.88	21.0
401.08	21.0
951.36	21.0
999.6	21.0
1018.0	21.0
1066.48	21.0
1139.6	21.0
1165.64	21.0
1191.4	21.0
302.56	22.0
168.4	22.0
190.4	22.0
313.84	22.0
318.56	22.0
325.92	22.0
967.44	22.0
1004.88	22.0
1053.88	22.0
1102.76	22.0
308.24	23.0
995.8	23.0
273.96	23.0
311.0	23.0
316.88	23.0
325.44	23.0
329.52	23.0
338.24	23.0
348.8	23.0
355.08	23.0
655.72	23.0
670.6	23.0
726.16	23.0
773.8	23.0
789.92	23.0
879.08	23.0
930.08	23.0
960.88	23.0
967.56	23.0
978.72	23.0
1003.44	23.0
1006.72	23.0
1013.88	23.0
1035.56	23.0
1042.4	23.0
1054.04	23.0
1056.72	23.0
1131.52	23.0
1181.4	23.0
1213.6	23.0
309.64	24.0
317.24	24.0
325.56	24.0
336.48	24.0
971.2	24.0
1178.76	24.0
27.48	25.0
302.44	25.0
903.88	26.0
978.44	26.0
1070.24	26.0
1177.56	26.0
75.36	26.0
302.44	26.0
312.56	26.0
319.48	26.0
327.8	26.0
331.92	26.0
337.68	26.0
344.64	26.0
351.44	26.0
357.4	26.0
361.44	26.0
399.44	26.0
412.96	26.0
427.04	26.0
449.48	26.0
454.16	26.0
470.84	26.0
501.24	26.0
515.16	26.0
549.08	26.0
583.4	26.0
597.52	26.0
643.48	26.0
662.76	26.0
673.72	26.0
702.2	26.0
705.6	26.0
734.56	26.0
771.0	26.0
784.56	26.0
822.36	26.0
827.88	26.0
846.4	26.0
889.0	26.0
908.64	26.0
919.2	26.0
928.4	26.0
941.24	26.0
946.92	26.0
966.2	26.0
971.96	26.0
1002.08	26.0
1005.84	26.0
1019.32	26.0
1038.84	26.0
1045.84	26.0
1056.0	26.0
1067.04	26.0
1089.16	26.0
1103.6	26.0
1156.0	26.0
1164.28	26.0
1180.8	26.0
1196.44	26.0
1220.44	26.0
1228.28	26.0
1262.12	26.0
1288.8	26.0
1300.72	26.0
388.52	27.0
307.56	27.0
1018.32	27.0
1047.16	27.0
1239.24	27.0
302.44	28.0
312.4	28.0
319.16	28.0
322.84	28.0
326.72	28.0
329.76	28.0
334.48	28.0
341.92	28.0
353.44	28.0
379.48	28.0
409.04	28.0
661.44	28.0
707.84	28.0
750.2	28.0
810.24	28.0
886.88	28.0
1035.44	28.0
1115.88	28.0
1154.04	28.0
1159.12	28.0
1253.6	28.0
254.48	29.0
315.0	30.0
321.72	30.0
331.92	30.0
347.32	30.0
352.04	30.0
401.4	30.0
409.72	30.0
544.64	30.0
615.92	30.0
669.48	30.0
758.96	30.0
840.8	30.0
946.48	30.0
977.6	30.0
1005.04	30.0
1025.92	30.0
1056.2	30.0
1066.6	30.0
1149.96	30.0
1159.36	30.0
315.36	31.0
325.72	31.0
335.04	31.0
359.84	31.0
391.68	31.0
302.68	34.0
316.08	34.0
322.12	34.0
679.16	34.0
1262.92	34.0
153.76	35.0
302.72	35.0
313.44	35.0
321.72	35.0
327.44	35.0
331.04	35.0
334.32	35.0
339.64	35.0
342.72	35.0
354.84	35.0
365.64	35.0
370.08	35.0
385.0	35.0
390.4	35.0
415.36	35.0
436.52	35.0
451.0	35.0
507.84	35.0
724.12	35.0
741.0	35.0
820.12	35.0
832.32	35.0
834.84	35.0
878.92	35.0
894.8	35.0
911.24	35.0
941.8	35.0
968.8	35.0
1002.24	35.0
1006.4	35.0
1045.0	35.0
1107.12	35.0
1158.16	35.0
1180.04	35.0
302.44	36.0
326.84	36.0
1035.4	36.0
