1284.28	1.0
322.84	2.0
421.2	2.0
1303.6	2.0
74.4	2.0
139.08	2.0
184.72	2.0
261.56	2.0
288.12	2.0
310.92	2.0
314.36	2.0
357.16	2.0
372.96	2.0
398.92	2.0
406.28	2.0
466.8	2.0
475.0	2.0
498.92	2.0
511.08	2.0
519.56	2.0
530.36	2.0
547.76	2.0
570.8	2.0
573.32	2.0
589.84	2.0
606.76	2.0
631.88	2.0
641.44	2.0
660.2	2.0
679.92	2.0
704.0	2.0
727.68	2.0
748.8	2.0
765.56	2.0
768.64	2.0
820.12	2.0
830.8	2.0
873.04	2.0
891.8	2.0
903.52	2.0
911.32	2.0
933.2	2.0
965.0	2.0
991.6	2.0
1020.48	2.0
1064.88	2.0
1092.16	2.0
1095.24	2.0
1141.72	2.0
1184.92	2.0
1190.08	2.0
1239.4	2.0
1282.48	2.0
399.56	3.0
467.52	3.0
531.28	3.0
728.24	3.0
1141.76	3.0
82.48	3.0
144.56	3.0
184.88	3.0
286.08	3.0
315.0	3.0
325.84	3.0
337.12	3.0
357.2	3.0
367.76	3.0
389.68	3.0
406.52	3.0
424.4	3.0
439.56	3.0
443.4	3.0
484.28	3.0
491.04	3.0
511.24	3.0
548.6	3.0
573.96	3.0
595.04	3.0
605.32	3.0
632.04	3.0
636.96	3.0
644.0	3.0
658.76	3.0
748.48	3.0
819.56	3.0
883.68	3.0
891.92	3.0
904.48	3.0
910.36	3.0
968.52	3.0
1023.56	3.0
1044.88	3.0
1094.48	3.0
1239.12	3.0
1267.16	3.0
1303.0	3.0
1023.6	4.0
69.8	4.0
144.2	4.0
294.56	4.0
317.2	4.0
327.76	4.0
335.04	4.0
368.48	4.0
389.88	4.0
662.0	4.0
684.2	4.0
1007.08	4.0
1215.12	4.0
661.96	5.0
359.92	5.0
391.28	5.0
203.08	6.0
387.0	6.0
501.16	6.0
550.04	6.0
637.36	6.0
685.32	6.0
854.72	6.0
1183.84	6.0
243.04	7.0
661.36	7.0
704.88	7.0
306.72	7.0
309.92	7.0
358.36	7.0
21.72	8.0
209.32	8.0
285.0	8.0
303.0	8.0
319.72	8.0
330.28	8.0
399.84	8.0
472.0	8.0
489.4	8.0
635.12	8.0
663.8	8.0
893.88	8.0
988.96	8.0
1093.72	8.0
1122.28	8.0
1218.52	8.0
302.96	9.0
383.56	9.0
788.24	9.0
824.32	9.0
961.88	9.0
972.32	9.0
1023.04	9.0
340.4	10.0
503.64	10.0
1091.88	10.0
5.64	10.0
70.28	10.0
136.6	10.0
229.64	10.0
252.8	10.0
288.2	10.0
308.96	10.0
312.4	10.0
323.44	10.0
398.32	10.0
422.0	10.0
474.88	10.0
498.84	10.0
511.88	10.0
572.6	10.0
603.56	10.0
632.72	10.0
660.96	10.0
703.32	10.0
768.64	10.0
807.04	10.0
934.24	10.0
965.36	10.0
1261.64	10.0
1283.72	10.0
144.6	11.0
286.2	11.0
348.12	11.0
748.56	11.0
910.44	11.0
16.72	11.0
37.64	11.0
74.44	11.0
162.16	11.0
276.12	11.0
308.96	11.0
311.96	11.0
323.88	11.0
339.56	11.0
358.28	11.0
372.0	11.0
397.76	11.0
421.92	11.0
475.52	11.0
543.64	11.0
547.2	11.0
572.28	11.0
623.48	11.0
660.04	11.0
783.84	11.0
817.2	11.0
932.84	11.0
969.44	11.0
1068.52	11.0
1091.56	11.0
1137.28	11.0
1143.2	11.0
1187.52	11.0
1237.2	11.0
1280.84	11.0
1300.4	11.0
342.44	12.0
308.96	12.0
311.68	12.0
316.2	12.0
424.4	12.0
559.64	12.0
302.52	13.0
265.0	13.0
321.44	13.0
328.0	13.0
642.56	13.0
662.8	13.0
968.36	13.0
328.0	14.0
810.24	14.0
220.16	14.0
282.76	14.0
289.48	14.0
355.44	14.0
401.32	14.0
404.52	14.0
474.0	14.0
663.2	14.0
1201.68	14.0
1256.84	14.0
1301.72	14.0
530.64	15.0
765.6	15.0
817.12	15.0
161.92	16.0
424.72	16.0
1002.16	16.0
319.0	18.0
71.68	19.0
258.04	19.0
285.48	19.0
569.96	19.0
1181.8	19.0
1165.28	20.0
302.8	21.0
392.0	21.0
660.28	21.0
81.52	21.0
166.84	21.0
281.76	21.0
307.72	21.0
311.68	21.0
317.28	21.0
325.4	21.0
328.08	21.0
332.36	21.0
339.76	21.0
358.64	21.0
371.84	21.0
385.48	21.0
398.16	21.0
400.76	21.0
420.12	21.0
440.76	21.0
455.4	21.0
463.84	21.0
474.84	21.0
557.76	21.0
681.56	21.0
705.84	21.0
769.4	21.0
827.12	21.0
941.92	21.0
975.24	21.0
1142.24	21.0
1236.68	21.0
1289.24	21.0
302.68	22.0
316.84	22.0
321.64	22.0
336.44	22.0
353.68	22.0
389.0	22.0
425.24	22.0
485.0	22.0
518.0	22.0
549.76	22.0
661.24	22.0
767.24	22.0
1206.48	22.0
325.12	23.0
912.04	23.0
1001.48	23.0
1043.48	23.0
1155.32	23.0
1225.24	23.0
1284.32	23.0
2.56	23.0
94.4	23.0
140.28	23.0
297.44	23.0
312.64	23.0
317.44	23.0
329.04	23.0
337.2	23.0
356.52	23.0
375.2	23.0
392.4	23.0
485.12	23.0
518.16	23.0
548.24	23.0
592.68	23.0
641.48	23.0
681.08	23.0
706.12	23.0
731.48	23.0
767.64	23.0
826.76	23.0
867.2	23.0
896.4	23.0
931.52	23.0
964.36	23.0
970.52	23.0
987.8	23.0
1047.28	23.0
1120.16	23.0
1144.88	23.0
1150.64	23.0
1176.24	23.0
1238.44	23.0
1287.68	23.0
1303.8	23.0
309.44	24.0
318.36	24.0
326.64	24.0
340.56	24.0
356.36	24.0
389.84	24.0
420.84	24.0
456.28	24.0
496.44	24.0
1277.2	24.0
1294.88	24.0
235.28	25.0
285.72	25.0
302.48	25.0
861.44	25.0
302.76	26.0
321.16	26.0
341.08	26.0
384.28	26.0
503.52	26.0
661.88	26.0
1262.0	26.0
21.92	26.0
39.56	26.0
75.96	26.0
119.28	26.0
148.84	26.0
157.96	26.0
171.24	26.0
187.6	26.0
219.48	26.0
238.2	26.0
265.2	26.0
284.28	26.0
287.64	26.0
299.6	26.0
318.56	26.0
327.44	26.0
333.12	26.0
355.56	26.0
365.12	26.0
373.44	26.0
377.32	26.0
387.0	26.0
391.96	26.0
400.12	26.0
419.48	26.0
429.28	26.0
438.6	26.0
443.6	26.0
454.48	26.0
472.68	26.0
487.52	26.0
513.16	26.0
528.84	26.0
548.32	26.0
557.4	26.0
579.56	26.0
588.84	26.0
595.16	26.0
607.76	26.0
623.52	26.0
632.6	26.0
640.04	26.0
658.76	26.0
668.68	26.0
682.68	26.0
705.72	26.0
725.92	26.0
754.92	26.0
765.72	26.0
771.72	26.0
786.56	26.0
793.6	26.0
813.32	26.0
816.56	26.0
826.92	26.0
841.32	26.0
867.04	26.0
883.24	26.0
905.16	26.0
909.64	26.0
929.04	26.0
963.88	26.0
975.16	26.0
993.12	26.0
1016.64	26.0
1057.44	26.0
1067.96	26.0
1084.92	26.0
1095.44	26.0
1120.12	26.0
1137.92	26.0
1156.96	26.0
1180.52	26.0
1205.0	26.0
1214.8	26.0
1225.24	26.0
1244.72	26.0
1276.44	26.0
1289.76	26.0
1304.88	26.0
306.12	27.0
22.24	27.0
85.52	27.0
324.2	27.0
560.32	27.0
670.12	27.0
771.4	27.0
863.56	27.0
1105.8	27.0
1194.84	27.0
320.64	28.0
75.8	28.0
166.08	28.0
231.88	28.0
287.28	28.0
302.44	28.0
315.92	28.0
325.8	28.0
333.92	28.0
368.44	28.0
383.2	28.0
396.76	28.0
452.12	28.0
467.2	28.0
498.64	28.0
524.84	28.0
639.12	28.0
703.24	28.0
706.08	28.0
716.68	28.0
742.44	28.0
787.84	28.0
874.04	28.0
907.24	28.0
935.24	28.0
961.52	28.0
998.12	28.0
1041.76	28.0
1094.08	28.0
1124.76	28.0
1160.0	28.0
1172.36	28.0
1189.08	28.0
1204.48	28.0
1218.92	28.0
1283.8	28.0
229.72	29.0
306.0	29.0
325.04	29.0
346.72	29.0
22.08	30.0
229.16	30.0
252.12	30.0
266.44	30.0
285.68	30.0
318.52	30.0
343.44	30.0
369.4	30.0
398.2	30.0
421.8	30.0
437.88	30.0
473.04	30.0
518.72	30.0
530.04	30.0
572.32	30.0
621.88	30.0
639.88	30.0
657.84	30.0
682.2	30.0
748.8	30.0
766.84	30.0
785.88	30.0
815.12	30.0
837.92	30.0
869.64	30.0
881.2	30.0
909.48	30.0
933.08	30.0
962.48	30.0
1038.52	30.0
1063.56	30.0
1090.44	30.0
1159.32	30.0
1180.08	30.0
1276.24	30.0
1298.08	30.0
145.0	31.0
302.72	31.0
307.56	31.0
311.48	31.0
323.16	31.0
333.96	31.0
401.6	31.0
641.08	31.0
1284.56	31.0
310.2	33.0
327.04	33.0
311.24	34.0
316.44	34.0
336.72	34.0
411.04	34.0
616.56	34.0
668.16	34.0
727.12	34.0
913.76	34.0
5.04	35.0
141.2	35.0
148.6	35.0
164.28	35.0
169.52	35.0
216.64	35.0
258.88	35.0
276.08	35.0
295.84	35.0
302.8	35.0
306.6	35.0
315.52	35.0
321.36	35.0
326.08	35.0
338.12	35.0
346.6	35.0
349.2	35.0
368.6	35.0
384.64	35.0
393.6	35.0
400.6	35.0
416.6	35.0
423.16	35.0
473.56	35.0
539.52	35.0
576.68	35.0
619.48	35.0
622.84	35.0
661.0	35.0
697.04	35.0
712.08	35.0
729.2	35.0
770.96	35.0
793.8	35.0
808.04	35.0
818.68	35.0
881.64	35.0
910.4	35.0
956.4	35.0
981.48	35.0
985.16	35.0
994.8	35.0
1001.44	35.0
1074.08	35.0
1118.08	35.0
1142.52	35.0
1194.64	35.0
1200.8	35.0
1216.56	35.0
1245.24	35.0
1253.24	35.0
1272.8	35.0
1282.0	35.0
1286.4	35.0
1292.48	35.0
1303.76	35.0
1307.04	35.0
306.08	36.0
320.52	36.0
327.64	36.0
365.6	36.0
433.92	36.0
473.44	36.0
497.52	36.0
533.32	36.0
596.8	36.0
601.96	36.0
630.84	36.0
662.68	36.0
705.36	36.0
748.08	36.0
831.0	36.0
852.64	36.0
903.6	36.0
1221.04	36.0
