635.88	1.0
1137.32	1.0
216.0	2.0
310.8	2.0
361.2	2.0
1068.88	2.0
1267.76	2.0
14.8	2.0
39.32	2.0
62.64	2.0
102.6	2.0
126.16	2.0
156.84	2.0
161.96	2.0
228.52	2.0
269.76	2.0
347.8	2.0
517.48	2.0
593.44	2.0
633.36	2.0
636.28	2.0
689.48	2.0
708.12	2.0
717.52	2.0
730.92	2.0
733.44	2.0
737.96	2.0
780.4	2.0
795.36	2.0
848.52	2.0
866.56	2.0
910.8	2.0
958.24	2.0
963.56	2.0
985.04	2.0
1016.44	2.0
1019.52	2.0
1049.92	2.0
1072.96	2.0
1127.92	2.0
1137.76	2.0
1145.68	2.0
1224.76	2.0
1320.16	2.0
1331.68	2.0
690.08	3.0
1332.24	3.0
14.96	3.0
73.04	3.0
142.48	3.0
198.88	3.0
211.76	3.0
216.04	3.0
246.24	3.0
269.92	3.0
276.28	3.0
320.12	3.0
330.0	3.0
392.52	3.0
500.2	3.0
517.36	3.0
595.4	3.0
633.56	3.0
735.12	3.0
762.12	3.0
818.4	3.0
866.36	3.0
921.4	3.0
980.88	3.0
1145.88	3.0
1160.88	3.0
1217.52	3.0
1243.92	3.0
1268.28	3.0
1294.12	3.0
1340.84	3.0
1371.6	3.0
1377.8	3.0
1402.92	3.0
783.72	4.0
72.32	4.0
94.68	4.0
129.44	4.0
146.6	4.0
160.84	4.0
193.48	4.0
213.68	4.0
260.4	4.0
315.0	4.0
331.92	4.0
346.68	4.0
361.24	4.0
392.76	4.0
415.36	4.0
434.24	4.0
470.76	4.0
500.96	4.0
513.08	4.0
557.04	4.0
595.0	4.0
681.76	4.0
761.76	4.0
795.68	4.0
808.84	4.0
821.48	4.0
843.64	4.0
885.04	4.0
905.68	4.0
927.0	4.0
978.84	4.0
1023.4	4.0
1091.6	4.0
1141.84	4.0
1164.16	4.0
1178.72	4.0
1197.08	4.0
1217.2	4.0
1246.2	4.0
1262.28	4.0
1287.48	4.0
1328.24	4.0
1342.52	4.0
1357.4	4.0
1372.12	4.0
76.56	5.0
274.96	5.0
312.64	5.0
135.16	6.0
769.08	6.0
812.52	6.0
1259.32	6.0
1336.64	6.0
141.96	7.0
259.56	7.0
419.52	7.0
1153.04	7.0
1353.4	7.0
13.96	8.0
37.8	8.0
146.68	8.0
175.36	8.0
261.92	8.0
395.6	8.0
429.24	8.0
636.24	8.0
735.88	8.0
844.96	8.0
1008.96	8.0
1046.04	8.0
1247.28	8.0
1282.04	8.0
1329.96	8.0
2.56	9.0
128.32	9.0
163.88	9.0
179.0	9.0
349.04	9.0
791.04	9.0
801.0	9.0
889.96	9.0
1021.72	9.0
1135.2	9.0
1166.68	9.0
1261.96	9.0
1328.92	9.0
1367.84	9.0
244.52	10.0
764.56	10.0
1260.28	10.0
36.8	10.0
121.32	10.0
177.56	10.0
253.88	10.0
308.96	10.0
312.04	10.0
349.44	10.0
384.36	10.0
484.28	10.0
556.88	10.0
627.48	10.0
674.48	10.0
714.28	10.0
777.96	10.0
981.12	10.0
985.2	10.0
1039.0	10.0
1101.16	10.0
1144.28	10.0
1189.84	10.0
1294.72	10.0
1363.08	10.0
48.68	11.0
225.72	11.0
584.8	11.0
636.24	11.0
1073.68	11.0
39.56	11.0
68.28	11.0
103.56	11.0
121.48	11.0
178.24	11.0
195.32	11.0
216.32	11.0
263.84	11.0
267.68	11.0
308.96	11.0
312.4	11.0
316.36	11.0
347.96	11.0
419.88	11.0
454.84	11.0
492.32	11.0
582.0	11.0
631.92	11.0
665.8	11.0
712.96	11.0
727.76	11.0
736.56	11.0
770.32	11.0
794.8	11.0
899.52	11.0
981.6	11.0
984.76	11.0
1065.48	11.0
1123.52	11.0
1146.48	11.0
1191.2	11.0
1220.64	11.0
1224.04	11.0
1264.28	11.0
1302.2	11.0
1351.92	11.0
1364.56	11.0
1378.36	11.0
309.0	12.0
312.12	12.0
503.64	12.0
180.68	13.0
213.56	13.0
282.04	13.0
302.6	13.0
735.72	13.0
754.08	13.0
795.44	13.0
948.6	13.0
1173.96	13.0
311.68	14.0
243.6	14.0
272.08	14.0
302.52	14.0
791.84	14.0
945.96	14.0
1168.36	14.0
1324.92	14.0
719.84	15.0
1136.6	15.0
1150.92	15.0
240.52	16.0
419.44	16.0
1220.28	16.0
1374.0	16.0
735.12	17.0
302.44	18.0
1273.08	20.0
302.44	21.0
101.2	21.0
194.68	21.0
234.96	21.0
306.0	21.0
311.04	21.0
316.08	21.0
327.8	21.0
337.6	21.0
365.04	21.0
640.04	21.0
685.0	21.0
736.04	21.0
743.52	21.0
860.88	21.0
886.12	21.0
1103.32	21.0
1152.68	21.0
1155.48	21.0
1316.6	21.0
1373.96	21.0
302.6	22.0
100.36	22.0
224.68	22.0
318.64	22.0
553.72	22.0
632.88	22.0
775.52	22.0
1121.72	22.0
1178.96	22.0
1325.52	22.0
30.8	23.0
217.92	23.0
302.8	23.0
306.8	23.0
595.12	23.0
982.52	23.0
1209.96	23.0
1396.48	23.0
67.88	23.0
75.48	23.0
122.4	23.0
137.64	23.0
147.92	23.0
175.2	23.0
192.56	23.0
228.52	23.0
248.6	23.0
262.36	23.0
317.16	23.0
346.88	23.0
379.08	23.0
456.28	23.0
502.88	23.0
506.56	23.0
515.36	23.0
521.64	23.0
543.88	23.0
558.88	23.0
623.84	23.0
630.24	23.0
674.04	23.0
706.12	23.0
735.56	23.0
742.72	23.0
753.2	23.0
770.28	23.0
780.16	23.0
795.16	23.0
812.2	23.0
820.2	23.0
859.84	23.0
892.04	23.0
919.2	23.0
940.0	23.0
953.72	23.0
1015.96	23.0
1024.4	23.0
1076.36	23.0
1124.64	23.0
1131.68	23.0
1151.08	23.0
1176.48	23.0
1200.88	23.0
1283.36	23.0
1323.52	23.0
1331.12	23.0
1376.8	23.0
1385.52	23.0
19.6	24.0
310.2	24.0
320.88	24.0
329.84	24.0
1210.12	24.0
272.4	25.0
297.56	25.0
302.44	25.0
315.92	25.0
447.64	25.0
899.44	25.0
1015.0	25.0
1093.36	25.0
1130.44	25.0
1400.88	25.0
138.88	26.0
420.0	26.0
762.92	26.0
22.0	26.0
37.8	26.0
43.92	26.0
90.8	26.0
126.76	26.0
142.96	26.0
151.2	26.0
179.6	26.0
205.92	26.0
219.68	26.0
240.32	26.0
271.08	26.0
280.8	26.0
310.48	26.0
317.52	26.0
322.2	26.0
329.0	26.0
338.76	26.0
371.28	26.0
407.84	26.0
449.44	26.0
482.36	26.0
503.64	26.0
514.28	26.0
560.56	26.0
594.84	26.0
662.36	26.0
680.76	26.0
738.52	26.0
748.8	26.0
769.32	26.0
792.36	26.0
826.72	26.0
862.88	26.0
916.68	26.0
961.56	26.0
979.88	26.0
1018.16	26.0
1028.52	26.0
1065.68	26.0
1073.2	26.0
1095.72	26.0
1115.92	26.0
1132.96	26.0
1137.12	26.0
1163.64	26.0
1202.28	26.0
1212.2	26.0
1225.24	26.0
1250.04	26.0
1292.52	26.0
1312.68	26.0
1363.64	26.0
1402.72	26.0
330.4	27.0
740.68	27.0
1027.56	27.0
1056.48	27.0
1209.76	27.0
1381.6	27.0
734.8	28.0
19.08	28.0
41.88	28.0
58.4	28.0
77.72	28.0
127.88	28.0
146.24	28.0
163.48	28.0
178.56	28.0
189.92	28.0
270.0	28.0
307.48	28.0
320.96	28.0
348.52	28.0
509.24	28.0
520.88	28.0
629.08	28.0
653.44	28.0
680.6	28.0
708.64	28.0
746.0	28.0
790.64	28.0
844.64	28.0
909.6	28.0
991.64	28.0
1008.0	28.0
1021.28	28.0
1050.2	28.0
1068.0	28.0
1074.4	28.0
1134.76	28.0
1166.28	28.0
1194.88	28.0
1244.16	28.0
1300.04	28.0
1328.48	28.0
802.96	29.0
1261.28	29.0
14.0	30.0
145.52	30.0
175.48	30.0
193.4	30.0
324.12	30.0
361.2	30.0
499.0	30.0
735.6	30.0
847.52	30.0
1045.8	30.0
1073.32	30.0
1170.48	30.0
1246.96	30.0
1271.92	30.0
1328.76	30.0
1376.32	30.0
308.24	31.0
324.8	31.0
736.12	31.0
302.44	33.0
36.12	34.0
67.04	34.0
138.04	34.0
193.24	34.0
270.28	34.0
454.16	34.0
663.72	34.0
728.76	34.0
750.52	34.0
986.84	34.0
1072.88	34.0
1089.48	34.0
1139.08	34.0
1151.44	34.0
1176.8	34.0
1325.76	34.0
26.92	35.0
72.24	35.0
101.76	35.0
142.48	35.0
152.52	35.0
172.76	35.0
179.24	35.0
195.12	35.0
221.76	35.0
246.68	35.0
256.96	35.0
302.52	35.0
306.44	35.0
314.44	35.0
326.04	35.0
333.68	35.0
363.88	35.0
431.48	35.0
450.04	35.0
455.44	35.0
473.44	35.0
499.16	35.0
516.2	35.0
521.52	35.0
602.36	35.0
636.96	35.0
673.84	35.0
686.48	35.0
715.44	35.0
737.16	35.0
755.6	35.0
764.92	35.0
786.28	35.0
795.36	35.0
819.44	35.0
867.88	35.0
880.52	35.0
916.88	35.0
971.28	35.0
1010.0	35.0
1016.96	35.0
1025.56	35.0
1047.56	35.0
1075.52	35.0
1089.28	35.0
1132.12	35.0
1137.76	35.0
1149.08	35.0
1158.32	35.0
1205.16	35.0
1236.2	35.0
1253.28	35.0
1277.16	35.0
1283.76	35.0
1293.28	35.0
1311.76	35.0
1324.48	35.0
1329.8	35.0
1376.64	35.0
1393.32	35.0
77.04	36.0
116.88	36.0
214.56	36.0
238.92	36.0
302.52	36.0
322.68	36.0
432.32	36.0
592.08	36.0
1114.52	36.0
1217.72	36.0
1386.24	36.0
