355.48	1.0
9.44	2.0
79.36	2.0
88.92	2.0
110.28	2.0
252.96	2.0
317.64	2.0
323.08	2.0
338.52	2.0
993.96	2.0
1218.08	2.0
124.0	3.0
27.28	3.0
193.0	3.0
233.36	3.0
243.4	3.0
296.8	3.0
524.8	3.0
719.04	3.0
736.12	3.0
750.24	3.0
916.36	3.0
956.32	3.0
994.44	3.0
1176.0	3.0
1271.88	3.0
14.36	4.0
28.84	4.0
34.68	4.0
50.72	4.0
60.28	4.0
82.2	4.0
100.92	4.0
109.32	4.0
123.92	4.0
140.08	4.0
162.64	4.0
175.88	4.0
192.48	4.0
196.44	4.0
212.32	4.0
228.96	4.0
233.08	4.0
243.0	4.0
258.2	4.0
267.68	4.0
278.28	4.0
296.32	4.0
319.96	4.0
337.76	4.0
354.68	4.0
365.16	4.0
381.04	4.0
393.68	4.0
412.48	4.0
420.04	4.0
437.88	4.0
448.64	4.0
464.12	4.0
471.12	4.0
486.4	4.0
503.12	4.0
521.32	4.0
540.92	4.0
544.32	4.0
560.72	4.0
566.92	4.0
575.48	4.0
587.4	4.0
603.76	4.0
616.2	4.0
623.8	4.0
641.64	4.0
657.2	4.0
682.0	4.0
706.16	4.0
718.72	4.0
730.92	4.0
749.88	4.0
778.16	4.0
797.84	4.0
822.88	4.0
843.2	4.0
852.0	4.0
871.8	4.0
884.0	4.0
899.16	4.0
913.0	4.0
936.8	4.0
955.92	4.0
972.4	4.0
990.2	4.0
1011.12	4.0
1014.4	4.0
1028.52	4.0
1032.6	4.0
1047.44	4.0
1080.4	4.0
1109.72	4.0
1127.12	4.0
1140.92	4.0
1153.08	4.0
1175.6	4.0
1179.04	4.0
1199.64	4.0
1209.88	4.0
1224.84	4.0
1243.28	4.0
1256.88	4.0
1266.96	4.0
1288.56	4.0
302.72	5.0
32.68	6.0
59.64	6.0
103.36	6.0
163.16	6.0
199.48	6.0
224.12	6.0
264.48	6.0
285.16	6.0
340.36	6.0
388.96	6.0
442.36	6.0
468.04	6.0
520.6	6.0
563.68	6.0
591.04	6.0
620.0	6.0
707.84	6.0
732.64	6.0
820.48	6.0
867.84	6.0
959.8	6.0
1014.76	6.0
1137.04	6.0
1176.64	6.0
1205.88	6.0
1266.28	6.0
1299.68	6.0
85.12	7.0
221.0	7.0
562.28	7.0
638.44	7.0
679.28	7.0
735.12	7.0
29.32	8.0
100.76	8.0
213.72	8.0
303.6	8.0
324.12	8.0
341.84	8.0
386.16	8.0
505.72	8.0
523.36	8.0
588.6	8.0
762.6	8.0
805.88	8.0
915.16	8.0
943.0	8.0
1016.64	8.0
1077.24	8.0
1243.32	8.0
233.04	9.0
339.68	9.0
1094.28	9.0
1188.48	9.0
6.16	10.0
327.48	10.0
965.32	10.0
227.88	10.0
309.0	10.0
312.52	10.0
323.0	10.0
640.28	10.0
889.36	10.0
1060.92	10.0
1116.4	10.0
195.12	11.0
324.76	11.0
447.12	11.0
524.8	11.0
719.12	11.0
1205.76	11.0
40.2	11.0
88.32	11.0
128.96	11.0
308.96	11.0
311.88	11.0
429.52	11.0
533.4	11.0
541.44	11.0
633.68	11.0
721.92	11.0
780.24	11.0
888.76	11.0
960.24	11.0
994.0	11.0
1060.16	11.0
1105.48	11.0
1196.96	11.0
1218.88	11.0
1294.56	11.0
309.0	12.0
312.2	12.0
824.2	12.0
1015.04	12.0
32.44	13.0
65.68	13.0
222.32	13.0
302.6	13.0
311.16	13.0
325.72	13.0
952.32	13.0
64.16	14.0
143.4	14.0
303.36	14.0
987.16	14.0
304.4	15.0
407.04	15.0
522.76	15.0
20.16	16.0
615.64	16.0
701.08	16.0
1251.56	16.0
8.84	17.0
98.8	17.0
94.0	20.0
958.8	20.0
992.12	20.0
302.44	21.0
541.08	21.0
1297.08	21.0
42.88	21.0
66.48	21.0
109.28	21.0
143.84	21.0
180.12	21.0
216.68	21.0
232.12	21.0
252.36	21.0
304.96	21.0
316.44	21.0
327.6	21.0
351.08	21.0
507.32	21.0
591.44	21.0
647.64	21.0
669.72	21.0
731.48	21.0
806.92	21.0
846.32	21.0
891.72	21.0
933.28	21.0
959.04	21.0
991.0	21.0
1190.48	21.0
302.64	22.0
6.72	22.0
43.68	22.0
84.88	22.0
119.52	22.0
139.68	22.0
159.76	22.0
195.36	22.0
215.52	22.0
259.84	22.0
321.36	22.0
367.68	22.0
397.52	22.0
440.8	22.0
474.48	22.0
518.64	22.0
539.36	22.0
560.36	22.0
594.88	22.0
644.56	22.0
687.12	22.0
796.08	22.0
819.24	22.0
929.52	22.0
957.28	22.0
994.2	22.0
1012.16	22.0
1031.2	22.0
1069.12	22.0
1109.2	22.0
1177.8	22.0
1211.64	22.0
1225.52	22.0
1295.08	22.0
6.32	23.0
333.72	23.0
63.12	23.0
75.48	23.0
101.0	23.0
106.44	23.0
131.76	23.0
163.2	23.0
187.24	23.0
243.96	23.0
323.8	23.0
477.32	23.0
519.44	23.0
598.52	23.0
783.64	23.0
798.68	23.0
823.2	23.0
843.2	23.0
880.6	23.0
910.4	23.0
916.72	23.0
1015.8	23.0
1093.64	23.0
1112.12	23.0
1140.36	23.0
1178.6	23.0
1181.44	23.0
1298.84	23.0
398.92	24.0
96.76	24.0
105.32	24.0
223.6	24.0
285.56	24.0
303.64	24.0
312.64	24.0
328.64	24.0
302.88	25.0
462.32	25.0
494.6	25.0
758.24	25.0
1087.96	25.0
21.08	26.0
24.24	26.0
140.96	26.0
169.96	26.0
198.12	26.0
228.96	26.0
241.6	26.0
303.44	26.0
306.96	26.0
321.84	26.0
383.0	26.0
400.32	26.0
421.64	26.0
425.56	26.0
452.12	26.0
469.16	26.0
500.6	26.0
541.44	26.0
545.0	26.0
615.76	26.0
643.08	26.0
661.28	26.0
716.76	26.0
760.24	26.0
784.72	26.0
877.48	26.0
884.76	26.0
931.64	26.0
940.92	26.0
973.12	26.0
987.68	26.0
1090.76	26.0
1131.8	26.0
1161.76	26.0
1198.16	26.0
1273.44	26.0
1282.52	26.0
1294.76	26.0
1300.0	26.0
306.44	27.0
9.12	27.0
81.96	27.0
124.64	27.0
198.0	27.0
398.04	27.0
416.96	27.0
604.92	27.0
715.0	27.0
766.16	27.0
921.16	27.0
1016.2	27.0
1063.4	27.0
1162.28	27.0
129.76	28.0
184.44	28.0
232.72	28.0
249.84	28.0
302.44	28.0
306.64	28.0
316.24	28.0
339.32	28.0
508.88	28.0
888.32	28.0
920.8	28.0
968.84	28.0
1128.76	28.0
1160.16	28.0
1188.12	28.0
1218.32	28.0
1292.96	28.0
992.12	29.0
200.04	30.0
280.36	30.0
303.48	30.0
321.32	30.0
363.36	30.0
458.88	30.0
524.4	30.0
563.92	30.0
670.6	30.0
695.96	30.0
780.56	30.0
913.96	30.0
975.92	30.0
1035.76	30.0
1097.0	30.0
1268.36	30.0
1298.32	30.0
476.12	33.0
303.24	34.0
6.68	35.0
20.84	35.0
29.96	35.0
41.92	35.0
58.2	35.0
94.84	35.0
102.28	35.0
121.32	35.0
124.04	35.0
135.44	35.0
142.2	35.0
179.08	35.0
194.76	35.0
216.0	35.0
244.96	35.0
275.8	35.0
291.12	35.0
295.92	35.0
302.84	35.0
324.88	35.0
334.24	35.0
354.08	35.0
373.76	35.0
400.12	35.0
415.68	35.0
418.64	35.0
443.24	35.0
476.76	35.0
490.56	35.0
520.72	35.0
538.72	35.0
563.12	35.0
577.96	35.0
636.36	35.0
645.88	35.0
690.68	35.0
710.8	35.0
729.76	35.0
771.2	35.0
776.04	35.0
799.84	35.0
806.12	35.0
846.84	35.0
857.32	35.0
887.8	35.0
905.84	35.0
912.08	35.0
973.96	35.0
980.72	35.0
998.52	35.0
1009.68	35.0
1017.76	35.0
1043.24	35.0
1069.6	35.0
1087.6	35.0
1109.8	35.0
1137.08	35.0
1141.44	35.0
1152.76	35.0
1180.08	35.0
1245.8	35.0
1266.4	35.0
1298.12	35.0
65.6	36.0
83.92	36.0
239.52	36.0
302.48	36.0
305.44	36.0
397.0	36.0
561.44	36.0
729.0	36.0
1067.8	36.0
1124.32	36.0
1176.4	36.0
1203.32	36.0
