894.96	1.0
313.48	1.0
867.84	2.0
905.32	2.0
1159.2	2.0
312.28	2.0
321.0	2.0
328.08	2.0
333.88	2.0
336.64	2.0
339.72	2.0
350.0	2.0
355.76	2.0
386.72	2.0
389.28	2.0
411.4	2.0
444.6	2.0
482.04	2.0
507.04	2.0
542.96	2.0
562.04	2.0
572.2	2.0
590.48	2.0
598.44	2.0
633.76	2.0
693.96	2.0
717.84	2.0
811.08	2.0
847.24	2.0
901.48	2.0
931.84	2.0
338.12	3.0
356.08	3.0
621.92	3.0
312.16	3.0
317.92	3.0
325.6	3.0
329.2	3.0
384.48	3.0
388.32	3.0
425.08	3.0
472.08	3.0
483.72	3.0
503.72	3.0
510.84	3.0
540.56	3.0
590.64	3.0
684.28	3.0
788.12	3.0
810.88	3.0
868.28	3.0
905.28	3.0
931.6	3.0
960.36	3.0
1159.68	3.0
1203.08	3.0
317.56	4.0
328.24	4.0
341.16	4.0
356.12	4.0
363.24	4.0
372.44	4.0
386.32	4.0
401.16	4.0
419.4	4.0
434.36	4.0
451.2	4.0
470.48	4.0
485.36	4.0
501.48	4.0
510.56	4.0
521.04	4.0
540.2	4.0
552.12	4.0
563.08	4.0
579.64	4.0
600.6	4.0
611.56	4.0
621.92	4.0
628.12	4.0
649.04	4.0
669.0	4.0
686.36	4.0
698.8	4.0
704.6	4.0
721.24	4.0
739.04	4.0
752.16	4.0
769.2	4.0
781.24	4.0
796.04	4.0
814.28	4.0
824.96	4.0
841.88	4.0
856.0	4.0
860.96	4.0
868.84	4.0
881.84	4.0
897.36	4.0
913.68	4.0
927.04	4.0
938.56	4.0
958.6	4.0
975.0	4.0
979.48	4.0
995.0	4.0
1015.44	4.0
1023.32	4.0
1036.76	4.0
1054.36	4.0
1070.68	4.0
1085.32	4.0
1102.96	4.0
1118.0	4.0
1125.64	4.0
1139.4	4.0
1150.72	4.0
1162.8	4.0
1178.92	4.0
1201.12	4.0
1214.2	4.0
1226.76	4.0
1253.0	4.0
1270.36	4.0
1289.72	4.0
1295.32	4.0
302.8	5.0
363.32	5.0
524.56	5.0
313.16	5.0
342.88	5.0
422.24	5.0
344.28	6.0
324.32	6.0
338.96	6.0
359.92	6.0
388.6	6.0
412.6	6.0
448.44	6.0
470.44	6.0
497.76	6.0
540.56	6.0
579.2	6.0
603.36	6.0
630.48	6.0
694.76	6.0
727.84	6.0
766.0	6.0
784.56	6.0
833.96	6.0
858.36	6.0
910.24	6.0
941.52	6.0
976.48	6.0
1022.92	6.0
1055.4	6.0
1083.0	6.0
1122.4	6.0
1178.32	6.0
1204.0	6.0
1232.6	6.0
1273.88	6.0
1294.36	6.0
344.72	7.0
306.72	7.0
605.8	7.0
1052.84	7.0
316.64	8.0
327.48	8.0
330.96	8.0
337.32	8.0
344.16	8.0
347.6	8.0
426.48	8.0
485.08	8.0
522.88	8.0
588.8	8.0
726.72	8.0
981.2	8.0
1084.76	8.0
1104.28	8.0
308.88	9.0
317.2	9.0
357.04	9.0
591.04	9.0
1092.76	9.0
323.12	10.0
347.96	10.0
393.0	10.0
487.68	10.0
784.24	10.0
1060.52	10.0
309.0	10.0
312.56	10.0
337.8	10.0
352.0	10.0
698.72	10.0
329.28	11.0
346.56	11.0
372.4	11.0
394.4	11.0
472.16	11.0
673.16	11.0
769.4	11.0
848.76	11.0
1058.76	11.0
309.0	11.0
311.52	11.0
323.36	11.0
337.32	11.0
354.76	11.0
362.36	11.0
369.88	11.0
385.08	11.0
399.0	11.0
413.72	11.0
423.0	11.0
434.84	11.0
453.0	11.0
460.2	11.0
475.16	11.0
525.12	11.0
587.96	11.0
601.32	11.0
623.84	11.0
657.36	11.0
670.08	11.0
728.52	11.0
794.0	11.0
825.28	11.0
867.04	11.0
907.44	11.0
990.2	11.0
1023.6	11.0
1103.32	11.0
1158.8	11.0
1196.4	11.0
1239.56	11.0
1288.36	11.0
309.0	12.0
312.12	12.0
318.36	12.0
326.4	12.0
317.72	13.0
417.88	13.0
302.72	13.0
313.2	13.0
337.68	13.0
344.44	13.0
361.08	13.0
476.64	13.0
710.52	13.0
737.24	13.0
333.08	14.0
318.88	14.0
354.96	14.0
670.72	14.0
941.2	14.0
302.44	15.0
449.0	15.0
966.44	15.0
308.84	16.0
380.04	16.0
407.6	16.0
743.6	16.0
958.48	16.0
1170.48	16.0
302.44	20.0
1045.64	20.0
312.36	21.0
318.4	21.0
334.32	21.0
358.6	21.0
363.08	21.0
376.6	21.0
407.56	21.0
474.72	21.0
477.24	21.0
542.32	21.0
579.24	21.0
722.96	21.0
740.64	21.0
801.92	21.0
902.52	21.0
941.96	21.0
1006.28	21.0
1059.4	21.0
1105.08	21.0
1126.92	21.0
1182.84	21.0
1204.24	21.0
1232.76	21.0
1244.0	21.0
1271.68	21.0
1277.28	21.0
302.72	22.0
308.32	22.0
311.88	22.0
318.44	22.0
337.84	22.0
342.56	22.0
375.12	22.0
417.72	22.0
433.68	22.0
466.24	22.0
537.6	22.0
576.84	22.0
605.84	22.0
705.64	22.0
757.8	22.0
776.8	22.0
814.4	22.0
834.32	22.0
860.64	22.0
886.4	22.0
909.52	22.0
938.68	22.0
1023.56	22.0
1038.08	22.0
1123.84	22.0
1145.44	22.0
1183.28	22.0
1230.28	22.0
1292.56	22.0
321.28	23.0
308.12	23.0
315.32	23.0
318.64	23.0
328.6	23.0
336.88	23.0
341.92	23.0
391.56	23.0
398.0	23.0
420.32	23.0
434.16	23.0
523.72	23.0
542.36	23.0
565.56	23.0
570.16	23.0
652.44	23.0
719.64	23.0
760.68	23.0
779.68	23.0
891.0	23.0
914.24	23.0
940.64	23.0
1041.52	23.0
1084.96	23.0
1108.68	23.0
312.24	24.0
319.0	24.0
325.76	24.0
342.6	24.0
356.2	24.0
377.56	24.0
629.56	25.0
1054.4	25.0
302.48	25.0
344.24	25.0
309.72	26.0
313.68	26.0
319.96	26.0
324.24	26.0
331.36	26.0
338.64	26.0
352.16	26.0
357.84	26.0
368.04	26.0
375.64	26.0
384.16	26.0
392.36	26.0
427.92	26.0
451.76	26.0
457.8	26.0
468.0	26.0
499.12	26.0
521.92	26.0
541.96	26.0
586.56	26.0
604.88	26.0
626.68	26.0
649.64	26.0
675.28	26.0
690.16	26.0
701.16	26.0
704.64	26.0
726.4	26.0
743.12	26.0
775.36	26.0
798.8	26.0
826.8	26.0
840.88	26.0
862.72	26.0
902.76	26.0
911.44	26.0
981.12	26.0
1015.08	26.0
1051.64	26.0
1175.68	26.0
1228.76	26.0
1241.4	26.0
1272.16	26.0
1299.48	26.0
309.2	27.0
332.16	27.0
379.08	27.0
403.44	27.0
432.88	27.0
451.56	27.0
503.56	27.0
541.36	27.0
552.16	27.0
784.64	27.0
934.92	27.0
981.44	27.0
1023.6	27.0
1033.76	27.0
1083.4	27.0
1121.04	27.0
1209.6	27.0
1228.68	27.0
1278.96	27.0
302.44	28.0
314.08	28.0
316.84	28.0
328.48	28.0
331.28	28.0
340.84	28.0
347.2	28.0
349.72	28.0
356.68	28.0
362.16	28.0
370.76	28.0
373.84	28.0
387.88	28.0
391.36	28.0
489.2	28.0
583.84	28.0
590.68	28.0
635.24	28.0
659.04	28.0
979.04	28.0
1054.72	28.0
1159.84	28.0
1188.76	28.0
1286.96	28.0
1297.2	28.0
312.68	29.0
395.76	29.0
630.76	29.0
907.08	29.0
309.68	30.0
316.92	30.0
323.16	30.0
331.56	30.0
340.32	30.0
349.88	30.0
353.2	30.0
364.36	30.0
391.32	30.0
440.48	30.0
457.48	30.0
506.12	30.0
633.92	30.0
755.4	30.0
823.52	30.0
945.68	30.0
1025.04	30.0
1087.96	30.0
1153.84	30.0
1200.56	30.0
1216.8	30.0
331.16	31.0
319.72	34.0
353.28	34.0
360.84	34.0
302.72	35.0
311.8	35.0
323.84	35.0
329.76	35.0
334.0	35.0
341.36	35.0
353.84	35.0
366.76	35.0
373.0	35.0
376.4	35.0
388.16	35.0
403.32	35.0
415.92	35.0
423.48	35.0
436.0	35.0
446.76	35.0
452.12	35.0
457.56	35.0
465.28	35.0
475.72	35.0
485.52	35.0
497.08	35.0
510.88	35.0
522.12	35.0
539.56	35.0
551.6	35.0
563.84	35.0
579.44	35.0
590.32	35.0
604.96	35.0
616.68	35.0
624.8	35.0
647.72	35.0
662.04	35.0
682.76	35.0
687.92	35.0
715.52	35.0
733.28	35.0
741.4	35.0
778.96	35.0
797.96	35.0
803.36	35.0
815.4	35.0
838.08	35.0
861.68	35.0
872.12	35.0
888.4	35.0
901.48	35.0
907.24	35.0
916.36	35.0
921.24	35.0
937.68	35.0
953.24	35.0
981.28	35.0
987.8	35.0
1004.88	35.0
1012.88	35.0
1038.44	35.0
1050.56	35.0
1071.8	35.0
1077.88	35.0
1084.72	35.0
1122.8	35.0
1144.16	35.0
1166.88	35.0
1185.8	35.0
1200.6	35.0
1209.2	35.0
1228.84	35.0
1256.08	35.0
1270.96	35.0
1278.28	35.0
1293.8	35.0
302.48	36.0
306.2	36.0
313.92	36.0
330.2	36.0
340.4	36.0
355.56	36.0
359.6	36.0
433.64	36.0
938.88	36.0
