336.84	1.0
348.36	1.0
843.32	1.0
310.92	2.0
315.28	2.0
319.16	2.0
324.16	2.0
332.04	2.0
337.8	2.0
344.84	2.0
357.84	2.0
364.4	2.0
385.88	2.0
433.44	2.0
437.24	2.0
469.6	2.0
525.24	2.0
530.0	2.0
542.44	2.0
580.72	2.0
584.32	2.0
605.88	2.0
628.4	2.0
659.44	2.0
663.4	2.0
682.32	2.0
686.68	2.0
713.16	2.0
733.84	2.0
748.88	2.0
793.56	2.0
840.84	2.0
843.72	2.0
869.4	2.0
906.08	2.0
928.64	2.0
961.36	2.0
963.88	2.0
997.96	2.0
1068.72	2.0
1071.72	2.0
1089.88	2.0
1129.04	2.0
1138.8	2.0
1206.92	2.0
1237.12	2.0
1292.96	2.0
315.92	3.0
312.4	3.0
319.32	3.0
327.96	3.0
336.56	3.0
345.68	3.0
364.32	3.0
401.88	3.0
408.28	3.0
427.8	3.0
441.56	3.0
466.92	3.0
474.64	3.0
502.0	3.0
519.08	3.0
522.24	3.0
549.44	3.0
578.64	3.0
584.48	3.0
622.92	3.0
663.56	3.0
686.84	3.0
703.36	3.0
746.76	3.0
776.24	3.0
853.16	3.0
911.08	3.0
928.76	3.0
963.72	3.0
1010.76	3.0
1082.96	3.0
1128.64	3.0
1138.92	3.0
1157.84	3.0
1234.48	3.0
1237.28	3.0
1356.12	3.0
361.64	4.0
364.4	4.0
315.24	4.0
331.56	4.0
337.88	4.0
348.0	4.0
380.28	4.0
395.8	4.0
414.84	4.0
430.0	4.0
443.28	4.0
455.84	4.0
468.08	4.0
488.0	4.0
500.0	4.0
521.48	4.0
541.76	4.0
551.12	4.0
585.6	4.0
598.76	4.0
609.2	4.0
625.04	4.0
639.6	4.0
664.72	4.0
703.56	4.0
726.0	4.0
747.28	4.0
775.36	4.0
799.24	4.0
818.12	4.0
831.48	4.0
854.4	4.0
867.48	4.0
893.28	4.0
914.92	4.0
928.0	4.0
940.64	4.0
957.48	4.0
977.4	4.0
989.0	4.0
1013.28	4.0
1026.64	4.0
1038.24	4.0
1051.0	4.0
1062.2	4.0
1069.76	4.0
1084.6	4.0
1092.28	4.0
1109.48	4.0
1130.4	4.0
1156.92	4.0
1179.44	4.0
1189.4	4.0
1205.12	4.0
1218.48	4.0
1229.28	4.0
1246.84	4.0
1261.08	4.0
1270.32	4.0
1278.48	4.0
1298.0	4.0
1310.92	4.0
1327.36	4.0
1347.48	4.0
1358.16	4.0
1375.4	4.0
1391.8	4.0
302.8	5.0
313.64	5.0
383.4	5.0
310.32	5.0
329.64	5.0
342.76	5.0
350.36	5.0
395.36	5.0
462.32	5.0
627.76	5.0
335.4	6.0
380.56	6.0
412.0	6.0
440.04	6.0
500.4	6.0
533.76	6.0
581.56	6.0
633.44	6.0
701.12	6.0
748.88	6.0
815.84	6.0
857.76	6.0
925.28	6.0
989.8	6.0
1096.68	6.0
1163.6	6.0
1208.6	6.0
1267.12	6.0
1308.84	6.0
1381.6	6.0
331.64	7.0
545.12	7.0
302.68	7.0
327.76	7.0
336.04	7.0
362.84	7.0
393.84	7.0
404.44	7.0
450.28	7.0
725.96	7.0
956.92	7.0
1000.44	7.0
1062.56	7.0
1251.2	7.0
1286.48	7.0
1380.52	7.0
306.76	8.0
315.32	8.0
318.2	8.0
333.84	8.0
337.84	8.0
359.16	8.0
366.52	8.0
379.28	8.0
456.64	8.0
493.16	8.0
535.96	8.0
544.0	8.0
583.4	8.0
628.28	8.0
894.04	8.0
950.76	8.0
1155.24	8.0
1160.48	8.0
1233.44	8.0
1279.04	8.0
1398.32	8.0
309.2	9.0
751.8	9.0
839.72	9.0
1333.04	9.0
318.44	10.0
408.28	10.0
682.08	10.0
688.72	10.0
308.96	10.0
311.64	10.0
322.64	10.0
334.76	10.0
344.28	10.0
386.0	10.0
388.8	10.0
648.08	10.0
867.08	10.0
1170.16	10.0
1370.16	10.0
333.08	11.0
688.0	11.0
756.08	11.0
1142.04	11.0
309.0	11.0
311.56	11.0
322.8	11.0
335.92	11.0
342.92	11.0
353.4	11.0
385.16	11.0
388.28	11.0
402.16	11.0
430.24	11.0
461.96	11.0
525.4	11.0
570.36	11.0
599.76	11.0
628.48	11.0
646.96	11.0
679.48	11.0
707.88	11.0
728.88	11.0
769.12	11.0
838.24	11.0
840.88	11.0
871.12	11.0
904.96	11.0
929.4	11.0
962.4	11.0
997.28	11.0
1080.48	11.0
1109.4	11.0
1167.52	11.0
1237.24	11.0
1325.84	11.0
309.0	12.0
311.6	12.0
339.56	13.0
302.8	13.0
309.72	13.0
312.56	13.0
403.52	13.0
443.64	13.0
528.08	13.0
1167.32	13.0
307.6	14.0
319.24	14.0
329.16	14.0
335.96	14.0
348.36	14.0
424.2	14.0
442.24	14.0
1001.84	14.0
1100.36	14.0
1163.0	14.0
344.56	15.0
331.12	15.0
420.88	15.0
462.84	15.0
979.48	15.0
340.96	16.0
356.0	16.0
403.56	16.0
684.56	16.0
891.48	16.0
976.32	16.0
1273.92	16.0
302.48	18.0
302.44	20.0
315.36	21.0
325.4	21.0
333.28	21.0
335.96	21.0
346.12	21.0
349.12	21.0
360.36	21.0
373.8	21.0
386.44	21.0
432.0	21.0
566.48	21.0
609.84	21.0
671.4	21.0
679.92	21.0
727.56	21.0
789.32	21.0
908.4	21.0
941.88	21.0
1106.72	21.0
1222.92	21.0
1334.76	21.0
1340.88	21.0
302.72	22.0
308.68	22.0
312.56	22.0
323.92	22.0
334.68	22.0
347.12	22.0
383.0	22.0
434.8	22.0
444.0	22.0
484.36	22.0
541.4	22.0
587.12	22.0
625.84	22.0
729.68	22.0
795.84	22.0
895.92	22.0
913.8	22.0
939.76	22.0
960.08	22.0
1097.8	22.0
1126.32	22.0
1181.76	22.0
1216.88	22.0
1250.32	22.0
1268.92	22.0
1290.24	22.0
1317.6	22.0
1352.52	22.0
308.4	23.0
321.64	23.0
361.52	23.0
710.68	23.0
314.44	23.0
331.92	23.0
343.76	23.0
346.4	23.0
386.0	23.0
442.56	23.0
477.0	23.0
500.96	23.0
557.28	23.0
576.24	23.0
605.72	23.0
625.68	23.0
647.56	23.0
654.2	23.0
680.16	23.0
737.96	23.0
800.56	23.0
805.56	23.0
907.76	23.0
916.44	23.0
923.64	23.0
959.32	23.0
1010.4	23.0
1014.72	23.0
1053.0	23.0
1067.44	23.0
1087.68	23.0
1100.76	23.0
1166.96	23.0
1184.4	23.0
1217.44	23.0
1234.04	23.0
1253.04	23.0
1325.48	23.0
310.48	24.0
327.8	24.0
349.24	24.0
359.04	24.0
381.72	24.0
386.04	24.0
302.48	25.0
339.8	25.0
344.44	25.0
672.88	25.0
724.96	25.0
1004.0	25.0
1010.68	25.0
309.28	26.0
314.88	26.0
320.04	26.0
329.72	26.0
332.4	26.0
335.24	26.0
341.56	26.0
345.24	26.0
355.32	26.0
365.48	26.0
383.92	26.0
394.12	26.0
409.0	26.0
423.52	26.0
434.52	26.0
442.96	26.0
449.56	26.0
467.08	26.0
491.6	26.0
544.44	26.0
565.84	26.0
587.8	26.0
603.88	26.0
626.92	26.0
636.8	26.0
646.44	26.0
681.84	26.0
702.68	26.0
725.2	26.0
744.48	26.0
775.04	26.0
796.6	26.0
822.48	26.0
850.0	26.0
960.16	26.0
1010.16	26.0
1063.64	26.0
1089.44	26.0
1128.24	26.0
1164.72	26.0
1210.8	26.0
1224.72	26.0
1280.2	26.0
1393.72	26.0
308.16	27.0
383.88	27.0
466.72	27.0
522.44	27.0
545.88	27.0
627.84	27.0
707.88	27.0
751.8	27.0
902.04	27.0
996.56	27.0
1037.04	27.0
1163.36	27.0
1263.08	27.0
1299.24	27.0
1366.96	27.0
345.44	28.0
358.64	28.0
302.44	28.0
312.88	28.0
316.72	28.0
319.4	28.0
322.08	28.0
328.4	28.0
335.68	28.0
355.08	28.0
372.24	28.0
387.44	28.0
405.92	28.0
445.72	28.0
501.76	28.0
524.4	28.0
541.6	28.0
568.72	28.0
572.2	28.0
586.64	28.0
638.08	28.0
746.56	28.0
802.92	28.0
829.32	28.0
907.36	28.0
927.68	28.0
961.92	28.0
990.48	28.0
998.68	28.0
1098.0	28.0
1140.56	28.0
1190.2	28.0
1332.64	28.0
350.32	29.0
1228.32	29.0
313.2	30.0
333.64	30.0
338.36	30.0
348.6	30.0
375.16	30.0
386.72	30.0
460.6	30.0
544.88	30.0
590.08	30.0
616.52	30.0
706.24	30.0
750.24	30.0
835.08	30.0
994.32	30.0
1066.8	30.0
1160.96	30.0
1235.64	30.0
1317.32	30.0
321.56	31.0
374.88	31.0
382.16	31.0
928.28	31.0
302.92	33.0
383.52	33.0
1065.8	33.0
332.88	34.0
341.2	34.0
720.16	34.0
349.64	35.0
302.88	35.0
315.8	35.0
324.6	35.0
328.12	35.0
343.84	35.0
346.6	35.0
353.24	35.0
357.52	35.0
367.08	35.0
374.28	35.0
384.44	35.0
395.28	35.0
408.2	35.0
442.84	35.0
452.76	35.0
497.44	35.0
512.88	35.0
521.0	35.0
526.64	35.0
545.88	35.0
556.92	35.0
562.56	35.0
576.08	35.0
588.6	35.0
606.4	35.0
611.76	35.0
614.92	35.0
626.6	35.0
644.52	35.0
648.16	35.0
661.84	35.0
670.6	35.0
695.4	35.0
704.76	35.0
709.96	35.0
717.56	35.0
730.2	35.0
734.68	35.0
743.24	35.0
754.56	35.0
769.88	35.0
779.92	35.0
793.56	35.0
805.28	35.0
827.44	35.0
838.24	35.0
849.88	35.0
852.72	35.0
856.88	35.0
877.36	35.0
943.6	35.0
959.08	35.0
979.84	35.0
992.52	35.0
1005.72	35.0
1012.76	35.0
1065.44	35.0
1087.52	35.0
1091.04	35.0
1099.76	35.0
1157.68	35.0
1160.76	35.0
1168.48	35.0
1184.24	35.0
1202.32	35.0
1227.52	35.0
1233.56	35.0
1251.0	35.0
1255.48	35.0
1267.08	35.0
1299.72	35.0
1381.8	35.0
302.48	36.0
314.92	36.0
339.92	36.0
347.52	36.0
393.6	36.0
402.68	36.0
465.08	36.0
1087.48	36.0
1342.4	36.0
1366.52	36.0
