298.36	2.0
807.32	2.0
1281.24	2.0
2.68	2.0
18.28	2.0
34.28	2.0
71.16	2.0
75.2	2.0
78.88	2.0
113.88	2.0
136.44	2.0
199.68	2.0
226.68	2.0
241.36	2.0
248.04	2.0
270.24	2.0
295.64	2.0
314.4	2.0
321.36	2.0
328.28	2.0
331.16	2.0
340.32	2.0
354.0	2.0
376.0	2.0
392.36	2.0
422.48	2.0
449.84	2.0
575.48	2.0
624.92	2.0
664.8	2.0
691.76	2.0
694.56	2.0
732.52	2.0
735.88	2.0
767.8	2.0
771.88	2.0
788.36	2.0
793.2	2.0
804.72	2.0
822.92	2.0
841.2	2.0
859.84	2.0
863.04	2.0
896.28	2.0
904.64	2.0
1253.08	2.0
1266.72	2.0
1311.56	2.0
1314.64	2.0
1322.04	2.0
1338.56	2.0
1350.56	2.0
1380.72	2.0
1383.36	2.0
263.24	3.0
392.96	3.0
733.08	3.0
2.56	3.0
8.8	3.0
60.36	3.0
285.44	3.0
312.0	3.0
326.84	3.0
331.04	3.0
349.36	3.0
353.44	3.0
360.6	3.0
383.6	3.0
449.96	3.0
531.52	3.0
746.92	3.0
793.32	3.0
824.44	3.0
880.64	3.0
893.56	3.0
904.76	3.0
924.44	3.0
1268.32	3.0
1299.4	3.0
1322.16	3.0
1326.6	3.0
1333.04	3.0
1338.68	3.0
1349.68	3.0
1461.2	3.0
568.56	4.0
1296.12	4.0
3.2	4.0
31.12	4.0
77.2	4.0
263.24	4.0
314.28	4.0
351.48	4.0
604.88	4.0
620.88	4.0
719.0	4.0
743.4	4.0
784.24	4.0
805.12	4.0
821.32	4.0
840.68	4.0
860.92	4.0
898.92	4.0
908.52	4.0
948.04	4.0
994.24	4.0
1027.48	4.0
1063.28	4.0
1092.76	4.0
1146.8	4.0
1184.76	4.0
1305.24	4.0
1344.28	4.0
1434.56	4.0
769.84	5.0
4.4	5.0
832.52	5.0
74.64	6.0
137.92	6.0
154.24	6.0
376.96	6.0
787.28	6.0
841.24	6.0
905.4	6.0
1376.24	6.0
719.0	7.0
1308.56	7.0
1422.28	7.0
171.48	7.0
631.88	7.0
1378.48	7.0
1387.52	7.0
7.16	8.0
136.12	8.0
263.52	8.0
299.64	8.0
302.44	8.0
318.76	8.0
427.16	8.0
583.44	8.0
658.96	8.0
734.88	8.0
807.08	8.0
851.12	8.0
882.52	8.0
1349.92	8.0
84.84	9.0
326.44	9.0
734.56	9.0
898.8	9.0
1376.68	9.0
718.2	10.0
770.8	10.0
807.32	10.0
840.8	10.0
1382.44	10.0
135.24	10.0
217.92	10.0
308.96	10.0
312.32	10.0
423.04	10.0
519.96	10.0
619.4	10.0
713.84	10.0
785.08	10.0
938.68	10.0
1012.84	10.0
1191.24	10.0
1279.88	10.0
1404.4	10.0
135.32	11.0
316.76	11.0
747.0	11.0
843.6	11.0
1066.52	11.0
1095.68	11.0
56.6	11.0
65.84	11.0
105.16	11.0
144.8	11.0
178.32	11.0
215.8	11.0
268.0	11.0
288.8	11.0
309.0	11.0
311.84	11.0
352.8	11.0
386.28	11.0
389.64	11.0
423.0	11.0
446.6	11.0
545.72	11.0
670.36	11.0
719.16	11.0
733.64	11.0
754.08	11.0
803.88	11.0
886.28	11.0
889.2	11.0
963.84	11.0
968.12	11.0
971.4	11.0
990.28	11.0
1261.24	11.0
1279.32	11.0
1302.72	11.0
1309.0	11.0
1335.12	11.0
1337.64	11.0
1419.56	11.0
283.76	12.0
7.56	12.0
308.96	12.0
312.16	12.0
328.96	12.0
805.52	12.0
1268.72	12.0
1278.0	12.0
193.36	13.0
302.8	13.0
716.84	13.0
841.68	13.0
870.84	13.0
1335.76	13.0
785.2	14.0
150.0	14.0
202.28	14.0
327.96	14.0
448.6	14.0
858.72	14.0
1041.76	14.0
133.0	16.0
302.48	16.0
969.52	16.0
824.96	17.0
1275.76	18.0
131.56	19.0
302.48	19.0
350.92	19.0
733.16	19.0
790.0	19.0
1308.08	19.0
302.44	20.0
1325.68	21.0
4.6	21.0
10.68	21.0
34.24	21.0
70.24	21.0
101.88	21.0
104.68	21.0
150.52	21.0
156.36	21.0
163.36	21.0
199.48	21.0
204.56	21.0
217.2	21.0
237.96	21.0
263.76	21.0
288.36	21.0
298.6	21.0
315.36	21.0
342.84	21.0
364.44	21.0
389.2	21.0
433.44	21.0
460.64	21.0
486.36	21.0
505.16	21.0
553.04	21.0
623.96	21.0
702.8	21.0
750.4	21.0
795.6	21.0
834.56	21.0
837.72	21.0
860.56	21.0
864.68	21.0
889.76	21.0
914.32	21.0
985.96	21.0
988.48	21.0
1257.52	21.0
1278.16	21.0
1280.68	21.0
1298.6	21.0
1309.72	21.0
1322.68	21.0
1354.64	21.0
1386.0	21.0
1402.32	21.0
267.24	22.0
72.16	22.0
689.96	22.0
854.12	22.0
901.68	22.0
1193.08	22.0
1319.08	22.0
1386.44	22.0
660.72	23.0
1304.2	23.0
29.36	23.0
71.36	23.0
260.76	23.0
314.36	23.0
321.72	23.0
328.8	23.0
353.0	23.0
363.16	23.0
384.96	23.0
519.28	23.0
602.64	23.0
617.8	23.0
713.32	23.0
737.4	23.0
739.96	23.0
784.0	23.0
797.08	23.0
825.04	23.0
838.4	23.0
869.24	23.0
892.28	23.0
1017.52	23.0
1031.48	23.0
1146.28	23.0
1277.8	23.0
1297.88	23.0
1310.8	23.0
1317.36	23.0
1320.6	23.0
1339.16	23.0
1353.32	23.0
1377.92	23.0
1388.48	23.0
1437.96	23.0
1455.08	23.0
1485.12	23.0
314.0	24.0
338.8	24.0
353.56	24.0
802.56	24.0
838.16	24.0
879.28	24.0
932.84	24.0
1233.72	24.0
1274.4	24.0
1306.56	24.0
1339.56	24.0
1368.72	24.0
1392.72	24.0
164.48	25.0
279.12	25.0
302.44	25.0
449.52	25.0
750.2	25.0
964.08	25.0
1234.92	25.0
1328.0	25.0
45.2	26.0
62.44	26.0
103.88	26.0
113.68	26.0
135.4	26.0
147.24	26.0
168.12	26.0
187.4	26.0
218.2	26.0
239.04	26.0
281.36	26.0
313.76	26.0
321.36	26.0
336.4	26.0
347.68	26.0
363.0	26.0
409.2	26.0
451.2	26.0
487.8	26.0
530.0	26.0
544.04	26.0
575.32	26.0
679.88	26.0
695.04	26.0
739.88	26.0
749.6	26.0
762.44	26.0
771.68	26.0
790.4	26.0
804.64	26.0
826.88	26.0
850.08	26.0
853.28	26.0
867.76	26.0
876.64	26.0
895.56	26.0
916.52	26.0
967.12	26.0
975.28	26.0
997.36	26.0
1096.84	26.0
1110.32	26.0
1119.2	26.0
1143.92	26.0
1193.12	26.0
1216.6	26.0
1237.64	26.0
1253.32	26.0
1262.84	26.0
1273.4	26.0
1291.28	26.0
1296.64	26.0
1303.96	26.0
1317.16	26.0
1333.76	26.0
1356.04	26.0
1392.84	26.0
1395.84	26.0
1421.24	26.0
1437.04	26.0
56.6	27.0
85.92	27.0
188.92	27.0
306.28	27.0
326.04	27.0
556.08	27.0
871.12	27.0
1244.2	27.0
1274.92	27.0
84.48	28.0
219.6	28.0
236.12	28.0
294.92	28.0
315.48	28.0
326.04	28.0
351.0	28.0
392.72	28.0
400.04	28.0
780.88	28.0
867.24	28.0
898.44	28.0
1271.4	28.0
1278.08	28.0
1297.12	28.0
1359.48	28.0
1427.72	28.0
257.48	29.0
306.16	29.0
597.72	29.0
831.6	29.0
1347.08	29.0
1376.12	29.0
236.2	30.0
62.0	30.0
103.08	30.0
150.76	30.0
209.92	30.0
214.84	30.0
243.08	30.0
295.12	30.0
314.68	30.0
329.2	30.0
430.0	30.0
466.32	30.0
654.96	30.0
685.88	30.0
763.04	30.0
793.08	30.0
805.52	30.0
859.48	30.0
872.56	30.0
901.12	30.0
1227.44	30.0
1251.4	30.0
1272.36	30.0
1311.72	30.0
1355.2	30.0
1376.56	30.0
1475.88	30.0
302.84	31.0
237.32	33.0
324.56	33.0
217.0	33.0
267.4	33.0
835.32	33.0
89.12	34.0
302.88	34.0
386.4	34.0
741.2	34.0
785.68	34.0
825.6	34.0
887.04	34.0
990.44	34.0
1340.08	34.0
3.76	35.0
13.2	35.0
21.6	35.0
112.8	35.0
178.76	35.0
186.8	35.0
237.84	35.0
267.12	35.0
302.68	35.0
307.04	35.0
316.96	35.0
370.08	35.0
378.4	35.0
695.2	35.0
698.08	35.0
758.12	35.0
766.16	35.0
792.44	35.0
858.68	35.0
882.36	35.0
985.24	35.0
1257.96	35.0
1305.2	35.0
1333.8	35.0
1383.72	35.0
1405.36	35.0
1444.32	35.0
27.72	36.0
79.2	36.0
209.28	36.0
263.24	36.0
302.48	36.0
636.92	36.0
747.48	36.0
813.84	36.0
1274.24	36.0
1291.6	36.0
1335.96	36.0
