1202.92	1.0
1214.64	1.0
1270.2	1.0
1122.48	2.0
1212.68	2.0
1301.2	2.0
4.28	2.0
34.68	2.0
61.32	2.0
139.84	2.0
184.0	2.0
188.4	2.0
243.04	2.0
246.36	2.0
311.36	2.0
320.32	2.0
322.96	2.0
332.84	2.0
363.72	2.0
1076.8	2.0
1117.36	2.0
1142.96	2.0
1152.96	2.0
1160.44	2.0
1173.2	2.0
1184.84	2.0
1198.52	2.0
1202.24	2.0
1215.32	2.0
1224.52	2.0
1246.36	2.0
1270.56	2.0
1331.92	2.0
1344.44	2.0
1143.6	3.0
1186.92	3.0
11.52	3.0
69.16	3.0
211.04	3.0
314.16	3.0
317.52	3.0
328.44	3.0
372.84	3.0
375.76	3.0
1122.92	3.0
1157.56	3.0
1160.6	3.0
1172.48	3.0
1177.28	3.0
1180.2	3.0
1202.4	3.0
1215.24	3.0
1218.88	3.0
1224.68	3.0
1266.64	3.0
1276.4	3.0
1331.28	3.0
1360.84	3.0
396.76	4.0
1106.56	4.0
1134.2	4.0
1157.28	4.0
1176.8	4.0
1240.12	4.0
1280.4	4.0
1438.04	4.0
1187.92	5.0
324.16	5.0
340.32	5.0
405.32	6.0
1119.6	6.0
1268.64	6.0
1245.68	7.0
1354.92	7.0
164.16	7.0
309.2	7.0
1254.6	7.0
1380.84	7.0
1422.28	7.0
302.96	8.0
309.16	8.0
324.6	8.0
342.68	8.0
1179.76	8.0
1191.92	8.0
1200.48	8.0
1213.04	8.0
1318.76	8.0
142.56	9.0
155.96	9.0
319.04	9.0
1104.88	9.0
1188.44	9.0
1203.32	9.0
1255.92	9.0
1270.28	9.0
5.08	10.0
88.32	10.0
150.08	10.0
220.92	10.0
311.56	10.0
511.84	10.0
1035.28	10.0
1331.88	10.0
1390.12	10.0
12.96	11.0
381.56	11.0
1161.52	11.0
1277.16	11.0
1360.88	11.0
1422.64	11.0
76.64	11.0
191.2	11.0
219.76	11.0
240.0	11.0
311.56	11.0
330.64	11.0
336.8	11.0
343.16	11.0
352.04	11.0
395.48	11.0
455.48	11.0
1137.32	11.0
1156.48	11.0
1168.72	11.0
1172.44	11.0
1184.88	11.0
1222.44	11.0
1245.4	11.0
1253.84	11.0
1329.24	11.0
309.04	12.0
311.84	12.0
318.6	12.0
441.2	12.0
302.64	13.0
315.6	13.0
332.68	13.0
1187.8	13.0
320.28	14.0
348.16	14.0
391.32	14.0
1133.68	14.0
1213.44	14.0
1234.4	14.0
1270.96	14.0
318.72	15.0
1226.0	15.0
302.52	16.0
1100.04	16.0
1179.32	16.0
1220.48	16.0
183.64	18.0
302.44	18.0
1185.24	19.0
1200.12	19.0
332.76	20.0
1430.64	20.0
1168.28	21.0
115.12	21.0
221.36	21.0
311.68	21.0
322.4	21.0
330.16	21.0
339.84	21.0
351.72	21.0
357.4	21.0
369.76	21.0
378.84	21.0
395.68	21.0
412.96	21.0
459.4	21.0
479.12	21.0
1165.52	21.0
1178.68	21.0
1196.6	21.0
1212.52	21.0
1220.44	21.0
1241.48	21.0
1263.44	21.0
1292.6	21.0
1409.88	21.0
313.08	22.0
317.84	22.0
329.24	22.0
940.44	22.0
958.28	22.0
1007.56	22.0
1212.12	22.0
1221.88	22.0
1205.24	23.0
1221.6	23.0
1224.12	23.0
1278.2	23.0
9.24	23.0
18.92	23.0
137.36	23.0
181.12	23.0
215.48	23.0
310.2	23.0
313.48	23.0
318.44	23.0
327.8	23.0
331.96	23.0
343.56	23.0
348.4	23.0
378.28	23.0
381.68	23.0
388.88	23.0
454.52	23.0
1110.96	23.0
1117.76	23.0
1120.36	23.0
1154.28	23.0
1159.72	23.0
1163.12	23.0
1179.64	23.0
1198.88	23.0
1218.68	23.0
1238.44	23.0
1243.76	23.0
1255.04	23.0
1273.96	23.0
1298.76	23.0
1318.8	23.0
1359.28	23.0
1419.44	23.0
1465.2	23.0
321.16	24.0
338.68	24.0
367.88	24.0
387.96	24.0
1138.08	24.0
1175.52	24.0
1199.64	24.0
1203.76	24.0
1226.16	24.0
1239.52	24.0
1257.32	24.0
1278.28	24.0
454.48	25.0
302.48	25.0
320.24	25.0
314.24	26.0
349.48	26.0
1160.0	26.0
1283.64	26.0
38.08	26.0
125.76	26.0
181.08	26.0
207.84	26.0
225.28	26.0
261.36	26.0
287.2	26.0
310.68	26.0
319.6	26.0
326.96	26.0
333.4	26.0
338.48	26.0
341.64	26.0
352.44	26.0
372.72	26.0
379.04	26.0
437.8	26.0
1023.44	26.0
1123.4	26.0
1131.04	26.0
1146.96	26.0
1183.32	26.0
1194.72	26.0
1203.28	26.0
1217.44	26.0
1241.08	26.0
1245.8	26.0
1253.52	26.0
1279.68	26.0
1289.64	26.0
1304.4	26.0
1317.72	26.0
1345.6	26.0
1458.4	26.0
1223.48	27.0
329.24	27.0
21.76	28.0
67.08	28.0
142.2	28.0
190.8	28.0
246.0	28.0
302.44	28.0
314.68	28.0
318.68	28.0
328.76	28.0
1104.52	28.0
1165.8	28.0
1172.24	28.0
1178.76	28.0
1202.96	28.0
1207.08	28.0
1225.64	28.0
1240.28	28.0
1255.56	28.0
1259.72	28.0
1269.88	28.0
142.0	29.0
302.84	29.0
325.08	29.0
1145.52	29.0
34.76	30.0
309.8	30.0
321.48	30.0
332.04	30.0
425.24	30.0
1180.32	30.0
1201.4	30.0
1217.12	30.0
1229.16	30.0
322.08	31.0
335.68	31.0
369.48	31.0
1214.32	31.0
1248.12	31.0
1248.2	33.0
65.44	34.0
147.24	34.0
216.56	34.0
454.6	34.0
1121.96	34.0
1216.08	34.0
24.12	35.0
35.32	35.0
62.72	35.0
281.16	35.0
302.76	35.0
311.72	35.0
316.88	35.0
322.68	35.0
330.56	35.0
338.44	35.0
350.72	35.0
366.28	35.0
369.52	35.0
1116.4	35.0
1178.56	35.0
1181.64	35.0
1189.16	35.0
1201.68	35.0
1224.6	35.0
1253.52	35.0
1280.52	35.0
349.68	36.0
