327.28	1.0
806.0	1.0
314.04	2.0
316.8	2.0
325.36	2.0
331.84	2.0
343.44	2.0
348.92	2.0
353.44	2.0
361.12	2.0
366.08	2.0
409.64	2.0
452.16	2.0
467.52	2.0
503.2	2.0
562.48	2.0
641.36	2.0
664.24	2.0
712.08	2.0
742.04	2.0
806.4	2.0
836.12	2.0
915.72	2.0
923.56	2.0
949.32	2.0
967.76	2.0
993.48	2.0
1028.56	2.0
314.92	3.0
319.64	3.0
328.84	3.0
331.76	3.0
336.4	3.0
347.2	3.0
351.72	3.0
367.44	3.0
390.68	3.0
394.32	3.0
445.4	3.0
451.92	3.0
522.96	3.0
538.16	3.0
583.44	3.0
630.36	3.0
706.72	3.0
784.92	3.0
864.68	3.0
315.88	4.0
333.88	4.0
348.76	4.0
302.68	5.0
309.0	5.0
372.64	5.0
328.12	6.0
334.44	6.0
463.16	6.0
587.28	6.0
319.84	7.0
324.08	7.0
430.84	7.0
531.76	7.0
579.8	7.0
320.6	8.0
329.28	8.0
346.44	8.0
407.0	8.0
796.52	8.0
317.68	9.0
315.28	10.0
341.64	10.0
349.0	10.0
352.2	10.0
525.24	10.0
598.08	10.0
656.52	10.0
701.88	10.0
799.88	10.0
904.84	10.0
989.8	10.0
1135.04	10.0
1302.16	10.0
316.6	11.0
328.88	11.0
630.44	11.0
785.0	11.0
312.08	11.0
320.52	11.0
331.76	11.0
341.24	11.0
347.32	11.0
361.88	11.0
364.96	11.0
309.0	12.0
331.8	12.0
349.96	12.0
569.64	12.0
782.2	12.0
302.52	13.0
331.84	13.0
340.6	13.0
406.96	13.0
302.84	14.0
315.24	14.0
333.52	14.0
342.88	14.0
360.2	14.0
415.04	14.0
641.04	14.0
666.6	14.0
681.88	14.0
702.6	14.0
723.6	14.0
741.76	14.0
773.76	14.0
805.84	14.0
878.44	14.0
901.28	14.0
1019.92	14.0
1064.28	14.0
315.64	15.0
324.36	15.0
808.56	16.0
941.8	16.0
302.48	17.0
302.44	18.0
316.28	20.0
325.56	20.0
328.36	20.0
348.76	20.0
586.84	20.0
954.68	20.0
327.32	21.0
315.64	21.0
320.12	21.0
331.12	21.0
342.88	21.0
346.6	21.0
355.0	21.0
367.76	21.0
383.64	21.0
411.04	21.0
451.0	21.0
470.12	21.0
551.56	21.0
648.56	21.0
677.76	21.0
711.4	21.0
745.56	21.0
786.36	21.0
871.88	21.0
910.36	21.0
1024.92	21.0
320.76	22.0
327.52	22.0
331.32	22.0
340.88	22.0
368.48	22.0
789.2	22.0
324.04	23.0
365.72	23.0
315.48	23.0
318.6	23.0
331.28	23.0
350.12	23.0
454.08	23.0
497.96	23.0
556.52	23.0
617.36	23.0
685.32	23.0
890.68	23.0
303.0	24.0
316.2	24.0
329.32	24.0
339.64	24.0
349.76	24.0
363.76	24.0
381.08	24.0
426.76	24.0
492.96	24.0
695.88	24.0
745.32	24.0
764.48	24.0
302.44	25.0
314.6	25.0
341.24	25.0
314.96	26.0
320.24	26.0
325.88	26.0
331.32	26.0
337.88	26.0
348.24	26.0
353.12	26.0
362.72	26.0
368.16	26.0
389.92	26.0
408.32	26.0
429.92	26.0
438.64	26.0
484.96	26.0
508.48	26.0
557.76	26.0
576.08	26.0
637.44	26.0
664.32	26.0
689.52	26.0
699.64	26.0
749.64	26.0
760.92	26.0
812.56	26.0
849.36	26.0
932.96	26.0
952.04	26.0
970.2	26.0
990.96	26.0
1058.8	26.0
1101.96	26.0
1110.76	26.0
1160.0	26.0
342.88	27.0
313.72	28.0
302.44	28.0
317.28	28.0
330.64	28.0
335.4	28.0
338.16	28.0
355.08	28.0
363.32	28.0
371.32	28.0
377.16	28.0
407.0	28.0
320.0	29.0
315.16	29.0
329.32	29.0
319.52	30.0
333.92	30.0
339.24	30.0
350.0	30.0
361.64	30.0
367.88	30.0
381.48	30.0
410.64	30.0
647.36	30.0
769.08	30.0
303.0	31.0
314.0	31.0
333.56	31.0
343.2	31.0
354.2	31.0
379.32	31.0
324.2	33.0
302.8	33.0
317.68	34.0
312.6	34.0
333.48	34.0
347.76	34.0
367.2	34.0
988.24	34.0
325.0	35.0
302.6	35.0
314.72	35.0
318.52	35.0
327.56	35.0
337.56	35.0
341.48	35.0
349.6	35.0
356.32	35.0
359.68	35.0
383.64	35.0
460.56	35.0
496.16	35.0
545.72	35.0
602.32	35.0
689.44	35.0
743.68	35.0
828.72	35.0
896.56	35.0
1044.96	35.0
1097.96	35.0
302.44	36.0
556.32	36.0
