5.48	1.0
60.92	1.0
184.28	1.0
322.56	1.0
369.92	1.0
3.6	2.0
9.56	2.0
382.96	2.0
7.04	2.0
13.4	2.0
21.68	2.0
25.52	2.0
31.92	2.0
38.56	2.0
41.96	2.0
46.48	2.0
51.72	2.0
60.88	2.0
87.84	2.0
108.92	2.0
161.6	2.0
169.6	2.0
180.96	2.0
196.08	2.0
246.84	2.0
251.16	2.0
254.8	2.0
264.0	2.0
266.52	2.0
273.64	2.0
294.84	2.0
313.6	2.0
322.96	2.0
328.4	2.0
334.96	2.0
340.52	2.0
352.08	2.0
367.24	2.0
370.32	2.0
436.32	2.0
527.32	2.0
1082.32	2.0
1104.72	2.0
1122.04	2.0
1136.08	2.0
1139.04	2.0
1144.44	2.0
1193.96	2.0
1248.16	2.0
1312.2	2.0
313.6	3.0
2.64	3.0
6.56	3.0
11.28	3.0
22.28	3.0
25.64	3.0
28.84	3.0
45.8	3.0
51.6	3.0
70.08	3.0
316.56	3.0
323.16	3.0
420.92	3.0
574.04	3.0
1109.96	3.0
1117.08	3.0
1138.48	3.0
1326.32	4.0
6.8	4.0
56.96	4.0
5.0	5.0
20.76	5.0
323.28	6.0
9.08	6.0
20.6	6.0
74.76	6.0
497.0	6.0
616.68	6.0
1136.52	6.0
1167.72	6.0
1285.84	6.0
1377.92	6.0
54.96	7.0
79.4	7.0
197.48	7.0
31.32	7.0
49.36	7.0
146.52	7.0
316.16	7.0
333.88	7.0
9.84	8.0
27.68	8.0
54.8	8.0
322.32	8.0
20.48	9.0
315.28	9.0
331.32	9.0
740.4	9.0
8.12	10.0
16.96	10.0
32.32	10.0
161.92	10.0
1104.32	10.0
1247.08	10.0
1384.4	10.0
3.2	10.0
11.68	10.0
19.6	10.0
42.24	10.0
57.84	10.0
212.76	10.0
225.28	10.0
308.96	10.0
312.48	10.0
594.52	10.0
818.68	10.0
1108.24	10.0
1123.76	10.0
1160.4	10.0
1330.64	10.0
38.96	11.0
53.84	11.0
213.68	11.0
347.0	11.0
420.96	11.0
574.04	11.0
1138.56	11.0
1194.64	11.0
3.84	11.0
9.48	11.0
18.8	11.0
21.8	11.0
28.8	11.0
45.6	11.0
49.04	11.0
60.64	11.0
160.88	11.0
198.68	11.0
308.96	11.0
311.84	11.0
363.84	11.0
383.32	11.0
3.52	12.0
20.24	12.0
245.52	12.0
1079.68	12.0
1123.68	12.0
26.04	12.0
61.36	12.0
207.96	12.0
309.0	12.0
312.04	12.0
1162.24	12.0
11.2	13.0
26.76	13.0
49.64	13.0
90.88	13.0
143.12	13.0
5.16	14.0
49.0	14.0
79.36	14.0
2.52	14.0
14.04	14.0
19.04	14.0
262.92	14.0
318.72	14.0
622.72	14.0
1135.12	14.0
1160.36	14.0
96.56	15.0
306.28	16.0
307.92	19.0
4.56	20.0
35.12	20.0
83.84	20.0
194.0	20.0
282.04	20.0
322.8	20.0
372.28	20.0
1243.4	20.0
302.48	21.0
319.0	21.0
3.68	21.0
11.12	21.0
14.68	21.0
25.44	21.0
30.16	21.0
43.72	21.0
52.4	21.0
55.88	21.0
68.16	21.0
72.64	21.0
95.36	21.0
97.88	21.0
119.44	21.0
152.24	21.0
163.88	21.0
193.68	21.0
212.64	21.0
219.2	21.0
244.76	21.0
274.28	21.0
297.2	21.0
313.84	21.0
344.56	21.0
356.56	21.0
363.56	21.0
422.04	21.0
452.24	21.0
492.72	21.0
502.32	21.0
581.92	21.0
1131.88	21.0
1165.6	21.0
1218.16	21.0
48.92	22.0
3.84	22.0
8.64	22.0
22.64	22.0
30.44	22.0
52.0	22.0
87.04	22.0
209.4	22.0
311.12	22.0
318.92	22.0
1096.68	22.0
1164.68	22.0
302.64	23.0
306.52	23.0
3.52	23.0
6.2	23.0
10.88	23.0
14.72	23.0
26.64	23.0
32.96	23.0
52.12	23.0
173.44	23.0
311.76	23.0
316.6	23.0
1126.76	23.0
1364.68	23.0
4.88	24.0
10.6	24.0
21.28	24.0
32.64	24.0
42.52	24.0
60.04	24.0
119.76	24.0
215.44	24.0
260.08	24.0
302.96	24.0
310.8	24.0
328.08	24.0
1139.4	24.0
14.0	25.0
39.32	25.0
41.84	25.0
52.76	25.0
302.44	25.0
173.08	26.0
5.32	26.0
18.12	26.0
23.96	26.0
49.64	26.0
54.24	26.0
64.96	26.0
77.16	26.0
126.04	26.0
129.76	26.0
141.84	26.0
156.92	26.0
195.32	26.0
230.76	26.0
239.4	26.0
267.96	26.0
279.4	26.0
282.6	26.0
302.56	26.0
312.28	26.0
317.16	26.0
327.6	26.0
349.64	26.0
392.16	26.0
399.64	26.0
1125.24	26.0
1137.92	26.0
1160.08	26.0
56.32	27.0
231.04	27.0
302.96	27.0
537.28	27.0
5.04	28.0
302.64	28.0
2.52	28.0
20.16	28.0
29.72	28.0
50.24	28.0
60.12	28.0
330.96	28.0
50.68	29.0
4.2	30.0
9.96	30.0
15.88	30.0
31.88	30.0
35.92	30.0
51.72	30.0
77.36	30.0
96.72	30.0
120.56	30.0
145.8	30.0
320.08	30.0
556.64	30.0
1132.8	30.0
1211.2	30.0
2.84	31.0
14.96	31.0
29.76	31.0
323.48	31.0
4.36	33.0
14.2	33.0
397.04	33.0
13.8	34.0
44.2	34.0
302.6	34.0
2.68	35.0
311.4	35.0
1126.44	35.0
6.08	35.0
12.48	35.0
15.08	35.0
22.04	35.0
26.68	35.0
29.72	35.0
34.28	35.0
43.68	35.0
51.96	35.0
65.12	35.0
78.16	35.0
94.28	35.0
109.16	35.0
141.8	35.0
147.48	35.0
197.84	35.0
213.96	35.0
291.76	35.0
302.6	35.0
306.76	35.0
314.24	35.0
317.4	35.0
328.08	35.0
338.24	35.0
491.76	35.0
1168.88	35.0
1270.76	35.0
