313.4	1.0
337.8	1.0
1139.0	1.0
313.84	2.0
320.4	2.0
326.96	2.0
332.24	2.0
338.52	2.0
342.24	2.0
345.12	2.0
368.84	2.0
374.8	2.0
390.16	2.0
401.28	2.0
413.24	2.0
560.8	2.0
593.0	2.0
616.08	2.0
676.52	2.0
819.84	2.0
858.28	2.0
867.64	2.0
872.28	2.0
884.56	2.0
899.48	2.0
1060.12	2.0
1106.48	2.0
1131.84	2.0
332.12	3.0
320.56	3.0
328.0	3.0
335.76	3.0
338.28	3.0
344.84	3.0
350.4	3.0
374.12	3.0
385.92	3.0
393.68	3.0
401.4	3.0
439.32	3.0
468.24	3.0
478.8	3.0
522.24	3.0
841.16	3.0
894.6	3.0
995.88	3.0
1056.68	3.0
325.52	4.0
330.32	4.0
714.0	4.0
866.48	4.0
313.4	5.0
320.2	5.0
331.08	5.0
868.0	5.0
384.04	6.0
332.2	6.0
336.72	6.0
408.76	6.0
480.52	6.0
621.32	6.0
693.84	6.0
724.64	6.0
779.32	6.0
857.2	6.0
926.44	6.0
1036.72	6.0
331.72	7.0
841.0	7.0
325.2	7.0
340.92	7.0
302.88	8.0
315.44	8.0
330.88	8.0
333.64	8.0
389.08	8.0
468.08	8.0
345.16	9.0
320.36	10.0
431.4	10.0
623.68	10.0
626.88	10.0
751.44	10.0
816.88	10.0
869.96	10.0
1033.56	10.0
1097.72	10.0
309.0	10.0
312.2	10.0
789.16	10.0
809.84	10.0
865.6	10.0
1083.92	10.0
318.8	11.0
374.68	11.0
439.4	11.0
478.8	11.0
585.32	11.0
697.0	11.0
887.44	11.0
995.92	11.0
331.28	11.0
333.84	11.0
338.52	11.0
398.48	11.0
473.24	11.0
1067.92	11.0
537.04	12.0
578.8	12.0
309.0	12.0
318.0	12.0
320.6	12.0
518.8	12.0
1101.0	12.0
302.48	13.0
333.76	13.0
340.08	13.0
352.68	13.0
481.52	13.0
1043.64	13.0
325.56	14.0
329.76	14.0
333.08	14.0
337.84	14.0
397.32	14.0
1198.72	14.0
353.32	15.0
324.6	15.0
875.8	15.0
313.6	16.0
320.56	18.0
327.44	19.0
312.64	20.0
333.92	20.0
351.52	20.0
517.44	20.0
934.72	20.0
329.8	21.0
337.2	21.0
349.6	21.0
356.8	21.0
367.64	21.0
383.44	21.0
400.68	21.0
418.36	21.0
468.92	21.0
476.84	21.0
547.24	21.0
586.44	21.0
604.2	21.0
611.64	21.0
639.76	21.0
689.32	21.0
788.36	21.0
822.16	21.0
871.24	21.0
1010.24	21.0
1150.48	21.0
317.56	22.0
331.4	22.0
342.6	22.0
359.44	22.0
581.76	22.0
630.48	22.0
674.12	22.0
815.12	22.0
831.4	22.0
849.44	22.0
889.6	22.0
338.04	23.0
314.96	23.0
318.04	23.0
329.4	23.0
332.6	23.0
363.68	23.0
489.56	23.0
553.0	23.0
840.08	23.0
864.6	23.0
916.72	23.0
302.92	24.0
313.2	24.0
318.44	24.0
326.36	24.0
339.8	24.0
364.08	24.0
378.08	24.0
548.28	24.0
302.44	25.0
314.64	25.0
334.12	25.0
353.16	25.0
527.2	26.0
313.88	26.0
319.12	26.0
327.68	26.0
333.4	26.0
338.0	26.0
340.6	26.0
353.2	26.0
369.84	26.0
385.48	26.0
396.68	26.0
407.88	26.0
425.84	26.0
445.56	26.0
467.56	26.0
492.44	26.0
546.04	26.0
576.0	26.0
680.04	26.0
690.64	26.0
724.84	26.0
749.52	26.0
781.4	26.0
802.36	26.0
844.84	26.0
947.88	26.0
1009.64	26.0
1099.72	26.0
1143.24	26.0
337.72	27.0
789.44	27.0
302.44	28.0
324.88	28.0
327.92	28.0
332.72	28.0
335.56	28.0
342.44	28.0
353.12	28.0
363.44	28.0
386.0	28.0
312.12	29.0
315.76	29.0
344.32	29.0
312.88	30.0
317.68	30.0
334.24	30.0
355.32	30.0
382.28	30.0
430.84	30.0
434.84	30.0
552.72	30.0
702.2	30.0
833.0	30.0
875.4	30.0
1017.28	30.0
302.96	31.0
315.88	31.0
319.6	31.0
326.8	31.0
333.24	31.0
347.24	31.0
360.88	31.0
391.0	31.0
377.88	33.0
313.68	33.0
339.32	33.0
815.88	34.0
869.48	34.0
910.76	34.0
920.88	34.0
1048.08	34.0
302.56	35.0
314.0	35.0
319.64	35.0
327.88	35.0
336.04	35.0
343.08	35.0
354.72	35.0
360.0	35.0
362.72	35.0
371.72	35.0
378.08	35.0
385.72	35.0
396.72	35.0
407.48	35.0
434.68	35.0
459.2	35.0
475.16	35.0
511.88	35.0
521.08	35.0
540.8	35.0
690.64	35.0
705.64	35.0
840.0	35.0
852.8	35.0
876.68	35.0
947.36	35.0
302.48	36.0
348.88	36.0
