203.08	1.0
343.36	1.0
360.76	1.0
432.04	1.0
1376.08	1.0
101.28	2.0
332.04	2.0
72.72	2.0
83.52	2.0
93.56	2.0
143.68	2.0
188.28	2.0
203.48	2.0
239.0	2.0
311.8	2.0
317.08	2.0
322.64	2.0
327.52	2.0
346.52	2.0
349.32	2.0
1375.4	2.0
328.8	3.0
95.84	3.0
101.32	3.0
114.2	3.0
196.96	3.0
310.6	3.0
314.04	3.0
336.6	3.0
378.0	3.0
1375.16	3.0
1379.2	3.0
320.68	4.0
371.28	4.0
431.16	4.0
755.12	4.0
310.68	5.0
319.84	5.0
432.92	5.0
150.4	6.0
225.6	6.0
66.36	7.0
347.4	7.0
357.56	7.0
1360.12	7.0
308.2	8.0
316.68	8.0
328.28	8.0
492.8	8.0
89.48	9.0
205.16	9.0
232.88	9.0
306.6	9.0
320.08	9.0
1365.24	9.0
1385.6	9.0
106.92	10.0
174.48	10.0
245.4	10.0
101.36	10.0
162.16	10.0
309.0	10.0
312.04	10.0
342.92	10.0
1379.84	10.0
114.24	11.0
207.32	11.0
329.04	11.0
99.84	11.0
188.48	11.0
199.72	11.0
308.96	11.0
311.76	11.0
319.8	11.0
336.08	11.0
345.36	11.0
1373.24	11.0
1382.36	11.0
99.24	12.0
80.8	12.0
308.92	12.0
311.68	12.0
315.44	12.0
331.96	12.0
335.84	13.0
100.64	13.0
199.52	13.0
308.68	13.0
317.16	13.0
326.0	13.0
367.0	13.0
383.76	13.0
250.08	14.0
281.48	14.0
302.44	14.0
319.56	14.0
324.2	14.0
333.96	14.0
344.64	14.0
362.76	14.0
374.04	14.0
302.64	17.0
332.4	17.0
1374.36	18.0
303.0	19.0
185.12	19.0
343.28	19.0
1375.04	20.0
283.68	20.0
302.48	21.0
327.64	21.0
1371.68	21.0
138.4	21.0
245.24	21.0
267.56	21.0
306.96	21.0
311.12	21.0
314.28	21.0
317.32	21.0
320.08	21.0
325.12	21.0
332.12	21.0
347.56	21.0
350.68	21.0
363.8	21.0
414.88	21.0
516.24	21.0
1376.32	21.0
302.52	22.0
311.2	22.0
148.6	22.0
247.64	22.0
285.0	22.0
314.88	22.0
325.76	22.0
311.72	23.0
327.12	23.0
59.8	23.0
190.88	23.0
308.16	23.0
317.96	23.0
335.0	23.0
343.72	23.0
349.04	23.0
401.56	23.0
428.48	23.0
716.08	23.0
747.2	23.0
1379.72	23.0
1382.64	23.0
1388.56	23.0
100.2	24.0
302.76	24.0
309.96	24.0
319.08	24.0
326.08	24.0
329.56	24.0
334.28	24.0
342.56	24.0
351.56	24.0
373.48	24.0
419.92	24.0
1380.8	24.0
311.44	25.0
329.88	25.0
1380.96	25.0
302.44	25.0
56.16	26.0
71.72	26.0
96.12	26.0
105.6	26.0
120.88	26.0
143.12	26.0
204.28	26.0
233.32	26.0
258.12	26.0
299.64	26.0
306.28	26.0
311.6	26.0
318.52	26.0
326.92	26.0
333.36	26.0
339.96	26.0
347.04	26.0
355.0	26.0
360.16	26.0
371.0	26.0
383.0	26.0
404.28	26.0
419.28	26.0
478.76	26.0
499.72	26.0
508.56	26.0
525.0	26.0
539.76	26.0
577.2	26.0
590.76	26.0
599.76	26.0
832.08	26.0
1173.52	26.0
1362.8	26.0
1378.96	26.0
1387.48	26.0
95.76	27.0
1386.04	27.0
193.12	27.0
302.96	27.0
306.56	27.0
308.04	28.0
333.36	28.0
182.84	28.0
204.8	28.0
232.56	28.0
310.72	28.0
315.16	28.0
320.08	28.0
352.56	28.0
1354.56	28.0
1364.92	28.0
1385.28	28.0
307.8	29.0
1370.72	29.0
345.28	29.0
153.8	30.0
231.2	30.0
290.0	30.0
309.44	30.0
317.96	30.0
323.48	30.0
330.12	30.0
344.28	30.0
412.72	30.0
432.28	30.0
310.72	31.0
328.92	31.0
331.76	31.0
347.72	31.0
1384.04	31.0
302.6	33.0
320.84	33.0
323.72	33.0
1371.64	33.0
1374.92	33.0
302.64	34.0
325.16	34.0
429.04	34.0
306.0	35.0
311.24	35.0
59.64	35.0
196.04	35.0
270.12	35.0
302.68	35.0
315.4	35.0
325.56	35.0
332.52	35.0
351.76	35.0
357.84	35.0
369.32	35.0
372.72	35.0
414.92	35.0
481.56	35.0
762.28	35.0
1388.48	35.0
302.44	36.0
308.2	36.0
330.72	36.0
