349.6	1.0
354.72	1.0
565.8	1.0
687.28	1.0
708.32	1.0
718.2	1.0
1233.4	1.0
1134.52	2.0
1373.36	2.0
317.8	2.0
328.44	2.0
339.76	2.0
343.24	2.0
347.68	2.0
350.64	2.0
353.16	2.0
356.08	2.0
364.48	2.0
379.48	2.0
383.92	2.0
389.16	2.0
396.8	2.0
399.48	2.0
405.36	2.0
415.2	2.0
427.24	2.0
464.52	2.0
467.48	2.0
480.04	2.0
491.4	2.0
518.12	2.0
529.92	2.0
535.04	2.0
538.08	2.0
560.84	2.0
588.84	2.0
598.56	2.0
624.4	2.0
642.8	2.0
646.0	2.0
666.08	2.0
730.92	2.0
832.56	2.0
837.0	2.0
918.08	2.0
1069.64	2.0
1143.92	2.0
1169.0	2.0
1176.96	2.0
1180.56	2.0
1248.24	2.0
1297.64	2.0
1318.88	2.0
1322.48	2.0
1345.88	2.0
334.92	3.0
314.52	3.0
317.2	3.0
337.92	3.0
343.36	3.0
346.32	3.0
352.6	3.0
355.56	3.0
365.28	3.0
383.16	3.0
400.52	3.0
408.92	3.0
420.08	3.0
440.44	3.0
460.72	3.0
480.2	3.0
517.64	3.0
565.04	3.0
583.0	3.0
627.4	3.0
645.48	3.0
877.2	3.0
1093.6	3.0
1135.6	3.0
1218.52	3.0
1248.4	3.0
1290.64	3.0
1314.48	3.0
1319.48	3.0
1322.24	3.0
1364.0	3.0
1373.4	3.0
717.28	4.0
314.68	4.0
333.2	4.0
355.28	4.0
379.8	4.0
313.08	5.0
335.88	6.0
314.36	6.0
463.52	6.0
741.12	6.0
882.2	6.0
1075.44	6.0
1288.28	6.0
364.36	7.0
626.16	7.0
718.28	7.0
302.44	7.0
317.92	7.0
335.52	7.0
367.28	7.0
403.52	7.0
498.28	7.0
783.84	7.0
1190.28	7.0
1249.52	7.0
517.0	8.0
564.32	8.0
1311.92	8.0
302.92	8.0
313.88	8.0
324.72	8.0
336.08	8.0
344.8	8.0
349.96	8.0
438.16	8.0
504.24	8.0
1298.28	8.0
1302.6	8.0
316.52	9.0
337.64	9.0
1322.36	9.0
316.76	10.0
353.16	10.0
799.76	10.0
1096.76	10.0
309.0	10.0
329.24	10.0
333.08	10.0
343.64	10.0
356.44	10.0
379.8	10.0
382.84	10.0
465.24	10.0
541.4	10.0
1106.76	10.0
1143.68	10.0
317.28	11.0
355.6	11.0
385.44	11.0
464.88	11.0
522.56	11.0
627.4	11.0
750.08	11.0
1135.68	11.0
1175.64	11.0
328.68	11.0
339.04	11.0
342.56	11.0
348.64	11.0
351.16	11.0
363.8	11.0
380.2	11.0
395.36	11.0
411.56	11.0
432.8	11.0
461.64	11.0
493.72	11.0
504.84	11.0
562.72	11.0
590.84	11.0
646.16	11.0
1249.36	11.0
1294.96	11.0
1372.16	11.0
1374.96	11.0
317.6	12.0
804.28	12.0
1230.44	12.0
324.88	13.0
349.4	13.0
751.52	13.0
313.8	13.0
317.8	13.0
339.76	13.0
345.0	13.0
461.88	13.0
479.48	13.0
522.16	13.0
320.56	14.0
365.0	14.0
312.96	14.0
324.92	14.0
354.76	14.0
396.76	14.0
482.64	14.0
1063.72	14.0
324.52	15.0
329.64	15.0
375.36	15.0
625.6	15.0
302.52	16.0
443.92	16.0
349.4	17.0
336.52	18.0
349.08	18.0
504.92	18.0
600.8	18.0
1385.08	18.0
327.56	19.0
334.12	19.0
360.76	20.0
517.48	20.0
566.32	20.0
616.52	20.0
1259.2	20.0
1369.08	20.0
302.44	20.0
313.36	20.0
383.12	20.0
484.72	20.0
603.08	20.0
623.76	20.0
667.28	20.0
736.72	20.0
1332.16	20.0
1356.36	20.0
313.76	21.0
324.64	21.0
336.16	21.0
342.52	21.0
348.0	21.0
354.72	21.0
362.8	21.0
365.84	21.0
381.92	21.0
395.24	21.0
420.84	21.0
425.76	21.0
446.56	21.0
487.64	21.0
529.48	21.0
541.2	21.0
566.32	21.0
589.44	21.0
608.16	21.0
618.44	21.0
651.96	21.0
658.6	21.0
672.84	21.0
680.92	21.0
694.24	21.0
697.4	21.0
716.76	21.0
753.64	21.0
760.12	21.0
882.16	21.0
1036.52	21.0
1095.76	21.0
1174.28	21.0
1258.44	21.0
1287.96	21.0
1290.92	21.0
1307.04	21.0
1323.44	21.0
1346.88	21.0
1362.24	21.0
1371.04	21.0
1375.08	21.0
302.68	22.0
326.28	22.0
319.36	22.0
335.12	22.0
344.84	22.0
349.6	22.0
613.68	22.0
772.6	22.0
830.96	22.0
1066.24	22.0
1146.6	22.0
1162.72	22.0
1323.0	22.0
351.24	23.0
1131.76	23.0
314.16	23.0
320.28	23.0
334.2	23.0
338.12	23.0
348.04	23.0
358.44	23.0
407.24	23.0
504.44	23.0
622.08	23.0
636.0	23.0
771.64	23.0
1153.68	23.0
1182.24	23.0
1258.28	23.0
1281.16	23.0
1313.72	23.0
1318.44	23.0
1326.12	23.0
314.36	24.0
318.32	24.0
328.76	24.0
333.84	24.0
345.76	24.0
348.72	24.0
355.96	24.0
379.36	24.0
499.44	24.0
572.88	24.0
595.0	24.0
635.08	24.0
1243.6	24.0
1298.72	24.0
1314.76	24.0
1335.84	24.0
1355.44	24.0
318.56	25.0
333.16	25.0
345.96	25.0
379.64	25.0
302.44	25.0
338.96	25.0
350.48	25.0
313.68	26.0
318.28	26.0
327.84	26.0
337.4	26.0
344.2	26.0
349.72	26.0
353.52	26.0
362.04	26.0
368.16	26.0
381.36	26.0
402.72	26.0
408.2	26.0
412.12	26.0
432.2	26.0
443.8	26.0
448.8	26.0
461.92	26.0
465.76	26.0
496.96	26.0
505.16	26.0
516.48	26.0
521.36	26.0
540.6	26.0
551.08	26.0
570.16	26.0
578.2	26.0
586.64	26.0
592.92	26.0
600.64	26.0
611.0	26.0
638.88	26.0
662.6	26.0
688.48	26.0
695.84	26.0
745.16	26.0
749.36	26.0
766.08	26.0
780.28	26.0
880.32	26.0
890.56	26.0
906.08	26.0
1009.88	26.0
1163.44	26.0
1172.4	26.0
1202.8	26.0
1214.0	26.0
1243.44	26.0
1264.44	26.0
1273.84	26.0
1305.96	26.0
1327.44	26.0
1358.16	26.0
1377.8	26.0
337.04	27.0
348.24	27.0
802.16	27.0
346.28	28.0
302.44	28.0
312.68	28.0
316.12	28.0
318.76	28.0
327.76	28.0
333.4	28.0
350.16	28.0
355.96	28.0
364.44	28.0
420.04	28.0
731.08	28.0
963.72	28.0
1321.2	28.0
1374.12	28.0
313.24	29.0
342.56	29.0
417.44	29.0
475.4	29.0
706.64	29.0
1141.24	29.0
315.52	30.0
329.0	30.0
338.16	30.0
349.28	30.0
353.92	30.0
424.68	30.0
504.08	30.0
525.72	30.0
606.12	30.0
843.76	30.0
1085.28	30.0
1142.16	30.0
1323.0	30.0
333.08	31.0
343.8	31.0
374.32	31.0
718.16	31.0
1275.04	31.0
1320.08	31.0
329.4	33.0
342.6	33.0
325.4	34.0
349.8	34.0
320.68	34.0
338.12	34.0
372.84	34.0
1150.36	34.0
1181.28	34.0
415.16	35.0
635.96	35.0
302.48	35.0
313.04	35.0
319.52	35.0
330.0	35.0
333.76	35.0
337.88	35.0
343.48	35.0
350.92	35.0
357.84	35.0
361.96	35.0
371.56	35.0
381.16	35.0
383.8	35.0
391.04	35.0
400.16	35.0
437.84	35.0
460.72	35.0
478.8	35.0
503.48	35.0
570.08	35.0
596.4	35.0
616.96	35.0
736.32	35.0
748.16	35.0
786.76	35.0
1153.56	35.0
1185.52	35.0
1189.12	35.0
1298.08	35.0
1302.92	35.0
1306.56	35.0
1316.76	35.0
1354.96	35.0
1369.6	35.0
346.0	36.0
354.0	36.0
315.04	36.0
333.44	36.0
400.32	36.0
688.32	36.0
807.88	36.0
