348.12	1.0
559.8	1.0
672.4	1.0
365.16	2.0
313.08	2.0
317.4	2.0
321.44	2.0
328.68	2.0
334.68	2.0
339.36	2.0
342.64	2.0
348.64	2.0
369.88	2.0
383.44	2.0
407.6	2.0
432.2	2.0
500.36	2.0
512.76	2.0
533.92	2.0
554.76	2.0
562.76	2.0
575.32	2.0
577.84	2.0
589.8	2.0
599.44	2.0
613.56	2.0
623.64	2.0
648.32	2.0
678.36	2.0
703.2	2.0
711.84	2.0
740.64	2.0
754.32	2.0
758.12	2.0
796.48	2.0
817.64	2.0
836.4	2.0
890.88	2.0
927.44	2.0
964.92	2.0
996.04	2.0
1012.72	2.0
1080.16	2.0
1112.08	2.0
1130.08	2.0
1161.0	2.0
1165.44	2.0
1300.36	2.0
1469.48	2.0
614.12	3.0
312.44	3.0
317.56	3.0
321.36	3.0
326.2	3.0
331.88	3.0
334.52	3.0
340.0	3.0
343.8	3.0
346.44	3.0
349.36	3.0
359.44	3.0
374.68	3.0
385.52	3.0
415.08	3.0
420.4	3.0
451.64	3.0
463.68	3.0
467.2	3.0
486.88	3.0
549.84	3.0
575.84	3.0
580.04	3.0
611.6	3.0
628.68	3.0
651.36	3.0
693.68	3.0
703.0	3.0
713.24	3.0
764.68	3.0
883.44	3.0
966.48	3.0
1112.28	3.0
1143.4	3.0
453.72	4.0
625.4	4.0
1173.76	4.0
310.4	4.0
333.72	4.0
1082.68	4.0
1146.0	4.0
323.12	5.0
329.48	5.0
336.24	5.0
313.4	5.0
352.88	5.0
770.76	5.0
322.28	6.0
382.32	6.0
423.48	6.0
486.0	6.0
622.36	6.0
665.84	6.0
786.96	6.0
852.28	6.0
906.88	6.0
1004.64	6.0
314.76	7.0
353.56	7.0
543.44	7.0
302.48	7.0
321.44	7.0
343.12	7.0
361.32	7.0
389.92	7.0
470.6	7.0
689.8	7.0
908.36	7.0
803.28	8.0
310.8	8.0
414.6	8.0
329.2	10.0
339.04	10.0
696.12	10.0
1059.0	10.0
311.72	10.0
325.6	10.0
334.08	10.0
361.6	10.0
370.76	10.0
456.08	10.0
483.84	10.0
508.92	10.0
525.08	10.0
548.28	10.0
563.36	10.0
575.56	10.0
601.4	10.0
611.6	10.0
636.72	10.0
670.32	10.0
704.32	10.0
742.2	10.0
903.52	10.0
334.56	11.0
337.44	11.0
488.88	11.0
555.28	11.0
599.92	11.0
631.24	11.0
721.56	11.0
921.28	11.0
311.6	11.0
316.96	11.0
326.84	11.0
329.48	11.0
347.72	11.0
361.4	11.0
364.8	11.0
375.4	11.0
417.52	11.0
441.92	11.0
506.2	11.0
537.88	11.0
576.8	11.0
655.72	11.0
698.04	11.0
740.8	11.0
763.56	11.0
785.4	11.0
792.36	11.0
1147.6	11.0
517.32	12.0
311.52	12.0
309.92	13.0
312.88	13.0
347.0	13.0
620.16	13.0
767.72	13.0
315.56	14.0
324.16	14.0
332.68	14.0
352.16	14.0
357.88	14.0
362.2	14.0
375.28	14.0
390.0	14.0
398.32	14.0
517.16	14.0
519.68	14.0
608.32	14.0
311.2	15.0
324.64	15.0
302.52	16.0
344.76	16.0
302.84	17.0
332.84	18.0
329.24	19.0
323.84	20.0
333.44	20.0
594.68	20.0
694.08	20.0
718.4	20.0
764.52	20.0
358.92	20.0
461.2	20.0
507.52	20.0
546.08	20.0
599.24	20.0
807.84	20.0
865.96	20.0
561.2	21.0
309.76	21.0
313.88	21.0
316.52	21.0
322.24	21.0
327.72	21.0
333.88	21.0
339.0	21.0
350.48	21.0
361.52	21.0
374.48	21.0
385.76	21.0
391.16	21.0
411.92	21.0
427.08	21.0
450.92	21.0
519.52	21.0
523.24	21.0
551.84	21.0
558.52	21.0
576.56	21.0
593.6	21.0
611.92	21.0
633.76	21.0
651.0	21.0
694.92	21.0
725.6	21.0
743.2	21.0
766.2	21.0
835.68	21.0
919.36	21.0
972.64	21.0
1026.12	21.0
1085.92	21.0
1150.56	21.0
322.44	22.0
310.48	22.0
327.64	22.0
337.36	22.0
340.76	22.0
351.12	22.0
430.04	22.0
539.44	22.0
561.32	22.0
579.12	22.0
618.24	22.0
652.48	22.0
669.68	22.0
700.0	22.0
792.96	22.0
884.72	22.0
991.36	22.0
1110.64	22.0
1215.84	22.0
321.48	23.0
310.6	23.0
314.92	23.0
327.24	23.0
336.68	23.0
367.24	23.0
459.52	23.0
467.96	23.0
518.32	23.0
600.52	23.0
614.36	23.0
629.04	23.0
652.6	23.0
690.16	23.0
711.52	23.0
893.84	23.0
303.0	24.0
314.16	24.0
326.92	24.0
334.44	24.0
349.04	24.0
487.96	24.0
535.52	24.0
543.6	24.0
573.88	24.0
630.36	24.0
488.16	25.0
302.44	25.0
311.04	25.0
314.84	25.0
317.36	25.0
332.84	25.0
346.32	25.0
548.36	25.0
309.52	26.0
317.72	26.0
332.24	26.0
337.56	26.0
345.04	26.0
358.0	26.0
367.72	26.0
380.04	26.0
431.04	26.0
436.12	26.0
445.28	26.0
470.24	26.0
487.44	26.0
530.08	26.0
556.76	26.0
575.48	26.0
579.68	26.0
611.36	26.0
655.6	26.0
745.6	26.0
787.32	26.0
337.2	27.0
369.32	27.0
521.24	27.0
629.92	27.0
662.56	27.0
700.48	27.0
746.8	27.0
838.84	27.0
863.24	27.0
331.88	28.0
334.84	28.0
346.24	28.0
302.44	28.0
311.4	28.0
315.2	28.0
325.76	28.0
340.88	28.0
351.24	28.0
366.32	28.0
553.68	28.0
607.72	28.0
631.2	28.0
698.44	28.0
703.36	28.0
746.76	28.0
779.04	28.0
906.24	28.0
999.52	28.0
1114.16	28.0
311.88	29.0
342.32	29.0
322.92	29.0
348.72	29.0
695.16	29.0
776.36	29.0
903.2	29.0
906.08	29.0
996.04	29.0
313.52	30.0
323.12	30.0
330.04	30.0
338.56	30.0
349.32	30.0
388.48	30.0
425.28	30.0
459.16	30.0
504.36	30.0
554.76	30.0
607.12	30.0
649.04	30.0
701.68	30.0
772.48	30.0
886.6	30.0
302.88	31.0
310.64	31.0
317.28	31.0
328.68	31.0
337.0	31.0
346.68	31.0
457.6	31.0
315.04	33.0
347.16	33.0
325.28	34.0
335.76	34.0
310.52	34.0
331.36	34.0
931.52	34.0
1012.92	34.0
1150.92	34.0
317.32	35.0
329.08	35.0
302.48	35.0
311.92	35.0
314.8	35.0
325.16	35.0
334.28	35.0
339.04	35.0
345.28	35.0
352.2	35.0
360.32	35.0
366.2	35.0
374.72	35.0
388.16	35.0
412.56	35.0
422.76	35.0
433.36	35.0
468.08	35.0
489.68	35.0
500.48	35.0
519.64	35.0
540.76	35.0
577.32	35.0
606.44	35.0
628.88	35.0
648.56	35.0
674.52	35.0
722.4	35.0
732.52	35.0
746.72	35.0
764.0	35.0
778.16	35.0
786.24	35.0
826.68	35.0
882.04	35.0
900.52	35.0
1053.44	35.0
334.76	36.0
488.16	36.0
302.48	36.0
467.76	36.0
748.08	36.0
