223.76	1.0
313.76	1.0
317.12	1.0
447.8	1.0
1288.28	1.0
1302.0	1.0
383.64	2.0
19.16	2.0
314.16	2.0
321.36	2.0
324.8	2.0
329.04	2.0
335.04	2.0
342.12	2.0
366.88	2.0
459.56	2.0
498.8	2.0
1221.32	2.0
1244.08	2.0
1248.08	2.0
1287.48	2.0
1332.8	2.0
1340.48	2.0
1347.28	2.0
1388.4	2.0
1403.12	2.0
77.08	3.0
223.28	3.0
312.84	3.0
315.4	3.0
321.52	3.0
324.44	3.0
329.64	3.0
335.8	3.0
342.28	3.0
348.24	3.0
351.96	3.0
393.2	3.0
1248.28	3.0
1280.68	3.0
1287.6	3.0
1340.64	3.0
1343.48	3.0
1396.48	3.0
1457.24	3.0
368.04	4.0
413.48	4.0
434.48	4.0
316.6	4.0
324.12	4.0
302.72	5.0
316.8	5.0
324.88	5.0
314.88	6.0
1282.08	6.0
1443.12	6.0
55.36	7.0
1344.76	7.0
1373.96	7.0
1240.52	8.0
1295.56	8.0
318.16	8.0
336.2	8.0
1258.96	8.0
1269.04	8.0
1317.68	8.0
1046.2	9.0
1248.64	9.0
334.8	10.0
309.0	10.0
311.76	10.0
314.6	10.0
324.84	10.0
1319.52	10.0
22.68	11.0
223.28	11.0
317.84	11.0
335.84	11.0
458.32	11.0
1312.44	11.0
1376.0	11.0
308.96	11.0
312.2	11.0
315.12	11.0
320.84	11.0
327.4	11.0
361.8	11.0
1285.28	11.0
1337.6	11.0
1379.84	11.0
1462.56	11.0
309.04	12.0
312.08	12.0
322.28	12.0
390.8	12.0
1306.16	12.0
1333.96	12.0
302.48	13.0
318.04	13.0
331.8	13.0
335.08	13.0
307.72	14.0
330.28	14.0
310.44	14.0
339.48	14.0
1292.64	14.0
318.4	15.0
155.28	16.0
307.8	17.0
367.64	17.0
314.2	18.0
318.76	18.0
342.52	19.0
226.68	20.0
333.44	20.0
315.8	21.0
115.52	21.0
175.52	21.0
306.16	21.0
312.08	21.0
319.56	21.0
328.12	21.0
335.08	21.0
346.76	21.0
367.2	21.0
374.32	21.0
1310.88	21.0
1335.88	21.0
1376.2	21.0
302.6	22.0
306.32	22.0
312.24	22.0
320.04	22.0
333.04	22.0
368.64	22.0
302.76	23.0
316.8	23.0
307.6	23.0
310.24	23.0
325.36	23.0
332.96	23.0
336.24	23.0
345.72	23.0
349.04	23.0
777.28	23.0
1315.28	23.0
1319.84	23.0
1337.4	23.0
20.12	24.0
310.44	24.0
318.92	24.0
328.2	24.0
339.0	24.0
358.32	24.0
1273.32	24.0
1337.96	24.0
328.44	25.0
302.44	25.0
3.36	26.0
16.28	26.0
28.56	26.0
69.84	26.0
82.0	26.0
90.4	26.0
110.32	26.0
154.64	26.0
182.2	26.0
189.56	26.0
202.08	26.0
217.12	26.0
237.36	26.0
240.08	26.0
302.6	26.0
310.56	26.0
313.24	26.0
321.76	26.0
324.8	26.0
328.6	26.0
332.68	26.0
335.88	26.0
348.04	26.0
358.28	26.0
364.08	26.0
372.8	26.0
383.52	26.0
394.64	26.0
397.16	26.0
408.12	26.0
435.24	26.0
471.0	26.0
492.84	26.0
502.76	26.0
529.96	26.0
564.4	26.0
621.6	26.0
646.88	26.0
1270.76	26.0
1309.64	26.0
1327.52	26.0
1402.48	26.0
1472.12	26.0
302.92	27.0
307.04	27.0
315.36	28.0
302.44	28.0
306.96	28.0
342.24	28.0
345.12	28.0
1203.96	28.0
1238.56	28.0
1248.28	28.0
344.92	29.0
316.76	30.0
52.92	30.0
309.68	30.0
334.52	30.0
409.92	30.0
451.88	30.0
1286.92	30.0
1290.0	30.0
1318.0	30.0
1380.4	30.0
311.88	31.0
331.2	31.0
1273.36	31.0
333.12	33.0
317.68	33.0
317.96	34.0
17.4	35.0
153.2	35.0
232.28	35.0
302.72	35.0
307.48	35.0
311.04	35.0
318.36	35.0
323.48	35.0
331.56	35.0
334.52	35.0
511.72	35.0
1272.96	35.0
1337.32	35.0
1384.56	35.0
302.44	36.0
332.72	36.0
