310.72	1.0
544.48	1.0
651.32	1.0
697.36	1.0
814.72	1.0
1240.48	1.0
444.12	2.0
534.32	2.0
313.6	2.0
322.28	2.0
328.52	2.0
340.4	2.0
344.2	2.0
356.44	2.0
376.56	2.0
399.04	2.0
408.56	2.0
412.8	2.0
418.96	2.0
431.8	2.0
462.72	2.0
466.44	2.0
490.68	2.0
493.6	2.0
510.68	2.0
513.44	2.0
561.32	2.0
573.76	2.0
577.72	2.0
603.96	2.0
615.04	2.0
626.44	2.0
654.88	2.0
657.76	2.0
677.88	2.0
694.96	2.0
697.72	2.0
709.84	2.0
713.8	2.0
833.6	2.0
874.32	2.0
954.04	2.0
1059.64	2.0
1077.6	2.0
1124.12	2.0
1138.12	2.0
1209.0	2.0
1215.04	2.0
1218.2	2.0
1295.28	2.0
1303.0	2.0
1415.48	2.0
1458.4	2.0
1476.4	2.0
315.72	3.0
339.48	3.0
651.6	3.0
310.56	3.0
328.04	3.0
352.24	3.0
356.4	3.0
360.76	3.0
371.92	3.0
377.64	3.0
389.08	3.0
395.08	3.0
418.76	3.0
425.08	3.0
460.68	3.0
487.64	3.0
503.0	3.0
530.6	3.0
543.68	3.0
577.04	3.0
638.88	3.0
680.64	3.0
713.6	3.0
760.52	3.0
840.2	3.0
896.88	3.0
926.08	3.0
990.4	3.0
1137.96	3.0
1156.08	3.0
1214.72	3.0
1252.96	3.0
1303.8	3.0
1362.4	3.0
1460.2	3.0
321.44	4.0
558.52	4.0
663.68	4.0
314.08	4.0
328.4	4.0
342.92	4.0
354.2	4.0
369.92	4.0
302.76	5.0
311.84	5.0
326.64	5.0
329.64	5.0
349.12	5.0
386.84	5.0
423.0	5.0
611.28	5.0
687.68	5.0
317.96	6.0
370.92	6.0
442.84	6.0
503.32	6.0
548.84	6.0
648.52	6.0
842.48	6.0
1161.56	6.0
1181.72	6.0
324.08	7.0
355.04	7.0
387.84	7.0
563.52	7.0
302.44	7.0
344.2	7.0
357.68	7.0
367.52	7.0
404.08	7.0
442.76	7.0
522.44	7.0
635.16	7.0
934.2	7.0
459.4	8.0
1046.52	8.0
303.0	8.0
314.6	8.0
321.68	8.0
324.76	8.0
333.2	8.0
339.96	8.0
350.6	8.0
388.0	8.0
464.36	8.0
545.8	8.0
735.56	8.0
1130.96	8.0
1158.64	8.0
1442.92	8.0
323.92	9.0
625.72	9.0
755.48	9.0
1056.76	9.0
1240.48	9.0
513.16	10.0
745.52	10.0
1223.64	10.0
1255.84	10.0
309.0	10.0
312.52	10.0
316.04	10.0
336.92	10.0
351.92	10.0
373.8	10.0
391.52	10.0
409.68	10.0
466.56	10.0
546.72	10.0
565.6	10.0
598.16	10.0
640.08	10.0
1112.2	10.0
1233.8	10.0
1404.04	10.0
487.64	11.0
530.64	11.0
572.2	11.0
592.52	11.0
801.24	11.0
954.6	11.0
1011.8	11.0
1119.36	11.0
309.0	11.0
312.6	11.0
315.44	11.0
325.76	11.0
328.32	11.0
336.52	11.0
339.72	11.0
343.4	11.0
346.4	11.0
353.48	11.0
364.72	11.0
376.2	11.0
379.52	11.0
384.92	11.0
406.08	11.0
417.4	11.0
444.04	11.0
459.48	11.0
465.32	11.0
480.32	11.0
525.6	11.0
575.44	11.0
617.96	11.0
653.76	11.0
669.2	11.0
693.72	11.0
710.16	11.0
713.08	11.0
896.2	11.0
900.28	11.0
904.16	11.0
1041.36	11.0
1056.0	11.0
1217.6	11.0
1291.16	11.0
1477.08	11.0
325.96	12.0
309.0	12.0
311.8	12.0
315.48	12.0
323.36	12.0
339.08	12.0
502.56	12.0
324.36	13.0
311.96	13.0
315.8	13.0
424.04	13.0
1383.64	13.0
317.96	14.0
370.88	14.0
312.32	14.0
321.68	14.0
324.52	14.0
333.28	14.0
342.8	14.0
487.0	14.0
1311.28	14.0
317.68	15.0
336.24	15.0
363.36	15.0
386.76	15.0
569.28	15.0
325.76	16.0
357.72	16.0
361.96	16.0
389.84	16.0
302.92	17.0
1141.72	17.0
316.04	18.0
1226.36	18.0
373.12	20.0
649.48	20.0
315.84	20.0
338.64	20.0
709.28	20.0
329.92	21.0
335.72	21.0
1064.6	21.0
309.88	21.0
315.8	21.0
322.64	21.0
325.72	21.0
341.04	21.0
359.04	21.0
370.36	21.0
385.0	21.0
395.48	21.0
404.52	21.0
430.0	21.0
465.2	21.0
486.24	21.0
493.8	21.0
532.96	21.0
548.88	21.0
592.08	21.0
610.48	21.0
651.68	21.0
673.8	21.0
712.68	21.0
739.08	21.0
767.48	21.0
846.44	21.0
902.92	21.0
949.56	21.0
1011.84	21.0
1089.12	21.0
1117.72	21.0
1157.68	21.0
1161.88	21.0
1291.76	21.0
1367.8	21.0
1423.52	21.0
309.12	22.0
312.92	22.0
326.44	22.0
338.32	22.0
347.12	22.0
359.44	22.0
370.76	22.0
388.4	22.0
690.76	22.0
1064.48	22.0
357.28	23.0
361.48	23.0
326.12	23.0
328.88	23.0
365.6	23.0
722.04	23.0
803.84	23.0
1076.88	23.0
1256.64	24.0
313.56	24.0
323.76	24.0
338.2	24.0
347.96	24.0
358.32	24.0
367.28	24.0
382.96	24.0
442.24	24.0
490.96	24.0
505.36	24.0
532.56	24.0
535.64	24.0
563.24	24.0
583.96	24.0
593.24	24.0
613.08	24.0
1212.64	24.0
1230.08	24.0
324.04	25.0
442.4	25.0
491.24	25.0
532.76	25.0
563.52	25.0
302.44	25.0
311.48	25.0
321.12	25.0
328.68	25.0
337.32	25.0
341.6	25.0
347.8	25.0
382.76	25.0
316.64	26.0
313.04	26.0
323.2	26.0
326.84	26.0
342.32	26.0
351.0	26.0
355.16	26.0
361.2	26.0
365.48	26.0
368.68	26.0
378.8	26.0
385.4	26.0
397.92	26.0
422.68	26.0
425.52	26.0
428.6	26.0
435.88	26.0
440.44	26.0
452.32	26.0
459.04	26.0
479.76	26.0
497.28	26.0
505.64	26.0
517.92	26.0
525.4	26.0
532.6	26.0
541.48	26.0
546.28	26.0
553.96	26.0
559.84	26.0
571.28	26.0
580.48	26.0
586.12	26.0
592.44	26.0
598.6	26.0
609.52	26.0
620.88	26.0
628.8	26.0
635.96	26.0
642.96	26.0
649.28	26.0
666.72	26.0
673.12	26.0
685.12	26.0
690.56	26.0
696.72	26.0
704.16	26.0
713.76	26.0
737.68	26.0
742.04	26.0
756.8	26.0
769.8	26.0
780.8	26.0
799.88	26.0
834.4	26.0
869.2	26.0
875.24	26.0
887.92	26.0
893.12	26.0
904.08	26.0
931.68	26.0
954.28	26.0
966.12	26.0
985.88	26.0
1023.56	26.0
1037.28	26.0
1077.52	26.0
1084.24	26.0
1092.68	26.0
1102.16	26.0
1109.64	26.0
1120.32	26.0
1151.4	26.0
1167.72	26.0
1174.52	26.0
1181.92	26.0
1234.16	26.0
1266.36	26.0
1286.68	26.0
1295.76	26.0
1325.72	26.0
1331.08	26.0
1360.4	26.0
1364.32	26.0
1377.56	26.0
1395.04	26.0
1442.96	26.0
1446.8	26.0
1473.0	26.0
328.36	27.0
351.4	27.0
356.4	27.0
412.44	27.0
618.2	27.0
711.76	27.0
879.8	27.0
908.72	27.0
960.76	27.0
1065.0	27.0
1132.2	27.0
1204.16	27.0
1291.56	27.0
311.28	28.0
405.4	28.0
302.44	28.0
317.96	28.0
324.96	28.0
336.44	28.0
339.0	28.0
344.2	28.0
361.4	28.0
368.28	28.0
425.32	28.0
577.6	28.0
711.08	28.0
849.2	28.0
986.0	28.0
1056.44	28.0
1095.76	28.0
1240.16	28.0
1283.2	28.0
1288.44	28.0
1365.92	28.0
309.28	29.0
313.96	29.0
328.72	29.0
344.68	29.0
422.52	29.0
503.28	29.0
625.2	29.0
886.24	29.0
27.56	30.0
58.88	30.0
130.04	30.0
309.52	30.0
314.32	30.0
353.04	30.0
368.04	30.0
373.8	30.0
386.68	30.0
463.68	30.0
480.68	30.0
518.84	30.0
588.12	30.0
613.36	30.0
644.44	30.0
671.2	30.0
691.0	30.0
740.92	30.0
814.36	30.0
870.04	30.0
1069.92	30.0
1191.16	30.0
1238.12	30.0
1406.48	30.0
1429.6	30.0
324.48	31.0
359.76	31.0
373.48	31.0
402.56	31.0
423.08	31.0
499.04	31.0
1242.08	31.0
314.32	32.0
347.44	32.0
310.6	33.0
1193.04	33.0
321.44	34.0
317.36	34.0
341.2	34.0
369.08	34.0
390.96	34.0
418.24	34.0
316.0	35.0
322.28	35.0
324.8	35.0
302.56	35.0
312.84	35.0
327.88	35.0
334.0	35.0
337.88	35.0
342.36	35.0
349.12	35.0
358.88	35.0
369.64	35.0
373.48	35.0
384.76	35.0
387.6	35.0
413.56	35.0
428.16	35.0
464.04	35.0
491.24	35.0
508.64	35.0
617.2	35.0
631.04	35.0
641.96	35.0
656.72	35.0
678.52	35.0
688.4	35.0
716.04	35.0
758.32	35.0
774.0	35.0
961.52	35.0
1008.96	35.0
1133.76	35.0
1218.28	35.0
1287.84	35.0
1349.48	35.0
1361.68	35.0
1445.92	35.0
1480.92	35.0
383.2	36.0
324.96	36.0
346.04	36.0
370.44	36.0
427.28	36.0
458.6	36.0
488.28	36.0
534.72	36.0
613.48	36.0
