306.2	1.0
539.76	1.0
731.6	1.0
205.44	2.0
18.68	2.0
39.52	2.0
58.92	2.0
114.24	2.0
184.32	2.0
217.16	2.0
264.04	2.0
274.0	2.0
312.0	2.0
314.52	2.0
318.64	2.0
321.16	2.0
329.2	2.0
333.4	2.0
343.12	2.0
361.96	2.0
383.76	2.0
403.76	2.0
409.16	2.0
419.16	2.0
470.56	2.0
507.68	2.0
531.96	2.0
540.2	2.0
559.56	2.0
589.92	2.0
592.44	2.0
630.16	2.0
669.12	2.0
707.28	2.0
730.96	2.0
759.72	2.0
796.12	2.0
809.8	2.0
837.68	2.0
840.6	2.0
846.24	2.0
894.56	2.0
908.12	2.0
937.04	2.0
943.04	2.0
958.24	2.0
970.68	2.0
1004.28	2.0
1008.68	2.0
1020.48	2.0
1064.52	2.0
1073.48	2.0
1108.64	2.0
1113.6	2.0
1118.2	2.0
1131.92	2.0
1170.44	2.0
1175.96	2.0
1206.24	2.0
1299.76	2.0
1332.04	2.0
1401.44	2.0
1404.08	2.0
310.68	3.0
333.68	3.0
343.4	3.0
1171.0	3.0
276.32	3.0
282.52	3.0
290.76	3.0
316.16	3.0
321.28	3.0
324.92	3.0
328.72	3.0
363.04	3.0
383.4	3.0
403.92	3.0
439.4	3.0
454.92	3.0
507.88	3.0
534.0	3.0
559.0	3.0
592.56	3.0
630.32	3.0
669.12	3.0
706.36	3.0
730.64	3.0
759.88	3.0
809.92	3.0
894.52	3.0
912.16	3.0
937.2	3.0
942.96	3.0
1113.36	3.0
1124.6	3.0
1176.08	3.0
1204.44	3.0
1263.56	3.0
1403.8	3.0
968.12	4.0
313.36	4.0
329.92	4.0
386.2	4.0
1143.6	4.0
326.16	5.0
841.08	5.0
176.88	5.0
313.16	5.0
329.04	5.0
329.88	6.0
383.24	6.0
589.2	6.0
982.64	6.0
1202.6	6.0
302.92	7.0
1047.44	7.0
306.36	7.0
341.24	7.0
891.92	8.0
273.32	8.0
289.56	8.0
302.6	8.0
323.76	8.0
329.0	8.0
338.04	8.0
400.28	8.0
459.32	8.0
506.56	8.0
531.16	8.0
628.24	8.0
665.96	8.0
805.84	8.0
861.96	8.0
1001.12	8.0
1079.4	8.0
1107.76	8.0
1166.16	8.0
1200.4	8.0
1369.6	8.0
1400.8	8.0
315.04	9.0
469.08	9.0
630.52	9.0
841.8	9.0
895.36	9.0
940.56	9.0
1170.76	9.0
228.36	10.0
965.16	10.0
1480.88	10.0
91.76	10.0
148.6	10.0
198.68	10.0
205.6	10.0
259.72	10.0
309.0	10.0
311.6	10.0
328.92	10.0
339.92	10.0
379.16	10.0
441.6	10.0
504.52	10.0
507.92	10.0
533.92	10.0
559.44	10.0
692.28	10.0
795.28	10.0
837.2	10.0
999.72	10.0
1065.44	10.0
1104.56	10.0
1170.08	10.0
1239.32	10.0
1319.72	10.0
1443.64	10.0
1447.2	10.0
114.92	11.0
152.8	11.0
506.68	11.0
600.2	11.0
737.4	11.0
846.76	11.0
940.72	11.0
1017.12	11.0
18.72	11.0
208.16	11.0
274.28	11.0
309.0	11.0
312.2	11.0
318.56	11.0
331.28	11.0
340.6	11.0
360.16	11.0
403.28	11.0
535.0	11.0
583.24	11.0
593.08	11.0
732.12	11.0
772.0	11.0
809.92	11.0
895.04	11.0
914.2	11.0
935.84	11.0
1002.92	11.0
1019.68	11.0
1031.52	11.0
1065.2	11.0
1108.76	11.0
1330.44	11.0
133.32	12.0
342.8	12.0
148.4	12.0
309.0	12.0
312.16	12.0
1061.6	12.0
315.0	13.0
309.24	13.0
342.92	13.0
1061.24	13.0
175.12	14.0
264.56	14.0
308.6	14.0
314.72	14.0
320.84	14.0
332.04	14.0
346.4	14.0
368.52	14.0
840.48	14.0
1045.32	14.0
1331.44	14.0
324.08	15.0
509.24	15.0
1276.6	15.0
306.28	16.0
356.08	16.0
793.6	16.0
12.0	17.0
16.32	19.0
274.12	19.0
333.08	19.0
339.72	19.0
401.12	19.0
531.32	19.0
666.4	19.0
807.64	19.0
892.48	19.0
1061.76	19.0
1110.76	19.0
1167.72	19.0
1401.0	19.0
316.12	20.0
323.32	20.0
329.28	20.0
512.88	20.0
345.08	21.0
980.88	21.0
983.4	21.0
113.64	21.0
196.12	21.0
214.04	21.0
272.4	21.0
311.6	21.0
317.32	21.0
354.32	21.0
387.44	21.0
401.36	21.0
434.56	21.0
437.96	21.0
466.28	21.0
507.52	21.0
574.0	21.0
739.16	21.0
770.52	21.0
840.84	21.0
854.0	21.0
910.68	21.0
942.8	21.0
1033.52	21.0
1110.76	21.0
1339.16	21.0
320.16	22.0
179.68	22.0
316.48	22.0
334.88	22.0
980.84	22.0
504.2	23.0
38.64	23.0
268.08	23.0
313.12	23.0
316.44	23.0
320.48	23.0
329.24	23.0
342.2	23.0
384.44	23.0
415.68	23.0
536.08	23.0
748.84	23.0
799.32	23.0
840.28	23.0
896.88	23.0
939.44	23.0
950.12	23.0
977.96	23.0
1009.36	23.0
1062.32	23.0
1183.04	23.0
322.32	24.0
62.28	24.0
263.6	24.0
311.8	24.0
317.72	24.0
331.52	24.0
340.4	24.0
354.64	24.0
480.24	24.0
501.16	24.0
660.64	24.0
837.72	24.0
930.84	24.0
972.56	24.0
1022.28	24.0
82.72	25.0
302.44	25.0
318.16	25.0
859.68	25.0
205.16	26.0
8.88	26.0
44.2	26.0
47.56	26.0
57.96	26.0
84.8	26.0
98.64	26.0
108.8	26.0
128.68	26.0
153.88	26.0
165.64	26.0
183.36	26.0
225.44	26.0
233.76	26.0
241.0	26.0
252.32	26.0
257.68	26.0
264.72	26.0
277.52	26.0
290.04	26.0
297.36	26.0
303.0	26.0
314.68	26.0
319.12	26.0
326.0	26.0
337.8	26.0
345.0	26.0
351.48	26.0
361.56	26.0
368.28	26.0
377.92	26.0
386.08	26.0
396.08	26.0
406.12	26.0
408.84	26.0
420.68	26.0
423.92	26.0
435.84	26.0
449.52	26.0
475.72	26.0
501.36	26.0
515.44	26.0
529.2	26.0
562.0	26.0
575.88	26.0
662.72	26.0
672.2	26.0
695.08	26.0
715.36	26.0
753.8	26.0
779.0	26.0
811.88	26.0
839.88	26.0
867.56	26.0
882.6	26.0
892.8	26.0
895.44	26.0
928.6	26.0
952.84	26.0
975.24	26.0
1024.08	26.0
1043.0	26.0
1049.52	26.0
1078.24	26.0
1117.76	26.0
1125.92	26.0
1154.68	26.0
1167.92	26.0
1178.12	26.0
1189.12	26.0
1229.8	26.0
1248.76	26.0
1290.08	26.0
1329.08	26.0
1349.56	26.0
1376.88	26.0
1411.44	26.0
1430.4	26.0
1466.6	26.0
91.28	27.0
306.8	27.0
370.36	27.0
385.52	27.0
307.84	28.0
325.2	28.0
19.84	28.0
110.8	28.0
276.48	28.0
302.44	28.0
310.84	28.0
314.68	28.0
329.04	28.0
335.44	28.0
406.08	28.0
468.72	28.0
509.8	28.0
533.68	28.0
589.44	28.0
630.2	28.0
696.04	28.0
758.44	28.0
795.16	28.0
841.48	28.0
859.92	28.0
940.24	28.0
1004.2	28.0
1009.6	28.0
1065.0	28.0
1089.0	28.0
1176.4	28.0
1337.92	28.0
1403.8	28.0
1462.8	28.0
322.0	29.0
324.64	29.0
589.24	29.0
1335.04	29.0
14.6	30.0
42.56	30.0
94.28	30.0
140.84	30.0
214.96	30.0
273.8	30.0
315.32	30.0
319.68	30.0
336.44	30.0
349.24	30.0
371.6	30.0
400.6	30.0
460.68	30.0
505.6	30.0
531.8	30.0
572.68	30.0
608.24	30.0
666.32	30.0
708.8	30.0
806.32	30.0
839.12	30.0
893.36	30.0
1000.88	30.0
1003.6	30.0
1041.4	30.0
1066.88	30.0
1110.32	30.0
1135.24	30.0
1183.16	30.0
1258.44	30.0
1368.56	30.0
1403.44	30.0
1445.52	30.0
328.64	31.0
302.72	31.0
323.76	31.0
983.04	33.0
317.0	33.0
322.08	33.0
341.24	33.0
886.68	33.0
1184.28	33.0
216.32	34.0
302.96	34.0
348.12	34.0
711.64	34.0
924.6	34.0
1100.04	34.0
38.32	35.0
50.2	35.0
66.68	35.0
70.76	35.0
144.56	35.0
302.96	35.0
306.2	35.0
315.0	35.0
321.2	35.0
328.28	35.0
344.4	35.0
355.04	35.0
397.72	35.0
437.16	35.0
507.96	35.0
536.08	35.0
604.6	35.0
697.72	35.0
882.68	35.0
885.24	35.0
925.16	35.0
980.36	35.0
1016.0	35.0
1029.32	35.0
1079.36	35.0
1097.76	35.0
1127.04	35.0
1168.8	35.0
1228.92	35.0
316.24	36.0
319.16	36.0
322.32	36.0
332.52	36.0
348.08	36.0
