1315.08	1.0
325.36	2.0
553.56	2.0
8.68	2.0
54.56	2.0
57.32	2.0
97.92	2.0
112.64	2.0
117.64	2.0
188.24	2.0
197.52	2.0
223.96	2.0
255.4	2.0
273.68	2.0
311.84	2.0
334.72	2.0
702.48	2.0
727.6	2.0
752.04	2.0
774.88	2.0
780.44	2.0
801.04	2.0
837.0	2.0
862.72	2.0
881.24	2.0
895.6	2.0
929.12	2.0
959.92	2.0
964.8	2.0
1008.88	2.0
1012.44	2.0
1015.36	2.0
1088.32	2.0
1096.2	2.0
1100.24	2.0
1221.08	2.0
1252.84	2.0
1259.96	2.0
1313.28	2.0
1346.44	2.0
1362.48	2.0
1368.12	2.0
1392.8	2.0
1456.0	2.0
311.6	3.0
45.84	3.0
57.52	3.0
117.36	3.0
227.0	3.0
273.44	3.0
315.2	3.0
325.92	3.0
350.04	3.0
727.68	3.0
780.6	3.0
801.2	3.0
837.12	3.0
864.48	3.0
880.72	3.0
928.88	3.0
964.56	3.0
1012.6	3.0
1094.16	3.0
1264.4	3.0
1295.12	3.0
1313.48	3.0
54.04	4.0
82.56	4.0
149.28	4.0
222.56	4.0
285.6	4.0
314.84	4.0
331.12	4.0
347.6	4.0
521.76	4.0
550.6	4.0
578.28	4.0
646.88	4.0
724.32	4.0
780.16	4.0
878.92	4.0
937.96	4.0
998.28	4.0
1173.36	4.0
1440.0	4.0
309.32	5.0
339.32	6.0
968.72	7.0
1295.64	7.0
1438.56	7.0
83.6	7.0
334.84	7.0
1260.96	7.0
3.04	8.0
110.64	8.0
124.2	8.0
145.28	8.0
306.32	8.0
320.32	8.0
342.52	8.0
409.36	8.0
797.72	8.0
862.08	8.0
933.2	8.0
1071.52	8.0
1204.4	8.0
1401.56	8.0
1451.92	8.0
865.72	9.0
997.4	9.0
1187.48	9.0
1293.88	9.0
1456.72	9.0
6.48	10.0
650.08	10.0
727.52	10.0
964.68	10.0
1175.52	10.0
31.56	10.0
91.76	10.0
141.48	10.0
192.0	10.0
249.36	10.0
297.2	10.0
308.96	10.0
311.88	10.0
326.08	10.0
479.68	10.0
522.76	10.0
585.52	10.0
629.44	10.0
660.36	10.0
696.72	10.0
749.44	10.0
835.6	10.0
918.64	10.0
987.0	10.0
1043.28	10.0
1193.6	10.0
1289.52	10.0
1336.08	10.0
1389.4	10.0
1417.24	10.0
1456.2	10.0
85.36	11.0
656.92	11.0
731.04	11.0
1094.16	11.0
1264.4	11.0
1406.28	11.0
1448.76	11.0
40.88	11.0
52.88	11.0
93.28	11.0
116.28	11.0
246.8	11.0
253.0	11.0
273.36	11.0
308.96	11.0
311.48	11.0
321.48	11.0
410.6	11.0
538.44	11.0
690.68	11.0
701.08	11.0
740.6	11.0
749.56	11.0
752.08	11.0
780.64	11.0
837.4	11.0
857.88	11.0
860.96	11.0
950.48	11.0
1010.4	11.0
1134.4	11.0
1138.12	11.0
1145.44	11.0
1173.96	11.0
1227.24	11.0
1269.76	11.0
1274.0	11.0
1374.44	11.0
1377.68	11.0
1426.28	11.0
1429.2	11.0
309.0	12.0
311.8	12.0
316.8	12.0
326.24	12.0
334.8	12.0
746.8	12.0
306.24	13.0
881.0	13.0
1125.44	13.0
1259.28	13.0
1366.88	13.0
306.24	14.0
314.0	14.0
322.36	14.0
326.4	14.0
648.72	14.0
856.68	14.0
877.32	14.0
922.48	14.0
1372.96	14.0
1260.92	15.0
307.08	16.0
693.72	16.0
316.2	18.0
302.44	18.0
328.6	18.0
270.72	19.0
323.68	19.0
862.04	19.0
926.16	19.0
1453.44	19.0
940.64	20.0
1465.0	21.0
3.92	21.0
10.92	21.0
86.52	21.0
146.12	21.0
152.0	21.0
238.2	21.0
269.6	21.0
313.0	21.0
330.72	21.0
338.88	21.0
364.12	21.0
377.44	21.0
397.8	21.0
440.0	21.0
479.48	21.0
732.32	21.0
767.28	21.0
879.6	21.0
964.76	21.0
1016.16	21.0
1137.52	21.0
1177.32	21.0
1201.72	21.0
1266.12	21.0
1296.16	21.0
1313.84	21.0
1337.36	21.0
1373.16	21.0
1399.88	21.0
1411.44	21.0
1439.32	21.0
1137.56	22.0
211.48	22.0
307.16	22.0
316.36	22.0
325.88	22.0
850.72	22.0
873.36	22.0
1036.32	22.0
1200.8	22.0
1367.88	22.0
1395.68	22.0
334.36	23.0
1404.64	23.0
24.2	23.0
51.48	23.0
128.68	23.0
146.6	23.0
203.0	23.0
218.4	23.0
311.12	23.0
318.2	23.0
322.36	23.0
519.36	23.0
547.6	23.0
575.84	23.0
590.44	23.0
644.52	23.0
708.16	23.0
721.92	23.0
782.12	23.0
812.76	23.0
857.16	23.0
876.2	23.0
926.92	23.0
933.44	23.0
995.96	23.0
1028.12	23.0
1097.92	23.0
1170.36	23.0
1253.56	23.0
1315.36	23.0
1381.24	23.0
1407.16	23.0
1438.52	23.0
189.6	24.0
302.92	24.0
310.56	24.0
325.72	24.0
425.52	24.0
822.8	24.0
851.76	24.0
879.0	24.0
1271.56	24.0
1324.68	24.0
108.32	25.0
302.44	25.0
1465.2	25.0
32.64	26.0
50.24	26.0
83.16	26.0
92.52	26.0
107.76	26.0
128.16	26.0
147.28	26.0
181.48	26.0
189.72	26.0
213.52	26.0
229.16	26.0
271.2	26.0
303.0	26.0
306.16	26.0
309.88	26.0
316.12	26.0
320.92	26.0
328.68	26.0
337.8	26.0
349.04	26.0
361.84	26.0
372.24	26.0
381.24	26.0
414.84	26.0
445.52	26.0
539.16	26.0
581.48	26.0
610.32	26.0
640.6	26.0
683.44	26.0
752.04	26.0
761.64	26.0
798.28	26.0
820.48	26.0
837.68	26.0
853.56	26.0
859.12	26.0
881.48	26.0
907.44	26.0
946.88	26.0
991.72	26.0
1015.04	26.0
1027.8	26.0
1059.96	26.0
1087.52	26.0
1098.6	26.0
1105.12	26.0
1117.68	26.0
1128.84	26.0
1157.68	26.0
1178.16	26.0
1204.2	26.0
1223.92	26.0
1240.44	26.0
1249.36	26.0
1293.48	26.0
1314.04	26.0
1345.0	26.0
1360.72	26.0
1371.92	26.0
1414.72	26.0
1436.92	26.0
1446.52	26.0
1463.08	26.0
1471.24	26.0
303.0	27.0
350.64	27.0
882.4	27.0
308.84	28.0
62.64	28.0
274.36	28.0
302.44	28.0
306.08	28.0
312.8	28.0
328.12	28.0
334.24	28.0
732.28	28.0
802.08	28.0
837.64	28.0
865.36	28.0
1293.48	28.0
1312.84	28.0
1384.48	28.0
1456.36	28.0
58.84	29.0
307.2	29.0
312.68	29.0
319.32	29.0
727.52	29.0
960.76	29.0
1380.4	29.0
1412.92	29.0
125.32	30.0
144.12	30.0
319.56	30.0
331.56	30.0
340.88	30.0
357.28	30.0
436.24	30.0
760.68	30.0
798.28	30.0
863.6	30.0
1065.28	30.0
1207.2	30.0
1253.44	30.0
1415.48	30.0
1452.0	30.0
24.04	31.0
302.84	31.0
307.52	31.0
318.52	31.0
330.28	31.0
876.84	33.0
302.8	33.0
59.4	34.0
91.2	34.0
213.12	34.0
330.32	34.0
676.68	34.0
778.32	34.0
870.4	34.0
971.8	34.0
1024.76	34.0
1170.4	34.0
1229.84	34.0
1378.68	34.0
1405.2	34.0
1463.36	34.0
7.92	35.0
41.72	35.0
53.32	35.0
86.84	35.0
94.72	35.0
129.76	35.0
135.76	35.0
140.24	35.0
216.04	35.0
245.0	35.0
266.28	35.0
303.0	35.0
306.52	35.0
313.4	35.0
317.56	35.0
325.84	35.0
342.24	35.0
372.08	35.0
515.96	35.0
555.12	35.0
585.24	35.0
589.96	35.0
627.28	35.0
657.0	35.0
695.4	35.0
698.96	35.0
752.88	35.0
766.68	35.0
792.28	35.0
799.92	35.0
818.4	35.0
882.12	35.0
885.92	35.0
920.6	35.0
962.44	35.0
965.36	35.0
986.36	35.0
1026.2	35.0
1088.16	35.0
1138.32	35.0
1203.84	35.0
1234.52	35.0
1252.24	35.0
1265.04	35.0
1276.84	35.0
1312.56	35.0
1323.6	35.0
1344.8	35.0
1362.72	35.0
1400.32	35.0
1411.32	35.0
1417.8	35.0
1420.56	35.0
1467.08	35.0
1474.24	35.0
