101.04	1.0
451.64	1.0
1157.36	1.0
1288.12	1.0
92.12	2.0
18.28	2.0
29.64	2.0
53.8	2.0
70.08	2.0
104.84	2.0
141.32	2.0
183.48	2.0
204.4	2.0
233.28	2.0
239.96	2.0
244.48	2.0
279.04	2.0
313.4	2.0
316.08	2.0
321.44	2.0
507.16	2.0
555.44	2.0
565.52	2.0
611.04	2.0
631.16	2.0
669.0	2.0
671.64	2.0
737.08	2.0
742.64	2.0
767.52	2.0
791.56	2.0
804.76	2.0
830.84	2.0
865.4	2.0
870.44	2.0
904.96	2.0
976.04	2.0
1023.64	2.0
1026.72	2.0
1056.12	2.0
1124.12	2.0
1143.28	2.0
1146.92	2.0
1157.76	2.0
1170.16	2.0
1177.6	2.0
1219.16	2.0
1221.96	2.0
1237.88	2.0
1288.6	2.0
1293.44	2.0
1318.12	2.0
241.0	3.0
69.76	3.0
104.96	3.0
155.6	3.0
244.16	3.0
278.04	3.0
293.4	3.0
312.44	3.0
321.64	3.0
328.2	3.0
363.52	3.0
424.96	3.0
506.96	3.0
553.28	3.0
611.2	3.0
631.36	3.0
671.52	3.0
746.28	3.0
791.28	3.0
840.64	3.0
905.16	3.0
923.4	3.0
1026.92	3.0
1124.28	3.0
1144.08	3.0
1170.36	3.0
1221.68	3.0
1297.76	3.0
1318.32	3.0
1368.2	3.0
45.72	4.0
70.92	4.0
128.08	4.0
155.28	4.0
178.16	4.0
193.52	4.0
214.0	4.0
225.88	4.0
245.48	4.0
254.08	4.0
315.56	4.0
329.48	4.0
337.44	4.0
349.68	4.0
363.16	4.0
426.12	4.0
434.36	4.0
521.08	4.0
555.24	4.0
581.72	4.0
671.28	4.0
693.56	4.0
807.64	4.0
881.4	4.0
901.76	4.0
911.88	4.0
928.24	4.0
952.04	4.0
978.68	4.0
1022.96	4.0
1029.24	4.0
1068.04	4.0
1158.0	4.0
1180.08	4.0
1197.8	4.0
1259.24	4.0
1274.92	4.0
1297.48	4.0
1330.0	4.0
1358.96	4.0
846.88	5.0
777.64	6.0
120.88	6.0
426.4	6.0
306.6	7.0
345.92	7.0
734.08	7.0
1318.36	7.0
37.44	8.0
170.96	8.0
178.32	8.0
303.0	8.0
331.64	8.0
350.16	8.0
505.32	8.0
594.2	8.0
669.08	8.0
788.44	8.0
807.24	8.0
900.0	8.0
981.92	8.0
1077.12	8.0
1240.8	8.0
108.6	9.0
403.44	9.0
490.56	9.0
721.2	9.0
870.2	9.0
1009.48	9.0
1193.32	9.0
1238.08	9.0
1325.52	9.0
321.32	10.0
634.8	10.0
138.72	10.0
234.84	10.0
309.0	10.0
311.68	10.0
426.12	10.0
556.16	10.0
665.8	10.0
695.8	10.0
775.76	10.0
1013.24	10.0
1121.88	10.0
1316.4	10.0
111.16	11.0
746.28	11.0
840.68	11.0
1086.92	11.0
10.72	11.0
53.84	11.0
65.0	11.0
101.0	11.0
103.68	11.0
116.8	11.0
134.04	11.0
155.96	11.0
182.56	11.0
232.4	11.0
263.08	11.0
284.2	11.0
309.0	11.0
311.8	11.0
346.84	11.0
394.64	11.0
528.72	11.0
551.12	11.0
604.84	11.0
692.32	11.0
695.28	11.0
730.68	11.0
788.16	11.0
816.04	11.0
949.36	11.0
953.04	11.0
1027.52	11.0
1052.44	11.0
1144.48	11.0
1167.04	11.0
1218.52	11.0
1238.08	11.0
182.08	12.0
308.96	12.0
311.76	12.0
466.04	12.0
1318.32	12.0
116.68	13.0
137.76	13.0
302.6	13.0
318.48	13.0
322.84	13.0
616.0	13.0
224.96	14.0
848.48	14.0
1069.24	14.0
302.96	15.0
18.4	15.0
385.64	15.0
531.2	15.0
664.88	15.0
1065.2	15.0
1143.76	15.0
28.2	16.0
111.32	16.0
244.0	16.0
1003.4	16.0
1231.8	16.0
900.44	17.0
302.84	17.0
86.92	20.0
119.76	21.0
236.48	21.0
313.2	21.0
321.16	21.0
332.12	21.0
345.04	21.0
357.16	21.0
379.88	21.0
466.4	21.0
688.32	21.0
887.76	21.0
1028.36	21.0
1276.08	21.0
302.72	22.0
52.2	22.0
201.68	22.0
312.8	22.0
668.12	22.0
1261.2	22.0
172.68	23.0
306.32	23.0
23.72	23.0
38.6	23.0
95.8	23.0
106.76	23.0
130.92	23.0
139.88	23.0
180.6	23.0
187.8	23.0
197.28	23.0
211.64	23.0
254.96	23.0
283.56	23.0
317.32	23.0
357.28	23.0
374.68	23.0
505.68	23.0
522.32	23.0
596.08	23.0
667.92	23.0
714.84	23.0
725.92	23.0
788.72	23.0
834.6	23.0
866.12	23.0
901.12	23.0
937.4	23.0
958.4	23.0
974.2	23.0
1029.96	23.0
1077.96	23.0
1119.68	23.0
1177.2	23.0
1229.56	23.0
1240.92	23.0
1291.48	23.0
1335.0	23.0
1361.12	23.0
279.2	24.0
303.0	24.0
310.84	24.0
313.48	24.0
329.16	24.0
339.08	24.0
341.64	24.0
185.68	25.0
302.48	25.0
302.72	26.0
20.24	26.0
54.36	26.0
127.52	26.0
145.32	26.0
180.08	26.0
193.08	26.0
224.28	26.0
282.12	26.0
311.68	26.0
317.12	26.0
321.12	26.0
330.16	26.0
348.12	26.0
363.12	26.0
400.16	26.0
418.6	26.0
461.96	26.0
532.56	26.0
561.36	26.0
591.0	26.0
653.96	26.0
667.48	26.0
688.28	26.0
859.92	26.0
914.0	26.0
940.4	26.0
988.08	26.0
1027.48	26.0
1031.96	26.0
1104.64	26.0
1184.56	26.0
1293.8	26.0
1307.12	26.0
1321.16	26.0
27.72	27.0
250.4	27.0
533.48	27.0
849.44	27.0
133.56	28.0
90.88	28.0
108.16	28.0
169.76	28.0
205.08	28.0
278.44	28.0
302.44	28.0
308.0	28.0
316.24	28.0
326.16	28.0
334.72	28.0
403.0	28.0
447.88	28.0
505.8	28.0
590.92	28.0
670.2	28.0
696.68	28.0
720.8	28.0
869.8	28.0
903.12	28.0
923.24	28.0
1009.04	28.0
1035.12	28.0
1055.6	28.0
1063.08	28.0
1118.64	28.0
1129.6	28.0
1170.24	28.0
1192.88	28.0
1237.6	28.0
1288.88	28.0
302.72	29.0
219.28	30.0
320.92	30.0
342.36	30.0
400.16	30.0
855.04	30.0
1080.44	30.0
1361.28	30.0
264.36	31.0
303.0	31.0
308.4	31.0
321.12	31.0
353.04	31.0
316.96	33.0
976.96	33.0
53.28	34.0
57.0	34.0
200.56	34.0
446.08	34.0
561.76	34.0
750.6	34.0
759.84	34.0
1222.4	34.0
1273.52	34.0
33.68	35.0
43.04	35.0
81.4	35.0
85.16	35.0
130.8	35.0
145.84	35.0
171.52	35.0
179.92	35.0
195.12	35.0
235.28	35.0
249.88	35.0
255.24	35.0
287.68	35.0
303.0	35.0
306.52	35.0
316.0	35.0
323.2	35.0
339.84	35.0
359.04	35.0
367.6	35.0
407.28	35.0
446.8	35.0
468.52	35.0
485.64	35.0
505.28	35.0
520.16	35.0
553.56	35.0
562.32	35.0
612.68	35.0
666.92	35.0
712.68	35.0
722.16	35.0
788.64	35.0
828.0	35.0
833.04	35.0
866.2	35.0
870.28	35.0
895.0	35.0
901.76	35.0
921.24	35.0
936.84	35.0
958.0	35.0
1011.44	35.0
1030.8	35.0
1078.6	35.0
1117.92	35.0
1144.08	35.0
1151.64	35.0
1177.16	35.0
1183.76	35.0
1225.64	35.0
1230.36	35.0
1242.44	35.0
1289.64	35.0
1359.4	35.0
1362.88	35.0
302.88	36.0
320.92	36.0
592.16	36.0
