52.12	1.0
1014.64	1.0
835.08	2.0
1012.44	2.0
31.08	2.0
52.52	2.0
57.88	2.0
102.4	2.0
143.64	2.0
226.76	2.0
256.52	2.0
280.84	2.0
292.68	2.0
314.04	2.0
321.36	2.0
327.08	2.0
336.8	2.0
343.64	2.0
495.52	2.0
554.44	2.0
570.08	2.0
607.2	2.0
661.52	2.0
691.72	2.0
718.68	2.0
721.8	2.0
757.24	2.0
763.52	2.0
785.12	2.0
858.56	2.0
876.52	2.0
880.64	2.0
915.6	2.0
936.44	2.0
991.36	2.0
1046.24	2.0
1093.32	2.0
1096.08	2.0
1117.52	2.0
1120.24	2.0
1134.6	2.0
1160.32	2.0
1186.16	2.0
1209.2	2.0
1211.96	2.0
1232.8	2.0
1261.36	2.0
1265.92	2.0
1288.64	2.0
1320.88	2.0
1341.28	2.0
916.4	3.0
60.0	3.0
102.6	3.0
195.04	3.0
292.84	3.0
311.72	3.0
342.4	3.0
346.68	3.0
356.16	3.0
383.84	3.0
405.12	3.0
784.84	3.0
789.48	3.0
839.64	3.0
844.0	3.0
858.76	3.0
878.68	3.0
882.52	3.0
897.52	3.0
941.96	3.0
980.32	3.0
991.56	3.0
1008.84	3.0
1029.72	3.0
1120.4	3.0
1147.64	3.0
1167.6	3.0
1186.32	3.0
1209.52	3.0
1212.08	3.0
1235.44	3.0
1266.04	3.0
1295.8	3.0
1317.8	3.0
25.84	4.0
72.44	4.0
194.76	4.0
242.16	4.0
315.32	4.0
325.72	4.0
343.76	4.0
357.6	4.0
384.64	4.0
404.36	4.0
435.32	4.0
465.84	4.0
762.44	4.0
784.4	4.0
822.28	4.0
858.48	4.0
881.92	4.0
899.56	4.0
916.4	4.0
944.2	4.0
960.16	4.0
982.84	4.0
994.8	4.0
1015.68	4.0
1032.2	4.0
1046.56	4.0
1076.84	4.0
1117.84	4.0
1135.48	4.0
1149.68	4.0
1167.28	4.0
1195.76	4.0
1209.08	4.0
1214.36	4.0
1235.16	4.0
1243.56	4.0
1271.16	4.0
1279.96	4.0
1301.36	4.0
1319.48	4.0
1340.16	4.0
1351.76	4.0
1366.56	4.0
327.88	5.0
1319.16	5.0
800.36	6.0
239.88	6.0
388.56	6.0
889.64	6.0
941.88	6.0
1156.04	6.0
1292.48	6.0
1367.16	6.0
249.6	7.0
306.48	7.0
859.44	7.0
22.32	8.0
228.2	8.0
244.24	8.0
303.0	8.0
315.84	8.0
327.2	8.0
331.08	8.0
360.96	8.0
464.6	8.0
549.12	8.0
758.68	8.0
783.6	8.0
842.32	8.0
882.68	8.0
984.04	8.0
1032.24	8.0
1118.72	8.0
1137.32	8.0
1201.68	8.0
1302.6	8.0
110.6	9.0
561.52	9.0
835.4	9.0
996.4	10.0
99.52	10.0
134.24	10.0
218.44	10.0
308.96	10.0
312.16	10.0
343.16	10.0
367.08	10.0
371.88	10.0
432.48	10.0
464.24	10.0
520.76	10.0
615.8	10.0
691.6	10.0
949.64	10.0
1087.96	10.0
1179.92	10.0
1230.2	10.0
1265.36	10.0
1321.92	10.0
85.84	11.0
784.92	11.0
922.36	11.0
1107.56	11.0
1152.28	11.0
26.52	11.0
48.4	11.0
57.92	11.0
102.4	11.0
139.28	11.0
225.84	11.0
245.52	11.0
308.96	11.0
311.92	11.0
344.12	11.0
492.6	11.0
495.96	11.0
717.24	11.0
724.4	11.0
772.04	11.0
805.6	11.0
855.28	11.0
882.56	11.0
930.4	11.0
952.52	11.0
1095.72	11.0
1116.28	11.0
1209.88	11.0
1292.96	11.0
1318.68	11.0
287.0	12.0
308.96	12.0
311.68	12.0
387.04	12.0
1013.04	12.0
1016.32	12.0
302.6	13.0
344.56	13.0
838.24	13.0
1229.6	13.0
1289.72	13.0
319.92	14.0
882.96	14.0
1012.04	14.0
1183.64	14.0
1286.0	14.0
229.56	15.0
824.12	15.0
931.96	15.0
1053.0	15.0
1110.64	15.0
1192.12	15.0
1271.96	15.0
87.6	16.0
306.16	16.0
891.36	16.0
1022.2	16.0
1161.32	16.0
302.8	17.0
308.8	17.0
126.96	21.0
146.52	21.0
160.96	21.0
314.72	21.0
345.16	21.0
358.48	21.0
409.68	21.0
872.8	21.0
943.48	21.0
1084.92	21.0
1236.48	21.0
1324.76	21.0
302.64	22.0
306.64	22.0
81.04	22.0
235.24	22.0
312.32	22.0
325.84	22.0
409.64	22.0
911.8	22.0
1033.76	22.0
1150.16	22.0
1234.16	22.0
1288.0	22.0
1302.8	22.0
306.72	23.0
767.8	23.0
808.48	23.0
958.8	23.0
993.2	23.0
1055.92	23.0
23.48	23.0
29.56	23.0
87.28	23.0
94.04	23.0
110.92	23.0
196.28	23.0
221.2	23.0
229.28	23.0
290.8	23.0
302.44	23.0
311.44	23.0
314.48	23.0
325.12	23.0
331.0	23.0
403.92	23.0
552.68	23.0
719.08	23.0
759.32	23.0
764.04	23.0
803.32	23.0
839.08	23.0
881.84	23.0
964.36	23.0
1033.16	23.0
1137.76	23.0
1201.96	23.0
1227.4	23.0
1299.32	23.0
43.16	24.0
311.64	24.0
322.92	24.0
351.8	24.0
466.92	24.0
1266.24	24.0
75.84	25.0
302.44	25.0
1151.84	25.0
1195.84	25.0
1318.68	25.0
410.92	26.0
1286.4	26.0
45.28	26.0
113.52	26.0
122.2	26.0
162.32	26.0
186.84	26.0
283.56	26.0
312.16	26.0
319.24	26.0
325.28	26.0
328.48	26.0
351.8	26.0
377.64	26.0
407.16	26.0
428.08	26.0
469.56	26.0
522.0	26.0
720.88	26.0
784.76	26.0
808.4	26.0
831.52	26.0
850.24	26.0
870.32	26.0
898.16	26.0
906.72	26.0
926.12	26.0
933.36	26.0
961.56	26.0
973.92	26.0
992.56	26.0
1008.08	26.0
1058.36	26.0
1064.52	26.0
1076.28	26.0
1116.84	26.0
1155.32	26.0
1198.64	26.0
1206.28	26.0
1215.16	26.0
1242.8	26.0
1266.88	26.0
1282.4	26.0
1322.4	26.0
306.16	27.0
554.52	27.0
1033.92	27.0
1136.96	27.0
110.16	28.0
164.24	28.0
243.84	28.0
284.84	28.0
302.44	28.0
307.84	28.0
315.88	28.0
328.48	28.0
531.44	28.0
661.84	28.0
841.76	28.0
988.64	28.0
1098.44	28.0
1117.4	28.0
1189.28	28.0
1213.32	28.0
1243.2	28.0
1270.6	28.0
1283.28	28.0
1324.24	28.0
1340.92	28.0
1012.44	29.0
1200.44	29.0
1176.72	30.0
313.56	30.0
324.96	30.0
342.64	30.0
361.28	30.0
434.64	30.0
784.72	30.0
836.92	30.0
852.56	30.0
882.92	30.0
941.96	30.0
1100.8	30.0
1204.16	30.0
1285.92	30.0
316.24	31.0
322.2	31.0
342.84	31.0
362.04	31.0
22.08	35.0
65.84	35.0
85.28	35.0
153.12	35.0
169.96	35.0
196.64	35.0
218.96	35.0
228.84	35.0
254.2	35.0
286.72	35.0
289.8	35.0
302.96	35.0
306.36	35.0
313.56	35.0
319.24	35.0
345.92	35.0
351.2	35.0
368.16	35.0
421.88	35.0
427.96	35.0
435.76	35.0
551.88	35.0
567.28	35.0
753.4	35.0
758.52	35.0
775.64	35.0
785.56	35.0
800.16	35.0
806.12	35.0
868.16	35.0
883.6	35.0
923.16	35.0
972.84	35.0
992.44	35.0
1007.4	35.0
1012.88	35.0
1060.2	35.0
1091.24	35.0
1124.28	35.0
1137.52	35.0
1150.24	35.0
1160.68	35.0
1181.12	35.0
1184.64	35.0
1201.68	35.0
1239.12	35.0
1243.48	35.0
1270.96	35.0
1279.68	35.0
1284.92	35.0
1318.52	35.0
1330.36	35.0
1360.08	35.0
45.52	36.0
95.56	36.0
166.32	36.0
324.36	36.0
347.2	36.0
464.44	36.0
543.84	36.0
835.68	36.0
878.6	36.0
1007.08	36.0
1020.88	36.0
1059.72	36.0
1083.08	36.0
1108.12	36.0
1135.2	36.0
1193.12	36.0
1217.16	36.0
1243.92	36.0
1320.4	36.0
1352.2	36.0
