153.8	1.0
621.36	1.0
737.24	1.0
190.2	2.0
809.32	2.0
37.0	2.0
54.44	2.0
64.84	2.0
67.92	2.0
80.88	2.0
116.8	2.0
129.8	2.0
147.36	2.0
154.04	2.0
158.6	2.0
212.2	2.0
215.48	2.0
243.52	2.0
248.6	2.0
270.24	2.0
311.48	2.0
316.44	2.0
354.04	2.0
389.72	2.0
421.4	2.0
448.08	2.0
488.8	2.0
529.8	2.0
535.76	2.0
573.6	2.0
586.64	2.0
622.68	2.0
696.48	2.0
712.76	2.0
769.36	2.0
836.2	2.0
840.04	2.0
873.92	2.0
925.2	2.0
976.28	2.0
1052.32	2.0
1056.36	2.0
1065.6	2.0
1107.76	2.0
1124.84	2.0
1127.76	2.0
1140.28	2.0
1161.12	2.0
1180.84	2.0
1234.52	2.0
1262.08	2.0
1315.72	2.0
1344.28	2.0
1347.92	2.0
713.36	3.0
39.32	3.0
158.32	3.0
215.68	3.0
248.8	3.0
314.08	3.0
330.92	3.0
342.24	3.0
361.04	3.0
488.56	3.0
624.8	3.0
671.44	3.0
809.76	3.0
976.44	3.0
1107.96	3.0
1127.96	3.0
1315.48	3.0
317.24	4.0
68.76	5.0
110.92	6.0
274.6	6.0
311.56	6.0
804.32	6.0
963.2	6.0
1233.56	6.0
93.28	7.0
135.16	7.0
250.04	7.0
665.0	7.0
1060.92	7.0
120.64	8.0
205.28	8.0
323.36	8.0
527.52	8.0
640.84	8.0
709.56	8.0
782.88	8.0
904.92	8.0
952.96	8.0
1022.36	8.0
1077.76	8.0
1206.28	8.0
129.36	9.0
646.0	9.0
671.48	9.0
1314.0	9.0
370.2	10.0
490.04	10.0
876.96	10.0
1257.68	10.0
147.08	10.0
249.4	10.0
308.96	10.0
311.48	10.0
389.52	10.0
592.56	10.0
805.88	10.0
961.08	10.0
1048.72	10.0
1261.24	10.0
1332.84	10.0
1344.32	10.0
628.24	11.0
845.24	11.0
118.36	11.0
180.12	11.0
192.08	11.0
214.72	11.0
287.08	11.0
308.96	11.0
311.6	11.0
334.48	11.0
354.08	11.0
448.24	11.0
551.12	11.0
625.16	11.0
804.4	11.0
877.2	11.0
1006.44	11.0
1143.2	11.0
308.96	12.0
311.76	12.0
317.32	12.0
249.04	13.0
317.84	13.0
586.12	14.0
364.72	14.0
369.4	14.0
1133.12	14.0
1184.16	14.0
150.68	15.0
615.0	15.0
665.04	15.0
989.64	16.0
323.44	18.0
1333.56	18.0
302.48	18.0
1230.36	18.0
641.84	19.0
1314.16	19.0
96.24	20.0
143.4	20.0
252.12	20.0
371.48	20.0
463.16	20.0
1145.24	20.0
303.0	21.0
4.28	21.0
12.8	21.0
17.72	21.0
28.04	21.0
43.72	21.0
66.56	21.0
92.72	21.0
104.0	21.0
124.2	21.0
159.8	21.0
181.28	21.0
198.48	21.0
206.28	21.0
214.16	21.0
232.2	21.0
274.48	21.0
295.64	21.0
324.16	21.0
330.2	21.0
337.36	21.0
362.4	21.0
387.16	21.0
411.48	21.0
464.56	21.0
490.08	21.0
511.92	21.0
549.08	21.0
587.96	21.0
633.88	21.0
646.12	21.0
665.36	21.0
712.28	21.0
736.44	21.0
757.44	21.0
777.48	21.0
802.48	21.0
831.04	21.0
863.4	21.0
878.56	21.0
925.52	21.0
975.8	21.0
983.04	21.0
1017.8	21.0
1033.8	21.0
1044.12	21.0
1063.08	21.0
1084.16	21.0
1109.52	21.0
1128.28	21.0
1131.16	21.0
1155.8	21.0
1188.28	21.0
1200.6	21.0
1258.68	21.0
1262.76	21.0
1288.8	21.0
1303.68	21.0
1318.6	21.0
1332.24	21.0
1352.0	21.0
59.48	22.0
160.68	22.0
230.6	22.0
293.28	22.0
315.28	22.0
323.32	22.0
342.48	22.0
84.92	23.0
366.92	23.0
28.2	23.0
40.32	23.0
149.88	23.0
247.2	23.0
276.0	23.0
290.84	23.0
311.36	23.0
317.8	23.0
322.92	23.0
334.4	23.0
465.68	23.0
632.64	23.0
650.2	23.0
800.96	23.0
969.08	23.0
985.2	23.0
1006.2	23.0
1092.84	23.0
1135.0	23.0
1207.68	23.0
40.64	24.0
148.32	24.0
245.64	24.0
294.16	24.0
322.56	24.0
343.72	24.0
367.28	24.0
465.56	24.0
517.64	24.0
558.4	24.0
584.84	24.0
615.24	24.0
891.52	24.0
979.4	24.0
1110.8	24.0
1283.16	24.0
952.36	25.0
979.68	25.0
1286.44	25.0
536.16	25.0
336.2	26.0
9.04	26.0
21.08	26.0
30.48	26.0
54.88	26.0
75.8	26.0
86.72	26.0
89.64	26.0
98.52	26.0
114.08	26.0
131.4	26.0
153.28	26.0
189.48	26.0
205.92	26.0
209.12	26.0
221.48	26.0
235.92	26.0
246.64	26.0
270.0	26.0
273.0	26.0
283.16	26.0
292.04	26.0
302.44	26.0
312.4	26.0
327.0	26.0
347.68	26.0
360.84	26.0
380.2	26.0
389.96	26.0
408.2	26.0
424.68	26.0
434.48	26.0
438.56	26.0
449.44	26.0
463.72	26.0
473.76	26.0
484.88	26.0
498.92	26.0
502.6	26.0
517.08	26.0
530.24	26.0
538.6	26.0
550.88	26.0
585.32	26.0
597.36	26.0
613.8	26.0
621.76	26.0
634.24	26.0
657.04	26.0
664.64	26.0
676.68	26.0
690.92	26.0
702.8	26.0
727.52	26.0
742.96	26.0
767.8	26.0
779.04	26.0
783.68	26.0
798.76	26.0
817.2	26.0
843.16	26.0
878.12	26.0
894.04	26.0
900.76	26.0
912.28	26.0
924.92	26.0
941.72	26.0
948.56	26.0
972.44	26.0
988.24	26.0
998.28	26.0
1011.96	26.0
1038.4	26.0
1055.2	26.0
1060.88	26.0
1076.96	26.0
1098.88	26.0
1132.12	26.0
1147.4	26.0
1150.36	26.0
1171.36	26.0
1177.36	26.0
1204.28	26.0
1234.8	26.0
1273.96	26.0
1325.96	26.0
1353.76	26.0
38.24	27.0
61.04	27.0
192.96	27.0
432.76	27.0
742.6	27.0
1067.96	27.0
1212.04	27.0
37.84	28.0
129.04	28.0
302.44	28.0
307.52	28.0
323.92	28.0
336.8	28.0
355.36	28.0
359.48	28.0
404.2	28.0
487.6	28.0
624.48	28.0
645.68	28.0
671.12	28.0
1063.52	28.0
1182.68	28.0
1313.64	28.0
302.72	29.0
308.68	29.0
43.6	30.0
119.8	30.0
139.0	30.0
212.48	30.0
278.28	30.0
293.8	30.0
326.96	30.0
364.72	30.0
383.32	30.0
387.56	30.0
438.12	30.0
509.56	30.0
624.64	30.0
641.32	30.0
709.56	30.0
717.88	30.0
876.92	30.0
891.48	30.0
972.24	30.0
985.96	30.0
1040.56	30.0
1086.88	30.0
1112.2	30.0
1138.28	30.0
1185.88	30.0
1206.56	30.0
1290.32	30.0
385.88	31.0
51.72	31.0
203.36	31.0
306.04	31.0
1112.76	31.0
194.36	33.0
75.0	34.0
302.56	35.0
29.28	35.0
40.52	35.0
74.16	35.0
99.08	35.0
114.12	35.0
124.88	35.0
177.68	35.0
202.88	35.0
233.6	35.0
270.92	35.0
323.72	35.0
338.72	35.0
357.72	35.0
433.36	35.0
485.04	35.0
495.48	35.0
547.48	35.0
589.8	35.0
613.84	35.0
626.88	35.0
663.6	35.0
704.12	35.0
736.28	35.0
766.28	35.0
848.16	35.0
892.72	35.0
930.8	35.0
946.28	35.0
974.88	35.0
1021.88	35.0
1043.0	35.0
1075.6	35.0
1135.16	35.0
1183.4	35.0
1200.52	35.0
1209.44	35.0
1275.76	35.0
1324.8	35.0
83.4	36.0
319.56	36.0
341.96	36.0
538.64	36.0
661.0	36.0
1110.16	36.0
