1221.8	1.0
78.68	1.0
1280.6	1.0
69.4	2.0
320.8	2.0
77.8	2.0
106.8	2.0
109.56	2.0
117.44	2.0
121.08	2.0
138.44	2.0
147.52	2.0
182.92	2.0
194.8	2.0
209.44	2.0
234.16	2.0
263.68	2.0
268.0	2.0
279.6	2.0
327.6	2.0
372.72	2.0
375.6	2.0
398.92	2.0
441.72	2.0
444.52	2.0
548.6	2.0
569.2	2.0
590.88	2.0
728.12	2.0
882.44	2.0
921.92	2.0
980.96	2.0
989.48	2.0
1009.28	2.0
1011.92	2.0
1046.64	2.0
1064.08	2.0
1090.04	2.0
1108.08	2.0
1110.6	2.0
1119.2	2.0
1132.08	2.0
1147.56	2.0
1151.36	2.0
1169.88	2.0
1174.6	2.0
1196.96	2.0
1209.68	2.0
1240.72	2.0
1254.64	2.0
1257.68	2.0
1275.44	2.0
1279.84	2.0
1302.72	2.0
1343.8	2.0
1346.84	2.0
1355.48	2.0
70.16	3.0
1175.04	3.0
76.8	3.0
96.32	3.0
120.84	3.0
138.12	3.0
147.72	3.0
209.64	3.0
252.32	3.0
268.16	3.0
313.12	3.0
318.32	3.0
323.4	3.0
334.08	3.0
340.16	3.0
375.8	3.0
399.08	3.0
444.68	3.0
548.32	3.0
591.04	3.0
728.28	3.0
922.12	3.0
981.12	3.0
988.84	3.0
1046.8	3.0
1110.76	3.0
1130.64	3.0
1133.4	3.0
1151.52	3.0
1209.84	3.0
1224.84	3.0
317.04	4.0
1266.52	4.0
302.72	5.0
1118.04	5.0
189.24	6.0
237.92	6.0
381.16	6.0
1222.12	6.0
1257.08	6.0
298.8	7.0
311.88	7.0
367.72	7.0
385.28	7.0
1220.4	7.0
1334.56	7.0
65.92	8.0
141.96	8.0
175.64	8.0
207.44	8.0
264.36	8.0
318.16	8.0
340.28	8.0
373.72	8.0
394.88	8.0
519.52	8.0
674.24	8.0
978.52	8.0
1075.76	8.0
1088.8	8.0
1107.56	8.0
1129.04	8.0
1174.56	8.0
1182.4	8.0
1207.6	8.0
1366.16	8.0
90.04	9.0
133.84	9.0
210.32	9.0
376.0	9.0
1174.92	9.0
1279.92	9.0
1333.08	9.0
1351.72	10.0
110.16	10.0
246.72	10.0
308.96	10.0
312.16	10.0
344.6	10.0
1046.8	10.0
1090.04	10.0
1216.6	10.0
1260.72	10.0
96.36	11.0
169.88	11.0
1130.68	11.0
1224.88	11.0
69.92	11.0
118.24	11.0
282.52	11.0
309.0	11.0
312.16	11.0
329.64	11.0
375.08	11.0
922.08	11.0
1024.68	11.0
1065.64	11.0
1098.08	11.0
1154.6	11.0
1165.04	11.0
1209.32	11.0
1305.48	11.0
138.92	12.0
309.0	12.0
312.2	12.0
1163.24	12.0
200.88	13.0
302.48	13.0
309.0	13.0
313.12	13.0
315.64	13.0
1151.96	13.0
1252.72	13.0
1304.4	13.0
1349.8	13.0
67.56	14.0
175.72	14.0
212.4	14.0
312.84	14.0
369.12	14.0
387.16	14.0
1179.44	14.0
1367.52	15.0
1274.24	16.0
302.48	17.0
205.24	18.0
1242.4	18.0
85.28	19.0
206.6	19.0
264.12	19.0
566.44	19.0
1060.72	19.0
1093.6	19.0
1214.32	20.0
1326.92	20.0
193.44	21.0
302.48	21.0
1141.88	21.0
70.56	21.0
87.44	21.0
107.16	21.0
121.48	21.0
142.04	21.0
166.72	21.0
178.68	21.0
205.32	21.0
210.64	21.0
219.2	21.0
271.56	21.0
345.76	21.0
401.76	21.0
493.88	21.0
980.52	21.0
1001.08	21.0
1018.04	21.0
1065.04	21.0
1081.44	21.0
1095.08	21.0
1113.96	21.0
1128.76	21.0
1146.28	21.0
1156.08	21.0
1164.84	21.0
1176.96	21.0
1202.68	21.0
1238.0	21.0
1248.72	21.0
1273.2	21.0
1285.04	21.0
1303.56	21.0
1318.76	21.0
1331.56	21.0
1334.84	21.0
1347.12	21.0
302.6	22.0
169.04	22.0
193.36	22.0
322.28	22.0
986.96	22.0
1094.64	22.0
1141.76	22.0
1213.96	22.0
1245.68	22.0
1251.48	22.0
1338.64	22.0
162.88	23.0
177.04	23.0
295.52	23.0
1131.36	23.0
16.48	23.0
36.6	23.0
72.28	23.0
80.28	23.0
86.56	23.0
118.16	23.0
156.0	23.0
193.24	23.0
200.92	23.0
220.56	23.0
239.36	23.0
250.0	23.0
321.08	23.0
332.32	23.0
367.64	23.0
478.92	23.0
1080.6	23.0
1108.64	23.0
1112.12	23.0
1127.88	23.0
1147.16	23.0
1156.08	23.0
1179.64	23.0
1208.84	23.0
1221.08	23.0
1244.44	23.0
1265.88	23.0
1268.68	23.0
1295.32	23.0
1314.64	23.0
1349.56	23.0
94.92	24.0
123.84	24.0
135.36	24.0
183.68	24.0
312.24	24.0
335.4	24.0
1240.16	24.0
1273.92	24.0
1303.64	24.0
1307.2	24.0
1349.48	24.0
1353.8	24.0
176.4	25.0
80.0	25.0
192.24	25.0
297.12	25.0
302.44	25.0
312.2	25.0
1015.32	25.0
1084.08	25.0
1122.12	25.0
1219.56	25.0
1336.88	25.0
209.2	26.0
1221.0	26.0
1270.56	26.0
21.44	26.0
62.56	26.0
83.0	26.0
99.28	26.0
103.08	26.0
119.08	26.0
128.76	26.0
141.04	26.0
147.96	26.0
157.76	26.0
167.68	26.0
175.84	26.0
193.24	26.0
198.52	26.0
217.68	26.0
221.0	26.0
233.48	26.0
267.16	26.0
299.0	26.0
311.16	26.0
322.08	26.0
334.08	26.0
361.52	26.0
370.68	26.0
399.04	26.0
429.08	26.0
436.16	26.0
438.88	26.0
466.48	26.0
476.76	26.0
570.44	26.0
597.28	26.0
785.92	26.0
864.88	26.0
942.72	26.0
986.96	26.0
1020.8	26.0
1078.04	26.0
1082.08	26.0
1107.6	26.0
1113.08	26.0
1123.84	26.0
1143.68	26.0
1160.68	26.0
1169.32	26.0
1179.92	26.0
1190.08	26.0
1198.4	26.0
1210.6	26.0
1233.88	26.0
1240.96	26.0
1255.68	26.0
1273.6	26.0
1286.76	26.0
1295.16	26.0
1311.52	26.0
1334.76	26.0
1342.44	26.0
1351.6	26.0
1357.32	26.0
1366.84	26.0
157.8	27.0
180.68	27.0
321.08	27.0
335.64	27.0
1366.64	27.0
77.0	28.0
89.72	28.0
115.44	28.0
133.52	28.0
143.56	28.0
146.16	28.0
233.52	28.0
302.4	28.0
315.24	28.0
324.52	28.0
335.88	28.0
382.56	28.0
413.88	28.0
981.2	28.0
988.88	28.0
1047.36	28.0
1112.08	28.0
1152.52	28.0
1155.88	28.0
1169.56	28.0
1174.6	28.0
1205.92	28.0
1231.6	28.0
1332.76	28.0
76.8	29.0
302.72	29.0
306.12	29.0
927.96	29.0
69.32	30.0
143.48	30.0
170.12	30.0
177.72	30.0
204.56	30.0
222.08	30.0
236.32	30.0
251.56	30.0
277.24	30.0
318.88	30.0
343.44	30.0
394.68	30.0
437.76	30.0
520.28	30.0
977.48	30.0
1064.08	30.0
1093.24	30.0
1129.4	30.0
1173.68	30.0
1205.72	30.0
1222.88	30.0
1235.32	30.0
1247.24	30.0
1266.96	30.0
1331.96	30.0
1352.44	30.0
10.2	31.0
278.72	31.0
302.96	31.0
341.92	31.0
442.48	31.0
567.04	31.0
1107.88	31.0
1178.56	31.0
1272.6	31.0
1282.08	31.0
1148.48	33.0
1106.04	34.0
118.36	35.0
142.64	35.0
161.44	35.0
176.24	35.0
194.48	35.0
213.92	35.0
233.48	35.0
237.68	35.0
298.36	35.0
302.68	35.0
306.64	35.0
320.48	35.0
400.24	35.0
450.04	35.0
595.2	35.0
1069.56	35.0
1074.08	35.0
1080.48	35.0
1123.24	35.0
1155.28	35.0
1163.76	35.0
1176.16	35.0
1191.2	35.0
1215.24	35.0
1268.08	35.0
1284.2	35.0
1295.88	35.0
1315.08	35.0
1339.44	35.0
172.24	36.0
217.76	36.0
319.76	36.0
381.64	36.0
469.08	36.0
1165.48	36.0
1200.96	36.0
1240.64	36.0
1366.36	36.0
