310.12	1.0
325.04	1.0
377.2	1.0
410.68	1.0
333.0	1.0
340.8	1.0
698.36	1.0
337.6	2.0
730.28	2.0
314.6	2.0
317.96	2.0
321.64	2.0
324.44	2.0
341.52	2.0
344.04	2.0
362.8	2.0
371.88	2.0
380.2	2.0
390.0	2.0
409.2	2.0
418.64	2.0
426.32	2.0
429.08	2.0
436.04	2.0
466.6	2.0
484.32	2.0
489.12	2.0
523.56	2.0
531.08	2.0
542.68	2.0
558.48	2.0
581.48	2.0
598.2	2.0
608.44	2.0
636.48	2.0
673.84	2.0
676.76	2.0
697.32	2.0
706.8	2.0
726.68	2.0
758.8	2.0
801.76	2.0
807.0	2.0
819.32	2.0
880.72	2.0
903.92	2.0
979.44	2.0
1079.64	2.0
1123.4	2.0
1143.72	2.0
1232.84	2.0
1360.68	2.0
322.92	3.0
325.88	3.0
310.48	3.0
314.72	3.0
318.2	3.0
334.04	3.0
338.04	3.0
351.32	3.0
362.68	3.0
428.96	3.0
477.52	3.0
523.32	3.0
620.24	3.0
645.16	3.0
676.96	3.0
685.48	3.0
781.0	3.0
880.84	3.0
1143.48	3.0
1222.92	3.0
1298.36	3.0
1456.6	3.0
313.48	4.0
363.44	4.0
372.64	4.0
936.8	4.0
323.88	4.0
302.72	5.0
310.24	5.0
315.8	5.0
332.24	5.0
322.08	5.0
329.56	5.0
902.48	5.0
319.08	6.0
348.88	6.0
408.24	6.0
471.52	6.0
515.6	6.0
555.44	6.0
621.12	6.0
759.52	6.0
851.72	6.0
1174.2	6.0
1392.64	6.0
317.92	7.0
540.4	7.0
1326.28	7.0
354.72	7.0
467.48	7.0
498.68	7.0
562.52	7.0
633.72	7.0
1056.88	7.0
1340.68	7.0
306.56	8.0
310.32	8.0
313.68	8.0
321.56	8.0
333.04	8.0
337.92	8.0
372.48	8.0
402.52	8.0
426.16	8.0
518.84	8.0
539.28	8.0
563.6	8.0
577.12	8.0
705.24	8.0
879.36	8.0
1125.08	8.0
1164.08	8.0
1314.48	8.0
1356.92	8.0
1402.24	8.0
340.88	9.0
805.36	9.0
1141.12	9.0
1294.4	9.0
1429.88	9.0
321.96	10.0
325.04	10.0
339.84	10.0
582.4	10.0
1062.24	10.0
309.0	10.0
311.76	10.0
329.6	10.0
350.0	10.0
408.64	10.0
443.24	10.0
529.04	10.0
585.2	10.0
624.76	10.0
638.8	10.0
695.64	10.0
730.72	10.0
761.64	10.0
795.08	10.0
815.64	10.0
900.96	10.0
966.2	10.0
1007.72	10.0
1075.6	10.0
1126.4	10.0
1221.24	10.0
1276.32	10.0
1290.08	10.0
1386.52	10.0
1420.72	10.0
384.04	11.0
620.36	11.0
645.24	11.0
1222.92	11.0
1298.44	11.0
309.0	11.0
311.76	11.0
315.52	11.0
318.36	11.0
337.24	11.0
339.76	11.0
343.92	11.0
349.88	11.0
363.44	11.0
372.84	11.0
389.12	11.0
407.56	11.0
426.48	11.0
457.84	11.0
460.88	11.0
465.8	11.0
480.4	11.0
483.72	11.0
504.36	11.0
517.2	11.0
521.32	11.0
548.24	11.0
570.68	11.0
586.68	11.0
605.8	11.0
641.0	11.0
695.96	11.0
699.44	11.0
706.32	11.0
727.08	11.0
752.96	11.0
758.8	11.0
938.04	11.0
1064.72	11.0
1082.12	11.0
1116.88	11.0
1317.0	11.0
1406.2	11.0
1457.76	11.0
941.56	12.0
308.96	12.0
312.04	12.0
318.44	12.0
324.36	12.0
347.44	12.0
363.2	12.0
1376.96	12.0
310.6	13.0
302.8	13.0
313.4	13.0
335.12	13.0
598.52	13.0
881.12	13.0
1420.12	13.0
321.52	14.0
326.44	14.0
330.48	14.0
403.64	14.0
411.4	14.0
577.92	14.0
1012.8	14.0
1035.96	14.0
1190.0	14.0
1306.12	14.0
1357.32	14.0
807.52	15.0
864.68	15.0
972.96	15.0
1252.24	15.0
307.4	16.0
346.36	16.0
363.76	16.0
306.92	17.0
876.72	17.0
778.44	18.0
317.68	18.0
324.6	18.0
338.44	18.0
324.08	19.0
339.52	19.0
426.52	19.0
520.84	19.0
322.76	20.0
338.56	20.0
899.84	20.0
306.0	21.0
325.4	21.0
538.4	21.0
541.16	21.0
322.48	21.0
335.8	21.0
339.0	21.0
350.4	21.0
356.6	21.0
373.32	21.0
382.6	21.0
411.0	21.0
425.84	21.0
442.08	21.0
460.24	21.0
476.96	21.0
503.4	21.0
522.44	21.0
552.4	21.0
562.12	21.0
582.0	21.0
600.68	21.0
640.32	21.0
666.36	21.0
685.44	21.0
740.12	21.0
761.8	21.0
808.12	21.0
827.72	21.0
830.96	21.0
877.04	21.0
895.84	21.0
900.0	21.0
957.6	21.0
963.36	21.0
999.32	21.0
1011.6	21.0
1035.56	21.0
1093.04	21.0
1128.48	21.0
1167.8	21.0
1207.16	21.0
1223.8	21.0
1248.2	21.0
1281.36	21.0
1327.36	21.0
1362.76	21.0
1374.44	21.0
1399.6	21.0
1414.88	21.0
310.44	22.0
319.2	22.0
322.4	22.0
335.12	22.0
343.4	22.0
353.4	22.0
362.52	22.0
379.88	22.0
538.32	22.0
561.8	22.0
584.32	22.0
737.84	22.0
1051.88	22.0
1099.12	22.0
1394.12	22.0
326.6	23.0
308.0	23.0
312.12	23.0
321.64	23.0
338.08	23.0
347.28	23.0
353.68	23.0
357.4	23.0
415.04	23.0
436.28	23.0
541.0	23.0
583.04	23.0
707.8	23.0
738.32	23.0
1096.04	23.0
1145.44	23.0
1275.96	23.0
1359.48	23.0
1375.36	23.0
1378.48	23.0
1414.0	23.0
835.32	24.0
310.24	24.0
315.64	24.0
321.2	24.0
327.88	24.0
371.04	24.0
383.24	24.0
478.48	24.0
515.52	24.0
536.92	24.0
539.84	24.0
828.48	24.0
1105.28	24.0
1145.92	24.0
1205.88	24.0
1253.84	24.0
310.12	25.0
356.44	25.0
302.44	25.0
316.16	25.0
323.8	25.0
330.2	25.0
337.2	25.0
344.2	25.0
367.12	25.0
540.04	25.0
1412.84	25.0
325.88	26.0
339.32	26.0
519.36	26.0
1247.6	26.0
309.44	26.0
313.96	26.0
319.84	26.0
330.76	26.0
335.0	26.0
347.52	26.0
353.6	26.0
359.16	26.0
366.32	26.0
394.24	26.0
411.96	26.0
418.72	26.0
429.44	26.0
437.64	26.0
447.76	26.0
453.52	26.0
465.12	26.0
472.8	26.0
476.44	26.0
481.88	26.0
484.6	26.0
491.28	26.0
509.48	26.0
524.28	26.0
547.24	26.0
555.72	26.0
570.0	26.0
578.88	26.0
582.76	26.0
592.2	26.0
596.68	26.0
602.52	26.0
616.84	26.0
620.04	26.0
623.0	26.0
634.04	26.0
644.56	26.0
650.08	26.0
672.28	26.0
675.44	26.0
688.44	26.0
697.4	26.0
728.96	26.0
734.76	26.0
747.92	26.0
757.64	26.0
768.56	26.0
791.92	26.0
805.04	26.0
821.16	26.0
832.24	26.0
834.88	26.0
872.48	26.0
879.28	26.0
881.8	26.0
898.28	26.0
904.64	26.0
908.76	26.0
923.48	26.0
937.12	26.0
943.72	26.0
961.4	26.0
965.56	26.0
977.68	26.0
1003.72	26.0
1028.0	26.0
1052.36	26.0
1065.6	26.0
1083.76	26.0
1091.52	26.0
1105.0	26.0
1113.64	26.0
1128.2	26.0
1160.72	26.0
1168.72	26.0
1186.24	26.0
1211.64	26.0
1215.56	26.0
1234.24	26.0
1241.12	26.0
1268.92	26.0
1278.28	26.0
1295.24	26.0
1304.68	26.0
1309.2	26.0
1316.72	26.0
1327.36	26.0
1351.28	26.0
1363.64	26.0
1371.68	26.0
1421.48	26.0
1435.64	26.0
1451.16	26.0
1466.48	26.0
326.0	27.0
347.16	27.0
385.84	27.0
654.28	27.0
720.6	27.0
1149.56	27.0
1455.4	27.0
308.68	28.0
327.64	28.0
302.44	28.0
306.12	28.0
315.68	28.0
322.4	28.0
334.12	28.0
338.24	28.0
360.0	28.0
363.44	28.0
377.76	28.0
394.56	28.0
600.96	28.0
1165.04	28.0
1350.32	28.0
1429.56	28.0
307.52	29.0
315.52	29.0
321.16	29.0
361.4	29.0
327.32	30.0
338.44	30.0
347.64	30.0
359.52	30.0
375.4	30.0
393.6	30.0
423.28	30.0
439.64	30.0
470.28	30.0
519.28	30.0
562.04	30.0
602.4	30.0
704.0	30.0
740.96	30.0
777.48	30.0
924.36	30.0
963.36	30.0
1059.8	30.0
1125.4	30.0
1139.0	30.0
1163.6	30.0
1314.68	30.0
1329.68	30.0
1357.16	30.0
1388.68	30.0
1413.24	30.0
310.68	31.0
319.84	31.0
326.24	31.0
338.52	31.0
349.32	31.0
357.4	31.0
520.64	31.0
324.04	33.0
337.96	33.0
683.76	33.0
737.52	33.0
302.8	33.0
338.72	34.0
319.08	34.0
325.24	34.0
371.6	34.0
302.56	35.0
308.2	35.0
314.12	35.0
323.28	35.0
327.76	35.0
334.44	35.0
339.12	35.0
344.92	35.0
357.92	35.0
379.4	35.0
402.28	35.0
411.76	35.0
474.56	35.0
521.52	35.0
566.48	35.0
582.6	35.0
599.2	35.0
638.72	35.0
651.88	35.0
668.52	35.0
702.4	35.0
729.52	35.0
774.36	35.0
780.52	35.0
804.48	35.0
914.68	35.0
939.6	35.0
988.88	35.0
1079.08	35.0
1167.8	35.0
1239.56	35.0
1270.88	35.0
1332.88	35.0
1374.64	35.0
1378.36	35.0
1439.04	35.0
1460.84	35.0
302.48	36.0
308.88	36.0
324.6	36.0
335.6	36.0
348.52	36.0
367.16	36.0
391.76	36.0
412.96	36.0
436.84	36.0
458.68	36.0
520.16	36.0
541.92	36.0
