312.88	1.0
520.12	1.0
550.96	1.0
338.84	1.0
496.12	1.0
682.72	1.0
310.72	2.0
579.28	2.0
993.76	2.0
320.96	2.0
326.48	2.0
331.52	2.0
338.16	2.0
342.04	2.0
351.84	2.0
361.4	2.0
425.64	2.0
462.08	2.0
466.32	2.0
538.32	2.0
554.2	2.0
576.64	2.0
587.72	2.0
593.96	2.0
618.24	2.0
623.96	2.0
642.52	2.0
652.16	2.0
655.56	2.0
671.72	2.0
680.16	2.0
683.4	2.0
697.56	2.0
701.92	2.0
707.36	2.0
721.32	2.0
745.04	2.0
749.36	2.0
752.4	2.0
763.92	2.0
771.92	2.0
774.44	2.0
781.12	2.0
787.12	2.0
790.44	2.0
798.56	2.0
827.08	2.0
829.84	2.0
836.48	2.0
846.08	2.0
848.96	2.0
871.96	2.0
874.72	2.0
889.12	2.0
953.52	2.0
967.92	2.0
970.72	2.0
991.0	2.0
1036.2	2.0
1065.16	2.0
1085.28	2.0
1090.4	2.0
1094.92	2.0
1103.4	2.0
1109.2	2.0
1131.8	2.0
1150.2	2.0
1155.2	2.0
1245.04	2.0
313.68	3.0
726.88	3.0
17.32	3.0
310.72	3.0
326.48	3.0
329.88	3.0
341.96	3.0
354.6	3.0
370.24	3.0
387.76	3.0
415.96	3.0
451.76	3.0
461.92	3.0
551.52	3.0
577.92	3.0
589.28	3.0
592.24	3.0
632.4	3.0
637.16	3.0
648.72	3.0
689.4	3.0
702.08	3.0
739.88	3.0
761.56	3.0
782.52	3.0
791.64	3.0
1000.52	3.0
1095.64	3.0
1108.92	3.0
1143.84	3.0
1150.32	3.0
312.44	4.0
370.88	4.0
387.56	4.0
390.2	4.0
558.16	4.0
687.08	4.0
804.52	4.0
867.6	4.0
326.2	4.0
340.92	4.0
418.6	4.0
689.6	4.0
738.88	4.0
1029.52	4.0
1135.6	4.0
310.2	5.0
315.2	5.0
326.92	5.0
340.92	5.0
318.6	6.0
326.16	6.0
385.64	6.0
415.84	6.0
448.84	6.0
486.32	6.0
514.52	6.0
549.04	6.0
592.4	6.0
631.8	6.0
690.68	6.0
737.96	6.0
794.12	6.0
869.0	6.0
998.48	6.0
1126.12	6.0
317.72	7.0
331.6	7.0
341.88	7.0
302.44	7.0
352.56	7.0
409.4	7.0
437.72	7.0
522.72	7.0
576.84	7.0
610.2	7.0
677.48	7.0
558.12	8.0
302.8	8.0
311.52	8.0
316.28	8.0
324.48	8.0
332.16	8.0
341.68	8.0
376.24	8.0
449.68	8.0
457.52	8.0
362.76	9.0
993.68	10.0
312.76	10.0
320.4	10.0
326.44	10.0
340.36	10.0
347.48	10.0
406.56	10.0
548.24	10.0
595.76	10.0
645.32	10.0
781.12	10.0
1089.48	10.0
1242.04	10.0
17.32	11.0
341.48	11.0
362.56	11.0
534.12	11.0
689.4	11.0
717.0	11.0
867.96	11.0
1039.2	11.0
1147.84	11.0
312.36	11.0
315.4	11.0
318.44	11.0
326.0	11.0
329.84	11.0
337.16	11.0
346.84	11.0
356.24	11.0
371.4	11.0
406.08	11.0
431.64	11.0
539.44	11.0
552.64	11.0
578.64	11.0
649.08	11.0
652.92	11.0
656.88	11.0
695.32	11.0
710.68	11.0
765.6	11.0
779.12	11.0
849.2	11.0
871.16	11.0
1150.76	11.0
551.72	12.0
670.72	12.0
1202.84	12.0
312.12	12.0
336.24	12.0
341.32	12.0
453.36	12.0
636.88	13.0
311.76	13.0
315.8	13.0
318.4	13.0
326.56	13.0
331.44	13.0
350.96	13.0
387.8	13.0
413.28	13.0
427.6	13.0
550.48	13.0
598.76	13.0
742.24	13.0
324.08	14.0
352.6	14.0
428.28	14.0
549.4	14.0
648.08	14.0
653.48	14.0
658.92	14.0
328.6	15.0
451.8	15.0
549.64	15.0
653.24	15.0
364.48	16.0
428.72	16.0
450.96	16.0
636.96	18.0
344.44	19.0
325.92	20.0
721.16	20.0
1298.56	20.0
334.12	21.0
378.36	21.0
8.56	21.0
313.6	21.0
317.48	21.0
327.28	21.0
331.4	21.0
340.8	21.0
345.8	21.0
354.24	21.0
363.0	21.0
389.28	21.0
408.44	21.0
430.84	21.0
436.96	21.0
450.48	21.0
472.2	21.0
477.48	21.0
493.72	21.0
501.08	21.0
517.76	21.0
525.2	21.0
539.04	21.0
551.08	21.0
553.96	21.0
556.6	21.0
559.44	21.0
578.72	21.0
591.12	21.0
596.64	21.0
607.72	21.0
610.6	21.0
626.04	21.0
628.96	21.0
648.72	21.0
651.24	21.0
665.72	21.0
692.72	21.0
720.44	21.0
739.28	21.0
742.6	21.0
745.32	21.0
758.56	21.0
764.44	21.0
778.8	21.0
789.0	21.0
803.44	21.0
806.56	21.0
842.0	21.0
878.48	21.0
905.08	21.0
915.28	21.0
964.88	21.0
1010.4	21.0
1087.32	21.0
1203.2	21.0
1271.16	21.0
302.72	22.0
329.16	22.0
339.4	22.0
347.28	22.0
417.12	22.0
575.28	22.0
636.8	22.0
649.88	22.0
693.6	22.0
699.48	22.0
710.68	22.0
770.56	22.0
809.96	22.0
868.84	22.0
905.52	22.0
1030.52	22.0
329.96	23.0
740.92	23.0
813.88	23.0
823.72	23.0
896.24	23.0
926.96	23.0
1009.44	23.0
311.4	23.0
317.24	23.0
325.32	23.0
341.6	23.0
387.92	23.0
448.48	23.0
520.56	23.0
562.6	23.0
565.76	23.0
636.96	23.0
710.84	23.0
770.88	23.0
810.12	23.0
1055.52	23.0
1100.72	23.0
1151.12	23.0
309.2	24.0
326.24	24.0
342.2	24.0
358.96	24.0
394.36	24.0
629.24	24.0
741.32	24.0
309.48	25.0
312.24	25.0
757.52	25.0
302.44	25.0
318.08	25.0
331.32	25.0
341.12	25.0
349.88	25.0
536.52	26.0
568.76	26.0
635.8	26.0
309.52	26.0
314.04	26.0
318.12	26.0
325.28	26.0
329.28	26.0
333.2	26.0
344.88	26.0
351.16	26.0
357.12	26.0
374.16	26.0
381.8	26.0
385.68	26.0
406.96	26.0
428.28	26.0
445.84	26.0
463.44	26.0
470.64	26.0
483.12	26.0
494.2	26.0
501.44	26.0
526.16	26.0
532.8	26.0
546.0	26.0
550.12	26.0
575.76	26.0
578.64	26.0
586.48	26.0
594.32	26.0
609.96	26.0
623.36	26.0
643.4	26.0
660.08	26.0
684.64	26.0
703.0	26.0
724.72	26.0
762.72	26.0
778.72	26.0
1044.08	26.0
1088.84	26.0
318.56	27.0
311.12	27.0
325.68	27.0
659.16	27.0
679.32	27.0
715.68	27.0
757.2	27.0
787.32	27.0
842.12	27.0
302.44	28.0
310.32	28.0
314.12	28.0
318.04	28.0
325.44	28.0
332.24	28.0
337.96	28.0
352.56	28.0
362.44	28.0
373.52	28.0
385.16	28.0
387.92	28.0
403.44	28.0
425.4	28.0
547.8	28.0
631.56	28.0
711.32	28.0
743.0	28.0
779.52	28.0
818.16	28.0
880.88	28.0
1015.84	28.0
1082.92	28.0
1130.2	28.0
309.76	29.0
338.48	29.0
313.64	30.0
319.24	30.0
329.32	30.0
355.12	30.0
384.88	30.0
415.52	30.0
423.44	30.0
451.88	30.0
499.44	30.0
549.8	30.0
555.8	30.0
582.08	30.0
651.92	30.0
673.52	30.0
716.24	30.0
744.72	30.0
780.52	30.0
823.84	30.0
865.8	30.0
990.32	30.0
1098.16	30.0
1155.56	30.0
338.28	31.0
342.92	31.0
349.44	31.0
363.64	31.0
432.0	31.0
302.48	32.0
314.4	33.0
317.28	34.0
332.08	34.0
362.0	34.0
1138.64	34.0
1242.36	34.0
1299.76	34.0
650.96	35.0
254.68	35.0
302.48	35.0
312.4	35.0
317.12	35.0
328.48	35.0
331.72	35.0
337.96	35.0
340.96	35.0
349.04	35.0
354.96	35.0
363.12	35.0
377.96	35.0
389.16	35.0
398.36	35.0
402.8	35.0
413.2	35.0
427.76	35.0
442.08	35.0
448.64	35.0
464.12	35.0
482.16	35.0
493.16	35.0
501.52	35.0
520.24	35.0
550.12	35.0
579.16	35.0
590.56	35.0
606.92	35.0
609.88	35.0
638.2	35.0
694.04	35.0
703.16	35.0
724.92	35.0
741.0	35.0
849.44	35.0
911.08	35.0
1033.08	35.0
1068.72	35.0
1301.96	35.0
302.48	36.0
310.56	36.0
342.84	36.0
