358.08	1.0
621.88	1.0
667.44	1.0
326.48	2.0
311.2	2.0
314.36	2.0
317.08	2.0
331.4	2.0
342.64	2.0
346.96	2.0
351.8	2.0
363.88	2.0
403.8	2.0
427.32	2.0
489.04	2.0
493.36	2.0
514.76	2.0
542.24	2.0
572.2	2.0
597.84	2.0
609.08	2.0
621.84	2.0
646.68	2.0
671.72	2.0
689.28	2.0
700.6	2.0
710.16	2.0
731.16	2.0
739.36	2.0
770.48	2.0
783.4	2.0
786.48	2.0
808.92	2.0
825.2	2.0
839.16	2.0
843.48	2.0
872.08	2.0
885.08	2.0
895.24	2.0
899.28	2.0
925.12	2.0
935.0	2.0
938.8	2.0
973.28	2.0
1020.2	2.0
1033.48	2.0
1041.52	2.0
1067.28	2.0
1139.32	2.0
1151.08	2.0
1156.28	2.0
1297.36	2.0
1312.24	2.0
1328.88	2.0
1336.04	2.0
1338.68	2.0
1356.2	2.0
364.32	3.0
312.0	3.0
314.8	3.0
325.6	3.0
329.84	3.0
336.56	3.0
341.8	3.0
346.32	3.0
351.28	3.0
357.04	3.0
368.72	3.0
381.76	3.0
385.92	3.0
398.08	3.0
408.6	3.0
425.44	3.0
451.24	3.0
459.12	3.0
503.0	3.0
534.24	3.0
576.44	3.0
697.44	3.0
700.12	3.0
785.76	3.0
793.04	3.0
801.48	3.0
824.96	3.0
833.4	3.0
849.44	3.0
885.68	3.0
904.52	3.0
1066.56	3.0
1317.6	3.0
1338.56	3.0
1348.6	3.0
1356.68	3.0
380.52	4.0
452.36	4.0
987.6	4.0
316.48	4.0
336.16	4.0
353.16	4.0
371.16	4.0
854.84	4.0
1298.52	4.0
318.6	5.0
490.48	5.0
312.16	5.0
332.36	5.0
535.76	5.0
1321.96	5.0
314.96	6.0
326.08	6.0
333.36	6.0
385.04	6.0
450.12	6.0
491.44	6.0
534.12	6.0
563.04	6.0
657.56	6.0
739.36	6.0
834.08	6.0
899.0	6.0
962.32	6.0
1066.4	6.0
1213.0	6.0
1357.4	6.0
449.36	7.0
606.28	7.0
306.64	7.0
344.28	7.0
638.64	7.0
698.36	7.0
1053.64	7.0
1081.56	7.0
1175.92	8.0
302.84	8.0
315.32	8.0
329.0	8.0
339.8	8.0
352.56	8.0
384.36	8.0
1295.56	8.0
785.16	9.0
492.52	10.0
594.76	10.0
806.0	10.0
308.92	10.0
311.8	10.0
316.32	10.0
320.0	10.0
339.84	10.0
342.36	10.0
372.24	10.0
766.2	10.0
923.6	10.0
1025.88	10.0
1128.48	10.0
314.84	11.0
324.8	11.0
386.0	11.0
534.2	11.0
633.76	11.0
862.24	11.0
872.52	11.0
966.76	11.0
308.92	11.0
311.44	11.0
318.96	11.0
333.32	11.0
343.16	11.0
361.4	11.0
380.56	11.0
445.32	11.0
492.52	11.0
551.72	11.0
608.32	11.0
695.56	11.0
784.56	11.0
823.8	11.0
826.88	11.0
838.6	11.0
841.52	11.0
900.28	11.0
1337.2	11.0
518.8	12.0
768.36	12.0
308.96	12.0
311.64	12.0
342.36	12.0
350.92	12.0
1322.2	12.0
1359.28	12.0
302.6	13.0
308.16	13.0
312.04	13.0
315.12	13.0
339.24	13.0
359.8	13.0
383.64	13.0
427.08	13.0
439.52	13.0
533.36	13.0
560.32	13.0
758.52	13.0
805.76	13.0
1311.0	13.0
1325.88	13.0
565.12	14.0
333.76	14.0
405.28	14.0
418.96	14.0
492.76	14.0
518.2	14.0
625.48	14.0
640.48	14.0
750.24	14.0
1312.76	14.0
1343.24	14.0
309.88	15.0
324.0	15.0
517.52	15.0
719.08	15.0
306.88	16.0
336.2	16.0
566.88	16.0
1296.08	17.0
352.6	18.0
319.92	19.0
331.44	19.0
341.84	19.0
302.6	20.0
382.48	20.0
385.96	20.0
416.84	20.0
884.76	20.0
1340.56	20.0
327.76	21.0
310.32	21.0
316.56	21.0
320.84	21.0
330.52	21.0
341.52	21.0
345.12	21.0
353.16	21.0
370.48	21.0
374.4	21.0
384.16	21.0
401.4	21.0
414.28	21.0
419.56	21.0
448.64	21.0
480.0	21.0
498.36	21.0
519.36	21.0
547.8	21.0
559.88	21.0
587.16	21.0
603.36	21.0
633.88	21.0
657.12	21.0
701.48	21.0
710.6	21.0
753.32	21.0
794.72	21.0
799.24	21.0
811.16	21.0
813.92	21.0
826.16	21.0
855.28	21.0
882.44	21.0
891.12	21.0
928.08	21.0
1010.52	21.0
1046.64	21.0
1142.96	21.0
1300.2	21.0
1315.28	21.0
1318.68	21.0
1329.72	21.0
1348.12	21.0
302.6	22.0
965.16	22.0
1294.04	22.0
319.56	22.0
328.8	22.0
341.44	22.0
348.36	22.0
355.4	22.0
382.32	22.0
407.16	22.0
424.32	22.0
463.8	22.0
588.24	22.0
610.88	22.0
655.84	22.0
675.12	22.0
702.72	22.0
868.36	22.0
1065.8	22.0
1160.48	22.0
1280.32	22.0
333.96	23.0
794.44	23.0
803.56	23.0
827.44	23.0
961.32	23.0
310.76	23.0
325.28	23.0
328.16	23.0
352.92	23.0
367.72	23.0
387.92	23.0
407.36	23.0
425.76	23.0
463.96	23.0
573.56	23.0
587.96	23.0
688.84	23.0
735.88	23.0
1193.16	23.0
1296.04	23.0
1299.76	23.0
1302.84	23.0
1311.52	23.0
1329.44	23.0
1336.12	23.0
1361.48	23.0
309.16	24.0
316.28	24.0
331.92	24.0
334.76	24.0
337.52	24.0
353.64	24.0
382.56	24.0
552.92	24.0
1271.76	24.0
1299.64	24.0
1319.4	24.0
1341.6	24.0
310.84	25.0
334.56	25.0
357.24	25.0
384.64	26.0
527.48	26.0
624.84	26.0
639.2	26.0
308.56	26.0
312.28	26.0
315.6	26.0
318.92	26.0
324.96	26.0
333.6	26.0
338.12	26.0
353.0	26.0
357.28	26.0
360.0	26.0
370.76	26.0
376.48	26.0
379.44	26.0
387.84	26.0
412.04	26.0
421.36	26.0
428.96	26.0
436.6	26.0
449.64	26.0
475.4	26.0
479.12	26.0
492.84	26.0
515.52	26.0
533.4	26.0
550.88	26.0
566.92	26.0
591.52	26.0
594.52	26.0
658.84	26.0
668.76	26.0
679.2	26.0
699.2	26.0
718.88	26.0
743.04	26.0
751.64	26.0
757.76	26.0
770.36	26.0
781.88	26.0
800.4	26.0
833.8	26.0
841.8	26.0
870.16	26.0
896.44	26.0
929.44	26.0
1002.24	26.0
1037.96	26.0
1093.24	26.0
1155.52	26.0
1301.0	26.0
1316.48	26.0
1323.4	26.0
1327.84	26.0
1338.64	26.0
1361.88	26.0
306.76	27.0
354.96	27.0
420.68	27.0
328.76	27.0
344.44	27.0
720.12	27.0
868.24	27.0
903.6	27.0
1032.44	27.0
1155.92	27.0
1337.64	27.0
302.4	28.0
306.36	28.0
310.12	28.0
312.72	28.0
315.48	28.0
330.04	28.0
338.08	28.0
341.24	28.0
346.0	28.0
354.96	28.0
388.6	28.0
522.28	28.0
563.32	28.0
689.2	28.0
735.0	28.0
782.48	28.0
1007.4	28.0
1028.84	28.0
1171.84	28.0
1325.76	28.0
1332.12	28.0
315.64	29.0
360.88	29.0
732.44	29.0
780.6	29.0
309.04	30.0
315.12	30.0
331.88	30.0
341.72	30.0
354.64	30.0
374.08	30.0
416.76	30.0
425.2	30.0
467.24	30.0
474.08	30.0
540.88	30.0
569.88	30.0
652.16	30.0
680.68	30.0
700.96	30.0
802.24	30.0
842.6	30.0
927.2	30.0
979.04	30.0
1088.88	30.0
1170.84	30.0
1243.72	30.0
1295.6	30.0
1349.48	30.0
318.56	31.0
338.16	31.0
368.88	31.0
497.76	31.0
894.52	31.0
341.56	33.0
337.16	33.0
700.76	33.0
317.48	34.0
325.32	34.0
311.48	34.0
332.12	34.0
1311.8	34.0
371.8	35.0
652.68	35.0
302.48	35.0
306.64	35.0
312.4	35.0
316.4	35.0
324.8	35.0
331.2	35.0
333.88	35.0
344.16	35.0
355.68	35.0
368.76	35.0
380.6	35.0
416.8	35.0
419.56	35.0
429.6	35.0
452.28	35.0
464.72	35.0
476.2	35.0
490.64	35.0
514.76	35.0
583.2	35.0
586.08	35.0
680.48	35.0
706.52	35.0
743.16	35.0
755.44	35.0
826.32	35.0
829.8	35.0
880.24	35.0
944.96	35.0
961.12	35.0
1067.84	35.0
1092.88	35.0
1268.08	35.0
1278.28	35.0
1294.4	35.0
1300.08	35.0
1314.16	35.0
1329.0	35.0
1333.6	35.0
1347.92	35.0
335.68	36.0
339.52	36.0
1313.0	36.0
