323.44	1.0
596.84	1.0
335.96	1.0
695.16	1.0
783.72	1.0
348.84	2.0
364.96	2.0
473.64	2.0
313.56	2.0
317.68	2.0
327.04	2.0
336.32	2.0
340.28	2.0
374.6	2.0
393.88	2.0
513.6	2.0
560.88	2.0
570.12	2.0
582.56	2.0
622.56	2.0
674.0	2.0
718.96	2.0
961.72	2.0
314.56	3.0
317.92	3.0
328.52	3.0
336.56	3.0
339.68	3.0
362.44	3.0
367.04	3.0
382.08	3.0
413.48	3.0
417.96	3.0
440.16	3.0
500.08	3.0
649.12	3.0
683.36	3.0
718.64	3.0
744.92	3.0
812.16	3.0
908.92	3.0
332.4	4.0
314.32	4.0
336.64	4.0
313.36	5.0
316.96	5.0
332.72	5.0
302.96	6.0
312.56	6.0
315.68	6.0
323.92	6.0
470.2	6.0
517.2	6.0
792.88	6.0
302.76	7.0
336.32	7.0
341.28	7.0
585.4	7.0
323.64	7.0
357.44	7.0
394.88	7.0
484.4	7.0
499.76	7.0
551.68	7.0
649.4	7.0
302.72	8.0
312.0	8.0
322.48	8.0
325.16	8.0
328.16	8.0
383.56	8.0
465.32	8.0
505.96	8.0
627.8	8.0
315.44	9.0
317.32	10.0
393.6	10.0
537.64	10.0
553.16	10.0
597.52	10.0
680.76	10.0
909.88	10.0
325.6	10.0
337.24	10.0
339.8	10.0
349.96	10.0
364.88	10.0
382.28	10.0
515.36	10.0
652.32	10.0
350.04	11.0
390.12	11.0
522.2	11.0
566.68	11.0
605.6	11.0
683.4	11.0
718.64	11.0
751.28	11.0
812.16	11.0
309.0	11.0
314.36	11.0
322.08	11.0
328.44	11.0
347.28	11.0
365.72	11.0
443.72	11.0
489.72	11.0
504.56	11.0
637.28	11.0
337.52	12.0
349.8	12.0
505.36	12.0
321.64	12.0
328.8	12.0
533.6	12.0
315.12	13.0
324.24	13.0
330.08	13.0
375.0	13.0
503.04	13.0
536.88	13.0
558.84	13.0
576.68	13.0
618.2	13.0
639.72	13.0
328.2	14.0
314.84	14.0
323.68	14.0
364.76	14.0
412.2	14.0
435.8	14.0
472.76	14.0
531.76	14.0
330.64	15.0
323.56	15.0
333.24	15.0
588.76	15.0
346.96	16.0
396.48	16.0
527.28	16.0
579.48	16.0
302.48	17.0
338.0	17.0
327.88	18.0
347.96	18.0
316.12	20.0
322.48	20.0
333.88	20.0
336.4	20.0
538.44	20.0
555.96	20.0
620.0	20.0
316.12	21.0
313.24	21.0
321.16	21.0
327.24	21.0
330.52	21.0
339.72	21.0
342.72	21.0
350.52	21.0
357.92	21.0
368.0	21.0
374.92	21.0
478.36	21.0
505.56	21.0
519.04	21.0
549.4	21.0
571.12	21.0
585.4	21.0
601.56	21.0
611.0	21.0
641.64	21.0
647.92	21.0
666.04	21.0
693.72	21.0
708.76	21.0
718.6	21.0
754.96	21.0
824.04	21.0
641.64	22.0
315.0	22.0
324.56	22.0
330.08	22.0
337.52	22.0
346.24	22.0
355.12	22.0
374.12	22.0
380.4	22.0
601.16	22.0
609.04	22.0
778.88	22.0
792.6	22.0
331.8	23.0
312.72	23.0
328.4	23.0
340.68	23.0
372.8	23.0
506.56	23.0
587.0	23.0
668.2	23.0
726.8	23.0
302.92	24.0
312.68	24.0
328.52	24.0
333.48	24.0
341.04	24.0
361.12	24.0
544.24	24.0
315.6	25.0
322.44	25.0
329.44	25.0
339.48	25.0
342.24	25.0
348.52	25.0
355.24	26.0
379.44	26.0
584.08	26.0
317.36	26.0
321.16	26.0
325.48	26.0
330.48	26.0
333.88	26.0
336.4	26.0
344.24	26.0
349.4	26.0
366.24	26.0
372.08	26.0
397.08	26.0
409.56	26.0
420.12	26.0
424.8	26.0
438.64	26.0
451.44	26.0
472.4	26.0
489.08	26.0
499.68	26.0
519.56	26.0
530.32	26.0
532.92	26.0
537.12	26.0
568.32	26.0
586.8	26.0
604.08	26.0
648.64	26.0
742.12	26.0
749.52	26.0
351.64	27.0
662.64	27.0
842.0	27.0
302.44	28.0
315.08	28.0
323.88	28.0
326.4	28.0
329.32	28.0
335.96	28.0
338.68	28.0
345.4	28.0
358.0	28.0
379.88	28.0
302.96	29.0
326.2	29.0
332.96	29.0
349.88	29.0
314.16	30.0
322.08	30.0
328.12	30.0
336.48	30.0
360.56	30.0
365.92	30.0
383.92	30.0
401.92	30.0
504.16	30.0
569.76	30.0
857.72	30.0
302.64	31.0
331.56	31.0
335.36	31.0
372.52	31.0
557.12	31.0
314.24	33.0
327.64	33.0
326.48	34.0
317.0	34.0
990.72	34.0
302.44	35.0
312.32	35.0
316.32	35.0
322.96	35.0
327.16	35.0
330.72	35.0
336.04	35.0
341.28	35.0
344.16	35.0
348.6	35.0
357.52	35.0
374.2	35.0
383.6	35.0
408.96	35.0
467.84	35.0
540.52	35.0
575.68	35.0
657.44	35.0
723.72	35.0
726.72	35.0
833.12	35.0
302.44	36.0
328.2	36.0
331.52	36.0
