308.92	1.0
312.12	1.0
353.92	1.0
389.6	1.0
459.12	1.0
512.92	1.0
1229.68	1.0
317.56	1.0
323.52	1.0
339.0	1.0
357.92	1.0
371.88	1.0
374.84	1.0
392.68	1.0
400.68	1.0
407.04	1.0
414.76	1.0
473.36	1.0
480.08	1.0
765.6	1.0
975.04	1.0
1122.04	1.0
1187.24	1.0
322.64	2.0
309.0	2.0
311.84	2.0
316.72	2.0
334.32	2.0
347.88	2.0
353.92	2.0
365.72	2.0
392.52	2.0
414.8	2.0
446.24	2.0
727.16	2.0
1035.76	2.0
1157.96	2.0
1268.88	2.0
1302.36	2.0
302.72	3.0
308.88	3.0
312.64	3.0
318.6	3.0
326.72	3.0
333.6	3.0
341.12	3.0
356.76	3.0
375.0	3.0
381.8	3.0
388.32	3.0
390.96	3.0
419.84	3.0
430.4	3.0
439.84	3.0
453.12	3.0
457.2	3.0
511.52	3.0
548.44	3.0
571.24	3.0
588.48	3.0
601.64	3.0
620.84	3.0
640.64	3.0
664.2	3.0
680.56	3.0
696.12	3.0
703.52	3.0
730.6	3.0
748.84	3.0
764.76	3.0
781.16	3.0
816.64	3.0
843.36	3.0
879.96	3.0
903.36	3.0
951.48	3.0
983.76	3.0
1014.36	3.0
1038.56	3.0
1161.56	3.0
1188.68	3.0
1271.92	3.0
1292.08	3.0
1316.4	3.0
1359.48	3.0
390.88	5.0
641.68	5.0
1083.48	5.0
316.6	5.0
332.84	5.0
346.28	5.0
364.96	5.0
382.4	5.0
400.24	5.0
413.96	5.0
432.48	5.0
445.08	5.0
471.08	5.0
488.68	5.0
513.36	5.0
550.6	5.0
567.56	5.0
303.2	6.0
310.48	6.0
314.44	6.0
320.32	6.0
325.6	6.0
336.84	6.0
342.92	6.0
352.16	6.0
358.32	6.0
366.72	6.0
379.08	6.0
425.36	6.0
441.72	6.0
449.88	6.0
461.4	6.0
471.8	6.0
483.32	6.0
488.84	6.0
504.36	6.0
524.36	6.0
538.68	6.0
544.32	6.0
564.12	6.0
593.4	6.0
610.6	6.0
666.32	6.0
683.64	6.0
725.04	6.0
765.88	6.0
816.96	6.0
835.8	6.0
861.28	6.0
926.84	6.0
981.76	6.0
1016.28	6.0
1088.88	6.0
1108.8	6.0
1163.16	6.0
1235.12	6.0
1284.64	6.0
1367.84	6.0
305.16	7.0
310.88	7.0
316.48	7.0
320.68	7.0
331.12	7.0
343.28	7.0
346.36	7.0
363.04	7.0
367.0	7.0
377.56	7.0
389.6	7.0
414.32	7.0
433.56	7.0
449.04	7.0
458.52	7.0
512.8	7.0
539.04	7.0
632.68	7.0
725.36	7.0
308.96	8.0
311.68	8.0
1098.08	8.0
1209.48	8.0
314.2	8.0
328.8	8.0
348.84	8.0
413.84	8.0
620.24	8.0
765.96	8.0
995.96	8.0
1037.4	8.0
1235.2	8.0
309.0	9.0
311.8	9.0
321.48	9.0
329.6	9.0
354.92	9.0
366.4	9.0
391.68	9.0
436.32	9.0
455.64	9.0
746.52	9.0
302.48	10.0
305.2	11.0
312.68	11.0
317.92	11.0
369.52	11.0
406.84	11.0
334.92	11.0
421.68	11.0
479.48	11.0
488.36	11.0
525.64	11.0
1272.28	11.0
332.6	12.0
389.28	12.0
460.04	12.0
740.68	12.0
954.6	12.0
1062.04	12.0
305.24	12.0
321.08	12.0
325.56	12.0
329.92	12.0
339.44	12.0
347.08	12.0
352.48	12.0
366.76	12.0
377.12	12.0
416.32	12.0
444.44	12.0
518.48	12.0
596.56	12.0
617.2	12.0
628.68	12.0
685.92	12.0
700.08	12.0
725.36	12.0
780.28	12.0
849.2	12.0
928.48	12.0
1032.2	12.0
1076.76	12.0
1157.12	12.0
1160.6	12.0
1321.76	12.0
302.44	13.0
310.32	13.0
314.32	13.0
322.48	13.0
332.44	13.0
344.56	13.0
353.16	13.0
358.6	13.0
363.08	13.0
368.76	13.0
378.08	13.0
390.48	13.0
398.04	13.0
401.04	13.0
410.0	13.0
417.8	13.0
431.88	13.0
440.68	13.0
453.28	13.0
472.52	13.0
484.44	13.0
499.76	13.0
512.84	13.0
532.84	13.0
537.8	13.0
540.6	13.0
550.16	13.0
556.48	13.0
571.96	13.0
589.88	13.0
609.96	13.0
617.72	13.0
629.32	13.0
647.2	13.0
669.96	13.0
689.12	13.0
713.72	13.0
736.44	13.0
759.52	13.0
785.48	13.0
815.88	13.0
847.6	13.0
893.28	13.0
946.36	13.0
1025.4	13.0
1087.48	13.0
358.68	14.0
329.88	14.0
398.96	14.0
473.24	14.0
539.8	14.0
305.24	15.0
346.48	15.0
363.16	15.0
336.08	15.0
401.64	15.0
332.44	16.0
365.8	16.0
416.32	16.0
481.8	16.0
520.96	16.0
597.08	16.0
761.2	16.0
1205.88	16.0
303.4	17.0
313.6	17.0
354.16	17.0
360.8	17.0
413.32	17.0
421.36	17.0
435.12	17.0
440.92	17.0
448.44	17.0
456.0	17.0
499.24	17.0
542.8	17.0
555.8	17.0
308.96	18.0
311.72	18.0
324.24	18.0
328.92	18.0
332.32	18.0
346.96	18.0
377.92	18.0
394.76	18.0
702.72	18.0
1157.76	18.0
309.0	19.0
312.52	19.0
331.88	19.0
489.2	19.0
499.8	19.0
620.04	19.0
357.28	20.0
1272.2	20.0
302.48	20.0
307.32	20.0
312.64	20.0
318.28	20.0
327.48	20.0
331.96	20.0
341.36	20.0
345.64	20.0
352.44	20.0
363.36	20.0
376.4	20.0
378.96	20.0
388.64	20.0
413.4	20.0
418.76	20.0
424.72	20.0
435.92	20.0
440.72	20.0
447.12	20.0
454.92	20.0
460.8	20.0
474.12	20.0
489.32	20.0
496.92	20.0
507.52	20.0
514.68	20.0
539.0	20.0
544.36	20.0
550.24	20.0
578.68	20.0
584.64	20.0
639.28	20.0
667.8	20.0
676.68	20.0
699.4	20.0
725.04	20.0
731.68	20.0
745.8	20.0
758.84	20.0
815.16	20.0
833.08	20.0
862.36	20.0
884.84	20.0
944.36	20.0
962.28	20.0
1000.08	20.0
1010.48	20.0
1038.16	20.0
1063.28	20.0
1072.68	20.0
1077.16	20.0
1088.88	20.0
1113.48	20.0
1142.2	20.0
1158.72	20.0
1170.4	20.0
1183.56	20.0
1186.52	20.0
1196.64	20.0
1212.88	20.0
1248.2	20.0
1280.72	20.0
1292.24	20.0
1301.08	20.0
1307.48	20.0
1320.6	20.0
1342.52	20.0
1364.8	20.0
302.48	21.0
310.04	22.0
389.76	22.0
417.12	22.0
436.96	22.0
454.24	22.0
413.92	22.0
303.4	23.0
348.6	23.0
923.72	23.0
1086.32	23.0
331.56	23.0
395.48	23.0
437.96	23.0
491.36	23.0
520.68	23.0
671.32	23.0
392.72	24.0
305.36	24.0
521.04	24.0
