309.0	1.0
311.92	1.0
319.12	1.0
339.92	1.0
480.4	1.0
1222.44	1.0
315.72	1.0
346.6	1.0
361.88	1.0
428.96	1.0
1043.92	1.0
309.0	2.0
312.04	2.0
316.4	2.0
328.48	2.0
353.24	2.0
425.8	2.0
533.76	2.0
554.48	2.0
831.16	2.0
978.28	2.0
1179.88	2.0
1303.36	2.0
302.48	3.0
315.2	3.0
323.16	3.0
333.6	3.0
342.16	3.0
351.52	3.0
360.04	3.0
367.96	3.0
391.56	3.0
397.48	3.0
429.76	3.0
458.68	3.0
471.8	3.0
484.28	3.0
488.6	3.0
505.72	3.0
511.32	3.0
522.68	3.0
531.88	3.0
586.12	3.0
616.76	3.0
649.44	3.0
719.84	3.0
755.92	3.0
792.08	3.0
850.4	3.0
893.36	3.0
927.16	3.0
1009.8	3.0
1083.04	3.0
1087.12	3.0
1125.96	3.0
1168.48	3.0
1287.52	3.0
303.04	5.0
306.96	5.0
651.6	5.0
326.2	5.0
353.72	5.0
388.48	5.0
400.92	5.0
425.6	5.0
457.76	5.0
485.28	5.0
511.84	5.0
518.28	5.0
527.16	5.0
846.72	5.0
909.0	5.0
303.24	6.0
310.32	6.0
315.0	6.0
319.96	6.0
330.4	6.0
340.2	6.0
349.6	6.0
357.48	6.0
363.92	6.0
436.64	6.0
448.52	6.0
465.16	6.0
483.52	6.0
507.08	6.0
524.52	6.0
544.72	6.0
558.2	6.0
601.24	6.0
615.6	6.0
629.56	6.0
688.52	6.0
710.04	6.0
743.32	6.0
788.0	6.0
797.88	6.0
854.48	6.0
1031.52	6.0
1066.92	6.0
1085.12	6.0
1146.12	6.0
1274.2	6.0
1359.6	6.0
303.6	7.0
310.68	7.0
367.0	7.0
387.68	7.0
443.0	7.0
483.88	7.0
496.68	7.0
649.8	7.0
308.96	8.0
312.24	8.0
454.76	8.0
1144.4	8.0
314.92	8.0
346.52	8.0
352.0	8.0
370.96	8.0
309.0	9.0
311.72	9.0
319.92	9.0
1176.84	9.0
302.48	10.0
304.08	11.0
389.36	11.0
308.36	11.0
314.84	11.0
356.0	11.0
435.52	11.0
593.64	11.0
355.52	12.0
389.28	12.0
401.68	12.0
569.0	12.0
834.36	12.0
305.2	12.0
307.8	12.0
310.4	12.0
315.08	12.0
321.36	12.0
327.12	12.0
331.76	12.0
339.6	12.0
367.64	12.0
371.2	12.0
395.88	12.0
419.48	12.0
427.6	12.0
457.76	12.0
470.68	12.0
485.16	12.0
517.36	12.0
594.16	12.0
678.84	12.0
790.2	12.0
845.8	12.0
861.76	12.0
894.2	12.0
955.08	12.0
969.16	12.0
1073.68	12.0
1111.28	12.0
1165.56	12.0
1271.24	12.0
302.48	13.0
307.12	13.0
310.32	13.0
315.2	13.0
323.52	13.0
334.56	13.0
348.64	13.0
361.52	13.0
378.68	13.0
391.84	13.0
414.56	13.0
431.2	13.0
453.64	13.0
470.24	13.0
476.84	13.0
499.08	13.0
512.44	13.0
534.04	13.0
552.72	13.0
568.64	13.0
599.16	13.0
622.52	13.0
645.8	13.0
666.8	13.0
701.24	13.0
726.68	13.0
791.0	13.0
367.32	14.0
464.64	14.0
846.76	14.0
909.08	14.0
1121.12	14.0
305.56	15.0
443.16	15.0
496.76	15.0
351.08	16.0
383.76	16.0
460.36	16.0
511.28	16.0
1005.4	16.0
1093.64	16.0
1298.32	16.0
303.52	17.0
319.76	17.0
355.88	17.0
449.2	17.0
483.2	17.0
537.72	17.0
588.4	17.0
627.12	17.0
752.8	17.0
1095.04	17.0
308.96	18.0
311.92	18.0
319.52	18.0
324.56	18.0
487.68	18.0
576.8	18.0
883.04	18.0
923.04	18.0
315.92	19.0
309.0	19.0
311.88	19.0
428.48	19.0
516.48	19.0
1152.52	20.0
302.44	20.0
309.16	20.0
313.28	20.0
320.2	20.0
325.2	20.0
330.96	20.0
334.64	20.0
341.36	20.0
350.48	20.0
355.2	20.0
360.68	20.0
367.56	20.0
371.12	20.0
381.24	20.0
390.28	20.0
396.04	20.0
411.12	20.0
417.84	20.0
428.6	20.0
434.76	20.0
439.64	20.0
452.36	20.0
461.88	20.0
470.96	20.0
480.08	20.0
487.04	20.0
496.28	20.0
509.28	20.0
516.52	20.0
522.48	20.0
528.76	20.0
536.24	20.0
557.2	20.0
562.48	20.0
593.08	20.0
621.4	20.0
660.48	20.0
673.52	20.0
687.24	20.0
706.12	20.0
719.0	20.0
797.76	20.0
833.88	20.0
841.64	20.0
844.84	20.0
895.68	20.0
908.68	20.0
920.04	20.0
960.96	20.0
980.12	20.0
989.6	20.0
1006.48	20.0
1013.72	20.0
1034.8	20.0
1043.44	20.0
1054.56	20.0
1065.28	20.0
1075.44	20.0
1086.2	20.0
1092.36	20.0
1113.6	20.0
1121.68	20.0
1131.2	20.0
1142.84	20.0
1166.16	20.0
1184.56	20.0
1228.36	20.0
1285.2	20.0
1292.92	20.0
1306.8	20.0
1343.08	20.0
302.48	21.0
311.08	22.0
340.4	22.0
423.28	22.0
536.32	22.0
519.72	22.0
303.52	23.0
310.4	23.0
316.28	23.0
327.6	23.0
480.36	23.0
427.76	23.0
460.96	23.0
516.64	23.0
306.84	24.0
