308.96	1.0
311.76	1.0
386.56	1.0
410.68	1.0
448.44	1.0
451.52	1.0
537.6	1.0
822.48	1.0
327.0	1.0
333.6	1.0
339.36	1.0
348.4	1.0
354.24	1.0
357.0	1.0
362.0	1.0
369.32	1.0
378.72	1.0
390.32	1.0
394.4	1.0
424.6	1.0
440.24	1.0
463.2	1.0
484.56	1.0
1333.28	1.0
308.96	2.0
312.2	2.0
316.44	2.0
329.96	2.0
357.04	2.0
381.96	2.0
400.64	2.0
434.48	2.0
441.24	2.0
460.76	2.0
578.84	2.0
897.8	2.0
957.68	2.0
1210.64	2.0
1373.64	2.0
357.24	3.0
302.48	3.0
308.08	3.0
320.08	3.0
327.84	3.0
336.84	3.0
343.44	3.0
350.2	3.0
361.88	3.0
367.16	3.0
373.16	3.0
383.28	3.0
389.28	3.0
398.12	3.0
407.8	3.0
448.24	3.0
468.24	3.0
510.84	3.0
525.28	3.0
532.96	3.0
546.68	3.0
559.0	3.0
607.68	3.0
620.52	3.0
635.04	3.0
655.08	3.0
672.56	3.0
705.72	3.0
715.76	3.0
745.56	3.0
759.32	3.0
781.16	3.0
813.24	3.0
848.84	3.0
877.48	3.0
917.56	3.0
929.16	3.0
952.28	3.0
1031.92	3.0
1057.36	3.0
1060.6	3.0
1093.16	3.0
1130.48	3.0
1157.24	3.0
1249.72	3.0
1266.84	3.0
1356.36	3.0
738.96	5.0
761.96	5.0
1149.44	5.0
306.12	5.0
337.4	5.0
357.32	5.0
371.28	5.0
384.88	5.0
403.08	5.0
407.0	5.0
414.44	5.0
434.92	5.0
439.28	5.0
477.68	5.0
504.96	5.0
539.8	5.0
613.12	5.0
650.68	5.0
997.28	5.0
303.24	6.0
307.32	6.0
311.72	6.0
318.44	6.0
325.08	6.0
331.28	6.0
336.28	6.0
343.76	6.0
368.28	6.0
382.24	6.0
388.0	6.0
419.4	6.0
433.6	6.0
440.96	6.0
447.68	6.0
456.44	6.0
462.88	6.0
469.12	6.0
476.04	6.0
483.76	6.0
509.28	6.0
521.64	6.0
536.92	6.0
562.36	6.0
582.64	6.0
617.0	6.0
693.32	6.0
715.0	6.0
734.52	6.0
803.12	6.0
900.4	6.0
1010.24	6.0
1027.44	6.0
1043.32	6.0
1070.48	6.0
1124.92	6.0
1135.52	6.0
1157.96	6.0
1222.8	6.0
1248.2	6.0
1282.48	6.0
1306.0	6.0
1360.64	6.0
304.8	7.0
308.68	7.0
315.96	7.0
353.64	7.0
372.16	7.0
385.68	7.0
388.36	7.0
399.4	7.0
434.6	7.0
495.44	7.0
519.52	7.0
563.0	7.0
638.8	7.0
308.96	8.0
311.96	8.0
369.84	8.0
439.36	8.0
898.72	8.0
936.52	8.0
1061.84	8.0
319.44	8.0
335.88	8.0
354.48	8.0
372.96	8.0
387.16	8.0
397.28	8.0
425.04	8.0
430.16	8.0
308.96	9.0
311.84	9.0
323.08	9.0
333.44	9.0
342.0	9.0
360.0	9.0
384.68	9.0
451.52	9.0
892.64	9.0
302.48	10.0
302.96	11.0
354.16	11.0
370.36	11.0
313.84	11.0
329.6	11.0
391.96	11.0
478.2	11.0
761.48	11.0
391.92	12.0
656.72	12.0
1055.2	12.0
304.48	12.0
314.88	12.0
328.68	12.0
344.88	12.0
358.2	12.0
389.28	12.0
409.6	12.0
439.24	12.0
443.52	12.0
468.28	12.0
540.56	12.0
561.24	12.0
570.32	12.0
573.32	12.0
617.04	12.0
680.2	12.0
758.8	12.0
824.2	12.0
931.12	12.0
993.8	12.0
1052.16	12.0
1122.88	12.0
1283.64	12.0
1328.88	12.0
1375.08	12.0
302.44	13.0
310.12	13.0
313.32	13.0
322.0	13.0
328.32	13.0
340.0	13.0
352.16	13.0
360.08	13.0
369.76	13.0
384.36	13.0
390.72	13.0
401.64	13.0
408.76	13.0
416.08	13.0
428.0	13.0
434.64	13.0
443.96	13.0
452.48	13.0
470.04	13.0
479.68	13.0
490.04	13.0
502.16	13.0
511.84	13.0
523.84	13.0
542.44	13.0
563.28	13.0
577.16	13.0
591.88	13.0
604.44	13.0
631.04	13.0
644.76	13.0
660.08	13.0
677.56	13.0
703.64	13.0
736.52	13.0
760.08	13.0
781.28	13.0
804.72	13.0
837.6	13.0
885.16	13.0
916.28	13.0
963.56	13.0
1049.0	13.0
1092.36	13.0
1158.28	13.0
1281.56	13.0
302.96	14.0
452.84	14.0
599.12	14.0
1100.76	14.0
316.08	15.0
323.32	15.0
593.2	15.0
353.96	16.0
383.0	16.0
413.6	16.0
449.88	16.0
558.36	16.0
595.6	16.0
355.24	17.0
631.04	17.0
303.36	17.0
314.24	17.0
363.0	17.0
380.08	17.0
398.2	17.0
441.24	17.0
484.72	17.0
490.52	17.0
740.28	17.0
911.8	17.0
1055.76	17.0
309.0	18.0
311.96	18.0
469.08	18.0
346.56	18.0
371.76	18.0
388.4	18.0
392.72	18.0
494.88	18.0
540.56	18.0
621.68	18.0
784.6	18.0
799.44	18.0
1260.56	18.0
308.96	19.0
311.76	19.0
654.12	19.0
1175.24	20.0
302.44	20.0
307.48	20.0
311.84	20.0
319.12	20.0
322.36	20.0
326.68	20.0
332.24	20.0
339.6	20.0
344.8	20.0
352.28	20.0
357.44	20.0
368.0	20.0
372.68	20.0
382.0	20.0
386.92	20.0
392.48	20.0
397.04	20.0
401.64	20.0
405.88	20.0
419.84	20.0
424.88	20.0
430.4	20.0
449.32	20.0
454.12	20.0
478.12	20.0
483.68	20.0
491.04	20.0
524.04	20.0
531.44	20.0
539.04	20.0
558.44	20.0
562.12	20.0
582.32	20.0
591.32	20.0
602.6	20.0
608.68	20.0
640.8	20.0
652.12	20.0
678.6	20.0
732.8	20.0
738.4	20.0
745.92	20.0
775.96	20.0
784.24	20.0
805.8	20.0
819.92	20.0
841.2	20.0
871.4	20.0
880.52	20.0
900.4	20.0
918.36	20.0
928.04	20.0
960.88	20.0
977.92	20.0
994.12	20.0
997.8	20.0
1012.56	20.0
1042.28	20.0
1054.04	20.0
1067.52	20.0
1081.76	20.0
1094.92	20.0
1105.04	20.0
1117.6	20.0
1129.92	20.0
1136.64	20.0
1152.84	20.0
1165.68	20.0
1185.64	20.0
1199.64	20.0
1213.92	20.0
1223.88	20.0
1236.48	20.0
1245.64	20.0
1259.08	20.0
1273.84	20.0
1276.52	20.0
1293.04	20.0
1302.44	20.0
1315.72	20.0
1333.8	20.0
1365.88	20.0
1377.04	20.0
320.4	21.0
302.44	21.0
371.64	22.0
386.64	22.0
405.2	22.0
445.32	22.0
522.0	22.0
358.4	22.0
312.32	23.0
326.92	23.0
346.0	23.0
368.64	23.0
303.68	23.0
365.2	23.0
423.04	23.0
580.4	23.0
708.56	23.0
306.4	24.0
664.28	24.0
