67.76	1.0
308.96	1.0
311.88	1.0
339.56	1.0
751.6	1.0
23.0	1.0
37.68	1.0
308.96	2.0
311.8	2.0
655.16	2.0
754.72	2.0
12.44	3.0
21.68	3.0
31.96	3.0
52.2	3.0
56.8	3.0
68.36	3.0
105.72	3.0
122.0	3.0
138.0	3.0
200.16	3.0
226.24	3.0
245.64	3.0
264.4	3.0
297.8	3.0
302.76	3.0
381.12	3.0
424.48	3.0
487.72	3.0
538.96	3.0
570.96	3.0
573.68	3.0
605.56	3.0
724.56	3.0
295.84	5.0
310.32	5.0
38.16	5.0
189.64	5.0
277.52	5.0
336.96	5.0
14.84	6.0
36.0	6.0
50.96	6.0
72.04	6.0
84.2	6.0
131.8	6.0
160.04	6.0
254.96	6.0
303.12	6.0
350.88	6.0
401.72	6.0
440.8	6.0
529.08	6.0
601.68	6.0
728.68	6.0
46.36	7.0
76.12	7.0
302.44	7.0
402.04	7.0
254.64	8.0
296.4	8.0
308.96	8.0
311.68	8.0
416.48	8.0
577.4	8.0
771.24	8.0
314.92	8.0
80.76	9.0
309.0	9.0
312.08	9.0
314.88	9.0
415.36	9.0
302.48	10.0
275.32	11.0
51.64	11.0
21.6	12.0
31.24	12.0
52.4	12.0
76.12	12.0
119.92	12.0
212.68	12.0
216.6	12.0
275.48	12.0
330.56	12.0
340.88	12.0
359.32	12.0
361.92	12.0
402.92	12.0
432.24	12.0
449.52	12.0
573.2	12.0
591.2	12.0
653.36	12.0
698.4	12.0
724.0	12.0
20.96	13.0
34.44	13.0
49.16	13.0
74.4	13.0
86.4	13.0
108.88	13.0
129.76	13.0
148.28	13.0
172.4	13.0
198.88	13.0
230.28	13.0
251.72	13.0
303.2	13.0
310.28	13.0
320.08	13.0
342.24	13.0
373.48	13.0
404.6	13.0
454.08	13.0
714.84	14.0
302.56	15.0
111.04	16.0
174.8	16.0
709.4	16.0
195.68	17.0
18.68	17.0
70.68	17.0
80.32	17.0
90.0	17.0
117.96	17.0
132.04	17.0
211.92	17.0
303.4	17.0
546.16	17.0
783.04	17.0
308.96	18.0
311.8	18.0
409.72	18.0
256.68	19.0
308.96	19.0
312.0	19.0
374.6	19.0
636.16	19.0
21.4	20.0
26.52	20.0
32.28	20.0
46.32	20.0
51.04	20.0
64.8	20.0
106.32	20.0
118.16	20.0
133.68	20.0
151.96	20.0
159.16	20.0
170.6	20.0
179.12	20.0
199.28	20.0
220.2	20.0
230.4	20.0
257.96	20.0
268.84	20.0
276.6	20.0
288.6	20.0
302.48	20.0
306.84	20.0
312.32	20.0
322.76	20.0
370.24	20.0
372.92	20.0
397.96	20.0
403.48	20.0
408.48	20.0
414.64	20.0
447.88	20.0
453.4	20.0
470.0	20.0
494.32	20.0
522.16	20.0
542.12	20.0
550.68	20.0
577.28	20.0
587.28	20.0
590.84	20.0
600.72	20.0
606.68	20.0
654.84	20.0
670.2	20.0
722.04	20.0
758.0	20.0
776.68	20.0
807.68	20.0
826.04	20.0
308.28	21.0
302.44	21.0
745.04	23.0
