308.96	1.0
311.96	1.0
355.68	1.0
366.36	1.0
387.92	1.0
416.12	1.0
451.8	1.0
522.36	1.0
1069.84	1.0
1081.76	1.0
1174.64	1.0
329.64	1.0
333.72	1.0
344.2	1.0
351.92	1.0
374.64	1.0
379.6	1.0
393.44	1.0
398.84	1.0
410.6	1.0
430.84	1.0
447.88	1.0
468.68	1.0
483.64	1.0
308.96	2.0
311.84	2.0
339.4	2.0
352.4	2.0
357.4	2.0
374.68	2.0
403.12	2.0
415.08	2.0
431.6	2.0
445.04	2.0
470.08	2.0
499.68	2.0
525.16	2.0
1118.16	2.0
1120.68	2.0
1250.48	2.0
1333.28	2.0
302.48	3.0
312.36	3.0
315.84	3.0
319.0	3.0
325.76	3.0
333.6	3.0
340.92	3.0
354.08	3.0
368.4	3.0
394.44	3.0
407.08	3.0
445.0	3.0
451.84	3.0
475.44	3.0
483.88	3.0
551.8	3.0
558.36	3.0
630.96	3.0
648.92	3.0
669.84	3.0
685.48	3.0
699.64	3.0
737.68	3.0
742.28	3.0
756.6	3.0
778.08	3.0
833.4	3.0
840.56	3.0
862.56	3.0
893.8	3.0
926.76	3.0
940.64	3.0
955.8	3.0
1008.0	3.0
1020.08	3.0
1039.52	3.0
1062.24	3.0
1123.32	3.0
1129.2	3.0
1186.88	3.0
1220.68	3.0
1286.04	3.0
1322.84	3.0
602.08	5.0
823.04	5.0
969.24	5.0
326.96	5.0
356.2	5.0
376.0	5.0
389.52	5.0
401.68	5.0
442.32	5.0
453.92	5.0
507.92	5.0
559.36	5.0
566.24	5.0
588.16	5.0
639.2	5.0
687.76	5.0
741.56	5.0
779.96	5.0
848.76	5.0
302.96	6.0
313.4	6.0
318.16	6.0
324.84	6.0
329.88	6.0
334.24	6.0
339.04	6.0
348.72	6.0
359.92	6.0
365.36	6.0
381.76	6.0
406.64	6.0
411.48	6.0
418.64	6.0
423.84	6.0
438.88	6.0
444.64	6.0
451.52	6.0
456.76	6.0
470.68	6.0
487.08	6.0
545.76	6.0
565.08	6.0
580.92	6.0
607.96	6.0
664.12	6.0
685.48	6.0
705.88	6.0
727.08	6.0
755.92	6.0
805.92	6.0
855.64	6.0
982.2	6.0
1027.28	6.0
1164.6	6.0
1250.88	6.0
304.8	7.0
316.56	7.0
331.2	7.0
342.4	7.0
356.88	7.0
376.76	7.0
394.52	7.0
405.0	7.0
425.36	7.0
444.6	7.0
463.32	7.0
486.28	7.0
511.52	7.0
531.4	7.0
576.28	7.0
645.76	7.0
993.12	7.0
1283.56	7.0
308.96	8.0
312.16	8.0
584.52	8.0
632.8	8.0
325.6	8.0
363.52	8.0
367.0	8.0
405.96	8.0
419.08	8.0
564.36	8.0
1280.32	8.0
308.96	9.0
311.96	9.0
329.04	9.0
353.2	9.0
358.76	9.0
391.72	9.0
436.12	9.0
448.16	9.0
511.0	9.0
650.4	9.0
1055.56	9.0
302.48	10.0
303.72	11.0
342.2	11.0
376.68	11.0
379.92	11.0
606.96	11.0
308.2	11.0
313.32	11.0
323.4	11.0
437.44	11.0
529.24	11.0
646.64	11.0
306.72	12.0
309.36	12.0
313.4	12.0
395.16	12.0
402.64	12.0
433.96	12.0
955.92	12.0
303.76	12.0
330.0	12.0
342.12	12.0
353.04	12.0
359.68	12.0
365.16	12.0
385.52	12.0
390.84	12.0
423.52	12.0
494.44	12.0
499.96	12.0
537.32	12.0
604.72	12.0
755.88	12.0
862.92	12.0
893.84	12.0
916.28	12.0
1009.52	12.0
1043.6	12.0
1157.08	12.0
1248.04	12.0
395.04	13.0
302.44	13.0
310.12	13.0
314.08	13.0
326.56	13.0
330.12	13.0
338.48	13.0
344.84	13.0
350.48	13.0
360.32	13.0
368.52	13.0
373.72	13.0
387.28	13.0
404.96	13.0
414.12	13.0
417.24	13.0
421.48	13.0
427.8	13.0
440.2	13.0
444.2	13.0
448.04	13.0
456.0	13.0
459.96	13.0
464.84	13.0
474.44	13.0
489.0	13.0
499.32	13.0
511.36	13.0
530.36	13.0
543.92	13.0
557.44	13.0
580.36	13.0
591.44	13.0
603.2	13.0
629.0	13.0
646.92	13.0
677.92	13.0
699.32	13.0
714.84	13.0
742.72	13.0
759.64	13.0
794.32	13.0
817.64	13.0
850.96	13.0
883.16	13.0
909.16	13.0
948.4	13.0
989.84	13.0
1043.8	13.0
1165.04	13.0
329.76	14.0
303.16	14.0
364.56	14.0
780.44	14.0
993.2	15.0
1283.72	15.0
458.68	15.0
331.04	16.0
358.48	16.0
378.36	16.0
411.6	16.0
1191.8	16.0
392.72	17.0
588.24	17.0
303.4	17.0
324.2	17.0
330.76	17.0
333.52	17.0
351.8	17.0
365.96	17.0
379.76	17.0
405.36	17.0
415.52	17.0
425.24	17.0
427.76	17.0
618.36	17.0
665.48	17.0
688.96	17.0
1085.8	17.0
1351.68	17.0
308.96	18.0
311.92	18.0
319.56	18.0
427.64	18.0
435.2	18.0
474.8	18.0
519.68	18.0
709.56	18.0
735.6	18.0
803.36	18.0
1130.12	18.0
1215.8	18.0
668.24	19.0
308.96	19.0
312.28	19.0
359.24	19.0
397.6	19.0
648.2	19.0
1024.72	19.0
1072.16	19.0
341.8	20.0
367.44	20.0
754.84	20.0
302.44	20.0
307.72	20.0
312.88	20.0
316.88	20.0
320.24	20.0
327.64	20.0
331.16	20.0
337.6	20.0
359.36	20.0
363.72	20.0
374.12	20.0
384.88	20.0
391.52	20.0
395.12	20.0
398.36	20.0
405.92	20.0
418.64	20.0
427.44	20.0
434.32	20.0
472.68	20.0
541.84	20.0
551.36	20.0
590.12	20.0
606.8	20.0
622.72	20.0
636.88	20.0
646.16	20.0
665.32	20.0
687.96	20.0
700.24	20.0
722.32	20.0
732.16	20.0
761.84	20.0
787.48	20.0
806.16	20.0
820.68	20.0
893.52	20.0
904.24	20.0
960.52	20.0
1004.32	20.0
1018.04	20.0
1058.32	20.0
1072.8	20.0
1119.88	20.0
1134.84	20.0
1159.64	20.0
1216.56	20.0
1225.96	20.0
1249.16	20.0
1279.96	20.0
1294.16	20.0
1313.0	20.0
1336.2	20.0
1353.4	20.0
1365.2	20.0
302.44	21.0
391.48	22.0
304.08	22.0
366.52	22.0
303.44	23.0
317.6	23.0
361.12	23.0
364.56	23.0
425.84	23.0
488.36	23.0
394.92	23.0
466.32	23.0
500.44	23.0
305.96	24.0
