308.96	1.0
311.52	1.0
352.6	1.0
451.76	1.0
480.88	1.0
600.88	1.0
873.44	1.0
1242.0	1.0
328.64	1.0
331.48	1.0
338.72	1.0
348.76	1.0
362.04	1.0
372.64	1.0
380.8	1.0
387.2	1.0
395.12	1.0
407.36	1.0
426.12	1.0
455.08	1.0
514.6	1.0
692.44	1.0
309.0	2.0
311.72	2.0
314.84	2.0
329.88	2.0
342.56	2.0
360.96	2.0
374.08	2.0
394.68	2.0
404.44	2.0
425.68	2.0
449.6	2.0
510.64	2.0
962.0	2.0
1082.28	2.0
1239.52	2.0
1319.2	2.0
1416.92	2.0
302.48	3.0
312.32	3.0
320.68	3.0
328.32	3.0
331.72	3.0
336.96	3.0
343.6	3.0
352.48	3.0
375.2	3.0
384.84	3.0
397.96	3.0
404.2	3.0
410.24	3.0
479.36	3.0
502.6	3.0
512.0	3.0
525.4	3.0
535.8	3.0
624.72	3.0
647.52	3.0
668.8	3.0
692.64	3.0
718.04	3.0
748.52	3.0
780.84	3.0
798.16	3.0
851.72	3.0
859.36	3.0
880.44	3.0
905.36	3.0
1132.84	3.0
1144.48	3.0
1298.72	3.0
1437.92	3.0
1445.36	3.0
326.64	5.0
342.24	5.0
358.96	5.0
372.56	5.0
391.64	5.0
405.48	5.0
441.08	5.0
473.76	5.0
543.36	5.0
649.92	5.0
735.12	5.0
781.64	5.0
872.48	5.0
968.44	5.0
1057.36	5.0
1114.8	5.0
1157.44	5.0
303.16	6.0
315.2	6.0
319.8	6.0
323.28	6.0
332.04	6.0
337.84	6.0
341.36	6.0
344.68	6.0
348.12	6.0
360.0	6.0
371.52	6.0
404.96	6.0
417.44	6.0
423.72	6.0
449.76	6.0
459.2	6.0
465.96	6.0
476.84	6.0
486.64	6.0
527.6	6.0
540.36	6.0
590.4	6.0
602.4	6.0
706.68	6.0
771.68	6.0
859.12	6.0
969.84	6.0
1070.04	6.0
1193.44	6.0
1253.92	6.0
1329.68	6.0
1417.92	6.0
1443.96	6.0
1469.32	6.0
304.84	7.0
313.84	7.0
316.4	7.0
331.44	7.0
340.0	7.0
350.52	7.0
363.4	7.0
371.44	7.0
386.32	7.0
404.68	7.0
426.48	7.0
446.88	7.0
486.96	7.0
528.52	7.0
593.32	7.0
745.36	7.0
1294.8	7.0
308.96	8.0
312.4	8.0
331.84	8.0
479.88	8.0
316.88	8.0
349.72	8.0
381.8	8.0
309.0	9.0
311.72	9.0
334.04	9.0
346.28	9.0
357.88	9.0
406.84	9.0
302.48	10.0
313.76	10.0
348.8	10.0
303.56	11.0
312.68	11.0
317.44	11.0
350.2	11.0
384.08	11.0
330.08	11.0
342.64	11.0
372.24	11.0
428.24	11.0
521.16	11.0
1094.12	11.0
307.8	12.0
349.04	12.0
554.2	12.0
303.16	12.0
311.76	12.0
315.6	12.0
318.8	12.0
338.04	12.0
340.84	12.0
343.48	12.0
356.28	12.0
359.64	12.0
372.84	12.0
395.64	12.0
401.76	12.0
425.2	12.0
429.04	12.0
436.36	12.0
458.76	12.0
487.2	12.0
513.52	12.0
564.72	12.0
705.08	12.0
707.92	12.0
718.52	12.0
771.72	12.0
794.2	12.0
853.08	12.0
972.72	12.0
986.64	12.0
1042.92	12.0
1046.72	12.0
1122.16	12.0
1233.92	12.0
1261.16	12.0
1350.84	12.0
1382.56	12.0
1432.0	12.0
1456.28	12.0
1466.0	12.0
387.28	13.0
302.44	13.0
310.2	13.0
313.6	13.0
321.48	13.0
330.44	13.0
339.88	13.0
349.44	13.0
359.68	13.0
363.0	13.0
372.28	13.0
392.88	13.0
405.08	13.0
413.0	13.0
421.08	13.0
428.2	13.0
435.72	13.0
440.44	13.0
445.84	13.0
451.28	13.0
468.44	13.0
478.84	13.0
489.32	13.0
500.12	13.0
514.04	13.0
526.92	13.0
538.16	13.0
554.88	13.0
569.84	13.0
588.92	13.0
603.04	13.0
619.84	13.0
648.32	13.0
670.36	13.0
684.88	13.0
713.12	13.0
741.12	13.0
775.6	13.0
804.76	13.0
828.68	13.0
857.72	13.0
892.56	13.0
918.88	13.0
971.64	13.0
1039.04	13.0
1178.36	13.0
303.0	14.0
349.92	14.0
1114.84	14.0
331.48	15.0
356.84	15.0
376.4	15.0
404.84	15.0
441.2	15.0
528.64	15.0
1294.92	15.0
311.8	15.0
1153.4	15.0
345.2	16.0
364.92	16.0
388.72	16.0
421.4	16.0
1392.52	16.0
413.04	16.0
671.68	17.0
804.08	17.0
303.52	17.0
394.72	17.0
399.72	17.0
405.76	17.0
423.4	17.0
451.68	17.0
530.2	17.0
556.16	17.0
567.52	17.0
577.88	17.0
1267.2	17.0
1310.16	17.0
1410.88	17.0
308.96	18.0
311.72	18.0
335.8	18.0
390.6	18.0
428.68	18.0
716.92	18.0
309.0	19.0
311.72	19.0
381.12	19.0
394.84	19.0
435.24	19.0
1148.88	19.0
1310.76	19.0
404.64	20.0
307.28	20.0
311.68	20.0
317.88	20.0
321.92	20.0
325.16	20.0
330.72	20.0
335.28	20.0
338.44	20.0
341.84	20.0
344.92	20.0
350.08	20.0
353.96	20.0
357.88	20.0
362.24	20.0
366.28	20.0
370.32	20.0
376.76	20.0
381.2	20.0
385.76	20.0
390.96	20.0
400.8	20.0
435.36	20.0
440.24	20.0
450.96	20.0
465.52	20.0
479.12	20.0
512.32	20.0
540.56	20.0
546.84	20.0
572.56	20.0
598.16	20.0
625.84	20.0
638.4	20.0
651.48	20.0
659.88	20.0
679.6	20.0
688.88	20.0
722.64	20.0
739.72	20.0
771.88	20.0
801.6	20.0
825.04	20.0
833.84	20.0
884.48	20.0
907.96	20.0
964.44	20.0
985.08	20.0
1003.24	20.0
1030.68	20.0
1050.96	20.0
1062.92	20.0
1084.92	20.0
1093.72	20.0
1117.56	20.0
1138.68	20.0
1161.56	20.0
1177.52	20.0
1210.92	20.0
1230.4	20.0
1242.16	20.0
1252.88	20.0
1283.68	20.0
1291.88	20.0
1301.2	20.0
1310.8	20.0
1322.56	20.0
1333.36	20.0
1344.36	20.0
1371.12	20.0
1403.76	20.0
1414.0	20.0
1419.88	20.0
1432.72	20.0
1440.6	20.0
1469.48	20.0
302.48	21.0
310.08	22.0
350.28	22.0
426.52	22.0
303.44	23.0
332.16	23.0
363.24	23.0
351.24	23.0
373.4	23.0
620.48	23.0
331.0	24.0
306.24	24.0
1011.08	24.0
