308.96	1.0
311.96	1.0
315.6	1.0
331.2	1.0
351.16	1.0
376.72	1.0
495.96	1.0
525.56	1.0
1079.92	1.0
318.52	1.0
321.04	1.0
327.92	1.0
336.76	1.0
342.76	1.0
348.4	1.0
356.0	1.0
359.96	1.0
370.04	1.0
373.28	1.0
383.96	1.0
386.84	1.0
410.84	1.0
433.92	1.0
470.4	1.0
384.32	2.0
309.0	2.0
312.12	2.0
317.2	2.0
327.24	2.0
330.76	2.0
340.72	2.0
360.56	2.0
375.08	2.0
402.0	2.0
442.24	2.0
1046.8	2.0
1367.2	2.0
319.4	3.0
302.48	3.0
310.0	3.0
314.64	3.0
328.32	3.0
336.08	3.0
343.92	3.0
349.64	3.0
359.32	3.0
366.56	3.0
375.44	3.0
391.04	3.0
397.76	3.0
401.0	3.0
421.84	3.0
430.64	3.0
448.48	3.0
460.28	3.0
470.28	3.0
481.56	3.0
541.12	3.0
566.08	3.0
577.2	3.0
591.12	3.0
608.28	3.0
630.12	3.0
634.16	3.0
647.68	3.0
672.68	3.0
713.96	3.0
741.12	3.0
788.0	3.0
818.68	3.0
839.32	3.0
880.92	3.0
912.0	3.0
922.0	3.0
976.96	3.0
980.52	3.0
1009.16	3.0
1036.4	3.0
1051.04	3.0
1072.8	3.0
1098.64	3.0
1143.44	3.0
1172.96	3.0
1212.8	4.0
306.4	5.0
812.48	5.0
327.64	5.0
338.96	5.0
364.2	5.0
374.8	5.0
386.32	5.0
397.08	5.0
416.64	5.0
430.16	5.0
448.0	5.0
480.24	5.0
496.4	5.0
520.44	5.0
539.24	5.0
564.44	5.0
603.56	5.0
624.56	5.0
627.76	5.0
664.2	5.0
723.84	5.0
757.2	5.0
764.4	5.0
833.44	5.0
872.68	5.0
882.92	5.0
924.44	5.0
971.16	5.0
303.04	6.0
323.32	6.0
337.92	6.0
346.28	6.0
366.6	6.0
370.52	6.0
382.64	6.0
393.56	6.0
426.6	6.0
434.56	6.0
481.04	6.0
492.12	6.0
610.36	6.0
748.12	6.0
785.84	6.0
840.2	6.0
851.68	6.0
1072.48	6.0
1120.96	6.0
1229.68	6.0
304.84	7.0
314.4	7.0
336.76	7.0
339.52	7.0
344.6	7.0
356.72	7.0
371.48	7.0
396.72	7.0
403.12	7.0
412.48	7.0
446.0	7.0
507.16	7.0
600.52	7.0
710.36	7.0
903.4	7.0
1078.52	7.0
308.96	8.0
311.8	8.0
315.04	8.0
328.0	8.0
353.12	8.0
409.84	8.0
428.28	8.0
566.08	8.0
606.96	8.0
830.28	8.0
918.88	8.0
308.96	9.0
311.8	9.0
328.56	9.0
349.72	9.0
358.6	9.0
383.84	9.0
416.8	9.0
428.04	9.0
690.0	9.0
302.48	10.0
330.8	10.0
303.96	11.0
315.92	11.0
337.04	11.0
342.8	11.0
382.6	11.0
386.96	11.0
395.72	11.0
667.76	11.0
374.16	11.0
440.92	11.0
458.2	11.0
306.48	12.0
309.64	12.0
313.0	12.0
337.24	12.0
345.36	12.0
362.68	12.0
303.92	12.0
315.68	12.0
327.24	12.0
342.64	12.0
350.76	12.0
375.48	12.0
399.08	12.0
423.0	12.0
427.64	12.0
435.72	12.0
471.56	12.0
505.16	12.0
513.32	12.0
519.88	12.0
544.92	12.0
593.76	12.0
649.4	12.0
667.84	12.0
684.52	12.0
726.92	12.0
758.44	12.0
781.76	12.0
812.64	12.0
852.32	12.0
897.92	12.0
937.36	12.0
980.72	12.0
1046.36	12.0
1085.2	12.0
1092.28	12.0
1175.72	12.0
1326.24	12.0
379.68	13.0
302.44	13.0
310.12	13.0
313.56	13.0
323.32	13.0
336.0	13.0
338.72	13.0
344.48	13.0
349.72	13.0
356.72	13.0
365.0	13.0
372.92	13.0
382.6	13.0
393.84	13.0
399.72	13.0
413.88	13.0
424.2	13.0
436.84	13.0
455.32	13.0
464.44	13.0
474.6	13.0
482.28	13.0
492.84	13.0
506.56	13.0
520.24	13.0
539.32	13.0
572.92	13.0
591.52	13.0
606.2	13.0
622.76	13.0
641.16	13.0
668.04	13.0
685.64	13.0
706.6	13.0
728.84	13.0
747.96	13.0
778.4	13.0
797.24	13.0
809.44	13.0
845.32	13.0
874.28	13.0
914.48	13.0
953.04	13.0
969.48	13.0
984.96	13.0
1023.96	13.0
1081.96	13.0
327.28	14.0
347.84	14.0
402.72	14.0
544.04	14.0
577.4	14.0
304.96	15.0
375.72	15.0
412.6	15.0
600.64	15.0
903.44	15.0
1078.64	15.0
346.44	16.0
374.16	16.0
403.4	16.0
460.0	16.0
582.36	16.0
387.4	16.0
338.12	17.0
390.6	17.0
764.28	17.0
303.44	17.0
328.08	17.0
331.0	17.0
345.28	17.0
349.4	17.0
353.84	17.0
360.2	17.0
393.64	17.0
414.68	17.0
427.64	17.0
470.48	17.0
504.28	17.0
555.6	17.0
744.44	17.0
747.16	17.0
778.12	17.0
785.24	17.0
802.88	17.0
849.72	17.0
863.36	17.0
308.96	18.0
311.68	18.0
315.44	18.0
327.84	18.0
342.08	18.0
391.12	18.0
414.48	18.0
511.6	18.0
652.08	18.0
1122.92	18.0
308.96	19.0
312.04	19.0
321.12	19.0
463.6	20.0
700.04	20.0
302.44	20.0
307.84	20.0
312.24	20.0
317.72	20.0
321.28	20.0
324.28	20.0
328.24	20.0
331.72	20.0
335.8	20.0
340.76	20.0
349.16	20.0
354.84	20.0
359.2	20.0
362.8	20.0
367.64	20.0
375.12	20.0
382.48	20.0
404.04	20.0
417.88	20.0
426.88	20.0
440.48	20.0
481.12	20.0
492.04	20.0
499.52	20.0
553.92	20.0
561.04	20.0
606.72	20.0
633.24	20.0
702.72	20.0
747.48	20.0
787.8	20.0
814.48	20.0
851.08	20.0
871.52	20.0
887.44	20.0
911.92	20.0
948.84	20.0
982.4	20.0
1011.48	20.0
1065.48	20.0
1076.12	20.0
1098.76	20.0
1152.76	20.0
1168.72	20.0
1199.76	20.0
1222.6	20.0
1230.72	20.0
1246.8	20.0
1288.4	20.0
1295.92	20.0
1326.12	20.0
1355.88	20.0
1370.16	20.0
302.44	21.0
320.44	21.0
337.44	21.0
309.92	22.0
380.2	22.0
364.6	22.0
340.2	23.0
349.84	23.0
364.76	23.0
401.16	23.0
453.84	23.0
303.6	23.0
373.48	23.0
306.0	24.0
317.56	24.0
326.96	24.0
577.36	24.0
606.96	24.0
