308.96	1.0
311.8	1.0
328.16	1.0
403.36	1.0
439.4	1.0
444.4	1.0
495.68	1.0
620.28	1.0
637.2	1.0
726.92	1.0
753.6	1.0
1089.04	1.0
1290.8	1.0
319.08	1.0
347.12	1.0
351.12	1.0
354.36	1.0
372.68	1.0
383.84	1.0
425.92	1.0
656.0	1.0
693.16	1.0
739.0	1.0
1062.56	1.0
1147.52	1.0
308.96	2.0
312.08	2.0
316.36	2.0
328.0	2.0
352.84	2.0
394.52	2.0
410.08	2.0
433.88	2.0
565.56	2.0
1022.16	2.0
1200.52	2.0
1305.28	2.0
1358.36	2.0
899.28	3.0
302.48	3.0
307.92	3.0
317.72	3.0
327.28	3.0
331.24	3.0
335.52	3.0
352.2	3.0
375.36	3.0
385.48	3.0
401.96	3.0
422.64	3.0
433.28	3.0
446.0	3.0
451.84	3.0
474.8	3.0
504.44	3.0
521.08	3.0
530.68	3.0
533.8	3.0
536.8	3.0
553.48	3.0
566.44	3.0
569.72	3.0
590.84	3.0
599.4	3.0
608.04	3.0
621.64	3.0
655.56	3.0
663.64	3.0
678.88	3.0
708.12	3.0
737.4	3.0
764.4	3.0
814.24	3.0
845.36	3.0
911.2	3.0
920.84	3.0
943.52	3.0
990.84	3.0
1115.28	3.0
1247.8	3.0
302.92	5.0
346.76	5.0
1124.04	5.0
327.84	5.0
352.12	5.0
366.44	5.0
386.32	5.0
408.2	5.0
417.96	5.0
422.24	5.0
436.68	5.0
472.04	5.0
521.36	5.0
531.0	5.0
544.0	5.0
565.48	5.0
699.2	5.0
770.4	5.0
792.28	5.0
303.2	6.0
307.28	6.0
315.6	6.0
320.2	6.0
325.44	6.0
331.56	6.0
336.88	6.0
347.84	6.0
358.76	6.0
366.92	6.0
372.68	6.0
380.92	6.0
399.08	6.0
407.84	6.0
414.44	6.0
425.44	6.0
435.24	6.0
445.4	6.0
453.08	6.0
476.56	6.0
504.16	6.0
520.68	6.0
566.0	6.0
590.84	6.0
819.48	6.0
850.44	6.0
899.84	6.0
1057.92	6.0
1148.96	6.0
1335.48	6.0
305.08	7.0
326.0	7.0
345.4	7.0
366.0	7.0
377.28	7.0
399.56	7.0
434.84	7.0
474.72	7.0
487.44	7.0
589.48	7.0
769.28	7.0
819.8	7.0
900.16	7.0
308.96	8.0
312.04	8.0
342.44	8.0
372.48	8.0
507.28	8.0
623.52	8.0
314.88	8.0
334.48	8.0
400.84	8.0
551.24	8.0
1364.96	8.0
308.96	9.0
312.56	9.0
350.48	9.0
367.44	9.0
440.76	9.0
952.52	9.0
1019.4	9.0
302.48	10.0
303.88	11.0
318.84	11.0
325.32	11.0
336.84	11.0
341.72	11.0
356.08	11.0
411.04	11.0
437.56	11.0
552.52	11.0
318.72	12.0
336.36	12.0
356.04	12.0
452.24	12.0
304.28	12.0
307.04	12.0
312.92	12.0
329.08	12.0
345.68	12.0
367.72	12.0
414.84	12.0
424.32	12.0
429.16	12.0
527.12	12.0
545.24	12.0
599.76	12.0
653.84	12.0
699.0	12.0
766.32	12.0
790.64	12.0
840.36	12.0
899.56	12.0
958.0	12.0
984.88	12.0
1040.92	12.0
1098.64	12.0
1148.24	12.0
302.44	13.0
310.12	13.0
317.12	13.0
326.0	13.0
329.12	13.0
333.4	13.0
345.88	13.0
355.8	13.0
361.12	13.0
367.32	13.0
373.0	13.0
382.92	13.0
404.92	13.0
416.6	13.0
433.32	13.0
442.2	13.0
461.56	13.0
479.04	13.0
495.6	13.0
505.12	13.0
530.92	13.0
546.0	13.0
567.2	13.0
602.2	13.0
622.24	13.0
696.32	13.0
716.08	13.0
744.04	13.0
768.48	13.0
795.68	13.0
831.12	13.0
862.76	13.0
379.64	14.0
305.2	15.0
326.12	15.0
360.12	16.0
404.2	16.0
441.52	16.0
531.68	16.0
949.08	16.0
332.48	17.0
340.6	17.0
303.48	17.0
313.2	17.0
365.56	17.0
378.64	17.0
499.8	17.0
533.6	17.0
568.56	17.0
651.88	17.0
733.6	17.0
931.36	17.0
952.12	17.0
1265.88	17.0
308.96	18.0
311.76	18.0
951.88	18.0
1091.72	18.0
1108.44	18.0
704.28	19.0
308.96	19.0
311.8	19.0
346.12	19.0
400.72	19.0
989.6	19.0
1060.2	19.0
302.48	20.0
306.48	20.0
312.32	20.0
319.0	20.0
322.2	20.0
330.72	20.0
336.16	20.0
341.72	20.0
344.64	20.0
347.16	20.0
355.6	20.0
360.12	20.0
366.44	20.0
373.6	20.0
377.96	20.0
382.0	20.0
389.68	20.0
397.0	20.0
400.84	20.0
412.48	20.0
418.0	20.0
421.28	20.0
427.08	20.0
437.04	20.0
442.68	20.0
453.92	20.0
462.76	20.0
472.92	20.0
478.32	20.0
483.2	20.0
489.4	20.0
518.92	20.0
530.12	20.0
538.32	20.0
547.52	20.0
553.84	20.0
567.32	20.0
572.64	20.0
580.24	20.0
589.88	20.0
596.44	20.0
606.12	20.0
619.28	20.0
624.52	20.0
655.6	20.0
667.12	20.0
682.72	20.0
692.68	20.0
718.24	20.0
727.4	20.0
742.2	20.0
761.68	20.0
813.72	20.0
824.64	20.0
828.44	20.0
891.56	20.0
897.48	20.0
918.04	20.0
930.28	20.0
952.12	20.0
955.28	20.0
983.88	20.0
989.72	20.0
1002.8	20.0
1025.52	20.0
1036.4	20.0
1060.28	20.0
1074.56	20.0
1093.72	20.0
1111.6	20.0
1122.76	20.0
1129.6	20.0
1146.8	20.0
1166.12	20.0
1204.24	20.0
1210.8	20.0
1227.44	20.0
1241.6	20.0
1276.64	20.0
1286.12	20.0
1308.36	20.0
1331.52	20.0
1342.72	20.0
1364.4	20.0
302.44	21.0
426.04	22.0
449.0	22.0
303.4	23.0
328.52	23.0
429.0	23.0
442.96	23.0
476.2	23.0
697.0	23.0
783.12	23.0
958.48	23.0
991.8	23.0
306.2	24.0
1041.72	24.0
