309.0	1.0
312.12	1.0
316.56	1.0
343.8	1.0
386.48	1.0
497.2	1.0
553.32	1.0
608.04	1.0
416.92	1.0
641.44	1.0
863.32	1.0
898.04	1.0
308.96	2.0
311.6	2.0
318.52	2.0
330.88	2.0
365.56	2.0
485.2	2.0
825.04	2.0
919.12	2.0
302.52	3.0
312.12	3.0
317.2	3.0
332.04	3.0
339.4	3.0
365.96	3.0
380.52	3.0
393.0	3.0
400.2	3.0
414.04	3.0
427.04	3.0
442.6	3.0
462.04	3.0
485.44	3.0
489.12	3.0
531.04	3.0
551.08	3.0
567.52	3.0
583.76	3.0
595.0	3.0
599.12	3.0
616.84	3.0
642.56	3.0
655.84	3.0
675.12	3.0
701.76	3.0
723.92	3.0
742.08	3.0
790.68	3.0
824.4	3.0
302.92	5.0
310.48	5.0
488.28	5.0
330.56	5.0
353.96	5.0
356.56	5.0
380.88	5.0
462.32	5.0
497.56	5.0
527.84	5.0
659.16	5.0
303.24	6.0
308.36	6.0
314.04	6.0
320.76	6.0
331.2	6.0
336.6	6.0
350.2	6.0
374.52	6.0
392.64	6.0
405.84	6.0
428.76	6.0
521.76	6.0
548.68	6.0
570.84	6.0
595.84	6.0
608.68	6.0
781.8	6.0
928.88	6.0
306.32	7.0
303.64	7.0
318.04	7.0
336.96	7.0
429.08	7.0
541.8	7.0
308.96	8.0
311.72	8.0
341.8	8.0
744.2	8.0
314.24	8.0
366.48	8.0
309.0	9.0
311.88	9.0
321.04	9.0
892.56	9.0
302.48	10.0
305.48	11.0
396.16	11.0
321.24	11.0
389.96	11.0
485.76	11.0
589.56	11.0
309.84	12.0
313.92	12.0
304.32	12.0
307.16	12.0
331.36	12.0
353.64	12.0
356.72	12.0
375.0	12.0
388.72	12.0
396.28	12.0
442.08	12.0
454.76	12.0
497.84	12.0
530.8	12.0
534.48	12.0
547.64	12.0
566.4	12.0
614.56	12.0
707.76	12.0
732.16	12.0
790.72	12.0
813.4	12.0
862.76	12.0
302.44	13.0
305.2	13.0
310.4	13.0
323.52	13.0
338.48	13.0
356.4	13.0
377.64	13.0
400.28	13.0
422.12	13.0
446.72	13.0
472.88	13.0
497.0	13.0
529.84	13.0
554.36	13.0
592.32	13.0
622.32	13.0
652.56	13.0
684.84	13.0
695.04	13.0
721.96	13.0
778.28	13.0
488.52	14.0
499.6	14.0
733.12	14.0
745.08	14.0
310.64	15.0
389.16	16.0
577.36	16.0
686.4	16.0
811.16	16.0
357.72	17.0
303.6	17.0
308.76	17.0
311.68	17.0
326.52	17.0
390.44	17.0
485.2	17.0
497.56	17.0
512.88	17.0
555.52	17.0
578.48	17.0
594.96	17.0
670.92	17.0
716.84	17.0
768.24	17.0
784.32	17.0
308.96	18.0
311.84	18.0
309.0	19.0
312.32	19.0
334.0	19.0
548.44	19.0
302.44	20.0
308.0	20.0
312.68	20.0
316.68	20.0
320.48	20.0
325.84	20.0
331.32	20.0
338.64	20.0
341.56	20.0
345.36	20.0
354.6	20.0
360.92	20.0
374.8	20.0
380.92	20.0
388.16	20.0
396.0	20.0
403.6	20.0
421.2	20.0
430.0	20.0
440.04	20.0
461.44	20.0
469.2	20.0
486.32	20.0
493.6	20.0
511.84	20.0
524.4	20.0
528.68	20.0
533.72	20.0
540.56	20.0
548.48	20.0
555.0	20.0
569.16	20.0
576.36	20.0
593.48	20.0
625.44	20.0
653.08	20.0
657.92	20.0
678.24	20.0
698.92	20.0
717.32	20.0
731.8	20.0
742.12	20.0
754.52	20.0
779.8	20.0
828.24	20.0
840.52	20.0
860.12	20.0
869.4	20.0
894.68	20.0
922.28	20.0
962.52	20.0
978.44	20.0
302.48	21.0
303.48	23.0
521.48	23.0
641.04	23.0
732.8	23.0
312.04	24.0
365.36	24.0
458.92	24.0
486.04	24.0
674.48	24.0
