308.96	1.0
312.24	1.0
328.48	1.0
343.84	1.0
367.72	1.0
403.52	1.0
427.72	1.0
469.92	1.0
500.84	1.0
594.68	1.0
1117.36	1.0
1210.72	1.0
340.64	1.0
391.0	1.0
773.4	1.0
962.32	1.0
309.0	2.0
311.84	2.0
316.96	2.0
332.8	2.0
380.2	2.0
428.2	2.0
480.68	2.0
803.68	2.0
983.92	2.0
1053.72	2.0
1196.92	2.0
1279.36	2.0
302.44	3.0
312.88	3.0
329.16	3.0
334.16	3.0
338.24	3.0
341.16	3.0
348.56	3.0
356.76	3.0
361.92	3.0
368.84	3.0
379.96	3.0
390.32	3.0
399.84	3.0
407.88	3.0
414.48	3.0
418.4	3.0
431.4	3.0
445.68	3.0
458.64	3.0
472.64	3.0
485.0	3.0
501.0	3.0
504.88	3.0
521.44	3.0
577.4	3.0
595.04	3.0
611.76	3.0
636.16	3.0
650.36	3.0
671.16	3.0
682.8	3.0
688.88	3.0
721.68	3.0
753.44	3.0
789.6	3.0
844.48	3.0
873.28	3.0
989.6	3.0
1025.28	3.0
1065.72	3.0
336.64	5.0
353.2	5.0
464.76	5.0
552.0	5.0
307.2	5.0
328.16	5.0
345.2	5.0
372.4	5.0
397.84	5.0
416.88	5.0
430.4	5.0
500.64	5.0
588.72	5.0
479.48	6.0
303.32	6.0
310.16	6.0
314.08	6.0
319.92	6.0
325.16	6.0
334.6	6.0
342.84	6.0
356.16	6.0
366.96	6.0
397.88	6.0
411.68	6.0
427.8	6.0
433.44	6.0
452.56	6.0
483.32	6.0
501.08	6.0
513.56	6.0
523.96	6.0
554.56	6.0
570.8	6.0
596.56	6.0
646.92	6.0
677.84	6.0
715.48	6.0
760.68	6.0
777.36	6.0
804.8	6.0
835.0	6.0
899.12	6.0
960.2	6.0
1136.28	6.0
1214.08	6.0
1287.52	6.0
305.32	7.0
314.92	7.0
318.68	7.0
344.12	7.0
377.0	7.0
390.08	7.0
397.8	7.0
434.52	7.0
479.28	7.0
513.88	7.0
554.8	7.0
678.2	7.0
777.68	7.0
835.4	7.0
308.96	8.0
311.92	8.0
428.48	8.0
523.96	8.0
633.24	8.0
685.48	8.0
788.4	8.0
931.44	8.0
317.6	8.0
340.68	8.0
345.96	8.0
309.0	9.0
311.92	9.0
394.68	9.0
552.32	9.0
928.04	9.0
302.48	10.0
432.0	10.0
304.88	11.0
344.52	11.0
445.72	11.0
466.08	11.0
512.4	11.0
530.2	11.0
873.72	11.0
1177.52	11.0
303.84	12.0
1289.48	12.0
319.92	12.0
326.16	12.0
344.24	12.0
359.12	12.0
366.96	12.0
397.64	12.0
427.28	12.0
431.88	12.0
438.4	12.0
466.48	12.0
512.16	12.0
524.12	12.0
527.12	12.0
551.6	12.0
559.44	12.0
678.2	12.0
697.0	12.0
739.32	12.0
809.6	12.0
842.04	12.0
897.96	12.0
915.72	12.0
987.08	12.0
1014.8	12.0
1084.88	12.0
1126.88	12.0
1221.32	12.0
1251.12	12.0
1257.84	12.0
1354.04	12.0
302.44	13.0
305.0	13.0
310.16	13.0
319.88	13.0
329.44	13.0
342.64	13.0
354.64	13.0
368.48	13.0
379.04	13.0
394.68	13.0
398.24	13.0
410.04	13.0
424.96	13.0
437.48	13.0
457.24	13.0
472.4	13.0
487.04	13.0
503.16	13.0
522.24	13.0
540.52	13.0
558.8	13.0
585.12	13.0
625.64	13.0
654.32	13.0
725.68	13.0
768.32	13.0
814.0	13.0
901.6	13.0
345.24	14.0
366.08	14.0
397.48	14.0
305.44	15.0
315.04	15.0
398.0	15.0
479.36	15.0
357.36	15.0
685.2	15.0
358.96	16.0
392.12	16.0
479.04	16.0
719.4	16.0
895.52	16.0
1137.6	16.0
1250.36	16.0
344.72	16.0
321.2	17.0
384.24	17.0
303.44	17.0
313.2	17.0
342.2	17.0
362.2	17.0
394.68	17.0
416.2	17.0
420.4	17.0
582.84	17.0
698.88	17.0
803.16	17.0
1085.12	17.0
308.96	18.0
311.64	18.0
432.6	18.0
453.92	18.0
682.04	18.0
308.96	19.0
312.12	19.0
346.4	19.0
366.0	19.0
382.2	19.0
392.0	19.0
503.72	19.0
789.4	19.0
888.48	19.0
1123.16	19.0
331.64	20.0
302.48	20.0
307.56	20.0
314.36	20.0
318.92	20.0
322.28	20.0
337.92	20.0
340.44	20.0
345.96	20.0
350.24	20.0
355.84	20.0
366.12	20.0
368.68	20.0
382.24	20.0
389.88	20.0
396.64	20.0
407.84	20.0
415.4	20.0
420.92	20.0
431.12	20.0
439.2	20.0
446.44	20.0
452.32	20.0
458.36	20.0
465.64	20.0
473.36	20.0
479.8	20.0
487.8	20.0
493.28	20.0
503.84	20.0
511.88	20.0
522.8	20.0
529.72	20.0
554.6	20.0
568.04	20.0
595.2	20.0
630.24	20.0
647.28	20.0
674.08	20.0
685.96	20.0
697.44	20.0
714.24	20.0
725.8	20.0
732.56	20.0
759.68	20.0
782.84	20.0
803.52	20.0
810.2	20.0
853.12	20.0
866.28	20.0
888.56	20.0
897.08	20.0
932.72	20.0
947.68	20.0
986.32	20.0
1033.72	20.0
1041.44	20.0
1053.32	20.0
1071.72	20.0
1084.4	20.0
1104.0	20.0
1112.84	20.0
1129.92	20.0
1134.68	20.0
1177.0	20.0
1183.76	20.0
1204.52	20.0
1223.32	20.0
1231.56	20.0
1258.44	20.0
1269.72	20.0
1286.72	20.0
1322.12	20.0
1333.2	20.0
1364.44	20.0
302.48	21.0
682.4	22.0
310.28	23.0
303.68	23.0
369.0	23.0
398.24	23.0
441.44	23.0
459.76	23.0
666.72	23.0
310.28	24.0
328.6	24.0
