308.92	1.0
312.04	1.0
331.24	1.0
345.48	1.0
365.36	1.0
368.04	1.0
376.8	1.0
386.68	1.0
431.16	1.0
473.28	1.0
585.8	1.0
899.76	1.0
979.8	1.0
1066.32	1.0
328.4	1.0
337.64	1.0
340.4	1.0
352.48	1.0
355.52	1.0
373.92	1.0
399.84	1.0
424.0	1.0
437.92	1.0
462.0	1.0
602.56	1.0
616.76	1.0
309.0	2.0
312.24	2.0
317.84	2.0
332.8	2.0
350.24	2.0
368.24	2.0
412.2	2.0
483.88	2.0
1029.12	2.0
1135.32	2.0
1320.56	2.0
638.92	3.0
302.48	3.0
308.0	3.0
311.2	3.0
320.92	3.0
329.8	3.0
333.48	3.0
339.68	3.0
345.6	3.0
357.04	3.0
364.96	3.0
386.0	3.0
399.32	3.0
408.48	3.0
416.96	3.0
425.8	3.0
483.2	3.0
494.8	3.0
508.32	3.0
511.84	3.0
533.56	3.0
566.72	3.0
580.2	3.0
595.28	3.0
614.92	3.0
633.52	3.0
658.24	3.0
682.4	3.0
702.96	3.0
728.56	3.0
781.6	3.0
798.28	3.0
981.84	3.0
986.92	3.0
1035.08	3.0
1108.6	3.0
1197.12	3.0
302.88	5.0
377.4	5.0
483.84	5.0
311.76	5.0
322.04	5.0
357.96	5.0
380.0	5.0
387.64	5.0
397.04	5.0
409.92	5.0
436.28	5.0
458.12	5.0
526.48	5.0
583.72	5.0
636.44	5.0
643.68	5.0
303.12	6.0
310.2	6.0
315.24	6.0
320.92	6.0
326.96	6.0
332.96	6.0
338.96	6.0
347.4	6.0
359.76	6.0
373.48	6.0
377.68	6.0
384.48	6.0
393.2	6.0
426.32	6.0
435.6	6.0
446.68	6.0
458.72	6.0
484.64	6.0
504.44	6.0
521.2	6.0
534.28	6.0
554.0	6.0
575.56	6.0
607.76	6.0
634.68	6.0
948.24	6.0
1190.48	6.0
303.44	7.0
317.24	7.0
341.68	7.0
358.68	7.0
378.84	7.0
408.48	7.0
426.64	7.0
458.16	7.0
583.24	7.0
655.88	7.0
308.92	8.0
312.08	8.0
504.0	8.0
1163.16	8.0
317.28	8.0
333.96	8.0
348.2	8.0
360.52	8.0
364.32	8.0
387.76	8.0
392.92	8.0
445.36	8.0
473.6	8.0
419.8	9.0
309.0	9.0
311.92	9.0
318.24	9.0
331.24	9.0
343.0	9.0
362.76	9.0
366.08	9.0
445.24	9.0
449.92	9.0
460.48	9.0
521.64	9.0
302.48	10.0
304.0	11.0
311.68	11.0
314.32	11.0
353.8	11.0
365.92	11.0
375.48	11.0
328.04	11.0
384.84	11.0
456.84	11.0
493.08	11.0
1032.8	11.0
304.04	12.0
306.64	12.0
316.08	12.0
755.8	12.0
311.72	12.0
333.48	12.0
352.16	12.0
365.68	12.0
378.68	12.0
384.6	12.0
390.52	12.0
406.12	12.0
409.6	12.0
417.32	12.0
431.32	12.0
469.08	12.0
502.68	12.0
583.48	12.0
610.84	12.0
615.68	12.0
636.64	12.0
727.12	12.0
775.68	12.0
826.32	12.0
871.96	12.0
893.56	12.0
948.56	12.0
962.28	12.0
999.6	12.0
1032.48	12.0
1046.32	12.0
1159.84	12.0
1172.32	12.0
1250.2	12.0
304.96	13.0
302.44	13.0
310.32	13.0
313.56	13.0
321.0	13.0
330.36	13.0
341.16	13.0
352.2	13.0
362.32	13.0
366.36	13.0
369.32	13.0
377.88	13.0
385.4	13.0
394.8	13.0
408.24	13.0
414.76	13.0
430.84	13.0
440.48	13.0
458.0	13.0
471.24	13.0
485.52	13.0
502.16	13.0
513.28	13.0
528.24	13.0
542.28	13.0
557.92	13.0
580.44	13.0
604.96	13.0
627.64	13.0
658.8	13.0
679.8	13.0
717.32	13.0
745.92	13.0
768.28	13.0
801.0	13.0
803.56	13.0
828.68	13.0
880.44	13.0
934.6	13.0
331.84	14.0
571.4	14.0
1275.0	14.0
305.16	15.0
312.6	15.0
343.6	15.0
366.24	15.0
352.8	16.0
382.48	16.0
443.92	16.0
551.2	16.0
627.48	16.0
693.96	16.0
835.36	16.0
303.44	17.0
332.36	17.0
348.0	17.0
359.92	17.0
387.84	17.0
439.0	17.0
465.24	17.0
502.48	17.0
926.24	17.0
948.6	17.0
1033.04	17.0
308.96	18.0
311.76	18.0
348.32	18.0
363.6	18.0
816.24	18.0
873.2	18.0
309.0	19.0
311.84	19.0
347.96	19.0
655.88	19.0
1127.6	19.0
431.68	20.0
302.48	20.0
308.32	20.0
311.92	20.0
315.12	20.0
319.72	20.0
323.6	20.0
328.84	20.0
331.88	20.0
340.4	20.0
345.0	20.0
348.84	20.0
352.2	20.0
360.24	20.0
364.84	20.0
383.2	20.0
387.36	20.0
393.88	20.0
398.36	20.0
405.44	20.0
411.88	20.0
417.92	20.0
423.4	20.0
437.0	20.0
444.88	20.0
458.6	20.0
465.68	20.0
473.04	20.0
478.52	20.0
483.32	20.0
492.56	20.0
522.0	20.0
527.48	20.0
561.0	20.0
593.44	20.0
604.32	20.0
615.64	20.0
647.6	20.0
655.96	20.0
667.96	20.0
708.92	20.0
719.44	20.0
731.04	20.0
742.76	20.0
753.32	20.0
768.44	20.0
814.36	20.0
825.2	20.0
837.32	20.0
856.12	20.0
866.72	20.0
888.12	20.0
911.92	20.0
929.2	20.0
940.68	20.0
961.44	20.0
1021.28	20.0
1032.32	20.0
1092.92	20.0
1100.76	20.0
1139.0	20.0
1150.52	20.0
1161.96	20.0
1169.6	20.0
1191.0	20.0
1213.8	20.0
1225.68	20.0
1272.44	20.0
1285.28	20.0
1309.56	20.0
1331.92	20.0
1348.24	20.0
1359.6	20.0
444.4	21.0
479.96	21.0
302.48	21.0
410.96	22.0
382.2	22.0
344.64	23.0
383.64	23.0
414.04	23.0
718.88	23.0
822.16	23.0
303.6	23.0
759.16	23.0
791.72	23.0
311.2	24.0
