244.48	1.0
308.96	1.0
311.72	1.0
319.4	1.0
523.4	1.0
34.96	1.0
287.28	1.0
309.0	2.0
311.92	2.0
409.72	2.0
556.16	2.0
21.84	3.0
39.72	3.0
124.76	3.0
183.28	3.0
192.12	3.0
223.52	3.0
302.48	3.0
312.44	3.0
317.56	3.0
322.0	3.0
324.84	3.0
342.08	3.0
388.04	3.0
415.04	3.0
502.72	3.0
5.08	5.0
26.28	5.0
325.96	5.0
63.84	5.0
304.84	5.0
47.92	6.0
108.32	6.0
196.04	6.0
215.36	6.0
302.8	6.0
347.2	6.0
437.44	6.0
215.72	7.0
302.44	7.0
308.96	8.0
311.84	8.0
564.64	8.0
128.0	8.0
315.08	8.0
328.4	8.0
74.8	9.0
201.12	9.0
308.96	9.0
311.84	9.0
367.04	9.0
302.48	10.0
325.6	11.0
2.88	12.0
303.48	12.0
306.0	12.0
323.44	12.0
32.56	12.0
64.16	12.0
78.88	12.0
99.96	12.0
150.36	12.0
169.4	12.0
173.0	12.0
181.04	12.0
185.0	12.0
211.72	12.0
218.08	12.0
239.0	12.0
273.76	12.0
358.52	12.0
405.64	12.0
572.2	12.0
645.44	12.0
691.88	12.0
24.12	13.0
68.52	13.0
113.16	13.0
153.04	13.0
203.68	13.0
303.2	13.0
310.24	13.0
319.6	13.0
368.32	13.0
423.16	13.0
106.96	14.0
332.96	16.0
320.0	16.0
74.48	17.0
229.48	17.0
303.32	17.0
314.28	17.0
343.68	17.0
308.96	18.0
311.88	18.0
74.36	18.0
309.0	19.0
311.76	19.0
299.48	20.0
4.32	20.0
16.08	20.0
34.48	20.0
43.88	20.0
51.96	20.0
69.08	20.0
82.88	20.0
150.76	20.0
164.48	20.0
170.28	20.0
182.76	20.0
196.72	20.0
214.44	20.0
241.64	20.0
267.96	20.0
281.92	20.0
295.6	20.0
303.28	20.0
320.0	20.0
328.04	20.0
340.52	20.0
366.48	20.0
384.16	20.0
395.36	20.0
408.44	20.0
411.0	20.0
420.48	20.0
435.56	20.0
468.88	20.0
528.44	20.0
555.92	20.0
302.44	21.0
303.32	23.0
