308.96	1.0
312.64	1.0
330.72	1.0
368.36	1.0
444.8	1.0
482.44	1.0
503.72	1.0
538.8	1.0
650.4	1.0
686.4	1.0
318.08	1.0
324.8	1.0
327.32	1.0
339.76	1.0
342.36	1.0
354.92	1.0
360.64	1.0
364.12	1.0
373.96	1.0
379.2	1.0
396.48	1.0
408.88	1.0
411.68	1.0
426.52	1.0
456.76	1.0
477.96	1.0
628.4	1.0
953.8	1.0
308.96	2.0
311.88	2.0
326.76	2.0
344.36	2.0
360.16	2.0
388.08	2.0
398.96	2.0
422.92	2.0
1081.0	2.0
1153.16	2.0
302.52	3.0
309.72	3.0
318.4	3.0
324.48	3.0
328.2	3.0
333.44	3.0
336.72	3.0
347.88	3.0
355.16	3.0
357.84	3.0
362.56	3.0
365.2	3.0
378.36	3.0
417.56	3.0
466.72	3.0
478.12	3.0
514.2	3.0
532.76	3.0
560.84	3.0
573.68	3.0
588.24	3.0
601.96	3.0
613.44	3.0
634.84	3.0
655.56	3.0
714.72	3.0
745.76	3.0
769.4	3.0
789.24	3.0
836.28	3.0
968.92	3.0
995.48	3.0
1032.6	3.0
1037.96	3.0
1132.8	3.0
313.36	5.0
325.52	5.0
579.8	5.0
614.76	5.0
302.48	5.0
305.32	5.0
329.4	5.0
348.16	5.0
355.24	5.0
361.88	5.0
374.8	5.0
392.04	5.0
410.12	5.0
422.92	5.0
437.16	5.0
443.84	5.0
454.2	5.0
465.64	5.0
489.0	5.0
492.2	5.0
511.64	5.0
551.48	5.0
674.76	5.0
684.0	5.0
828.12	5.0
303.04	6.0
320.32	6.0
324.92	6.0
332.32	6.0
339.16	6.0
343.56	6.0
356.64	6.0
360.64	6.0
365.28	6.0
371.76	6.0
377.4	6.0
389.48	6.0
421.8	6.0
433.0	6.0
436.48	6.0
444.52	6.0
454.2	6.0
461.88	6.0
482.92	6.0
505.04	6.0
517.76	6.0
557.8	6.0
594.92	6.0
707.28	6.0
796.6	6.0
827.0	6.0
951.36	6.0
1149.72	6.0
304.96	7.0
313.24	7.0
327.12	7.0
342.56	7.0
355.8	7.0
365.72	7.0
372.44	7.0
375.0	7.0
387.76	7.0
397.2	7.0
415.76	7.0
434.92	7.0
453.16	7.0
474.24	7.0
496.24	7.0
518.08	7.0
595.32	7.0
948.24	7.0
1150.08	7.0
309.0	8.0
311.56	8.0
321.36	8.0
421.6	8.0
315.8	8.0
327.56	8.0
350.64	8.0
424.32	8.0
309.04	9.0
311.88	9.0
332.88	9.0
356.12	9.0
359.96	9.0
387.32	9.0
401.0	9.0
416.92	9.0
1007.52	9.0
302.48	10.0
378.48	10.0
303.48	11.0
318.88	11.0
329.52	11.0
355.36	11.0
310.92	11.0
377.04	11.0
415.0	11.0
433.6	11.0
451.16	11.0
478.72	11.0
854.56	11.0
307.32	12.0
327.16	12.0
372.0	12.0
397.56	12.0
473.76	12.0
481.2	12.0
872.6	12.0
304.56	12.0
311.28	12.0
319.24	12.0
324.64	12.0
338.4	12.0
345.24	12.0
360.04	12.0
366.16	12.0
378.92	12.0
384.76	12.0
403.4	12.0
415.4	12.0
423.36	12.0
444.0	12.0
462.0	12.0
493.52	12.0
513.08	12.0
734.8	12.0
947.68	12.0
1053.64	12.0
1080.52	12.0
302.44	13.0
310.28	13.0
314.2	13.0
322.72	13.0
329.84	13.0
339.88	13.0
348.44	13.0
357.84	13.0
372.92	13.0
387.04	13.0
395.4	13.0
408.6	13.0
413.48	13.0
416.72	13.0
424.24	13.0
432.28	13.0
440.72	13.0
454.96	13.0
461.4	13.0
469.0	13.0
477.16	13.0
494.44	13.0
504.64	13.0
518.08	13.0
541.52	13.0
554.76	13.0
570.48	13.0
584.44	13.0
598.04	13.0
621.8	13.0
640.84	13.0
656.2	13.0
672.36	13.0
698.16	13.0
715.32	13.0
746.56	13.0
782.84	13.0
803.64	13.0
837.4	13.0
876.4	13.0
911.96	13.0
303.04	14.0
329.68	14.0
372.88	14.0
672.96	14.0
312.92	15.0
433.84	15.0
346.44	16.0
375.76	16.0
400.52	16.0
355.6	17.0
303.36	17.0
321.96	17.0
329.32	17.0
349.08	17.0
367.8	17.0
394.0	17.0
406.6	17.0
425.04	17.0
429.2	17.0
442.2	17.0
465.32	17.0
473.4	17.0
477.84	17.0
577.24	17.0
602.44	17.0
857.28	17.0
1085.28	17.0
308.92	18.0
312.12	18.0
655.88	18.0
822.32	18.0
308.96	19.0
311.88	19.0
662.04	19.0
383.16	20.0
302.44	20.0
311.2	20.0
320.36	20.0
323.88	20.0
328.0	20.0
332.0	20.0
337.72	20.0
340.6	20.0
343.24	20.0
346.0	20.0
350.32	20.0
355.08	20.0
360.04	20.0
365.92	20.0
376.12	20.0
387.76	20.0
392.28	20.0
398.28	20.0
402.36	20.0
409.28	20.0
422.72	20.0
427.96	20.0
433.04	20.0
437.84	20.0
445.48	20.0
464.72	20.0
477.12	20.0
484.76	20.0
490.48	20.0
503.8	20.0
519.84	20.0
531.64	20.0
543.04	20.0
548.0	20.0
574.92	20.0
593.8	20.0
614.48	20.0
629.92	20.0
639.64	20.0
662.12	20.0
698.4	20.0
709.12	20.0
748.72	20.0
768.56	20.0
794.04	20.0
822.12	20.0
831.36	20.0
851.12	20.0
862.64	20.0
872.72	20.0
896.68	20.0
918.12	20.0
944.04	20.0
987.72	20.0
1015.56	20.0
1035.0	20.0
1056.64	20.0
1079.76	20.0
1084.56	20.0
1096.88	20.0
1107.6	20.0
1133.52	20.0
1155.4	20.0
1167.72	20.0
1188.04	20.0
1200.72	20.0
1246.24	20.0
1256.36	20.0
1311.04	20.0
1342.24	20.0
327.16	21.0
302.44	21.0
388.6	22.0
396.72	22.0
463.24	22.0
374.48	22.0
303.32	23.0
330.68	23.0
346.6	23.0
357.04	23.0
541.68	23.0
746.68	23.0
405.76	23.0
302.48	24.0
312.8	24.0
