308.96	1.0
311.8	1.0
316.04	1.0
358.04	1.0
422.0	1.0
472.16	1.0
309.0	2.0
311.92	2.0
427.44	2.0
302.56	3.0
308.2	3.0
313.84	3.0
319.56	3.0
322.08	3.0
326.12	3.0
335.8	3.0
347.52	3.0
364.4	3.0
384.84	3.0
402.12	3.0
429.56	3.0
454.08	3.0
481.0	3.0
17.56	5.0
315.2	5.0
329.44	5.0
332.12	5.0
305.88	5.0
352.2	5.0
393.44	5.0
51.0	6.0
303.04	6.0
306.36	6.0
311.0	6.0
320.56	6.0
327.2	6.0
350.04	6.0
367.04	6.0
387.84	6.0
459.56	6.0
305.96	7.0
311.36	7.0
308.96	8.0
312.08	8.0
328.88	8.0
345.08	8.0
409.24	8.0
491.8	8.0
319.6	8.0
393.16	8.0
497.32	8.0
309.0	9.0
312.12	9.0
302.48	10.0
303.08	11.0
349.72	11.0
435.32	11.0
457.6	11.0
384.52	12.0
105.16	12.0
131.4	12.0
175.56	12.0
304.8	12.0
309.32	12.0
339.08	12.0
342.24	12.0
348.52	12.0
413.08	12.0
436.16	12.0
473.76	12.0
513.76	12.0
524.0	12.0
305.48	13.0
302.44	13.0
310.04	13.0
324.48	13.0
342.8	13.0
392.16	13.0
436.12	13.0
303.68	15.0
394.68	15.0
384.28	16.0
43.6	17.0
303.48	17.0
313.4	17.0
344.52	17.0
408.2	17.0
308.92	18.0
312.0	18.0
475.76	18.0
308.96	19.0
311.88	19.0
342.84	19.0
5.4	20.0
30.64	20.0
302.48	20.0
309.88	20.0
316.0	20.0
322.84	20.0
332.92	20.0
347.32	20.0
354.16	20.0
366.16	20.0
377.04	20.0
391.92	20.0
402.36	20.0
415.8	20.0
426.56	20.0
434.72	20.0
442.72	20.0
457.08	20.0
471.68	20.0
490.2	20.0
502.96	20.0
530.8	20.0
555.36	20.0
302.48	21.0
303.4	23.0
