309.0	1.0
312.28	1.0
353.36	1.0
360.08	1.0
400.16	1.0
404.92	1.0
509.32	1.0
513.72	1.0
554.76	1.0
845.56	1.0
1023.08	1.0
1068.08	1.0
1272.52	1.0
318.36	1.0
330.84	1.0
341.08	1.0
343.88	1.0
346.8	1.0
366.0	1.0
371.28	1.0
373.8	1.0
394.0	1.0
436.32	1.0
531.96	1.0
625.16	1.0
308.96	2.0
312.12	2.0
317.2	2.0
334.08	2.0
358.4	2.0
376.56	2.0
392.84	2.0
995.36	2.0
1219.72	2.0
1340.0	2.0
302.6	3.0
307.8	3.0
313.08	3.0
318.44	3.0
327.08	3.0
335.12	3.0
342.76	3.0
352.24	3.0
361.28	3.0
368.24	3.0
394.6	3.0
402.8	3.0
427.04	3.0
434.12	3.0
468.16	3.0
481.24	3.0
490.52	3.0
494.16	3.0
504.16	3.0
537.52	3.0
567.6	3.0
590.96	3.0
605.76	3.0
628.92	3.0
645.84	3.0
670.08	3.0
673.8	3.0
683.48	3.0
698.6	3.0
705.4	3.0
738.72	3.0
753.16	3.0
786.8	3.0
857.6	3.0
880.92	3.0
913.16	3.0
964.84	3.0
1023.88	3.0
1171.44	3.0
1297.52	3.0
302.88	5.0
657.32	5.0
325.72	5.0
328.64	5.0
348.56	5.0
372.36	5.0
391.32	5.0
407.6	5.0
428.68	5.0
440.92	5.0
477.36	5.0
534.64	5.0
540.24	5.0
567.4	5.0
638.4	5.0
361.92	6.0
303.12	6.0
309.48	6.0
313.48	6.0
318.84	6.0
324.72	6.0
331.72	6.0
335.96	6.0
341.2	6.0
351.32	6.0
357.72	6.0
370.12	6.0
374.16	6.0
380.44	6.0
389.92	6.0
394.6	6.0
402.12	6.0
416.84	6.0
426.6	6.0
435.4	6.0
444.76	6.0
480.76	6.0
495.48	6.0
522.24	6.0
536.0	6.0
629.52	6.0
639.12	6.0
695.52	6.0
765.16	6.0
845.96	6.0
862.52	6.0
995.08	6.0
1024.16	6.0
1255.36	6.0
1286.56	6.0
306.16	7.0
332.84	7.0
303.44	7.0
325.04	7.0
346.84	7.0
361.24	7.0
381.12	7.0
403.2	7.0
520.48	7.0
638.76	7.0
693.96	7.0
308.96	8.0
312.48	8.0
430.4	8.0
852.72	8.0
1101.2	8.0
329.72	8.0
351.76	8.0
361.2	8.0
488.12	8.0
557.68	8.0
654.64	8.0
1316.36	8.0
309.0	9.0
312.08	9.0
332.92	9.0
357.8	9.0
363.52	9.0
731.0	9.0
743.8	9.0
302.48	10.0
357.44	10.0
830.0	10.0
303.12	11.0
311.6	11.0
348.96	11.0
361.08	11.0
664.8	11.0
315.8	11.0
319.64	11.0
336.72	11.0
367.16	11.0
384.12	11.0
501.96	11.0
656.76	11.0
691.0	11.0
694.0	11.0
309.2	12.0
383.6	12.0
392.0	12.0
407.32	12.0
557.12	12.0
653.12	12.0
764.08	12.0
303.96	12.0
314.76	12.0
328.28	12.0
345.84	12.0
362.08	12.0
364.6	12.0
370.84	12.0
429.32	12.0
440.96	12.0
453.12	12.0
459.68	12.0
468.4	12.0
522.96	12.0
564.76	12.0
592.08	12.0
713.04	12.0
734.16	12.0
739.04	12.0
788.04	12.0
905.36	12.0
951.72	12.0
959.96	12.0
1034.48	12.0
1087.44	12.0
1123.24	12.0
1219.72	12.0
1313.36	12.0
1319.32	12.0
302.44	13.0
310.24	13.0
316.32	13.0
323.92	13.0
331.96	13.0
347.6	13.0
353.68	13.0
361.44	13.0
371.76	13.0
383.4	13.0
392.12	13.0
401.96	13.0
414.36	13.0
425.08	13.0
437.04	13.0
457.68	13.0
471.2	13.0
485.84	13.0
499.44	13.0
518.44	13.0
534.56	13.0
551.28	13.0
566.04	13.0
590.36	13.0
614.12	13.0
630.68	13.0
650.52	13.0
683.16	13.0
702.72	13.0
727.36	13.0
751.16	13.0
782.72	13.0
839.08	13.0
933.76	13.0
308.0	14.0
330.32	14.0
348.32	14.0
441.36	14.0
325.16	15.0
520.6	15.0
360.12	16.0
389.76	16.0
435.92	16.0
1164.52	16.0
848.36	17.0
303.44	17.0
341.6	17.0
352.64	17.0
367.36	17.0
373.52	17.0
423.04	17.0
500.68	17.0
531.24	17.0
729.68	17.0
764.92	17.0
818.52	17.0
1058.04	17.0
1187.84	17.0
1231.56	17.0
308.96	18.0
311.64	18.0
314.16	18.0
380.28	18.0
729.48	18.0
1132.28	18.0
308.96	19.0
311.76	19.0
383.6	19.0
403.0	19.0
457.36	19.0
592.36	20.0
302.44	20.0
308.36	20.0
311.64	20.0
319.16	20.0
322.48	20.0
330.12	20.0
334.16	20.0
338.32	20.0
342.28	20.0
346.76	20.0
351.96	20.0
355.64	20.0
360.96	20.0
366.68	20.0
371.28	20.0
375.6	20.0
379.28	20.0
383.72	20.0
389.28	20.0
394.6	20.0
408.52	20.0
424.36	20.0
430.28	20.0
440.48	20.0
446.32	20.0
452.52	20.0
457.4	20.0
464.36	20.0
471.76	20.0
481.56	20.0
487.64	20.0
497.08	20.0
506.56	20.0
531.32	20.0
547.24	20.0
564.04	20.0
575.08	20.0
589.8	20.0
636.08	20.0
672.08	20.0
689.44	20.0
713.56	20.0
722.08	20.0
731.96	20.0
762.8	20.0
783.36	20.0
810.36	20.0
824.68	20.0
847.16	20.0
851.64	20.0
887.04	20.0
919.2	20.0
930.8	20.0
965.76	20.0
997.28	20.0
1010.16	20.0
1017.36	20.0
1027.88	20.0
1050.16	20.0
1084.76	20.0
1087.28	20.0
1096.32	20.0
1111.48	20.0
1132.0	20.0
1143.56	20.0
1171.8	20.0
1185.96	20.0
1196.04	20.0
1222.44	20.0
1240.08	20.0
1255.24	20.0
1266.12	20.0
1277.12	20.0
1287.84	20.0
1306.04	20.0
1313.16	20.0
1329.16	20.0
1343.24	20.0
302.48	21.0
362.56	22.0
706.92	23.0
958.04	23.0
303.64	23.0
342.8	23.0
409.48	23.0
308.32	24.0
349.56	24.0
435.6	24.0
1176.24	24.0
