308.96	1.0
312.36	1.0
333.4	1.0
358.64	1.0
371.84	1.0
431.44	1.0
708.36	1.0
906.88	1.0
315.28	1.0
325.68	1.0
335.92	1.0
348.0	1.0
378.0	1.0
477.32	1.0
493.48	1.0
308.96	2.0
312.36	2.0
332.36	2.0
372.56	2.0
396.48	2.0
400.16	2.0
621.24	2.0
956.76	2.0
302.48	3.0
307.88	3.0
314.08	3.0
321.28	3.0
323.8	3.0
327.16	3.0
331.2	3.0
333.92	3.0
342.44	3.0
351.24	3.0
358.72	3.0
370.48	3.0
376.08	3.0
386.52	3.0
401.28	3.0
412.0	3.0
419.56	3.0
424.84	3.0
433.0	3.0
437.32	3.0
454.56	3.0
471.12	3.0
482.64	3.0
493.72	3.0
506.04	3.0
509.52	3.0
517.48	3.0
527.96	3.0
544.6	3.0
563.36	3.0
565.96	3.0
598.72	3.0
604.8	3.0
626.76	3.0
650.04	3.0
701.44	3.0
728.48	3.0
762.6	3.0
798.92	3.0
891.52	3.0
934.28	3.0
951.08	3.0
984.0	3.0
411.6	5.0
462.12	5.0
551.28	5.0
303.12	5.0
316.2	5.0
336.52	5.0
348.72	5.0
353.76	5.0
384.04	5.0
396.64	5.0
425.96	5.0
483.2	5.0
491.08	5.0
784.64	5.0
1025.44	5.0
303.04	6.0
313.84	6.0
320.08	6.0
326.84	6.0
334.32	6.0
339.44	6.0
347.76	6.0
351.72	6.0
359.52	6.0
367.52	6.0
373.68	6.0
384.28	6.0
397.6	6.0
418.88	6.0
434.0	6.0
492.92	6.0
504.88	6.0
510.64	6.0
531.72	6.0
557.76	6.0
665.88	6.0
697.92	6.0
788.4	6.0
1077.6	6.0
306.04	7.0
303.4	7.0
328.24	7.0
334.84	7.0
367.36	7.0
395.68	7.0
433.0	7.0
532.08	7.0
623.36	7.0
308.92	8.0
311.88	8.0
345.04	8.0
398.4	8.0
785.72	8.0
1093.48	8.0
317.44	8.0
333.28	8.0
347.92	8.0
454.0	8.0
762.32	8.0
309.0	9.0
311.88	9.0
375.8	9.0
590.12	9.0
302.48	10.0
335.56	11.0
510.84	11.0
315.68	11.0
410.36	11.0
452.96	11.0
563.64	11.0
895.8	12.0
304.08	12.0
307.0	12.0
312.04	12.0
320.68	12.0
331.52	12.0
336.36	12.0
348.68	12.0
372.72	12.0
378.96	12.0
381.96	12.0
389.84	12.0
412.32	12.0
426.2	12.0
442.76	12.0
462.36	12.0
480.44	12.0
488.12	12.0
522.4	12.0
552.0	12.0
555.36	12.0
624.84	12.0
646.52	12.0
782.28	12.0
900.84	12.0
943.68	12.0
1007.2	12.0
302.44	13.0
305.08	13.0
315.32	13.0
330.92	13.0
340.0	13.0
351.04	13.0
365.56	13.0
378.4	13.0
392.6	13.0
408.04	13.0
420.44	13.0
435.84	13.0
450.28	13.0
465.4	13.0
479.6	13.0
500.48	13.0
514.76	13.0
532.76	13.0
552.12	13.0
579.08	13.0
604.2	13.0
631.16	13.0
670.76	13.0
710.04	13.0
765.08	13.0
347.52	14.0
488.08	14.0
305.36	15.0
367.44	15.0
329.2	15.0
412.44	15.0
675.76	15.0
370.68	16.0
504.24	16.0
338.0	17.0
303.56	17.0
359.52	17.0
367.2	17.0
395.12	17.0
413.52	17.0
519.68	17.0
554.48	17.0
735.16	17.0
747.32	17.0
911.72	17.0
308.96	18.0
311.96	18.0
322.2	18.0
338.0	18.0
352.28	18.0
415.04	18.0
567.44	18.0
553.56	19.0
308.96	19.0
311.8	19.0
322.52	19.0
327.4	19.0
358.36	19.0
425.2	20.0
302.48	20.0
307.16	20.0
311.76	20.0
316.2	20.0
320.96	20.0
325.8	20.0
332.48	20.0
336.68	20.0
342.12	20.0
347.44	20.0
351.84	20.0
356.32	20.0
360.24	20.0
365.84	20.0
371.16	20.0
375.48	20.0
382.12	20.0
389.04	20.0
396.4	20.0
411.84	20.0
418.92	20.0
435.24	20.0
441.16	20.0
453.8	20.0
461.08	20.0
469.8	20.0
476.12	20.0
489.32	20.0
494.68	20.0
501.44	20.0
513.12	20.0
519.0	20.0
530.96	20.0
539.2	20.0
554.08	20.0
564.6	20.0
570.88	20.0
578.8	20.0
589.8	20.0
597.08	20.0
607.64	20.0
624.12	20.0
630.4	20.0
647.4	20.0
664.04	20.0
673.32	20.0
695.48	20.0
728.08	20.0
732.0	20.0
761.8	20.0
771.0	20.0
787.52	20.0
808.36	20.0
858.16	20.0
895.2	20.0
939.2	20.0
957.84	20.0
964.24	20.0
975.56	20.0
996.56	20.0
1004.52	20.0
1039.76	20.0
1095.0	20.0
302.48	21.0
328.28	21.0
313.72	22.0
332.24	22.0
411.08	22.0
374.24	22.0
426.32	22.0
303.44	23.0
365.6	23.0
333.76	23.0
378.24	23.0
457.2	23.0
514.04	23.0
515.04	24.0
311.08	24.0
329.2	24.0
