310.24	1.0
796.12	1.0
302.48	1.0
314.4	1.0
319.8	1.0
323.04	1.0
337.56	1.0
437.12	1.0
966.2	1.0
1080.72	1.0
308.96	2.0
312.12	2.0
318.28	2.0
323.96	2.0
337.56	2.0
381.24	2.0
396.0	2.0
446.0	2.0
469.32	2.0
692.24	2.0
936.88	2.0
1131.56	2.0
1254.04	2.0
328.52	3.0
349.56	3.0
309.04	3.0
312.2	3.0
318.32	3.0
325.28	3.0
334.44	3.0
345.96	3.0
354.4	3.0
363.2	3.0
370.84	3.0
373.72	3.0
389.44	3.0
398.56	3.0
412.96	3.0
418.2	3.0
424.24	3.0
437.96	3.0
443.64	3.0
447.48	3.0
470.08	3.0
476.32	3.0
482.4	3.0
499.36	3.0
504.24	3.0
516.0	3.0
529.0	3.0
540.56	3.0
572.92	3.0
585.4	3.0
596.2	3.0
612.24	3.0
640.72	3.0
659.52	3.0
668.04	3.0
692.0	3.0
726.36	3.0
752.56	3.0
765.36	3.0
781.56	3.0
842.96	3.0
885.68	3.0
940.64	3.0
951.56	3.0
1058.52	3.0
1075.84	3.0
1407.04	3.0
488.56	5.0
1119.4	5.0
323.28	5.0
330.08	5.0
351.2	5.0
381.64	5.0
414.56	5.0
449.04	5.0
484.88	5.0
499.8	5.0
537.08	5.0
555.8	5.0
571.96	5.0
597.84	5.0
663.28	5.0
877.8	5.0
1100.92	5.0
613.28	6.0
302.52	6.0
305.04	6.0
314.24	6.0
319.8	6.0
325.48	6.0
333.88	6.0
338.12	6.0
346.12	6.0
350.68	6.0
355.44	6.0
364.84	6.0
372.32	6.0
377.6	6.0
386.88	6.0
397.2	6.0
406.12	6.0
416.2	6.0
426.44	6.0
439.72	6.0
448.64	6.0
463.32	6.0
471.76	6.0
490.24	6.0
501.36	6.0
511.2	6.0
524.28	6.0
572.76	6.0
585.76	6.0
604.2	6.0
635.12	6.0
657.84	6.0
675.76	6.0
685.08	6.0
700.8	6.0
743.6	6.0
771.84	6.0
797.16	6.0
826.36	6.0
862.76	6.0
896.92	6.0
943.2	6.0
1028.2	6.0
1118.92	6.0
1178.8	6.0
305.24	7.0
302.72	7.0
314.8	7.0
331.68	7.0
347.08	7.0
351.08	7.0
398.16	7.0
658.2	7.0
701.12	7.0
615.36	8.0
302.76	8.0
319.56	8.0
335.76	8.0
355.36	8.0
376.92	8.0
309.0	9.0
311.88	9.0
343.96	9.0
472.72	9.0
599.04	9.0
714.44	9.0
308.96	10.0
311.88	10.0
302.48	11.0
318.72	11.0
334.36	11.0
370.56	11.0
399.16	11.0
417.0	11.0
310.68	12.0
324.36	12.0
334.24	12.0
371.16	12.0
472.04	12.0
658.36	12.0
302.84	12.0
313.72	12.0
320.2	12.0
346.36	12.0
350.04	12.0
395.52	12.0
416.64	12.0
424.68	12.0
447.4	12.0
496.28	12.0
539.2	12.0
554.12	12.0
571.52	12.0
614.8	12.0
624.08	12.0
634.52	12.0
694.4	12.0
779.92	12.0
852.48	12.0
861.0	12.0
904.16	12.0
928.36	12.0
945.8	12.0
948.84	12.0
1001.64	12.0
1041.56	12.0
1081.32	12.0
1179.68	12.0
302.88	13.0
314.32	13.0
322.88	13.0
333.32	13.0
345.24	13.0
353.6	13.0
365.28	13.0
380.04	13.0
388.92	13.0
410.04	13.0
414.36	13.0
423.52	13.0
443.04	13.0
448.0	13.0
454.6	13.0
471.72	13.0
488.68	13.0
504.28	13.0
520.6	13.0
541.4	13.0
555.24	13.0
573.24	13.0
597.76	13.0
633.96	13.0
662.8	13.0
696.44	13.0
718.56	13.0
744.96	13.0
767.08	13.0
813.88	13.0
866.08	13.0
893.8	13.0
612.88	14.0
302.88	14.0
317.56	14.0
539.2	14.0
727.12	14.0
304.6	15.0
341.96	15.0
1073.72	15.0
354.12	16.0
398.04	16.0
457.4	16.0
568.2	16.0
822.44	16.0
1058.64	16.0
313.28	17.0
302.48	17.0
323.92	17.0
340.48	17.0
353.8	17.0
359.84	17.0
382.88	17.0
399.92	17.0
439.36	17.0
466.08	17.0
513.08	17.0
566.8	17.0
595.52	17.0
636.36	17.0
706.4	17.0
729.52	17.0
1118.36	17.0
302.48	18.0
328.2	18.0
1044.88	18.0
308.96	19.0
311.64	19.0
320.28	19.0
328.44	19.0
340.12	19.0
573.64	19.0
732.08	19.0
1192.12	19.0
328.24	20.0
532.76	20.0
309.04	20.0
311.88	20.0
316.64	20.0
320.32	20.0
324.44	20.0
340.08	20.0
345.08	20.0
349.84	20.0
356.2	20.0
366.72	20.0
371.16	20.0
376.64	20.0
383.88	20.0
388.36	20.0
394.64	20.0
398.72	20.0
408.12	20.0
416.4	20.0
422.8	20.0
450.04	20.0
471.44	20.0
488.0	20.0
494.24	20.0
503.16	20.0
509.68	20.0
535.84	20.0
552.88	20.0
571.28	20.0
582.72	20.0
598.04	20.0
616.0	20.0
630.68	20.0
637.32	20.0
650.2	20.0
668.88	20.0
674.8	20.0
685.28	20.0
698.6	20.0
710.96	20.0
715.88	20.0
724.8	20.0
761.4	20.0
842.36	20.0
863.6	20.0
881.72	20.0
891.44	20.0
906.36	20.0
939.64	20.0
965.56	20.0
979.12	20.0
985.24	20.0
1027.84	20.0
1042.28	20.0
1056.2	20.0
1076.08	20.0
1117.12	20.0
1130.36	20.0
1163.4	20.0
1192.2	20.0
1207.92	20.0
1226.32	20.0
1271.96	20.0
1283.72	20.0
302.52	21.0
415.68	22.0
370.84	22.0
321.0	23.0
310.72	24.0
