308.96	1.0
312.08	1.0
326.44	1.0
874.88	1.0
938.64	1.0
314.68	1.0
355.92	1.0
364.36	1.0
705.64	1.0
796.08	1.0
932.12	1.0
309.0	2.0
312.0	2.0
314.6	2.0
352.56	2.0
406.2	2.0
427.76	2.0
515.68	2.0
552.76	2.0
821.96	2.0
978.88	2.0
1055.12	2.0
1113.84	2.0
1275.2	2.0
322.52	3.0
715.6	3.0
302.52	3.0
314.68	3.0
334.16	3.0
344.88	3.0
352.16	3.0
362.56	3.0
375.8	3.0
384.64	3.0
388.24	3.0
397.0	3.0
401.08	3.0
429.52	3.0
444.12	3.0
460.68	3.0
473.8	3.0
482.24	3.0
493.56	3.0
515.8	3.0
521.32	3.0
526.92	3.0
531.8	3.0
548.76	3.0
556.56	3.0
572.72	3.0
577.32	3.0
596.0	3.0
619.16	3.0
637.92	3.0
649.44	3.0
684.16	3.0
702.48	3.0
708.72	3.0
850.08	3.0
907.16	3.0
967.6	3.0
1019.12	3.0
1038.92	3.0
352.24	5.0
397.2	5.0
445.48	5.0
471.88	5.0
302.48	5.0
305.88	5.0
330.28	5.0
374.56	5.0
432.68	5.0
487.16	5.0
532.28	5.0
565.8	5.0
659.52	5.0
738.08	5.0
303.2	6.0
311.0	6.0
317.84	6.0
322.6	6.0
330.2	6.0
351.4	6.0
369.12	6.0
379.52	6.0
387.4	6.0
400.92	6.0
414.88	6.0
434.56	6.0
470.64	6.0
491.48	6.0
510.64	6.0
531.76	6.0
630.92	6.0
692.36	6.0
725.4	6.0
838.32	6.0
977.32	6.0
991.68	6.0
1009.4	6.0
1039.92	6.0
1111.24	6.0
1181.56	6.0
304.12	7.0
328.48	7.0
351.72	7.0
377.32	7.0
379.88	7.0
468.48	7.0
618.6	7.0
1181.92	7.0
308.96	8.0
311.68	8.0
421.6	8.0
449.8	8.0
905.4	8.0
1109.0	8.0
317.92	8.0
711.12	9.0
308.96	9.0
311.92	9.0
428.6	9.0
525.56	9.0
1015.28	9.0
1135.36	9.0
302.48	10.0
1004.92	10.0
303.96	11.0
317.32	11.0
313.04	12.0
435.28	12.0
307.56	12.0
317.28	12.0
326.24	12.0
343.04	12.0
353.24	12.0
361.12	12.0
378.8	12.0
402.56	12.0
405.2	12.0
416.08	12.0
448.88	12.0
505.12	12.0
527.52	12.0
532.28	12.0
593.4	12.0
809.92	12.0
832.76	12.0
927.76	12.0
931.2	12.0
1117.6	12.0
1204.96	12.0
1234.08	12.0
302.48	13.0
305.8	13.0
310.32	13.0
318.16	13.0
327.52	13.0
346.84	13.0
364.6	13.0
383.12	13.0
399.12	13.0
418.0	13.0
437.36	13.0
464.76	13.0
487.2	13.0
518.48	13.0
551.04	13.0
553.8	13.0
591.36	13.0
632.56	13.0
693.84	13.0
727.28	13.0
764.84	13.0
924.2	13.0
376.88	14.0
524.4	14.0
305.64	15.0
328.56	15.0
316.68	15.0
901.8	15.0
1172.48	15.0
364.44	16.0
597.28	16.0
1160.72	16.0
383.68	16.0
303.48	17.0
313.56	17.0
322.4	17.0
358.76	17.0
413.28	17.0
425.64	17.0
474.28	17.0
482.08	17.0
508.04	17.0
797.4	17.0
882.44	17.0
1007.36	17.0
1094.44	17.0
308.96	18.0
312.04	18.0
322.08	18.0
407.64	18.0
528.2	18.0
579.56	18.0
586.64	18.0
619.6	18.0
903.08	18.0
308.96	19.0
311.92	19.0
399.16	19.0
618.92	20.0
302.48	20.0
314.12	20.0
321.24	20.0
326.8	20.0
336.72	20.0
343.52	20.0
351.2	20.0
355.4	20.0
368.16	20.0
377.32	20.0
387.48	20.0
396.0	20.0
399.64	20.0
405.0	20.0
418.28	20.0
426.08	20.0
432.28	20.0
442.72	20.0
449.68	20.0
461.08	20.0
470.44	20.0
479.56	20.0
507.48	20.0
518.16	20.0
528.36	20.0
540.12	20.0
544.4	20.0
555.96	20.0
568.04	20.0
578.36	20.0
593.48	20.0
602.56	20.0
613.92	20.0
629.28	20.0
638.64	20.0
659.44	20.0
681.52	20.0
708.0	20.0
716.68	20.0
722.92	20.0
744.32	20.0
771.48	20.0
794.92	20.0
824.8	20.0
828.16	20.0
835.28	20.0
893.6	20.0
906.08	20.0
926.04	20.0
929.28	20.0
959.64	20.0
976.76	20.0
982.44	20.0
998.72	20.0
1004.96	20.0
1037.04	20.0
1058.68	20.0
1086.32	20.0
1116.92	20.0
1125.6	20.0
1136.28	20.0
1157.68	20.0
1173.64	20.0
1187.12	20.0
1234.92	20.0
302.48	21.0
426.48	21.0
310.36	22.0
480.44	22.0
303.52	23.0
351.48	23.0
585.48	23.0
886.24	23.0
404.0	23.0
310.92	24.0
473.36	24.0
