308.96	1.0
312.6	1.0
351.48	1.0
384.64	1.0
463.32	1.0
473.16	1.0
503.56	1.0
578.0	1.0
593.6	1.0
990.04	1.0
317.04	1.0
330.6	1.0
346.36	1.0
379.56	1.0
396.48	1.0
427.72	1.0
493.96	1.0
685.04	1.0
314.96	2.0
309.0	2.0
312.04	2.0
328.92	2.0
343.76	2.0
424.12	2.0
593.48	2.0
738.68	2.0
975.8	2.0
1123.0	2.0
1296.0	2.0
302.48	3.0
311.56	3.0
317.64	3.0
328.2	3.0
332.08	3.0
341.44	3.0
352.08	3.0
363.72	3.0
369.76	3.0
379.4	3.0
386.6	3.0
427.72	3.0
446.96	3.0
449.56	3.0
458.8	3.0
469.92	3.0
485.8	3.0
515.08	3.0
528.16	3.0
535.88	3.0
544.04	3.0
556.76	3.0
576.84	3.0
597.24	3.0
611.16	3.0
625.0	3.0
632.52	3.0
661.08	3.0
697.52	3.0
719.48	3.0
740.28	3.0
742.88	3.0
799.76	3.0
941.64	3.0
995.32	3.0
1041.0	3.0
1098.44	3.0
1123.12	3.0
1144.84	3.0
1154.4	3.0
989.96	5.0
302.56	5.0
306.28	5.0
314.08	5.0
323.56	5.0
343.68	5.0
359.76	5.0
382.48	5.0
403.72	5.0
449.72	5.0
461.84	5.0
483.92	5.0
518.12	5.0
742.96	5.0
323.56	6.0
303.08	6.0
310.08	6.0
315.24	6.0
331.28	6.0
340.92	6.0
349.8	6.0
361.36	6.0
367.04	6.0
396.16	6.0
407.36	6.0
423.56	6.0
428.52	6.0
435.24	6.0
448.6	6.0
458.28	6.0
539.32	6.0
575.84	6.0
605.52	6.0
656.0	6.0
724.72	6.0
818.56	6.0
988.96	6.0
1024.84	6.0
1055.68	6.0
1131.0	6.0
1285.44	6.0
305.04	7.0
326.8	7.0
341.92	7.0
378.68	7.0
394.0	7.0
483.44	7.0
308.96	8.0
311.64	8.0
426.0	8.0
458.0	8.0
720.96	8.0
315.64	8.0
330.56	8.0
337.52	8.0
413.88	8.0
453.8	8.0
741.76	8.0
308.96	9.0
312.0	9.0
327.84	9.0
484.88	9.0
535.24	9.0
302.48	10.0
303.0	11.0
306.24	11.0
329.12	11.0
350.56	11.0
364.84	11.0
327.88	12.0
385.28	12.0
391.24	12.0
672.48	12.0
704.12	12.0
1172.0	12.0
304.76	12.0
315.72	12.0
346.2	12.0
348.72	12.0
364.28	12.0
398.96	12.0
404.44	12.0
410.08	12.0
431.28	12.0
442.76	12.0
507.92	12.0
577.2	12.0
587.56	12.0
630.48	12.0
637.24	12.0
659.32	12.0
685.68	12.0
739.44	12.0
834.64	12.0
940.88	12.0
956.64	12.0
1024.32	12.0
1046.96	12.0
1209.08	12.0
1338.6	12.0
385.2	13.0
302.48	13.0
305.2	13.0
310.28	13.0
318.84	13.0
321.84	13.0
329.52	13.0
342.6	13.0
355.68	13.0
366.36	13.0
380.48	13.0
405.52	13.0
420.32	13.0
449.24	13.0
463.92	13.0
480.16	13.0
484.92	13.0
497.24	13.0
514.96	13.0
534.96	13.0
564.0	13.0
586.72	13.0
604.44	13.0
639.04	13.0
727.88	13.0
781.92	13.0
827.04	13.0
360.68	14.0
381.08	14.0
1158.2	14.0
305.16	15.0
342.04	15.0
313.12	15.0
350.4	16.0
393.44	16.0
438.52	16.0
795.16	16.0
1156.92	16.0
654.28	17.0
1194.8	17.0
303.48	17.0
320.88	17.0
406.84	17.0
443.96	17.0
454.4	17.0
734.28	17.0
1088.04	17.0
1297.48	17.0
308.96	18.0
311.76	18.0
350.76	18.0
523.0	18.0
566.28	18.0
896.76	18.0
563.32	19.0
308.96	19.0
311.88	19.0
453.6	19.0
627.2	19.0
306.08	20.0
309.8	20.0
314.36	20.0
321.28	20.0
326.0	20.0
330.96	20.0
335.16	20.0
344.68	20.0
349.88	20.0
359.12	20.0
364.32	20.0
369.0	20.0
376.28	20.0
380.56	20.0
384.72	20.0
397.32	20.0
403.56	20.0
408.96	20.0
417.72	20.0
424.92	20.0
431.56	20.0
439.64	20.0
451.96	20.0
458.6	20.0
471.08	20.0
482.72	20.0
493.16	20.0
498.24	20.0
508.04	20.0
514.72	20.0
526.32	20.0
534.76	20.0
541.56	20.0
557.2	20.0
564.36	20.0
577.84	20.0
595.44	20.0
605.12	20.0
627.24	20.0
635.92	20.0
643.52	20.0
653.92	20.0
704.28	20.0
725.8	20.0
741.32	20.0
766.32	20.0
782.6	20.0
823.0	20.0
883.04	20.0
886.72	20.0
900.4	20.0
924.56	20.0
987.28	20.0
1000.64	20.0
1025.88	20.0
1035.92	20.0
1042.72	20.0
1063.04	20.0
1087.24	20.0
1102.28	20.0
1118.64	20.0
1126.4	20.0
1131.4	20.0
1140.68	20.0
1156.4	20.0
1170.92	20.0
1181.28	20.0
1242.16	20.0
1253.92	20.0
1268.84	20.0
1281.52	20.0
1285.52	20.0
1296.2	20.0
1326.48	20.0
1334.08	20.0
302.48	21.0
384.92	21.0
302.96	22.0
441.44	22.0
451.2	22.0
533.2	22.0
303.44	23.0
381.88	23.0
461.16	23.0
740.44	23.0
349.4	23.0
307.0	24.0
378.2	24.0
499.88	24.0
686.44	24.0
