308.92	1.0
311.88	1.0
380.24	1.0
436.88	1.0
497.08	1.0
501.56	1.0
533.48	1.0
571.2	1.0
730.88	1.0
318.08	1.0
340.8	1.0
348.24	1.0
357.2	1.0
363.68	1.0
397.2	1.0
412.6	1.0
447.72	1.0
1028.92	1.0
1257.52	1.0
1277.28	1.0
345.04	2.0
309.0	2.0
312.12	2.0
317.48	2.0
354.64	2.0
367.72	2.0
387.08	2.0
429.76	2.0
302.48	3.0
318.2	3.0
336.12	3.0
345.32	3.0
352.8	3.0
361.0	3.0
365.4	3.0
369.0	3.0
379.28	3.0
382.48	3.0
390.16	3.0
400.36	3.0
421.16	3.0
453.32	3.0
456.68	3.0
467.48	3.0
479.72	3.0
496.64	3.0
499.4	3.0
503.0	3.0
515.12	3.0
559.08	3.0
566.28	3.0
574.96	3.0
591.84	3.0
598.48	3.0
614.96	3.0
632.0	3.0
649.88	3.0
657.12	3.0
675.28	3.0
700.24	3.0
735.24	3.0
755.88	3.0
799.44	3.0
802.88	3.0
854.44	3.0
864.48	3.0
874.92	3.0
902.6	3.0
922.28	3.0
943.56	3.0
971.76	3.0
977.8	3.0
1013.36	3.0
1022.16	3.0
1061.52	3.0
1073.28	3.0
1197.4	3.0
1200.12	3.0
1266.4	3.0
780.24	5.0
1194.2	5.0
302.48	5.0
305.84	5.0
328.48	5.0
346.8	5.0
369.8	5.0
386.68	5.0
390.32	5.0
400.44	5.0
428.32	5.0
458.92	5.0
497.2	5.0
519.72	5.0
548.0	5.0
563.92	5.0
604.72	5.0
661.32	5.0
744.2	5.0
757.16	5.0
759.68	5.0
799.96	5.0
847.36	5.0
906.04	5.0
981.4	5.0
1065.24	5.0
303.16	6.0
307.2	6.0
320.48	6.0
325.92	6.0
334.28	6.0
341.28	6.0
350.32	6.0
358.44	6.0
363.0	6.0
385.44	6.0
404.68	6.0
409.36	6.0
416.2	6.0
424.6	6.0
434.84	6.0
445.84	6.0
459.44	6.0
462.32	6.0
471.4	6.0
491.36	6.0
507.76	6.0
541.76	6.0
560.6	6.0
591.64	6.0
661.52	6.0
675.76	6.0
753.28	6.0
780.24	6.0
918.4	6.0
975.68	6.0
1016.0	6.0
1046.16	6.0
1110.64	6.0
305.04	7.0
314.44	7.0
320.8	7.0
327.6	7.0
356.16	7.0
386.64	7.0
456.88	7.0
557.68	7.0
308.92	8.0
312.04	8.0
649.08	8.0
315.44	8.0
351.52	8.0
384.76	8.0
965.0	8.0
308.96	9.0
311.84	9.0
329.6	9.0
344.92	9.0
389.28	9.0
501.16	9.0
302.48	10.0
526.88	10.0
304.44	11.0
335.84	11.0
380.44	11.0
309.28	11.0
315.48	11.0
352.44	11.0
510.92	11.0
315.84	12.0
327.08	12.0
389.44	12.0
458.6	12.0
463.84	12.0
511.08	12.0
304.76	12.0
311.68	12.0
342.4	12.0
346.32	12.0
352.68	12.0
359.68	12.0
367.24	12.0
373.44	12.0
379.28	12.0
402.08	12.0
568.28	12.0
631.84	12.0
674.0	12.0
686.32	12.0
689.2	12.0
747.48	12.0
764.8	12.0
805.68	12.0
842.08	12.0
867.28	12.0
892.6	12.0
910.8	12.0
1196.0	12.0
1321.24	12.0
302.44	13.0
305.0	13.0
310.32	13.0
313.72	13.0
322.92	13.0
330.4	13.0
340.8	13.0
350.6	13.0
364.72	13.0
373.24	13.0
383.6	13.0
388.72	13.0
391.8	13.0
405.88	13.0
419.64	13.0
431.16	13.0
443.8	13.0
458.44	13.0
474.8	13.0
495.12	13.0
506.48	13.0
520.88	13.0
539.32	13.0
562.84	13.0
590.48	13.0
609.04	13.0
655.88	13.0
676.64	13.0
702.92	13.0
733.84	13.0
764.84	13.0
817.08	13.0
850.4	13.0
920.56	13.0
993.96	13.0
303.0	14.0
351.2	14.0
365.28	14.0
626.36	14.0
938.48	14.0
305.12	15.0
327.72	15.0
356.24	15.0
386.8	15.0
342.12	15.0
349.8	16.0
433.68	16.0
500.08	16.0
587.88	16.0
386.72	16.0
589.08	17.0
736.56	17.0
303.44	17.0
380.56	17.0
398.84	17.0
487.88	17.0
500.8	17.0
704.16	17.0
728.44	17.0
1224.72	17.0
308.92	18.0
312.0	18.0
388.84	18.0
534.44	18.0
598.12	18.0
964.44	18.0
371.88	19.0
309.0	19.0
311.84	19.0
426.0	19.0
440.44	19.0
510.32	19.0
311.8	20.0
302.48	20.0
306.36	20.0
314.88	20.0
319.72	20.0
324.44	20.0
329.48	20.0
332.32	20.0
334.88	20.0
339.76	20.0
345.24	20.0
349.04	20.0
361.24	20.0
366.2	20.0
371.8	20.0
377.88	20.0
382.52	20.0
386.2	20.0
389.76	20.0
400.2	20.0
406.96	20.0
422.64	20.0
435.8	20.0
442.84	20.0
469.52	20.0
475.4	20.0
482.0	20.0
488.16	20.0
510.36	20.0
518.16	20.0
532.52	20.0
539.52	20.0
555.84	20.0
568.04	20.0
590.84	20.0
598.68	20.0
606.2	20.0
636.88	20.0
648.96	20.0
668.72	20.0
679.4	20.0
689.08	20.0
705.52	20.0
715.64	20.0
720.32	20.0
771.28	20.0
779.24	20.0
812.2	20.0
841.6	20.0
846.88	20.0
854.12	20.0
868.16	20.0
884.52	20.0
892.24	20.0
916.2	20.0
929.8	20.0
945.92	20.0
975.4	20.0
988.84	20.0
1001.28	20.0
1016.92	20.0
1029.32	20.0
1041.68	20.0
1056.32	20.0
1069.0	20.0
1078.08	20.0
1090.56	20.0
1116.52	20.0
1125.24	20.0
1188.72	20.0
1195.36	20.0
1216.6	20.0
1245.84	20.0
1257.4	20.0
1304.28	20.0
1317.04	20.0
302.44	21.0
329.76	21.0
330.0	22.0
349.0	22.0
391.52	22.0
449.48	22.0
360.84	22.0
303.48	23.0
348.92	23.0
314.32	23.0
365.04	23.0
387.2	23.0
1087.36	23.0
307.0	24.0
