170.96	1.0
214.36	1.0
237.28	1.0
308.96	1.0
311.68	1.0
328.8	1.0
55.72	1.0
335.08	1.0
360.96	1.0
308.96	2.0
311.88	2.0
518.16	2.0
633.2	2.0
753.64	2.0
15.96	3.0
23.16	3.0
36.08	3.0
63.6	3.0
89.08	3.0
96.72	3.0
125.24	3.0
137.52	3.0
161.76	3.0
169.84	3.0
204.52	3.0
236.4	3.0
291.04	3.0
302.48	3.0
323.08	3.0
339.96	3.0
362.2	3.0
379.64	3.0
404.88	3.0
454.76	3.0
527.32	3.0
562.96	3.0
593.52	3.0
756.92	3.0
156.16	5.0
360.0	5.0
38.28	5.0
75.04	5.0
144.56	5.0
239.64	5.0
302.88	5.0
320.72	5.0
326.0	5.0
113.4	6.0
140.44	6.0
215.88	6.0
242.6	6.0
303.12	6.0
312.8	6.0
326.84	6.0
369.92	6.0
444.2	6.0
576.76	6.0
621.68	6.0
137.48	7.0
140.76	7.0
302.44	7.0
313.16	7.0
114.08	8.0
308.96	8.0
312.12	8.0
415.52	8.0
460.52	8.0
521.76	8.0
342.88	8.0
361.4	8.0
309.0	9.0
311.96	9.0
342.84	9.0
302.48	10.0
480.36	11.0
757.28	11.0
130.12	12.0
42.4	12.0
45.56	12.0
64.76	12.0
82.2	12.0
107.08	12.0
113.8	12.0
136.76	12.0
153.92	12.0
170.96	12.0
200.68	12.0
234.52	12.0
266.88	12.0
302.44	12.0
305.88	12.0
311.96	12.0
323.12	12.0
339.16	12.0
399.16	12.0
497.68	12.0
520.2	12.0
630.8	12.0
713.16	12.0
757.24	12.0
4.32	13.0
39.88	13.0
86.24	13.0
139.44	13.0
180.12	13.0
302.44	13.0
310.04	13.0
319.28	13.0
357.8	13.0
419.24	13.0
265.84	14.0
360.28	14.0
70.92	16.0
359.04	16.0
144.84	17.0
271.8	17.0
293.68	17.0
303.28	17.0
316.08	17.0
335.44	17.0
694.64	17.0
309.0	18.0
311.84	18.0
116.36	18.0
271.56	18.0
329.24	18.0
342.28	18.0
368.16	18.0
144.24	19.0
308.96	19.0
312.2	19.0
40.6	20.0
54.76	20.0
86.92	20.0
113.4	20.0
127.28	20.0
149.68	20.0
164.92	20.0
198.36	20.0
210.36	20.0
240.24	20.0
246.64	20.0
271.2	20.0
283.16	20.0
302.44	20.0
313.32	20.0
323.0	20.0
339.76	20.0
344.44	20.0
371.28	20.0
400.44	20.0
444.04	20.0
457.28	20.0
479.88	20.0
486.24	20.0
526.0	20.0
534.04	20.0
542.32	20.0
576.8	20.0
592.12	20.0
601.6	20.0
610.56	20.0
622.12	20.0
635.96	20.0
686.52	20.0
710.0	20.0
757.88	20.0
302.48	21.0
303.64	23.0
316.32	23.0
