308.96	1.0
311.92	1.0
347.48	1.0
367.72	1.0
423.6	1.0
447.36	1.0
532.96	1.0
598.28	1.0
710.56	1.0
825.52	1.0
945.56	1.0
1309.92	1.0
316.76	1.0
327.88	1.0
333.44	1.0
353.8	1.0
362.2	1.0
371.76	1.0
377.96	1.0
383.12	1.0
387.36	1.0
406.28	1.0
440.08	1.0
465.76	1.0
496.92	1.0
1398.0	1.0
309.0	2.0
312.28	2.0
315.0	2.0
331.8	2.0
348.08	2.0
361.28	2.0
378.92	2.0
400.44	2.0
426.76	2.0
448.72	2.0
1059.4	2.0
1218.92	2.0
302.68	3.0
307.76	3.0
310.4	3.0
316.8	3.0
325.24	3.0
329.68	3.0
334.64	3.0
341.16	3.0
348.28	3.0
364.32	3.0
377.04	3.0
381.32	3.0
404.84	3.0
411.6	3.0
418.6	3.0
421.6	3.0
437.52	3.0
446.64	3.0
542.48	3.0
553.48	3.0
567.52	3.0
578.88	3.0
592.0	3.0
614.28	3.0
628.24	3.0
659.12	3.0
671.92	3.0
700.04	3.0
717.44	3.0
771.36	3.0
787.68	3.0
849.12	3.0
867.8	3.0
874.2	3.0
902.12	3.0
964.88	3.0
984.24	3.0
1033.64	3.0
1040.04	3.0
1068.0	3.0
1162.84	3.0
1205.68	3.0
1219.72	3.0
1235.12	3.0
1247.48	3.0
1259.28	3.0
1286.72	3.0
330.32	5.0
302.44	5.0
312.8	5.0
325.96	5.0
339.8	5.0
359.72	5.0
375.12	5.0
387.44	5.0
413.64	5.0
417.44	5.0
428.4	5.0
450.88	5.0
464.48	5.0
480.12	5.0
511.68	5.0
528.88	5.0
551.76	5.0
597.6	5.0
654.76	5.0
686.2	5.0
722.44	5.0
757.04	5.0
805.28	5.0
842.6	5.0
923.04	5.0
1002.4	5.0
1094.08	5.0
779.32	6.0
303.28	6.0
308.96	6.0
313.68	6.0
319.84	6.0
325.24	6.0
334.52	6.0
341.48	6.0
348.36	6.0
354.6	6.0
362.76	6.0
368.4	6.0
373.52	6.0
384.72	6.0
401.64	6.0
413.44	6.0
419.28	6.0
426.72	6.0
431.4	6.0
444.64	6.0
449.2	6.0
455.48	6.0
465.04	6.0
502.08	6.0
513.44	6.0
525.36	6.0
530.96	6.0
552.92	6.0
590.32	6.0
621.08	6.0
670.08	6.0
737.72	6.0
772.64	6.0
880.24	6.0
903.92	6.0
974.4	6.0
1011.56	6.0
1074.4	6.0
1104.8	6.0
1164.44	6.0
1226.68	6.0
1307.92	6.0
1375.44	6.0
304.96	7.0
339.36	7.0
351.68	7.0
385.44	7.0
409.64	7.0
462.76	7.0
639.8	7.0
773.0	7.0
776.96	7.0
1010.2	7.0
1116.72	7.0
308.96	8.0
311.88	8.0
322.16	8.0
1155.08	8.0
1346.92	8.0
1424.48	8.0
329.56	8.0
346.04	8.0
378.56	8.0
387.36	8.0
581.84	8.0
901.24	8.0
1314.44	8.0
309.0	9.0
311.72	9.0
334.8	9.0
348.72	9.0
367.88	9.0
394.8	9.0
302.48	10.0
599.28	10.0
305.8	11.0
336.72	11.0
347.52	11.0
363.68	11.0
395.2	11.0
405.84	11.0
313.6	11.0
328.48	11.0
350.6	11.0
442.04	11.0
459.96	11.0
496.48	11.0
302.96	12.0
305.52	12.0
425.36	12.0
450.84	12.0
478.4	12.0
315.32	12.0
326.68	12.0
334.24	12.0
340.36	12.0
347.76	12.0
361.72	12.0
376.84	12.0
381.52	12.0
397.32	12.0
403.68	12.0
504.92	12.0
529.56	12.0
567.48	12.0
604.64	12.0
656.76	12.0
670.52	12.0
687.12	12.0
710.16	12.0
779.8	12.0
785.2	12.0
803.36	12.0
855.76	12.0
895.2	12.0
929.28	12.0
983.6	12.0
1024.08	12.0
1085.24	12.0
1228.32	12.0
1246.12	12.0
1271.4	12.0
1287.8	12.0
1380.72	12.0
302.44	13.0
310.08	13.0
315.2	13.0
323.36	13.0
329.96	13.0
340.76	13.0
347.48	13.0
351.52	13.0
357.24	13.0
366.8	13.0
374.84	13.0
387.76	13.0
390.6	13.0
396.08	13.0
400.92	13.0
408.96	13.0
418.28	13.0
425.16	13.0
440.8	13.0
450.44	13.0
463.88	13.0
474.28	13.0
497.52	13.0
508.72	13.0
525.12	13.0
544.04	13.0
557.48	13.0
591.12	13.0
605.56	13.0
623.12	13.0
648.8	13.0
669.16	13.0
688.72	13.0
735.28	13.0
789.44	13.0
822.8	13.0
898.44	13.0
997.0	13.0
1021.72	13.0
1047.48	13.0
1270.72	13.0
369.6	14.0
471.08	14.0
305.08	15.0
385.48	15.0
409.88	15.0
639.88	15.0
1116.84	15.0
316.56	15.0
361.6	15.0
1166.84	15.0
344.84	16.0
390.04	16.0
790.04	16.0
1169.72	16.0
330.92	16.0
523.52	16.0
360.8	17.0
399.32	17.0
412.32	17.0
425.08	17.0
303.36	17.0
309.32	17.0
350.28	17.0
378.12	17.0
393.76	17.0
420.72	17.0
483.2	17.0
502.48	17.0
711.76	17.0
730.08	17.0
986.68	17.0
1235.24	17.0
308.96	18.0
311.88	18.0
337.8	18.0
349.76	18.0
377.88	18.0
419.04	18.0
432.28	18.0
541.96	18.0
1377.32	18.0
308.96	19.0
311.76	19.0
370.52	19.0
448.36	19.0
311.4	20.0
364.6	20.0
302.44	20.0
308.04	20.0
318.08	20.0
322.24	20.0
330.0	20.0
332.52	20.0
341.16	20.0
345.44	20.0
350.04	20.0
355.24	20.0
359.56	20.0
370.56	20.0
376.0	20.0
384.76	20.0
391.72	20.0
395.56	20.0
399.92	20.0
403.44	20.0
408.12	20.0
413.4	20.0
417.52	20.0
429.24	20.0
441.36	20.0
448.4	20.0
470.04	20.0
476.96	20.0
483.96	20.0
488.56	20.0
494.72	20.0
499.92	20.0
510.88	20.0
529.28	20.0
544.64	20.0
551.04	20.0
564.92	20.0
617.16	20.0
642.2	20.0
698.6	20.0
707.96	20.0
716.2	20.0
770.16	20.0
779.08	20.0
786.64	20.0
880.08	20.0
885.84	20.0
927.72	20.0
933.84	20.0
945.12	20.0
974.6	20.0
983.44	20.0
1005.56	20.0
1058.88	20.0
1065.32	20.0
1077.12	20.0
1104.76	20.0
1127.72	20.0
1146.36	20.0
1156.4	20.0
1165.64	20.0
1187.6	20.0
1195.36	20.0
1222.08	20.0
1239.0	20.0
1250.56	20.0
1256.6	20.0
1268.56	20.0
1289.2	20.0
1308.72	20.0
1321.48	20.0
1337.6	20.0
1345.08	20.0
1354.16	20.0
1358.84	20.0
1366.64	20.0
1382.76	20.0
1397.08	20.0
1406.8	20.0
1414.32	20.0
1425.2	20.0
1436.68	20.0
1442.76	20.0
359.48	21.0
302.48	21.0
302.92	22.0
366.0	22.0
303.44	23.0
341.2	23.0
364.48	23.0
381.68	23.0
408.12	23.0
348.72	23.0
425.68	23.0
650.0	23.0
313.68	24.0
302.52	24.0
744.2	24.0
