309.0	1.0
311.84	1.0
337.56	1.0
408.08	1.0
442.16	1.0
615.92	1.0
688.2	1.0
858.24	1.0
314.96	1.0
717.24	1.0
760.8	1.0
773.04	1.0
832.68	1.0
309.0	2.0
312.48	2.0
347.4	2.0
362.04	2.0
382.36	2.0
448.6	2.0
715.0	2.0
803.6	2.0
897.44	2.0
302.6	3.0
315.12	3.0
323.4	3.0
336.8	3.0
355.52	3.0
369.04	3.0
379.28	3.0
387.2	3.0
394.04	3.0
406.0	3.0
420.72	3.0
428.36	3.0
438.48	3.0
455.96	3.0
473.32	3.0
498.2	3.0
507.08	3.0
525.28	3.0
535.0	3.0
575.48	3.0
578.32	3.0
602.2	3.0
628.6	3.0
670.16	3.0
686.88	3.0
699.4	3.0
717.68	3.0
758.96	3.0
790.12	3.0
944.04	3.0
310.48	5.0
338.52	5.0
302.52	5.0
306.0	5.0
326.4	5.0
350.92	5.0
365.36	5.0
428.08	5.0
473.6	5.0
503.6	5.0
522.44	5.0
771.68	5.0
445.04	6.0
303.16	6.0
315.68	6.0
322.6	6.0
327.12	6.0
347.72	6.0
358.0	6.0
374.76	6.0
378.32	6.0
385.6	6.0
401.08	6.0
427.04	6.0
453.76	6.0
476.32	6.0
508.28	6.0
558.68	6.0
670.6	6.0
735.0	6.0
756.72	6.0
795.68	6.0
930.6	6.0
957.4	6.0
306.48	7.0
448.84	7.0
303.56	7.0
337.0	7.0
348.04	7.0
427.4	7.0
569.08	7.0
796.04	7.0
308.96	8.0
311.56	8.0
353.8	8.0
430.92	8.0
508.96	8.0
317.04	8.0
335.16	8.0
407.92	8.0
420.24	8.0
308.96	9.0
311.6	9.0
367.0	9.0
382.28	9.0
385.2	9.0
302.48	10.0
303.32	11.0
314.72	11.0
498.08	11.0
319.44	11.0
329.48	11.0
394.36	11.0
469.44	12.0
304.48	12.0
308.6	12.0
316.44	12.0
324.4	12.0
329.56	12.0
351.64	12.0
362.4	12.0
372.32	12.0
394.12	12.0
413.16	12.0
418.88	12.0
455.2	12.0
497.92	12.0
526.08	12.0
528.64	12.0
559.88	12.0
592.52	12.0
610.6	12.0
678.36	12.0
695.32	12.0
712.8	12.0
741.08	12.0
753.36	12.0
826.32	12.0
871.52	12.0
915.12	12.0
302.48	13.0
305.0	13.0
310.44	13.0
316.92	13.0
329.92	13.0
343.0	13.0
361.88	13.0
385.44	13.0
408.24	13.0
438.84	13.0
443.96	13.0
467.88	13.0
508.6	13.0
558.04	13.0
594.36	13.0
628.52	13.0
685.8	13.0
762.56	13.0
522.48	14.0
305.76	15.0
337.16	15.0
569.2	15.0
639.52	15.0
705.32	15.0
424.8	16.0
657.56	16.0
637.0	17.0
760.56	17.0
303.52	17.0
366.6	17.0
377.56	17.0
450.76	17.0
509.32	17.0
528.8	17.0
649.6	17.0
743.4	17.0
1065.8	17.0
308.96	18.0
311.64	18.0
317.6	18.0
509.04	18.0
579.4	18.0
760.48	18.0
314.6	19.0
309.0	19.0
312.0	19.0
321.68	19.0
341.8	19.0
302.48	20.0
309.44	20.0
314.96	20.0
319.84	20.0
325.2	20.0
329.88	20.0
334.84	20.0
343.72	20.0
350.12	20.0
355.64	20.0
372.52	20.0
378.0	20.0
382.56	20.0
397.52	20.0
405.28	20.0
412.12	20.0
421.0	20.0
427.24	20.0
437.12	20.0
451.28	20.0
463.16	20.0
472.28	20.0
506.64	20.0
546.24	20.0
558.52	20.0
566.96	20.0
576.56	20.0
592.04	20.0
607.88	20.0
642.28	20.0
660.88	20.0
672.76	20.0
683.56	20.0
697.2	20.0
724.28	20.0
733.28	20.0
742.44	20.0
757.32	20.0
769.04	20.0
772.2	20.0
807.6	20.0
832.76	20.0
839.84	20.0
866.96	20.0
900.28	20.0
929.16	20.0
956.32	20.0
967.44	20.0
987.84	20.0
302.48	21.0
331.2	23.0
463.72	23.0
303.92	23.0
336.76	24.0
915.64	24.0
