309.0	1.0
312.68	1.0
328.64	1.0
357.24	1.0
408.24	1.0
434.44	1.0
459.44	1.0
483.4	1.0
490.8	1.0
879.0	1.0
331.16	1.0
349.6	1.0
366.72	1.0
486.64	1.0
545.28	1.0
987.52	1.0
1019.12	1.0
309.0	2.0
311.84	2.0
338.88	2.0
978.12	2.0
302.44	3.0
313.56	3.0
322.24	3.0
332.8	3.0
344.04	3.0
353.48	3.0
369.0	3.0
378.8	3.0
391.92	3.0
411.32	3.0
425.32	3.0
446.72	3.0
461.8	3.0
477.48	3.0
482.48	3.0
490.84	3.0
493.56	3.0
507.2	3.0
523.56	3.0
540.4	3.0
557.48	3.0
574.16	3.0
579.92	3.0
608.36	3.0
615.16	3.0
662.04	3.0
680.44	3.0
701.2	3.0
714.2	3.0
756.0	3.0
771.0	3.0
782.56	3.0
803.0	3.0
825.68	3.0
849.96	3.0
901.4	3.0
947.6	3.0
338.16	5.0
302.52	5.0
305.96	5.0
309.76	5.0
317.52	5.0
331.0	5.0
349.36	5.0
360.28	5.0
372.28	5.0
387.76	5.0
424.16	5.0
453.52	5.0
482.4	5.0
511.76	5.0
525.48	5.0
573.88	5.0
628.36	5.0
636.68	5.0
303.0	6.0
313.36	6.0
318.44	6.0
325.4	6.0
331.12	6.0
339.08	6.0
348.92	6.0
362.04	6.0
372.88	6.0
387.84	6.0
394.52	6.0
409.6	6.0
426.24	6.0
432.76	6.0
442.2	6.0
461.72	6.0
478.84	6.0
490.72	6.0
525.6	6.0
631.88	6.0
730.44	6.0
779.0	6.0
808.72	6.0
815.08	6.0
890.68	6.0
303.56	7.0
317.4	7.0
336.28	7.0
385.36	7.0
454.92	7.0
542.88	7.0
625.8	7.0
810.6	7.0
308.96	8.0
312.04	8.0
461.48	8.0
482.52	8.0
515.24	8.0
343.44	8.0
694.28	8.0
309.0	9.0
312.0	9.0
317.36	9.0
366.48	9.0
392.48	9.0
302.48	10.0
302.92	11.0
310.96	11.0
328.0	11.0
359.12	11.0
490.16	11.0
338.12	12.0
353.52	12.0
365.56	12.0
659.0	12.0
304.2	12.0
306.72	12.0
313.36	12.0
316.96	12.0
328.92	12.0
341.72	12.0
386.56	12.0
402.2	12.0
409.4	12.0
415.64	12.0
422.72	12.0
435.64	12.0
459.2	12.0
489.76	12.0
544.08	12.0
555.76	12.0
594.28	12.0
605.88	12.0
622.84	12.0
693.68	12.0
726.0	12.0
806.16	12.0
825.32	12.0
868.2	12.0
982.56	12.0
1034.04	12.0
1037.76	12.0
1120.2	12.0
302.48	13.0
305.0	13.0
310.08	13.0
317.84	13.0
328.4	13.0
353.8	13.0
367.4	13.0
379.68	13.0
394.2	13.0
412.12	13.0
433.28	13.0
446.88	13.0
457.72	13.0
462.2	13.0
491.36	13.0
506.08	13.0
518.04	13.0
528.32	13.0
569.4	13.0
585.04	13.0
605.64	13.0
632.88	13.0
666.92	13.0
748.68	13.0
806.68	13.0
813.88	13.0
896.28	13.0
420.8	14.0
305.84	15.0
455.04	15.0
543.04	15.0
810.64	15.0
440.88	15.0
353.88	16.0
388.72	16.0
433.36	16.0
522.12	16.0
593.88	16.0
673.32	16.0
761.68	16.0
867.76	16.0
1015.76	16.0
303.48	17.0
331.92	17.0
340.88	17.0
348.52	17.0
382.24	17.0
400.6	17.0
433.96	17.0
586.72	17.0
606.24	17.0
650.72	17.0
729.36	17.0
915.76	17.0
308.96	18.0
311.96	18.0
332.8	18.0
397.6	18.0
412.56	18.0
446.76	18.0
309.0	19.0
311.92	19.0
530.92	19.0
658.56	19.0
515.56	20.0
302.52	20.0
307.96	20.0
312.48	20.0
315.84	20.0
319.68	20.0
323.92	20.0
329.24	20.0
334.04	20.0
341.68	20.0
347.08	20.0
352.24	20.0
358.52	20.0
365.92	20.0
369.16	20.0
381.52	20.0
390.76	20.0
401.52	20.0
408.08	20.0
412.28	20.0
420.88	20.0
435.48	20.0
441.0	20.0
444.28	20.0
448.68	20.0
464.8	20.0
481.92	20.0
489.6	20.0
496.16	20.0
503.52	20.0
511.56	20.0
523.84	20.0
531.08	20.0
544.44	20.0
569.96	20.0
577.68	20.0
637.92	20.0
650.6	20.0
659.96	20.0
670.44	20.0
693.96	20.0
704.84	20.0
727.92	20.0
754.76	20.0
778.96	20.0
791.52	20.0
817.64	20.0
822.44	20.0
852.68	20.0
886.48	20.0
901.64	20.0
936.36	20.0
965.96	20.0
981.32	20.0
1011.32	20.0
1074.32	20.0
302.48	21.0
624.24	22.0
302.48	22.0
480.36	22.0
548.68	22.0
303.44	23.0
410.56	23.0
815.92	23.0
447.52	23.0
310.52	24.0
386.96	24.0
556.52	24.0
