308.96	1.0
311.92	1.0
345.52	1.0
367.16	1.0
394.52	1.0
418.52	1.0
424.88	1.0
594.2	1.0
612.6	1.0
711.52	1.0
871.08	1.0
937.72	1.0
1169.04	1.0
1231.44	1.0
349.72	1.0
374.04	1.0
380.64	1.0
384.0	1.0
403.32	1.0
466.76	1.0
581.32	1.0
840.0	1.0
1254.12	1.0
308.96	2.0
312.28	2.0
326.4	2.0
340.52	2.0
356.08	2.0
376.76	2.0
393.92	2.0
408.12	2.0
686.48	2.0
1071.52	2.0
1199.16	2.0
302.68	3.0
311.44	3.0
314.4	3.0
320.44	3.0
330.68	3.0
340.28	3.0
347.92	3.0
368.92	3.0
378.04	3.0
380.92	3.0
388.04	3.0
396.32	3.0
422.6	3.0
445.76	3.0
469.16	3.0
481.2	3.0
493.72	3.0
505.72	3.0
519.88	3.0
562.48	3.0
601.88	3.0
623.96	3.0
647.0	3.0
662.96	3.0
679.12	3.0
694.16	3.0
716.92	3.0
745.0	3.0
778.12	3.0
784.0	3.0
807.6	3.0
811.52	3.0
840.52	3.0
856.2	3.0
867.44	3.0
883.4	3.0
904.68	3.0
924.96	3.0
934.44	3.0
952.28	3.0
985.6	3.0
1029.12	3.0
1167.28	3.0
302.92	5.0
310.4	5.0
604.84	5.0
751.36	5.0
306.28	5.0
313.12	5.0
329.8	5.0
356.72	5.0
372.16	5.0
390.12	5.0
409.96	5.0
428.6	5.0
450.6	5.0
486.4	5.0
499.64	5.0
533.52	5.0
580.92	5.0
625.84	5.0
653.48	5.0
678.92	5.0
738.04	5.0
793.76	5.0
852.88	5.0
979.96	5.0
645.36	6.0
303.08	6.0
311.64	6.0
316.72	6.0
322.2	6.0
329.12	6.0
334.56	6.0
339.84	6.0
346.88	6.0
353.6	6.0
359.92	6.0
366.32	6.0
370.52	6.0
376.0	6.0
380.36	6.0
387.12	6.0
391.6	6.0
396.12	6.0
403.16	6.0
408.72	6.0
414.92	6.0
421.8	6.0
433.52	6.0
441.36	6.0
467.08	6.0
476.56	6.0
493.12	6.0
506.44	6.0
536.56	6.0
565.8	6.0
585.56	6.0
605.48	6.0
799.76	6.0
841.44	6.0
885.28	6.0
963.96	6.0
1054.68	6.0
1216.36	6.0
303.36	7.0
318.28	7.0
326.4	7.0
345.84	7.0
357.56	7.0
361.84	7.0
377.8	7.0
396.56	7.0
406.36	7.0
423.08	7.0
454.76	7.0
603.36	7.0
750.32	7.0
800.08	7.0
938.08	7.0
308.96	8.0
311.96	8.0
331.72	8.0
350.44	8.0
366.12	8.0
408.8	8.0
719.8	8.0
919.44	8.0
309.0	9.0
312.08	9.0
327.48	9.0
360.08	9.0
773.2	9.0
1118.24	9.0
302.48	10.0
302.88	11.0
306.32	11.0
311.68	11.0
315.2	11.0
392.48	11.0
479.2	11.0
342.64	11.0
359.52	11.0
597.32	11.0
1305.24	11.0
327.72	12.0
836.68	12.0
303.4	12.0
306.28	12.0
315.08	12.0
320.32	12.0
345.76	12.0
359.96	12.0
373.2	12.0
380.44	12.0
393.76	12.0
419.36	12.0
459.52	12.0
512.52	12.0
713.36	12.0
718.36	12.0
797.0	12.0
805.68	12.0
936.4	12.0
939.72	12.0
989.8	12.0
1112.0	12.0
1114.84	12.0
1319.56	12.0
1322.84	12.0
350.0	13.0
302.44	13.0
310.32	13.0
314.4	13.0
319.72	13.0
322.76	13.0
337.2	13.0
346.88	13.0
356.48	13.0
364.0	13.0
372.4	13.0
379.96	13.0
382.52	13.0
389.52	13.0
393.84	13.0
406.96	13.0
415.08	13.0
427.52	13.0
440.56	13.0
452.64	13.0
465.44	13.0
468.88	13.0
486.64	13.0
501.12	13.0
528.68	13.0
545.16	13.0
562.84	13.0
575.6	13.0
591.24	13.0
602.6	13.0
610.96	13.0
630.36	13.0
654.24	13.0
692.24	13.0
723.4	13.0
751.84	13.0
785.08	13.0
840.96	13.0
886.72	13.0
975.6	13.0
1064.32	13.0
382.68	14.0
418.2	14.0
738.0	14.0
305.12	15.0
938.24	15.0
326.96	15.0
354.4	15.0
408.28	15.0
344.32	16.0
363.68	16.0
407.32	16.0
796.68	16.0
1286.52	16.0
377.12	16.0
303.44	17.0
327.76	17.0
343.68	17.0
356.24	17.0
373.08	17.0
384.04	17.0
395.96	17.0
462.4	17.0
479.44	17.0
507.08	17.0
568.36	17.0
628.2	17.0
763.84	17.0
887.8	17.0
960.96	17.0
308.96	18.0
311.92	18.0
321.72	18.0
335.24	18.0
349.88	18.0
373.84	18.0
412.36	18.0
730.2	18.0
960.76	18.0
1074.32	18.0
309.0	19.0
311.76	19.0
379.84	19.0
397.68	19.0
471.72	19.0
719.6	19.0
367.6	20.0
855.08	20.0
304.12	20.0
307.16	20.0
311.8	20.0
320.8	20.0
324.28	20.0
326.88	20.0
334.76	20.0
342.16	20.0
350.36	20.0
355.36	20.0
358.8	20.0
363.48	20.0
371.32	20.0
379.56	20.0
383.24	20.0
387.64	20.0
393.08	20.0
397.8	20.0
404.36	20.0
414.2	20.0
419.08	20.0
426.44	20.0
429.68	20.0
439.2	20.0
444.76	20.0
451.56	20.0
459.92	20.0
477.88	20.0
500.36	20.0
506.36	20.0
518.52	20.0
523.84	20.0
566.6	20.0
574.36	20.0
601.0	20.0
609.0	20.0
659.04	20.0
691.84	20.0
720.24	20.0
797.96	20.0
834.84	20.0
846.52	20.0
863.88	20.0
882.44	20.0
899.28	20.0
916.36	20.0
951.88	20.0
972.36	20.0
1010.32	20.0
1025.44	20.0
1053.68	20.0
1074.76	20.0
1089.48	20.0
1094.88	20.0
1120.0	20.0
1164.28	20.0
1182.36	20.0
1201.48	20.0
1210.52	20.0
1220.64	20.0
1237.84	20.0
1258.32	20.0
1273.96	20.0
1301.32	20.0
1304.68	20.0
302.48	21.0
351.48	22.0
396.4	22.0
581.64	22.0
327.96	22.0
346.24	23.0
367.0	23.0
409.44	23.0
303.6	23.0
375.44	23.0
836.4	23.0
312.08	24.0
365.8	24.0
