308.92	1.0
311.64	1.0
360.48	1.0
404.76	1.0
450.0	1.0
546.64	1.0
700.24	1.0
855.68	1.0
314.96	1.0
317.48	1.0
322.36	1.0
336.28	1.0
444.84	1.0
500.72	1.0
711.92	1.0
309.0	2.0
311.88	2.0
327.76	2.0
949.96	2.0
1072.28	2.0
1228.68	2.0
302.44	3.0
312.4	3.0
316.56	3.0
319.96	3.0
328.8	3.0
333.24	3.0
337.6	3.0
347.84	3.0
361.4	3.0
371.64	3.0
384.08	3.0
391.84	3.0
399.88	3.0
408.88	3.0
412.16	3.0
430.96	3.0
444.8	3.0
457.08	3.0
469.8	3.0
476.88	3.0
492.6	3.0
534.96	3.0
554.04	3.0
570.48	3.0
588.16	3.0
604.64	3.0
616.88	3.0
632.68	3.0
647.88	3.0
654.24	3.0
705.16	3.0
708.84	3.0
765.08	3.0
816.44	3.0
837.52	3.0
863.76	3.0
919.04	3.0
952.52	3.0
991.68	3.0
994.52	3.0
1092.8	3.0
310.36	5.0
313.72	5.0
411.76	5.0
510.8	5.0
950.92	5.0
305.96	5.0
365.0	5.0
368.8	5.0
384.52	5.0
405.08	5.0
438.12	5.0
467.2	5.0
502.8	5.0
546.92	5.0
628.0	5.0
724.76	5.0
859.08	5.0
877.72	5.0
303.28	6.0
311.08	6.0
316.0	6.0
333.56	6.0
341.24	6.0
348.12	6.0
357.44	6.0
369.4	6.0
382.44	6.0
388.84	6.0
396.24	6.0
412.68	6.0
435.52	6.0
448.68	6.0
461.24	6.0
493.12	6.0
513.28	6.0
542.28	6.0
582.88	6.0
610.6	6.0
654.68	6.0
718.6	6.0
747.12	6.0
788.76	6.0
798.08	6.0
833.68	6.0
940.44	6.0
314.64	7.0
305.44	7.0
319.12	7.0
334.92	7.0
490.2	7.0
652.0	7.0
718.92	7.0
308.96	8.0
311.76	8.0
314.36	8.0
466.32	8.0
488.12	8.0
858.24	8.0
309.0	9.0
311.6	9.0
507.4	9.0
940.68	9.0
302.48	10.0
303.48	11.0
314.24	11.0
403.0	11.0
897.24	11.0
953.04	11.0
356.52	11.0
374.36	11.0
750.48	11.0
315.16	12.0
493.72	12.0
866.16	12.0
905.96	12.0
1231.16	12.0
304.64	12.0
312.04	12.0
318.68	12.0
336.6	12.0
362.24	12.0
364.88	12.0
385.44	12.0
416.36	12.0
429.64	12.0
438.12	12.0
478.64	12.0
488.88	12.0
509.56	12.0
516.28	12.0
559.2	12.0
566.52	12.0
606.08	12.0
650.12	12.0
722.56	12.0
744.96	12.0
785.6	12.0
804.52	12.0
855.2	12.0
891.76	12.0
900.32	12.0
1039.68	12.0
1151.4	12.0
412.68	13.0
302.48	13.0
310.28	13.0
314.36	13.0
319.24	13.0
323.32	13.0
338.16	13.0
358.12	13.0
374.56	13.0
387.68	13.0
401.4	13.0
422.56	13.0
441.96	13.0
460.52	13.0
491.8	13.0
519.48	13.0
542.2	13.0
577.96	13.0
610.6	13.0
646.92	13.0
720.24	13.0
799.48	13.0
885.08	13.0
303.16	14.0
378.08	14.0
663.0	14.0
305.56	15.0
319.28	15.0
334.96	15.0
490.36	15.0
355.56	16.0
411.68	16.0
519.64	16.0
809.56	16.0
795.32	17.0
872.16	17.0
303.52	17.0
308.16	17.0
395.2	17.0
435.76	17.0
468.52	17.0
489.12	17.0
520.96	17.0
661.64	17.0
699.16	17.0
725.12	17.0
790.36	17.0
934.64	17.0
1188.08	17.0
308.96	18.0
311.68	18.0
357.48	18.0
315.64	18.0
328.48	18.0
763.52	18.0
872.28	18.0
309.0	19.0
311.88	19.0
328.08	19.0
346.64	19.0
379.04	19.0
418.28	19.0
441.52	19.0
663.44	19.0
365.96	20.0
605.12	20.0
988.12	20.0
302.48	20.0
306.44	20.0
312.48	20.0
320.16	20.0
328.2	20.0
332.64	20.0
335.68	20.0
341.64	20.0
346.72	20.0
352.4	20.0
361.52	20.0
370.6	20.0
375.0	20.0
377.88	20.0
384.56	20.0
398.08	20.0
403.96	20.0
411.84	20.0
418.36	20.0
429.2	20.0
439.36	20.0
446.04	20.0
451.88	20.0
458.2	20.0
473.76	20.0
482.16	20.0
488.04	20.0
496.24	20.0
507.64	20.0
524.16	20.0
535.72	20.0
552.84	20.0
567.52	20.0
583.12	20.0
596.28	20.0
608.28	20.0
616.24	20.0
629.48	20.0
640.6	20.0
650.52	20.0
654.24	20.0
663.48	20.0
681.96	20.0
696.32	20.0
713.0	20.0
719.4	20.0
727.2	20.0
749.96	20.0
766.0	20.0
793.52	20.0
798.96	20.0
817.0	20.0
859.2	20.0
868.24	20.0
891.0	20.0
931.16	20.0
952.76	20.0
985.32	20.0
991.68	20.0
1040.72	20.0
1113.04	20.0
1125.6	20.0
1143.08	20.0
1198.4	20.0
1246.76	20.0
302.48	21.0
315.16	22.0
367.36	22.0
749.64	22.0
303.48	23.0
310.32	23.0
463.12	23.0
789.44	23.0
312.88	24.0
550.96	24.0
363.08	24.0
