154.2	1.0
206.04	1.0
254.44	1.0
263.36	1.0
277.36	1.0
308.96	1.0
311.72	1.0
315.6	1.0
349.08	1.0
375.6	1.0
441.4	1.0
573.68	1.0
633.56	1.0
1039.32	1.0
1166.0	1.0
198.96	1.0
202.12	1.0
224.84	1.0
239.84	1.0
245.16	1.0
295.4	1.0
322.64	1.0
383.96	1.0
421.32	1.0
934.68	1.0
287.48	2.0
129.92	2.0
179.12	2.0
225.92	2.0
252.16	2.0
270.08	2.0
308.96	2.0
311.84	2.0
386.2	2.0
1153.28	2.0
1286.28	2.0
196.36	3.0
200.92	3.0
214.4	3.0
217.36	3.0
224.88	3.0
234.0	3.0
250.92	3.0
260.32	3.0
271.76	3.0
280.24	3.0
294.64	3.0
302.48	3.0
347.24	3.0
349.92	3.0
359.72	3.0
369.0	3.0
380.84	3.0
410.08	3.0
423.16	3.0
431.56	3.0
451.12	3.0
478.24	3.0
498.04	3.0
512.68	3.0
564.68	3.0
587.68	3.0
613.4	3.0
631.16	3.0
633.72	3.0
671.84	3.0
693.92	3.0
734.8	3.0
739.48	3.0
767.32	3.0
829.04	3.0
841.12	3.0
851.16	3.0
877.96	3.0
900.36	3.0
963.64	3.0
1011.16	3.0
1175.72	3.0
1193.48	3.0
1289.96	3.0
1321.96	3.0
302.48	4.0
223.8	5.0
395.88	5.0
758.52	5.0
207.88	5.0
213.8	5.0
241.12	5.0
258.6	5.0
276.76	5.0
294.64	5.0
302.88	5.0
317.28	5.0
334.52	5.0
343.48	5.0
370.12	5.0
411.24	5.0
421.96	5.0
439.08	5.0
465.28	5.0
531.12	5.0
585.32	5.0
693.4	5.0
772.08	5.0
199.16	6.0
164.96	6.0
178.88	6.0
188.92	6.0
206.28	6.0
216.16	6.0
224.64	6.0
229.36	6.0
235.16	6.0
240.16	6.0
245.96	6.0
259.56	6.0
268.4	6.0
272.92	6.0
283.56	6.0
289.04	6.0
302.68	6.0
313.88	6.0
319.44	6.0
325.64	6.0
337.0	6.0
344.4	6.0
352.64	6.0
360.2	6.0
367.32	6.0
440.92	6.0
467.32	6.0
532.76	6.0
558.64	6.0
654.0	6.0
684.88	6.0
703.44	6.0
758.88	6.0
789.92	6.0
821.04	6.0
873.96	6.0
895.72	6.0
1170.16	6.0
1204.36	6.0
223.96	7.0
229.68	7.0
238.08	7.0
252.32	7.0
268.44	7.0
287.32	7.0
302.44	7.0
313.6	7.0
319.8	7.0
366.12	7.0
458.24	7.0
585.84	7.0
758.4	7.0
246.6	8.0
308.96	8.0
312.04	8.0
421.16	8.0
536.56	8.0
1142.04	8.0
157.04	8.0
198.96	8.0
225.04	8.0
242.84	8.0
293.44	8.0
685.72	8.0
198.72	9.0
202.04	9.0
226.2	9.0
309.0	9.0
311.84	9.0
421.72	9.0
251.76	10.0
302.48	10.0
323.52	10.0
226.76	11.0
252.88	11.0
257.64	11.0
303.52	11.0
208.64	11.0
214.04	11.0
238.92	11.0
348.12	11.0
363.72	11.0
389.6	11.0
402.48	11.0
236.92	12.0
739.2	12.0
1289.56	12.0
149.48	12.0
171.68	12.0
188.32	12.0
198.48	12.0
203.8	12.0
211.6	12.0
226.68	12.0
247.84	12.0
253.72	12.0
257.64	12.0
266.32	12.0
279.52	12.0
290.16	12.0
304.56	12.0
334.48	12.0
379.08	12.0
405.52	12.0
418.08	12.0
446.2	12.0
485.64	12.0
549.68	12.0
731.16	12.0
759.48	12.0
796.4	12.0
918.96	12.0
931.56	12.0
1018.76	12.0
1109.36	12.0
1135.48	12.0
1166.52	12.0
1329.88	12.0
203.12	13.0
216.8	13.0
228.48	13.0
239.48	13.0
244.0	13.0
250.64	13.0
259.12	13.0
266.56	13.0
270.96	13.0
278.4	13.0
291.28	13.0
303.2	13.0
310.0	13.0
315.72	13.0
323.28	13.0
337.76	13.0
350.24	13.0
360.72	13.0
382.44	13.0
395.72	13.0
413.32	13.0
428.12	13.0
447.8	13.0
466.68	13.0
484.56	13.0
505.04	13.0
522.6	13.0
542.4	13.0
568.08	13.0
594.04	13.0
630.52	13.0
685.24	13.0
742.04	13.0
758.36	13.0
764.12	13.0
237.16	14.0
289.6	14.0
302.68	14.0
758.48	15.0
259.56	15.0
338.96	15.0
226.0	16.0
254.92	16.0
293.28	16.0
319.56	16.0
201.64	17.0
249.76	17.0
272.96	17.0
281.52	17.0
303.36	17.0
319.76	17.0
469.76	17.0
555.36	17.0
668.6	17.0
914.36	17.0
1055.72	17.0
1245.44	17.0
246.76	18.0
308.96	18.0
311.84	18.0
288.4	18.0
350.92	18.0
624.84	18.0
1077.92	18.0
242.48	19.0
198.16	19.0
254.56	19.0
309.0	19.0
311.84	19.0
811.0	19.0
249.36	20.0
253.44	20.0
96.72	20.0
105.6	20.0
132.32	20.0
147.0	20.0
151.76	20.0
162.6	20.0
172.12	20.0
177.08	20.0
182.16	20.0
187.04	20.0
192.6	20.0
198.24	20.0
202.72	20.0
206.64	20.0
209.84	20.0
213.64	20.0
218.28	20.0
224.08	20.0
228.12	20.0
234.12	20.0
238.32	20.0
242.16	20.0
256.08	20.0
259.96	20.0
264.96	20.0
270.32	20.0
276.76	20.0
283.0	20.0
307.88	20.0
355.12	20.0
363.24	20.0
374.12	20.0
379.6	20.0
395.52	20.0
402.0	20.0
409.32	20.0
415.88	20.0
432.2	20.0
441.36	20.0
448.32	20.0
462.68	20.0
468.92	20.0
486.44	20.0
495.68	20.0
518.84	20.0
532.84	20.0
557.6	20.0
586.24	20.0
590.36	20.0
609.56	20.0
625.32	20.0
651.28	20.0
661.4	20.0
684.6	20.0
698.76	20.0
706.6	20.0
729.64	20.0
738.52	20.0
758.28	20.0
788.16	20.0
797.48	20.0
816.2	20.0
822.24	20.0
860.64	20.0
873.88	20.0
895.16	20.0
908.2	20.0
927.84	20.0
963.84	20.0
968.28	20.0
980.76	20.0
999.92	20.0
1032.04	20.0
1045.72	20.0
1105.92	20.0
1132.8	20.0
1165.76	20.0
1183.8	20.0
1199.6	20.0
1223.44	20.0
1276.2	20.0
1288.92	20.0
1300.28	20.0
1315.4	20.0
233.4	21.0
269.92	21.0
302.48	21.0
590.72	21.0
272.6	22.0
326.56	22.0
266.12	22.0
259.6	23.0
293.04	23.0
295.72	23.0
303.8	23.0
371.68	23.0
192.4	24.0
204.48	24.0
276.68	24.0
