308.96	1.0
311.68	1.0
316.84	1.0
343.72	1.0
494.24	1.0
323.64	1.0
340.08	1.0
497.56	1.0
647.64	1.0
42.64	2.0
309.04	2.0
312.2	2.0
324.6	2.0
404.32	2.0
302.6	3.0
314.68	3.0
318.52	3.0
328.0	3.0
331.92	3.0
339.36	3.0
343.56	3.0
349.2	3.0
366.52	3.0
390.72	3.0
418.48	3.0
455.0	3.0
479.88	3.0
497.84	3.0
506.36	3.0
528.84	3.0
582.88	3.0
630.2	3.0
434.64	5.0
495.04	5.0
499.32	5.0
320.08	5.0
342.2	5.0
387.24	5.0
421.08	5.0
454.4	5.0
478.4	5.0
582.92	5.0
563.64	6.0
303.28	6.0
318.12	6.0
325.84	6.0
367.24	6.0
403.36	6.0
426.52	6.0
454.96	6.0
470.32	6.0
492.92	6.0
520.12	6.0
689.6	6.0
303.64	7.0
306.36	7.0
322.64	7.0
426.88	7.0
308.96	8.0
311.92	8.0
335.08	8.0
436.12	8.0
497.4	8.0
321.68	8.0
341.68	8.0
433.28	8.0
309.04	9.0
312.32	9.0
494.72	9.0
577.12	9.0
795.12	9.0
302.48	10.0
317.16	10.0
306.36	11.0
327.84	11.0
316.84	11.0
499.28	11.0
674.56	11.0
404.24	12.0
417.12	12.0
53.24	12.0
302.76	12.0
310.24	12.0
313.0	12.0
317.24	12.0
320.08	12.0
325.92	12.0
337.28	12.0
361.24	12.0
421.08	12.0
434.44	12.0
465.04	12.0
472.68	12.0
478.48	12.0
557.12	12.0
605.24	12.0
631.24	12.0
645.24	12.0
719.08	12.0
302.44	13.0
306.12	13.0
310.36	13.0
322.96	13.0
378.12	13.0
417.04	13.0
456.68	13.0
505.92	13.0
547.4	13.0
454.4	14.0
493.24	14.0
306.52	15.0
749.72	16.0
316.44	17.0
414.4	17.0
468.28	17.0
303.52	17.0
435.0	17.0
494.28	17.0
559.36	17.0
666.32	17.0
308.96	18.0
311.88	18.0
321.92	18.0
343.44	18.0
368.24	18.0
308.96	19.0
312.08	19.0
343.04	19.0
378.28	19.0
399.36	19.0
451.84	19.0
552.28	19.0
378.12	20.0
498.4	20.0
23.12	20.0
48.16	20.0
74.08	20.0
302.44	20.0
307.8	20.0
314.64	20.0
321.12	20.0
327.64	20.0
337.76	20.0
346.84	20.0
359.36	20.0
368.0	20.0
392.04	20.0
403.68	20.0
409.12	20.0
418.36	20.0
432.84	20.0
450.76	20.0
460.72	20.0
472.0	20.0
492.12	20.0
511.4	20.0
521.72	20.0
525.0	20.0
535.8	20.0
563.0	20.0
577.76	20.0
603.04	20.0
619.56	20.0
637.24	20.0
648.2	20.0
695.4	20.0
765.2	20.0
302.48	21.0
303.44	23.0
449.88	23.0
315.48	24.0
