308.92	1.0
311.92	1.0
512.36	1.0
558.0	1.0
814.8	1.0
316.32	1.0
332.6	1.0
341.08	1.0
349.6	1.0
355.96	1.0
362.68	1.0
369.2	1.0
377.56	1.0
386.6	1.0
393.28	1.0
400.88	1.0
415.92	1.0
418.68	1.0
438.12	1.0
455.56	1.0
460.32	1.0
463.0	1.0
480.12	1.0
533.96	1.0
754.12	1.0
1221.84	1.0
309.04	2.0
311.84	2.0
326.4	2.0
347.36	2.0
371.24	2.0
384.28	2.0
402.36	2.0
422.56	2.0
490.24	2.0
514.24	2.0
1095.76	2.0
1205.36	2.0
1331.92	2.0
1425.68	2.0
317.2	3.0
302.48	3.0
312.16	3.0
320.04	3.0
322.76	3.0
329.64	3.0
336.08	3.0
344.24	3.0
351.12	3.0
363.76	3.0
371.32	3.0
375.04	3.0
381.4	3.0
456.92	3.0
468.72	3.0
491.52	3.0
538.0	3.0
548.68	3.0
560.0	3.0
571.2	3.0
590.92	3.0
607.4	3.0
623.72	3.0
648.48	3.0
670.28	3.0
684.56	3.0
691.88	3.0
699.6	3.0
721.4	3.0
734.4	3.0
757.88	3.0
790.2	3.0
817.48	3.0
835.96	3.0
877.88	3.0
908.08	3.0
913.52	3.0
940.24	3.0
996.28	3.0
1039.16	3.0
1100.76	3.0
1109.08	3.0
1138.52	3.0
1184.2	3.0
1289.84	3.0
1370.56	3.0
1390.24	3.0
313.32	5.0
348.8	5.0
420.16	5.0
1168.92	5.0
304.88	5.0
326.96	5.0
345.24	5.0
358.48	5.0
368.48	5.0
371.92	5.0
383.96	5.0
398.64	5.0
408.92	5.0
428.24	5.0
445.2	5.0
486.6	5.0
515.44	5.0
535.72	5.0
556.84	5.0
595.44	5.0
610.68	5.0
660.52	5.0
754.88	5.0
819.64	5.0
927.0	5.0
302.84	6.0
310.24	6.0
314.32	6.0
318.16	6.0
325.08	6.0
329.44	6.0
333.52	6.0
337.08	6.0
342.96	6.0
348.4	6.0
357.84	6.0
361.2	6.0
398.84	6.0
410.84	6.0
469.64	6.0
530.0	6.0
552.64	6.0
561.92	6.0
588.12	6.0
643.76	6.0
715.84	6.0
741.12	6.0
770.68	6.0
809.52	6.0
861.76	6.0
970.4	6.0
1052.4	6.0
1107.88	6.0
1128.52	6.0
1197.12	6.0
1334.6	6.0
1345.72	6.0
1367.8	6.0
1403.2	6.0
303.2	7.0
340.32	7.0
315.8	7.0
332.92	7.0
335.64	7.0
343.32	7.0
347.08	7.0
357.48	7.0
360.76	7.0
373.04	7.0
386.52	7.0
397.16	7.0
419.68	7.0
439.72	7.0
468.32	7.0
524.96	7.0
552.76	7.0
692.08	7.0
862.08	7.0
1104.24	7.0
1372.8	7.0
308.96	8.0
312.0	8.0
559.88	8.0
322.68	8.0
333.08	8.0
360.28	8.0
448.6	8.0
576.32	8.0
720.6	8.0
1019.8	8.0
309.0	9.0
311.88	9.0
332.4	9.0
356.48	9.0
379.28	9.0
397.76	9.0
495.04	9.0
594.72	9.0
668.04	9.0
1386.04	9.0
302.48	10.0
302.72	11.0
311.96	11.0
315.68	11.0
340.36	11.0
349.64	11.0
357.04	11.0
375.96	11.0
645.68	11.0
334.56	11.0
408.6	11.0
416.88	11.0
631.92	11.0
307.24	12.0
340.04	12.0
368.04	12.0
408.68	12.0
416.84	12.0
424.92	12.0
927.64	12.0
1107.12	12.0
304.16	12.0
315.24	12.0
325.56	12.0
335.72	12.0
347.04	12.0
361.28	12.0
378.72	12.0
474.44	12.0
513.92	12.0
578.88	12.0
676.2	12.0
701.32	12.0
772.44	12.0
786.0	12.0
846.2	12.0
912.92	12.0
1140.56	12.0
1233.96	12.0
1289.12	12.0
1356.28	12.0
425.36	13.0
302.44	13.0
310.32	13.0
316.6	13.0
324.56	13.0
330.4	13.0
332.92	13.0
336.36	13.0
339.8	13.0
347.84	13.0
358.8	13.0
367.6	13.0
380.96	13.0
385.12	13.0
388.16	13.0
398.04	13.0
406.6	13.0
413.52	13.0
434.24	13.0
444.24	13.0
462.84	13.0
472.72	13.0
487.52	13.0
499.76	13.0
515.0	13.0
525.8	13.0
536.28	13.0
546.4	13.0
556.84	13.0
579.72	13.0
582.24	13.0
592.0	13.0
605.76	13.0
619.28	13.0
633.68	13.0
645.84	13.0
662.88	13.0
682.0	13.0
701.32	13.0
719.76	13.0
737.68	13.0
754.52	13.0
775.76	13.0
795.04	13.0
821.44	13.0
850.36	13.0
878.28	13.0
910.52	13.0
942.72	13.0
976.04	13.0
1139.32	13.0
303.0	14.0
346.96	14.0
360.84	14.0
315.88	15.0
333.0	15.0
1372.88	15.0
355.44	15.0
347.6	16.0
362.12	16.0
389.92	16.0
853.16	16.0
582.64	17.0
303.4	17.0
312.8	17.0
317.36	17.0
344.56	17.0
349.12	17.0
384.28	17.0
393.24	17.0
432.6	17.0
486.8	17.0
494.92	17.0
694.92	17.0
776.6	17.0
807.08	17.0
1147.56	17.0
1294.08	17.0
308.96	18.0
311.8	18.0
336.4	18.0
389.68	18.0
402.12	18.0
445.76	18.0
469.08	18.0
476.36	18.0
555.72	18.0
565.88	18.0
644.52	18.0
704.76	18.0
796.16	18.0
1037.44	18.0
308.96	19.0
311.8	19.0
333.24	19.0
460.28	19.0
575.76	19.0
316.4	20.0
390.6	20.0
302.44	20.0
307.76	20.0
312.44	20.0
320.6	20.0
323.8	20.0
328.6	20.0
333.28	20.0
339.0	20.0
343.84	20.0
348.12	20.0
354.56	20.0
358.84	20.0
363.16	20.0
367.48	20.0
371.88	20.0
377.16	20.0
382.8	20.0
387.52	20.0
401.32	20.0
423.24	20.0
440.32	20.0
445.24	20.0
454.68	20.0
460.36	20.0
469.16	20.0
475.6	20.0
489.88	20.0
495.4	20.0
501.6	20.0
512.36	20.0
525.8	20.0
547.88	20.0
557.76	20.0
565.56	20.0
578.16	20.0
583.88	20.0
596.32	20.0
607.2	20.0
614.16	20.0
623.92	20.0
644.92	20.0
664.68	20.0
693.52	20.0
703.4	20.0
713.4	20.0
723.52	20.0
756.24	20.0
767.28	20.0
795.48	20.0
810.36	20.0
835.2	20.0
907.16	20.0
924.8	20.0
927.6	20.0
978.84	20.0
1000.12	20.0
1032.0	20.0
1039.84	20.0
1050.76	20.0
1067.64	20.0
1096.32	20.0
1106.6	20.0
1145.08	20.0
1167.12	20.0
1208.4	20.0
1218.04	20.0
1251.16	20.0
1268.72	20.0
1286.84	20.0
1315.4	20.0
1335.64	20.0
1344.28	20.0
1350.72	20.0
1362.0	20.0
1370.68	20.0
1394.0	20.0
1401.44	20.0
1426.32	20.0
302.48	21.0
346.64	22.0
350.36	22.0
370.12	22.0
558.8	22.0
412.64	22.0
791.04	23.0
1140.68	23.0
303.52	23.0
333.92	23.0
341.24	23.0
366.36	23.0
391.16	23.0
438.0	23.0
475.48	23.0
883.2	23.0
306.2	24.0
360.44	24.0
375.88	24.0
