308.96	1.0
311.84	1.0
318.8	1.0
328.04	1.0
343.72	1.0
362.76	1.0
408.36	1.0
477.92	1.0
490.72	1.0
493.36	1.0
541.2	1.0
634.48	1.0
913.16	1.0
1096.16	1.0
1132.84	1.0
1171.72	1.0
340.8	1.0
355.32	1.0
367.44	1.0
376.72	1.0
384.44	1.0
393.88	1.0
400.36	1.0
419.0	1.0
456.28	1.0
472.32	1.0
499.72	1.0
509.8	1.0
308.96	2.0
311.68	2.0
314.4	2.0
328.36	2.0
347.04	2.0
356.96	2.0
375.56	2.0
394.6	2.0
411.44	2.0
419.36	2.0
483.16	2.0
538.16	2.0
980.44	2.0
1072.52	2.0
1172.44	2.0
1230.44	2.0
1381.56	2.0
350.48	3.0
302.52	3.0
312.04	3.0
322.2	3.0
326.12	3.0
330.92	3.0
334.52	3.0
338.16	3.0
347.12	3.0
357.16	3.0
364.0	3.0
372.08	3.0
387.92	3.0
397.32	3.0
405.72	3.0
425.0	3.0
432.72	3.0
464.92	3.0
474.36	3.0
485.32	3.0
510.16	3.0
527.44	3.0
541.04	3.0
550.96	3.0
562.92	3.0
583.28	3.0
604.44	3.0
619.96	3.0
626.96	3.0
660.8	3.0
681.36	3.0
704.44	3.0
712.0	3.0
732.8	3.0
754.76	3.0
778.6	3.0
790.88	3.0
904.32	3.0
1014.48	3.0
1044.52	3.0
1265.64	3.0
302.84	5.0
325.96	5.0
480.12	5.0
760.92	5.0
779.0	5.0
305.6	5.0
331.2	5.0
344.96	5.0
363.0	5.0
381.56	5.0
397.68	5.0
415.32	5.0
440.0	5.0
457.0	5.0
484.6	5.0
503.92	5.0
523.52	5.0
564.8	5.0
589.12	5.0
634.12	5.0
678.16	5.0
698.84	5.0
796.4	5.0
805.32	5.0
848.88	5.0
365.56	6.0
303.2	6.0
316.96	6.0
321.52	6.0
326.76	6.0
334.2	6.0
340.12	6.0
344.48	6.0
348.84	6.0
355.76	6.0
384.76	6.0
411.84	6.0
427.36	6.0
436.76	6.0
440.72	6.0
448.08	6.0
461.68	6.0
484.2	6.0
503.4	6.0
522.76	6.0
564.24	6.0
610.36	6.0
680.0	6.0
693.88	6.0
719.0	6.0
741.56	6.0
835.68	6.0
854.2	6.0
912.16	6.0
936.6	6.0
981.84	6.0
1192.8	6.0
1207.68	6.0
1426.04	6.0
304.92	7.0
315.04	7.0
349.32	7.0
363.04	7.0
380.68	7.0
385.16	7.0
401.8	7.0
469.52	7.0
503.76	7.0
561.32	7.0
694.16	7.0
846.8	7.0
308.92	8.0
312.04	8.0
388.16	8.0
425.96	8.0
524.08	8.0
982.96	8.0
1423.6	8.0
335.84	8.0
447.12	8.0
500.24	8.0
541.04	8.0
783.92	8.0
308.96	9.0
311.76	9.0
320.04	9.0
336.16	9.0
346.0	9.0
364.36	9.0
431.36	9.0
1185.24	9.0
302.48	10.0
303.88	11.0
347.48	11.0
362.52	11.0
369.4	11.0
476.6	11.0
307.92	11.0
326.32	11.0
384.12	11.0
447.12	11.0
457.8	11.0
468.68	11.0
515.24	11.0
547.8	11.0
580.92	11.0
415.12	12.0
420.12	12.0
461.04	12.0
853.0	12.0
304.56	12.0
314.08	12.0
322.72	12.0
341.16	12.0
343.96	12.0
348.0	12.0
382.88	12.0
430.72	12.0
442.92	12.0
547.48	12.0
588.64	12.0
665.76	12.0
722.2	12.0
735.04	12.0
848.68	12.0
943.16	12.0
1106.08	12.0
1176.64	12.0
1194.04	12.0
1201.84	12.0
1325.64	12.0
1383.92	12.0
1411.68	12.0
302.44	13.0
310.36	13.0
313.68	13.0
324.96	13.0
335.76	13.0
345.44	13.0
354.12	13.0
363.84	13.0
377.88	13.0
384.4	13.0
392.72	13.0
411.04	13.0
419.88	13.0
423.76	13.0
427.24	13.0
438.6	13.0
448.84	13.0
460.08	13.0
476.0	13.0
488.12	13.0
503.96	13.0
519.56	13.0
531.32	13.0
545.04	13.0
564.64	13.0
589.52	13.0
612.76	13.0
639.72	13.0
658.4	13.0
684.72	13.0
718.68	13.0
736.16	13.0
765.88	13.0
793.12	13.0
828.56	13.0
854.56	13.0
889.92	13.0
316.08	14.0
362.12	14.0
799.36	14.0
349.44	15.0
380.84	15.0
469.68	15.0
846.92	15.0
589.04	15.0
1141.52	15.0
354.44	16.0
381.88	16.0
409.4	16.0
466.2	16.0
505.72	16.0
363.8	17.0
303.4	17.0
319.6	17.0
333.24	17.0
360.12	17.0
378.28	17.0
386.28	17.0
389.16	17.0
474.04	17.0
481.68	17.0
487.48	17.0
559.76	17.0
750.72	17.0
782.04	17.0
848.36	17.0
1158.52	17.0
1389.32	17.0
308.96	18.0
312.0	18.0
328.12	18.0
365.96	18.0
458.88	18.0
593.96	18.0
1026.84	18.0
308.96	19.0
312.0	19.0
319.84	19.0
336.12	19.0
352.0	19.0
508.6	19.0
733.96	19.0
1223.8	19.0
1421.64	19.0
476.76	20.0
1133.36	20.0
302.44	20.0
307.48	20.0
312.12	20.0
317.04	20.0
320.96	20.0
329.96	20.0
334.2	20.0
340.44	20.0
344.96	20.0
349.88	20.0
355.84	20.0
360.0	20.0
363.76	20.0
367.92	20.0
373.88	20.0
378.92	20.0
382.2	20.0
385.0	20.0
389.88	20.0
397.32	20.0
404.32	20.0
410.6	20.0
415.16	20.0
422.52	20.0
427.36	20.0
435.72	20.0
441.44	20.0
446.56	20.0
457.2	20.0
461.92	20.0
483.32	20.0
489.32	20.0
503.4	20.0
508.68	20.0
514.8	20.0
519.52	20.0
541.16	20.0
547.96	20.0
569.6	20.0
580.48	20.0
586.64	20.0
594.12	20.0
615.04	20.0
620.44	20.0
638.36	20.0
653.04	20.0
677.64	20.0
716.32	20.0
744.84	20.0
775.6	20.0
805.84	20.0
833.52	20.0
881.16	20.0
888.64	20.0
901.08	20.0
912.52	20.0
952.08	20.0
963.72	20.0
980.96	20.0
1004.16	20.0
1035.88	20.0
1061.68	20.0
1075.96	20.0
1158.92	20.0
1173.24	20.0
1182.56	20.0
1192.2	20.0
1205.2	20.0
1217.52	20.0
1233.68	20.0
1244.28	20.0
1276.96	20.0
1320.12	20.0
1343.2	20.0
1356.48	20.0
1379.6	20.0
1386.16	20.0
1411.24	20.0
1421.68	20.0
320.12	21.0
338.76	21.0
302.44	21.0
303.76	22.0
309.8	22.0
457.6	22.0
303.32	23.0
335.88	23.0
354.24	23.0
364.84	23.0
389.52	23.0
394.6	23.0
828.6	23.0
316.48	23.0
416.6	23.0
668.24	23.0
812.32	23.0
305.6	24.0
316.76	24.0
