308.96	1.0
311.48	1.0
331.48	1.0
377.76	1.0
429.68	1.0
477.44	1.0
499.08	1.0
517.04	1.0
533.28	1.0
1029.04	1.0
1093.04	1.0
1320.64	1.0
317.48	1.0
338.56	1.0
344.6	1.0
347.12	1.0
360.44	1.0
363.16	1.0
369.0	1.0
374.28	1.0
387.04	1.0
398.36	1.0
401.96	1.0
425.32	1.0
432.56	1.0
445.4	1.0
830.8	1.0
853.92	1.0
309.0	2.0
312.0	2.0
327.12	2.0
344.64	2.0
359.28	2.0
380.56	2.0
396.96	2.0
433.8	2.0
1074.2	2.0
1176.12	2.0
1267.52	2.0
379.68	3.0
404.2	3.0
302.48	3.0
307.84	3.0
318.12	3.0
327.32	3.0
333.88	3.0
342.72	3.0
349.32	3.0
366.0	3.0
389.48	3.0
428.96	3.0
432.64	3.0
440.44	3.0
472.04	3.0
482.48	3.0
494.16	3.0
533.12	3.0
572.04	3.0
586.0	3.0
606.68	3.0
624.96	3.0
640.96	3.0
680.4	3.0
685.32	3.0
740.92	3.0
760.4	3.0
786.44	3.0
824.8	3.0
849.56	3.0
864.84	3.0
872.72	3.0
903.0	3.0
934.24	3.0
967.04	3.0
1040.64	3.0
1079.84	3.0
1117.44	3.0
1292.76	3.0
1311.68	3.0
475.56	4.0
724.2	5.0
899.04	5.0
924.88	5.0
302.48	5.0
329.72	5.0
352.4	5.0
359.52	5.0
365.72	5.0
380.04	5.0
398.04	5.0
409.32	5.0
425.52	5.0
443.32	5.0
502.0	5.0
531.28	5.0
577.32	5.0
586.36	5.0
652.8	5.0
709.08	5.0
793.36	5.0
850.88	5.0
303.2	6.0
313.8	6.0
317.56	6.0
322.4	6.0
327.24	6.0
332.28	6.0
374.12	6.0
379.6	6.0
387.28	6.0
397.4	6.0
408.64	6.0
420.76	6.0
426.84	6.0
435.12	6.0
446.08	6.0
456.12	6.0
466.72	6.0
473.88	6.0
485.72	6.0
490.84	6.0
502.12	6.0
530.64	6.0
579.2	6.0
596.48	6.0
629.4	6.0
706.8	6.0
756.88	6.0
848.76	6.0
930.48	6.0
963.84	6.0
975.36	6.0
1113.72	6.0
1169.72	6.0
1257.76	6.0
1275.24	6.0
303.56	7.0
329.2	7.0
342.68	7.0
363.96	7.0
366.88	7.0
378.72	7.0
395.12	7.0
420.88	7.0
441.16	7.0
454.36	7.0
875.2	7.0
1085.88	7.0
1114.04	7.0
308.96	8.0
311.76	8.0
401.8	8.0
458.76	8.0
594.44	8.0
328.84	8.0
355.28	8.0
392.28	8.0
434.6	8.0
309.0	9.0
311.84	9.0
330.92	9.0
347.4	9.0
362.88	9.0
394.64	9.0
517.32	9.0
302.48	10.0
361.32	10.0
380.68	10.0
305.6	11.0
353.48	11.0
363.36	11.0
366.56	11.0
434.8	11.0
316.68	11.0
319.76	11.0
378.24	11.0
408.24	11.0
415.64	11.0
589.6	11.0
329.48	12.0
304.16	12.0
307.16	12.0
311.6	12.0
314.2	12.0
318.04	12.0
335.36	12.0
343.76	12.0
376.04	12.0
391.64	12.0
425.28	12.0
435.6	12.0
454.64	12.0
512.84	12.0
553.84	12.0
616.52	12.0
626.2	12.0
656.88	12.0
820.96	12.0
830.88	12.0
850.4	12.0
853.44	12.0
879.4	12.0
947.52	12.0
1009.0	12.0
1082.6	12.0
1086.04	12.0
1179.16	12.0
1241.36	12.0
302.44	13.0
310.28	13.0
314.04	13.0
327.6	13.0
336.36	13.0
343.24	13.0
348.08	13.0
361.56	13.0
375.12	13.0
381.16	13.0
394.04	13.0
399.52	13.0
412.24	13.0
422.0	13.0
430.64	13.0
439.68	13.0
452.0	13.0
462.28	13.0
471.92	13.0
489.44	13.0
501.64	13.0
515.48	13.0
528.56	13.0
541.88	13.0
557.96	13.0
580.4	13.0
600.64	13.0
621.36	13.0
637.72	13.0
659.48	13.0
678.04	13.0
703.56	13.0
730.56	13.0
755.52	13.0
777.52	13.0
803.72	13.0
855.44	13.0
932.36	13.0
969.0	13.0
315.24	14.0
686.28	14.0
513.76	14.0
667.52	14.0
305.0	15.0
329.32	15.0
378.8	15.0
875.32	15.0
350.48	16.0
378.76	16.0
408.56	16.0
503.6	16.0
1251.56	16.0
468.8	17.0
303.36	17.0
313.48	17.0
334.68	17.0
346.72	17.0
357.68	17.0
363.68	17.0
371.04	17.0
377.32	17.0
391.72	17.0
398.76	17.0
437.68	17.0
496.96	17.0
623.08	17.0
308.92	18.0
311.68	18.0
314.36	18.0
334.4	18.0
397.6	18.0
496.88	18.0
596.24	18.0
680.48	18.0
815.6	18.0
931.56	18.0
322.44	19.0
346.64	19.0
363.44	19.0
309.0	19.0
311.68	19.0
398.36	19.0
579.4	19.0
373.16	20.0
1151.2	20.0
302.44	20.0
306.52	20.0
310.2	20.0
315.0	20.0
319.16	20.0
322.2	20.0
327.6	20.0
331.96	20.0
336.48	20.0
340.16	20.0
342.8	20.0
345.32	20.0
347.84	20.0
353.32	20.0
356.96	20.0
362.28	20.0
365.56	20.0
369.64	20.0
380.24	20.0
388.48	20.0
392.88	20.0
398.44	20.0
403.6	20.0
409.64	20.0
420.52	20.0
428.88	20.0
434.6	20.0
453.48	20.0
458.72	20.0
468.04	20.0
477.68	20.0
484.44	20.0
490.36	20.0
499.28	20.0
512.52	20.0
531.56	20.0
537.88	20.0
545.12	20.0
563.44	20.0
569.8	20.0
576.2	20.0
592.2	20.0
598.8	20.0
605.08	20.0
616.08	20.0
630.68	20.0
668.92	20.0
680.96	20.0
719.96	20.0
727.28	20.0
735.2	20.0
779.96	20.0
800.6	20.0
807.52	20.0
851.56	20.0
877.44	20.0
889.28	20.0
957.24	20.0
964.44	20.0
1004.0	20.0
1029.72	20.0
1038.76	20.0
1078.12	20.0
1148.52	20.0
1158.04	20.0
1179.4	20.0
1196.28	20.0
1211.52	20.0
1255.32	20.0
1267.0	20.0
1273.44	20.0
1289.36	20.0
1305.6	20.0
1324.88	20.0
354.2	21.0
302.44	21.0
329.36	22.0
399.84	22.0
426.0	22.0
467.76	22.0
312.28	22.0
363.56	22.0
379.32	22.0
310.28	23.0
331.52	23.0
361.16	23.0
367.48	23.0
395.72	23.0
399.76	23.0
423.12	23.0
303.56	23.0
406.16	23.0
306.16	24.0
329.04	24.0
807.8	24.0
