308.96	1.0
311.88	1.0
361.32	1.0
400.24	1.0
410.2	1.0
470.08	1.0
557.24	1.0
697.84	1.0
748.92	1.0
316.8	1.0
329.08	1.0
335.48	1.0
349.48	1.0
472.92	1.0
522.12	1.0
546.08	1.0
624.0	1.0
309.0	2.0
311.96	2.0
317.48	2.0
332.68	2.0
357.24	2.0
471.52	2.0
833.68	2.0
956.24	2.0
302.64	3.0
313.48	3.0
318.72	3.0
330.8	3.0
340.36	3.0
348.56	3.0
360.0	3.0
373.04	3.0
386.8	3.0
401.12	3.0
407.88	3.0
410.76	3.0
427.56	3.0
442.44	3.0
450.96	3.0
469.16	3.0
472.68	3.0
486.84	3.0
506.28	3.0
524.36	3.0
540.72	3.0
547.56	3.0
567.52	3.0
596.36	3.0
599.68	3.0
614.12	3.0
639.0	3.0
643.08	3.0
762.0	3.0
805.24	3.0
830.92	3.0
905.32	3.0
927.76	3.0
974.96	3.0
897.88	4.0
386.12	5.0
446.08	5.0
674.12	5.0
767.68	5.0
302.48	5.0
305.48	5.0
339.92	5.0
348.44	5.0
360.12	5.0
373.24	5.0
382.36	5.0
407.96	5.0
421.88	5.0
439.76	5.0
500.0	5.0
525.8	5.0
581.8	5.0
626.28	5.0
733.16	5.0
880.56	5.0
303.28	6.0
314.84	6.0
319.92	6.0
329.04	6.0
335.24	6.0
345.28	6.0
362.44	6.0
374.84	6.0
386.48	6.0
406.68	6.0
417.12	6.0
435.12	6.0
449.12	6.0
466.6	6.0
483.6	6.0
508.96	6.0
526.88	6.0
541.28	6.0
564.2	6.0
619.64	6.0
674.08	6.0
715.68	6.0
754.36	6.0
792.36	6.0
814.6	6.0
930.4	6.0
994.28	6.0
1129.68	6.0
305.48	7.0
345.4	7.0
375.24	7.0
386.84	7.0
509.28	7.0
525.24	7.0
994.64	7.0
1130.0	7.0
309.0	8.0
311.84	8.0
335.36	8.0
426.16	8.0
434.24	8.0
541.88	8.0
810.4	8.0
853.84	8.0
316.36	8.0
453.12	8.0
626.24	8.0
817.16	8.0
308.96	9.0
311.76	9.0
398.28	9.0
302.48	10.0
303.04	11.0
316.56	11.0
414.44	11.0
433.08	11.0
499.2	11.0
947.68	11.0
355.64	12.0
468.28	12.0
525.52	12.0
836.32	12.0
304.6	12.0
308.8	12.0
316.6	12.0
321.28	12.0
332.8	12.0
343.96	12.0
361.32	12.0
385.52	12.0
397.56	12.0
420.0	12.0
430.88	12.0
447.92	12.0
482.12	12.0
511.6	12.0
555.4	12.0
604.92	12.0
635.64	12.0
670.28	12.0
674.88	12.0
699.24	12.0
760.08	12.0
781.0	12.0
814.76	12.0
917.52	12.0
926.96	12.0
954.28	12.0
976.44	12.0
1019.56	12.0
1081.6	12.0
302.48	13.0
305.64	13.0
310.32	13.0
320.92	13.0
331.28	13.0
356.92	13.0
369.6	13.0
386.24	13.0
405.8	13.0
421.4	13.0
432.2	13.0
451.76	13.0
475.04	13.0
494.36	13.0
499.56	13.0
511.76	13.0
528.8	13.0
552.2	13.0
580.52	13.0
627.24	13.0
664.84	13.0
724.56	13.0
766.68	13.0
538.12	14.0
305.6	15.0
345.6	15.0
480.08	15.0
469.56	15.0
367.64	16.0
563.92	16.0
994.88	16.0
383.36	17.0
303.48	17.0
360.88	17.0
473.6	17.0
537.72	17.0
602.0	17.0
709.08	17.0
712.68	17.0
308.96	18.0
312.08	18.0
317.68	18.0
345.16	18.0
359.44	18.0
626.76	18.0
890.92	18.0
321.8	19.0
308.96	19.0
312.04	19.0
312.76	20.0
452.4	20.0
302.48	20.0
307.84	20.0
319.88	20.0
323.72	20.0
326.24	20.0
332.52	20.0
336.64	20.0
341.44	20.0
346.16	20.0
359.76	20.0
364.32	20.0
370.04	20.0
380.36	20.0
387.6	20.0
397.56	20.0
407.76	20.0
412.52	20.0
421.12	20.0
430.04	20.0
435.32	20.0
445.72	20.0
464.64	20.0
472.04	20.0
486.92	20.0
501.44	20.0
521.12	20.0
525.84	20.0
530.4	20.0
536.28	20.0
551.2	20.0
560.6	20.0
589.8	20.0
602.76	20.0
611.52	20.0
623.36	20.0
643.08	20.0
653.84	20.0
673.6	20.0
684.0	20.0
707.72	20.0
723.72	20.0
728.68	20.0
750.6	20.0
761.48	20.0
778.28	20.0
791.84	20.0
834.64	20.0
845.48	20.0
873.16	20.0
884.48	20.0
890.6	20.0
918.08	20.0
947.0	20.0
959.24	20.0
966.96	20.0
982.72	20.0
993.76	20.0
1031.72	20.0
1050.64	20.0
302.48	21.0
439.32	22.0
466.08	22.0
503.4	22.0
318.36	23.0
356.64	23.0
449.2	23.0
478.32	23.0
313.04	24.0
