308.96	1.0
312.08	1.0
342.08	1.0
384.24	1.0
394.6	1.0
409.56	1.0
632.48	1.0
775.2	1.0
851.52	1.0
933.0	1.0
1170.2	1.0
326.76	1.0
332.96	1.0
345.04	1.0
358.04	1.0
373.52	1.0
387.72	1.0
399.52	1.0
413.8	1.0
422.28	1.0
439.88	1.0
448.36	1.0
470.88	1.0
526.2	1.0
928.96	1.0
309.0	2.0
312.04	2.0
319.48	2.0
337.44	2.0
346.6	2.0
367.56	2.0
387.52	2.0
421.08	2.0
469.36	2.0
496.4	2.0
928.28	2.0
1116.64	2.0
1254.44	2.0
302.48	3.0
307.8	3.0
324.04	3.0
332.52	3.0
336.44	3.0
350.28	3.0
358.04	3.0
372.64	3.0
383.28	3.0
388.84	3.0
401.24	3.0
404.64	3.0
412.92	3.0
428.04	3.0
434.56	3.0
502.44	3.0
513.2	3.0
523.36	3.0
525.88	3.0
535.52	3.0
549.24	3.0
603.92	3.0
608.4	3.0
640.72	3.0
648.04	3.0
656.44	3.0
696.6	3.0
723.92	3.0
744.96	3.0
768.44	3.0
833.28	3.0
862.24	3.0
877.84	3.0
880.36	3.0
929.88	3.0
972.92	3.0
978.2	3.0
1040.96	3.0
1075.6	3.0
1117.44	3.0
1121.96	3.0
302.92	5.0
313.6	5.0
336.36	5.0
354.0	5.0
636.84	5.0
329.12	5.0
344.4	5.0
360.0	5.0
375.84	5.0
389.72	5.0
405.32	5.0
428.64	5.0
450.96	5.0
460.12	5.0
481.12	5.0
545.28	5.0
592.12	5.0
618.2	5.0
928.24	5.0
966.88	5.0
1026.84	5.0
303.2	6.0
313.6	6.0
317.48	6.0
322.76	6.0
329.2	6.0
337.68	6.0
342.68	6.0
351.68	6.0
359.0	6.0
364.88	6.0
371.04	6.0
374.52	6.0
382.0	6.0
388.16	6.0
406.2	6.0
423.84	6.0
438.88	6.0
445.12	6.0
452.56	6.0
524.76	6.0
550.12	6.0
567.56	6.0
594.68	6.0
624.96	6.0
689.52	6.0
874.0	6.0
931.84	6.0
1068.68	6.0
1115.72	6.0
1212.52	6.0
305.0	7.0
313.48	7.0
334.92	7.0
360.32	7.0
373.08	7.0
376.32	7.0
406.64	7.0
425.16	7.0
496.52	7.0
542.16	7.0
586.76	7.0
308.96	8.0
312.16	8.0
330.48	8.0
426.8	8.0
545.96	8.0
1120.36	8.0
336.88	8.0
349.12	8.0
375.72	8.0
378.4	8.0
308.96	9.0
311.56	9.0
335.76	9.0
356.56	9.0
443.72	9.0
748.76	9.0
302.48	10.0
302.92	11.0
305.56	11.0
324.64	11.0
345.6	11.0
382.56	11.0
335.28	11.0
350.32	11.0
396.8	11.0
413.24	11.0
366.68	12.0
415.48	12.0
303.88	12.0
311.6	12.0
314.36	12.0
336.76	12.0
346.48	12.0
358.04	12.0
371.76	12.0
375.92	12.0
381.52	12.0
389.64	12.0
410.16	12.0
432.88	12.0
443.6	12.0
450.08	12.0
456.96	12.0
463.52	12.0
483.72	12.0
566.8	12.0
654.24	12.0
667.2	12.0
692.56	12.0
763.12	12.0
814.8	12.0
854.88	12.0
928.24	12.0
1068.2	12.0
1090.2	12.0
1210.04	12.0
1270.0	12.0
302.44	13.0
310.2	13.0
314.44	13.0
323.44	13.0
333.32	13.0
341.16	13.0
348.32	13.0
356.64	13.0
366.44	13.0
371.04	13.0
375.32	13.0
384.52	13.0
389.28	13.0
403.0	13.0
409.68	13.0
417.72	13.0
427.28	13.0
433.68	13.0
441.0	13.0
449.04	13.0
463.24	13.0
476.36	13.0
487.28	13.0
501.08	13.0
512.48	13.0
527.08	13.0
544.8	13.0
568.4	13.0
586.92	13.0
604.68	13.0
624.32	13.0
650.6	13.0
672.84	13.0
691.12	13.0
741.84	13.0
786.0	13.0
841.8	13.0
883.76	13.0
965.32	13.0
1088.8	13.0
330.8	14.0
346.68	14.0
376.08	14.0
406.28	14.0
503.0	14.0
588.04	14.0
731.84	14.0
928.24	14.0
305.12	15.0
330.44	15.0
349.48	15.0
455.92	15.0
360.48	16.0
388.96	16.0
483.36	16.0
551.04	16.0
585.84	16.0
1149.12	16.0
451.44	17.0
303.32	17.0
320.44	17.0
326.68	17.0
341.96	17.0
354.76	17.0
367.08	17.0
387.52	17.0
390.44	17.0
695.08	17.0
929.04	17.0
946.84	17.0
991.56	17.0
1109.4	17.0
308.96	18.0
311.76	18.0
333.84	18.0
354.56	18.0
358.56	18.0
373.04	18.0
308.96	19.0
312.0	19.0
318.72	19.0
928.24	19.0
375.12	20.0
302.44	20.0
307.52	20.0
311.56	20.0
315.52	20.0
319.92	20.0
323.28	20.0
331.2	20.0
334.12	20.0
339.96	20.0
345.28	20.0
349.92	20.0
354.64	20.0
358.84	20.0
364.36	20.0
368.08	20.0
371.56	20.0
380.2	20.0
388.32	20.0
399.96	20.0
404.44	20.0
407.56	20.0
423.2	20.0
428.2	20.0
439.44	20.0
449.44	20.0
457.96	20.0
465.44	20.0
472.8	20.0
483.0	20.0
515.68	20.0
522.4	20.0
528.28	20.0
536.28	20.0
547.48	20.0
567.28	20.0
580.48	20.0
595.0	20.0
605.36	20.0
632.2	20.0
657.04	20.0
674.92	20.0
684.24	20.0
694.32	20.0
712.96	20.0
723.32	20.0
744.48	20.0
758.36	20.0
785.64	20.0
798.76	20.0
815.96	20.0
845.32	20.0
866.52	20.0
874.56	20.0
909.2	20.0
928.32	20.0
938.96	20.0
964.28	20.0
989.16	20.0
1002.96	20.0
1019.08	20.0
1040.92	20.0
1083.64	20.0
1117.0	20.0
1162.48	20.0
1210.84	20.0
1225.8	20.0
1281.4	20.0
1291.0	20.0
302.44	21.0
356.76	22.0
369.72	22.0
393.88	22.0
340.48	23.0
346.16	23.0
303.56	23.0
363.84	23.0
373.56	23.0
387.52	23.0
403.64	23.0
428.0	23.0
463.16	23.0
620.16	23.0
305.92	24.0
334.44	24.0
323.0	24.0
