308.96	1.0
312.44	1.0
327.36	1.0
346.6	1.0
366.84	1.0
396.04	1.0
429.76	1.0
456.48	1.0
496.52	1.0
568.28	1.0
635.04	1.0
694.0	1.0
774.48	1.0
914.76	1.0
1157.68	1.0
1238.96	1.0
315.16	1.0
335.4	1.0
349.96	1.0
371.72	1.0
386.6	1.0
402.76	1.0
410.24	1.0
425.6	1.0
447.64	1.0
462.08	1.0
510.44	1.0
556.56	1.0
580.48	1.0
309.0	2.0
311.72	2.0
316.2	2.0
327.24	2.0
349.4	2.0
362.08	2.0
378.76	2.0
401.76	2.0
458.56	2.0
489.28	2.0
1026.72	2.0
1162.56	2.0
1166.36	2.0
1257.64	2.0
302.56	3.0
317.52	3.0
324.28	3.0
327.08	3.0
332.08	3.0
337.76	3.0
344.36	3.0
366.04	3.0
372.0	3.0
380.16	3.0
404.72	3.0
411.56	3.0
420.92	3.0
432.36	3.0
441.4	3.0
531.44	3.0
576.8	3.0
588.88	3.0
606.08	3.0
616.24	3.0
631.36	3.0
647.44	3.0
667.4	3.0
683.52	3.0
733.24	3.0
760.8	3.0
792.12	3.0
819.4	3.0
852.88	3.0
883.6	3.0
911.84	3.0
958.52	3.0
1021.6	3.0
1058.08	3.0
1089.52	3.0
1107.72	3.0
1119.12	3.0
1160.28	3.0
1165.12	3.0
1183.64	3.0
1207.0	3.0
1221.68	3.0
1314.16	3.0
1331.16	3.0
1343.28	3.0
1361.92	3.0
1367.76	3.0
302.96	5.0
314.08	5.0
459.12	5.0
1219.68	5.0
327.68	5.0
349.92	5.0
368.8	5.0
383.0	5.0
399.56	5.0
433.92	5.0
472.52	5.0
496.76	5.0
519.4	5.0
538.48	5.0
541.64	5.0
582.24	5.0
616.08	5.0
1225.64	5.0
302.96	6.0
310.12	6.0
314.68	6.0
319.96	6.0
325.88	6.0
330.12	6.0
342.72	6.0
347.4	6.0
352.96	6.0
358.16	6.0
366.52	6.0
377.0	6.0
387.2	6.0
392.64	6.0
407.48	6.0
417.88	6.0
434.04	6.0
445.64	6.0
560.68	6.0
579.68	6.0
670.68	6.0
702.24	6.0
808.28	6.0
845.68	6.0
910.68	6.0
988.76	6.0
1054.44	6.0
1151.24	6.0
1194.0	6.0
1242.36	6.0
1261.44	6.0
1340.88	6.0
1360.12	6.0
305.0	7.0
315.16	7.0
339.44	7.0
353.28	7.0
357.52	7.0
367.08	7.0
379.32	7.0
407.12	7.0
432.96	7.0
470.08	7.0
495.76	7.0
517.76	7.0
520.44	7.0
574.76	7.0
897.16	7.0
1030.44	7.0
1233.84	7.0
1353.76	7.0
308.92	8.0
312.08	8.0
320.52	8.0
350.04	8.0
697.48	8.0
818.4	8.0
1109.24	8.0
1162.4	8.0
326.56	8.0
346.44	8.0
368.2	8.0
397.28	8.0
471.8	8.0
308.96	9.0
312.04	9.0
323.96	9.0
332.72	9.0
350.24	9.0
382.76	9.0
459.52	9.0
471.88	9.0
302.48	10.0
402.2	10.0
451.28	10.0
304.24	11.0
311.64	11.0
314.6	11.0
326.92	11.0
347.44	11.0
396.48	11.0
520.04	11.0
370.84	11.0
386.92	11.0
408.24	11.0
443.96	11.0
469.12	11.0
546.12	11.0
309.2	12.0
326.4	12.0
386.32	12.0
460.76	12.0
496.48	12.0
304.08	12.0
306.6	12.0
314.52	12.0
333.48	12.0
336.84	12.0
342.44	12.0
345.72	12.0
354.08	12.0
359.2	12.0
376.88	12.0
380.48	12.0
422.0	12.0
436.08	12.0
539.44	12.0
583.6	12.0
598.2	12.0
703.52	12.0
719.48	12.0
773.4	12.0
810.84	12.0
894.36	12.0
983.2	12.0
988.04	12.0
1075.36	12.0
1153.84	12.0
1158.44	12.0
1185.8	12.0
1207.88	12.0
1244.72	12.0
1247.56	12.0
1320.32	12.0
1361.0	12.0
1387.04	12.0
1416.8	12.0
410.4	13.0
304.0	13.0
310.2	13.0
314.68	13.0
322.36	13.0
328.84	13.0
339.32	13.0
343.36	13.0
346.12	13.0
354.72	13.0
357.92	13.0
361.84	13.0
368.76	13.0
380.72	13.0
386.28	13.0
403.32	13.0
420.44	13.0
433.28	13.0
444.52	13.0
457.4	13.0
473.0	13.0
483.92	13.0
494.8	13.0
510.36	13.0
523.6	13.0
538.16	13.0
570.04	13.0
587.0	13.0
600.52	13.0
617.56	13.0
632.48	13.0
666.84	13.0
700.88	13.0
724.0	13.0
757.0	13.0
781.44	13.0
811.84	13.0
852.72	13.0
891.76	13.0
919.52	13.0
1017.8	13.0
1070.08	13.0
1170.28	13.0
1215.0	13.0
1262.6	13.0
1333.08	13.0
308.04	14.0
346.52	14.0
302.68	14.0
342.44	14.0
305.12	15.0
315.28	15.0
1234.0	15.0
344.36	16.0
382.24	16.0
408.44	17.0
411.24	17.0
496.36	17.0
303.36	17.0
312.24	17.0
329.0	17.0
349.8	17.0
370.12	17.0
385.64	17.0
392.2	17.0
395.28	17.0
426.56	17.0
438.12	17.0
681.12	17.0
768.84	17.0
844.0	17.0
1242.24	17.0
1367.48	17.0
308.92	18.0
311.6	18.0
334.2	18.0
389.8	18.0
788.6	18.0
919.84	18.0
1367.8	18.0
308.96	19.0
311.56	19.0
355.8	19.0
302.48	20.0
307.64	20.0
311.84	20.0
318.6	20.0
322.0	20.0
326.8	20.0
331.24	20.0
340.12	20.0
344.72	20.0
349.92	20.0
355.96	20.0
360.0	20.0
364.72	20.0
368.88	20.0
373.0	20.0
387.12	20.0
400.04	20.0
404.6	20.0
410.24	20.0
419.84	20.0
424.04	20.0
428.68	20.0
435.24	20.0
447.84	20.0
457.64	20.0
461.72	20.0
474.16	20.0
502.04	20.0
509.12	20.0
519.8	20.0
528.08	20.0
535.04	20.0
545.6	20.0
556.24	20.0
585.44	20.0
611.16	20.0
622.48	20.0
638.52	20.0
648.44	20.0
668.12	20.0
709.16	20.0
728.64	20.0
740.8	20.0
770.92	20.0
778.48	20.0
807.64	20.0
847.16	20.0
878.36	20.0
903.84	20.0
930.0	20.0
959.16	20.0
1028.56	20.0
1043.68	20.0
1053.36	20.0
1062.96	20.0
1070.48	20.0
1078.64	20.0
1098.72	20.0
1108.8	20.0
1131.88	20.0
1143.04	20.0
1150.2	20.0
1161.24	20.0
1181.12	20.0
1196.8	20.0
1208.52	20.0
1218.08	20.0
1235.48	20.0
1241.64	20.0
1260.0	20.0
1274.12	20.0
1284.32	20.0
1299.8	20.0
1302.68	20.0
1312.64	20.0
1330.28	20.0
1344.64	20.0
1354.72	20.0
1361.56	20.0
1374.6	20.0
1385.4	20.0
1393.44	20.0
327.4	21.0
347.16	21.0
302.48	21.0
326.32	22.0
345.92	22.0
328.84	23.0
346.44	23.0
423.8	23.0
303.52	23.0
367.92	23.0
383.88	23.0
313.64	24.0
405.8	24.0
