308.92	1.0
312.2	1.0
318.68	1.0
329.12	1.0
331.8	1.0
347.48	1.0
367.4	1.0
372.76	1.0
394.64	1.0
448.48	1.0
453.0	1.0
524.96	1.0
628.0	1.0
746.88	1.0
1299.52	1.0
342.04	1.0
354.24	1.0
360.92	1.0
364.2	1.0
378.08	1.0
388.8	1.0
428.92	1.0
460.08	1.0
482.4	1.0
534.08	1.0
541.8	1.0
616.36	1.0
684.56	1.0
314.52	2.0
309.0	2.0
311.88	2.0
330.8	2.0
371.16	2.0
379.92	2.0
387.88	2.0
582.44	2.0
993.92	2.0
1113.08	2.0
1200.28	2.0
1262.68	2.0
302.68	3.0
320.96	3.0
325.6	3.0
329.52	3.0
332.04	3.0
340.68	3.0
343.84	3.0
354.44	3.0
358.28	3.0
364.88	3.0
373.0	3.0
379.08	3.0
386.0	3.0
397.12	3.0
413.44	3.0
423.0	3.0
431.52	3.0
451.36	3.0
459.72	3.0
464.24	3.0
479.48	3.0
494.24	3.0
500.68	3.0
505.12	3.0
515.6	3.0
542.84	3.0
574.04	3.0
591.68	3.0
603.32	3.0
608.44	3.0
623.56	3.0
632.04	3.0
641.4	3.0
669.68	3.0
691.0	3.0
718.04	3.0
759.36	3.0
785.84	3.0
796.12	3.0
822.96	3.0
842.44	3.0
883.28	3.0
895.04	3.0
917.0	3.0
950.12	3.0
954.2	3.0
1000.0	3.0
1027.24	3.0
1029.76	3.0
1117.56	3.0
1217.24	3.0
1231.96	3.0
343.64	5.0
542.32	5.0
768.28	5.0
970.16	5.0
305.04	5.0
328.96	5.0
353.92	5.0
357.72	5.0
361.44	5.0
392.28	5.0
403.52	5.0
441.96	5.0
447.0	5.0
460.6	5.0
503.2	5.0
507.28	5.0
527.32	5.0
549.32	5.0
587.64	5.0
1234.2	5.0
308.92	6.0
302.84	6.0
324.88	6.0
332.2	6.0
335.44	6.0
343.8	6.0
351.32	6.0
358.2	6.0
363.28	6.0
368.48	6.0
377.56	6.0
384.2	6.0
393.16	6.0
401.48	6.0
408.44	6.0
423.68	6.0
430.2	6.0
463.04	6.0
492.04	6.0
500.72	6.0
515.28	6.0
535.52	6.0
569.16	6.0
635.32	6.0
663.12	6.0
745.64	6.0
799.96	6.0
879.4	6.0
955.16	6.0
1026.48	6.0
1055.8	6.0
1075.32	6.0
1113.36	6.0
1232.44	6.0
1311.24	6.0
312.2	7.0
304.96	7.0
317.88	7.0
327.52	7.0
357.88	7.0
376.36	7.0
401.92	7.0
513.88	7.0
1026.8	7.0
1075.72	7.0
308.96	8.0
311.48	8.0
363.92	8.0
380.84	8.0
423.12	8.0
541.64	8.0
849.6	8.0
911.76	8.0
996.0	8.0
1216.8	8.0
314.76	8.0
341.2	8.0
357.88	8.0
431.76	8.0
309.0	9.0
312.24	9.0
317.48	9.0
348.08	9.0
431.44	9.0
302.48	10.0
379.72	10.0
303.76	11.0
360.4	11.0
378.76	11.0
403.52	11.0
442.16	11.0
332.48	11.0
460.08	11.0
493.32	11.0
519.84	11.0
720.44	11.0
318.72	12.0
325.4	12.0
557.28	12.0
635.2	12.0
304.6	12.0
314.44	12.0
330.4	12.0
349.08	12.0
360.64	12.0
366.04	12.0
377.0	12.0
380.44	12.0
391.16	12.0
413.32	12.0
451.2	12.0
487.88	12.0
531.76	12.0
587.4	12.0
615.8	12.0
659.44	12.0
820.8	12.0
879.52	12.0
905.84	12.0
908.72	12.0
982.72	12.0
1015.04	12.0
1082.4	12.0
1216.6	12.0
1296.24	12.0
302.44	13.0
310.24	13.0
314.6	13.0
323.24	13.0
329.08	13.0
344.84	13.0
357.16	13.0
367.76	13.0
375.92	13.0
389.4	13.0
404.48	13.0
415.44	13.0
424.44	13.0
441.2	13.0
451.84	13.0
462.72	13.0
477.72	13.0
488.12	13.0
507.24	13.0
524.68	13.0
540.8	13.0
565.12	13.0
585.96	13.0
606.24	13.0
633.44	13.0
681.16	13.0
747.28	13.0
1057.56	13.0
457.2	14.0
305.08	15.0
318.0	15.0
402.0	15.0
514.0	15.0
452.6	15.0
655.2	15.0
379.32	16.0
514.16	16.0
662.64	16.0
1212.44	16.0
303.36	17.0
313.24	17.0
342.92	17.0
360.76	17.0
482.6	17.0
504.76	17.0
517.32	17.0
592.88	17.0
618.6	17.0
750.32	17.0
1184.88	17.0
1293.88	17.0
308.96	18.0
312.16	18.0
354.28	18.0
391.2	18.0
402.12	18.0
639.8	18.0
309.0	19.0
311.88	19.0
448.24	19.0
636.12	19.0
331.48	20.0
302.44	20.0
307.84	20.0
311.24	20.0
318.8	20.0
322.4	20.0
327.56	20.0
337.16	20.0
342.16	20.0
346.64	20.0
355.52	20.0
359.16	20.0
364.6	20.0
368.76	20.0
371.68	20.0
374.76	20.0
378.96	20.0
386.36	20.0
398.2	20.0
412.32	20.0
416.72	20.0
420.36	20.0
429.4	20.0
440.24	20.0
446.16	20.0
452.08	20.0
460.96	20.0
469.52	20.0
481.0	20.0
489.2	20.0
494.4	20.0
501.92	20.0
521.12	20.0
533.36	20.0
539.64	20.0
551.88	20.0
569.6	20.0
576.88	20.0
592.64	20.0
603.48	20.0
636.2	20.0
659.64	20.0
674.24	20.0
689.08	20.0
698.56	20.0
732.0	20.0
760.0	20.0
769.16	20.0
803.28	20.0
817.24	20.0
881.96	20.0
891.96	20.0
921.36	20.0
940.64	20.0
955.28	20.0
992.4	20.0
1028.84	20.0
1036.84	20.0
1055.36	20.0
1075.4	20.0
1111.12	20.0
1118.2	20.0
1137.56	20.0
1147.72	20.0
1166.52	20.0
1178.08	20.0
1203.88	20.0
1212.68	20.0
1224.68	20.0
1240.76	20.0
1265.36	20.0
1277.8	20.0
1305.16	20.0
302.44	21.0
362.04	22.0
391.96	22.0
420.2	22.0
450.08	22.0
515.92	22.0
374.0	22.0
303.4	23.0
329.12	23.0
360.76	23.0
462.8	23.0
907.6	23.0
1186.92	23.0
306.96	24.0
349.32	24.0
523.36	24.0
707.0	24.0
