308.96	1.0
312.36	1.0
337.32	1.0
358.24	1.0
400.88	1.0
413.8	1.0
467.4	1.0
538.04	1.0
622.88	1.0
661.68	1.0
720.32	1.0
746.0	1.0
840.68	1.0
1041.84	1.0
1132.36	1.0
1211.88	1.0
328.76	1.0
339.84	1.0
346.64	1.0
364.72	1.0
379.36	1.0
393.48	1.0
419.48	1.0
428.24	1.0
478.52	1.0
1268.84	1.0
1298.76	1.0
308.96	2.0
311.88	2.0
326.72	2.0
339.12	2.0
353.48	2.0
378.96	2.0
391.92	2.0
405.6	2.0
433.2	2.0
459.96	2.0
477.4	2.0
513.96	2.0
1097.84	2.0
1181.44	2.0
1266.04	2.0
302.48	3.0
311.4	3.0
321.04	3.0
324.4	3.0
328.28	3.0
336.6	3.0
343.48	3.0
350.92	3.0
354.04	3.0
356.88	3.0
377.12	3.0
379.64	3.0
410.68	3.0
458.56	3.0
485.44	3.0
494.32	3.0
512.88	3.0
523.64	3.0
538.16	3.0
558.0	3.0
574.28	3.0
611.76	3.0
623.2	3.0
670.2	3.0
685.56	3.0
728.4	3.0
753.0	3.0
756.72	3.0
770.6	3.0
791.76	3.0
796.16	3.0
820.76	3.0
850.0	3.0
865.2	3.0
872.4	3.0
878.16	3.0
974.92	3.0
1001.16	3.0
1071.44	3.0
1082.88	3.0
1103.12	3.0
1286.4	3.0
302.88	5.0
545.48	5.0
305.56	5.0
336.6	5.0
356.64	5.0
370.64	5.0
384.88	5.0
402.44	5.0
412.76	5.0
427.88	5.0
460.64	5.0
493.0	5.0
557.72	5.0
602.04	5.0
703.12	5.0
749.84	5.0
374.88	6.0
303.08	6.0
308.28	6.0
314.32	6.0
322.76	6.0
326.92	6.0
334.24	6.0
339.36	6.0
346.12	6.0
350.64	6.0
358.12	6.0
364.76	6.0
379.44	6.0
448.52	6.0
484.36	6.0
495.52	6.0
511.48	6.0
515.32	6.0
529.12	6.0
591.56	6.0
631.68	6.0
848.6	6.0
908.6	6.0
946.6	6.0
1007.48	6.0
1113.64	6.0
1255.8	6.0
303.36	7.0
313.2	7.0
324.96	7.0
343.2	7.0
348.24	7.0
355.36	7.0
364.96	7.0
375.36	7.0
401.92	7.0
411.16	7.0
448.84	7.0
453.12	7.0
309.0	8.0
311.64	8.0
976.32	8.0
330.84	8.0
350.88	8.0
408.24	8.0
309.0	9.0
311.68	9.0
316.6	9.0
341.68	9.0
358.2	9.0
375.64	9.0
378.52	9.0
302.48	10.0
342.6	10.0
303.4	11.0
311.92	11.0
346.48	11.0
354.0	11.0
366.4	11.0
329.52	11.0
343.92	11.0
381.88	11.0
399.4	11.0
466.16	11.0
1184.68	11.0
306.64	12.0
349.52	12.0
384.76	12.0
821.24	12.0
303.96	12.0
312.12	12.0
320.16	12.0
323.28	12.0
342.68	12.0
346.44	12.0
356.08	12.0
378.08	12.0
395.88	12.0
441.12	12.0
466.96	12.0
479.32	12.0
493.28	12.0
753.76	12.0
914.2	12.0
1049.4	12.0
1076.96	12.0
1103.96	12.0
1130.72	12.0
1214.96	12.0
1251.96	12.0
1281.0	12.0
302.44	13.0
310.28	13.0
314.48	13.0
322.72	13.0
332.04	13.0
340.96	13.0
349.32	13.0
356.68	13.0
365.08	13.0
374.32	13.0
377.64	13.0
385.64	13.0
392.24	13.0
398.72	13.0
406.56	13.0
416.32	13.0
428.96	13.0
438.4	13.0
454.6	13.0
464.16	13.0
474.96	13.0
485.56	13.0
496.36	13.0
509.84	13.0
527.8	13.0
546.52	13.0
563.76	13.0
582.76	13.0
601.64	13.0
630.56	13.0
667.12	13.0
694.84	13.0
722.4	13.0
746.52	13.0
786.48	13.0
848.56	13.0
942.08	13.0
315.0	14.0
389.24	14.0
399.24	14.0
305.0	15.0
356.44	15.0
347.72	16.0
380.96	16.0
401.28	16.0
411.88	17.0
542.36	17.0
303.36	17.0
313.88	17.0
321.16	17.0
329.52	17.0
332.96	17.0
342.68	17.0
350.4	17.0
371.48	17.0
467.04	17.0
520.08	17.0
636.76	17.0
709.76	17.0
724.32	17.0
745.08	17.0
987.4	17.0
1050.64	17.0
1081.8	17.0
1169.0	17.0
1235.24	17.0
308.92	18.0
311.8	18.0
321.4	18.0
365.2	18.0
465.96	18.0
586.52	18.0
309.0	19.0
312.08	19.0
333.84	19.0
339.36	19.0
373.24	19.0
884.64	19.0
794.08	20.0
997.48	20.0
302.52	20.0
307.36	20.0
311.48	20.0
318.88	20.0
322.28	20.0
329.6	20.0
332.52	20.0
338.44	20.0
341.96	20.0
348.0	20.0
350.84	20.0
357.2	20.0
365.52	20.0
373.28	20.0
376.4	20.0
382.84	20.0
389.04	20.0
392.8	20.0
398.88	20.0
407.96	20.0
412.8	20.0
417.6	20.0
459.44	20.0
481.12	20.0
489.12	20.0
494.4	20.0
518.28	20.0
522.84	20.0
528.16	20.0
574.76	20.0
587.64	20.0
632.04	20.0
641.04	20.0
675.96	20.0
702.44	20.0
723.56	20.0
734.08	20.0
755.56	20.0
786.08	20.0
821.96	20.0
827.08	20.0
839.24	20.0
876.4	20.0
909.2	20.0
914.56	20.0
964.64	20.0
974.08	20.0
983.2	20.0
1005.76	20.0
1014.96	20.0
1047.68	20.0
1076.32	20.0
1100.4	20.0
1112.16	20.0
1127.04	20.0
1139.12	20.0
1184.0	20.0
1203.88	20.0
1228.96	20.0
1249.44	20.0
1265.8	20.0
1274.32	20.0
302.48	21.0
302.92	22.0
386.0	22.0
354.0	22.0
377.68	22.0
303.4	23.0
326.56	23.0
353.04	23.0
356.2	23.0
384.56	23.0
402.36	23.0
414.76	23.0
505.4	23.0
593.48	23.0
302.52	24.0
307.32	24.0
998.56	24.0
