308.92	1.0
312.28	1.0
372.8	1.0
387.2	1.0
472.8	1.0
510.8	1.0
853.08	1.0
1007.6	1.0
1070.92	1.0
316.04	1.0
320.0	1.0
326.68	1.0
330.12	1.0
342.56	1.0
352.36	1.0
359.96	1.0
363.72	1.0
379.52	1.0
383.4	1.0
391.68	1.0
409.8	1.0
483.88	1.0
1221.52	1.0
309.0	2.0
311.92	2.0
326.8	2.0
338.72	2.0
352.2	2.0
371.92	2.0
375.2	2.0
404.56	2.0
441.08	2.0
499.76	2.0
922.24	2.0
1184.44	2.0
1253.68	2.0
302.48	3.0
306.04	3.0
312.68	3.0
320.32	3.0
328.56	3.0
335.28	3.0
342.0	3.0
348.4	3.0
362.24	3.0
375.72	3.0
383.04	3.0
388.4	3.0
431.4	3.0
443.48	3.0
446.68	3.0
452.96	3.0
465.2	3.0
468.48	3.0
477.52	3.0
499.2	3.0
519.24	3.0
528.08	3.0
537.96	3.0
564.16	3.0
582.72	3.0
609.68	3.0
613.2	3.0
637.88	3.0
650.04	3.0
664.24	3.0
683.0	3.0
730.96	3.0
741.12	3.0
779.6	3.0
785.6	3.0
801.2	3.0
811.08	3.0
842.96	3.0
852.64	3.0
919.32	3.0
934.08	3.0
983.32	3.0
1022.0	3.0
1030.76	3.0
1209.84	3.0
313.76	5.0
856.92	5.0
302.44	5.0
306.84	5.0
330.6	5.0
356.16	5.0
374.52	5.0
386.44	5.0
410.44	5.0
413.56	5.0
424.04	5.0
433.84	5.0
450.88	5.0
458.88	5.0
477.12	5.0
547.56	5.0
576.36	5.0
607.8	5.0
612.24	5.0
688.12	5.0
703.8	5.0
771.16	5.0
303.28	6.0
316.76	6.0
322.16	6.0
328.24	6.0
332.56	6.0
352.0	6.0
356.56	6.0
364.04	6.0
373.76	6.0
380.4	6.0
388.12	6.0
399.0	6.0
406.44	6.0
414.2	6.0
423.08	6.0
427.08	6.0
439.04	6.0
444.8	6.0
472.52	6.0
486.76	6.0
501.92	6.0
584.0	6.0
607.72	6.0
661.36	6.0
775.04	6.0
939.32	6.0
1065.32	6.0
1202.64	6.0
1213.0	6.0
1273.96	6.0
1285.36	6.0
1310.96	6.0
305.08	7.0
315.08	7.0
318.44	7.0
332.88	7.0
339.16	7.0
346.76	7.0
353.24	7.0
364.12	7.0
368.32	7.0
385.04	7.0
1285.68	7.0
308.96	8.0
311.84	8.0
317.52	8.0
331.64	8.0
358.76	8.0
381.08	8.0
925.76	8.0
309.0	9.0
311.64	9.0
331.0	9.0
357.44	9.0
490.16	9.0
640.88	9.0
302.48	10.0
303.88	11.0
317.0	11.0
346.4	11.0
384.16	11.0
343.04	11.0
353.72	11.0
397.68	11.0
424.96	11.0
428.08	11.0
987.84	11.0
770.88	12.0
304.16	12.0
316.32	12.0
329.56	12.0
332.08	12.0
334.88	12.0
344.72	12.0
355.92	12.0
360.88	12.0
368.36	12.0
375.28	12.0
385.12	12.0
423.44	12.0
445.04	12.0
454.48	12.0
526.52	12.0
558.6	12.0
580.16	12.0
590.84	12.0
660.32	12.0
716.84	12.0
739.6	12.0
792.28	12.0
866.52	12.0
890.8	12.0
1018.04	12.0
1079.92	12.0
1112.08	12.0
1250.04	12.0
302.44	13.0
306.44	13.0
310.28	13.0
314.28	13.0
323.52	13.0
330.4	13.0
340.36	13.0
348.0	13.0
356.12	13.0
365.68	13.0
372.12	13.0
383.2	13.0
396.0	13.0
404.48	13.0
415.28	13.0
427.44	13.0
441.6	13.0
450.64	13.0
468.84	13.0
481.6	13.0
493.8	13.0
507.6	13.0
521.32	13.0
538.04	13.0
561.96	13.0
578.72	13.0
603.4	13.0
626.36	13.0
651.16	13.0
686.84	13.0
729.76	13.0
770.8	13.0
774.36	13.0
814.92	13.0
879.36	13.0
366.92	14.0
536.36	14.0
305.16	15.0
416.16	15.0
343.52	16.0
368.36	16.0
447.88	16.0
1208.84	16.0
415.8	16.0
406.8	17.0
583.6	17.0
609.32	17.0
303.4	17.0
343.92	17.0
346.64	17.0
354.92	17.0
360.56	17.0
396.32	17.0
400.4	17.0
417.88	17.0
455.2	17.0
532.76	17.0
750.8	17.0
947.28	17.0
1130.04	17.0
308.96	18.0
311.84	18.0
396.36	18.0
322.08	18.0
347.24	18.0
406.88	18.0
446.4	18.0
501.28	18.0
589.44	18.0
798.84	18.0
309.0	19.0
311.96	19.0
322.16	19.0
379.64	19.0
422.4	19.0
1187.84	19.0
302.48	20.0
306.92	20.0
312.08	20.0
318.68	20.0
322.28	20.0
326.32	20.0
329.84	20.0
333.44	20.0
339.72	20.0
346.76	20.0
351.4	20.0
355.48	20.0
358.68	20.0
369.68	20.0
379.76	20.0
382.76	20.0
390.52	20.0
397.0	20.0
404.8	20.0
424.0	20.0
428.56	20.0
440.08	20.0
444.36	20.0
461.08	20.0
466.12	20.0
474.72	20.0
485.16	20.0
490.08	20.0
512.16	20.0
535.2	20.0
544.16	20.0
557.6	20.0
563.2	20.0
576.32	20.0
608.28	20.0
635.84	20.0
668.44	20.0
676.48	20.0
688.92	20.0
702.88	20.0
715.96	20.0
726.04	20.0
740.2	20.0
792.0	20.0
795.4	20.0
841.36	20.0
867.32	20.0
902.16	20.0
922.2	20.0
925.32	20.0
939.88	20.0
976.52	20.0
987.36	20.0
1019.56	20.0
1025.28	20.0
1047.92	20.0
1081.28	20.0
1104.72	20.0
1139.12	20.0
1151.2	20.0
1172.44	20.0
1187.92	20.0
1204.6	20.0
1212.28	20.0
1256.0	20.0
1265.16	20.0
1283.96	20.0
1311.48	20.0
302.44	21.0
329.92	22.0
355.64	22.0
770.76	22.0
385.64	22.0
303.4	23.0
310.28	23.0
340.48	23.0
360.64	23.0
452.88	23.0
371.56	23.0
312.36	24.0
