308.96	1.0
311.72	1.0
322.36	1.0
348.96	1.0
364.24	1.0
404.96	1.0
427.84	1.0
437.08	1.0
712.96	1.0
829.8	1.0
1001.16	1.0
1123.16	1.0
1372.52	1.0
336.56	1.0
361.48	1.0
382.68	1.0
385.2	1.0
391.72	1.0
464.0	1.0
507.56	1.0
589.8	1.0
655.8	1.0
693.64	1.0
924.8	1.0
309.04	2.0
312.16	2.0
328.92	2.0
340.28	2.0
361.72	2.0
388.4	2.0
407.48	2.0
459.84	2.0
556.84	2.0
736.68	2.0
1154.48	2.0
1292.0	2.0
367.96	3.0
377.28	3.0
302.84	3.0
313.28	3.0
318.84	3.0
325.08	3.0
328.32	3.0
336.08	3.0
353.6	3.0
362.28	3.0
383.08	3.0
385.76	3.0
394.4	3.0
402.84	3.0
410.32	3.0
434.96	3.0
450.0	3.0
458.64	3.0
469.64	3.0
483.08	3.0
489.44	3.0
512.24	3.0
533.52	3.0
561.04	3.0
569.96	3.0
582.76	3.0
596.24	3.0
600.48	3.0
607.2	3.0
626.76	3.0
642.56	3.0
661.76	3.0
713.04	3.0
779.76	3.0
879.96	3.0
892.76	3.0
928.24	3.0
958.96	3.0
978.44	3.0
1042.64	3.0
1107.48	3.0
1112.0	3.0
1219.2	3.0
302.96	5.0
1038.36	5.0
1242.2	5.0
306.4	5.0
316.84	5.0
329.12	5.0
363.36	5.0
375.4	5.0
397.96	5.0
405.76	5.0
416.08	5.0
437.52	5.0
452.24	5.0
478.36	5.0
514.28	5.0
531.88	5.0
595.76	5.0
655.24	5.0
712.32	5.0
303.12	6.0
310.28	6.0
315.56	6.0
320.36	6.0
325.36	6.0
331.52	6.0
336.2	6.0
341.92	6.0
351.16	6.0
356.96	6.0
360.88	6.0
366.92	6.0
380.56	6.0
388.2	6.0
396.2	6.0
401.12	6.0
406.2	6.0
419.44	6.0
430.36	6.0
443.48	6.0
451.64	6.0
461.08	6.0
471.8	6.0
488.92	6.0
501.92	6.0
508.6	6.0
533.76	6.0
546.68	6.0
569.96	6.0
594.8	6.0
605.96	6.0
626.04	6.0
636.56	6.0
736.04	6.0
743.72	6.0
1028.52	6.0
1148.44	6.0
304.84	7.0
315.92	7.0
332.48	7.0
361.68	7.0
390.4	7.0
396.64	7.0
401.44	7.0
419.12	7.0
461.44	7.0
308.92	8.0
311.76	8.0
497.68	8.0
655.56	8.0
1275.6	8.0
314.28	8.0
332.12	8.0
349.36	8.0
384.08	8.0
433.04	8.0
818.96	8.0
1211.92	8.0
309.0	9.0
311.96	9.0
336.04	9.0
347.36	9.0
358.36	9.0
389.32	9.0
630.48	9.0
948.88	9.0
302.48	10.0
303.68	11.0
325.88	11.0
344.96	11.0
387.44	11.0
441.32	11.0
465.08	11.0
332.4	11.0
364.4	11.0
1295.56	11.0
329.2	12.0
456.28	12.0
304.64	12.0
318.52	12.0
334.08	12.0
341.36	12.0
364.96	12.0
376.76	12.0
387.04	12.0
395.72	12.0
402.64	12.0
421.04	12.0
439.8	12.0
489.44	12.0
532.76	12.0
535.28	12.0
650.4	12.0
711.4	12.0
724.8	12.0
753.16	12.0
780.84	12.0
817.96	12.0
851.72	12.0
896.76	12.0
950.24	12.0
1015.68	12.0
1079.56	12.0
1194.36	12.0
1234.04	12.0
1306.12	12.0
1339.96	12.0
302.44	13.0
310.04	13.0
317.6	13.0
326.16	13.0
335.52	13.0
351.32	13.0
359.2	13.0
368.2	13.0
378.64	13.0
387.12	13.0
401.44	13.0
408.8	13.0
419.04	13.0
430.88	13.0
444.2	13.0
453.24	13.0
463.88	13.0
476.2	13.0
479.12	13.0
488.88	13.0
516.68	13.0
530.04	13.0
545.08	13.0
563.6	13.0
580.84	13.0
602.56	13.0
622.64	13.0
657.52	13.0
680.68	13.0
714.08	13.0
741.16	13.0
795.24	13.0
931.48	13.0
988.16	13.0
349.52	14.0
352.48	14.0
386.64	14.0
457.88	14.0
610.64	14.0
669.28	14.0
304.96	15.0
390.6	15.0
789.0	15.0
357.64	16.0
400.92	16.0
395.56	17.0
303.4	17.0
312.68	17.0
331.12	17.0
343.76	17.0
378.24	17.0
434.92	17.0
466.36	17.0
486.2	17.0
570.64	17.0
774.56	17.0
308.92	18.0
311.68	18.0
330.04	18.0
383.84	18.0
395.04	18.0
449.72	18.0
570.4	18.0
617.04	18.0
637.28	18.0
825.04	18.0
321.36	19.0
560.44	19.0
308.96	19.0
311.88	19.0
342.68	19.0
1295.04	19.0
302.48	20.0
308.16	20.0
315.04	20.0
319.32	20.0
322.4	20.0
327.32	20.0
331.08	20.0
334.6	20.0
339.32	20.0
342.0	20.0
347.16	20.0
351.64	20.0
357.16	20.0
363.84	20.0
366.56	20.0
380.08	20.0
386.0	20.0
396.32	20.0
400.8	20.0
407.76	20.0
414.44	20.0
423.08	20.0
432.64	20.0
442.16	20.0
448.76	20.0
455.68	20.0
462.68	20.0
471.6	20.0
477.68	20.0
482.6	20.0
488.76	20.0
511.88	20.0
517.76	20.0
527.52	20.0
535.76	20.0
542.28	20.0
560.04	20.0
569.0	20.0
579.92	20.0
595.0	20.0
603.6	20.0
611.76	20.0
621.24	20.0
636.88	20.0
646.44	20.0
710.12	20.0
735.56	20.0
751.12	20.0
767.28	20.0
782.84	20.0
792.04	20.0
818.6	20.0
838.2	20.0
844.56	20.0
867.08	20.0
924.96	20.0
946.16	20.0
948.68	20.0
960.04	20.0
972.12	20.0
995.84	20.0
1014.44	20.0
1026.0	20.0
1039.0	20.0
1061.88	20.0
1080.2	20.0
1086.68	20.0
1120.2	20.0
1124.96	20.0
1136.96	20.0
1153.12	20.0
1177.16	20.0
1189.72	20.0
1199.56	20.0
1209.64	20.0
1238.84	20.0
1273.12	20.0
1282.96	20.0
1295.08	20.0
1308.76	20.0
1331.0	20.0
1340.4	20.0
1369.08	20.0
1392.44	20.0
1409.4	20.0
438.4	21.0
302.48	21.0
331.88	21.0
330.36	22.0
379.96	22.0
387.44	22.0
408.2	22.0
456.48	22.0
353.28	22.0
359.92	23.0
366.32	23.0
390.6	23.0
303.6	23.0
406.8	23.0
307.84	24.0
367.84	24.0
479.48	24.0
