317.88	1.0
695.32	1.0
302.48	1.0
309.16	1.0
325.0	1.0
327.92	1.0
333.36	1.0
337.16	1.0
350.4	1.0
356.48	1.0
360.68	1.0
367.08	1.0
382.8	1.0
393.48	1.0
397.16	1.0
403.76	1.0
406.44	1.0
419.16	1.0
461.48	1.0
591.56	1.0
1133.16	1.0
309.0	2.0
312.04	2.0
385.68	2.0
314.76	2.0
324.72	2.0
352.16	2.0
364.84	2.0
395.32	2.0
419.12	2.0
426.6	2.0
526.12	2.0
580.68	2.0
629.36	2.0
722.44	2.0
1047.6	2.0
1123.16	2.0
1302.96	2.0
1384.8	2.0
309.0	3.0
311.76	3.0
318.24	3.0
324.2	3.0
329.56	3.0
332.56	3.0
348.88	3.0
356.68	3.0
369.72	3.0
374.6	3.0
388.64	3.0
413.96	3.0
420.28	3.0
427.72	3.0
443.68	3.0
520.08	3.0
525.32	3.0
531.88	3.0
545.04	3.0
645.48	3.0
661.0	3.0
677.0	3.0
698.52	3.0
722.76	3.0
735.76	3.0
753.12	3.0
778.84	3.0
808.72	3.0
836.08	3.0
868.32	3.0
877.2	3.0
919.92	3.0
952.44	3.0
964.72	3.0
967.4	3.0
989.0	3.0
1022.36	3.0
1053.24	3.0
1076.6	3.0
1137.08	3.0
1163.48	3.0
1188.84	3.0
1225.2	3.0
1237.96	3.0
1259.36	3.0
1302.04	3.0
1336.56	3.0
328.0	5.0
1162.28	5.0
333.84	5.0
355.32	5.0
368.28	5.0
381.96	5.0
402.96	5.0
415.8	5.0
426.96	5.0
439.88	5.0
478.6	5.0
504.36	5.0
527.68	5.0
532.4	5.0
554.6	5.0
597.72	5.0
608.44	5.0
671.08	5.0
768.0	5.0
880.8	5.0
884.8	5.0
972.12	5.0
302.52	6.0
309.2	6.0
314.96	6.0
317.8	6.0
327.64	6.0
331.96	6.0
334.6	6.0
339.56	6.0
344.32	6.0
351.0	6.0
354.6	6.0
359.24	6.0
367.04	6.0
371.48	6.0
383.16	6.0
411.28	6.0
417.04	6.0
421.6	6.0
440.12	6.0
457.12	6.0
507.28	6.0
523.52	6.0
533.12	6.0
546.24	6.0
556.68	6.0
571.32	6.0
574.28	6.0
591.32	6.0
610.88	6.0
627.2	6.0
658.96	6.0
750.28	6.0
773.6	6.0
870.96	6.0
894.2	6.0
922.92	6.0
959.4	6.0
964.6	6.0
1067.28	6.0
1110.28	6.0
1125.6	6.0
1151.76	6.0
1203.44	6.0
1220.64	6.0
1250.24	6.0
1309.72	6.0
1340.44	6.0
1396.4	6.0
303.84	7.0
359.32	7.0
458.16	7.0
313.48	7.0
327.6	7.0
342.64	7.0
354.2	7.0
365.64	7.0
379.52	7.0
398.84	7.0
427.36	7.0
440.52	7.0
476.84	7.0
586.4	7.0
622.24	7.0
773.92	7.0
1236.52	7.0
834.52	8.0
987.36	8.0
302.76	8.0
320.16	8.0
333.44	8.0
359.84	8.0
393.84	8.0
308.96	9.0
311.88	9.0
339.48	9.0
356.24	9.0
385.56	9.0
422.64	9.0
548.28	9.0
309.0	10.0
312.04	10.0
302.48	11.0
320.84	11.0
332.08	11.0
337.92	11.0
364.12	11.0
368.4	11.0
384.32	11.0
459.12	11.0
326.16	11.0
430.64	11.0
1069.32	11.0
398.0	12.0
553.56	12.0
618.08	12.0
707.12	12.0
302.72	12.0
309.12	12.0
313.32	12.0
326.64	12.0
337.64	12.0
347.28	12.0
368.68	12.0
402.36	12.0
413.08	12.0
439.32	12.0
459.72	12.0
478.12	12.0
520.72	12.0
548.08	12.0
595.12	12.0
650.16	12.0
771.4	12.0
820.12	12.0
849.68	12.0
892.68	12.0
916.6	12.0
1068.96	12.0
1100.56	12.0
1103.92	12.0
1235.04	12.0
1309.36	12.0
1333.52	12.0
1448.48	12.0
302.68	13.0
314.0	13.0
318.68	13.0
321.32	13.0
333.6	13.0
339.92	13.0
346.64	13.0
355.72	13.0
367.88	13.0
380.64	13.0
387.96	13.0
399.76	13.0
405.8	13.0
418.2	13.0
426.04	13.0
437.0	13.0
445.04	13.0
455.52	13.0
471.76	13.0
480.48	13.0
493.68	13.0
496.84	13.0
506.88	13.0
518.0	13.0
529.0	13.0
544.52	13.0
554.32	13.0
566.24	13.0
586.04	13.0
599.12	13.0
613.8	13.0
627.16	13.0
641.8	13.0
655.52	13.0
674.08	13.0
692.24	13.0
713.88	13.0
747.64	13.0
764.92	13.0
781.32	13.0
803.68	13.0
830.4	13.0
856.28	13.0
882.36	13.0
912.88	13.0
950.6	13.0
986.72	13.0
1078.48	13.0
1157.84	13.0
1234.32	13.0
1263.08	13.0
1300.44	13.0
302.8	14.0
319.84	14.0
342.56	14.0
355.6	14.0
369.0	14.0
403.64	14.0
650.84	14.0
657.04	14.0
304.52	15.0
1236.6	15.0
400.88	15.0
334.32	16.0
357.24	16.0
378.56	16.0
428.76	16.0
521.36	16.0
567.8	16.0
1325.8	16.0
809.16	17.0
309.56	17.0
316.72	17.0
323.84	17.0
334.84	17.0
349.44	17.0
361.6	17.0
367.24	17.0
377.12	17.0
383.16	17.0
394.4	17.0
404.44	17.0
436.92	17.0
649.68	17.0
710.12	17.0
795.68	17.0
845.24	17.0
894.0	17.0
1226.4	17.0
1470.12	17.0
302.52	18.0
327.08	18.0
433.68	18.0
539.08	18.0
1032.48	18.0
308.96	19.0
312.32	19.0
317.64	19.0
334.0	19.0
723.84	19.0
835.12	19.0
869.32	19.0
309.96	20.0
312.72	20.0
317.72	20.0
327.16	20.0
334.08	20.0
338.68	20.0
347.36	20.0
351.4	20.0
355.2	20.0
361.0	20.0
364.68	20.0
368.36	20.0
378.72	20.0
387.64	20.0
393.72	20.0
404.04	20.0
422.44	20.0
432.68	20.0
458.92	20.0
467.0	20.0
475.88	20.0
481.0	20.0
504.48	20.0
524.2	20.0
529.32	20.0
535.44	20.0
541.8	20.0
549.28	20.0
563.04	20.0
570.04	20.0
593.48	20.0
665.76	20.0
679.2	20.0
747.16	20.0
756.36	20.0
769.12	20.0
799.08	20.0
828.72	20.0
835.2	20.0
860.04	20.0
869.32	20.0
878.8	20.0
894.04	20.0
919.0	20.0
951.84	20.0
963.6	20.0
973.24	20.0
1018.48	20.0
1050.32	20.0
1055.8	20.0
1067.08	20.0
1075.88	20.0
1100.76	20.0
1108.52	20.0
1124.92	20.0
1131.16	20.0
1134.72	20.0
1141.84	20.0
1150.52	20.0
1178.68	20.0
1187.68	20.0
1198.6	20.0
1212.68	20.0
1231.08	20.0
1235.6	20.0
1238.76	20.0
1248.84	20.0
1257.44	20.0
1270.0	20.0
1307.6	20.0
1311.48	20.0
1319.12	20.0
1331.2	20.0
1388.48	20.0
1418.88	20.0
1423.48	20.0
1436.64	20.0
1465.24	20.0
324.04	21.0
302.48	21.0
302.68	22.0
319.0	22.0
353.88	22.0
368.48	22.0
303.64	23.0
320.28	23.0
958.48	23.0
1089.28	23.0
344.16	23.0
349.52	23.0
369.2	23.0
455.76	23.0
494.4	23.0
553.44	23.0
617.96	23.0
305.4	24.0
