60.44	1.0
76.72	1.0
103.0	1.0
141.16	1.0
159.16	1.0
186.64	1.0
226.56	1.0
252.08	1.0
270.32	1.0
309.0	1.0
312.24	1.0
328.92	1.0
442.12	1.0
483.32	1.0
542.4	1.0
869.6	1.0
1143.72	1.0
128.64	1.0
155.48	1.0
163.24	1.0
192.72	1.0
217.16	1.0
222.92	1.0
245.6	1.0
316.52	1.0
345.68	1.0
25.04	2.0
56.24	2.0
84.04	2.0
103.88	2.0
129.08	2.0
159.12	2.0
183.04	2.0
185.56	2.0
220.32	2.0
253.16	2.0
309.0	2.0
311.88	2.0
954.44	2.0
1132.64	2.0
127.92	3.0
137.84	3.0
151.72	3.0
162.36	3.0
171.24	3.0
179.12	3.0
182.72	3.0
185.24	3.0
198.2	3.0
207.44	3.0
212.84	3.0
220.28	3.0
226.04	3.0
230.44	3.0
249.36	3.0
252.96	3.0
257.88	3.0
266.12	3.0
268.68	3.0
277.72	3.0
296.68	3.0
302.48	3.0
322.28	3.0
352.28	3.0
359.04	3.0
371.04	3.0
381.92	3.0
395.8	3.0
413.44	3.0
428.24	3.0
454.6	3.0
471.08	3.0
488.0	3.0
512.2	3.0
517.56	3.0
540.4	3.0
565.08	3.0
568.68	3.0
597.56	3.0
639.4	3.0
669.44	3.0
699.12	3.0
726.44	3.0
790.56	3.0
818.12	3.0
919.96	3.0
924.88	3.0
1172.8	3.0
173.0	5.0
181.0	5.0
222.0	5.0
352.44	5.0
485.4	5.0
599.6	5.0
663.72	5.0
132.72	5.0
151.4	5.0
199.96	5.0
216.6	5.0
233.36	5.0
245.12	5.0
262.04	5.0
296.72	5.0
302.48	5.0
319.6	5.0
325.72	5.0
375.24	5.0
396.48	5.0
439.08	5.0
459.4	5.0
562.76	5.0
654.36	5.0
84.44	6.0
105.2	6.0
117.92	6.0
126.16	6.0
147.56	6.0
154.56	6.0
163.64	6.0
171.72	6.0
175.16	6.0
182.88	6.0
188.96	6.0
196.08	6.0
202.36	6.0
206.68	6.0
216.92	6.0
224.12	6.0
228.44	6.0
241.76	6.0
254.32	6.0
269.36	6.0
277.04	6.0
290.28	6.0
302.68	6.0
310.56	6.0
396.44	6.0
430.12	6.0
459.88	6.0
560.76	6.0
699.04	6.0
782.56	6.0
944.6	6.0
1108.4	6.0
152.88	7.0
179.48	7.0
191.0	7.0
202.72	7.0
217.24	7.0
228.84	7.0
242.24	7.0
254.76	7.0
274.8	7.0
302.44	7.0
396.8	7.0
556.76	7.0
292.28	8.0
308.96	8.0
311.68	8.0
395.0	8.0
437.52	8.0
739.12	8.0
150.36	8.0
156.0	8.0
165.24	8.0
184.96	8.0
224.48	8.0
142.6	9.0
161.48	9.0
309.0	9.0
311.84	9.0
302.48	10.0
171.0	11.0
201.4	11.0
254.4	11.0
321.0	11.0
166.28	11.0
188.44	11.0
464.68	12.0
558.72	12.0
46.28	12.0
70.44	12.0
84.64	12.0
106.68	12.0
121.36	12.0
128.88	12.0
131.4	12.0
160.4	12.0
180.76	12.0
184.04	12.0
198.0	12.0
201.44	12.0
220.56	12.0
254.44	12.0
274.96	12.0
304.32	12.0
357.56	12.0
363.72	12.0
438.16	12.0
594.2	12.0
692.24	12.0
796.68	12.0
922.56	12.0
130.32	13.0
145.08	13.0
161.52	13.0
173.0	13.0
182.2	13.0
193.84	13.0
202.36	13.0
213.8	13.0
221.88	13.0
229.24	13.0
243.88	13.0
254.6	13.0
269.88	13.0
279.64	13.0
292.0	13.0
295.8	13.0
303.08	13.0
319.08	13.0
331.36	13.0
342.48	13.0
358.88	13.0
371.4	13.0
395.6	13.0
412.84	13.0
434.28	13.0
438.68	13.0
453.44	13.0
479.92	13.0
502.88	13.0
533.68	13.0
561.0	13.0
591.28	13.0
647.72	13.0
706.96	13.0
166.44	14.0
155.04	14.0
179.6	15.0
191.12	15.0
217.36	15.0
242.4	15.0
302.48	15.0
556.88	15.0
221.6	15.0
467.72	15.0
134.36	16.0
182.8	16.0
209.92	16.0
319.04	16.0
955.8	16.0
96.04	17.0
101.08	17.0
110.32	17.0
176.92	17.0
186.12	17.0
193.88	17.0
221.56	17.0
224.36	17.0
250.6	17.0
273.72	17.0
303.28	17.0
456.4	17.0
524.72	17.0
308.92	18.0
312.0	18.0
136.84	18.0
621.88	18.0
338.52	19.0
275.2	19.0
308.96	19.0
311.68	19.0
204.84	20.0
247.44	20.0
274.8	20.0
323.16	20.0
9.04	20.0
13.16	20.0
27.44	20.0
38.96	20.0
44.6	20.0
54.8	20.0
61.64	20.0
78.12	20.0
82.44	20.0
90.44	20.0
94.84	20.0
102.72	20.0
111.52	20.0
119.0	20.0
121.96	20.0
124.84	20.0
130.08	20.0
134.4	20.0
143.68	20.0
148.88	20.0
155.76	20.0
161.6	20.0
169.4	20.0
174.24	20.0
177.96	20.0
184.24	20.0
198.8	20.0
209.4	20.0
214.52	20.0
219.68	20.0
223.84	20.0
229.24	20.0
235.76	20.0
240.52	20.0
244.88	20.0
265.12	20.0
271.6	20.0
278.56	20.0
284.48	20.0
290.52	20.0
295.4	20.0
313.04	20.0
328.6	20.0
337.76	20.0
343.36	20.0
355.56	20.0
363.36	20.0
388.4	20.0
392.76	20.0
434.32	20.0
444.24	20.0
464.12	20.0
479.72	20.0
501.84	20.0
511.72	20.0
550.16	20.0
562.64	20.0
571.0	20.0
626.08	20.0
642.16	20.0
659.6	20.0
674.52	20.0
689.36	20.0
696.04	20.0
726.76	20.0
751.2	20.0
772.6	20.0
798.96	20.0
818.32	20.0
842.92	20.0
884.56	20.0
925.88	20.0
928.68	20.0
940.72	20.0
957.16	20.0
968.0	20.0
1096.12	20.0
1135.68	20.0
1170.68	20.0
1185.56	20.0
308.2	21.0
190.12	21.0
211.52	21.0
302.44	21.0
161.16	22.0
221.2	22.0
273.32	22.0
344.44	22.0
132.24	23.0
164.4	23.0
202.48	23.0
225.96	23.0
303.2	23.0
195.84	23.0
240.08	23.0
397.76	23.0
437.44	23.0
113.96	24.0
134.32	24.0
