308.96	1.0
311.76	1.0
332.28	1.0
336.72	1.0
343.52	1.0
369.36	1.0
372.04	1.0
389.0	1.0
440.16	1.0
527.96	1.0
673.28	1.0
1083.64	1.0
1165.92	1.0
1227.08	1.0
320.56	1.0
340.4	1.0
353.28	1.0
356.88	1.0
376.32	1.0
384.92	1.0
401.12	1.0
429.04	1.0
442.8	1.0
504.76	1.0
309.0	2.0
311.76	2.0
317.4	2.0
340.04	2.0
356.36	2.0
373.48	2.0
385.28	2.0
388.92	2.0
400.72	2.0
429.32	2.0
560.8	2.0
958.68	2.0
1072.88	2.0
1229.36	2.0
302.64	3.0
312.28	3.0
316.2	3.0
319.76	3.0
328.0	3.0
336.96	3.0
342.12	3.0
345.72	3.0
353.96	3.0
358.96	3.0
368.52	3.0
373.48	3.0
377.16	3.0
401.8	3.0
424.76	3.0
436.64	3.0
445.96	3.0
457.72	3.0
475.6	3.0
492.12	3.0
506.32	3.0
525.32	3.0
536.88	3.0
554.6	3.0
573.2	3.0
606.4	3.0
621.44	3.0
639.44	3.0
642.52	3.0
685.8	3.0
708.0	3.0
737.44	3.0
779.92	3.0
873.16	3.0
906.6	3.0
935.2	3.0
972.6	3.0
1019.12	3.0
1051.68	3.0
1084.24	3.0
1140.2	3.0
1170.52	3.0
302.92	5.0
512.2	5.0
732.36	5.0
1046.08	5.0
319.36	5.0
327.56	5.0
343.8	5.0
355.04	5.0
361.44	5.0
370.68	5.0
388.12	5.0
402.8	5.0
420.4	5.0
424.08	5.0
449.56	5.0
479.48	5.0
482.6	5.0
494.76	5.0
528.92	5.0
560.28	5.0
610.76	5.0
654.36	5.0
884.36	5.0
303.16	6.0
310.12	6.0
313.84	6.0
318.56	6.0
325.28	6.0
334.0	6.0
341.24	6.0
345.96	6.0
354.12	6.0
359.56	6.0
367.6	6.0
373.76	6.0
385.56	6.0
389.32	6.0
396.48	6.0
402.48	6.0
426.52	6.0
430.6	6.0
442.8	6.0
454.64	6.0
473.96	6.0
490.0	6.0
560.2	6.0
802.16	6.0
831.68	6.0
893.0	6.0
943.44	6.0
1026.64	6.0
1123.36	6.0
1249.0	6.0
304.64	7.0
314.96	7.0
318.04	7.0
333.12	7.0
355.6	7.0
360.04	7.0
374.12	7.0
381.36	7.0
385.92	7.0
403.84	7.0
442.28	7.0
492.84	7.0
523.8	7.0
601.72	7.0
943.72	7.0
977.48	7.0
308.96	8.0
311.56	8.0
706.16	8.0
1388.28	8.0
317.16	8.0
334.8	8.0
337.8	8.0
370.68	8.0
1170.84	8.0
309.0	9.0
312.24	9.0
327.08	9.0
346.24	9.0
372.92	9.0
386.2	9.0
1106.96	9.0
1137.28	9.0
302.48	10.0
303.96	11.0
315.68	11.0
343.68	11.0
387.76	11.0
403.64	11.0
442.36	11.0
311.32	12.0
313.88	12.0
345.96	12.0
358.76	12.0
415.48	12.0
500.28	12.0
303.24	12.0
318.72	12.0
373.4	12.0
388.08	12.0
402.16	12.0
422.28	12.0
442.36	12.0
463.6	12.0
470.8	12.0
480.24	12.0
507.2	12.0
558.28	12.0
578.8	12.0
593.24	12.0
640.0	12.0
686.48	12.0
692.6	12.0
707.52	12.0
740.0	12.0
768.6	12.0
848.48	12.0
893.72	12.0
910.04	12.0
972.8	12.0
1016.84	12.0
1051.68	12.0
1072.08	12.0
1146.28	12.0
302.48	13.0
310.04	13.0
315.16	13.0
325.24	13.0
335.72	13.0
342.44	13.0
353.84	13.0
368.04	13.0
375.72	13.0
384.6	13.0
391.52	13.0
399.68	13.0
403.64	13.0
410.6	13.0
426.72	13.0
440.8	13.0
454.72	13.0
466.4	13.0
477.6	13.0
480.88	13.0
489.2	13.0
504.2	13.0
524.08	13.0
542.2	13.0
559.36	13.0
574.08	13.0
595.2	13.0
620.76	13.0
641.8	13.0
667.0	13.0
684.4	13.0
687.24	13.0
713.0	13.0
732.92	13.0
739.32	13.0
776.96	13.0
808.64	13.0
979.4	13.0
1199.88	13.0
360.76	14.0
389.4	14.0
345.96	14.0
305.12	15.0
318.16	15.0
355.72	15.0
404.04	15.0
977.56	15.0
428.12	15.0
359.68	16.0
387.84	16.0
1106.28	16.0
310.52	17.0
303.4	17.0
319.72	17.0
337.12	17.0
353.92	17.0
386.2	17.0
395.4	17.0
404.36	17.0
450.8	17.0
481.8	17.0
532.6	17.0
602.4	17.0
709.48	17.0
1319.92	17.0
308.96	18.0
311.8	18.0
373.88	18.0
322.4	18.0
338.2	18.0
386.08	18.0
919.96	18.0
877.64	19.0
308.96	19.0
311.88	19.0
322.16	19.0
337.6	19.0
389.24	19.0
569.12	19.0
578.08	19.0
1160.4	19.0
1231.76	19.0
407.96	20.0
302.44	20.0
307.2	20.0
311.96	20.0
319.04	20.0
322.24	20.0
332.04	20.0
336.68	20.0
340.92	20.0
344.28	20.0
352.6	20.0
358.12	20.0
365.6	20.0
372.56	20.0
376.64	20.0
383.6	20.0
393.64	20.0
402.96	20.0
420.56	20.0
427.8	20.0
432.68	20.0
441.12	20.0
450.64	20.0
456.36	20.0
461.6	20.0
470.88	20.0
476.56	20.0
480.96	20.0
504.2	20.0
512.56	20.0
538.0	20.0
560.44	20.0
569.2	20.0
576.76	20.0
590.2	20.0
612.8	20.0
682.12	20.0
689.32	20.0
693.24	20.0
714.36	20.0
730.4	20.0
758.76	20.0
799.44	20.0
823.56	20.0
836.96	20.0
849.12	20.0
884.36	20.0
915.72	20.0
942.76	20.0
975.12	20.0
994.68	20.0
998.64	20.0
1040.92	20.0
1075.76	20.0
1090.88	20.0
1105.2	20.0
1110.16	20.0
1137.0	20.0
1170.52	20.0
1197.88	20.0
1210.44	20.0
1231.8	20.0
1240.28	20.0
1263.64	20.0
1279.2	20.0
1312.6	20.0
302.48	21.0
475.0	21.0
303.04	22.0
401.16	22.0
440.32	22.0
529.2	22.0
370.12	22.0
339.12	23.0
370.12	23.0
415.4	23.0
303.6	23.0
392.16	23.0
402.12	23.0
665.0	23.0
772.88	23.0
307.76	24.0
358.92	24.0
659.84	24.0
