184.48	1.0
292.84	1.0
309.0	1.0
312.24	1.0
400.4	1.0
321.88	1.0
347.32	1.0
372.96	1.0
407.2	1.0
441.08	1.0
517.76	1.0
564.2	1.0
617.8	1.0
58.04	2.0
162.92	2.0
309.0	2.0
311.84	2.0
451.96	2.0
21.48	3.0
27.28	3.0
82.52	3.0
130.48	3.0
134.56	3.0
302.48	3.0
306.64	3.0
313.68	3.0
318.44	3.0
326.68	3.0
346.0	3.0
377.92	3.0
405.48	3.0
431.12	3.0
464.4	3.0
11.52	5.0
355.8	5.0
413.76	5.0
405.92	5.0
65.96	6.0
105.56	6.0
206.44	6.0
238.52	6.0
265.36	6.0
303.0	6.0
305.56	6.0
310.52	6.0
328.48	6.0
352.36	6.0
369.6	6.0
517.6	6.0
303.4	7.0
51.92	8.0
131.08	8.0
253.32	8.0
308.96	8.0
311.92	8.0
165.72	9.0
308.96	9.0
311.8	9.0
338.56	9.0
362.96	9.0
302.48	10.0
6.84	11.0
193.04	11.0
331.84	11.0
470.44	11.0
165.88	12.0
75.68	12.0
78.28	12.0
104.2	12.0
218.4	12.0
265.04	12.0
283.48	12.0
302.44	12.0
306.04	12.0
314.36	12.0
324.12	12.0
333.2	12.0
370.88	12.0
395.0	12.0
448.28	12.0
504.28	12.0
302.48	13.0
310.36	13.0
318.12	13.0
335.4	13.0
378.32	13.0
11.76	14.0
303.08	14.0
305.8	15.0
311.8	15.0
173.64	16.0
324.6	16.0
216.04	17.0
328.84	17.0
71.16	17.0
98.24	17.0
136.56	17.0
234.2	17.0
255.12	17.0
303.32	17.0
331.6	17.0
421.36	17.0
484.0	17.0
308.96	18.0
311.64	18.0
421.16	18.0
289.84	19.0
309.04	19.0
312.12	19.0
10.0	20.0
25.6	20.0
56.72	20.0
61.2	20.0
79.52	20.0
96.48	20.0
107.0	20.0
128.04	20.0
132.72	20.0
166.72	20.0
192.52	20.0
212.28	20.0
223.32	20.0
235.08	20.0
248.88	20.0
253.44	20.0
263.72	20.0
289.88	20.0
302.48	20.0
308.32	20.0
313.4	20.0
322.2	20.0
332.08	20.0
338.44	20.0
345.56	20.0
357.96	20.0
367.88	20.0
377.84	20.0
391.76	20.0
399.92	20.0
426.32	20.0
454.8	20.0
469.88	20.0
496.68	20.0
514.36	20.0
302.48	21.0
303.24	22.0
111.32	23.0
105.84	23.0
307.44	23.0
