308.96	1.0
311.96	1.0
319.44	1.0
364.96	1.0
388.52	1.0
411.2	1.0
462.8	1.0
486.16	1.0
627.36	1.0
776.4	1.0
925.32	1.0
1149.8	1.0
1209.12	1.0
316.64	1.0
329.68	1.0
333.32	1.0
343.88	1.0
353.32	1.0
359.96	1.0
373.08	1.0
381.52	1.0
395.28	1.0
406.36	1.0
418.64	1.0
442.48	1.0
847.16	2.0
309.0	2.0
312.16	2.0
316.6	2.0
330.52	2.0
344.6	2.0
364.24	2.0
373.36	2.0
388.4	2.0
403.52	2.0
426.6	2.0
480.16	2.0
315.96	3.0
345.68	3.0
302.48	3.0
310.0	3.0
320.52	3.0
323.08	3.0
329.28	3.0
337.0	3.0
340.24	3.0
342.84	3.0
387.12	3.0
394.32	3.0
410.08	3.0
426.44	3.0
450.2	3.0
571.24	3.0
592.08	3.0
595.64	3.0
608.72	3.0
625.4	3.0
643.96	3.0
678.2	3.0
682.84	3.0
695.32	3.0
716.36	3.0
720.96	3.0
730.6	3.0
757.68	3.0
776.44	3.0
800.96	3.0
805.16	3.0
835.4	3.0
841.2	3.0
855.44	3.0
877.56	3.0
881.56	3.0
901.2	3.0
929.12	3.0
954.92	3.0
978.6	3.0
993.48	3.0
998.8	3.0
1018.6	3.0
1039.72	3.0
1042.28	3.0
1123.12	3.0
1164.36	3.0
1191.84	3.0
1212.64	3.0
1241.48	3.0
302.88	5.0
367.64	5.0
456.68	5.0
1128.64	5.0
312.12	5.0
329.72	5.0
341.52	5.0
358.28	5.0
382.4	5.0
395.56	5.0
404.32	5.0
417.16	5.0
446.0	5.0
473.2	5.0
492.56	5.0
510.04	5.0
527.68	5.0
539.96	5.0
555.72	5.0
604.4	5.0
615.72	5.0
642.36	5.0
662.48	5.0
698.16	5.0
739.56	5.0
767.56	5.0
864.28	5.0
936.4	5.0
994.44	5.0
1083.6	5.0
302.88	6.0
305.44	6.0
309.92	6.0
313.4	6.0
325.48	6.0
332.24	6.0
343.4	6.0
350.4	6.0
361.92	6.0
368.04	6.0
373.72	6.0
377.84	6.0
384.2	6.0
396.24	6.0
402.48	6.0
417.36	6.0
425.36	6.0
433.44	6.0
454.32	6.0
476.96	6.0
488.96	6.0
503.88	6.0
528.48	6.0
541.36	6.0
547.48	6.0
557.6	6.0
567.36	6.0
606.28	6.0
633.16	6.0
692.04	6.0
739.44	6.0
842.44	6.0
982.92	6.0
1052.28	6.0
1191.96	6.0
1220.6	6.0
1229.84	6.0
303.24	7.0
313.6	7.0
326.92	7.0
340.76	7.0
350.36	7.0
353.76	7.0
360.32	7.0
375.52	7.0
405.12	7.0
424.0	7.0
444.16	7.0
464.88	7.0
525.52	7.0
556.32	7.0
604.52	7.0
308.92	8.0
311.96	8.0
510.24	8.0
605.6	8.0
840.88	8.0
317.04	8.0
335.2	8.0
362.96	8.0
403.56	8.0
407.68	8.0
414.84	8.0
701.08	8.0
377.4	9.0
309.04	9.0
312.2	9.0
330.84	9.0
352.2	9.0
357.64	9.0
389.32	9.0
414.84	9.0
419.96	9.0
478.24	9.0
302.48	10.0
367.2	10.0
314.0	11.0
326.92	11.0
359.04	11.0
378.48	11.0
302.48	11.0
338.92	11.0
323.84	12.0
340.0	12.0
771.52	12.0
302.96	12.0
311.52	12.0
314.04	12.0
327.04	12.0
332.16	12.0
350.12	12.0
371.92	12.0
382.4	12.0
407.88	12.0
477.88	12.0
743.92	12.0
754.68	12.0
789.12	12.0
796.8	12.0
822.8	12.0
906.56	12.0
947.48	12.0
1095.68	12.0
1212.0	12.0
1270.2	12.0
305.16	13.0
302.44	13.0
310.04	13.0
313.12	13.0
319.56	13.0
327.12	13.0
338.76	13.0
347.88	13.0
353.64	13.0
358.16	13.0
362.04	13.0
376.96	13.0
385.2	13.0
395.88	13.0
400.0	13.0
406.48	13.0
416.48	13.0
424.48	13.0
434.28	13.0
445.44	13.0
454.0	13.0
463.28	13.0
473.72	13.0
479.6	13.0
482.28	13.0
491.36	13.0
512.12	13.0
520.56	13.0
528.6	13.0
540.96	13.0
558.68	13.0
570.04	13.0
591.36	13.0
606.24	13.0
620.44	13.0
635.68	13.0
653.6	13.0
669.44	13.0
702.12	13.0
722.32	13.0
742.2	13.0
759.8	13.0
774.72	13.0
795.92	13.0
817.2	13.0
843.6	13.0
870.12	13.0
892.36	13.0
952.84	13.0
989.64	13.0
1024.6	13.0
1064.4	13.0
474.48	14.0
681.48	14.0
305.0	15.0
313.8	15.0
375.68	15.0
352.36	16.0
379.0	16.0
529.6	16.0
571.08	16.0
308.28	16.0
318.16	17.0
303.32	17.0
331.04	17.0
350.52	17.0
383.44	17.0
407.28	17.0
436.16	17.0
443.12	17.0
451.68	17.0
461.44	17.0
464.0	17.0
474.88	17.0
559.32	17.0
668.24	17.0
739.76	17.0
308.92	18.0
312.16	18.0
318.2	18.0
321.28	18.0
377.64	18.0
456.92	18.0
562.44	18.0
586.12	18.0
1218.68	18.0
308.96	19.0
311.88	19.0
323.08	19.0
348.8	19.0
1027.96	19.0
302.44	20.0
307.92	20.0
312.04	20.0
317.04	20.0
321.92	20.0
328.72	20.0
332.96	20.0
337.2	20.0
341.24	20.0
347.44	20.0
351.76	20.0
356.88	20.0
364.64	20.0
369.32	20.0
373.2	20.0
381.2	20.0
386.6	20.0
390.04	20.0
419.48	20.0
426.48	20.0
448.2	20.0
462.6	20.0
485.08	20.0
515.88	20.0
520.64	20.0
536.32	20.0
550.0	20.0
556.2	20.0
562.2	20.0
586.52	20.0
615.8	20.0
626.2	20.0
634.16	20.0
666.0	20.0
757.36	20.0
761.24	20.0
783.32	20.0
807.56	20.0
837.6	20.0
857.68	20.0
867.68	20.0
886.24	20.0
905.52	20.0
921.52	20.0
946.84	20.0
977.72	20.0
997.24	20.0
1038.68	20.0
1064.24	20.0
1091.84	20.0
1125.24	20.0
1131.0	20.0
1149.48	20.0
1176.76	20.0
1194.24	20.0
1210.96	20.0
1222.96	20.0
1273.16	20.0
1287.56	20.0
302.44	21.0
345.04	22.0
445.64	22.0
340.48	23.0
353.48	23.0
356.16	23.0
378.0	23.0
403.8	23.0
303.52	23.0
316.28	23.0
308.16	24.0
350.64	24.0
