308.92	1.0
311.8	1.0
352.84	1.0
424.2	1.0
427.76	1.0
530.56	1.0
736.28	1.0
762.52	1.0
900.0	1.0
988.76	1.0
317.12	1.0
365.4	1.0
309.0	2.0
312.04	2.0
334.64	2.0
367.52	2.0
377.84	2.0
390.64	2.0
607.48	2.0
817.56	2.0
923.08	2.0
302.44	3.0
308.24	3.0
312.68	3.0
321.28	3.0
326.4	3.0
330.72	3.0
343.24	3.0
353.96	3.0
365.28	3.0
378.0	3.0
384.2	3.0
389.92	3.0
400.0	3.0
423.24	3.0
444.08	3.0
448.16	3.0
458.76	3.0
471.88	3.0
485.52	3.0
494.2	3.0
509.52	3.0
537.92	3.0
552.6	3.0
577.08	3.0
609.96	3.0
661.04	3.0
685.16	3.0
693.2	3.0
716.0	3.0
720.96	3.0
741.52	3.0
784.72	3.0
793.32	3.0
830.84	3.0
842.32	3.0
878.16	3.0
904.92	3.0
948.28	3.0
302.96	5.0
307.48	5.0
313.68	5.0
320.8	5.0
361.88	5.0
526.0	5.0
675.76	5.0
751.16	5.0
341.24	5.0
355.16	5.0
369.08	5.0
393.28	5.0
442.44	5.0
457.6	5.0
505.6	5.0
522.36	5.0
539.0	5.0
592.04	5.0
720.68	5.0
724.84	5.0
387.24	6.0
302.88	6.0
309.88	6.0
315.96	6.0
321.68	6.0
338.64	6.0
345.6	6.0
366.08	6.0
382.68	6.0
390.52	6.0
420.0	6.0
431.4	6.0
450.84	6.0
476.64	6.0
500.32	6.0
510.76	6.0
531.32	6.0
539.8	6.0
567.12	6.0
601.08	6.0
626.92	6.0
686.08	6.0
739.4	6.0
793.32	6.0
831.4	6.0
847.92	6.0
883.68	6.0
917.6	6.0
306.32	7.0
303.28	7.0
316.4	7.0
319.24	7.0
339.36	7.0
500.64	7.0
739.68	7.0
917.96	7.0
308.96	8.0
311.68	8.0
354.16	8.0
509.92	8.0
779.92	8.0
816.68	8.0
364.32	8.0
309.0	9.0
312.0	9.0
302.44	10.0
303.0	11.0
313.92	11.0
343.08	11.0
366.44	11.0
430.88	11.0
516.84	11.0
369.68	12.0
380.24	12.0
453.24	12.0
308.48	12.0
314.44	12.0
321.6	12.0
336.44	12.0
349.56	12.0
386.24	12.0
412.16	12.0
444.12	12.0
471.12	12.0
499.36	12.0
541.56	12.0
546.8	12.0
569.88	12.0
600.16	12.0
616.08	12.0
634.16	12.0
684.8	12.0
695.12	12.0
705.32	12.0
712.84	12.0
734.44	12.0
768.4	12.0
914.04	12.0
923.6	12.0
993.68	12.0
305.4	13.0
302.44	13.0
310.08	13.0
314.84	13.0
323.88	13.0
340.2	13.0
362.68	13.0
381.24	13.0
393.52	13.0
408.36	13.0
429.56	13.0
459.56	13.0
482.72	13.0
506.56	13.0
533.92	13.0
724.56	13.0
756.52	13.0
387.76	14.0
779.2	14.0
305.76	15.0
393.96	15.0
420.52	16.0
970.88	16.0
641.04	17.0
303.48	17.0
308.32	17.0
317.68	17.0
411.2	17.0
470.08	17.0
524.52	17.0
543.2	17.0
851.56	17.0
1026.72	17.0
1126.48	17.0
308.96	18.0
311.92	18.0
345.04	18.0
435.64	18.0
628.28	18.0
663.6	18.0
789.0	18.0
309.0	19.0
311.72	19.0
336.32	19.0
367.04	19.0
390.16	19.0
620.68	19.0
302.48	20.0
308.16	20.0
313.2	20.0
320.24	20.0
327.56	20.0
336.4	20.0
338.92	20.0
342.92	20.0
350.36	20.0
356.96	20.0
363.0	20.0
370.32	20.0
376.48	20.0
381.72	20.0
393.68	20.0
398.88	20.0
420.16	20.0
436.36	20.0
442.0	20.0
457.36	20.0
470.76	20.0
480.52	20.0
486.24	20.0
492.88	20.0
504.32	20.0
509.8	20.0
515.36	20.0
538.64	20.0
548.68	20.0
560.48	20.0
572.2	20.0
579.8	20.0
596.92	20.0
600.72	20.0
606.44	20.0
610.56	20.0
652.36	20.0
660.76	20.0
710.68	20.0
716.68	20.0
734.36	20.0
746.0	20.0
756.84	20.0
786.08	20.0
820.48	20.0
831.76	20.0
860.32	20.0
864.96	20.0
883.12	20.0
894.96	20.0
921.12	20.0
926.68	20.0
959.64	20.0
966.16	20.0
991.0	20.0
1070.8	20.0
302.48	21.0
340.68	23.0
663.48	23.0
303.64	23.0
313.16	24.0
