308.88	1.0
312.0	1.0
314.72	1.0
323.12	1.0
360.72	1.0
364.8	1.0
393.0	1.0
454.92	1.0
550.28	1.0
608.36	1.0
681.24	1.0
820.84	1.0
885.28	1.0
907.32	1.0
1022.48	1.0
339.4	1.0
405.64	1.0
435.84	1.0
505.68	1.0
309.0	2.0
311.96	2.0
316.04	2.0
330.68	2.0
345.12	2.0
348.36	2.0
385.16	2.0
391.96	2.0
611.92	2.0
655.96	2.0
917.8	2.0
1079.2	2.0
302.72	3.0
315.72	3.0
321.4	3.0
333.68	3.0
346.48	3.0
355.8	3.0
365.04	3.0
373.72	3.0
386.12	3.0
391.0	3.0
396.76	3.0
413.44	3.0
432.32	3.0
443.32	3.0
460.56	3.0
478.36	3.0
482.12	3.0
492.56	3.0
504.68	3.0
518.64	3.0
521.48	3.0
565.84	3.0
585.88	3.0
630.32	3.0
649.56	3.0
675.32	3.0
704.52	3.0
792.68	3.0
827.36	3.0
837.6	3.0
888.52	3.0
903.8	3.0
948.72	3.0
974.2	3.0
306.92	5.0
310.32	5.0
313.8	5.0
326.96	5.0
401.32	5.0
422.96	5.0
906.52	5.0
302.48	5.0
333.2	5.0
366.92	5.0
398.76	5.0
444.12	5.0
454.04	5.0
502.12	5.0
514.04	5.0
517.16	5.0
568.72	5.0
584.32	5.0
776.72	5.0
1007.24	5.0
1062.52	5.0
454.04	6.0
303.0	6.0
334.52	6.0
345.92	6.0
362.68	6.0
380.2	6.0
389.48	6.0
398.32	6.0
414.4	6.0
430.52	6.0
441.56	6.0
460.76	6.0
493.44	6.0
503.52	6.0
521.2	6.0
535.04	6.0
551.8	6.0
560.12	6.0
562.64	6.0
596.04	6.0
612.0	6.0
643.32	6.0
662.56	6.0
696.68	6.0
735.72	6.0
758.96	6.0
782.96	6.0
824.64	6.0
887.56	6.0
919.12	6.0
951.52	6.0
1032.04	6.0
305.16	7.0
320.76	7.0
379.48	7.0
412.08	7.0
442.04	7.0
535.4	7.0
308.96	8.0
311.88	8.0
639.96	8.0
657.76	8.0
825.08	8.0
986.92	8.0
315.08	8.0
340.4	8.0
343.44	8.0
501.0	8.0
753.96	8.0
309.0	9.0
311.96	9.0
367.08	9.0
302.48	10.0
303.12	11.0
367.36	11.0
591.84	11.0
879.48	11.0
850.44	12.0
304.72	12.0
308.6	12.0
314.36	12.0
324.12	12.0
334.04	12.0
360.24	12.0
391.44	12.0
401.44	12.0
412.76	12.0
444.04	12.0
453.12	12.0
459.32	12.0
467.84	12.0
476.24	12.0
479.72	12.0
503.0	12.0
548.24	12.0
635.92	12.0
742.8	12.0
791.32	12.0
809.48	12.0
837.32	12.0
845.48	12.0
896.44	12.0
976.88	12.0
1006.28	12.0
1031.24	12.0
1144.32	12.0
302.48	13.0
310.32	13.0
316.84	13.0
324.64	13.0
340.64	13.0
359.04	13.0
376.08	13.0
395.44	13.0
426.36	13.0
453.56	13.0
478.68	13.0
493.2	13.0
495.84	13.0
515.68	13.0
547.56	13.0
576.64	13.0
600.96	13.0
636.6	13.0
672.92	13.0
766.0	13.0
502.24	14.0
934.04	14.0
1007.28	14.0
305.28	15.0
320.88	15.0
412.16	15.0
442.16	15.0
399.2	15.0
1054.52	15.0
361.48	16.0
404.36	16.0
303.52	17.0
308.08	17.0
315.48	17.0
359.56	17.0
384.88	17.0
420.72	17.0
447.04	17.0
479.72	17.0
491.32	17.0
519.16	17.0
611.76	17.0
1130.12	17.0
308.96	18.0
312.12	18.0
326.52	18.0
959.92	18.0
309.0	19.0
312.24	19.0
393.48	19.0
520.04	19.0
658.84	19.0
359.44	20.0
302.48	20.0
309.04	20.0
314.52	20.0
319.36	20.0
323.0	20.0
331.8	20.0
338.68	20.0
342.96	20.0
351.12	20.0
364.8	20.0
374.44	20.0
380.4	20.0
385.32	20.0
390.76	20.0
395.32	20.0
405.6	20.0
412.92	20.0
419.44	20.0
426.04	20.0
432.6	20.0
440.48	20.0
444.36	20.0
453.56	20.0
459.72	20.0
469.08	20.0
474.0	20.0
500.6	20.0
525.24	20.0
534.0	20.0
549.84	20.0
558.4	20.0
617.48	20.0
626.88	20.0
658.84	20.0
666.48	20.0
696.56	20.0
731.88	20.0
761.84	20.0
773.0	20.0
804.72	20.0
825.04	20.0
870.72	20.0
878.92	20.0
887.16	20.0
918.8	20.0
929.48	20.0
933.4	20.0
986.64	20.0
1007.36	20.0
1064.24	20.0
1082.08	20.0
1093.96	20.0
1118.32	20.0
1120.88	20.0
1148.76	20.0
1179.68	20.0
302.44	21.0
413.2	21.0
302.92	22.0
322.48	23.0
389.12	23.0
313.08	24.0
325.28	24.0
363.28	24.0
