308.96	1.0
312.2	1.0
317.16	1.0
326.84	1.0
488.48	1.0
606.44	1.0
716.92	1.0
1143.08	1.0
1277.8	1.0
334.84	1.0
338.88	1.0
349.64	1.0
361.56	1.0
366.8	1.0
377.36	1.0
387.08	1.0
391.88	1.0
405.84	1.0
422.52	1.0
429.56	1.0
436.04	1.0
465.04	1.0
309.0	2.0
311.68	2.0
314.96	2.0
331.4	2.0
341.2	2.0
356.96	2.0
377.24	2.0
396.0	2.0
441.92	2.0
473.6	2.0
1058.76	2.0
1256.04	2.0
1342.48	2.0
341.0	3.0
357.24	3.0
1345.88	3.0
302.48	3.0
310.76	3.0
315.24	3.0
323.0	3.0
328.88	3.0
336.68	3.0
343.72	3.0
349.0	3.0
370.48	3.0
382.76	3.0
395.2	3.0
522.28	3.0
603.28	3.0
622.96	3.0
651.44	3.0
663.32	3.0
695.08	3.0
723.04	3.0
749.52	3.0
760.68	3.0
780.0	3.0
802.64	3.0
811.52	3.0
833.68	3.0
856.64	3.0
887.16	3.0
919.48	3.0
939.48	3.0
973.24	3.0
981.8	3.0
1012.76	3.0
1032.52	3.0
1058.52	3.0
1066.4	3.0
1145.84	3.0
1183.88	3.0
1189.92	3.0
1280.64	3.0
1358.48	3.0
1383.48	3.0
302.8	5.0
341.92	5.0
784.32	5.0
327.88	5.0
331.28	5.0
355.28	5.0
368.68	5.0
386.92	5.0
397.64	5.0
410.8	5.0
429.52	5.0
447.8	5.0
462.2	5.0
504.32	5.0
510.52	5.0
528.24	5.0
553.84	5.0
561.56	5.0
571.8	5.0
609.6	5.0
658.96	5.0
695.36	5.0
714.32	5.0
734.32	5.0
765.24	5.0
792.84	5.0
827.96	5.0
833.96	5.0
851.76	5.0
876.16	5.0
908.72	5.0
931.12	5.0
966.4	5.0
998.32	5.0
1090.52	5.0
426.88	6.0
303.0	6.0
313.68	6.0
318.88	6.0
325.28	6.0
340.0	6.0
345.04	6.0
349.44	6.0
354.68	6.0
368.2	6.0
372.88	6.0
433.44	6.0
438.56	6.0
474.4	6.0
483.32	6.0
524.2	6.0
541.72	6.0
566.08	6.0
594.6	6.0
637.24	6.0
673.72	6.0
703.6	6.0
784.68	6.0
902.56	6.0
934.24	6.0
1059.2	6.0
1127.08	6.0
1371.44	6.0
1395.8	6.0
303.36	7.0
306.36	7.0
313.88	7.0
331.28	7.0
343.6	7.0
356.44	7.0
366.96	7.0
382.2	7.0
390.08	7.0
393.72	7.0
409.36	7.0
424.28	7.0
480.8	7.0
541.4	7.0
565.24	7.0
594.92	7.0
607.32	7.0
1345.68	7.0
308.92	8.0
312.08	8.0
370.4	8.0
484.8	8.0
1178.56	8.0
316.0	8.0
330.08	8.0
354.24	8.0
519.76	8.0
308.96	9.0
311.84	9.0
317.44	9.0
328.72	9.0
359.12	9.0
382.52	9.0
397.44	9.0
413.8	9.0
685.0	9.0
798.2	9.0
302.48	10.0
332.08	10.0
303.4	11.0
328.84	11.0
331.36	11.0
348.4	11.0
352.56	11.0
408.28	11.0
378.52	11.0
396.44	11.0
426.6	11.0
483.2	11.0
709.12	11.0
1061.24	11.0
341.32	12.0
349.0	12.0
378.12	12.0
584.2	12.0
303.2	12.0
311.92	12.0
314.6	12.0
331.16	12.0
353.32	12.0
392.8	12.0
407.24	12.0
433.52	12.0
450.08	12.0
482.96	12.0
491.48	12.0
518.12	12.0
596.32	12.0
671.4	12.0
704.8	12.0
733.6	12.0
748.48	12.0
769.08	12.0
878.44	12.0
958.24	12.0
997.48	12.0
1032.8	12.0
1102.44	12.0
1214.12	12.0
1238.16	12.0
1268.0	12.0
1380.72	12.0
304.2	13.0
310.24	13.0
313.16	13.0
319.76	13.0
329.04	13.0
340.0	13.0
350.4	13.0
357.36	13.0
367.52	13.0
375.72	13.0
387.16	13.0
394.52	13.0
398.56	13.0
406.64	13.0
409.56	13.0
413.28	13.0
427.4	13.0
431.6	13.0
434.16	13.0
448.4	13.0
458.92	13.0
462.08	13.0
467.24	13.0
475.88	13.0
486.0	13.0
497.36	13.0
517.84	13.0
529.8	13.0
540.24	13.0
554.6	13.0
565.32	13.0
576.72	13.0
591.64	13.0
610.6	13.0
626.96	13.0
639.24	13.0
665.24	13.0
686.56	13.0
701.0	13.0
737.72	13.0
762.04	13.0
784.32	13.0
802.84	13.0
829.68	13.0
857.64	13.0
896.36	13.0
920.08	13.0
965.08	13.0
1036.88	13.0
1159.68	13.0
372.04	14.0
388.96	14.0
313.96	15.0
343.72	15.0
1345.8	15.0
348.76	16.0
371.8	16.0
409.96	16.0
527.8	16.0
578.0	16.0
596.24	17.0
303.36	17.0
305.88	17.0
321.4	17.0
327.92	17.0
353.0	17.0
365.08	17.0
371.08	17.0
374.52	17.0
386.84	17.0
395.6	17.0
414.92	17.0
564.24	17.0
1132.84	17.0
308.96	18.0
312.48	18.0
321.16	18.0
437.28	18.0
446.84	18.0
481.72	18.0
596.2	18.0
919.8	18.0
308.96	19.0
311.48	19.0
341.72	19.0
357.4	19.0
381.64	19.0
321.6	20.0
471.16	20.0
303.52	20.0
311.88	20.0
318.16	20.0
327.96	20.0
337.04	20.0
339.84	20.0
343.48	20.0
350.24	20.0
353.68	20.0
357.88	20.0
361.72	20.0
365.92	20.0
370.12	20.0
374.28	20.0
377.64	20.0
381.76	20.0
387.32	20.0
391.44	20.0
397.2	20.0
403.28	20.0
409.4	20.0
413.84	20.0
429.56	20.0
434.08	20.0
439.68	20.0
444.6	20.0
448.8	20.0
462.64	20.0
476.12	20.0
487.08	20.0
509.44	20.0
517.24	20.0
524.36	20.0
544.08	20.0
560.6	20.0
583.68	20.0
590.92	20.0
603.72	20.0
666.48	20.0
675.0	20.0
716.96	20.0
734.56	20.0
748.92	20.0
784.36	20.0
794.68	20.0
809.88	20.0
826.76	20.0
899.76	20.0
919.6	20.0
933.48	20.0
966.24	20.0
1026.12	20.0
1033.32	20.0
1058.16	20.0
1080.6	20.0
1098.4	20.0
1103.76	20.0
1149.08	20.0
1181.12	20.0
1230.48	20.0
1236.36	20.0
1255.88	20.0
1313.72	20.0
1322.28	20.0
1334.96	20.0
1345.36	20.0
1369.0	20.0
1375.68	20.0
1388.28	20.0
1393.48	20.0
302.44	21.0
329.92	22.0
367.12	22.0
391.4	22.0
340.08	23.0
414.44	23.0
303.48	23.0
312.32	23.0
317.2	23.0
342.64	23.0
355.92	23.0
358.84	23.0
368.44	23.0
306.28	24.0
357.64	24.0
395.96	24.0
