37.36	1.0
199.64	1.0
308.96	1.0
311.76	1.0
507.44	1.0
108.04	1.0
218.88	1.0
35.92	2.0
197.0	2.0
309.0	2.0
311.92	2.0
475.0	2.0
549.12	2.0
42.36	3.0
123.92	3.0
126.44	3.0
222.88	3.0
269.2	3.0
272.56	3.0
302.48	3.0
306.64	3.0
310.12	3.0
327.76	3.0
356.68	3.0
361.96	3.0
371.44	3.0
379.92	3.0
424.84	3.0
442.44	3.0
481.52	3.0
545.76	3.0
219.76	5.0
355.8	5.0
38.76	5.0
62.4	5.0
302.64	5.0
326.04	5.0
374.08	5.0
495.48	5.0
9.96	6.0
46.8	6.0
97.2	6.0
142.28	6.0
199.56	6.0
218.8	6.0
302.76	6.0
317.36	6.0
325.96	6.0
353.44	6.0
433.68	6.0
588.04	6.0
41.76	7.0
142.6	7.0
302.44	7.0
326.28	7.0
199.0	8.0
308.96	8.0
311.84	8.0
420.0	8.0
528.28	8.0
611.08	8.0
121.52	9.0
308.96	9.0
312.04	9.0
477.48	9.0
302.48	10.0
76.52	11.0
322.0	11.0
477.88	11.0
305.68	12.0
479.64	12.0
66.64	12.0
102.32	12.0
122.68	12.0
198.4	12.0
217.52	12.0
235.48	12.0
296.08	12.0
302.84	12.0
313.56	12.0
373.4	12.0
444.12	12.0
473.84	12.0
487.68	12.0
528.68	12.0
564.48	12.0
304.0	13.0
310.04	13.0
319.56	13.0
345.96	13.0
378.6	13.0
320.24	14.0
374.08	14.0
41.88	15.0
39.72	17.0
243.92	17.0
264.96	17.0
303.32	17.0
341.24	17.0
383.48	17.0
416.6	17.0
544.8	17.0
308.92	18.0
312.32	18.0
308.96	19.0
312.0	19.0
6.16	20.0
8.68	20.0
23.32	20.0
38.0	20.0
44.76	20.0
52.8	20.0
69.88	20.0
76.68	20.0
88.08	20.0
107.28	20.0
134.36	20.0
141.4	20.0
167.16	20.0
190.84	20.0
197.96	20.0
206.68	20.0
218.12	20.0
228.68	20.0
252.6	20.0
259.68	20.0
266.88	20.0
282.52	20.0
302.44	20.0
320.12	20.0
353.24	20.0
357.64	20.0
363.64	20.0
378.56	20.0
391.68	20.0
400.4	20.0
413.88	20.0
428.12	20.0
443.4	20.0
476.08	20.0
501.4	20.0
536.64	20.0
582.0	20.0
302.44	21.0
303.32	23.0
