230.92	1.0
521.6	1.0
652.4	1.0
848.04	1.0
9.8	1.0
241.56	1.0
260.76	1.0
303.0	1.0
670.72	1.0
963.32	1.0
308.96	2.0
312.08	2.0
399.76	2.0
403.16	2.0
597.84	2.0
668.2	2.0
875.96	2.0
11.08	3.0
24.6	3.0
39.24	3.0
45.44	3.0
49.64	3.0
65.8	3.0
78.68	3.0
104.28	3.0
109.04	3.0
139.32	3.0
143.4	3.0
159.08	3.0
176.96	3.0
201.12	3.0
236.32	3.0
267.36	3.0
287.6	3.0
290.68	3.0
309.04	3.0
312.08	3.0
346.48	3.0
355.8	3.0
396.28	3.0
418.88	3.0
439.36	3.0
448.68	3.0
468.16	3.0
501.64	3.0
595.24	3.0
611.28	3.0
646.88	3.0
665.04	3.0
684.56	3.0
704.24	3.0
759.2	3.0
898.44	3.0
105.72	5.0
335.64	5.0
662.68	5.0
29.88	5.0
39.56	5.0
138.36	5.0
159.88	5.0
178.0	5.0
254.4	5.0
358.64	5.0
678.32	5.0
10.08	6.0
31.36	6.0
58.84	6.0
78.88	6.0
103.52	6.0
127.56	6.0
144.44	6.0
165.12	6.0
190.4	6.0
268.92	6.0
288.96	6.0
316.48	6.0
326.36	6.0
338.84	6.0
361.32	6.0
425.2	6.0
457.72	6.0
476.0	6.0
517.2	6.0
555.96	6.0
598.6	6.0
653.8	6.0
683.6	6.0
144.72	7.0
165.4	7.0
217.6	7.0
458.08	7.0
654.2	7.0
120.52	8.0
221.12	8.0
599.84	8.0
607.04	8.0
963.08	8.0
137.28	8.0
459.96	8.0
308.96	9.0
311.64	9.0
134.52	9.0
360.44	9.0
705.2	9.0
309.04	10.0
312.08	10.0
6.36	11.0
86.8	11.0
4.28	12.0
10.04	12.0
41.32	12.0
64.32	12.0
87.44	12.0
106.84	12.0
136.2	12.0
158.96	12.0
174.2	12.0
181.08	12.0
203.24	12.0
230.16	12.0
269.92	12.0
303.32	12.0
318.16	12.0
336.2	12.0
359.32	12.0
380.28	12.0
409.2	12.0
448.84	12.0
543.92	12.0
563.84	12.0
594.84	12.0
597.88	12.0
669.48	12.0
673.64	12.0
732.32	12.0
736.96	12.0
28.12	13.0
45.08	13.0
62.4	13.0
81.44	13.0
107.2	13.0
129.56	13.0
154.8	13.0
171.04	13.0
207.4	13.0
244.0	13.0
269.0	13.0
313.4	13.0
333.88	13.0
348.12	13.0
366.16	13.0
406.24	13.0
435.84	13.0
468.24	13.0
9.56	16.0
226.76	16.0
306.16	16.0
396.68	16.0
73.84	17.0
85.16	17.0
296.12	17.0
315.48	17.0
361.4	17.0
368.0	17.0
398.72	17.0
559.52	17.0
615.52	17.0
687.64	17.0
805.16	17.0
100.88	18.0
210.84	18.0
945.24	18.0
308.96	19.0
312.0	19.0
333.2	19.0
358.28	19.0
91.76	20.0
5.88	20.0
9.44	20.0
33.48	20.0
48.36	20.0
59.48	20.0
79.28	20.0
86.2	20.0
104.28	20.0
120.48	20.0
128.92	20.0
137.48	20.0
140.0	20.0
151.4	20.0
159.44	20.0
165.2	20.0
173.88	20.0
183.0	20.0
197.56	20.0
209.4	20.0
222.2	20.0
237.68	20.0
248.48	20.0
259.88	20.0
267.8	20.0
309.04	20.0
311.96	20.0
314.96	20.0
333.28	20.0
358.32	20.0
380.08	20.0
399.76	20.0
409.96	20.0
415.6	20.0
438.24	20.0
458.24	20.0
478.64	20.0
499.8	20.0
514.48	20.0
539.84	20.0
579.6	20.0
595.2	20.0
600.48	20.0
645.76	20.0
651.56	20.0
663.12	20.0
672.88	20.0
681.84	20.0
765.24	20.0
782.48	20.0
787.56	20.0
831.84	20.0
854.64	20.0
866.8	20.0
878.04	20.0
892.36	20.0
7.12	23.0
156.12	23.0
266.52	23.0
135.76	23.0
317.32	23.0
688.52	24.0
