308.92	1.0
311.96	1.0
317.6	1.0
357.96	1.0
522.64	1.0
636.72	1.0
683.84	1.0
1045.6	1.0
340.52	1.0
366.96	1.0
387.8	1.0
407.0	1.0
477.16	1.0
664.44	1.0
948.88	1.0
1228.68	1.0
309.0	2.0
311.88	2.0
314.76	2.0
330.24	2.0
351.76	2.0
376.08	2.0
385.72	2.0
414.8	2.0
474.72	2.0
582.84	2.0
1128.8	2.0
1280.44	2.0
1442.04	2.0
430.16	3.0
302.52	3.0
312.0	3.0
320.16	3.0
329.04	3.0
337.2	3.0
343.84	3.0
352.76	3.0
363.12	3.0
370.64	3.0
387.56	3.0
404.56	3.0
415.32	3.0
437.08	3.0
447.8	3.0
453.84	3.0
462.16	3.0
491.52	3.0
521.36	3.0
524.56	3.0
585.32	3.0
591.4	3.0
614.56	3.0
626.84	3.0
646.6	3.0
661.2	3.0
735.28	3.0
741.44	3.0
762.44	3.0
787.52	3.0
819.44	3.0
827.72	3.0
847.16	3.0
874.76	3.0
302.88	5.0
559.52	5.0
306.0	5.0
332.4	5.0
352.12	5.0
384.92	5.0
407.92	5.0
410.6	5.0
433.84	5.0
457.56	5.0
462.96	5.0
472.48	5.0
479.28	5.0
486.84	5.0
529.28	5.0
592.72	5.0
303.12	6.0
309.48	6.0
314.92	6.0
320.96	6.0
329.16	6.0
333.84	6.0
344.8	6.0
349.44	6.0
365.88	6.0
371.92	6.0
385.0	6.0
399.08	6.0
408.64	6.0
414.56	6.0
424.96	6.0
435.32	6.0
443.64	6.0
472.16	6.0
494.12	6.0
513.52	6.0
531.24	6.0
579.52	6.0
606.2	6.0
629.8	6.0
646.2	6.0
766.0	6.0
880.08	6.0
923.8	6.0
948.24	6.0
1017.32	6.0
1121.48	6.0
1150.56	6.0
1305.4	6.0
305.12	7.0
311.0	7.0
318.68	7.0
334.2	7.0
353.44	7.0
361.72	7.0
385.12	7.0
433.12	7.0
308.96	8.0
312.08	8.0
748.76	8.0
1297.28	8.0
315.04	8.0
322.28	8.0
341.44	8.0
350.76	8.0
386.08	8.0
410.0	8.0
618.24	8.0
309.0	9.0
312.16	9.0
369.16	9.0
375.84	9.0
384.88	9.0
448.16	9.0
302.48	10.0
303.76	11.0
312.28	11.0
316.44	11.0
343.08	11.0
459.08	11.0
524.44	11.0
332.96	11.0
1310.24	11.0
305.32	12.0
312.8	12.0
331.92	12.0
368.28	12.0
417.76	12.0
525.0	12.0
334.44	12.0
348.96	12.0
360.36	12.0
374.28	12.0
386.52	12.0
413.36	12.0
433.92	12.0
439.72	12.0
446.36	12.0
484.96	12.0
573.64	12.0
583.2	12.0
591.68	12.0
606.88	12.0
645.2	12.0
681.96	12.0
826.68	12.0
841.6	12.0
859.68	12.0
934.68	12.0
1038.12	12.0
1060.92	12.0
1095.52	12.0
1217.52	12.0
1292.76	12.0
1337.68	12.0
302.48	13.0
305.16	13.0
310.16	13.0
314.4	13.0
331.04	13.0
344.72	13.0
360.48	13.0
363.0	13.0
373.44	13.0
388.48	13.0
409.32	13.0
430.76	13.0
456.32	13.0
471.64	13.0
488.24	13.0
518.44	13.0
556.68	13.0
575.36	13.0
594.28	13.0
616.56	13.0
638.52	13.0
673.48	13.0
695.08	13.0
717.36	13.0
749.48	13.0
350.56	14.0
303.2	14.0
385.92	14.0
626.92	14.0
305.2	15.0
361.8	15.0
385.24	15.0
433.2	15.0
366.52	16.0
524.28	16.0
361.28	17.0
376.56	17.0
408.2	17.0
511.88	17.0
303.48	17.0
313.28	17.0
321.0	17.0
338.2	17.0
344.48	17.0
351.92	17.0
386.36	17.0
389.72	17.0
393.56	17.0
430.04	17.0
436.8	17.0
472.96	17.0
553.92	17.0
655.12	17.0
686.56	17.0
1157.4	17.0
1467.08	17.0
308.96	18.0
312.36	18.0
330.04	18.0
386.16	18.0
416.84	18.0
308.96	19.0
311.76	19.0
665.56	19.0
302.48	20.0
312.16	20.0
317.4	20.0
321.64	20.0
326.28	20.0
329.92	20.0
333.04	20.0
337.28	20.0
342.0	20.0
354.16	20.0
359.16	20.0
364.32	20.0
367.76	20.0
372.28	20.0
375.0	20.0
386.44	20.0
390.12	20.0
397.2	20.0
402.6	20.0
409.52	20.0
413.24	20.0
418.44	20.0
426.64	20.0
434.88	20.0
441.16	20.0
455.72	20.0
460.08	20.0
470.4	20.0
492.32	20.0
517.08	20.0
540.6	20.0
550.72	20.0
561.8	20.0
571.52	20.0
601.52	20.0
613.28	20.0
619.68	20.0
633.6	20.0
644.4	20.0
653.56	20.0
663.56	20.0
671.92	20.0
688.6	20.0
707.56	20.0
737.52	20.0
765.48	20.0
781.08	20.0
788.64	20.0
806.68	20.0
853.16	20.0
876.52	20.0
892.84	20.0
906.4	20.0
951.84	20.0
962.6	20.0
969.2	20.0
987.2	20.0
1013.96	20.0
1039.96	20.0
1053.72	20.0
1059.16	20.0
1084.64	20.0
1096.12	20.0
1107.28	20.0
1120.24	20.0
1131.48	20.0
1141.24	20.0
1170.96	20.0
1203.88	20.0
1227.72	20.0
1252.36	20.0
1288.36	20.0
1302.76	20.0
1309.68	20.0
1382.52	20.0
1425.52	20.0
1444.68	20.0
302.48	21.0
311.08	22.0
429.04	22.0
303.48	23.0
310.72	24.0
331.12	24.0
473.52	24.0
