308.96	1.0
311.68	1.0
317.92	1.0
356.84	1.0
361.6	1.0
383.4	1.0
490.12	1.0
666.56	1.0
809.56	1.0
988.6	1.0
1082.28	1.0
325.28	1.0
330.04	1.0
344.88	1.0
364.48	1.0
368.84	1.0
387.28	1.0
406.44	1.0
411.76	1.0
435.84	1.0
502.64	1.0
1341.52	1.0
309.0	2.0
312.04	2.0
316.8	2.0
338.2	2.0
365.24	2.0
380.72	2.0
409.0	2.0
432.72	2.0
578.44	2.0
617.04	2.0
850.64	2.0
962.24	2.0
1027.36	2.0
1168.56	2.0
1300.76	2.0
1411.28	2.0
302.48	3.0
307.92	3.0
313.16	3.0
316.44	3.0
325.08	3.0
331.96	3.0
335.8	3.0
339.6	3.0
350.44	3.0
355.32	3.0
362.28	3.0
370.04	3.0
378.88	3.0
399.64	3.0
406.16	3.0
416.64	3.0
444.96	3.0
449.24	3.0
463.6	3.0
494.4	3.0
506.72	3.0
521.04	3.0
524.2	3.0
539.24	3.0
555.44	3.0
574.52	3.0
589.2	3.0
592.92	3.0
624.52	3.0
627.8	3.0
643.44	3.0
657.6	3.0
679.04	3.0
733.32	3.0
751.16	3.0
756.36	3.0
788.08	3.0
869.04	3.0
888.36	3.0
916.24	3.0
943.76	3.0
956.28	3.0
1041.64	3.0
1102.96	3.0
1153.96	3.0
1206.52	3.0
1219.88	3.0
1296.72	3.0
1302.72	3.0
1335.36	3.0
1375.72	3.0
312.96	5.0
319.6	5.0
505.72	5.0
521.8	5.0
584.76	5.0
1268.64	5.0
302.48	5.0
305.56	5.0
344.84	5.0
367.68	5.0
376.8	5.0
396.88	5.0
434.96	5.0
441.24	5.0
473.72	5.0
535.08	5.0
562.88	5.0
623.68	5.0
751.88	5.0
937.2	5.0
998.32	5.0
1128.2	5.0
1232.84	5.0
1249.92	5.0
440.84	6.0
303.2	6.0
310.4	6.0
315.44	6.0
319.8	6.0
326.96	6.0
333.92	6.0
348.2	6.0
353.92	6.0
358.4	6.0
370.48	6.0
391.16	6.0
399.56	6.0
409.52	6.0
419.68	6.0
433.32	6.0
459.2	6.0
467.8	6.0
477.64	6.0
485.0	6.0
493.6	6.0
523.28	6.0
549.2	6.0
625.28	6.0
654.8	6.0
702.8	6.0
745.76	6.0
755.2	6.0
793.88	6.0
837.2	6.0
882.04	6.0
962.4	6.0
1015.8	6.0
1075.48	6.0
1094.76	6.0
1205.92	6.0
1247.92	6.0
1322.44	6.0
1351.64	6.0
304.96	7.0
327.4	7.0
366.88	7.0
379.32	7.0
384.52	7.0
399.44	7.0
478.0	7.0
308.96	8.0
311.72	8.0
1396.52	8.0
317.12	8.0
338.08	8.0
357.92	8.0
425.08	8.0
447.52	8.0
339.08	9.0
309.0	9.0
311.96	9.0
374.16	9.0
589.16	9.0
302.48	10.0
303.6	11.0
313.68	11.0
319.64	11.0
328.32	11.0
333.56	11.0
338.36	11.0
365.72	11.0
369.56	11.0
447.08	11.0
347.24	11.0
359.04	11.0
444.0	11.0
866.36	11.0
356.52	12.0
359.96	12.0
481.8	12.0
592.72	12.0
604.96	12.0
888.04	12.0
303.08	12.0
311.4	12.0
318.12	12.0
334.84	12.0
350.6	12.0
367.56	12.0
370.24	12.0
377.36	12.0
391.6	12.0
400.84	12.0
418.76	12.0
431.72	12.0
446.8	12.0
487.76	12.0
505.68	12.0
525.08	12.0
530.88	12.0
544.96	12.0
627.84	12.0
677.4	12.0
687.4	12.0
697.28	12.0
945.44	12.0
1107.56	12.0
1119.72	12.0
1196.36	12.0
1201.48	12.0
1247.24	12.0
1378.6	12.0
1385.56	12.0
302.44	13.0
305.12	13.0
310.28	13.0
318.52	13.0
328.52	13.0
336.44	13.0
354.12	13.0
363.0	13.0
377.92	13.0
395.36	13.0
412.16	13.0
437.84	13.0
448.2	13.0
459.84	13.0
471.0	13.0
481.6	13.0
507.92	13.0
525.04	13.0
541.64	13.0
562.12	13.0
579.12	13.0
601.0	13.0
633.48	13.0
691.76	13.0
735.76	13.0
789.4	13.0
838.2	13.0
884.44	13.0
1022.32	13.0
1271.32	13.0
1338.84	13.0
303.04	14.0
463.28	14.0
506.08	14.0
574.16	14.0
592.32	14.0
1325.2	14.0
305.04	15.0
327.52	15.0
399.52	15.0
523.92	15.0
355.04	16.0
375.36	16.0
409.32	16.0
312.12	16.0
337.64	17.0
303.44	17.0
306.84	17.0
377.72	17.0
390.2	17.0
395.72	17.0
447.92	17.0
506.52	17.0
547.2	17.0
687.88	17.0
723.88	17.0
819.84	17.0
985.8	17.0
308.96	18.0
311.68	18.0
435.32	18.0
361.32	18.0
402.2	18.0
480.44	18.0
564.24	18.0
573.64	18.0
837.68	18.0
309.04	19.0
312.0	19.0
321.0	19.0
330.24	19.0
390.76	19.0
554.16	19.0
625.92	19.0
1340.72	19.0
316.48	20.0
319.08	20.0
365.92	20.0
302.48	20.0
308.52	20.0
313.88	20.0
322.96	20.0
330.36	20.0
334.6	20.0
339.84	20.0
344.88	20.0
351.68	20.0
358.12	20.0
361.16	20.0
368.44	20.0
373.36	20.0
378.24	20.0
383.64	20.0
389.96	20.0
396.08	20.0
411.2	20.0
416.84	20.0
428.76	20.0
435.8	20.0
440.48	20.0
447.08	20.0
452.4	20.0
459.76	20.0
463.8	20.0
469.96	20.0
476.0	20.0
480.12	20.0
489.08	20.0
494.04	20.0
504.76	20.0
523.32	20.0
528.28	20.0
535.92	20.0
542.2	20.0
554.28	20.0
570.36	20.0
592.56	20.0
603.12	20.0
619.96	20.0
652.44	20.0
701.64	20.0
712.56	20.0
743.72	20.0
771.88	20.0
784.04	20.0
788.36	20.0
793.76	20.0
810.4	20.0
822.96	20.0
837.72	20.0
854.24	20.0
861.44	20.0
906.76	20.0
961.52	20.0
967.2	20.0
988.96	20.0
1003.08	20.0
1005.92	20.0
1020.28	20.0
1030.64	20.0
1047.28	20.0
1058.24	20.0
1063.0	20.0
1075.88	20.0
1091.48	20.0
1107.36	20.0
1124.76	20.0
1134.76	20.0
1147.04	20.0
1171.32	20.0
1183.08	20.0
1199.0	20.0
1204.44	20.0
1220.56	20.0
1236.48	20.0
1246.12	20.0
1269.28	20.0
1289.92	20.0
1299.0	20.0
1310.6	20.0
1321.4	20.0
1332.96	20.0
1340.84	20.0
1353.56	20.0
1366.36	20.0
1383.92	20.0
1415.56	20.0
1434.68	20.0
1479.68	20.0
391.6	21.0
302.48	21.0
310.52	22.0
359.16	22.0
442.56	22.0
459.56	22.0
520.8	22.0
552.56	22.0
698.6	22.0
398.0	22.0
317.04	23.0
336.64	23.0
359.76	23.0
493.84	23.0
419.24	23.0
1314.08	23.0
306.56	24.0
302.48	24.0
392.36	24.0
