245.68	1.0
308.96	1.0
312.04	1.0
318.28	1.0
345.84	1.0
374.64	1.0
109.36	1.0
135.04	1.0
32.04	2.0
213.2	2.0
309.0	2.0
311.92	2.0
575.8	2.0
499.88	3.0
72.0	3.0
145.92	3.0
202.84	3.0
302.44	3.0
308.68	3.0
314.96	3.0
324.56	3.0
328.6	3.0
338.08	3.0
342.16	3.0
360.76	3.0
385.52	3.0
402.44	3.0
445.16	3.0
201.32	4.0
109.04	5.0
187.88	5.0
304.96	5.0
316.76	5.0
380.44	5.0
435.72	5.0
22.04	6.0
50.32	6.0
113.96	6.0
144.32	6.0
303.16	6.0
311.12	6.0
358.48	6.0
144.72	7.0
302.44	7.0
308.96	8.0
312.08	8.0
433.28	8.0
347.2	8.0
309.0	9.0
311.92	9.0
302.48	10.0
168.16	11.0
302.48	11.0
399.72	11.0
336.4	12.0
25.12	12.0
52.52	12.0
81.68	12.0
107.32	12.0
109.84	12.0
150.76	12.0
245.88	12.0
295.0	12.0
305.0	12.0
312.68	12.0
323.52	12.0
353.96	12.0
395.04	12.0
415.24	12.0
503.92	12.0
84.48	13.0
295.56	13.0
304.04	13.0
310.0	13.0
319.2	13.0
357.12	13.0
397.36	13.0
302.88	14.0
302.44	15.0
306.72	15.0
331.52	16.0
42.8	17.0
336.4	17.0
355.36	17.0
66.92	17.0
137.44	17.0
303.32	17.0
316.48	17.0
376.4	17.0
438.08	17.0
308.92	18.0
311.88	18.0
318.72	18.0
401.12	19.0
308.96	19.0
312.32	19.0
431.96	19.0
6.12	20.0
22.24	20.0
45.88	20.0
53.96	20.0
64.0	20.0
76.64	20.0
99.4	20.0
107.44	20.0
115.44	20.0
144.16	20.0
166.56	20.0
195.2	20.0
238.04	20.0
258.68	20.0
285.28	20.0
314.36	20.0
317.44	20.0
321.12	20.0
324.16	20.0
330.96	20.0
336.64	20.0
346.68	20.0
357.68	20.0
369.88	20.0
376.24	20.0
395.2	20.0
432.08	20.0
540.48	20.0
302.48	21.0
82.12	23.0
303.48	23.0
504.64	24.0
