203.68	1.0
308.96	1.0
311.96	1.0
316.88	1.0
323.76	1.0
514.16	1.0
520.32	1.0
576.04	1.0
606.52	1.0
702.88	1.0
20.96	1.0
150.28	1.0
19.64	2.0
309.0	2.0
312.08	2.0
417.8	2.0
541.36	2.0
688.76	2.0
7.4	3.0
20.92	3.0
24.96	3.0
36.32	3.0
50.76	3.0
67.92	3.0
79.08	3.0
95.76	3.0
114.52	3.0
123.04	3.0
133.92	3.0
150.16	3.0
167.44	3.0
183.64	3.0
229.04	3.0
237.12	3.0
246.88	3.0
273.76	3.0
289.44	3.0
297.36	3.0
313.8	3.0
333.8	3.0
353.28	3.0
375.92	3.0
408.24	3.0
448.48	3.0
468.2	3.0
485.52	3.0
525.72	3.0
535.44	3.0
580.72	3.0
111.68	5.0
256.44	5.0
377.04	5.0
154.88	5.0
2.52	6.0
8.8	6.0
38.52	6.0
72.72	6.0
99.12	6.0
112.0	6.0
142.76	6.0
216.96	6.0
243.36	6.0
303.2	6.0
325.68	6.0
402.2	6.0
487.4	6.0
621.64	6.0
658.24	6.0
109.4	7.0
402.56	7.0
115.56	8.0
120.52	8.0
308.96	8.0
311.76	8.0
446.56	8.0
516.84	8.0
625.16	8.0
68.32	9.0
98.56	9.0
309.04	9.0
311.88	9.0
569.64	9.0
323.6	10.0
111.16	11.0
31.56	11.0
445.76	11.0
526.16	11.0
82.16	12.0
244.2	12.0
267.44	12.0
29.64	12.0
62.44	12.0
95.16	12.0
113.76	12.0
140.96	12.0
186.16	12.0
203.6	12.0
225.88	12.0
239.68	12.0
247.0	12.0
303.6	12.0
330.96	12.0
438.04	12.0
578.32	12.0
651.44	12.0
733.8	12.0
798.92	12.0
7.24	13.0
30.72	13.0
56.56	13.0
74.52	13.0
94.52	13.0
114.92	13.0
130.84	13.0
155.04	13.0
174.52	13.0
203.24	13.0
238.08	13.0
259.76	13.0
299.68	13.0
309.88	13.0
318.24	13.0
341.24	13.0
374.24	13.0
480.08	13.0
267.68	14.0
28.92	17.0
40.6	17.0
57.56	17.0
71.36	17.0
75.48	17.0
98.2	17.0
110.88	17.0
116.96	17.0
192.56	17.0
238.6	17.0
262.68	17.0
303.28	17.0
383.52	17.0
428.64	17.0
308.96	18.0
311.76	18.0
40.48	18.0
238.36	18.0
451.56	18.0
43.48	19.0
93.6	19.0
309.0	19.0
312.16	19.0
688.04	19.0
303.68	20.0
6.32	20.0
14.12	20.0
20.04	20.0
30.36	20.0
39.36	20.0
43.56	20.0
56.96	20.0
69.32	20.0
93.68	20.0
111.44	20.0
143.2	20.0
149.52	20.0
161.04	20.0
168.36	20.0
179.48	20.0
196.08	20.0
204.2	20.0
216.56	20.0
233.88	20.0
236.52	20.0
240.72	20.0
257.76	20.0
268.84	20.0
279.88	20.0
323.76	20.0
332.28	20.0
340.68	20.0
373.88	20.0
382.76	20.0
418.84	20.0
439.6	20.0
479.72	20.0
488.48	20.0
525.6	20.0
565.28	20.0
582.28	20.0
593.2	20.0
621.8	20.0
688.08	20.0
723.52	20.0
820.64	20.0
120.52	22.0
129.72	22.0
21.84	22.0
50.84	23.0
303.24	23.0
47.36	23.0
204.44	24.0
