309.0	1.0
311.64	1.0
322.92	1.0
332.12	1.0
358.28	1.0
402.8	1.0
450.6	1.0
471.2	1.0
492.76	1.0
520.24	1.0
743.16	1.0
866.2	1.0
338.44	1.0
348.16	1.0
589.84	1.0
308.96	2.0
311.8	2.0
317.0	2.0
336.24	2.0
434.92	2.0
467.0	2.0
994.12	2.0
1109.04	2.0
302.44	3.0
306.16	3.0
318.32	3.0
326.72	3.0
345.92	3.0
357.04	3.0
363.72	3.0
368.72	3.0
379.96	3.0
390.36	3.0
406.6	3.0
421.76	3.0
439.2	3.0
450.6	3.0
472.52	3.0
492.12	3.0
505.48	3.0
525.76	3.0
538.96	3.0
551.96	3.0
554.6	3.0
570.84	3.0
589.4	3.0
619.44	3.0
635.36	3.0
638.84	3.0
656.04	3.0
662.76	3.0
691.4	3.0
817.04	3.0
873.64	3.0
882.88	3.0
930.36	3.0
985.68	3.0
325.2	5.0
347.12	5.0
525.92	5.0
552.92	5.0
302.44	5.0
314.56	5.0
334.08	5.0
377.52	5.0
410.24	5.0
451.96	5.0
505.88	5.0
531.36	5.0
557.04	5.0
699.8	5.0
810.84	5.0
435.92	6.0
303.16	6.0
309.64	6.0
315.36	6.0
324.0	6.0
332.16	6.0
338.4	6.0
348.92	6.0
361.6	6.0
371.04	6.0
377.04	6.0
392.32	6.0
409.84	6.0
429.2	6.0
443.88	6.0
461.36	6.0
472.4	6.0
490.44	6.0
525.68	6.0
558.52	6.0
578.2	6.0
602.44	6.0
648.76	6.0
700.04	6.0
779.8	6.0
826.6	6.0
915.4	6.0
1005.48	6.0
1065.4	6.0
305.0	7.0
310.0	7.0
324.36	7.0
345.8	7.0
402.44	7.0
575.96	7.0
578.52	7.0
308.96	8.0
311.96	8.0
324.12	8.0
408.44	8.0
588.44	8.0
346.64	8.0
604.64	8.0
767.4	8.0
308.96	9.0
311.72	9.0
302.48	10.0
303.2	11.0
377.24	11.0
506.16	11.0
526.12	11.0
346.76	11.0
886.96	11.0
322.6	12.0
362.64	12.0
396.08	12.0
437.08	12.0
720.32	12.0
306.64	12.0
325.96	12.0
333.12	12.0
339.32	12.0
347.76	12.0
381.24	12.0
410.24	12.0
413.12	12.0
415.72	12.0
423.2	12.0
428.4	12.0
443.4	12.0
449.08	12.0
467.68	12.0
523.6	12.0
527.08	12.0
573.92	12.0
634.48	12.0
742.08	12.0
753.88	12.0
766.72	12.0
809.32	12.0
879.24	12.0
886.88	12.0
959.24	12.0
963.4	12.0
1050.24	12.0
1117.6	12.0
302.44	13.0
305.0	13.0
310.04	13.0
318.84	13.0
330.84	13.0
333.64	13.0
345.84	13.0
362.84	13.0
376.44	13.0
396.72	13.0
412.0	13.0
432.8	13.0
450.36	13.0
467.12	13.0
494.08	13.0
516.44	13.0
557.52	13.0
582.8	13.0
624.04	13.0
649.56	13.0
685.64	13.0
836.44	13.0
378.0	14.0
400.2	14.0
501.64	14.0
305.16	15.0
345.92	15.0
325.64	16.0
346.28	16.0
572.72	16.0
835.16	16.0
1028.92	16.0
312.56	17.0
625.04	17.0
303.48	17.0
320.64	17.0
353.92	17.0
410.6	17.0
429.08	17.0
469.72	17.0
475.4	17.0
495.12	17.0
577.48	17.0
888.36	17.0
308.96	18.0
311.96	18.0
327.2	18.0
334.84	18.0
450.44	18.0
494.96	18.0
645.04	18.0
314.32	19.0
363.36	19.0
308.96	19.0
311.76	19.0
376.56	19.0
397.92	19.0
576.84	19.0
658.36	19.0
914.92	19.0
322.12	20.0
302.48	20.0
314.16	20.0
319.4	20.0
327.0	20.0
333.24	20.0
337.28	20.0
342.16	20.0
347.68	20.0
352.32	20.0
362.84	20.0
369.56	20.0
384.36	20.0
389.76	20.0
398.0	20.0
407.76	20.0
414.52	20.0
421.88	20.0
437.28	20.0
442.6	20.0
448.96	20.0
466.64	20.0
473.72	20.0
482.68	20.0
495.28	20.0
500.56	20.0
515.32	20.0
522.84	20.0
530.96	20.0
535.68	20.0
558.72	20.0
566.2	20.0
573.72	20.0
576.88	20.0
591.2	20.0
600.28	20.0
618.56	20.0
646.8	20.0
662.28	20.0
676.96	20.0
692.08	20.0
722.6	20.0
767.04	20.0
791.28	20.0
811.64	20.0
821.44	20.0
834.36	20.0
862.08	20.0
869.64	20.0
886.44	20.0
915.0	20.0
929.28	20.0
951.32	20.0
966.8	20.0
979.2	20.0
995.16	20.0
1003.28	20.0
1014.84	20.0
1023.56	20.0
1029.28	20.0
1035.76	20.0
1080.64	20.0
1092.0	20.0
1111.72	20.0
1150.6	20.0
302.44	21.0
500.8	21.0
343.76	22.0
573.08	23.0
856.48	23.0
303.68	23.0
312.04	24.0
349.2	24.0
444.16	24.0
