309.0	1.0
312.32	1.0
324.56	1.0
394.6	1.0
483.6	1.0
758.4	1.0
835.16	1.0
913.64	1.0
963.88	1.0
991.72	1.0
1105.88	1.0
1260.6	1.0
333.12	1.0
344.6	1.0
348.16	1.0
361.4	1.0
372.24	1.0
376.36	1.0
406.4	1.0
421.56	1.0
456.56	1.0
552.32	1.0
334.12	2.0
308.96	2.0
311.8	2.0
316.88	2.0
326.16	2.0
345.48	2.0
360.88	2.0
374.48	2.0
386.92	2.0
405.08	2.0
470.2	2.0
495.64	2.0
1003.12	2.0
1185.4	2.0
1387.8	2.0
302.48	3.0
317.84	3.0
324.52	3.0
331.04	3.0
338.8	3.0
348.76	3.0
356.88	3.0
362.44	3.0
376.4	3.0
385.2	3.0
392.2	3.0
408.56	3.0
417.6	3.0
436.08	3.0
459.32	3.0
470.4	3.0
480.08	3.0
528.48	3.0
579.56	3.0
595.68	3.0
608.4	3.0
623.92	3.0
641.4	3.0
649.84	3.0
689.64	3.0
715.76	3.0
736.72	3.0
747.76	3.0
779.72	3.0
795.64	3.0
821.12	3.0
826.68	3.0
846.24	3.0
880.96	3.0
912.12	3.0
936.28	3.0
952.48	3.0
992.28	3.0
1000.44	3.0
1003.04	3.0
1059.64	3.0
360.16	5.0
378.36	5.0
1030.92	5.0
331.0	5.0
337.72	5.0
340.64	5.0
346.8	5.0
372.16	5.0
390.24	5.0
405.24	5.0
420.04	5.0
450.52	5.0
471.6	5.0
517.48	5.0
526.4	5.0
552.32	5.0
578.12	5.0
599.12	5.0
635.2	5.0
702.12	5.0
751.56	5.0
1051.96	5.0
303.24	6.0
309.84	6.0
314.16	6.0
319.76	6.0
325.96	6.0
331.68	6.0
338.44	6.0
345.28	6.0
348.24	6.0
355.32	6.0
361.96	6.0
365.4	6.0
378.88	6.0
389.4	6.0
405.84	6.0
411.96	6.0
416.28	6.0
421.72	6.0
431.36	6.0
439.92	6.0
456.08	6.0
470.56	6.0
493.4	6.0
500.48	6.0
526.76	6.0
549.48	6.0
623.04	6.0
645.44	6.0
697.32	6.0
748.88	6.0
785.68	6.0
846.04	6.0
891.8	6.0
980.96	6.0
1020.6	6.0
1073.24	6.0
1118.76	6.0
304.92	7.0
308.6	7.0
318.92	7.0
338.84	7.0
350.04	7.0
362.96	7.0
365.8	7.0
373.28	7.0
388.64	7.0
397.56	7.0
430.84	7.0
459.4	7.0
470.92	7.0
786.04	7.0
1006.24	7.0
308.96	8.0
312.48	8.0
403.68	8.0
454.6	8.0
835.2	8.0
1017.56	8.0
336.0	8.0
345.92	8.0
348.88	8.0
495.88	8.0
511.6	8.0
578.04	8.0
704.72	8.0
838.76	8.0
309.0	9.0
312.08	9.0
334.0	9.0
348.12	9.0
356.52	9.0
361.04	9.0
390.84	9.0
411.84	9.0
426.68	9.0
615.04	9.0
760.24	9.0
302.48	10.0
304.52	11.0
314.72	11.0
333.08	11.0
336.52	11.0
362.36	11.0
405.12	11.0
346.0	11.0
385.56	11.0
641.96	11.0
1018.16	11.0
313.64	12.0
349.6	12.0
390.36	12.0
539.76	12.0
554.12	12.0
668.2	12.0
707.88	12.0
303.12	12.0
317.32	12.0
331.84	12.0
337.68	12.0
344.36	12.0
366.12	12.0
371.44	12.0
399.2	12.0
405.08	12.0
407.72	12.0
419.56	12.0
437.04	12.0
442.72	12.0
449.68	12.0
472.84	12.0
509.6	12.0
550.6	12.0
556.72	12.0
560.96	12.0
585.48	12.0
624.12	12.0
740.88	12.0
817.0	12.0
838.6	12.0
844.24	12.0
910.88	12.0
965.24	12.0
1006.4	12.0
1073.6	12.0
1091.52	12.0
1114.68	12.0
1151.28	12.0
1187.6	12.0
1263.16	12.0
1342.48	12.0
380.92	13.0
302.44	13.0
310.2	13.0
315.04	13.0
322.04	13.0
331.48	13.0
341.56	13.0
347.48	13.0
350.0	13.0
357.6	13.0
366.64	13.0
378.24	13.0
384.08	13.0
386.68	13.0
398.24	13.0
406.52	13.0
415.72	13.0
423.64	13.0
432.64	13.0
445.4	13.0
455.68	13.0
470.8	13.0
480.04	13.0
482.56	13.0
494.88	13.0
509.28	13.0
528.32	13.0
541.44	13.0
559.72	13.0
579.56	13.0
613.88	13.0
634.56	13.0
651.12	13.0
669.08	13.0
699.48	13.0
728.44	13.0
761.48	13.0
789.0	13.0
829.2	13.0
879.8	13.0
942.52	13.0
320.44	14.0
330.12	14.0
495.64	14.0
305.04	15.0
363.16	15.0
476.88	15.0
349.08	16.0
372.92	16.0
411.12	16.0
330.16	16.0
331.8	17.0
349.08	17.0
464.84	17.0
303.4	17.0
309.84	17.0
370.4	17.0
387.12	17.0
389.64	17.0
408.8	17.0
436.96	17.0
575.56	17.0
593.16	17.0
795.52	17.0
1036.36	17.0
1055.48	17.0
308.96	18.0
311.92	18.0
337.72	18.0
371.32	18.0
379.36	18.0
404.44	18.0
994.24	18.0
308.96	19.0
311.56	19.0
322.76	19.0
331.28	19.0
375.72	19.0
408.04	19.0
704.48	19.0
359.96	20.0
302.48	20.0
307.88	20.0
313.24	20.0
319.12	20.0
322.88	20.0
325.8	20.0
330.72	20.0
335.0	20.0
340.08	20.0
344.72	20.0
351.64	20.0
354.92	20.0
362.56	20.0
366.6	20.0
371.56	20.0
385.2	20.0
389.84	20.0
397.8	20.0
402.28	20.0
408.12	20.0
411.84	20.0
419.08	20.0
436.24	20.0
442.44	20.0
450.84	20.0
457.88	20.0
462.96	20.0
471.48	20.0
479.04	20.0
490.56	20.0
495.52	20.0
537.96	20.0
551.68	20.0
561.2	20.0
569.64	20.0
591.92	20.0
601.68	20.0
641.44	20.0
646.6	20.0
679.0	20.0
709.68	20.0
732.88	20.0
752.76	20.0
791.16	20.0
827.24	20.0
843.32	20.0
880.28	20.0
898.96	20.0
927.52	20.0
970.84	20.0
1004.56	20.0
1017.6	20.0
1028.08	20.0
1052.64	20.0
1066.04	20.0
1098.76	20.0
1107.84	20.0
1135.64	20.0
1188.36	20.0
1191.4	20.0
1250.92	20.0
1338.56	20.0
1364.04	20.0
1392.92	20.0
353.32	21.0
302.48	21.0
314.2	22.0
348.96	22.0
371.88	22.0
433.72	22.0
332.92	23.0
359.12	23.0
367.88	23.0
303.6	23.0
311.68	23.0
383.52	23.0
389.32	23.0
430.84	23.0
495.92	23.0
514.96	23.0
366.68	24.0
311.28	24.0
599.04	24.0
