97.36	1.0
202.84	1.0
765.4	1.0
838.36	1.0
1257.32	1.0
12.6	1.0
21.04	1.0
29.44	1.0
52.12	1.0
70.88	1.0
88.0	1.0
125.68	1.0
139.36	1.0
268.52	1.0
302.92	1.0
308.04	1.0
614.12	1.0
309.0	2.0
311.88	2.0
18.6	2.0
57.68	2.0
80.64	2.0
114.68	2.0
244.68	2.0
432.16	2.0
728.0	2.0
888.36	2.0
989.4	2.0
1154.52	2.0
22.84	3.0
4.24	3.0
9.88	3.0
15.92	3.0
19.44	3.0
27.72	3.0
35.4	3.0
46.2	3.0
50.24	3.0
56.32	3.0
59.44	3.0
87.64	3.0
98.88	3.0
104.08	3.0
114.92	3.0
131.6	3.0
145.6	3.0
158.52	3.0
161.48	3.0
187.44	3.0
214.04	3.0
232.36	3.0
256.68	3.0
264.28	3.0
272.56	3.0
282.64	3.0
294.6	3.0
309.0	3.0
312.16	3.0
324.92	3.0
362.2	3.0
382.72	3.0
433.4	3.0
467.0	3.0
484.0	3.0
499.96	3.0
533.24	3.0
544.96	3.0
572.88	3.0
599.16	3.0
667.28	3.0
670.16	3.0
686.32	3.0
812.12	3.0
859.12	3.0
888.12	3.0
917.44	3.0
1342.88	3.0
337.28	5.0
496.96	5.0
533.88	5.0
615.84	5.0
790.32	5.0
6.32	5.0
19.8	5.0
34.08	5.0
56.52	5.0
77.56	5.0
85.72	5.0
99.84	5.0
142.92	5.0
154.32	5.0
184.24	5.0
279.04	5.0
318.64	5.0
921.96	5.0
2.96	6.0
6.96	6.0
9.8	6.0
13.16	6.0
20.16	6.0
45.04	6.0
57.08	6.0
63.52	6.0
72.44	6.0
79.16	6.0
95.72	6.0
104.2	6.0
118.12	6.0
130.4	6.0
146.48	6.0
210.72	6.0
231.76	6.0
251.84	6.0
269.84	6.0
289.6	6.0
338.68	6.0
375.92	6.0
434.36	6.0
464.92	6.0
482.44	6.0
500.08	6.0
535.84	6.0
549.16	6.0
600.8	6.0
618.96	6.0
709.88	6.0
755.56	6.0
825.56	6.0
904.52	6.0
1001.68	6.0
8.44	7.0
34.08	7.0
127.6	7.0
221.64	7.0
302.8	7.0
222.28	8.0
336.04	8.0
798.04	8.0
1022.44	8.0
7.92	8.0
45.28	8.0
86.64	8.0
302.72	8.0
308.96	9.0
311.72	9.0
123.0	10.0
309.0	10.0
312.04	10.0
3.56	11.0
25.12	11.0
78.68	11.0
302.48	11.0
9.76	11.0
21.68	11.0
73.4	11.0
86.76	11.0
310.64	11.0
336.84	11.0
891.32	11.0
43.0	12.0
154.84	12.0
160.88	12.0
302.64	12.0
478.88	12.0
6.92	12.0
10.56	12.0
22.36	12.0
40.36	12.0
51.96	12.0
63.72	12.0
73.76	12.0
99.04	12.0
111.92	12.0
183.64	12.0
189.28	12.0
211.96	12.0
273.32	12.0
338.64	12.0
468.12	12.0
533.8	12.0
595.2	12.0
621.0	12.0
721.92	12.0
734.84	12.0
823.04	12.0
857.28	12.0
859.88	12.0
907.08	12.0
942.92	12.0
994.6	12.0
6.88	13.0
14.44	13.0
26.44	13.0
35.28	13.0
42.72	13.0
58.64	13.0
65.8	13.0
77.04	13.0
86.76	13.0
99.96	13.0
112.44	13.0
126.64	13.0
140.32	13.0
156.84	13.0
175.24	13.0
189.52	13.0
210.12	13.0
227.92	13.0
248.76	13.0
268.92	13.0
287.04	13.0
302.64	13.0
315.36	13.0
325.16	13.0
338.92	13.0
358.96	13.0
378.8	13.0
401.16	13.0
424.4	13.0
450.32	13.0
473.32	13.0
490.84	13.0
514.08	13.0
539.56	13.0
617.16	13.0
711.76	13.0
831.64	13.0
8.0	14.0
3.96	14.0
223.8	14.0
921.96	14.0
8.56	15.0
127.68	15.0
221.76	15.0
302.72	15.0
308.2	15.0
22.4	16.0
63.32	16.0
318.04	16.0
712.68	16.0
966.08	16.0
3.6	17.0
14.56	17.0
31.2	17.0
51.72	17.0
66.16	17.0
74.6	17.0
89.76	17.0
101.52	17.0
111.76	17.0
247.48	17.0
303.72	17.0
310.72	17.0
335.04	17.0
339.28	17.0
368.92	17.0
860.72	17.0
1199.72	17.0
302.48	18.0
483.76	18.0
636.68	18.0
757.6	18.0
940.44	18.0
1012.24	18.0
308.96	19.0
312.04	19.0
43.16	19.0
58.28	19.0
123.76	19.0
336.72	19.0
697.2	19.0
7.4	20.0
14.76	20.0
21.08	20.0
27.16	20.0
32.56	20.0
41.12	20.0
51.72	20.0
58.32	20.0
86.32	20.0
113.36	20.0
121.72	20.0
132.72	20.0
149.6	20.0
158.64	20.0
166.04	20.0
183.72	20.0
207.48	20.0
217.36	20.0
231.56	20.0
248.16	20.0
279.6	20.0
286.92	20.0
295.48	20.0
308.96	20.0
312.4	20.0
318.56	20.0
336.44	20.0
347.72	20.0
357.88	20.0
381.6	20.0
474.16	20.0
479.88	20.0
494.0	20.0
567.72	20.0
574.36	20.0
589.76	20.0
649.68	20.0
677.56	20.0
685.88	20.0
697.0	20.0
701.16	20.0
710.24	20.0
732.16	20.0
758.24	20.0
775.28	20.0
796.36	20.0
808.92	20.0
815.08	20.0
822.64	20.0
829.36	20.0
850.2	20.0
874.08	20.0
889.0	20.0
903.96	20.0
912.76	20.0
918.96	20.0
931.32	20.0
940.6	20.0
965.76	20.0
971.96	20.0
986.96	20.0
992.04	20.0
1003.84	20.0
1033.92	20.0
1085.4	20.0
1130.44	20.0
1138.28	20.0
1153.4	20.0
1188.48	20.0
1241.56	20.0
1244.64	20.0
1312.4	20.0
302.48	21.0
38.56	22.0
302.52	22.0
104.04	22.0
5.4	23.0
81.72	23.0
860.68	23.0
44.4	24.0
