308.96	1.0
312.44	1.0
327.44	1.0
352.0	1.0
374.56	1.0
448.2	1.0
509.64	1.0
540.16	1.0
583.64	1.0
768.64	1.0
801.92	1.0
1076.52	1.0
1285.2	1.0
1320.88	1.0
322.8	1.0
330.76	1.0
358.84	1.0
402.04	1.0
557.52	1.0
648.92	1.0
723.08	1.0
309.08	2.0
312.08	2.0
340.84	2.0
356.96	2.0
372.52	2.0
402.48	2.0
467.52	2.0
512.32	2.0
646.6	2.0
802.52	2.0
992.84	2.0
1125.84	2.0
1328.8	2.0
302.44	3.0
316.76	3.0
322.56	3.0
331.08	3.0
341.44	3.0
349.52	3.0
358.68	3.0
367.76	3.0
376.32	3.0
378.84	3.0
385.24	3.0
394.44	3.0
405.36	3.0
415.76	3.0
428.12	3.0
438.8	3.0
450.52	3.0
462.8	3.0
468.64	3.0
472.32	3.0
476.28	3.0
486.36	3.0
502.12	3.0
520.16	3.0
538.2	3.0
562.08	3.0
577.88	3.0
596.44	3.0
614.92	3.0
736.2	3.0
757.4	3.0
775.72	3.0
817.8	3.0
848.2	3.0
903.08	3.0
938.8	3.0
999.88	3.0
310.36	5.0
442.04	5.0
578.04	5.0
702.8	5.0
738.12	5.0
328.04	5.0
371.56	5.0
389.36	5.0
412.48	5.0
419.52	5.0
432.32	5.0
435.04	5.0
481.4	5.0
484.44	5.0
527.36	5.0
536.32	5.0
572.72	5.0
595.48	5.0
622.28	5.0
675.44	5.0
749.64	5.0
303.2	6.0
314.68	6.0
325.6	6.0
333.52	6.0
344.04	6.0
355.56	6.0
359.96	6.0
366.44	6.0
374.72	6.0
382.12	6.0
417.76	6.0
423.04	6.0
438.28	6.0
452.72	6.0
462.64	6.0
470.92	6.0
484.08	6.0
498.08	6.0
507.68	6.0
704.92	6.0
721.56	6.0
769.44	6.0
789.0	6.0
857.76	6.0
884.96	6.0
932.44	6.0
1002.52	6.0
1321.56	6.0
303.52	7.0
397.4	7.0
328.44	7.0
346.32	7.0
365.16	7.0
406.84	7.0
453.96	7.0
571.08	7.0
858.08	7.0
308.96	8.0
311.76	8.0
409.2	8.0
487.12	8.0
701.44	8.0
884.48	8.0
1361.64	8.0
314.8	8.0
317.84	8.0
344.16	8.0
367.48	8.0
359.96	9.0
657.76	9.0
308.96	9.0
312.28	9.0
413.24	9.0
302.48	10.0
304.2	11.0
315.32	11.0
322.72	11.0
577.68	11.0
348.2	12.0
623.32	12.0
305.4	12.0
315.2	12.0
332.28	12.0
373.4	12.0
379.56	12.0
396.24	12.0
415.96	12.0
462.12	12.0
481.88	12.0
490.8	12.0
519.84	12.0
527.44	12.0
559.84	12.0
571.64	12.0
577.72	12.0
593.92	12.0
703.4	12.0
710.56	12.0
751.72	12.0
875.44	12.0
953.92	12.0
997.4	12.0
1044.72	12.0
1114.56	12.0
1145.92	12.0
1292.32	12.0
1375.0	12.0
302.44	13.0
310.04	13.0
316.04	13.0
324.96	13.0
344.72	13.0
357.12	13.0
372.32	13.0
386.08	13.0
397.12	13.0
407.36	13.0
416.64	13.0
433.96	13.0
453.56	13.0
466.32	13.0
469.32	13.0
481.48	13.0
495.12	13.0
512.6	13.0
537.84	13.0
562.6	13.0
572.16	13.0
578.52	13.0
708.08	13.0
746.28	13.0
773.6	13.0
303.2	14.0
359.08	14.0
373.64	14.0
305.24	15.0
346.48	15.0
327.92	15.0
371.92	16.0
405.88	16.0
492.4	16.0
1163.68	16.0
314.56	17.0
436.68	17.0
303.4	17.0
318.72	17.0
341.48	17.0
406.56	17.0
423.52	17.0
459.56	17.0
465.0	17.0
471.0	17.0
537.12	17.0
542.68	17.0
566.2	17.0
596.32	17.0
760.48	17.0
950.72	17.0
1156.12	17.0
308.96	18.0
312.08	18.0
345.8	18.0
351.56	18.0
362.04	18.0
423.32	18.0
775.24	18.0
1055.04	18.0
308.96	19.0
311.52	19.0
396.36	19.0
470.32	19.0
782.36	19.0
302.44	20.0
313.12	20.0
320.64	20.0
325.56	20.0
332.32	20.0
336.72	20.0
341.76	20.0
348.44	20.0
358.2	20.0
367.4	20.0
373.08	20.0
375.64	20.0
378.64	20.0
385.36	20.0
392.2	20.0
401.28	20.0
407.56	20.0
420.76	20.0
437.84	20.0
454.08	20.0
461.0	20.0
467.48	20.0
482.28	20.0
486.04	20.0
496.24	20.0
507.28	20.0
513.48	20.0
530.68	20.0
540.44	20.0
551.4	20.0
559.0	20.0
594.4	20.0
614.28	20.0
627.92	20.0
649.88	20.0
663.6	20.0
683.92	20.0
695.52	20.0
705.84	20.0
711.84	20.0
734.88	20.0
743.44	20.0
768.6	20.0
801.68	20.0
807.8	20.0
830.0	20.0
836.76	20.0
881.08	20.0
889.8	20.0
929.4	20.0
980.44	20.0
988.44	20.0
996.0	20.0
1002.72	20.0
1010.0	20.0
1021.16	20.0
1047.32	20.0
1078.72	20.0
1103.24	20.0
1125.44	20.0
1130.44	20.0
1162.12	20.0
1180.68	20.0
1249.36	20.0
1269.56	20.0
1310.4	20.0
1317.72	20.0
1331.24	20.0
1341.52	20.0
1351.64	20.0
1361.76	20.0
1372.96	20.0
327.48	21.0
359.8	21.0
302.48	21.0
327.04	22.0
372.04	22.0
405.2	22.0
469.96	22.0
303.4	23.0
358.96	23.0
382.36	23.0
917.84	23.0
313.72	24.0
347.32	24.0
