308.96	1.0
311.68	1.0
345.96	1.0
397.44	1.0
452.0	1.0
583.48	1.0
818.52	1.0
1436.2	1.0
323.44	1.0
327.6	1.0
335.28	1.0
342.36	1.0
350.52	1.0
353.24	1.0
362.84	1.0
374.08	1.0
379.36	1.0
388.2	1.0
394.04	1.0
402.52	1.0
409.6	1.0
424.16	1.0
428.28	1.0
433.24	1.0
438.16	1.0
472.96	1.0
489.4	1.0
715.24	1.0
803.04	1.0
861.44	1.0
1386.88	1.0
308.96	2.0
311.72	2.0
314.96	2.0
335.92	2.0
354.44	2.0
362.92	2.0
370.16	2.0
384.88	2.0
393.28	2.0
409.68	2.0
432.04	2.0
461.36	2.0
710.0	2.0
740.88	2.0
801.12	2.0
1086.44	2.0
1174.0	2.0
1292.76	2.0
1384.56	2.0
1074.24	3.0
302.48	3.0
307.8	3.0
313.48	3.0
317.52	3.0
323.44	3.0
331.16	3.0
347.32	3.0
349.92	3.0
354.08	3.0
363.28	3.0
369.68	3.0
373.32	3.0
380.08	3.0
397.68	3.0
430.68	3.0
473.6	3.0
588.04	3.0
599.0	3.0
610.44	3.0
623.84	3.0
638.12	3.0
665.0	3.0
668.8	3.0
687.2	3.0
691.76	3.0
764.4	3.0
780.28	3.0
789.08	3.0
801.8	3.0
804.88	3.0
901.0	3.0
915.72	3.0
931.64	3.0
956.8	3.0
991.92	3.0
1060.08	3.0
1104.84	3.0
1162.56	3.0
1177.0	3.0
1210.36	3.0
1234.88	3.0
1337.48	3.0
1342.92	3.0
1441.64	3.0
471.44	5.0
528.56	5.0
304.96	5.0
311.84	5.0
326.92	5.0
339.0	5.0
353.28	5.0
365.52	5.0
376.92	5.0
390.56	5.0
406.2	5.0
416.36	5.0
478.04	5.0
484.32	5.0
492.48	5.0
578.92	5.0
595.4	5.0
599.28	5.0
615.08	5.0
650.32	5.0
670.44	5.0
745.2	5.0
800.2	5.0
830.96	5.0
930.6	5.0
1031.72	5.0
1090.68	5.0
1186.52	5.0
1209.52	5.0
478.0	6.0
303.08	6.0
314.08	6.0
318.56	6.0
324.28	6.0
331.32	6.0
335.48	6.0
347.28	6.0
352.52	6.0
360.48	6.0
367.44	6.0
398.24	6.0
443.4	6.0
452.2	6.0
509.2	6.0
530.72	6.0
539.48	6.0
546.16	6.0
581.8	6.0
599.36	6.0
617.24	6.0
644.28	6.0
687.12	6.0
784.08	6.0
839.16	6.0
1026.12	6.0
1091.48	6.0
1163.6	6.0
1198.84	6.0
1340.28	6.0
382.88	7.0
413.76	7.0
304.84	7.0
313.0	7.0
324.48	7.0
336.52	7.0
348.92	7.0
355.32	7.0
360.84	7.0
378.36	7.0
391.16	7.0
406.32	7.0
425.56	7.0
447.48	7.0
478.4	7.0
506.28	7.0
526.64	7.0
555.2	7.0
557.72	7.0
607.48	7.0
617.52	7.0
664.84	7.0
1095.6	7.0
309.0	8.0
311.84	8.0
1471.48	8.0
315.48	8.0
332.36	8.0
344.92	8.0
387.08	8.0
391.76	8.0
380.68	9.0
309.0	9.0
311.92	9.0
320.64	9.0
329.64	9.0
345.56	9.0
361.72	9.0
408.64	9.0
432.8	9.0
469.76	9.0
703.92	9.0
782.8	9.0
302.48	10.0
362.6	10.0
303.64	11.0
314.44	11.0
321.56	11.0
345.48	11.0
357.76	11.0
361.04	11.0
398.16	11.0
328.96	11.0
500.84	11.0
917.0	11.0
303.8	12.0
347.08	12.0
386.72	12.0
410.56	12.0
505.24	12.0
313.92	12.0
317.12	12.0
327.84	12.0
337.72	12.0
354.24	12.0
357.8	12.0
364.92	12.0
394.0	12.0
396.96	12.0
400.56	12.0
427.76	12.0
453.28	12.0
468.44	12.0
510.48	12.0
517.04	12.0
527.16	12.0
536.4	12.0
554.84	12.0
595.28	12.0
687.04	12.0
695.76	12.0
735.04	12.0
756.12	12.0
836.12	12.0
930.64	12.0
1003.56	12.0
1154.72	12.0
1204.4	12.0
1244.6	12.0
1285.88	12.0
1336.2	12.0
471.44	13.0
302.44	13.0
310.24	13.0
313.08	13.0
319.72	13.0
326.96	13.0
330.8	13.0
334.36	13.0
342.84	13.0
355.28	13.0
363.28	13.0
375.72	13.0
381.84	13.0
392.12	13.0
398.0	13.0
407.92	13.0
411.64	13.0
414.24	13.0
422.32	13.0
426.44	13.0
444.2	13.0
451.4	13.0
467.52	13.0
476.12	13.0
489.84	13.0
502.44	13.0
512.24	13.0
525.16	13.0
533.88	13.0
559.04	13.0
580.88	13.0
593.72	13.0
610.36	13.0
619.0	13.0
647.56	13.0
659.56	13.0
672.36	13.0
687.2	13.0
711.84	13.0
715.36	13.0
732.0	13.0
736.4	13.0
748.56	13.0
767.52	13.0
787.56	13.0
800.64	13.0
831.76	13.0
896.32	13.0
918.6	13.0
975.16	13.0
1004.68	13.0
1091.84	13.0
314.44	14.0
348.4	14.0
469.24	14.0
344.64	14.0
356.4	14.0
382.44	14.0
425.68	14.0
452.12	14.0
304.96	15.0
313.16	15.0
324.6	15.0
364.48	15.0
328.8	16.0
354.76	16.0
381.16	16.0
407.68	16.0
450.36	16.0
360.88	17.0
363.6	17.0
369.0	17.0
552.68	17.0
303.36	17.0
329.6	17.0
346.08	17.0
396.96	17.0
405.64	17.0
410.12	17.0
560.36	17.0
1220.4	17.0
1359.32	17.0
308.96	18.0
311.96	18.0
334.08	18.0
316.52	18.0
320.04	18.0
380.16	18.0
387.12	18.0
409.88	18.0
431.84	18.0
530.6	18.0
1157.72	18.0
309.0	19.0
312.16	19.0
357.12	19.0
364.52	19.0
504.2	19.0
818.92	19.0
1292.68	19.0
303.6	20.0
308.32	20.0
312.24	20.0
316.28	20.0
320.96	20.0
325.72	20.0
331.04	20.0
334.92	20.0
342.08	20.0
346.16	20.0
354.04	20.0
359.28	20.0
364.32	20.0
369.12	20.0
372.96	20.0
380.04	20.0
382.56	20.0
393.84	20.0
402.84	20.0
420.88	20.0
427.32	20.0
459.76	20.0
491.8	20.0
497.2	20.0
504.24	20.0
508.6	20.0
539.92	20.0
547.36	20.0
557.24	20.0
566.12	20.0
579.72	20.0
586.68	20.0
616.64	20.0
627.6	20.0
645.4	20.0
662.92	20.0
669.72	20.0
696.28	20.0
763.24	20.0
773.68	20.0
780.28	20.0
803.96	20.0
819.0	20.0
831.32	20.0
875.36	20.0
898.4	20.0
929.28	20.0
954.64	20.0
993.64	20.0
1024.6	20.0
1073.68	20.0
1090.8	20.0
1121.36	20.0
1136.2	20.0
1158.0	20.0
1173.88	20.0
1188.08	20.0
1194.08	20.0
1209.52	20.0
1227.04	20.0
1235.56	20.0
1292.76	20.0
1314.48	20.0
1327.44	20.0
1339.68	20.0
1368.36	20.0
1387.92	20.0
1406.76	20.0
1439.4	20.0
384.4	21.0
302.48	21.0
302.8	22.0
366.08	22.0
397.0	22.0
428.2	22.0
355.92	22.0
1002.6	22.0
303.56	23.0
312.48	23.0
325.72	23.0
364.28	23.0
380.72	23.0
394.12	23.0
490.28	23.0
493.44	23.0
505.0	23.0
312.0	24.0
327.12	24.0
342.48	24.0
