308.96	1.0
311.72	1.0
424.12	1.0
436.4	1.0
474.4	1.0
501.68	1.0
584.48	1.0
611.2	1.0
647.36	1.0
317.68	1.0
324.88	1.0
345.8	1.0
389.0	1.0
489.84	1.0
573.72	1.0
856.0	1.0
309.0	2.0
312.12	2.0
329.8	2.0
355.72	2.0
387.44	2.0
974.04	2.0
302.48	3.0
313.36	3.0
321.32	3.0
329.96	3.0
338.0	3.0
345.36	3.0
348.36	3.0
353.56	3.0
366.48	3.0
378.0	3.0
401.48	3.0
407.56	3.0
422.2	3.0
445.32	3.0
456.76	3.0
469.52	3.0
498.6	3.0
502.32	3.0
566.92	3.0
580.32	3.0
591.92	3.0
616.8	3.0
619.76	3.0
638.96	3.0
660.08	3.0
664.96	3.0
685.44	3.0
706.4	3.0
726.52	3.0
750.44	3.0
770.08	3.0
799.56	3.0
817.96	3.0
840.04	3.0
869.0	3.0
914.68	3.0
943.28	3.0
994.88	3.0
327.44	5.0
890.84	5.0
302.52	5.0
306.0	5.0
335.16	5.0
376.44	5.0
382.56	5.0
403.64	5.0
422.6	5.0
432.16	5.0
473.68	5.0
529.12	5.0
585.68	5.0
835.04	5.0
885.76	5.0
303.24	6.0
314.0	6.0
317.48	6.0
325.8	6.0
334.16	6.0
339.68	6.0
346.8	6.0
357.72	6.0
363.12	6.0
381.32	6.0
390.04	6.0
404.72	6.0
420.92	6.0
430.32	6.0
442.92	6.0
464.0	6.0
482.52	6.0
494.2	6.0
536.12	6.0
574.44	6.0
588.16	6.0
635.92	6.0
691.8	6.0
698.0	6.0
717.84	6.0
726.8	6.0
773.8	6.0
831.48	6.0
875.2	6.0
904.36	6.0
930.12	6.0
982.72	6.0
306.24	7.0
303.6	7.0
312.16	7.0
316.88	7.0
333.28	7.0
378.92	7.0
405.08	7.0
461.6	7.0
983.04	7.0
308.96	8.0
311.76	8.0
336.24	8.0
426.28	8.0
442.76	8.0
874.68	8.0
315.36	8.0
318.88	8.0
390.48	8.0
420.16	8.0
727.0	8.0
839.68	8.0
309.0	9.0
312.08	9.0
486.88	9.0
302.48	10.0
726.68	10.0
304.08	11.0
391.08	11.0
592.12	11.0
461.56	11.0
726.16	11.0
875.96	11.0
332.12	12.0
640.68	12.0
303.32	12.0
311.52	12.0
314.52	12.0
324.88	12.0
346.84	12.0
350.24	12.0
376.52	12.0
391.56	12.0
417.8	12.0
441.36	12.0
449.92	12.0
472.04	12.0
498.56	12.0
536.28	12.0
563.44	12.0
723.44	12.0
751.72	12.0
799.64	12.0
888.68	12.0
910.84	12.0
974.04	12.0
1027.96	12.0
1037.64	12.0
1043.64	12.0
305.32	13.0
302.48	13.0
310.32	13.0
314.4	13.0
324.24	13.0
334.0	13.0
338.96	13.0
371.76	13.0
390.36	13.0
405.12	13.0
420.0	13.0
436.04	13.0
438.84	13.0
462.16	13.0
481.6	13.0
502.04	13.0
522.12	13.0
544.04	13.0
569.48	13.0
641.52	13.0
674.92	13.0
718.12	13.0
834.72	13.0
893.08	13.0
303.16	14.0
333.0	14.0
439.08	14.0
317.04	15.0
461.76	15.0
313.0	15.0
344.56	16.0
392.2	16.0
476.44	16.0
756.44	16.0
926.76	16.0
1030.48	16.0
316.64	16.0
679.96	17.0
303.4	17.0
321.6	17.0
391.28	17.0
423.32	17.0
433.04	17.0
495.76	17.0
717.4	17.0
797.2	17.0
308.96	18.0
311.84	18.0
449.4	18.0
639.12	18.0
679.96	18.0
970.0	18.0
402.48	19.0
309.0	19.0
312.04	19.0
390.24	19.0
541.56	19.0
679.56	19.0
391.08	20.0
302.48	20.0
308.0	20.0
312.12	20.0
316.76	20.0
321.96	20.0
328.12	20.0
332.36	20.0
336.48	20.0
343.2	20.0
347.84	20.0
355.68	20.0
362.76	20.0
367.4	20.0
377.64	20.0
383.2	20.0
402.16	20.0
408.08	20.0
417.8	20.0
423.08	20.0
430.2	20.0
436.04	20.0
441.96	20.0
457.44	20.0
463.0	20.0
468.32	20.0
479.48	20.0
501.4	20.0
511.44	20.0
518.44	20.0
535.04	20.0
546.44	20.0
559.56	20.0
567.92	20.0
576.6	20.0
585.76	20.0
603.04	20.0
615.4	20.0
643.56	20.0
670.48	20.0
679.6	20.0
688.56	20.0
699.8	20.0
711.64	20.0
725.64	20.0
741.12	20.0
763.76	20.0
772.24	20.0
796.56	20.0
801.12	20.0
806.56	20.0
831.8	20.0
869.8	20.0
909.72	20.0
930.92	20.0
941.4	20.0
957.16	20.0
972.52	20.0
981.96	20.0
1006.68	20.0
1017.44	20.0
1024.8	20.0
1074.28	20.0
1102.52	20.0
1106.88	20.0
302.48	21.0
500.0	22.0
303.44	23.0
333.52	23.0
693.84	23.0
885.68	23.0
309.2	24.0
890.08	24.0
