308.96	1.0
311.52	1.0
347.16	1.0
474.16	1.0
526.64	1.0
688.24	1.0
1075.16	1.0
314.68	1.0
329.76	1.0
340.6	1.0
350.2	1.0
356.16	1.0
367.4	1.0
382.0	1.0
389.8	1.0
405.56	1.0
408.08	1.0
425.92	1.0
434.72	1.0
451.04	1.0
460.08	1.0
353.48	2.0
309.0	2.0
312.08	2.0
331.04	2.0
349.24	2.0
395.36	2.0
597.68	2.0
743.76	2.0
1208.76	2.0
1330.76	2.0
302.48	3.0
311.8	3.0
321.44	3.0
328.52	3.0
337.24	3.0
350.96	3.0
366.08	3.0
384.04	3.0
392.44	3.0
430.12	3.0
474.4	3.0
483.64	3.0
494.76	3.0
501.0	3.0
504.92	3.0
513.08	3.0
537.24	3.0
562.92	3.0
577.32	3.0
592.68	3.0
632.68	3.0
646.88	3.0
652.72	3.0
657.92	3.0
674.64	3.0
684.64	3.0
695.76	3.0
720.44	3.0
746.0	3.0
763.12	3.0
788.88	3.0
809.08	3.0
843.64	3.0
859.4	3.0
883.16	3.0
919.04	3.0
951.28	3.0
953.8	3.0
1003.56	3.0
1025.64	3.0
1098.6	3.0
1163.4	3.0
1175.92	3.0
1270.24	3.0
322.6	5.0
329.96	5.0
302.44	5.0
305.12	5.0
327.4	5.0
345.96	5.0
363.56	5.0
377.84	5.0
393.44	5.0
408.76	5.0
443.76	5.0
472.84	5.0
495.32	5.0
550.52	5.0
553.36	5.0
612.08	5.0
657.52	5.0
711.84	5.0
745.64	5.0
787.08	5.0
842.8	5.0
895.0	5.0
945.6	5.0
1008.8	5.0
1127.88	5.0
1165.8	5.0
1210.36	5.0
313.12	6.0
303.2	6.0
307.4	6.0
318.2	6.0
324.96	6.0
334.04	6.0
343.48	6.0
350.12	6.0
355.36	6.0
360.92	6.0
368.96	6.0
375.92	6.0
379.92	6.0
386.24	6.0
391.16	6.0
396.72	6.0
416.88	6.0
422.04	6.0
428.88	6.0
434.16	6.0
440.56	6.0
447.28	6.0
464.48	6.0
474.72	6.0
487.28	6.0
498.68	6.0
509.44	6.0
530.88	6.0
560.12	6.0
588.92	6.0
670.48	6.0
713.6	6.0
786.36	6.0
799.56	6.0
899.84	6.0
917.08	6.0
1017.0	6.0
1073.4	6.0
1158.72	6.0
304.4	7.0
308.36	7.0
313.28	7.0
334.4	7.0
336.92	7.0
353.68	7.0
365.2	7.0
377.96	7.0
405.84	7.0
441.0	7.0
443.52	7.0
517.16	7.0
552.4	7.0
817.4	7.0
1159.08	7.0
308.96	8.0
311.84	8.0
314.64	8.0
331.92	8.0
347.48	8.0
366.92	8.0
557.8	8.0
309.0	9.0
311.8	9.0
354.6	9.0
397.24	9.0
401.32	9.0
526.72	9.0
302.48	10.0
351.08	10.0
382.28	10.0
332.8	10.0
303.84	11.0
350.24	11.0
388.4	11.0
356.0	11.0
401.52	11.0
427.0	11.0
925.84	11.0
313.76	12.0
304.68	12.0
321.52	12.0
336.88	12.0
352.24	12.0
356.44	12.0
381.6	12.0
396.68	12.0
418.08	12.0
433.72	12.0
656.04	12.0
696.92	12.0
800.76	12.0
872.4	12.0
995.92	12.0
1002.04	12.0
1007.48	12.0
1065.28	12.0
1097.64	12.0
1101.08	12.0
1161.68	12.0
1175.44	12.0
1230.32	12.0
1284.6	12.0
302.44	13.0
310.24	13.0
312.96	13.0
322.36	13.0
329.64	13.0
349.84	13.0
356.32	13.0
365.0	13.0
369.04	13.0
378.24	13.0
386.0	13.0
395.16	13.0
398.84	13.0
406.52	13.0
412.32	13.0
417.4	13.0
428.16	13.0
445.72	13.0
461.08	13.0
470.44	13.0
483.92	13.0
496.52	13.0
507.6	13.0
524.84	13.0
551.4	13.0
566.08	13.0
588.68	13.0
613.52	13.0
629.56	13.0
655.68	13.0
672.24	13.0
716.4	13.0
744.04	13.0
784.48	13.0
835.6	13.0
874.04	13.0
877.44	13.0
950.84	13.0
1054.08	13.0
1137.64	13.0
1165.84	13.0
354.48	14.0
411.96	14.0
431.84	14.0
1029.88	14.0
378.16	15.0
311.8	15.0
352.88	15.0
432.6	15.0
1240.8	15.0
315.44	16.0
331.12	16.0
352.36	16.0
369.76	16.0
443.4	16.0
358.76	17.0
376.76	17.0
424.28	17.0
537.0	17.0
303.36	17.0
319.04	17.0
354.88	17.0
382.64	17.0
400.92	17.0
453.52	17.0
700.24	17.0
801.24	17.0
873.36	17.0
308.96	18.0
311.84	18.0
337.36	18.0
412.28	18.0
471.84	18.0
526.0	18.0
395.88	19.0
308.96	19.0
311.6	19.0
431.88	19.0
933.44	19.0
1332.4	19.0
302.44	20.0
306.68	20.0
310.72	20.0
313.56	20.0
319.2	20.0
325.68	20.0
332.2	20.0
335.64	20.0
351.8	20.0
356.32	20.0
364.24	20.0
370.16	20.0
375.6	20.0
388.08	20.0
392.24	20.0
396.56	20.0
402.2	20.0
410.84	20.0
425.0	20.0
431.92	20.0
439.56	20.0
460.36	20.0
507.84	20.0
513.48	20.0
521.8	20.0
526.32	20.0
538.56	20.0
548.92	20.0
557.32	20.0
597.72	20.0
612.24	20.0
650.76	20.0
668.36	20.0
705.36	20.0
725.92	20.0
747.6	20.0
757.4	20.0
763.72	20.0
766.72	20.0
779.04	20.0
829.08	20.0
838.44	20.0
855.52	20.0
867.48	20.0
876.36	20.0
894.0	20.0
897.48	20.0
905.12	20.0
920.52	20.0
933.48	20.0
952.36	20.0
962.96	20.0
977.2	20.0
986.76	20.0
996.88	20.0
1016.52	20.0
1042.88	20.0
1062.12	20.0
1064.72	20.0
1090.52	20.0
1100.52	20.0
1130.48	20.0
1160.48	20.0
1185.64	20.0
1207.48	20.0
1212.16	20.0
1226.2	20.0
1243.36	20.0
1283.24	20.0
1307.08	20.0
1332.44	20.0
1344.44	20.0
1373.36	20.0
302.48	21.0
364.52	21.0
382.64	22.0
493.44	22.0
533.8	22.0
427.24	22.0
303.36	23.0
336.36	23.0
368.04	23.0
393.4	23.0
397.76	23.0
985.12	23.0
423.4	23.0
474.08	23.0
353.48	24.0
302.48	24.0
312.56	24.0
357.28	24.0
754.4	24.0
