308.92	1.0
312.04	1.0
409.72	1.0
431.28	1.0
512.52	1.0
843.56	1.0
1002.68	1.0
315.12	1.0
318.04	1.0
333.68	1.0
339.56	1.0
344.96	1.0
361.56	1.0
374.52	1.0
383.16	1.0
414.48	1.0
436.32	1.0
439.84	1.0
522.44	1.0
957.0	1.0
308.96	2.0
311.8	2.0
342.44	2.0
350.92	2.0
373.0	2.0
418.36	2.0
495.96	2.0
938.84	2.0
1150.0	2.0
302.48	3.0
309.76	3.0
316.64	3.0
323.6	3.0
328.24	3.0
335.44	3.0
343.6	3.0
349.28	3.0
357.8	3.0
364.36	3.0
387.0	3.0
415.72	3.0
420.8	3.0
435.08	3.0
452.24	3.0
498.16	3.0
515.76	3.0
583.28	3.0
599.8	3.0
612.84	3.0
628.08	3.0
646.56	3.0
667.44	3.0
684.2	3.0
690.88	3.0
702.88	3.0
737.84	3.0
743.4	3.0
761.0	3.0
785.4	3.0
823.76	3.0
834.68	3.0
891.8	3.0
913.68	3.0
920.96	3.0
943.44	3.0
986.44	3.0
325.56	5.0
384.56	5.0
774.28	5.0
302.48	5.0
305.24	5.0
331.76	5.0
350.2	5.0
373.16	5.0
389.32	5.0
408.48	5.0
435.72	5.0
455.48	5.0
495.32	5.0
508.8	5.0
538.32	5.0
602.16	5.0
643.24	5.0
734.6	5.0
990.24	5.0
1031.08	5.0
303.2	6.0
310.28	6.0
314.68	6.0
319.84	6.0
325.28	6.0
331.72	6.0
335.44	6.0
382.56	6.0
403.16	6.0
408.48	6.0
419.4	6.0
425.64	6.0
433.32	6.0
441.48	6.0
453.92	6.0
462.52	6.0
465.32	6.0
474.4	6.0
486.04	6.0
497.4	6.0
512.8	6.0
532.92	6.0
551.24	6.0
595.44	6.0
668.6	6.0
743.52	6.0
788.0	6.0
862.72	6.0
892.2	6.0
304.8	7.0
314.96	7.0
325.96	7.0
340.72	7.0
353.16	7.0
374.28	7.0
402.52	7.0
497.76	7.0
606.44	7.0
788.28	7.0
879.64	7.0
987.96	7.0
308.96	8.0
311.72	8.0
357.24	8.0
592.36	8.0
315.2	8.0
329.36	8.0
381.24	8.0
422.16	8.0
454.96	8.0
309.0	9.0
311.96	9.0
319.76	9.0
348.28	9.0
371.84	9.0
415.48	9.0
593.68	9.0
752.32	9.0
302.48	10.0
303.56	11.0
312.12	11.0
342.84	11.0
434.92	11.0
437.84	11.0
614.36	11.0
315.68	11.0
330.36	11.0
375.72	11.0
390.56	11.0
415.16	11.0
541.68	11.0
768.88	11.0
879.24	11.0
304.44	12.0
436.8	12.0
450.76	12.0
459.48	12.0
609.36	12.0
308.28	12.0
311.68	12.0
314.52	12.0
330.08	12.0
345.12	12.0
364.84	12.0
371.92	12.0
375.96	12.0
395.12	12.0
443.48	12.0
465.4	12.0
487.2	12.0
495.32	12.0
515.0	12.0
533.32	12.0
541.36	12.0
570.8	12.0
645.0	12.0
707.72	12.0
802.72	12.0
834.0	12.0
845.48	12.0
882.92	12.0
913.08	12.0
984.44	12.0
1101.2	12.0
1241.52	12.0
1255.64	12.0
331.76	13.0
302.44	13.0
310.12	13.0
315.68	13.0
328.72	13.0
339.0	13.0
346.32	13.0
352.84	13.0
360.52	13.0
372.52	13.0
386.04	13.0
390.56	13.0
393.12	13.0
402.76	13.0
411.16	13.0
437.76	13.0
450.56	13.0
461.0	13.0
476.64	13.0
486.24	13.0
498.4	13.0
514.32	13.0
532.8	13.0
548.96	13.0
569.32	13.0
586.16	13.0
602.16	13.0
626.8	13.0
645.08	13.0
673.56	13.0
721.24	13.0
734.24	13.0
757.48	13.0
790.36	13.0
829.04	13.0
868.88	13.0
303.16	14.0
395.48	14.0
437.16	14.0
575.16	14.0
879.16	14.0
304.88	15.0
328.68	15.0
402.6	15.0
606.52	15.0
988.04	15.0
364.24	15.0
556.76	15.0
318.08	16.0
369.24	16.0
742.24	16.0
349.6	17.0
353.6	17.0
303.36	17.0
316.4	17.0
360.64	17.0
364.16	17.0
369.36	17.0
381.52	17.0
421.76	17.0
463.8	17.0
636.6	17.0
1103.84	17.0
1263.08	17.0
308.96	18.0
311.8	18.0
343.4	18.0
360.52	18.0
382.08	18.0
406.28	18.0
816.04	18.0
829.44	18.0
1104.28	18.0
645.92	19.0
308.96	19.0
312.08	19.0
325.88	19.0
403.96	19.0
454.68	19.0
557.52	19.0
593.92	19.0
668.08	19.0
315.84	20.0
352.96	20.0
363.16	20.0
510.88	20.0
302.44	20.0
307.96	20.0
312.2	20.0
318.44	20.0
321.08	20.0
324.96	20.0
330.32	20.0
334.16	20.0
339.76	20.0
342.36	20.0
345.0	20.0
358.04	20.0
368.88	20.0
372.76	20.0
375.96	20.0
384.52	20.0
390.12	20.0
396.72	20.0
404.0	20.0
410.52	20.0
444.68	20.0
449.84	20.0
453.44	20.0
458.84	20.0
465.2	20.0
481.08	20.0
489.24	20.0
498.64	20.0
504.0	20.0
533.8	20.0
541.2	20.0
562.88	20.0
570.16	20.0
593.96	20.0
605.4	20.0
614.52	20.0
624.52	20.0
634.24	20.0
651.24	20.0
668.16	20.0
706.8	20.0
747.88	20.0
768.36	20.0
783.44	20.0
809.08	20.0
843.88	20.0
861.04	20.0
884.08	20.0
941.6	20.0
956.32	20.0
984.04	20.0
1002.68	20.0
1016.88	20.0
1033.76	20.0
1052.2	20.0
1062.04	20.0
1102.36	20.0
1127.52	20.0
1141.6	20.0
1165.48	20.0
358.12	21.0
302.48	21.0
317.88	22.0
344.36	22.0
414.68	22.0
364.08	22.0
303.36	23.0
316.84	23.0
331.08	23.0
365.04	23.0
409.84	23.0
422.4	23.0
861.92	23.0
308.04	24.0
484.4	24.0
330.88	24.0
