310.68	1.0
313.36	1.0
322.48	1.0
396.44	1.0
513.28	1.0
587.52	1.0
1058.24	1.0
1171.76	1.0
302.88	1.0
325.88	1.0
330.12	1.0
342.88	1.0
353.32	1.0
369.76	1.0
388.32	1.0
391.84	1.0
1082.2	1.0
309.0	2.0
312.12	2.0
326.92	2.0
340.68	2.0
352.88	2.0
444.4	2.0
525.56	2.0
982.36	2.0
1127.88	2.0
1276.08	2.0
309.04	3.0
311.88	3.0
319.56	3.0
322.32	3.0
325.6	3.0
333.52	3.0
339.72	3.0
353.88	3.0
366.28	3.0
369.84	3.0
375.12	3.0
384.4	3.0
393.36	3.0
401.4	3.0
410.08	3.0
414.48	3.0
423.12	3.0
436.92	3.0
442.32	3.0
480.88	3.0
495.96	3.0
509.92	3.0
527.64	3.0
564.24	3.0
574.24	3.0
595.84	3.0
624.32	3.0
634.4	3.0
640.68	3.0
671.04	3.0
690.08	3.0
704.68	3.0
723.16	3.0
744.36	3.0
762.4	3.0
773.32	3.0
795.68	3.0
819.76	3.0
825.88	3.0
847.64	3.0
866.04	3.0
880.08	3.0
940.44	3.0
993.72	3.0
1003.56	3.0
1012.96	3.0
1024.28	3.0
1075.36	3.0
1100.32	3.0
1163.16	3.0
1444.0	3.0
433.8	5.0
622.2	5.0
661.48	5.0
1005.76	5.0
1157.6	5.0
314.68	5.0
327.52	5.0
357.52	5.0
364.08	5.0
388.36	5.0
402.72	5.0
415.6	5.0
448.28	5.0
493.4	5.0
556.76	5.0
567.0	5.0
634.28	5.0
666.6	5.0
672.88	5.0
713.24	5.0
855.6	5.0
870.76	5.0
303.04	6.0
309.52	6.0
314.8	6.0
320.16	6.0
326.84	6.0
332.72	6.0
339.8	6.0
344.56	6.0
353.6	6.0
358.36	6.0
364.16	6.0
378.76	6.0
386.24	6.0
391.96	6.0
399.32	6.0
406.52	6.0
414.32	6.0
426.12	6.0
439.84	6.0
447.16	6.0
463.52	6.0
488.8	6.0
497.48	6.0
530.16	6.0
541.08	6.0
557.12	6.0
569.92	6.0
620.56	6.0
632.76	6.0
672.36	6.0
699.28	6.0
714.48	6.0
740.36	6.0
759.08	6.0
786.2	6.0
800.4	6.0
828.64	6.0
866.88	6.0
955.72	6.0
975.76	6.0
1049.16	6.0
1073.12	6.0
1129.52	6.0
1140.2	6.0
1160.8	6.0
1263.44	6.0
1335.0	6.0
1401.88	6.0
303.96	7.0
401.24	7.0
313.0	7.0
326.12	7.0
337.36	7.0
344.88	7.0
354.52	7.0
358.72	7.0
375.68	7.0
398.2	7.0
445.6	7.0
554.68	7.0
781.48	7.0
439.72	8.0
524.76	8.0
739.36	8.0
758.24	8.0
824.32	8.0
1014.92	8.0
302.72	8.0
321.16	8.0
334.2	8.0
309.0	9.0
312.16	9.0
339.28	9.0
632.84	9.0
727.72	9.0
309.0	10.0
312.16	10.0
302.48	11.0
315.72	11.0
339.48	11.0
367.4	11.0
783.48	11.0
356.28	11.0
383.68	11.0
427.76	11.0
440.04	11.0
646.48	11.0
1157.52	11.0
311.68	12.0
401.8	12.0
539.36	12.0
1071.0	12.0
302.64	12.0
315.96	12.0
318.88	12.0
327.24	12.0
336.92	12.0
342.04	12.0
348.56	12.0
356.84	12.0
370.56	12.0
378.24	12.0
385.6	12.0
397.84	12.0
422.92	12.0
514.8	12.0
556.76	12.0
570.36	12.0
653.44	12.0
670.8	12.0
679.0	12.0
711.88	12.0
743.72	12.0
804.8	12.0
887.92	12.0
965.28	12.0
1034.28	12.0
1037.48	12.0
1133.6	12.0
1215.32	12.0
1255.16	12.0
1301.8	12.0
1334.92	12.0
1360.2	12.0
1390.0	12.0
1428.24	12.0
336.24	13.0
338.8	13.0
302.6	13.0
314.0	13.0
322.24	13.0
343.56	13.0
352.68	13.0
362.0	13.0
365.04	13.0
369.8	13.0
381.56	13.0
386.2	13.0
391.12	13.0
400.36	13.0
414.68	13.0
425.64	13.0
438.84	13.0
453.52	13.0
464.04	13.0
481.52	13.0
500.8	13.0
513.72	13.0
530.04	13.0
562.32	13.0
577.68	13.0
599.0	13.0
622.48	13.0
643.36	13.0
664.48	13.0
694.48	13.0
709.32	13.0
729.72	13.0
760.08	13.0
785.6	13.0
806.76	13.0
830.36	13.0
860.52	13.0
921.52	13.0
1048.68	13.0
1148.68	13.0
327.72	14.0
723.64	14.0
302.64	14.0
366.48	14.0
304.6	15.0
354.6	15.0
554.8	15.0
356.12	16.0
392.36	16.0
449.6	16.0
531.72	16.0
844.76	16.0
1139.2	16.0
302.48	17.0
309.04	17.0
331.08	17.0
340.44	17.0
345.0	17.0
361.48	17.0
391.84	17.0
402.08	17.0
435.96	17.0
696.52	17.0
808.64	17.0
1009.92	17.0
1203.24	17.0
1225.04	17.0
1253.08	17.0
1460.48	17.0
302.56	18.0
330.56	18.0
393.48	18.0
461.64	18.0
466.04	18.0
513.88	18.0
524.96	18.0
748.04	18.0
765.08	18.0
1203.16	18.0
1224.8	18.0
308.96	19.0
312.0	19.0
326.96	19.0
446.64	19.0
480.8	19.0
607.48	19.0
946.76	19.0
985.0	19.0
1156.84	19.0
330.68	20.0
616.76	20.0
309.04	20.0
312.28	20.0
318.04	20.0
321.4	20.0
324.36	20.0
327.08	20.0
336.72	20.0
340.68	20.0
348.68	20.0
355.72	20.0
360.4	20.0
364.8	20.0
370.72	20.0
377.36	20.0
383.8	20.0
389.96	20.0
398.68	20.0
408.92	20.0
413.4	20.0
439.6	20.0
446.72	20.0
456.04	20.0
462.0	20.0
468.16	20.0
472.8	20.0
480.92	20.0
495.08	20.0
539.84	20.0
552.04	20.0
558.44	20.0
574.36	20.0
583.32	20.0
594.16	20.0
597.4	20.0
607.52	20.0
621.6	20.0
632.8	20.0
646.0	20.0
704.56	20.0
710.72	20.0
719.68	20.0
729.12	20.0
742.88	20.0
750.72	20.0
764.8	20.0
812.2	20.0
829.84	20.0
846.68	20.0
855.88	20.0
883.72	20.0
886.4	20.0
898.56	20.0
911.16	20.0
925.12	20.0
934.72	20.0
946.84	20.0
956.4	20.0
966.4	20.0
985.0	20.0
995.16	20.0
1005.48	20.0
1018.44	20.0
1034.52	20.0
1048.8	20.0
1075.44	20.0
1106.84	20.0
1119.0	20.0
1132.92	20.0
1149.68	20.0
1154.48	20.0
1157.0	20.0
1174.68	20.0
1194.8	20.0
1201.48	20.0
1223.08	20.0
1246.76	20.0
1253.0	20.0
1261.08	20.0
1279.68	20.0
1286.24	20.0
1300.72	20.0
1334.88	20.0
1386.84	20.0
1396.92	20.0
1420.32	20.0
1432.4	20.0
302.48	21.0
462.24	22.0
302.56	23.0
362.8	23.0
397.6	23.0
461.2	23.0
500.72	23.0
665.76	23.0
981.52	23.0
1129.4	23.0
351.12	23.0
403.24	23.0
438.76	23.0
306.36	24.0
315.92	24.0
1361.0	24.0
