315.92	1.0
327.16	1.0
404.92	1.0
485.6	1.0
1204.6	1.0
302.48	1.0
310.32	1.0
324.36	1.0
340.44	1.0
355.84	1.0
367.36	1.0
385.24	1.0
401.76	1.0
414.6	1.0
429.24	1.0
434.64	1.0
522.28	1.0
753.88	1.0
900.2	1.0
1019.8	1.0
309.0	2.0
311.56	2.0
322.52	2.0
334.84	2.0
347.32	2.0
368.08	2.0
383.52	2.0
415.52	2.0
434.96	2.0
444.12	2.0
614.88	2.0
1171.84	2.0
1353.52	2.0
315.48	3.0
408.0	3.0
308.96	3.0
311.92	3.0
324.68	3.0
329.48	3.0
371.36	3.0
384.2	3.0
390.68	3.0
414.64	3.0
549.04	3.0
553.92	3.0
558.32	3.0
570.08	3.0
623.08	3.0
634.28	3.0
650.08	3.0
684.72	3.0
691.92	3.0
709.44	3.0
725.0	3.0
755.24	3.0
760.12	3.0
777.64	3.0
863.36	3.0
907.44	3.0
915.56	3.0
952.64	3.0
976.72	3.0
1005.04	3.0
1011.72	3.0
1040.24	3.0
1050.52	3.0
1069.84	3.0
1140.36	3.0
1146.76	3.0
1204.0	3.0
1233.64	3.0
1253.4	3.0
1353.56	3.0
781.48	5.0
1225.6	5.0
326.72	5.0
338.68	5.0
362.96	5.0
371.96	5.0
383.16	5.0
398.28	5.0
412.68	5.0
427.08	5.0
438.8	5.0
457.8	5.0
482.2	5.0
512.4	5.0
547.24	5.0
556.0	5.0
565.4	5.0
592.6	5.0
628.16	5.0
657.24	5.0
703.04	5.0
807.76	5.0
860.8	5.0
1103.76	5.0
412.68	6.0
302.48	6.0
309.2	6.0
313.72	6.0
318.04	6.0
324.2	6.0
328.6	6.0
334.32	6.0
357.92	6.0
361.92	6.0
366.12	6.0
376.04	6.0
382.72	6.0
404.52	6.0
408.36	6.0
432.88	6.0
437.12	6.0
448.24	6.0
470.4	6.0
481.88	6.0
498.92	6.0
505.96	6.0
527.24	6.0
538.08	6.0
551.08	6.0
561.08	6.0
572.12	6.0
583.8	6.0
605.08	6.0
615.16	6.0
646.84	6.0
658.44	6.0
684.76	6.0
780.92	6.0
796.36	6.0
833.8	6.0
866.56	6.0
901.16	6.0
909.2	6.0
931.52	6.0
972.28	6.0
1020.2	6.0
1041.4	6.0
1056.16	6.0
1117.56	6.0
1179.32	6.0
1211.28	6.0
1278.16	6.0
302.52	7.0
313.44	7.0
327.8	7.0
336.16	7.0
349.08	7.0
356.32	7.0
370.92	7.0
381.2	7.0
396.44	7.0
427.0	7.0
446.8	7.0
470.08	7.0
482.24	7.0
511.88	7.0
575.04	7.0
615.32	7.0
683.08	7.0
909.52	7.0
1056.04	7.0
1223.24	7.0
633.8	8.0
900.0	8.0
1072.56	8.0
302.72	8.0
308.64	8.0
313.88	8.0
323.92	8.0
332.24	8.0
337.52	8.0
356.44	8.0
457.72	8.0
1085.48	8.0
308.96	9.0
311.92	9.0
369.8	9.0
338.36	9.0
388.68	9.0
575.64	9.0
774.92	9.0
1048.96	9.0
308.96	10.0
311.48	10.0
302.48	11.0
332.36	11.0
338.76	11.0
363.12	11.0
381.12	11.0
397.56	11.0
451.56	11.0
483.6	11.0
313.72	11.0
324.92	11.0
409.32	11.0
324.92	12.0
327.44	12.0
458.28	12.0
302.96	12.0
315.12	12.0
319.6	12.0
338.76	12.0
342.16	12.0
355.28	12.0
368.08	12.0
379.72	12.0
402.76	12.0
406.8	12.0
434.16	12.0
452.32	12.0
467.96	12.0
489.84	12.0
522.0	12.0
536.4	12.0
557.36	12.0
580.48	12.0
591.88	12.0
670.28	12.0
689.24	12.0
718.8	12.0
814.52	12.0
840.0	12.0
903.72	12.0
914.24	12.0
931.36	12.0
1035.32	12.0
1038.76	12.0
1183.88	12.0
1306.68	12.0
332.72	13.0
335.96	13.0
365.44	13.0
368.2	13.0
302.64	13.0
312.52	13.0
321.24	13.0
324.44	13.0
339.56	13.0
349.24	13.0
355.4	13.0
380.52	13.0
384.72	13.0
387.48	13.0
395.32	13.0
404.32	13.0
410.16	13.0
419.2	13.0
427.96	13.0
439.4	13.0
448.32	13.0
456.8	13.0
470.28	13.0
479.12	13.0
483.04	13.0
488.88	13.0
512.44	13.0
524.2	13.0
540.44	13.0
551.64	13.0
566.28	13.0
576.24	13.0
588.72	13.0
601.68	13.0
626.68	13.0
639.84	13.0
655.72	13.0
668.28	13.0
684.56	13.0
706.16	13.0
722.8	13.0
746.08	13.0
768.92	13.0
793.52	13.0
820.52	13.0
836.88	13.0
864.4	13.0
884.6	13.0
903.92	13.0
936.6	13.0
973.56	13.0
1021.32	13.0
1055.36	13.0
1089.4	13.0
1225.76	13.0
302.64	14.0
361.8	14.0
366.36	14.0
383.76	14.0
396.24	14.0
403.96	14.0
425.84	14.0
304.28	15.0
356.48	15.0
365.6	15.0
349.2	16.0
372.32	16.0
402.32	16.0
445.64	16.0
523.32	16.0
576.8	16.0
1118.8	16.0
1265.96	16.0
314.88	17.0
348.0	17.0
312.0	17.0
317.84	17.0
363.2	17.0
380.76	17.0
402.28	17.0
483.24	17.0
506.16	17.0
527.72	17.0
533.16	17.0
536.24	17.0
556.24	17.0
846.36	17.0
943.4	17.0
1237.44	17.0
302.48	18.0
381.2	18.0
407.56	18.0
535.92	18.0
1047.64	18.0
309.0	19.0
311.68	19.0
314.68	19.0
369.88	19.0
583.92	19.0
807.4	19.0
325.32	20.0
535.36	20.0
309.0	20.0
312.08	20.0
314.84	20.0
318.2	20.0
330.0	20.0
335.04	20.0
345.32	20.0
350.04	20.0
354.64	20.0
359.64	20.0
363.96	20.0
367.52	20.0
380.76	20.0
384.88	20.0
392.92	20.0
407.36	20.0
415.68	20.0
430.36	20.0
433.44	20.0
438.28	20.0
448.44	20.0
457.28	20.0
463.72	20.0
470.16	20.0
476.28	20.0
485.36	20.0
499.8	20.0
504.76	20.0
527.92	20.0
540.96	20.0
571.72	20.0
584.0	20.0
601.8	20.0
730.52	20.0
754.4	20.0
770.04	20.0
780.84	20.0
838.8	20.0
853.84	20.0
908.6	20.0
951.32	20.0
975.8	20.0
997.68	20.0
1015.68	20.0
1071.88	20.0
1101.72	20.0
1107.16	20.0
1132.72	20.0
1170.96	20.0
1182.4	20.0
1223.08	20.0
1233.04	20.0
1277.8	20.0
1328.04	20.0
1352.64	20.0
364.2	21.0
302.48	21.0
326.76	22.0
332.32	22.0
369.84	22.0
407.4	22.0
724.52	22.0
310.04	23.0
337.68	23.0
384.96	23.0
314.88	23.0
354.36	23.0
573.8	23.0
602.28	23.0
847.64	23.0
310.8	24.0
328.12	24.0
368.64	24.0
