311.32	1.0
926.12	1.0
1337.52	1.0
303.08	1.0
327.12	1.0
329.68	1.0
339.28	1.0
353.0	1.0
370.76	1.0
382.04	1.0
394.6	1.0
404.48	1.0
420.96	1.0
498.92	1.0
559.24	1.0
736.68	1.0
986.6	1.0
1228.6	1.0
309.0	2.0
311.64	2.0
317.08	2.0
329.96	2.0
338.52	2.0
361.44	2.0
385.92	2.0
389.72	2.0
420.36	2.0
446.6	2.0
720.04	2.0
984.2	2.0
1239.4	2.0
1399.8	2.0
309.0	3.0
311.52	3.0
318.28	3.0
324.08	3.0
333.24	3.0
339.52	3.0
345.28	3.0
348.72	3.0
355.64	3.0
363.4	3.0
373.48	3.0
384.24	3.0
390.04	3.0
406.12	3.0
412.84	3.0
503.6	3.0
538.64	3.0
559.88	3.0
572.6	3.0
576.6	3.0
608.24	3.0
621.24	3.0
635.92	3.0
657.2	3.0
669.16	3.0
688.08	3.0
708.4	3.0
742.6	3.0
752.0	3.0
769.48	3.0
805.52	3.0
825.72	3.0
843.68	3.0
855.28	3.0
884.04	3.0
893.64	3.0
897.0	3.0
905.4	3.0
932.72	3.0
967.24	3.0
976.76	3.0
988.2	3.0
1032.88	3.0
1037.96	3.0
1052.52	3.0
1072.0	3.0
1095.24	3.0
1180.92	3.0
1252.12	3.0
346.36	5.0
412.0	5.0
592.96	5.0
828.12	5.0
880.6	5.0
304.64	5.0
338.44	5.0
353.56	5.0
370.0	5.0
381.8	5.0
403.76	5.0
432.92	5.0
439.92	5.0
469.36	5.0
487.0	5.0
521.28	5.0
558.08	5.0
573.0	5.0
624.8	5.0
658.72	5.0
777.88	5.0
782.32	5.0
850.92	5.0
1032.0	5.0
1049.48	5.0
1346.92	5.0
302.76	6.0
309.24	6.0
314.36	6.0
320.72	6.0
328.6	6.0
333.2	6.0
341.44	6.0
361.6	6.0
368.28	6.0
372.76	6.0
382.12	6.0
393.68	6.0
403.16	6.0
410.12	6.0
420.28	6.0
454.16	6.0
464.28	6.0
476.72	6.0
492.56	6.0
500.92	6.0
512.36	6.0
531.72	6.0
545.52	6.0
572.12	6.0
586.04	6.0
594.44	6.0
618.12	6.0
643.8	6.0
654.44	6.0
709.8	6.0
732.68	6.0
759.84	6.0
777.36	6.0
789.84	6.0
811.96	6.0
829.88	6.0
852.12	6.0
880.24	6.0
892.56	6.0
934.08	6.0
952.44	6.0
988.44	6.0
999.28	6.0
1028.6	6.0
1066.16	6.0
1111.84	6.0
1160.16	6.0
1191.76	6.0
1227.56	6.0
1244.88	6.0
1324.2	6.0
1338.92	6.0
303.6	7.0
313.08	7.0
320.4	7.0
332.64	7.0
346.04	7.0
359.08	7.0
380.4	7.0
389.68	7.0
405.2	7.0
448.72	7.0
489.56	7.0
492.92	7.0
556.48	7.0
586.36	7.0
1040.24	7.0
531.04	8.0
625.36	8.0
804.36	8.0
891.2	8.0
1039.48	8.0
1138.76	8.0
302.8	8.0
318.8	8.0
335.52	8.0
443.76	8.0
309.0	9.0
311.64	9.0
341.84	9.0
521.84	9.0
1126.2	9.0
309.04	10.0
312.24	10.0
302.48	11.0
316.16	11.0
332.32	11.0
335.04	11.0
339.88	11.0
346.36	11.0
373.68	11.0
391.12	11.0
356.92	11.0
367.92	11.0
385.84	11.0
402.0	11.0
771.64	11.0
985.08	11.0
393.6	12.0
434.72	12.0
467.56	12.0
1319.92	12.0
302.68	12.0
310.8	12.0
318.16	12.0
331.52	12.0
344.08	12.0
356.48	12.0
369.32	12.0
383.56	12.0
403.12	12.0
409.56	12.0
441.96	12.0
531.28	12.0
537.64	12.0
643.64	12.0
738.96	12.0
872.96	12.0
897.08	12.0
961.52	12.0
977.32	12.0
1109.68	12.0
1144.28	12.0
1159.68	12.0
1198.96	12.0
1241.6	12.0
1271.44	12.0
1285.52	12.0
1338.76	12.0
302.8	13.0
315.36	13.0
323.04	13.0
332.68	13.0
341.36	13.0
350.76	13.0
353.72	13.0
357.6	13.0
368.76	13.0
378.32	13.0
386.76	13.0
394.04	13.0
406.16	13.0
414.92	13.0
427.16	13.0
435.56	13.0
447.16	13.0
467.32	13.0
476.76	13.0
490.04	13.0
503.36	13.0
526.12	13.0
538.64	13.0
552.04	13.0
567.64	13.0
583.32	13.0
606.28	13.0
623.72	13.0
642.6	13.0
661.32	13.0
684.72	13.0
704.0	13.0
720.64	13.0
743.12	13.0
764.2	13.0
782.28	13.0
808.96	13.0
834.12	13.0
860.64	13.0
891.16	13.0
910.24	13.0
929.96	13.0
935.88	13.0
963.44	13.0
1015.44	13.0
1059.84	13.0
1072.88	13.0
1195.92	13.0
302.48	14.0
318.96	14.0
644.24	14.0
1203.0	14.0
313.2	15.0
332.76	15.0
359.48	15.0
370.44	15.0
1067.24	15.0
333.84	16.0
356.2	16.0
386.84	16.0
449.52	16.0
535.08	16.0
380.6	17.0
521.16	17.0
314.08	17.0
329.6	17.0
346.2	17.0
374.84	17.0
422.96	17.0
459.88	17.0
589.48	17.0
692.24	17.0
883.56	17.0
931.72	17.0
1002.24	17.0
1053.16	17.0
1112.68	17.0
302.48	18.0
349.96	18.0
384.24	18.0
446.96	18.0
536.16	18.0
650.92	18.0
980.64	18.0
308.96	19.0
312.16	19.0
801.12	19.0
310.04	20.0
314.44	20.0
318.8	20.0
327.48	20.0
331.52	20.0
336.4	20.0
339.36	20.0
343.36	20.0
356.32	20.0
363.76	20.0
368.8	20.0
373.92	20.0
378.48	20.0
384.88	20.0
389.52	20.0
393.28	20.0
405.44	20.0
410.88	20.0
416.04	20.0
421.56	20.0
433.84	20.0
439.16	20.0
468.48	20.0
474.04	20.0
480.36	20.0
490.08	20.0
499.04	20.0
507.04	20.0
530.12	20.0
570.0	20.0
578.6	20.0
585.56	20.0
619.52	20.0
644.32	20.0
717.76	20.0
771.12	20.0
782.2	20.0
801.16	20.0
810.64	20.0
816.52	20.0
828.48	20.0
854.32	20.0
892.68	20.0
907.36	20.0
921.12	20.0
929.56	20.0
935.84	20.0
958.44	20.0
965.36	20.0
986.96	20.0
994.44	20.0
1011.0	20.0
1021.36	20.0
1037.44	20.0
1040.6	20.0
1050.0	20.0
1066.68	20.0
1075.48	20.0
1084.56	20.0
1098.2	20.0
1111.92	20.0
1141.36	20.0
1144.48	20.0
1186.08	20.0
1189.2	20.0
1234.36	20.0
1238.8	20.0
1242.28	20.0
1285.24	20.0
1296.4	20.0
1315.84	20.0
1319.48	20.0
1332.04	20.0
1337.64	20.0
1371.28	20.0
1378.84	20.0
1402.64	20.0
1413.56	20.0
1432.4	20.0
346.56	21.0
302.48	21.0
392.6	21.0
385.76	22.0
403.16	22.0
343.56	22.0
303.6	23.0
361.36	23.0
550.0	23.0
345.48	23.0
410.12	23.0
681.28	23.0
779.56	23.0
310.4	24.0
343.6	24.0
1060.0	24.0
369.92	24.0
758.64	24.0
