308.32	1.0
318.92	1.0
325.96	1.0
328.64	1.0
1286.24	1.0
303.0	1.0
338.2	1.0
344.48	1.0
349.92	1.0
358.08	1.0
367.04	1.0
371.36	1.0
379.48	1.0
386.2	1.0
395.16	1.0
406.76	1.0
412.32	1.0
425.44	1.0
434.52	1.0
450.44	1.0
463.4	1.0
308.96	2.0
311.88	2.0
325.68	2.0
336.68	2.0
348.28	2.0
356.64	2.0
368.2	2.0
397.76	2.0
412.36	2.0
470.88	2.0
488.2	2.0
513.4	2.0
594.96	2.0
1124.44	2.0
1291.4	2.0
1345.0	2.0
1410.84	2.0
861.8	3.0
309.0	3.0
311.68	3.0
320.88	3.0
325.2	3.0
331.84	3.0
334.64	3.0
341.4	3.0
348.64	3.0
355.24	3.0
365.24	3.0
368.72	3.0
375.48	3.0
384.16	3.0
406.96	3.0
414.16	3.0
449.2	3.0
469.4	3.0
494.32	3.0
538.32	3.0
592.12	3.0
628.4	3.0
652.84	3.0
708.72	3.0
720.92	3.0
739.04	3.0
753.4	3.0
774.92	3.0
800.68	3.0
814.0	3.0
867.16	3.0
882.88	3.0
907.08	3.0
924.88	3.0
929.44	3.0
984.2	3.0
994.04	3.0
1005.84	3.0
1041.24	3.0
1054.04	3.0
1109.28	3.0
1133.28	3.0
1150.68	3.0
1223.16	3.0
1229.88	3.0
1280.92	3.0
1304.2	3.0
1309.72	3.0
1419.68	3.0
1423.0	3.0
338.28	5.0
845.6	5.0
861.88	5.0
949.0	5.0
331.28	5.0
344.28	5.0
356.28	5.0
369.76	5.0
383.64	5.0
400.4	5.0
413.04	5.0
501.52	5.0
548.92	5.0
579.52	5.0
608.6	5.0
672.52	5.0
696.28	5.0
736.0	5.0
786.56	5.0
952.56	5.0
303.04	6.0
309.36	6.0
313.24	6.0
316.08	6.0
318.88	6.0
325.36	6.0
330.36	6.0
334.16	6.0
339.0	6.0
344.32	6.0
348.64	6.0
355.72	6.0
390.96	6.0
447.56	6.0
463.6	6.0
474.36	6.0
498.84	6.0
543.32	6.0
554.92	6.0
587.96	6.0
621.32	6.0
632.44	6.0
657.52	6.0
674.48	6.0
689.6	6.0
705.8	6.0
712.4	6.0
748.16	6.0
765.68	6.0
792.56	6.0
824.52	6.0
849.44	6.0
862.16	6.0
901.36	6.0
947.24	6.0
987.16	6.0
1017.04	6.0
1049.72	6.0
1115.72	6.0
1129.92	6.0
1149.96	6.0
1176.56	6.0
1212.44	6.0
1217.96	6.0
1306.56	6.0
1365.84	6.0
1425.84	6.0
1440.08	6.0
1468.8	6.0
302.6	7.0
313.52	7.0
325.12	7.0
337.08	7.0
344.72	7.0
355.12	7.0
367.32	7.0
386.56	7.0
403.04	7.0
415.32	7.0
447.64	7.0
463.32	7.0
489.04	7.0
525.24	7.0
544.88	7.0
577.04	7.0
606.36	7.0
1071.6	7.0
648.4	8.0
1053.32	8.0
1110.88	8.0
302.72	8.0
308.84	8.0
313.96	8.0
316.52	8.0
327.36	8.0
443.36	8.0
558.6	8.0
1428.4	8.0
308.96	9.0
312.08	9.0
326.2	9.0
333.96	9.0
355.84	9.0
371.04	9.0
384.76	9.0
419.16	9.0
430.08	9.0
449.28	9.0
495.84	9.0
309.0	10.0
312.08	10.0
406.08	10.0
302.44	11.0
307.64	11.0
312.4	11.0
327.32	11.0
331.52	11.0
355.4	11.0
414.0	11.0
428.72	11.0
351.32	11.0
392.28	11.0
1152.04	11.0
1222.68	11.0
315.68	12.0
431.04	12.0
501.72	12.0
559.0	12.0
302.92	12.0
311.08	12.0
331.36	12.0
349.6	12.0
356.72	12.0
385.08	12.0
387.76	12.0
403.44	12.0
406.16	12.0
409.96	12.0
413.96	12.0
479.88	12.0
493.24	12.0
506.04	12.0
529.4	12.0
554.36	12.0
594.8	12.0
602.72	12.0
640.52	12.0
772.76	12.0
831.36	12.0
953.04	12.0
956.0	12.0
1023.76	12.0
1029.4	12.0
1059.48	12.0
1115.88	12.0
1135.88	12.0
1258.64	12.0
1320.36	12.0
1419.8	12.0
1446.44	12.0
1470.32	12.0
302.48	13.0
307.0	13.0
314.24	13.0
322.6	13.0
333.68	13.0
343.68	13.0
346.36	13.0
354.68	13.0
365.84	13.0
370.6	13.0
384.04	13.0
402.6	13.0
406.4	13.0
416.28	13.0
422.76	13.0
426.2	13.0
476.08	13.0
486.0	13.0
493.52	13.0
501.64	13.0
510.2	13.0
528.08	13.0
536.56	13.0
546.6	13.0
558.68	13.0
582.76	13.0
592.96	13.0
607.0	13.0
626.96	13.0
636.92	13.0
661.2	13.0
674.04	13.0
688.68	13.0
703.08	13.0
731.44	13.0
748.72	13.0
767.52	13.0
787.16	13.0
804.2	13.0
828.36	13.0
850.44	13.0
870.2	13.0
899.68	13.0
924.96	13.0
941.68	13.0
968.56	13.0
1049.8	13.0
1056.92	13.0
1086.32	13.0
1121.92	13.0
1161.68	13.0
1182.04	13.0
1212.84	13.0
1312.32	13.0
403.32	14.0
306.76	14.0
345.76	14.0
366.6	14.0
370.6	14.0
410.12	14.0
430.68	14.0
325.2	15.0
318.2	15.0
349.08	16.0
371.88	16.0
403.56	16.0
433.16	16.0
539.52	16.0
1334.48	16.0
327.72	16.0
437.08	17.0
302.48	17.0
313.56	17.0
322.12	17.0
333.72	17.0
340.4	17.0
348.68	17.0
358.0	17.0
369.28	17.0
399.52	17.0
429.32	17.0
450.48	17.0
461.96	17.0
1060.84	17.0
1097.92	17.0
1335.72	17.0
1473.8	17.0
302.52	18.0
373.2	18.0
403.44	18.0
512.2	18.0
641.24	18.0
893.24	18.0
309.0	19.0
311.68	19.0
674.72	19.0
732.0	19.0
315.84	20.0
399.0	20.0
308.96	20.0
312.68	20.0
319.28	20.0
324.36	20.0
330.64	20.0
334.44	20.0
337.96	20.0
354.2	20.0
362.32	20.0
370.6	20.0
377.6	20.0
382.56	20.0
386.16	20.0
403.32	20.0
419.8	20.0
437.72	20.0
442.92	20.0
449.2	20.0
470.0	20.0
474.12	20.0
500.08	20.0
511.72	20.0
530.4	20.0
543.48	20.0
549.16	20.0
556.64	20.0
588.64	20.0
595.68	20.0
603.6	20.0
612.48	20.0
630.08	20.0
636.88	20.0
690.12	20.0
732.08	20.0
738.36	20.0
764.8	20.0
803.8	20.0
861.2	20.0
921.52	20.0
955.28	20.0
985.64	20.0
1030.28	20.0
1039.08	20.0
1054.4	20.0
1059.52	20.0
1084.44	20.0
1093.48	20.0
1110.68	20.0
1126.76	20.0
1169.6	20.0
1203.4	20.0
1211.04	20.0
1217.64	20.0
1241.4	20.0
1250.04	20.0
1275.04	20.0
1290.96	20.0
1308.68	20.0
1316.88	20.0
1325.4	20.0
1347.64	20.0
1360.88	20.0
1377.96	20.0
1391.64	20.0
1397.88	20.0
1410.88	20.0
1418.24	20.0
1428.72	20.0
1439.08	20.0
1466.96	20.0
1484.36	20.0
302.52	21.0
370.48	22.0
1111.88	22.0
303.4	23.0
348.48	23.0
351.64	23.0
370.16	23.0
384.0	23.0
403.24	23.0
325.88	23.0
848.52	23.0
304.88	24.0
316.6	24.0
326.44	24.0
371.56	24.0
877.32	24.0
