310.0	1.0
317.24	1.0
347.32	1.0
557.08	1.0
977.04	1.0
302.48	1.0
328.36	1.0
377.68	1.0
400.92	1.0
643.24	1.0
745.92	1.0
990.12	1.0
309.0	2.0
312.16	2.0
316.32	2.0
326.8	2.0
388.24	2.0
406.36	2.0
436.76	2.0
609.16	2.0
896.4	2.0
1014.4	2.0
653.6	3.0
309.0	3.0
312.12	3.0
318.72	3.0
327.96	3.0
331.2	3.0
341.16	3.0
352.32	3.0
356.96	3.0
362.16	3.0
373.12	3.0
386.72	3.0
389.4	3.0
408.4	3.0
433.84	3.0
443.36	3.0
453.88	3.0
458.2	3.0
470.92	3.0
485.84	3.0
490.44	3.0
512.52	3.0
528.2	3.0
537.24	3.0
560.32	3.0
568.92	3.0
588.16	3.0
595.44	3.0
622.92	3.0
635.0	3.0
649.72	3.0
681.84	3.0
737.56	3.0
759.32	3.0
787.88	3.0
832.36	3.0
1091.16	3.0
369.88	5.0
559.4	5.0
634.96	5.0
710.56	5.0
916.8	5.0
302.68	5.0
319.72	5.0
328.88	5.0
339.76	5.0
359.2	5.0
385.72	5.0
395.56	5.0
422.76	5.0
454.2	5.0
462.88	5.0
503.24	5.0
515.28	5.0
532.88	5.0
591.72	5.0
614.36	5.0
687.32	5.0
698.2	5.0
302.92	6.0
309.32	6.0
313.28	6.0
318.2	6.0
329.64	6.0
340.64	6.0
349.84	6.0
354.8	6.0
363.8	6.0
379.32	6.0
393.32	6.0
402.88	6.0
410.64	6.0
424.96	6.0
435.08	6.0
442.52	6.0
453.64	6.0
471.8	6.0
487.76	6.0
494.76	6.0
507.16	6.0
534.6	6.0
550.4	6.0
559.56	6.0
578.56	6.0
595.8	6.0
611.24	6.0
625.92	6.0
640.4	6.0
682.96	6.0
715.8	6.0
742.72	6.0
800.12	6.0
830.16	6.0
906.64	6.0
305.48	7.0
314.36	7.0
302.92	7.0
337.44	7.0
377.52	7.0
401.92	7.0
435.56	7.0
454.92	7.0
495.12	7.0
531.92	7.0
579.0	7.0
611.6	7.0
830.56	7.0
906.96	7.0
597.24	8.0
903.6	8.0
1069.96	8.0
302.76	8.0
324.48	8.0
339.08	8.0
428.36	8.0
308.96	9.0
311.64	9.0
309.0	10.0
312.04	10.0
407.84	10.0
302.48	11.0
307.92	11.0
328.0	11.0
361.36	11.0
490.76	11.0
327.56	12.0
339.2	12.0
517.2	12.0
579.24	12.0
949.48	12.0
304.16	12.0
313.44	12.0
317.24	12.0
357.44	12.0
367.96	12.0
386.84	12.0
395.92	12.0
399.68	12.0
405.16	12.0
418.8	12.0
435.36	12.0
465.48	12.0
502.88	12.0
511.84	12.0
534.2	12.0
545.16	12.0
575.04	12.0
590.6	12.0
633.04	12.0
654.2	12.0
714.64	12.0
722.48	12.0
725.68	12.0
806.56	12.0
898.68	12.0
1120.48	12.0
302.84	13.0
310.04	13.0
315.16	13.0
338.24	13.0
348.4	13.0
358.36	13.0
374.88	13.0
386.72	13.0
405.96	13.0
421.96	13.0
436.4	13.0
454.48	13.0
468.44	13.0
489.88	13.0
508.44	13.0
526.28	13.0
540.72	13.0
578.96	13.0
595.52	13.0
617.6	13.0
658.16	13.0
697.56	13.0
765.52	13.0
836.28	13.0
328.92	14.0
307.96	15.0
337.52	15.0
532.04	15.0
303.2	15.0
362.28	16.0
400.44	16.0
448.68	16.0
505.68	16.0
775.8	16.0
399.36	17.0
302.48	17.0
311.08	17.0
315.6	17.0
323.76	17.0
332.36	17.0
350.88	17.0
357.64	17.0
393.48	17.0
409.2	17.0
440.36	17.0
668.12	17.0
735.12	17.0
754.64	17.0
968.88	17.0
1157.32	17.0
302.48	18.0
399.2	18.0
449.68	18.0
308.96	19.0
311.92	19.0
358.64	19.0
398.92	19.0
408.44	19.0
309.0	20.0
312.2	20.0
316.04	20.0
318.8	20.0
327.48	20.0
331.88	20.0
338.68	20.0
344.08	20.0
349.36	20.0
356.32	20.0
372.08	20.0
381.72	20.0
386.72	20.0
390.52	20.0
398.04	20.0
403.76	20.0
409.32	20.0
417.16	20.0
427.88	20.0
435.0	20.0
449.0	20.0
454.8	20.0
462.28	20.0
469.96	20.0
477.24	20.0
490.28	20.0
510.36	20.0
529.0	20.0
537.36	20.0
546.88	20.0
560.36	20.0
574.36	20.0
595.72	20.0
607.52	20.0
612.64	20.0
631.16	20.0
642.84	20.0
662.36	20.0
691.64	20.0
700.68	20.0
726.32	20.0
745.12	20.0
757.88	20.0
775.36	20.0
810.04	20.0
842.04	20.0
874.44	20.0
889.28	20.0
898.36	20.0
928.76	20.0
955.12	20.0
966.48	20.0
1014.36	20.0
1069.28	20.0
302.48	21.0
335.04	22.0
318.8	22.0
303.96	23.0
338.52	23.0
434.84	23.0
438.12	23.0
314.52	24.0
362.4	24.0
