309.24	1.0
370.64	1.0
414.16	1.0
564.76	1.0
688.0	1.0
837.88	1.0
1267.16	1.0
302.48	1.0
321.32	1.0
345.84	1.0
309.0	2.0
311.96	2.0
318.48	2.0
353.76	2.0
378.56	2.0
393.52	2.0
415.32	2.0
488.44	2.0
548.16	2.0
617.36	2.0
908.48	2.0
1087.8	2.0
1214.12	2.0
1302.32	2.0
309.0	3.0
312.08	3.0
320.72	3.0
329.08	3.0
338.68	3.0
353.0	3.0
359.08	3.0
369.24	3.0
380.64	3.0
390.44	3.0
394.52	3.0
407.92	3.0
417.64	3.0
461.24	3.0
482.68	3.0
493.24	3.0
499.96	3.0
509.32	3.0
522.92	3.0
579.96	3.0
598.04	3.0
613.28	3.0
621.36	3.0
644.6	3.0
654.72	3.0
675.8	3.0
679.76	3.0
728.32	3.0
744.68	3.0
768.36	3.0
779.0	3.0
841.88	3.0
869.56	3.0
1145.32	3.0
1228.8	3.0
1345.8	3.0
650.76	4.0
313.96	5.0
320.48	5.0
990.64	5.0
304.88	5.0
338.36	5.0
355.36	5.0
440.08	5.0
474.24	5.0
479.88	5.0
487.04	5.0
504.6	5.0
507.32	5.0
589.16	5.0
675.04	5.0
948.6	5.0
303.08	6.0
309.08	6.0
314.48	6.0
318.12	6.0
339.56	6.0
345.2	6.0
353.68	6.0
357.32	6.0
364.28	6.0
379.92	6.0
386.2	6.0
401.6	6.0
414.28	6.0
422.56	6.0
442.72	6.0
454.84	6.0
467.44	6.0
481.96	6.0
501.72	6.0
516.44	6.0
540.28	6.0
555.84	6.0
574.56	6.0
624.24	6.0
693.64	6.0
711.68	6.0
730.72	6.0
745.12	6.0
809.48	6.0
846.4	6.0
855.32	6.0
909.48	6.0
987.56	6.0
1047.52	6.0
1054.08	6.0
1127.36	6.0
1190.44	6.0
1274.32	6.0
302.96	7.0
354.92	7.0
357.72	7.0
376.76	7.0
403.8	7.0
537.16	7.0
712.0	7.0
731.04	7.0
372.24	8.0
573.76	8.0
765.04	8.0
302.76	8.0
320.24	8.0
352.16	8.0
407.84	8.0
517.16	8.0
308.96	9.0
311.56	9.0
331.36	9.0
336.76	9.0
308.96	10.0
312.32	10.0
302.48	11.0
318.0	11.0
337.72	11.0
356.12	11.0
380.72	11.0
547.88	11.0
374.16	12.0
387.12	12.0
573.44	12.0
1089.08	12.0
304.12	12.0
309.36	12.0
318.52	12.0
321.12	12.0
332.28	12.0
340.92	12.0
356.48	12.0
361.36	12.0
379.84	12.0
393.68	12.0
404.64	12.0
407.88	12.0
413.56	12.0
423.04	12.0
435.08	12.0
450.24	12.0
459.28	12.0
480.88	12.0
658.12	12.0
679.88	12.0
719.64	12.0
763.76	12.0
824.44	12.0
839.52	12.0
845.92	12.0
884.68	12.0
955.64	12.0
1004.68	12.0
1073.44	12.0
1219.08	12.0
302.76	13.0
309.88	13.0
313.0	13.0
315.84	13.0
323.48	13.0
335.0	13.0
345.04	13.0
360.76	13.0
377.2	13.0
380.72	13.0
388.28	13.0
407.4	13.0
420.44	13.0
442.96	13.0
457.16	13.0
472.64	13.0
487.8	13.0
507.92	13.0
530.88	13.0
553.4	13.0
578.12	13.0
600.32	13.0
624.92	13.0
656.48	13.0
691.6	13.0
721.0	13.0
742.44	13.0
786.56	13.0
828.12	13.0
383.64	14.0
416.92	14.0
421.04	14.0
516.0	14.0
403.92	15.0
537.32	15.0
353.68	16.0
402.32	16.0
463.68	16.0
535.12	16.0
620.2	16.0
726.6	16.0
935.08	16.0
302.6	16.0
302.48	17.0
364.04	17.0
407.2	17.0
411.52	17.0
456.8	17.0
930.08	17.0
964.76	17.0
302.48	18.0
348.04	18.0
793.84	18.0
308.96	19.0
312.44	19.0
341.32	19.0
358.84	19.0
441.2	19.0
1245.48	19.0
309.0	20.0
312.08	20.0
316.6	20.0
319.2	20.0
325.32	20.0
330.88	20.0
336.36	20.0
341.4	20.0
346.28	20.0
355.52	20.0
362.52	20.0
371.24	20.0
374.36	20.0
380.12	20.0
385.68	20.0
404.4	20.0
418.72	20.0
421.92	20.0
427.28	20.0
441.8	20.0
450.28	20.0
454.96	20.0
467.16	20.0
472.84	20.0
479.96	20.0
486.96	20.0
516.8	20.0
522.48	20.0
547.28	20.0
567.04	20.0
575.44	20.0
581.92	20.0
600.12	20.0
615.8	20.0
621.76	20.0
640.44	20.0
667.52	20.0
678.68	20.0
695.24	20.0
713.2	20.0
721.8	20.0
743.08	20.0
754.96	20.0
775.08	20.0
787.96	20.0
816.36	20.0
822.92	20.0
845.28	20.0
867.92	20.0
887.8	20.0
908.32	20.0
923.96	20.0
964.0	20.0
986.6	20.0
1011.88	20.0
1032.28	20.0
1053.32	20.0
1062.92	20.0
1088.52	20.0
1099.36	20.0
1125.4	20.0
1134.6	20.0
1149.92	20.0
1189.56	20.0
1197.52	20.0
1213.0	20.0
1223.24	20.0
1234.8	20.0
1245.44	20.0
1267.56	20.0
1275.96	20.0
1285.48	20.0
1299.72	20.0
1318.0	20.0
302.48	21.0
386.68	22.0
459.12	22.0
406.92	22.0
303.72	23.0
382.52	23.0
570.08	23.0
332.8	23.0
315.84	24.0
322.68	24.0
333.16	24.0
362.12	24.0
706.52	24.0
