369.08	1.0
371.68	1.0
395.28	1.0
431.36	1.0
498.88	1.0
936.6	1.0
1182.08	1.0
1316.76	1.0
302.48	1.0
311.2	1.0
328.6	1.0
374.48	1.0
643.32	1.0
656.84	1.0
308.96	2.0
311.96	2.0
317.28	2.0
329.76	2.0
342.84	2.0
356.24	2.0
398.08	2.0
420.56	2.0
460.08	2.0
512.4	2.0
933.52	2.0
1117.88	2.0
1209.24	2.0
1299.52	2.0
569.6	3.0
308.96	3.0
312.4	3.0
321.08	3.0
326.8	3.0
329.72	3.0
341.12	3.0
350.4	3.0
358.52	3.0
371.32	3.0
375.12	3.0
408.92	3.0
435.72	3.0
442.0	3.0
446.36	3.0
458.6	3.0
467.04	3.0
480.48	3.0
492.2	3.0
546.76	3.0
564.08	3.0
566.68	3.0
590.92	3.0
610.48	3.0
629.36	3.0
655.16	3.0
678.12	3.0
706.44	3.0
757.4	3.0
806.72	3.0
839.52	3.0
855.68	3.0
863.4	3.0
927.68	3.0
969.72	3.0
1071.36	3.0
1094.56	3.0
1184.48	3.0
1212.44	3.0
1411.2	3.0
319.32	5.0
358.2	5.0
407.88	5.0
780.68	5.0
1138.84	5.0
304.56	5.0
327.68	5.0
348.48	5.0
375.44	5.0
380.92	5.0
418.92	5.0
442.8	5.0
460.44	5.0
468.96	5.0
486.12	5.0
501.4	5.0
505.04	5.0
604.56	5.0
646.96	5.0
686.48	5.0
859.12	5.0
1158.44	5.0
302.84	6.0
308.68	6.0
314.64	6.0
317.68	6.0
322.52	6.0
328.12	6.0
339.52	6.0
346.08	6.0
356.8	6.0
366.08	6.0
371.52	6.0
379.24	6.0
388.0	6.0
395.52	6.0
403.12	6.0
417.64	6.0
427.12	6.0
437.8	6.0
453.28	6.0
463.6	6.0
479.88	6.0
494.04	6.0
512.88	6.0
536.84	6.0
560.16	6.0
589.8	6.0
605.04	6.0
617.72	6.0
638.92	6.0
651.4	6.0
687.44	6.0
720.72	6.0
754.92	6.0
801.36	6.0
831.68	6.0
850.72	6.0
887.28	6.0
915.16	6.0
931.16	6.0
972.28	6.0
1043.4	6.0
1063.44	6.0
1144.88	6.0
1181.04	6.0
1234.92	6.0
1335.32	6.0
303.6	7.0
309.0	7.0
313.88	7.0
329.28	7.0
339.92	7.0
372.08	7.0
388.36	7.0
432.6	7.0
605.4	7.0
832.04	7.0
305.36	8.0
331.92	8.0
379.88	8.0
398.08	8.0
427.72	8.0
903.92	8.0
1178.56	8.0
1318.56	8.0
302.48	8.0
316.76	8.0
327.08	8.0
339.24	8.0
349.4	8.0
354.64	8.0
385.52	8.0
721.52	8.0
308.96	9.0
311.88	9.0
473.8	9.0
319.04	9.0
354.92	9.0
423.76	9.0
560.12	9.0
309.0	10.0
312.24	10.0
302.48	11.0
317.16	11.0
325.92	11.0
386.48	11.0
318.96	12.0
326.36	12.0
374.92	12.0
377.44	12.0
400.32	12.0
419.16	12.0
303.92	12.0
307.76	12.0
315.56	12.0
330.24	12.0
338.56	12.0
342.92	12.0
347.72	12.0
356.88	12.0
424.92	12.0
441.16	12.0
449.8	12.0
468.96	12.0
502.92	12.0
543.44	12.0
558.8	12.0
591.04	12.0
652.08	12.0
687.8	12.0
702.0	12.0
722.0	12.0
751.72	12.0
852.24	12.0
908.24	12.0
941.32	12.0
1046.8	12.0
1156.64	12.0
1168.4	12.0
1178.52	12.0
1199.8	12.0
1329.24	12.0
302.84	13.0
314.8	13.0
321.24	13.0
329.52	13.0
338.72	13.0
346.8	13.0
350.92	13.0
355.76	13.0
364.88	13.0
374.8	13.0
389.48	13.0
400.2	13.0
409.28	13.0
420.88	13.0
438.16	13.0
455.24	13.0
466.96	13.0
486.44	13.0
507.4	13.0
520.92	13.0
540.48	13.0
564.44	13.0
580.64	13.0
600.52	13.0
620.12	13.0
649.4	13.0
685.84	13.0
726.36	13.0
760.32	13.0
811.24	13.0
853.68	13.0
888.2	13.0
322.12	14.0
418.76	14.0
302.76	14.0
358.44	14.0
403.24	14.0
442.84	14.0
302.68	15.0
329.32	15.0
340.04	15.0
372.2	15.0
375.76	15.0
335.24	16.0
375.92	16.0
423.96	16.0
489.6	16.0
591.6	16.0
678.92	16.0
755.84	16.0
969.56	16.0
302.52	17.0
332.88	17.0
355.68	17.0
363.28	17.0
378.72	17.0
395.08	17.0
408.28	17.0
422.8	17.0
452.8	17.0
539.28	17.0
753.48	17.0
1066.16	17.0
1186.16	17.0
302.48	18.0
309.2	18.0
324.84	18.0
331.72	18.0
418.28	18.0
568.32	18.0
660.92	18.0
309.0	19.0
311.72	19.0
871.12	19.0
314.24	19.0
839.6	19.0
309.04	20.0
312.08	20.0
317.44	20.0
327.16	20.0
339.0	20.0
343.48	20.0
349.44	20.0
356.12	20.0
369.72	20.0
373.6	20.0
380.44	20.0
385.92	20.0
391.0	20.0
405.52	20.0
409.8	20.0
414.84	20.0
429.64	20.0
434.48	20.0
445.88	20.0
452.08	20.0
461.0	20.0
479.36	20.0
486.28	20.0
493.4	20.0
500.72	20.0
517.2	20.0
524.08	20.0
536.12	20.0
546.04	20.0
559.6	20.0
570.04	20.0
577.72	20.0
615.84	20.0
624.6	20.0
661.12	20.0
688.84	20.0
699.84	20.0
722.04	20.0
736.36	20.0
754.08	20.0
764.4	20.0
789.24	20.0
800.68	20.0
817.16	20.0
833.8	20.0
850.04	20.0
862.76	20.0
884.76	20.0
908.88	20.0
917.56	20.0
929.64	20.0
936.68	20.0
1007.04	20.0
1024.12	20.0
1045.8	20.0
1051.12	20.0
1064.48	20.0
1084.16	20.0
1092.6	20.0
1117.88	20.0
1141.28	20.0
1147.04	20.0
1159.72	20.0
1169.6	20.0
1182.8	20.0
1214.16	20.0
1222.12	20.0
1233.64	20.0
1245.52	20.0
1261.4	20.0
1274.6	20.0
1290.52	20.0
1302.48	20.0
1308.6	20.0
1313.08	20.0
1319.76	20.0
1327.24	20.0
1340.24	20.0
1353.92	20.0
1377.2	20.0
1425.76	20.0
302.48	21.0
496.12	22.0
357.36	22.0
455.88	22.0
303.68	23.0
341.8	23.0
1020.88	23.0
330.12	23.0
494.64	23.0
650.36	23.0
306.0	24.0
