315.64	1.0
330.24	1.0
485.56	1.0
1048.52	1.0
1291.12	1.0
302.48	1.0
309.32	1.0
327.72	1.0
348.72	1.0
351.64	1.0
367.28	1.0
371.32	1.0
383.04	1.0
400.44	1.0
412.52	1.0
431.72	1.0
437.68	1.0
1150.28	1.0
309.0	2.0
311.8	2.0
317.64	2.0
325.64	2.0
340.8	2.0
356.6	2.0
363.4	2.0
375.64	2.0
398.88	2.0
412.56	2.0
508.8	2.0
829.36	2.0
1135.2	2.0
1262.08	2.0
309.0	3.0
311.92	3.0
324.36	3.0
329.84	3.0
335.76	3.0
344.76	3.0
351.88	3.0
361.2	3.0
379.6	3.0
385.44	3.0
398.28	3.0
400.84	3.0
403.36	3.0
421.76	3.0
430.88	3.0
462.56	3.0
569.0	3.0
677.52	3.0
717.8	3.0
732.64	3.0
738.0	3.0
747.44	3.0
765.44	3.0
785.28	3.0
809.04	3.0
835.32	3.0
864.2	3.0
875.08	3.0
885.76	3.0
917.96	3.0
925.88	3.0
952.12	3.0
976.6	3.0
1007.32	3.0
1056.68	3.0
1074.04	3.0
1119.2	3.0
1135.8	3.0
1166.04	3.0
1224.4	3.0
1298.44	3.0
470.72	5.0
310.92	5.0
325.16	5.0
342.56	5.0
353.84	5.0
370.2	5.0
386.92	5.0
398.52	5.0
415.24	5.0
447.44	5.0
450.36	5.0
462.64	5.0
482.56	5.0
528.96	5.0
591.28	5.0
663.48	5.0
681.36	5.0
1075.12	5.0
302.52	6.0
314.28	6.0
319.24	6.0
325.4	6.0
330.68	6.0
340.04	6.0
347.68	6.0
373.28	6.0
407.2	6.0
412.72	6.0
420.52	6.0
427.8	6.0
436.24	6.0
440.84	6.0
445.92	6.0
456.44	6.0
462.8	6.0
478.4	6.0
484.96	6.0
497.84	6.0
511.64	6.0
521.52	6.0
531.56	6.0
541.88	6.0
555.44	6.0
578.6	6.0
598.68	6.0
623.28	6.0
651.08	6.0
695.88	6.0
733.4	6.0
765.44	6.0
799.16	6.0
848.0	6.0
870.64	6.0
885.48	6.0
954.8	6.0
1008.36	6.0
1079.08	6.0
1101.16	6.0
1157.4	6.0
1207.36	6.0
1277.08	6.0
306.32	7.0
302.8	7.0
312.6	7.0
319.6	7.0
323.8	7.0
335.92	7.0
352.12	7.0
364.2	7.0
370.56	7.0
375.88	7.0
393.96	7.0
416.8	7.0
428.24	7.0
441.24	7.0
528.76	7.0
592.72	7.0
651.52	7.0
951.2	7.0
1156.44	7.0
305.0	8.0
359.44	8.0
376.6	8.0
387.52	8.0
799.28	8.0
1159.2	8.0
1276.28	8.0
302.48	8.0
315.04	8.0
318.72	8.0
332.4	8.0
531.56	8.0
309.0	9.0
311.76	9.0
329.6	9.0
353.12	9.0
372.8	9.0
470.2	9.0
309.0	10.0
312.12	10.0
567.16	10.0
302.48	11.0
314.4	11.0
337.52	11.0
352.56	11.0
410.2	11.0
420.72	11.0
512.32	11.0
318.44	11.0
344.2	11.0
364.24	11.0
369.64	11.0
463.48	11.0
342.08	12.0
442.72	12.0
520.72	12.0
905.72	12.0
956.76	12.0
303.64	12.0
314.32	12.0
326.8	12.0
344.84	12.0
373.88	12.0
380.16	12.0
385.88	12.0
400.24	12.0
410.68	12.0
420.6	12.0
481.32	12.0
737.44	12.0
835.92	12.0
976.76	12.0
1061.36	12.0
1099.92	12.0
1273.48	12.0
1334.8	12.0
348.4	13.0
302.64	13.0
305.6	13.0
312.88	13.0
319.16	13.0
328.36	13.0
339.0	13.0
345.64	13.0
353.92	13.0
363.28	13.0
371.4	13.0
382.04	13.0
390.16	13.0
393.88	13.0
411.24	13.0
419.16	13.0
426.6	13.0
437.28	13.0
446.56	13.0
455.52	13.0
465.2	13.0
476.68	13.0
493.76	13.0
506.0	13.0
512.52	13.0
524.72	13.0
553.8	13.0
571.52	13.0
582.92	13.0
598.8	13.0
612.52	13.0
628.76	13.0
655.52	13.0
673.6	13.0
702.88	13.0
723.24	13.0
743.48	13.0
768.8	13.0
788.36	13.0
806.6	13.0
848.92	13.0
906.56	13.0
956.52	13.0
994.4	13.0
1054.0	13.0
1170.12	13.0
316.6	14.0
343.84	14.0
426.44	14.0
312.72	15.0
416.92	15.0
951.36	15.0
303.08	15.0
340.28	16.0
366.2	16.0
389.32	16.0
596.96	16.0
1262.84	16.0
306.04	17.0
364.12	17.0
346.56	17.0
350.72	17.0
369.44	17.0
381.76	17.0
402.84	17.0
410.48	17.0
447.32	17.0
537.04	17.0
549.8	17.0
718.84	17.0
1261.68	17.0
302.48	18.0
381.28	18.0
773.16	18.0
787.52	18.0
1023.8	18.0
309.0	19.0
311.72	19.0
320.68	19.0
326.88	19.0
364.12	19.0
598.76	19.0
1301.52	19.0
386.12	20.0
308.96	20.0
312.48	20.0
319.36	20.0
326.64	20.0
336.08	20.0
343.56	20.0
349.96	20.0
359.36	20.0
363.64	20.0
369.0	20.0
374.84	20.0
380.6	20.0
395.44	20.0
399.56	20.0
430.96	20.0
442.28	20.0
447.12	20.0
452.68	20.0
456.16	20.0
462.96	20.0
471.2	20.0
484.28	20.0
512.24	20.0
537.64	20.0
549.08	20.0
556.0	20.0
571.92	20.0
584.04	20.0
597.64	20.0
617.96	20.0
630.6	20.0
649.32	20.0
663.2	20.0
698.12	20.0
726.64	20.0
780.52	20.0
798.32	20.0
850.6	20.0
875.36	20.0
884.36	20.0
935.96	20.0
963.2	20.0
985.44	20.0
1059.08	20.0
1075.56	20.0
1124.68	20.0
1137.76	20.0
1165.8	20.0
1175.84	20.0
1189.96	20.0
1196.84	20.0
1242.2	20.0
1260.16	20.0
1264.8	20.0
1289.84	20.0
1321.28	20.0
1348.36	20.0
1357.32	20.0
350.96	21.0
382.76	21.0
397.76	21.0
462.4	21.0
302.52	21.0
344.04	22.0
401.32	22.0
303.6	23.0
954.48	23.0
350.0	23.0
371.0	23.0
382.64	23.0
664.72	23.0
306.6	24.0
