309.92	1.0
321.96	1.0
343.12	1.0
359.48	1.0
409.6	1.0
1219.0	1.0
1224.32	1.0
302.48	1.0
325.72	1.0
329.12	1.0
350.6	1.0
364.56	1.0
370.0	1.0
383.52	1.0
390.6	1.0
398.64	1.0
402.0	1.0
419.8	1.0
528.08	1.0
838.68	1.0
1263.4	1.0
309.0	2.0
311.88	2.0
318.76	2.0
327.72	2.0
337.32	2.0
350.64	2.0
357.72	2.0
368.72	2.0
392.24	2.0
410.92	2.0
472.64	2.0
476.16	2.0
647.88	2.0
671.12	2.0
1042.92	2.0
1164.84	2.0
1260.0	2.0
1341.64	2.0
385.4	3.0
308.96	3.0
312.0	3.0
315.08	3.0
319.24	3.0
324.36	3.0
326.88	3.0
335.6	3.0
340.44	3.0
343.92	3.0
351.12	3.0
357.2	3.0
365.72	3.0
378.52	3.0
382.24	3.0
400.6	3.0
408.96	3.0
435.28	3.0
444.32	3.0
454.12	3.0
474.8	3.0
504.28	3.0
549.16	3.0
562.36	3.0
582.36	3.0
598.92	3.0
620.68	3.0
640.8	3.0
691.52	3.0
720.68	3.0
750.36	3.0
792.84	3.0
831.28	3.0
838.64	3.0
855.68	3.0
886.68	3.0
912.64	3.0
918.16	3.0
936.12	3.0
972.0	3.0
1029.6	3.0
1032.96	3.0
1065.04	3.0
1105.6	3.0
1130.92	3.0
1213.76	3.0
1346.16	3.0
506.4	5.0
304.84	5.0
335.4	5.0
339.84	5.0
353.0	5.0
364.2	5.0
369.08	5.0
385.4	5.0
402.16	5.0
421.68	5.0
433.0	5.0
475.32	5.0
493.88	5.0
527.52	5.0
573.16	5.0
689.92	5.0
750.28	5.0
785.64	5.0
306.52	6.0
337.64	6.0
302.48	6.0
309.16	6.0
314.6	6.0
327.8	6.0
332.2	6.0
345.92	6.0
351.92	6.0
358.6	6.0
378.84	6.0
387.2	6.0
393.04	6.0
399.64	6.0
405.16	6.0
414.88	6.0
420.72	6.0
434.56	6.0
446.64	6.0
452.48	6.0
458.68	6.0
468.56	6.0
475.92	6.0
487.0	6.0
496.0	6.0
503.84	6.0
526.2	6.0
533.48	6.0
550.6	6.0
577.08	6.0
601.96	6.0
630.08	6.0
671.88	6.0
702.52	6.0
724.64	6.0
746.52	6.0
809.16	6.0
844.32	6.0
893.92	6.0
989.36	6.0
1014.4	6.0
1062.92	6.0
1126.0	6.0
1293.04	6.0
1305.32	6.0
1353.2	6.0
302.6	7.0
313.68	7.0
325.72	7.0
340.72	7.0
353.04	7.0
366.6	7.0
370.32	7.0
379.56	7.0
404.44	7.0
415.2	7.0
425.88	7.0
431.96	7.0
468.24	7.0
550.88	7.0
771.96	7.0
989.72	7.0
325.08	8.0
548.92	8.0
596.44	8.0
302.68	8.0
308.84	8.0
315.08	8.0
322.16	8.0
337.0	8.0
375.64	8.0
391.48	8.0
308.96	9.0
311.68	9.0
410.52	9.0
318.56	9.0
341.24	9.0
389.68	9.0
1045.64	9.0
309.0	10.0
312.36	10.0
302.48	11.0
307.6	11.0
316.44	11.0
320.6	11.0
340.36	11.0
352.92	11.0
389.64	11.0
392.24	11.0
414.68	11.0
701.12	11.0
1344.72	11.0
325.52	11.0
355.6	11.0
435.28	11.0
522.56	11.0
724.16	11.0
311.32	12.0
314.4	12.0
327.0	12.0
356.6	12.0
505.0	12.0
558.08	12.0
302.6	12.0
324.48	12.0
332.92	12.0
339.6	12.0
346.76	12.0
352.16	12.0
369.44	12.0
387.28	12.0
391.24	12.0
403.4	12.0
421.84	12.0
522.88	12.0
580.84	12.0
610.28	12.0
630.04	12.0
650.24	12.0
668.0	12.0
679.12	12.0
721.44	12.0
785.68	12.0
827.6	12.0
832.76	12.0
918.32	12.0
1002.88	12.0
1092.2	12.0
1198.04	12.0
1292.32	12.0
1303.96	12.0
1309.72	12.0
302.84	13.0
313.4	13.0
324.28	13.0
334.84	13.0
340.88	13.0
348.88	13.0
353.52	13.0
364.28	13.0
380.56	13.0
387.96	13.0
391.88	13.0
395.16	13.0
403.12	13.0
410.28	13.0
419.44	13.0
430.12	13.0
432.64	13.0
449.52	13.0
462.92	13.0
474.2	13.0
487.6	13.0
499.52	13.0
517.16	13.0
525.8	13.0
540.36	13.0
552.88	13.0
571.96	13.0
587.6	13.0
609.2	13.0
626.08	13.0
654.92	13.0
675.32	13.0
695.96	13.0
721.04	13.0
747.6	13.0
778.04	13.0
821.12	13.0
856.24	13.0
919.04	13.0
997.32	13.0
412.84	14.0
302.52	14.0
347.48	14.0
386.88	14.0
457.08	14.0
313.76	15.0
353.16	15.0
772.08	15.0
303.04	15.0
339.92	15.0
394.08	15.0
315.6	16.0
348.28	16.0
366.68	16.0
413.72	16.0
746.6	16.0
317.08	17.0
339.64	17.0
342.68	17.0
384.36	17.0
392.76	17.0
405.8	17.0
470.16	17.0
569.64	17.0
722.28	17.0
822.16	17.0
1065.32	17.0
1199.16	17.0
302.48	18.0
316.48	18.0
355.72	18.0
560.88	18.0
569.44	18.0
308.96	19.0
312.2	19.0
356.0	19.0
433.32	19.0
459.48	19.0
529.68	19.0
972.56	19.0
309.0	20.0
311.96	20.0
314.72	20.0
318.16	20.0
322.32	20.0
328.08	20.0
331.28	20.0
335.96	20.0
341.68	20.0
353.16	20.0
356.04	20.0
369.48	20.0
374.88	20.0
379.16	20.0
384.84	20.0
390.52	20.0
394.36	20.0
399.32	20.0
427.16	20.0
431.96	20.0
438.16	20.0
442.24	20.0
450.64	20.0
459.52	20.0
476.44	20.0
498.2	20.0
503.6	20.0
512.12	20.0
522.12	20.0
529.76	20.0
536.08	20.0
574.8	20.0
601.04	20.0
608.76	20.0
623.8	20.0
639.72	20.0
667.76	20.0
679.32	20.0
703.0	20.0
746.08	20.0
769.6	20.0
813.08	20.0
844.24	20.0
865.08	20.0
890.76	20.0
896.4	20.0
966.76	20.0
972.24	20.0
1014.84	20.0
1025.24	20.0
1045.24	20.0
1062.28	20.0
1096.52	20.0
1106.96	20.0
1143.12	20.0
1167.28	20.0
1174.72	20.0
1181.28	20.0
1227.52	20.0
1262.68	20.0
1280.84	20.0
1289.84	20.0
1300.4	20.0
1309.84	20.0
1321.2	20.0
1345.24	20.0
1355.48	20.0
302.52	21.0
325.36	21.0
339.88	21.0
405.04	21.0
337.8	22.0
370.72	22.0
381.64	22.0
355.36	22.0
313.76	23.0
337.28	23.0
369.8	23.0
356.08	23.0
383.92	23.0
683.12	23.0
306.8	24.0
324.0	24.0
342.92	24.0
370.04	24.0
386.04	24.0
