27.72	1.0
74.84	1.0
150.48	1.0
209.84	1.0
217.36	1.0
240.16	1.0
275.44	1.0
547.72	1.0
994.2	1.0
1158.52	1.0
82.0	1.0
93.08	1.0
108.44	1.0
112.72	1.0
116.56	1.0
141.88	1.0
154.8	1.0
175.8	1.0
179.04	1.0
186.64	1.0
193.64	1.0
200.2	1.0
221.4	1.0
279.68	1.0
302.68	1.0
408.64	1.0
309.0	2.0
312.16	2.0
49.2	2.0
88.68	2.0
106.24	2.0
167.24	2.0
193.28	2.0
199.76	2.0
276.96	2.0
843.84	2.0
1001.84	2.0
1131.04	2.0
1302.92	2.0
335.32	3.0
85.68	3.0
92.84	3.0
99.68	3.0
113.12	3.0
121.04	3.0
128.4	3.0
131.64	3.0
158.12	3.0
168.2	3.0
175.4	3.0
189.92	3.0
207.0	3.0
215.96	3.0
225.04	3.0
255.2	3.0
264.68	3.0
270.84	3.0
281.36	3.0
295.36	3.0
309.0	3.0
312.0	3.0
343.84	3.0
347.48	3.0
389.36	3.0
407.44	3.0
458.88	3.0
485.12	3.0
501.64	3.0
519.2	3.0
552.56	3.0
562.32	3.0
572.36	3.0
593.32	3.0
635.92	3.0
655.8	3.0
698.24	3.0
713.96	3.0
736.48	3.0
765.84	3.0
771.68	3.0
796.68	3.0
846.0	3.0
880.72	3.0
921.36	3.0
1133.92	3.0
1154.16	3.0
1332.48	3.0
82.04	5.0
274.32	5.0
570.76	5.0
104.56	5.0
122.48	5.0
148.92	5.0
164.64	5.0
186.08	5.0
210.4	5.0
244.72	5.0
263.72	5.0
319.12	5.0
402.8	5.0
467.84	5.0
495.28	5.0
527.2	5.0
619.8	5.0
25.52	6.0
51.08	6.0
73.72	6.0
81.24	6.0
86.64	6.0
93.4	6.0
98.72	6.0
102.84	6.0
110.28	6.0
119.24	6.0
124.72	6.0
128.52	6.0
137.8	6.0
148.76	6.0
160.48	6.0
165.88	6.0
173.0	6.0
180.2	6.0
191.36	6.0
198.2	6.0
203.68	6.0
210.96	6.0
220.6	6.0
233.04	6.0
245.08	6.0
252.28	6.0
262.72	6.0
273.56	6.0
295.64	6.0
302.92	6.0
309.64	6.0
314.96	6.0
321.0	6.0
389.92	6.0
404.2	6.0
424.8	6.0
444.16	6.0
456.84	6.0
496.24	6.0
514.72	6.0
538.24	6.0
556.08	6.0
573.68	6.0
596.48	6.0
621.4	6.0
634.76	6.0
795.04	6.0
821.16	6.0
869.04	6.0
1043.0	6.0
1067.8	6.0
1091.36	6.0
74.12	7.0
87.04	7.0
108.44	7.0
123.36	7.0
135.72	7.0
168.24	7.0
170.8	7.0
211.92	7.0
302.6	7.0
315.68	7.0
404.44	7.0
883.24	7.0
54.52	8.0
110.16	8.0
219.32	8.0
495.52	8.0
102.8	8.0
118.48	8.0
135.16	8.0
302.72	8.0
920.96	8.0
308.96	9.0
311.72	9.0
81.52	9.0
89.32	9.0
109.4	9.0
170.0	9.0
278.16	9.0
355.68	9.0
615.36	9.0
309.0	10.0
312.04	10.0
112.68	11.0
148.52	11.0
155.32	11.0
174.88	11.0
179.16	11.0
222.24	11.0
225.0	11.0
302.48	11.0
107.32	11.0
171.44	11.0
184.84	11.0
203.0	11.0
278.48	11.0
329.32	11.0
335.44	12.0
61.0	12.0
87.92	12.0
91.96	12.0
94.68	12.0
108.32	12.0
122.4	12.0
153.96	12.0
171.92	12.0
174.64	12.0
178.44	12.0
199.92	12.0
210.12	12.0
220.64	12.0
275.84	12.0
280.72	12.0
304.04	12.0
354.36	12.0
364.12	12.0
407.92	12.0
420.12	12.0
457.32	12.0
460.36	12.0
501.4	12.0
526.96	12.0
551.48	12.0
554.08	12.0
659.32	12.0
733.52	12.0
859.96	12.0
918.84	12.0
1085.88	12.0
105.8	13.0
113.64	13.0
124.56	13.0
136.52	13.0
144.96	13.0
152.64	13.0
161.96	13.0
169.52	13.0
182.0	13.0
192.52	13.0
200.52	13.0
203.8	13.0
209.32	13.0
220.4	13.0
234.8	13.0
245.92	13.0
254.88	13.0
266.04	13.0
275.4	13.0
293.44	13.0
303.12	13.0
313.4	13.0
323.2	13.0
333.44	13.0
353.2	13.0
366.52	13.0
383.52	13.0
396.4	13.0
410.76	13.0
429.4	13.0
459.36	13.0
479.32	13.0
496.56	13.0
521.68	13.0
539.24	13.0
559.32	13.0
580.48	13.0
616.8	13.0
642.28	13.0
683.36	13.0
758.48	13.0
108.0	14.0
142.04	14.0
170.08	14.0
219.92	14.0
302.48	14.0
168.32	15.0
171.08	15.0
302.72	15.0
315.8	15.0
404.56	15.0
883.36	15.0
175.96	15.0
93.0	16.0
129.32	16.0
168.96	16.0
305.32	16.0
429.64	16.0
1044.44	16.0
315.28	17.0
317.8	17.0
74.56	17.0
129.88	17.0
168.88	17.0
171.4	17.0
177.6	17.0
232.88	17.0
239.84	17.0
302.56	17.0
341.04	17.0
379.8	17.0
442.32	17.0
533.72	17.0
800.52	17.0
862.68	17.0
974.24	17.0
1131.36	17.0
83.8	18.0
163.48	18.0
171.16	18.0
228.92	18.0
302.52	18.0
459.24	18.0
486.44	18.0
308.96	19.0
311.84	19.0
64.84	19.0
153.92	19.0
160.8	19.0
166.28	19.0
192.76	19.0
234.76	19.0
268.64	19.0
277.92	19.0
383.28	19.0
5.08	20.0
16.56	20.0
22.2	20.0
30.8	20.0
45.84	20.0
48.68	20.0
53.92	20.0
59.04	20.0
63.12	20.0
69.08	20.0
76.0	20.0
88.44	20.0
92.08	20.0
100.24	20.0
106.84	20.0
115.6	20.0
121.88	20.0
130.6	20.0
138.16	20.0
147.4	20.0
151.72	20.0
160.8	20.0
166.4	20.0
169.36	20.0
177.64	20.0
184.24	20.0
200.64	20.0
224.8	20.0
234.88	20.0
241.64	20.0
246.2	20.0
251.28	20.0
256.6	20.0
264.04	20.0
269.4	20.0
279.84	20.0
294.48	20.0
308.96	20.0
312.44	20.0
317.32	20.0
325.72	20.0
336.36	20.0
348.28	20.0
363.12	20.0
376.48	20.0
389.92	20.0
413.0	20.0
432.64	20.0
445.8	20.0
461.8	20.0
481.76	20.0
493.6	20.0
513.36	20.0
524.84	20.0
540.28	20.0
560.44	20.0
601.48	20.0
617.64	20.0
639.92	20.0
658.8	20.0
672.76	20.0
765.96	20.0
770.0	20.0
808.6	20.0
817.0	20.0
846.96	20.0
859.72	20.0
916.4	20.0
920.44	20.0
932.08	20.0
980.28	20.0
991.44	20.0
1004.76	20.0
1029.56	20.0
1038.2	20.0
1060.4	20.0
1071.08	20.0
1075.08	20.0
1084.96	20.0
1111.28	20.0
1128.84	20.0
1153.84	20.0
1170.48	20.0
1195.92	20.0
1278.52	20.0
1286.32	20.0
133.24	21.0
302.48	21.0
134.32	22.0
146.64	22.0
166.28	22.0
225.44	22.0
249.44	22.0
262.92	22.0
173.04	22.0
187.8	22.0
84.8	23.0
120.68	23.0
162.04	23.0
168.2	23.0
219.0	23.0
404.36	23.0
573.48	23.0
197.28	23.0
633.4	23.0
72.36	24.0
83.6	24.0
146.08	24.0
171.92	24.0
