313.24	1.0
317.88	1.0
1032.88	1.0
1284.28	1.0
302.88	1.0
309.64	1.0
324.4	1.0
339.16	1.0
341.68	1.0
348.8	1.0
353.96	1.0
362.96	1.0
378.84	1.0
391.12	1.0
408.76	1.0
414.28	1.0
425.16	1.0
433.92	1.0
439.48	1.0
526.48	1.0
772.2	1.0
1087.4	1.0
309.0	2.0
312.16	2.0
326.64	2.0
340.6	2.0
350.56	2.0
362.08	2.0
435.56	2.0
484.2	2.0
637.52	2.0
1178.24	2.0
365.84	3.0
309.0	3.0
311.96	3.0
316.12	3.0
329.48	3.0
341.2	3.0
347.84	3.0
352.68	3.0
358.44	3.0
362.76	3.0
372.48	3.0
385.6	3.0
393.56	3.0
403.56	3.0
423.48	3.0
432.0	3.0
443.4	3.0
454.84	3.0
529.36	3.0
541.44	3.0
625.16	3.0
647.76	3.0
660.04	3.0
671.72	3.0
689.48	3.0
704.84	3.0
726.0	3.0
756.0	3.0
783.64	3.0
808.68	3.0
825.96	3.0
831.96	3.0
859.36	3.0
873.4	3.0
909.64	3.0
944.88	3.0
983.56	3.0
1022.96	3.0
1045.72	3.0
1053.8	3.0
1072.96	3.0
1100.52	3.0
1112.64	3.0
1120.16	3.0
1129.96	3.0
1148.52	3.0
1181.0	3.0
1228.8	3.0
1231.92	3.0
1256.2	3.0
1289.92	3.0
1361.88	3.0
1395.48	3.0
365.88	5.0
1304.84	5.0
304.28	5.0
319.76	5.0
324.92	5.0
333.24	5.0
345.64	5.0
352.72	5.0
358.6	5.0
370.72	5.0
383.72	5.0
395.0	5.0
418.0	5.0
435.68	5.0
455.04	5.0
462.76	5.0
476.04	5.0
492.4	5.0
495.8	5.0
513.52	5.0
523.88	5.0
532.52	5.0
572.44	5.0
591.08	5.0
613.28	5.0
645.8	5.0
670.44	5.0
685.48	5.0
709.88	5.0
743.44	5.0
807.28	5.0
835.4	5.0
891.44	5.0
955.76	5.0
1038.6	5.0
1150.72	5.0
354.2	6.0
302.8	6.0
305.44	6.0
312.68	6.0
318.24	6.0
324.0	6.0
330.84	6.0
337.04	6.0
366.4	6.0
370.68	6.0
382.32	6.0
412.92	6.0
418.84	6.0
426.6	6.0
430.76	6.0
436.64	6.0
485.08	6.0
492.04	6.0
513.24	6.0
519.16	6.0
529.56	6.0
560.76	6.0
572.6	6.0
587.12	6.0
602.0	6.0
636.24	6.0
644.6	6.0
684.76	6.0
736.0	6.0
747.52	6.0
795.16	6.0
815.52	6.0
823.12	6.0
847.44	6.0
898.8	6.0
1017.72	6.0
1066.04	6.0
1092.2	6.0
1111.68	6.0
1142.88	6.0
1249.44	6.0
1278.72	6.0
1341.72	6.0
303.36	7.0
313.2	7.0
326.88	7.0
341.92	7.0
354.0	7.0
366.12	7.0
387.96	7.0
414.68	7.0
436.92	7.0
468.68	7.0
485.8	7.0
524.0	7.0
548.64	7.0
585.84	7.0
665.56	7.0
899.12	7.0
1022.6	7.0
1090.44	7.0
1200.96	7.0
1322.44	7.0
302.72	8.0
308.92	8.0
316.2	8.0
324.32	8.0
334.48	8.0
340.08	8.0
353.52	8.0
384.8	8.0
439.72	8.0
562.52	8.0
308.96	9.0
311.72	9.0
314.52	9.0
331.72	9.0
344.0	9.0
365.12	9.0
378.92	9.0
442.68	9.0
579.16	9.0
587.84	9.0
309.04	10.0
312.08	10.0
303.2	11.0
312.92	11.0
315.84	11.0
324.6	11.0
361.96	11.0
373.68	11.0
386.48	11.0
411.72	11.0
430.48	11.0
456.76	11.0
348.36	11.0
390.88	11.0
538.68	11.0
563.16	11.0
1181.24	11.0
316.48	12.0
327.24	12.0
342.0	12.0
400.24	12.0
429.48	12.0
492.88	12.0
1119.84	12.0
302.48	12.0
312.72	12.0
337.56	12.0
344.56	12.0
363.12	12.0
385.88	12.0
391.08	12.0
405.4	12.0
423.32	12.0
450.12	12.0
482.64	12.0
521.24	12.0
563.56	12.0
577.92	12.0
601.72	12.0
626.44	12.0
689.12	12.0
750.68	12.0
900.08	12.0
929.68	12.0
957.48	12.0
1106.44	12.0
1111.52	12.0
1156.04	12.0
1227.76	12.0
1330.2	12.0
1439.16	12.0
302.48	13.0
311.68	13.0
320.72	13.0
326.76	13.0
329.36	13.0
334.64	13.0
341.72	13.0
345.04	13.0
348.0	13.0
354.04	13.0
364.88	13.0
371.88	13.0
381.64	13.0
384.56	13.0
388.16	13.0
397.2	13.0
404.88	13.0
417.36	13.0
423.4	13.0
426.8	13.0
434.08	13.0
442.92	13.0
454.92	13.0
463.32	13.0
474.56	13.0
483.84	13.0
492.6	13.0
503.96	13.0
513.2	13.0
524.72	13.0
532.56	13.0
553.84	13.0
564.2	13.0
574.32	13.0
587.4	13.0
601.44	13.0
612.16	13.0
627.48	13.0
638.04	13.0
649.32	13.0
662.92	13.0
677.76	13.0
690.84	13.0
711.92	13.0
725.32	13.0
747.36	13.0
766.0	13.0
783.08	13.0
800.4	13.0
818.32	13.0
834.68	13.0
850.24	13.0
863.92	13.0
874.08	13.0
892.64	13.0
932.28	13.0
957.52	13.0
984.72	13.0
1023.28	13.0
1070.76	13.0
1119.36	13.0
1166.96	13.0
1230.92	13.0
1294.28	13.0
366.6	14.0
358.72	14.0
383.88	14.0
302.68	15.0
313.32	15.0
326.96	15.0
388.12	15.0
443.88	15.0
317.64	16.0
345.72	16.0
418.8	16.0
447.24	16.0
470.56	16.0
570.0	16.0
615.48	16.0
791.2	16.0
1352.48	16.0
314.32	17.0
506.0	17.0
330.04	17.0
334.32	17.0
343.8	17.0
353.2	17.0
385.32	17.0
393.8	17.0
518.44	17.0
618.68	17.0
688.8	17.0
802.48	17.0
846.68	17.0
984.2	17.0
1035.8	17.0
1318.84	17.0
315.28	18.0
302.48	18.0
393.6	18.0
425.36	18.0
480.48	18.0
495.76	18.0
641.92	18.0
760.28	18.0
893.4	18.0
1320.88	18.0
1347.96	18.0
309.0	19.0
312.16	19.0
357.48	19.0
443.4	19.0
539.28	19.0
1033.44	19.0
342.0	20.0
353.32	20.0
309.04	20.0
311.84	20.0
314.4	20.0
323.8	20.0
327.72	20.0
333.16	20.0
337.68	20.0
348.12	20.0
357.6	20.0
361.12	20.0
364.76	20.0
368.0	20.0
392.56	20.0
400.6	20.0
410.92	20.0
438.72	20.0
443.48	20.0
451.04	20.0
461.88	20.0
466.16	20.0
471.2	20.0
480.2	20.0
486.04	20.0
495.56	20.0
538.04	20.0
543.44	20.0
570.6	20.0
579.04	20.0
587.24	20.0
626.68	20.0
633.84	20.0
645.52	20.0
653.8	20.0
690.0	20.0
723.48	20.0
735.88	20.0
744.48	20.0
766.16	20.0
786.92	20.0
818.24	20.0
847.48	20.0
851.64	20.0
910.36	20.0
927.48	20.0
942.32	20.0
956.64	20.0
1007.04	20.0
1046.72	20.0
1060.6	20.0
1078.56	20.0
1092.12	20.0
1102.4	20.0
1116.84	20.0
1130.68	20.0
1149.28	20.0
1153.84	20.0
1180.8	20.0
1194.68	20.0
1224.28	20.0
1239.68	20.0
1249.12	20.0
1269.72	20.0
1277.68	20.0
1293.8	20.0
1319.28	20.0
1358.68	20.0
1398.12	20.0
1443.88	20.0
1446.92	20.0
999.24	21.0
302.48	21.0
304.44	22.0
317.68	22.0
327.76	22.0
359.56	22.0
303.36	23.0
326.96	23.0
349.4	23.0
484.88	23.0
1356.0	23.0
305.96	24.0
326.48	24.0
357.84	24.0
380.56	24.0
389.04	24.0
