314.04	1.0
321.76	1.0
538.08	1.0
892.28	1.0
302.48	1.0
309.48	1.0
327.04	1.0
342.56	1.0
358.2	1.0
371.88	1.0
375.4	1.0
379.88	1.0
388.76	1.0
412.12	1.0
434.52	1.0
1157.4	1.0
1209.16	1.0
1290.08	1.0
309.0	2.0
311.96	2.0
327.16	2.0
329.8	2.0
342.32	2.0
373.48	2.0
385.4	2.0
412.76	2.0
1160.16	2.0
1324.96	2.0
902.96	3.0
309.0	3.0
312.08	3.0
317.36	3.0
324.4	3.0
330.64	3.0
337.2	3.0
343.08	3.0
350.4	3.0
353.72	3.0
357.76	3.0
364.72	3.0
381.32	3.0
386.64	3.0
459.8	3.0
478.4	3.0
503.16	3.0
521.68	3.0
541.44	3.0
544.4	3.0
555.68	3.0
582.04	3.0
597.8	3.0
639.08	3.0
743.56	3.0
760.48	3.0
764.32	3.0
821.68	3.0
845.8	3.0
866.64	3.0
871.52	3.0
922.24	3.0
937.0	3.0
967.36	3.0
989.2	3.0
994.6	3.0
1017.52	3.0
1050.32	3.0
1069.68	3.0
1092.64	3.0
1145.04	3.0
1189.4	3.0
1210.12	3.0
1255.76	3.0
1279.24	3.0
318.68	5.0
743.92	5.0
841.16	5.0
327.96	5.0
340.48	5.0
346.6	5.0
354.96	5.0
371.0	5.0
384.92	5.0
401.76	5.0
414.16	5.0
431.28	5.0
435.56	5.0
459.52	5.0
506.8	5.0
520.0	5.0
537.72	5.0
571.16	5.0
574.96	5.0
614.52	5.0
635.56	5.0
658.36	5.0
812.24	5.0
992.4	5.0
1076.76	5.0
302.48	6.0
312.96	6.0
317.44	6.0
324.28	6.0
338.56	6.0
342.8	6.0
351.48	6.0
369.88	6.0
374.12	6.0
393.36	6.0
406.08	6.0
409.52	6.0
424.4	6.0
430.24	6.0
454.56	6.0
469.0	6.0
492.12	6.0
501.88	6.0
536.84	6.0
547.52	6.0
557.88	6.0
604.4	6.0
636.88	6.0
673.56	6.0
690.64	6.0
707.32	6.0
744.96	6.0
791.68	6.0
838.6	6.0
854.64	6.0
887.6	6.0
974.44	6.0
1017.96	6.0
1073.68	6.0
1159.64	6.0
1213.36	6.0
1257.64	6.0
1285.28	6.0
1297.88	6.0
302.6	7.0
312.16	7.0
326.72	7.0
338.6	7.0
354.6	7.0
369.72	7.0
381.36	7.0
399.84	7.0
409.92	7.0
415.84	7.0
440.08	7.0
455.4	7.0
556.8	7.0
635.8	7.0
687.96	7.0
855.0	7.0
1029.52	7.0
1183.36	7.0
587.32	8.0
706.72	8.0
908.2	8.0
302.72	8.0
316.88	8.0
330.4	8.0
344.28	8.0
446.12	8.0
512.56	8.0
309.0	9.0
312.0	9.0
414.44	9.0
335.04	9.0
362.4	9.0
384.12	9.0
456.36	9.0
309.0	10.0
311.8	10.0
302.48	11.0
314.92	11.0
317.44	11.0
326.12	11.0
370.16	11.0
372.68	11.0
391.84	11.0
404.76	11.0
503.16	11.0
520.96	11.0
640.4	11.0
411.92	11.0
497.12	11.0
941.6	11.0
309.6	12.0
503.88	12.0
671.56	12.0
940.92	12.0
1095.12	12.0
303.08	12.0
314.8	12.0
326.56	12.0
344.76	12.0
353.8	12.0
367.24	12.0
373.36	12.0
383.4	12.0
389.28	12.0
402.6	12.0
420.96	12.0
431.88	12.0
437.76	12.0
443.72	12.0
470.64	12.0
497.76	12.0
540.52	12.0
601.2	12.0
705.28	12.0
721.6	12.0
764.44	12.0
854.6	12.0
857.44	12.0
1152.4	12.0
1186.4	12.0
1222.88	12.0
1291.0	12.0
302.68	13.0
313.68	13.0
326.96	13.0
338.0	13.0
342.4	13.0
353.12	13.0
362.36	13.0
366.68	13.0
369.56	13.0
382.84	13.0
389.04	13.0
398.64	13.0
406.96	13.0
410.88	13.0
413.92	13.0
432.96	13.0
441.44	13.0
452.16	13.0
461.84	13.0
466.08	13.0
472.84	13.0
491.16	13.0
502.28	13.0
523.2	13.0
537.52	13.0
558.52	13.0
575.04	13.0
586.72	13.0
603.88	13.0
616.92	13.0
632.28	13.0
653.88	13.0
671.44	13.0
684.96	13.0
704.64	13.0
733.6	13.0
752.84	13.0
778.64	13.0
793.28	13.0
818.36	13.0
848.64	13.0
879.84	13.0
913.08	13.0
940.8	13.0
990.92	13.0
1025.68	13.0
1066.44	13.0
1119.12	13.0
403.04	14.0
302.72	14.0
346.56	14.0
356.96	14.0
608.36	14.0
403.6	15.0
688.08	15.0
444.04	15.0
335.6	16.0
364.0	16.0
403.68	16.0
445.12	16.0
580.92	16.0
635.92	16.0
700.4	16.0
955.2	17.0
304.68	17.0
314.64	17.0
330.96	17.0
336.88	17.0
345.96	17.0
350.96	17.0
370.48	17.0
382.56	17.0
393.64	17.0
413.84	17.0
422.16	17.0
494.44	17.0
600.28	17.0
610.64	17.0
623.2	17.0
692.44	17.0
939.8	17.0
974.56	17.0
1235.76	17.0
302.52	18.0
320.0	18.0
382.4	18.0
506.48	18.0
1006.32	18.0
309.0	19.0
311.92	19.0
344.16	19.0
502.36	19.0
1009.8	19.0
1023.0	19.0
326.76	20.0
309.04	20.0
311.64	20.0
317.88	20.0
336.08	20.0
342.56	20.0
345.16	20.0
351.16	20.0
356.52	20.0
361.84	20.0
367.4	20.0
371.8	20.0
376.2	20.0
394.52	20.0
399.32	20.0
406.36	20.0
419.72	20.0
432.64	20.0
437.44	20.0
445.8	20.0
453.72	20.0
459.88	20.0
466.08	20.0
484.04	20.0
496.52	20.0
504.0	20.0
514.48	20.0
523.4	20.0
547.76	20.0
558.44	20.0
566.6	20.0
603.96	20.0
618.44	20.0
636.96	20.0
731.0	20.0
777.32	20.0
792.28	20.0
819.48	20.0
890.96	20.0
904.28	20.0
936.56	20.0
968.84	20.0
975.52	20.0
996.32	20.0
1018.72	20.0
1026.4	20.0
1035.48	20.0
1050.92	20.0
1080.8	20.0
1092.2	20.0
1104.92	20.0
1160.24	20.0
1181.32	20.0
1183.84	20.0
1192.52	20.0
1255.56	20.0
1286.56	20.0
1296.48	20.0
1351.0	20.0
326.6	21.0
357.84	21.0
373.28	21.0
302.48	21.0
420.72	22.0
677.28	22.0
353.96	22.0
1000.92	22.0
303.52	23.0
341.64	23.0
404.2	23.0
507.88	23.0
791.2	23.0
319.04	23.0
363.64	23.0
467.28	23.0
587.6	23.0
307.84	24.0
507.08	24.0
319.36	24.0
342.04	24.0
374.08	24.0
