309.16	1.0
320.96	1.0
1130.72	1.0
303.04	1.0
328.2	1.0
330.84	1.0
340.08	1.0
346.64	1.0
351.8	1.0
360.2	1.0
366.36	1.0
378.84	1.0
387.52	1.0
400.48	1.0
417.8	1.0
425.04	1.0
441.68	1.0
554.84	1.0
1302.16	1.0
309.0	2.0
311.88	2.0
321.2	2.0
333.8	2.0
342.96	2.0
354.84	2.0
376.44	2.0
379.08	2.0
399.08	2.0
414.24	2.0
491.24	2.0
542.4	2.0
799.08	2.0
993.52	2.0
1127.92	2.0
1301.0	2.0
1430.6	2.0
308.96	3.0
312.12	3.0
320.28	3.0
326.84	3.0
335.0	3.0
338.64	3.0
343.2	3.0
347.72	3.0
351.04	3.0
370.76	3.0
376.92	3.0
393.2	3.0
405.32	3.0
417.96	3.0
447.0	3.0
550.12	3.0
622.68	3.0
633.44	3.0
635.96	3.0
645.96	3.0
658.96	3.0
676.0	3.0
678.64	3.0
702.88	3.0
720.84	3.0
751.84	3.0
754.8	3.0
770.68	3.0
845.96	3.0
848.8	3.0
873.24	3.0
877.68	3.0
888.4	3.0
905.72	3.0
926.16	3.0
946.52	3.0
972.2	3.0
1017.44	3.0
1043.56	3.0
1056.04	3.0
1092.32	3.0
1105.4	3.0
1108.24	3.0
1132.52	3.0
1145.44	3.0
1171.04	3.0
1288.8	3.0
1365.0	3.0
1467.36	3.0
302.44	5.0
398.76	5.0
419.16	5.0
432.04	5.0
451.72	5.0
1149.44	5.0
1196.28	5.0
306.6	5.0
327.04	5.0
332.92	5.0
342.72	5.0
357.0	5.0
369.0	5.0
372.2	5.0
389.92	5.0
412.64	5.0
466.52	5.0
479.56	5.0
483.2	5.0
521.64	5.0
544.72	5.0
551.44	5.0
566.44	5.0
600.6	5.0
638.76	5.0
689.68	5.0
1486.8	5.0
302.88	6.0
312.28	6.0
317.44	6.0
331.96	6.0
340.48	6.0
348.96	6.0
352.96	6.0
357.92	6.0
365.8	6.0
380.48	6.0
384.16	6.0
390.76	6.0
402.12	6.0
407.2	6.0
424.48	6.0
430.92	6.0
439.04	6.0
455.72	6.0
466.32	6.0
472.88	6.0
482.08	6.0
501.08	6.0
509.68	6.0
518.6	6.0
532.84	6.0
561.08	6.0
578.96	6.0
599.04	6.0
608.24	6.0
632.08	6.0
654.24	6.0
667.92	6.0
702.56	6.0
718.64	6.0
781.24	6.0
800.0	6.0
816.6	6.0
866.56	6.0
903.88	6.0
959.92	6.0
982.6	6.0
1049.52	6.0
1057.72	6.0
1105.28	6.0
1147.64	6.0
1185.96	6.0
1198.36	6.0
1270.96	6.0
1335.6	6.0
1420.6	6.0
1438.08	6.0
303.76	7.0
441.04	7.0
311.92	7.0
317.84	7.0
323.52	7.0
341.56	7.0
357.84	7.0
379.36	7.0
397.44	7.0
413.84	7.0
466.64	7.0
501.08	7.0
718.96	7.0
1184.32	7.0
1232.12	7.0
611.72	8.0
718.36	8.0
812.44	8.0
1052.16	8.0
302.72	8.0
308.52	8.0
322.04	8.0
343.0	8.0
367.28	8.0
401.68	8.0
1239.0	8.0
308.96	9.0
311.92	9.0
387.44	9.0
316.12	9.0
337.36	9.0
359.92	9.0
392.64	9.0
401.56	9.0
308.96	10.0
311.88	10.0
401.48	10.0
302.48	11.0
327.6	11.0
337.56	11.0
342.92	11.0
347.6	11.0
359.48	11.0
370.92	11.0
383.32	11.0
393.2	11.0
398.52	11.0
420.84	11.0
1441.12	11.0
315.92	11.0
374.28	11.0
440.6	11.0
443.32	11.0
678.84	11.0
326.84	12.0
329.92	12.0
349.08	12.0
367.48	12.0
415.76	12.0
566.6	12.0
866.64	12.0
1130.88	12.0
302.76	12.0
311.0	12.0
356.08	12.0
359.36	12.0
378.2	12.0
383.32	12.0
389.76	12.0
393.4	12.0
401.52	12.0
419.76	12.0
425.96	12.0
433.56	12.0
451.92	12.0
481.08	12.0
574.28	12.0
603.72	12.0
632.6	12.0
673.8	12.0
919.24	12.0
924.48	12.0
1085.56	12.0
1143.0	12.0
1187.08	12.0
1255.04	12.0
1333.12	12.0
1424.88	12.0
1440.96	12.0
302.68	13.0
312.92	13.0
321.4	13.0
325.12	13.0
334.16	13.0
341.4	13.0
355.2	13.0
368.2	13.0
374.32	13.0
387.32	13.0
395.92	13.0
412.48	13.0
417.52	13.0
420.08	13.0
432.76	13.0
440.12	13.0
449.36	13.0
452.64	13.0
456.48	13.0
468.04	13.0
480.68	13.0
490.96	13.0
501.04	13.0
516.24	13.0
529.96	13.0
536.12	13.0
542.28	13.0
556.68	13.0
571.08	13.0
591.48	13.0
608.96	13.0
626.6	13.0
629.12	13.0
651.56	13.0
669.92	13.0
693.68	13.0
710.68	13.0
726.04	13.0
740.28	13.0
745.44	13.0
766.12	13.0
787.36	13.0
806.56	13.0
828.2	13.0
843.24	13.0
856.36	13.0
881.68	13.0
905.16	13.0
940.24	13.0
986.36	13.0
1065.08	13.0
1155.04	13.0
1297.0	13.0
302.72	14.0
304.44	15.0
397.56	15.0
342.76	15.0
353.8	15.0
418.28	15.0
350.16	16.0
370.48	16.0
690.28	16.0
937.12	16.0
1355.52	16.0
418.08	16.0
313.92	17.0
468.88	17.0
302.48	17.0
306.72	17.0
327.04	17.0
343.6	17.0
348.84	17.0
360.16	17.0
370.6	17.0
389.08	17.0
402.44	17.0
422.4	17.0
441.56	17.0
473.8	17.0
501.52	17.0
571.52	17.0
666.24	17.0
806.0	17.0
944.28	17.0
959.56	17.0
1112.24	17.0
302.48	18.0
314.44	18.0
326.64	18.0
336.4	18.0
353.76	18.0
366.12	18.0
381.6	18.0
403.28	18.0
417.28	18.0
433.6	18.0
468.84	18.0
866.72	18.0
308.96	19.0
311.88	19.0
455.0	19.0
739.84	19.0
310.08	20.0
314.08	20.0
319.68	20.0
323.44	20.0
327.96	20.0
332.76	20.0
336.44	20.0
340.0	20.0
345.68	20.0
354.08	20.0
357.36	20.0
361.76	20.0
366.64	20.0
370.84	20.0
375.24	20.0
386.76	20.0
408.72	20.0
412.88	20.0
417.36	20.0
426.52	20.0
444.08	20.0
484.76	20.0
492.68	20.0
499.28	20.0
516.36	20.0
545.96	20.0
558.96	20.0
575.6	20.0
618.68	20.0
634.08	20.0
639.48	20.0
652.48	20.0
666.8	20.0
702.0	20.0
709.6	20.0
721.32	20.0
747.48	20.0
753.44	20.0
801.76	20.0
816.04	20.0
864.76	20.0
893.2	20.0
923.36	20.0
940.36	20.0
956.96	20.0
996.28	20.0
1048.72	20.0
1055.44	20.0
1061.48	20.0
1077.68	20.0
1100.92	20.0
1116.24	20.0
1130.56	20.0
1147.44	20.0
1223.0	20.0
1238.56	20.0
1261.8	20.0
1271.04	20.0
1282.56	20.0
1301.44	20.0
1336.0	20.0
1342.2	20.0
1352.28	20.0
1366.08	20.0
1389.24	20.0
1400.64	20.0
1424.52	20.0
1430.52	20.0
1436.24	20.0
1456.32	20.0
1468.64	20.0
1478.32	20.0
1485.4	20.0
318.72	21.0
302.48	21.0
327.0	22.0
367.2	22.0
418.04	22.0
339.08	23.0
358.48	23.0
371.16	23.0
413.64	23.0
433.8	23.0
303.64	23.0
346.76	23.0
368.52	23.0
681.76	23.0
304.96	24.0
719.12	24.0
684.04	24.0
1277.44	24.0
