319.8	1.0
756.04	1.0
1140.68	1.0
1249.44	1.0
303.0	1.0
309.48	1.0
326.84	1.0
331.32	1.0
345.28	1.0
358.12	1.0
367.48	1.0
377.52	1.0
383.4	1.0
388.16	1.0
397.28	1.0
409.2	1.0
429.72	1.0
440.92	1.0
451.08	1.0
709.76	1.0
308.96	2.0
312.16	2.0
328.12	2.0
345.28	2.0
359.84	2.0
384.32	2.0
394.96	2.0
428.72	2.0
1200.72	2.0
1333.76	2.0
315.32	3.0
309.04	3.0
312.04	3.0
325.04	3.0
328.32	3.0
332.6	3.0
338.84	3.0
346.6	3.0
350.96	3.0
358.28	3.0
365.92	3.0
372.6	3.0
378.96	3.0
388.76	3.0
397.72	3.0
412.52	3.0
417.2	3.0
430.08	3.0
439.76	3.0
444.76	3.0
489.6	3.0
500.72	3.0
516.04	3.0
521.12	3.0
565.44	3.0
595.4	3.0
681.56	3.0
684.88	3.0
700.32	3.0
717.36	3.0
734.16	3.0
736.88	3.0
754.56	3.0
769.64	3.0
784.44	3.0
790.68	3.0
810.88	3.0
828.88	3.0
852.12	3.0
908.28	3.0
917.4	3.0
953.32	3.0
980.56	3.0
999.08	3.0
1005.6	3.0
1034.52	3.0
1051.64	3.0
1074.52	3.0
1110.08	3.0
1165.64	3.0
1210.24	3.0
1267.96	3.0
313.92	5.0
319.08	5.0
551.64	5.0
324.92	5.0
336.36	5.0
345.44	5.0
358.04	5.0
371.64	5.0
378.8	5.0
392.76	5.0
402.68	5.0
420.76	5.0
432.68	5.0
460.16	5.0
500.56	5.0
589.84	5.0
609.08	5.0
626.96	5.0
691.88	5.0
729.76	5.0
801.6	5.0
811.88	5.0
842.56	5.0
867.64	5.0
908.6	5.0
990.44	5.0
1018.04	5.0
1031.0	5.0
1179.16	5.0
302.72	6.0
309.48	6.0
312.48	6.0
324.04	6.0
328.48	6.0
334.04	6.0
339.88	6.0
345.68	6.0
410.24	6.0
422.0	6.0
511.96	6.0
524.76	6.0
533.0	6.0
579.8	6.0
592.56	6.0
639.92	6.0
674.52	6.0
710.92	6.0
722.2	6.0
758.28	6.0
773.28	6.0
826.68	6.0
901.4	6.0
968.32	6.0
1063.2	6.0
1171.36	6.0
1188.96	6.0
1221.96	6.0
303.68	7.0
313.4	7.0
323.72	7.0
328.8	7.0
339.64	7.0
347.08	7.0
360.92	7.0
367.44	7.0
405.16	7.0
437.84	7.0
469.16	7.0
497.8	7.0
525.16	7.0
711.24	7.0
760.24	7.0
1136.96	7.0
369.64	8.0
910.88	8.0
302.72	8.0
315.8	8.0
325.88	8.0
338.68	8.0
395.36	8.0
749.28	8.0
309.0	9.0
311.92	9.0
381.88	9.0
314.6	9.0
332.56	9.0
346.28	9.0
510.04	9.0
309.0	10.0
312.16	10.0
302.48	11.0
322.64	11.0
344.56	11.0
357.8	11.0
377.84	11.0
396.2	11.0
437.84	11.0
467.04	11.0
486.76	11.0
520.36	11.0
314.92	11.0
382.32	11.0
445.0	11.0
346.0	12.0
348.6	12.0
358.12	12.0
360.64	12.0
303.56	12.0
310.24	12.0
312.96	12.0
317.56	12.0
332.16	12.0
341.92	12.0
354.48	12.0
365.8	12.0
368.36	12.0
379.88	12.0
389.12	12.0
402.2	12.0
424.16	12.0
429.28	12.0
450.0	12.0
459.2	12.0
475.68	12.0
489.36	12.0
530.84	12.0
540.96	12.0
549.32	12.0
561.28	12.0
566.52	12.0
576.24	12.0
596.2	12.0
643.04	12.0
678.44	12.0
773.36	12.0
783.72	12.0
831.96	12.0
857.28	12.0
903.6	12.0
949.68	12.0
1042.56	12.0
1071.12	12.0
1111.28	12.0
1142.24	12.0
1225.84	12.0
1230.04	12.0
1302.44	12.0
1394.24	12.0
302.48	13.0
306.52	13.0
314.12	13.0
323.4	13.0
327.36	13.0
331.32	13.0
339.04	13.0
345.64	13.0
355.16	13.0
362.92	13.0
370.68	13.0
379.52	13.0
393.96	13.0
400.32	13.0
408.12	13.0
428.36	13.0
437.36	13.0
439.88	13.0
447.36	13.0
462.08	13.0
473.0	13.0
476.16	13.0
482.6	13.0
500.24	13.0
509.84	13.0
517.64	13.0
528.88	13.0
542.76	13.0
557.2	13.0
568.2	13.0
578.4	13.0
591.4	13.0
604.0	13.0
615.44	13.0
634.4	13.0
645.6	13.0
670.28	13.0
685.4	13.0
700.68	13.0
715.28	13.0
735.16	13.0
753.28	13.0
757.64	13.0
777.0	13.0
803.24	13.0
821.64	13.0
839.8	13.0
875.16	13.0
903.24	13.0
928.04	13.0
950.68	13.0
986.56	13.0
1017.4	13.0
1060.52	13.0
1095.16	13.0
316.72	14.0
355.76	14.0
361.04	14.0
404.12	14.0
302.68	15.0
313.52	15.0
327.32	15.0
338.6	15.0
680.96	15.0
336.0	16.0
367.48	16.0
396.76	16.0
473.8	16.0
436.44	16.0
953.2	16.0
339.92	17.0
302.48	17.0
307.84	17.0
332.24	17.0
336.36	17.0
343.32	17.0
353.8	17.0
360.32	17.0
399.56	17.0
417.76	17.0
433.8	17.0
528.2	17.0
585.12	17.0
640.28	17.0
659.08	17.0
717.24	17.0
894.72	17.0
1011.44	17.0
1103.88	17.0
1416.28	17.0
302.52	18.0
339.88	18.0
348.28	18.0
394.6	18.0
452.16	18.0
853.24	18.0
948.08	18.0
309.0	19.0
312.12	19.0
330.6	19.0
345.28	19.0
359.84	19.0
369.08	19.0
432.8	19.0
345.96	20.0
309.0	20.0
311.92	20.0
318.52	20.0
322.64	20.0
327.48	20.0
330.68	20.0
334.44	20.0
339.0	20.0
342.68	20.0
353.28	20.0
358.2	20.0
362.6	20.0
366.6	20.0
369.24	20.0
376.64	20.0
379.92	20.0
395.44	20.0
399.92	20.0
409.84	20.0
417.08	20.0
423.88	20.0
428.44	20.0
434.0	20.0
438.24	20.0
446.44	20.0
451.44	20.0
460.4	20.0
477.4	20.0
483.96	20.0
514.76	20.0
520.4	20.0
530.28	20.0
535.12	20.0
550.84	20.0
559.64	20.0
566.64	20.0
575.8	20.0
582.04	20.0
587.76	20.0
636.28	20.0
651.68	20.0
668.16	20.0
696.32	20.0
786.2	20.0
796.2	20.0
846.88	20.0
921.92	20.0
940.8	20.0
979.72	20.0
1029.84	20.0
1042.32	20.0
1104.32	20.0
1113.2	20.0
1203.56	20.0
1252.64	20.0
1299.28	20.0
1302.8	20.0
1353.28	20.0
1386.88	20.0
1424.32	20.0
302.48	21.0
322.28	21.0
302.64	22.0
346.68	22.0
642.24	22.0
1057.48	22.0
372.6	22.0
332.56	23.0
303.6	23.0
314.6	23.0
345.48	23.0
430.76	23.0
326.88	24.0
408.04	24.0
306.56	24.0
508.96	24.0
710.28	24.0
1112.04	24.0
