315.64	1.0
332.44	1.0
413.0	1.0
454.8	1.0
1080.52	1.0
1200.56	1.0
1328.96	1.0
303.08	1.0
309.52	1.0
325.12	1.0
327.64	1.0
343.76	1.0
359.6	1.0
363.76	1.0
370.72	1.0
382.84	1.0
387.24	1.0
410.28	1.0
427.0	1.0
468.88	1.0
502.6	1.0
532.08	1.0
817.08	1.0
841.96	1.0
875.12	1.0
926.88	1.0
309.0	2.0
311.88	2.0
315.2	2.0
326.12	2.0
329.64	2.0
346.24	2.0
360.88	2.0
382.92	2.0
413.48	2.0
440.12	2.0
469.48	2.0
1136.24	2.0
1223.52	2.0
1381.08	2.0
1443.76	2.0
817.24	3.0
309.0	3.0
312.28	3.0
318.52	3.0
324.44	3.0
328.12	3.0
338.64	3.0
343.92	3.0
348.0	3.0
350.76	3.0
373.44	3.0
385.2	3.0
389.4	3.0
394.24	3.0
401.6	3.0
407.4	3.0
411.52	3.0
419.36	3.0
442.4	3.0
445.64	3.0
455.76	3.0
469.64	3.0
514.52	3.0
537.48	3.0
551.96	3.0
564.28	3.0
576.52	3.0
591.32	3.0
612.4	3.0
639.92	3.0
684.04	3.0
699.96	3.0
713.64	3.0
732.56	3.0
758.72	3.0
773.28	3.0
788.92	3.0
814.04	3.0
828.36	3.0
892.32	3.0
923.8	3.0
959.76	3.0
1011.48	3.0
1079.88	3.0
1143.8	3.0
1206.16	3.0
1242.64	3.0
467.4	5.0
558.8	5.0
695.6	5.0
332.6	5.0
344.84	5.0
354.44	5.0
368.04	5.0
371.2	5.0
385.2	5.0
403.2	5.0
414.88	5.0
424.28	5.0
436.96	5.0
491.92	5.0
505.12	5.0
508.28	5.0
529.48	5.0
584.4	5.0
681.04	5.0
722.0	5.0
898.8	5.0
1083.28	5.0
414.76	6.0
309.84	6.0
315.8	6.0
319.84	6.0
327.32	6.0
333.0	6.0
352.72	6.0
358.72	6.0
367.4	6.0
377.96	6.0
384.12	6.0
388.08	6.0
402.44	6.0
407.48	6.0
436.68	6.0
442.28	6.0
454.04	6.0
458.68	6.0
471.8	6.0
486.28	6.0
497.6	6.0
509.68	6.0
529.56	6.0
537.52	6.0
550.56	6.0
588.52	6.0
604.08	6.0
625.0	6.0
637.48	6.0
656.8	6.0
677.68	6.0
700.96	6.0
751.16	6.0
774.16	6.0
790.44	6.0
818.72	6.0
843.48	6.0
893.92	6.0
928.16	6.0
972.04	6.0
1078.08	6.0
1133.64	6.0
1140.32	6.0
1208.6	6.0
1252.04	6.0
1291.88	6.0
303.0	7.0
310.24	7.0
313.68	7.0
328.4	7.0
336.08	7.0
342.2	7.0
353.24	7.0
355.76	7.0
359.0	7.0
367.16	7.0
383.92	7.0
424.88	7.0
437.0	7.0
449.4	7.0
472.2	7.0
527.4	7.0
600.64	7.0
655.52	7.0
923.04	7.0
1096.56	7.0
1218.92	7.0
1292.24	7.0
387.48	8.0
997.2	8.0
319.64	8.0
332.44	8.0
345.52	8.0
365.4	8.0
381.36	8.0
733.76	8.0
309.0	9.0
312.12	9.0
328.12	9.0
344.64	9.0
384.92	9.0
417.96	9.0
309.04	10.0
311.76	10.0
318.04	10.0
328.04	11.0
342.88	11.0
348.56	11.0
364.08	11.0
376.08	11.0
387.08	11.0
406.6	11.0
316.0	11.0
336.52	11.0
496.64	11.0
335.92	12.0
367.8	12.0
371.12	12.0
385.04	12.0
611.36	12.0
641.04	12.0
307.32	12.0
314.52	12.0
318.64	12.0
339.0	12.0
342.84	12.0
360.88	12.0
375.96	12.0
405.72	12.0
411.8	12.0
414.84	12.0
427.36	12.0
479.52	12.0
509.24	12.0
514.88	12.0
518.36	12.0
543.16	12.0
588.64	12.0
625.04	12.0
638.52	12.0
659.4	12.0
790.92	12.0
844.4	12.0
886.48	12.0
1021.52	12.0
1078.84	12.0
1099.68	12.0
1194.36	12.0
1204.16	12.0
1382.2	12.0
383.6	13.0
314.16	13.0
324.08	13.0
333.72	13.0
343.56	13.0
355.52	13.0
367.96	13.0
380.84	13.0
387.28	13.0
402.76	13.0
411.08	13.0
417.6	13.0
427.64	13.0
437.76	13.0
440.72	13.0
445.48	13.0
471.08	13.0
480.96	13.0
504.12	13.0
512.72	13.0
524.76	13.0
545.64	13.0
560.6	13.0
577.24	13.0
589.04	13.0
605.8	13.0
625.32	13.0
640.72	13.0
658.16	13.0
673.72	13.0
692.04	13.0
729.72	13.0
751.44	13.0
768.6	13.0
793.64	13.0
838.92	13.0
864.84	13.0
889.68	13.0
917.12	13.0
946.48	13.0
979.52	13.0
1055.4	13.0
1115.4	13.0
1219.32	13.0
314.12	14.0
369.24	14.0
375.44	14.0
385.8	14.0
510.24	14.0
304.4	15.0
313.84	15.0
328.52	15.0
424.96	15.0
527.6	15.0
1096.64	15.0
345.2	15.0
658.32	15.0
342.48	16.0
387.08	16.0
453.88	16.0
1252.24	16.0
327.6	17.0
346.92	17.0
370.8	17.0
413.24	17.0
444.92	17.0
522.76	17.0
565.44	17.0
625.56	17.0
699.44	17.0
802.56	17.0
1202.72	17.0
440.36	18.0
404.48	18.0
412.96	18.0
418.56	18.0
574.28	18.0
309.0	19.0
311.96	19.0
426.92	19.0
956.4	19.0
314.44	20.0
309.04	20.0
311.72	20.0
317.76	20.0
320.8	20.0
325.28	20.0
331.32	20.0
336.04	20.0
339.76	20.0
345.96	20.0
353.48	20.0
357.16	20.0
367.28	20.0
372.6	20.0
377.64	20.0
393.44	20.0
412.72	20.0
415.24	20.0
427.04	20.0
440.32	20.0
449.08	20.0
454.68	20.0
459.4	20.0
471.04	20.0
497.12	20.0
504.36	20.0
509.96	20.0
537.36	20.0
550.2	20.0
558.96	20.0
583.4	20.0
639.68	20.0
651.16	20.0
714.72	20.0
740.6	20.0
771.6	20.0
786.24	20.0
838.6	20.0
873.72	20.0
891.48	20.0
922.76	20.0
934.28	20.0
956.44	20.0
976.56	20.0
1024.6	20.0
1037.12	20.0
1062.0	20.0
1071.2	20.0
1082.52	20.0
1110.0	20.0
1122.32	20.0
1136.04	20.0
1155.52	20.0
1193.48	20.0
1210.52	20.0
1227.64	20.0
1235.72	20.0
1255.2	20.0
1283.84	20.0
1300.8	20.0
1305.92	20.0
1370.12	20.0
1382.0	20.0
1407.84	20.0
1423.08	20.0
342.68	21.0
371.0	21.0
443.48	21.0
414.92	22.0
442.04	22.0
445.92	22.0
303.52	23.0
313.24	23.0
369.48	23.0
389.72	23.0
410.92	23.0
471.88	23.0
1343.92	23.0
314.0	24.0
344.24	24.0
361.68	24.0
611.52	24.0
