319.84	1.0
972.48	1.0
302.48	1.0
306.96	1.0
327.52	1.0
334.08	1.0
342.52	1.0
352.36	1.0
358.28	1.0
368.52	1.0
371.36	1.0
383.88	1.0
389.48	1.0
393.72	1.0
409.24	1.0
442.32	1.0
308.96	2.0
311.64	2.0
315.28	2.0
326.8	2.0
350.16	2.0
365.72	2.0
397.48	2.0
436.44	2.0
730.08	2.0
1047.64	2.0
1196.8	2.0
351.76	3.0
354.4	3.0
309.0	3.0
311.92	3.0
318.04	3.0
326.16	3.0
332.92	3.0
338.68	3.0
374.52	3.0
390.12	3.0
414.64	3.0
471.12	3.0
486.88	3.0
496.12	3.0
502.56	3.0
514.16	3.0
523.56	3.0
539.76	3.0
555.28	3.0
561.36	3.0
576.48	3.0
593.92	3.0
618.16	3.0
644.96	3.0
671.92	3.0
681.84	3.0
712.68	3.0
728.72	3.0
739.96	3.0
768.12	3.0
793.88	3.0
800.4	3.0
884.96	3.0
908.32	3.0
921.6	3.0
982.8	3.0
987.36	3.0
1030.48	3.0
1044.44	3.0
1076.96	3.0
1251.84	3.0
302.88	4.0
305.12	5.0
326.4	5.0
331.96	5.0
347.6	5.0
362.6	5.0
375.76	5.0
386.8	5.0
401.08	5.0
415.68	5.0
427.4	5.0
436.24	5.0
464.16	5.0
480.84	5.0
499.76	5.0
558.88	5.0
642.52	5.0
796.6	5.0
803.28	5.0
1000.6	5.0
302.8	6.0
312.0	6.0
314.96	6.0
332.0	6.0
337.56	6.0
342.72	6.0
347.76	6.0
352.76	6.0
372.48	6.0
376.56	6.0
386.68	6.0
395.0	6.0
408.0	6.0
420.76	6.0
429.76	6.0
437.0	6.0
444.48	6.0
450.48	6.0
458.76	6.0
465.44	6.0
471.44	6.0
483.64	6.0
496.6	6.0
516.56	6.0
537.24	6.0
553.84	6.0
576.2	6.0
603.4	6.0
615.48	6.0
634.4	6.0
670.96	6.0
686.44	6.0
696.8	6.0
774.04	6.0
789.28	6.0
797.88	6.0
825.28	6.0
846.16	6.0
893.0	6.0
920.92	6.0
933.16	6.0
962.32	6.0
994.32	6.0
1005.28	6.0
1103.72	6.0
303.0	7.0
313.4	7.0
325.56	7.0
355.92	7.0
373.16	7.0
385.76	7.0
401.24	7.0
437.44	7.0
513.4	7.0
595.96	7.0
790.28	7.0
884.8	7.0
313.16	8.0
302.76	8.0
317.44	8.0
327.2	8.0
335.16	8.0
308.96	9.0
311.68	9.0
319.36	9.0
352.68	9.0
423.56	9.0
436.36	9.0
561.04	9.0
376.12	10.0
309.0	10.0
312.16	10.0
302.48	11.0
311.56	11.0
314.84	11.0
386.28	11.0
398.64	11.0
858.92	11.0
338.6	11.0
349.04	11.0
375.0	11.0
409.0	11.0
414.92	11.0
431.68	11.0
487.24	11.0
502.8	11.0
340.44	12.0
352.28	12.0
732.24	12.0
780.48	12.0
832.2	12.0
303.52	12.0
307.2	12.0
312.52	12.0
316.64	12.0
335.92	12.0
349.52	12.0
355.6	12.0
362.76	12.0
366.92	12.0
386.96	12.0
404.8	12.0
414.4	12.0
429.48	12.0
437.2	12.0
442.64	12.0
461.0	12.0
487.16	12.0
532.84	12.0
549.12	12.0
581.56	12.0
598.08	12.0
623.32	12.0
644.48	12.0
704.44	12.0
770.84	12.0
803.4	12.0
835.6	12.0
863.4	12.0
956.44	12.0
1047.76	12.0
302.84	13.0
314.0	13.0
323.04	13.0
325.76	13.0
333.04	13.0
342.64	13.0
350.36	13.0
359.12	13.0
370.56	13.0
376.8	13.0
385.04	13.0
387.56	13.0
392.72	13.0
399.84	13.0
408.72	13.0
417.88	13.0
428.04	13.0
437.68	13.0
448.76	13.0
459.16	13.0
468.8	13.0
486.04	13.0
495.84	13.0
506.52	13.0
518.84	13.0
533.56	13.0
549.68	13.0
570.24	13.0
585.8	13.0
598.68	13.0
602.56	13.0
616.36	13.0
639.28	13.0
665.96	13.0
697.48	13.0
711.12	13.0
726.36	13.0
745.96	13.0
772.84	13.0
795.16	13.0
827.12	13.0
840.2	13.0
859.88	13.0
881.92	13.0
905.84	13.0
970.2	13.0
1013.04	13.0
1060.0	13.0
302.8	14.0
314.76	14.0
385.4	14.0
532.04	14.0
642.64	14.0
858.92	14.0
304.52	15.0
385.88	15.0
596.04	15.0
312.88	15.0
339.12	16.0
372.4	16.0
406.92	16.0
439.84	16.0
418.08	17.0
302.52	17.0
307.24	17.0
317.52	17.0
329.8	17.0
334.64	17.0
338.68	17.0
354.32	17.0
363.0	17.0
376.36	17.0
387.52	17.0
430.68	17.0
459.16	17.0
497.28	17.0
623.36	17.0
696.0	17.0
302.48	18.0
314.0	18.0
355.28	18.0
362.84	18.0
386.84	18.0
411.28	18.0
414.92	18.0
454.04	18.0
580.0	18.0
901.84	18.0
308.96	19.0
311.88	19.0
314.56	19.0
396.12	19.0
308.96	20.0
312.0	20.0
314.64	20.0
318.92	20.0
321.64	20.0
325.68	20.0
330.76	20.0
335.76	20.0
339.4	20.0
342.84	20.0
348.64	20.0
352.2	20.0
359.56	20.0
366.64	20.0
377.12	20.0
381.16	20.0
385.76	20.0
388.68	20.0
396.24	20.0
399.84	20.0
420.72	20.0
429.92	20.0
437.24	20.0
447.72	20.0
454.2	20.0
460.76	20.0
467.28	20.0
472.56	20.0
478.4	20.0
494.4	20.0
502.32	20.0
514.56	20.0
524.4	20.0
532.12	20.0
537.4	20.0
547.84	20.0
556.16	20.0
569.88	20.0
583.16	20.0
615.68	20.0
627.52	20.0
644.76	20.0
655.64	20.0
681.6	20.0
697.0	20.0
720.0	20.0
780.56	20.0
796.4	20.0
821.64	20.0
846.04	20.0
858.0	20.0
924.44	20.0
956.84	20.0
971.52	20.0
985.2	20.0
1005.2	20.0
1017.64	20.0
1047.96	20.0
1060.84	20.0
1102.36	20.0
1125.04	20.0
1152.16	20.0
1177.4	20.0
1200.0	20.0
1226.28	20.0
1271.12	20.0
1292.36	20.0
302.48	21.0
386.8	22.0
362.84	23.0
303.8	23.0
415.2	23.0
433.76	23.0
311.6	24.0
437.76	24.0
624.16	24.0
