6.52	1.0
34.32	1.0
653.72	1.0
18.16	1.0
27.92	1.0
31.72	1.0
45.92	1.0
59.2	1.0
73.72	1.0
86.6	1.0
96.04	1.0
103.64	1.0
130.88	1.0
154.44	1.0
188.4	1.0
302.88	1.0
324.64	1.0
657.84	1.0
309.0	2.0
312.04	2.0
34.24	2.0
46.12	2.0
74.96	2.0
83.68	2.0
93.6	2.0
226.52	2.0
450.84	2.0
758.4	2.0
909.44	2.0
14.84	3.0
17.56	3.0
26.4	3.0
33.24	3.0
35.84	3.0
39.48	3.0
48.24	3.0
55.96	3.0
74.16	3.0
97.72	3.0
107.84	3.0
135.56	3.0
146.52	3.0
149.84	3.0
158.72	3.0
170.04	3.0
179.28	3.0
213.92	3.0
240.0	3.0
284.0	3.0
296.88	3.0
308.96	3.0
311.8	3.0
377.44	3.0
395.96	3.0
409.2	3.0
417.44	3.0
423.84	3.0
440.36	3.0
484.76	3.0
506.96	3.0
522.8	3.0
550.76	3.0
562.64	3.0
589.64	3.0
653.8	3.0
662.24	3.0
688.76	3.0
733.08	3.0
757.96	3.0
73.12	4.0
17.16	5.0
25.8	5.0
51.6	5.0
66.16	5.0
84.64	5.0
96.56	5.0
116.16	5.0
136.8	5.0
168.72	5.0
280.68	5.0
334.32	5.0
368.56	5.0
5.24	6.0
12.12	6.0
17.52	6.0
25.2	6.0
27.72	6.0
32.96	6.0
37.48	6.0
45.72	6.0
67.12	6.0
96.2	6.0
101.88	6.0
108.84	6.0
123.0	6.0
134.52	6.0
146.04	6.0
152.68	6.0
170.16	6.0
181.44	6.0
204.76	6.0
226.68	6.0
243.36	6.0
259.68	6.0
302.52	6.0
332.32	6.0
350.4	6.0
367.04	6.0
392.6	6.0
428.68	6.0
508.32	6.0
546.4	6.0
587.28	6.0
611.32	6.0
655.32	6.0
735.76	6.0
793.32	6.0
898.48	6.0
920.48	6.0
1004.92	6.0
9.28	7.0
24.84	7.0
33.32	7.0
41.6	7.0
50.92	7.0
73.28	7.0
86.84	7.0
96.56	7.0
130.88	7.0
134.8	7.0
194.48	7.0
302.8	7.0
1005.24	7.0
16.08	8.0
46.36	8.0
55.28	8.0
86.76	8.0
302.8	8.0
405.76	8.0
308.96	9.0
311.96	9.0
37.2	9.0
63.0	9.0
309.0	10.0
311.88	10.0
9.08	11.0
24.68	11.0
42.04	11.0
56.88	11.0
63.56	11.0
71.64	11.0
98.12	11.0
302.48	11.0
388.28	11.0
154.52	11.0
233.24	11.0
19.08	12.0
388.16	12.0
653.56	12.0
3.36	12.0
8.96	12.0
24.08	12.0
27.36	12.0
32.08	12.0
87.64	12.0
91.2	12.0
95.32	12.0
129.04	12.0
145.72	12.0
181.12	12.0
193.84	12.0
210.08	12.0
233.68	12.0
249.28	12.0
292.24	12.0
303.4	12.0
310.0	12.0
334.32	12.0
346.68	12.0
404.92	12.0
435.76	12.0
475.88	12.0
585.24	12.0
587.8	12.0
656.32	12.0
737.48	12.0
741.56	12.0
804.0	12.0
851.08	12.0
895.32	12.0
934.52	12.0
2.64	13.0
6.2	13.0
14.8	13.0
24.56	13.0
33.44	13.0
39.8	13.0
48.84	13.0
60.04	13.0
69.0	13.0
84.68	13.0
94.84	13.0
98.68	13.0
108.44	13.0
117.2	13.0
126.2	13.0
136.8	13.0
147.4	13.0
166.0	13.0
177.88	13.0
192.96	13.0
211.44	13.0
229.2	13.0
244.96	13.0
271.84	13.0
289.2	13.0
302.8	13.0
313.68	13.0
326.0	13.0
340.6	13.0
356.8	13.0
371.08	13.0
393.12	13.0
412.0	13.0
433.52	13.0
457.08	13.0
482.72	13.0
506.0	13.0
547.08	13.0
587.4	13.0
621.08	13.0
657.56	13.0
841.88	13.0
28.08	14.0
40.12	14.0
249.92	14.0
302.48	14.0
9.4	15.0
302.92	15.0
24.56	15.0
34.12	15.0
28.88	16.0
65.24	16.0
317.12	16.0
448.32	16.0
157.8	17.0
2.52	17.0
36.52	17.0
49.76	17.0
141.0	17.0
149.8	17.0
259.0	17.0
269.16	17.0
303.8	17.0
337.8	17.0
470.8	17.0
689.6	17.0
810.04	17.0
8.44	18.0
15.64	18.0
36.0	18.0
178.44	18.0
302.52	18.0
309.0	19.0
311.84	19.0
32.76	19.0
66.08	19.0
77.68	19.0
378.12	19.0
130.52	20.0
8.36	20.0
12.88	20.0
16.84	20.0
25.0	20.0
32.76	20.0
36.84	20.0
40.96	20.0
47.4	20.0
54.88	20.0
60.68	20.0
65.64	20.0
70.32	20.0
77.68	20.0
86.4	20.0
90.08	20.0
95.96	20.0
108.52	20.0
125.08	20.0
136.96	20.0
149.0	20.0
155.36	20.0
170.28	20.0
178.12	20.0
187.76	20.0
196.56	20.0
203.04	20.0
213.84	20.0
232.84	20.0
281.48	20.0
293.24	20.0
309.0	20.0
312.44	20.0
318.08	20.0
392.84	20.0
405.28	20.0
413.24	20.0
429.32	20.0
435.32	20.0
476.48	20.0
512.2	20.0
519.6	20.0
538.32	20.0
557.16	20.0
574.52	20.0
581.44	20.0
586.92	20.0
605.2	20.0
636.36	20.0
676.08	20.0
684.12	20.0
711.28	20.0
724.88	20.0
743.32	20.0
756.84	20.0
761.0	20.0
791.48	20.0
829.32	20.0
847.6	20.0
884.16	20.0
905.24	20.0
911.88	20.0
927.16	20.0
931.48	20.0
1012.6	20.0
1029.32	20.0
84.84	21.0
59.76	21.0
302.48	21.0
12.28	22.0
36.84	22.0
26.88	23.0
38.32	23.0
46.28	23.0
63.6	23.0
105.44	23.0
147.16	23.0
302.92	23.0
75.2	23.0
96.44	23.0
180.64	23.0
412.44	23.0
52.6	24.0
3.08	24.0
74.6	24.0
117.76	24.0
250.12	24.0
656.48	24.0
