53.84	1.0
199.28	1.0
308.6	1.0
518.96	1.0
555.08	1.0
630.6	1.0
202.68	1.0
255.72	1.0
302.48	1.0
426.04	1.0
308.96	2.0
311.68	2.0
85.92	2.0
245.76	2.0
532.8	2.0
87.32	3.0
104.4	3.0
116.12	3.0
151.4	3.0
180.96	3.0
231.92	3.0
247.96	3.0
297.6	3.0
309.0	3.0
312.08	3.0
323.12	3.0
338.56	3.0
374.2	3.0
384.88	3.0
432.48	3.0
463.48	3.0
518.64	3.0
116.48	5.0
182.68	5.0
302.52	5.0
336.12	5.0
524.32	5.0
80.08	6.0
111.2	6.0
137.44	6.0
212.4	6.0
284.76	6.0
302.92	6.0
318.32	6.0
328.44	6.0
353.96	6.0
405.6	6.0
468.08	6.0
528.8	6.0
302.6	7.0
353.12	8.0
461.56	8.0
3.68	8.0
302.84	8.0
309.0	9.0
311.92	9.0
232.64	9.0
87.28	10.0
309.0	10.0
312.12	10.0
87.16	11.0
302.48	11.0
14.96	11.0
139.12	12.0
169.0	12.0
308.92	12.0
316.96	12.0
4.96	12.0
87.2	12.0
179.84	12.0
186.64	12.0
216.72	12.0
272.92	12.0
293.28	12.0
304.36	12.0
332.44	12.0
340.64	12.0
363.16	12.0
375.88	12.0
431.72	12.0
534.0	12.0
23.6	13.0
45.68	13.0
64.96	13.0
97.96	13.0
124.48	13.0
156.6	13.0
205.32	13.0
249.88	13.0
281.96	13.0
302.56	13.0
313.68	13.0
328.96	13.0
345.92	13.0
362.52	13.0
393.08	13.0
415.76	13.0
26.72	14.0
127.88	14.0
302.52	14.0
318.72	14.0
302.76	15.0
113.12	16.0
314.84	16.0
305.04	17.0
345.0	17.0
14.16	17.0
163.92	17.0
302.48	17.0
332.64	17.0
464.64	17.0
489.56	17.0
507.84	17.0
586.88	17.0
302.52	18.0
332.48	18.0
309.0	19.0
311.8	19.0
57.04	19.0
530.24	19.0
624.72	19.0
122.92	20.0
4.28	20.0
14.4	20.0
35.28	20.0
41.32	20.0
45.72	20.0
50.84	20.0
61.4	20.0
88.84	20.0
102.2	20.0
108.36	20.0
118.96	20.0
138.8	20.0
156.84	20.0
173.56	20.0
177.08	20.0
196.8	20.0
212.08	20.0
249.16	20.0
273.88	20.0
286.32	20.0
289.24	20.0
308.96	20.0
311.84	20.0
315.6	20.0
350.36	20.0
365.64	20.0
376.92	20.0
387.52	20.0
398.76	20.0
406.4	20.0
436.24	20.0
470.24	20.0
482.04	20.0
506.24	20.0
530.36	20.0
604.12	20.0
624.8	20.0
627.72	20.0
302.48	21.0
10.92	23.0
363.84	24.0
