340.24	1.0
394.84	1.0
421.48	1.0
740.76	1.0
1042.08	1.0
1141.2	1.0
302.52	1.0
309.72	1.0
319.72	1.0
323.92	1.0
327.56	1.0
345.88	1.0
357.84	1.0
379.92	1.0
644.76	1.0
309.0	2.0
312.72	2.0
316.04	2.0
325.72	2.0
354.48	2.0
377.48	2.0
398.64	2.0
417.88	2.0
452.0	2.0
587.68	2.0
735.16	2.0
953.88	2.0
1086.52	2.0
308.96	3.0
312.24	3.0
321.84	3.0
328.2	3.0
337.36	3.0
340.52	3.0
343.8	3.0
360.0	3.0
363.4	3.0
369.68	3.0
380.88	3.0
403.04	3.0
413.8	3.0
417.6	3.0
423.96	3.0
443.0	3.0
460.76	3.0
470.32	3.0
488.12	3.0
520.64	3.0
547.96	3.0
556.8	3.0
561.16	3.0
612.36	3.0
630.76	3.0
653.4	3.0
670.72	3.0
675.92	3.0
697.24	3.0
720.08	3.0
761.36	3.0
813.32	3.0
824.32	3.0
855.64	3.0
892.36	3.0
904.36	3.0
924.4	3.0
934.6	3.0
986.44	3.0
994.88	3.0
1019.48	3.0
1163.12	3.0
1222.68	3.0
505.44	4.0
319.32	5.0
404.24	5.0
799.84	5.0
302.64	5.0
330.64	5.0
340.72	5.0
344.16	5.0
354.68	5.0
381.28	5.0
397.24	5.0
401.24	5.0
424.8	5.0
467.52	5.0
626.32	5.0
651.92	5.0
719.76	6.0
760.72	6.0
302.92	6.0
309.04	6.0
314.92	6.0
318.92	6.0
325.52	6.0
329.08	6.0
335.88	6.0
339.36	6.0
344.32	6.0
354.32	6.0
359.16	6.0
366.76	6.0
376.24	6.0
380.88	6.0
389.36	6.0
396.72	6.0
404.72	6.0
416.52	6.0
428.0	6.0
442.0	6.0
453.08	6.0
466.24	6.0
491.0	6.0
507.28	6.0
530.4	6.0
559.4	6.0
585.96	6.0
644.92	6.0
659.04	6.0
677.88	6.0
711.8	6.0
733.68	6.0
865.08	6.0
881.76	6.0
891.08	6.0
903.08	6.0
1029.6	6.0
1102.88	6.0
1134.64	6.0
303.6	7.0
367.64	7.0
671.48	7.0
313.32	7.0
339.44	7.0
355.24	7.0
378.8	7.0
405.08	7.0
412.72	7.0
463.68	7.0
530.72	7.0
557.64	7.0
739.08	7.0
1025.72	8.0
302.72	8.0
316.56	8.0
333.88	8.0
354.36	8.0
357.88	8.0
407.84	8.0
693.68	8.0
1049.52	8.0
308.96	9.0
311.84	9.0
329.32	9.0
359.12	9.0
427.48	9.0
309.0	10.0
311.88	10.0
302.48	11.0
328.16	11.0
344.08	11.0
409.76	11.0
441.48	11.0
318.68	11.0
362.16	11.0
398.36	11.0
459.68	11.0
491.32	11.0
393.2	12.0
397.72	12.0
505.32	12.0
527.36	12.0
554.96	12.0
302.64	12.0
307.12	12.0
313.04	12.0
318.2	12.0
335.92	12.0
341.56	12.0
361.08	12.0
365.12	12.0
383.88	12.0
404.2	12.0
410.36	12.0
417.4	12.0
429.12	12.0
437.04	12.0
443.52	12.0
465.84	12.0
483.8	12.0
492.24	12.0
511.92	12.0
558.24	12.0
586.28	12.0
606.6	12.0
618.72	12.0
720.08	12.0
849.56	12.0
897.28	12.0
905.76	12.0
960.48	12.0
1078.52	12.0
1192.04	12.0
302.72	13.0
314.48	13.0
323.36	13.0
328.08	13.0
330.64	13.0
337.36	13.0
344.6	13.0
353.92	13.0
358.08	13.0
361.52	13.0
374.04	13.0
381.92	13.0
400.6	13.0
410.6	13.0
423.32	13.0
439.8	13.0
454.2	13.0
467.28	13.0
485.44	13.0
505.12	13.0
525.6	13.0
549.08	13.0
571.96	13.0
589.52	13.0
612.48	13.0
632.44	13.0
664.4	13.0
677.56	13.0
692.6	13.0
713.28	13.0
752.04	13.0
777.04	13.0
814.36	13.0
883.92	13.0
302.72	14.0
316.8	14.0
319.64	14.0
354.0	14.0
770.68	14.0
313.44	15.0
339.56	15.0
357.2	15.0
463.8	15.0
557.72	15.0
303.12	15.0
379.84	15.0
507.0	15.0
342.76	16.0
371.6	16.0
463.56	16.0
532.16	16.0
576.96	16.0
669.92	16.0
367.68	17.0
590.08	17.0
308.24	17.0
322.96	17.0
358.2	17.0
394.48	17.0
433.44	17.0
502.48	17.0
532.56	17.0
545.88	17.0
582.56	17.0
643.52	17.0
1053.88	17.0
302.52	18.0
315.96	18.0
339.96	18.0
617.84	18.0
805.52	18.0
898.96	18.0
308.96	19.0
311.88	19.0
356.4	19.0
409.76	19.0
606.8	20.0
309.0	20.0
311.92	20.0
314.96	20.0
319.12	20.0
322.2	20.0
326.4	20.0
339.52	20.0
344.12	20.0
351.24	20.0
356.2	20.0
360.88	20.0
369.56	20.0
373.76	20.0
379.8	20.0
385.92	20.0
392.2	20.0
396.08	20.0
405.48	20.0
418.0	20.0
422.16	20.0
428.44	20.0
434.24	20.0
451.72	20.0
459.2	20.0
467.44	20.0
498.44	20.0
505.68	20.0
510.6	20.0
522.2	20.0
529.16	20.0
558.6	20.0
588.4	20.0
594.64	20.0
616.84	20.0
628.28	20.0
644.08	20.0
666.88	20.0
674.4	20.0
691.0	20.0
718.16	20.0
760.52	20.0
771.04	20.0
798.2	20.0
826.96	20.0
853.08	20.0
886.32	20.0
901.64	20.0
941.68	20.0
956.24	20.0
999.04	20.0
1011.6	20.0
1030.4	20.0
1045.88	20.0
1052.6	20.0
1088.8	20.0
1103.32	20.0
1116.92	20.0
302.48	21.0
360.04	22.0
399.0	22.0
414.48	22.0
303.56	23.0
330.2	23.0
356.52	23.0
487.52	23.0
502.48	23.0
644.64	23.0
958.76	23.0
346.28	23.0
305.8	24.0
341.6	24.0
380.32	24.0
