101.36	1.0
307.28	1.0
332.12	1.0
399.92	1.0
670.92	1.0
30.76	1.0
170.88	1.0
222.28	1.0
293.68	1.0
474.76	1.0
538.44	1.0
309.0	2.0
312.04	2.0
290.56	2.0
545.96	2.0
651.96	2.0
755.36	2.0
31.92	3.0
47.76	3.0
60.2	3.0
64.16	3.0
80.76	3.0
96.4	3.0
111.56	3.0
155.72	3.0
172.08	3.0
255.48	3.0
273.76	3.0
299.92	3.0
309.0	3.0
312.04	3.0
328.2	3.0
338.64	3.0
355.12	3.0
365.36	3.0
372.0	3.0
405.04	3.0
430.92	3.0
453.2	3.0
547.96	3.0
551.8	3.0
631.0	3.0
716.36	3.0
768.4	3.0
54.16	5.0
64.48	5.0
303.2	5.0
319.96	5.0
359.8	5.0
383.52	5.0
552.32	5.0
20.68	6.0
37.44	6.0
55.04	6.0
74.12	6.0
110.96	6.0
136.64	6.0
157.72	6.0
169.44	6.0
208.04	6.0
221.08	6.0
282.2	6.0
318.64	6.0
326.92	6.0
343.16	6.0
367.76	6.0
391.72	6.0
447.4	6.0
514.16	6.0
532.8	6.0
699.28	6.0
732.36	6.0
757.8	6.0
37.76	7.0
55.44	7.0
178.16	7.0
318.96	7.0
40.96	8.0
106.08	8.0
403.16	8.0
433.52	8.0
757.44	8.0
308.96	9.0
311.64	9.0
134.0	10.0
309.08	10.0
312.08	10.0
311.96	11.0
106.36	11.0
376.32	11.0
549.72	11.0
39.32	12.0
217.48	12.0
766.76	12.0
17.24	12.0
25.4	12.0
63.6	12.0
66.48	12.0
136.36	12.0
150.8	12.0
270.12	12.0
303.48	12.0
313.36	12.0
362.76	12.0
365.48	12.0
378.92	12.0
499.72	12.0
525.8	12.0
591.84	12.0
726.48	12.0
730.6	12.0
16.48	13.0
31.76	13.0
49.6	13.0
67.16	13.0
87.76	13.0
94.32	13.0
107.72	13.0
135.24	13.0
154.48	13.0
182.28	13.0
210.68	13.0
227.72	13.0
270.2	13.0
315.48	13.0
328.08	13.0
337.2	13.0
367.8	13.0
384.84	13.0
409.32	13.0
442.28	13.0
524.72	13.0
54.92	14.0
181.96	14.0
305.88	15.0
69.52	16.0
306.08	16.0
859.16	16.0
9.0	17.0
199.92	17.0
334.52	17.0
384.4	17.0
506.56	17.0
609.36	17.0
634.08	17.0
368.24	18.0
276.4	18.0
308.96	19.0
311.96	19.0
270.32	19.0
314.76	19.0
512.12	20.0
5.96	20.0
15.92	20.0
26.0	20.0
33.4	20.0
46.08	20.0
55.28	20.0
71.44	20.0
99.56	20.0
105.88	20.0
116.0	20.0
132.8	20.0
148.04	20.0
169.76	20.0
182.48	20.0
197.6	20.0
217.72	20.0
253.84	20.0
270.36	20.0
293.84	20.0
297.56	20.0
309.0	20.0
311.8	20.0
320.88	20.0
334.56	20.0
343.04	20.0
364.28	20.0
375.76	20.0
393.8	20.0
417.28	20.0
465.56	20.0
491.12	20.0
506.96	20.0
549.16	20.0
559.76	20.0
582.64	20.0
603.72	20.0
627.92	20.0
653.88	20.0
673.44	20.0
700.44	20.0
759.64	20.0
768.28	20.0
795.88	20.0
327.84	22.0
33.04	23.0
175.68	23.0
193.48	23.0
225.36	23.0
368.48	23.0
105.4	24.0
307.24	24.0
