312.24	1.0
329.32	1.0
357.04	1.0
414.44	1.0
481.36	1.0
536.2	1.0
695.36	1.0
817.28	1.0
945.8	1.0
302.52	1.0
309.0	2.0
311.88	2.0
339.04	2.0
415.76	2.0
581.92	2.0
659.6	2.0
755.52	2.0
952.52	2.0
1058.12	2.0
308.96	3.0
312.16	3.0
327.08	3.0
340.4	3.0
353.32	3.0
370.32	3.0
387.16	3.0
407.96	3.0
410.48	3.0
424.4	3.0
437.0	3.0
444.2	3.0
452.64	3.0
468.12	3.0
504.92	3.0
507.84	3.0
513.04	3.0
517.0	3.0
521.32	3.0
535.2	3.0
569.8	3.0
594.88	3.0
613.68	3.0
647.04	3.0
655.76	3.0
662.0	3.0
687.56	3.0
708.0	3.0
753.76	3.0
777.24	3.0
787.72	3.0
956.4	3.0
977.0	3.0
302.52	5.0
307.0	5.0
314.36	5.0
320.76	5.0
344.0	5.0
428.84	5.0
407.88	5.0
423.6	5.0
488.68	5.0
519.08	5.0
610.32	5.0
302.84	6.0
309.36	6.0
314.28	6.0
321.48	6.0
330.56	6.0
339.88	6.0
350.6	6.0
361.56	6.0
372.04	6.0
388.64	6.0
424.12	6.0
433.16	6.0
445.12	6.0
499.48	6.0
520.88	6.0
536.4	6.0
548.8	6.0
582.4	6.0
652.28	6.0
675.4	6.0
699.44	6.0
739.28	6.0
765.6	6.0
786.16	6.0
865.92	6.0
915.68	6.0
968.0	6.0
987.36	6.0
1069.36	6.0
1094.28	6.0
305.44	7.0
302.88	7.0
335.64	7.0
388.76	7.0
663.16	7.0
699.76	7.0
866.28	7.0
367.16	8.0
396.64	8.0
425.48	8.0
445.12	8.0
302.76	8.0
325.88	8.0
335.32	8.0
358.12	8.0
515.2	8.0
308.96	9.0
312.0	9.0
936.16	9.0
309.04	10.0
311.96	10.0
302.48	11.0
316.92	11.0
322.88	11.0
450.56	11.0
565.96	12.0
302.76	12.0
314.28	12.0
338.24	12.0
388.48	12.0
392.52	12.0
408.08	12.0
425.36	12.0
428.84	12.0
474.56	12.0
501.08	12.0
506.08	12.0
559.88	12.0
581.96	12.0
591.28	12.0
696.44	12.0
737.36	12.0
803.92	12.0
820.2	12.0
846.92	12.0
909.76	12.0
917.12	12.0
968.64	12.0
971.16	12.0
1059.08	12.0
302.88	13.0
315.68	13.0
331.36	13.0
344.28	13.0
366.48	13.0
372.0	13.0
377.84	13.0
394.44	13.0
422.64	13.0
438.2	13.0
463.48	13.0
493.72	13.0
518.68	13.0
536.44	13.0
564.24	13.0
589.08	13.0
628.64	13.0
699.24	13.0
302.76	14.0
304.96	15.0
382.2	16.0
568.08	16.0
845.56	16.0
998.36	16.0
1121.96	16.0
302.48	17.0
309.12	17.0
342.56	17.0
355.92	17.0
427.2	17.0
480.08	17.0
613.56	17.0
634.48	17.0
735.0	17.0
866.56	17.0
935.8	17.0
989.96	17.0
302.52	18.0
317.56	18.0
359.52	18.0
411.64	18.0
451.88	18.0
308.96	19.0
311.68	19.0
467.72	19.0
534.36	19.0
309.0	20.0
312.4	20.0
318.96	20.0
325.44	20.0
331.0	20.0
336.32	20.0
339.6	20.0
347.76	20.0
360.36	20.0
366.44	20.0
372.24	20.0
381.2	20.0
385.92	20.0
395.84	20.0
403.52	20.0
418.12	20.0
424.52	20.0
431.8	20.0
443.0	20.0
445.96	20.0
467.2	20.0
474.48	20.0
485.24	20.0
489.8	20.0
517.84	20.0
540.56	20.0
549.44	20.0
584.12	20.0
592.04	20.0
606.68	20.0
622.96	20.0
659.96	20.0
674.44	20.0
686.36	20.0
701.88	20.0
711.84	20.0
739.76	20.0
759.2	20.0
781.52	20.0
794.84	20.0
814.28	20.0
836.4	20.0
858.36	20.0
869.44	20.0
894.88	20.0
909.96	20.0
923.12	20.0
956.6	20.0
968.08	20.0
986.6	20.0
1009.28	20.0
1024.48	20.0
1040.48	20.0
1049.16	20.0
1061.52	20.0
1073.64	20.0
1103.68	20.0
1117.56	20.0
1136.72	20.0
1158.28	20.0
302.48	21.0
322.4	23.0
387.32	23.0
698.36	23.0
1021.12	23.0
1126.8	23.0
311.8	24.0
