69.2	1.0
184.92	1.0
193.12	1.0
313.2	1.0
99.08	1.0
302.48	1.0
340.56	1.0
547.6	1.0
308.96	2.0
312.04	2.0
64.24	2.0
170.72	2.0
331.6	2.0
433.64	2.0
8.08	3.0
18.64	3.0
147.96	3.0
309.0	3.0
312.2	3.0
320.52	3.0
325.72	3.0
330.4	3.0
338.44	3.0
356.6	3.0
378.6	3.0
397.4	3.0
418.04	3.0
421.48	3.0
455.52	3.0
502.2	3.0
316.52	5.0
340.8	5.0
406.32	5.0
417.32	5.0
358.52	5.0
363.96	5.0
481.16	5.0
46.44	6.0
86.92	6.0
105.64	6.0
133.68	6.0
160.76	6.0
302.92	6.0
309.6	6.0
313.64	6.0
325.68	6.0
338.6	6.0
357.68	6.0
367.92	6.0
385.8	6.0
415.12	6.0
459.12	6.0
502.0	6.0
532.24	6.0
547.52	6.0
306.64	7.0
302.68	7.0
325.36	7.0
502.4	7.0
302.68	8.0
309.0	9.0
312.08	9.0
309.0	10.0
311.6	10.0
302.48	11.0
311.2	11.0
325.88	11.0
432.96	11.0
317.28	12.0
402.76	12.0
10.84	12.0
71.12	12.0
77.56	12.0
174.08	12.0
194.72	12.0
303.04	12.0
307.52	12.0
329.56	12.0
341.56	12.0
396.24	12.0
399.08	12.0
406.24	12.0
418.16	12.0
431.52	12.0
497.68	12.0
514.8	12.0
302.72	13.0
314.6	13.0
330.48	13.0
344.88	13.0
363.28	13.0
387.6	13.0
427.6	13.0
464.0	13.0
302.68	14.0
302.76	15.0
26.2	16.0
326.68	16.0
537.28	16.0
404.92	17.0
185.56	17.0
302.48	17.0
305.56	17.0
308.16	17.0
317.2	17.0
331.16	17.0
344.0	17.0
467.6	17.0
583.36	17.0
302.48	18.0
443.32	18.0
629.08	18.0
308.96	19.0
312.04	19.0
66.92	19.0
33.16	20.0
53.8	20.0
67.0	20.0
73.24	20.0
100.2	20.0
132.56	20.0
144.4	20.0
151.76	20.0
160.08	20.0
167.92	20.0
195.56	20.0
221.04	20.0
246.76	20.0
276.96	20.0
290.52	20.0
309.04	20.0
311.56	20.0
315.68	20.0
322.4	20.0
326.0	20.0
331.12	20.0
339.72	20.0
345.6	20.0
359.68	20.0
366.64	20.0
375.04	20.0
384.28	20.0
390.96	20.0
404.44	20.0
432.52	20.0
457.24	20.0
492.32	20.0
507.96	20.0
514.16	20.0
546.64	20.0
581.04	20.0
302.48	21.0
302.8	23.0
