309.24	1.0
322.36	1.0
327.96	1.0
330.84	1.0
360.48	1.0
573.6	1.0
635.2	1.0
795.12	1.0
901.2	1.0
1063.6	1.0
1157.6	1.0
302.48	1.0
312.12	1.0
354.28	1.0
378.28	1.0
386.12	1.0
393.88	1.0
408.04	1.0
309.0	2.0
311.96	2.0
514.12	2.0
327.04	2.0
351.04	2.0
361.4	2.0
392.92	2.0
781.24	2.0
926.28	2.0
1049.16	2.0
1117.2	2.0
1276.56	2.0
309.0	3.0
311.64	3.0
320.0	3.0
337.68	3.0
348.8	3.0
353.92	3.0
363.24	3.0
375.04	3.0
409.76	3.0
424.52	3.0
446.32	3.0
450.56	3.0
459.24	3.0
470.88	3.0
484.88	3.0
498.56	3.0
511.76	3.0
522.04	3.0
530.92	3.0
542.64	3.0
550.48	3.0
559.56	3.0
567.36	3.0
570.96	3.0
590.24	3.0
626.0	3.0
649.16	3.0
675.92	3.0
698.96	3.0
733.12	3.0
747.08	3.0
773.32	3.0
776.12	3.0
793.28	3.0
803.04	3.0
815.28	3.0
848.52	3.0
1027.52	3.0
1129.44	3.0
415.48	5.0
889.68	5.0
950.28	5.0
1197.28	5.0
304.76	5.0
328.88	5.0
370.6	5.0
388.96	5.0
404.96	5.0
429.96	5.0
461.08	5.0
485.36	5.0
515.76	5.0
572.2	5.0
581.72	5.0
615.44	5.0
660.24	5.0
915.88	5.0
1074.04	5.0
308.16	6.0
302.48	6.0
315.0	6.0
319.08	6.0
326.8	6.0
331.52	6.0
336.36	6.0
342.84	6.0
347.32	6.0
355.0	6.0
359.16	6.0
378.92	6.0
386.52	6.0
401.2	6.0
403.92	6.0
409.44	6.0
421.76	6.0
445.84	6.0
454.88	6.0
469.0	6.0
488.88	6.0
500.16	6.0
516.24	6.0
536.96	6.0
554.4	6.0
570.48	6.0
577.76	6.0
600.44	6.0
654.36	6.0
689.24	6.0
736.52	6.0
761.44	6.0
794.64	6.0
834.88	6.0
869.76	6.0
874.88	6.0
920.4	6.0
953.04	6.0
1023.0	6.0
1068.24	6.0
1103.6	6.0
1127.36	6.0
1154.16	6.0
1197.88	6.0
1260.68	6.0
1322.84	6.0
302.84	7.0
314.08	7.0
328.56	7.0
369.12	7.0
386.84	7.0
401.56	7.0
496.96	7.0
515.16	7.0
953.36	7.0
1323.16	7.0
433.8	8.0
537.2	8.0
879.84	8.0
302.48	8.0
320.64	8.0
334.52	8.0
353.72	8.0
384.48	8.0
309.0	9.0
311.88	9.0
352.44	9.0
618.32	9.0
688.84	9.0
309.0	10.0
312.32	10.0
318.8	10.0
302.48	11.0
328.72	11.0
350.04	11.0
356.16	11.0
316.36	11.0
752.32	11.0
329.28	12.0
338.6	12.0
343.76	12.0
380.08	12.0
545.68	12.0
700.04	12.0
751.88	12.0
950.48	12.0
303.76	12.0
307.16	12.0
312.2	12.0
315.64	12.0
321.8	12.0
334.28	12.0
348.4	12.0
355.92	12.0
361.48	12.0
364.12	12.0
368.6	12.0
387.56	12.0
393.36	12.0
415.96	12.0
422.88	12.0
433.24	12.0
454.44	12.0
468.4	12.0
494.8	12.0
519.24	12.0
538.08	12.0
572.16	12.0
599.8	12.0
619.24	12.0
671.92	12.0
728.04	12.0
769.16	12.0
826.88	12.0
908.64	12.0
1002.84	12.0
1095.56	12.0
1178.68	12.0
302.8	13.0
314.52	13.0
320.76	13.0
328.12	13.0
340.48	13.0
352.08	13.0
358.52	13.0
368.24	13.0
377.68	13.0
390.56	13.0
400.2	13.0
405.92	13.0
414.52	13.0
427.28	13.0
439.24	13.0
451.96	13.0
472.32	13.0
490.8	13.0
511.8	13.0
528.8	13.0
550.76	13.0
571.04	13.0
590.2	13.0
609.76	13.0
644.84	13.0
673.48	13.0
701.4	13.0
733.64	13.0
774.44	13.0
357.88	14.0
445.52	14.0
302.8	14.0
461.08	14.0
1134.84	14.0
304.44	15.0
328.64	15.0
321.6	15.0
355.8	16.0
389.12	16.0
568.6	16.0
710.68	16.0
847.8	16.0
1102.44	16.0
1311.12	16.0
318.64	17.0
386.32	17.0
838.84	17.0
302.48	17.0
305.44	17.0
348.6	17.0
366.84	17.0
369.88	17.0
381.2	17.0
400.88	17.0
444.2	17.0
451.8	17.0
469.88	17.0
538.16	17.0
568.04	17.0
615.88	17.0
691.2	17.0
728.12	17.0
815.72	17.0
1048.52	17.0
302.48	18.0
337.16	18.0
376.08	18.0
390.36	18.0
460.6	18.0
491.4	18.0
517.16	18.0
531.2	18.0
607.0	18.0
1048.36	18.0
309.0	19.0
312.04	19.0
416.52	19.0
524.04	19.0
726.88	19.0
754.12	19.0
836.72	19.0
1016.12	20.0
308.96	20.0
311.48	20.0
314.52	20.0
317.08	20.0
326.56	20.0
343.72	20.0
348.44	20.0
353.68	20.0
359.44	20.0
363.96	20.0
370.24	20.0
375.36	20.0
387.16	20.0
392.44	20.0
401.16	20.0
409.64	20.0
415.04	20.0
421.32	20.0
425.52	20.0
435.84	20.0
441.6	20.0
446.64	20.0
468.68	20.0
474.36	20.0
484.4	20.0
514.24	20.0
530.92	20.0
537.36	20.0
546.76	20.0
555.08	20.0
568.12	20.0
575.48	20.0
600.64	20.0
625.0	20.0
652.08	20.0
686.96	20.0
696.32	20.0
743.12	20.0
752.28	20.0
784.0	20.0
794.48	20.0
818.0	20.0
830.32	20.0
836.8	20.0
874.04	20.0
880.48	20.0
903.04	20.0
930.4	20.0
947.16	20.0
986.72	20.0
1010.76	20.0
1026.88	20.0
1036.28	20.0
1047.52	20.0
1056.28	20.0
1080.64	20.0
1097.56	20.0
1107.96	20.0
1119.4	20.0
1126.08	20.0
1134.16	20.0
1160.28	20.0
1169.88	20.0
1179.84	20.0
1195.04	20.0
1232.48	20.0
1249.12	20.0
1280.96	20.0
1323.44	20.0
344.4	21.0
302.48	21.0
360.56	22.0
447.48	22.0
356.16	23.0
447.76	23.0
733.48	23.0
785.2	23.0
351.64	23.0
570.0	23.0
306.28	24.0
519.04	24.0
851.92	24.0
