309.24	1.0
317.28	1.0
502.32	1.0
1054.44	1.0
302.48	1.0
321.76	1.0
330.84	1.0
333.68	1.0
341.04	1.0
345.72	1.0
351.28	1.0
364.6	1.0
368.92	1.0
376.8	1.0
380.68	1.0
389.68	1.0
402.96	1.0
411.32	1.0
422.8	1.0
439.0	1.0
458.4	1.0
520.2	1.0
557.92	1.0
308.96	2.0
312.24	2.0
317.36	2.0
327.6	2.0
336.44	2.0
340.52	2.0
348.08	2.0
365.96	2.0
378.88	2.0
391.36	2.0
394.0	2.0
416.16	2.0
442.0	2.0
559.12	2.0
1185.84	2.0
1310.12	2.0
308.96	3.0
312.0	3.0
316.52	3.0
324.28	3.0
330.56	3.0
337.68	3.0
341.4	3.0
354.16	3.0
366.32	3.0
376.12	3.0
392.88	3.0
409.64	3.0
424.64	3.0
470.12	3.0
583.84	3.0
604.0	3.0
610.96	3.0
614.6	3.0
645.6	3.0
658.08	3.0
678.08	3.0
697.0	3.0
716.76	3.0
735.96	3.0
746.16	3.0
815.12	3.0
826.8	3.0
852.88	3.0
882.04	3.0
926.96	3.0
954.8	3.0
1004.4	3.0
1028.48	3.0
1049.12	3.0
1110.56	3.0
1145.8	3.0
1202.48	3.0
1214.64	3.0
1260.8	3.0
1284.76	3.0
1305.76	3.0
1317.64	3.0
306.4	5.0
1030.44	5.0
1186.24	5.0
1314.68	5.0
302.56	5.0
328.08	5.0
342.28	5.0
356.4	5.0
373.0	5.0
386.72	5.0
400.12	5.0
434.4	5.0
463.56	5.0
476.92	5.0
497.48	5.0
533.92	5.0
552.08	5.0
595.72	5.0
610.68	5.0
628.44	5.0
631.44	5.0
659.44	5.0
699.0	5.0
741.08	5.0
769.32	5.0
843.32	5.0
908.2	5.0
963.16	5.0
1077.36	5.0
1247.68	5.0
328.12	6.0
302.72	6.0
313.92	6.0
317.76	6.0
324.52	6.0
337.04	6.0
370.6	6.0
376.6	6.0
383.08	6.0
416.44	6.0
435.76	6.0
443.72	6.0
462.28	6.0
471.56	6.0
479.08	6.0
487.36	6.0
495.28	6.0
504.48	6.0
517.52	6.0
539.64	6.0
545.24	6.0
563.48	6.0
591.12	6.0
598.08	6.0
613.8	6.0
688.36	6.0
706.44	6.0
723.2	6.0
864.32	6.0
885.48	6.0
969.2	6.0
1000.36	6.0
1029.76	6.0
1059.16	6.0
1104.8	6.0
1124.0	6.0
1212.36	6.0
1262.6	6.0
1286.96	6.0
303.0	7.0
317.92	7.0
312.92	7.0
328.0	7.0
337.0	7.0
348.64	7.0
361.72	7.0
375.0	7.0
402.96	7.0
462.56	7.0
488.8	7.0
536.44	7.0
623.64	7.0
969.52	7.0
1286.44	7.0
315.8	8.0
705.24	8.0
302.72	8.0
312.92	8.0
329.36	8.0
356.16	8.0
359.8	8.0
308.96	9.0
312.2	9.0
379.72	9.0
317.24	9.0
330.56	9.0
352.44	9.0
339.44	10.0
309.0	10.0
311.8	10.0
302.48	11.0
322.28	11.0
334.76	11.0
359.04	11.0
370.6	11.0
382.6	11.0
397.56	11.0
427.8	11.0
328.92	11.0
339.76	11.0
374.04	11.0
1262.68	11.0
312.4	12.0
325.32	12.0
391.6	12.0
303.96	12.0
333.84	12.0
338.68	12.0
376.64	12.0
381.88	12.0
402.12	12.0
404.68	12.0
407.68	12.0
424.08	12.0
427.0	12.0
458.04	12.0
465.92	12.0
468.68	12.0
544.32	12.0
589.0	12.0
631.52	12.0
638.6	12.0
670.72	12.0
955.32	12.0
966.36	12.0
969.64	12.0
990.64	12.0
1026.76	12.0
1058.16	12.0
1067.16	12.0
1106.36	12.0
1288.44	12.0
1310.08	12.0
302.76	13.0
313.8	13.0
322.0	13.0
325.48	13.0
328.92	13.0
335.92	13.0
341.36	13.0
348.44	13.0
352.28	13.0
356.76	13.0
363.72	13.0
372.12	13.0
375.2	13.0
378.4	13.0
390.12	13.0
395.84	13.0
399.12	13.0
403.92	13.0
415.2	13.0
422.08	13.0
429.76	13.0
439.68	13.0
446.44	13.0
461.16	13.0
469.52	13.0
478.56	13.0
488.44	13.0
491.64	13.0
499.16	13.0
516.48	13.0
536.96	13.0
546.96	13.0
558.56	13.0
574.04	13.0
594.8	13.0
610.64	13.0
624.4	13.0
644.76	13.0
664.36	13.0
692.32	13.0
720.36	13.0
749.04	13.0
776.0	13.0
805.56	13.0
829.72	13.0
850.16	13.0
870.64	13.0
898.4	13.0
928.44	13.0
969.88	13.0
999.96	13.0
1036.2	13.0
1071.24	13.0
1106.44	13.0
1161.76	13.0
302.56	14.0
306.64	14.0
376.6	14.0
864.76	14.0
1003.68	14.0
337.08	15.0
361.84	15.0
488.92	15.0
333.2	15.0
446.64	15.0
337.04	16.0
362.88	16.0
387.28	16.0
424.36	16.0
382.56	17.0
433.84	17.0
1103.16	17.0
302.48	17.0
338.76	17.0
341.8	17.0
356.96	17.0
388.48	17.0
424.52	17.0
458.16	17.0
518.68	17.0
543.92	17.0
753.48	17.0
898.4	17.0
1075.24	17.0
1186.8	17.0
302.48	18.0
319.56	18.0
326.0	18.0
332.52	18.0
378.56	18.0
394.76	18.0
465.88	18.0
898.2	18.0
1268.96	18.0
308.96	19.0
311.88	19.0
319.4	19.0
369.76	19.0
568.24	19.0
1103.08	19.0
310.48	20.0
417.4	20.0
314.56	20.0
319.16	20.0
322.96	20.0
325.8	20.0
330.8	20.0
335.52	20.0
339.84	20.0
344.48	20.0
350.68	20.0
355.88	20.0
363.84	20.0
367.36	20.0
373.48	20.0
378.24	20.0
382.52	20.0
390.2	20.0
392.76	20.0
399.28	20.0
403.92	20.0
414.8	20.0
426.64	20.0
451.84	20.0
465.72	20.0
476.52	20.0
513.4	20.0
519.4	20.0
540.32	20.0
546.76	20.0
561.96	20.0
622.0	20.0
633.76	20.0
642.48	20.0
648.84	20.0
670.28	20.0
680.0	20.0
705.72	20.0
715.52	20.0
726.68	20.0
744.6	20.0
784.6	20.0
835.12	20.0
851.4	20.0
864.4	20.0
876.68	20.0
906.76	20.0
946.36	20.0
951.8	20.0
960.6	20.0
971.16	20.0
1011.2	20.0
1026.12	20.0
1035.96	20.0
1058.44	20.0
1103.2	20.0
1136.8	20.0
1150.28	20.0
1189.44	20.0
1197.76	20.0
1207.56	20.0
1238.08	20.0
1245.0	20.0
1263.64	20.0
1275.52	20.0
1313.52	20.0
1329.0	20.0
302.48	21.0
781.52	21.0
338.96	22.0
351.08	22.0
442.96	22.0
374.36	22.0
303.76	23.0
338.04	23.0
374.56	23.0
459.04	23.0
316.48	23.0
306.44	24.0
330.52	24.0
340.32	24.0
349.56	24.0
781.36	24.0
