310.04	1.0
852.96	1.0
968.56	1.0
302.52	1.0
329.16	1.0
344.84	1.0
358.04	1.0
367.84	1.0
377.24	1.0
388.72	1.0
415.12	1.0
572.8	1.0
604.48	1.0
788.32	1.0
1220.32	1.0
1222.92	1.0
308.96	2.0
311.8	2.0
326.8	2.0
345.16	2.0
358.92	2.0
375.8	2.0
406.24	2.0
459.4	2.0
486.04	2.0
749.12	2.0
945.56	2.0
1090.16	2.0
1357.84	2.0
639.2	3.0
309.0	3.0
311.88	3.0
321.04	3.0
330.44	3.0
336.12	3.0
340.08	3.0
346.0	3.0
355.0	3.0
358.08	3.0
364.48	3.0
372.92	3.0
383.84	3.0
394.04	3.0
404.76	3.0
452.16	3.0
464.36	3.0
473.92	3.0
482.16	3.0
488.28	3.0
496.72	3.0
512.08	3.0
525.68	3.0
538.68	3.0
554.96	3.0
563.72	3.0
573.8	3.0
607.36	3.0
623.36	3.0
627.96	3.0
647.08	3.0
662.92	3.0
689.12	3.0
718.12	3.0
735.08	3.0
744.2	3.0
774.84	3.0
856.92	3.0
898.08	3.0
938.72	3.0
1020.72	3.0
306.88	5.0
315.24	5.0
621.72	5.0
967.92	5.0
330.76	5.0
342.68	5.0
369.48	5.0
390.68	5.0
409.04	5.0
413.32	5.0
446.4	5.0
493.96	5.0
550.6	5.0
706.84	5.0
725.24	5.0
302.72	6.0
309.12	6.0
312.88	6.0
317.6	6.0
329.24	6.0
345.92	6.0
356.52	6.0
361.8	6.0
367.76	6.0
376.96	6.0
381.92	6.0
388.16	6.0
392.28	6.0
400.8	6.0
409.64	6.0
416.44	6.0
428.36	6.0
440.08	6.0
458.4	6.0
465.44	6.0
476.44	6.0
488.08	6.0
518.6	6.0
535.72	6.0
603.96	6.0
620.08	6.0
649.64	6.0
657.28	6.0
688.88	6.0
707.04	6.0
736.32	6.0
740.24	6.0
765.6	6.0
793.12	6.0
837.32	6.0
863.8	6.0
903.12	6.0
948.6	6.0
991.56	6.0
1058.76	6.0
1072.08	6.0
1145.0	6.0
1298.76	6.0
303.0	7.0
316.64	7.0
330.12	7.0
336.36	7.0
344.56	7.0
355.24	7.0
373.12	7.0
392.64	7.0
409.32	7.0
707.36	7.0
866.24	7.0
330.6	8.0
459.64	8.0
765.04	8.0
805.36	8.0
302.76	8.0
308.84	8.0
321.0	8.0
333.48	8.0
344.24	8.0
357.24	8.0
408.0	8.0
483.52	8.0
707.28	8.0
1058.52	8.0
308.96	9.0
312.08	9.0
314.6	9.0
348.12	9.0
394.68	9.0
309.0	10.0
312.24	10.0
302.48	11.0
328.32	11.0
387.28	11.0
314.64	11.0
787.8	11.0
391.92	12.0
537.92	12.0
569.24	12.0
827.88	12.0
302.96	12.0
313.28	12.0
315.8	12.0
330.08	12.0
342.68	12.0
346.28	12.0
355.88	12.0
366.4	12.0
373.84	12.0
387.32	12.0
402.2	12.0
434.36	12.0
445.56	12.0
460.56	12.0
479.04	12.0
487.0	12.0
514.64	12.0
559.76	12.0
596.8	12.0
617.12	12.0
639.8	12.0
686.76	12.0
767.12	12.0
793.2	12.0
824.56	12.0
919.72	12.0
1001.56	12.0
1076.68	12.0
1092.8	12.0
1112.96	12.0
1121.16	12.0
1161.96	12.0
1202.16	12.0
1238.96	12.0
302.8	13.0
316.04	13.0
323.48	13.0
329.08	13.0
332.0	13.0
342.0	13.0
351.44	13.0
359.72	13.0
371.6	13.0
383.28	13.0
392.8	13.0
403.24	13.0
414.24	13.0
433.64	13.0
443.88	13.0
461.92	13.0
476.32	13.0
491.12	13.0
505.6	13.0
510.56	13.0
527.36	13.0
548.0	13.0
563.72	13.0
579.04	13.0
608.52	13.0
631.6	13.0
651.16	13.0
684.4	13.0
687.52	13.0
718.64	13.0
741.16	13.0
765.0	13.0
820.16	13.0
911.12	13.0
330.0	14.0
459.48	14.0
769.0	14.0
316.76	15.0
330.24	15.0
344.64	15.0
409.36	15.0
866.28	15.0
303.08	15.0
637.92	15.0
348.04	16.0
383.0	16.0
436.68	16.0
504.08	16.0
548.44	16.0
680.32	16.0
789.28	16.0
884.64	16.0
991.72	16.0
1156.32	16.0
478.84	17.0
302.48	17.0
315.56	17.0
343.24	17.0
350.16	17.0
355.64	17.0
362.96	17.0
433.52	17.0
596.84	17.0
648.24	17.0
302.48	18.0
309.52	18.0
349.96	18.0
355.64	18.0
376.16	18.0
654.24	18.0
308.96	19.0
312.2	19.0
764.76	19.0
707.0	19.0
892.72	19.0
308.96	20.0
312.44	20.0
319.48	20.0
325.04	20.0
329.36	20.0
337.72	20.0
345.08	20.0
349.64	20.0
356.16	20.0
361.76	20.0
366.4	20.0
372.76	20.0
384.08	20.0
389.32	20.0
394.44	20.0
400.32	20.0
405.04	20.0
408.72	20.0
420.76	20.0
429.36	20.0
438.84	20.0
445.56	20.0
472.36	20.0
477.48	20.0
492.48	20.0
568.72	20.0
620.0	20.0
629.56	20.0
636.64	20.0
649.92	20.0
655.64	20.0
701.0	20.0
715.6	20.0
726.76	20.0
733.28	20.0
787.32	20.0
805.36	20.0
818.36	20.0
825.24	20.0
836.6	20.0
861.72	20.0
906.56	20.0
947.68	20.0
953.96	20.0
980.04	20.0
988.76	20.0
1010.44	20.0
1038.72	20.0
1055.16	20.0
1069.56	20.0
1087.72	20.0
1098.08	20.0
1108.0	20.0
1120.0	20.0
1162.44	20.0
1185.28	20.0
1201.56	20.0
1256.84	20.0
302.48	21.0
302.68	22.0
329.2	22.0
408.24	22.0
314.76	23.0
332.12	23.0
680.52	23.0
360.4	23.0
607.24	23.0
656.08	23.0
304.8	24.0
308.24	24.0
347.12	24.0
1077.44	24.0
