322.16	1.0
326.52	1.0
329.32	1.0
1023.04	1.0
303.04	1.0
309.04	1.0
342.2	1.0
344.72	1.0
354.92	1.0
359.84	1.0
371.08	1.0
386.84	1.0
401.4	1.0
415.8	1.0
421.2	1.0
440.0	1.0
452.16	1.0
638.48	1.0
823.84	1.0
1367.36	1.0
1372.16	1.0
1422.92	1.0
309.0	2.0
312.04	2.0
316.64	2.0
326.44	2.0
328.96	2.0
352.8	2.0
386.4	2.0
402.96	2.0
441.04	2.0
464.08	2.0
846.12	2.0
981.32	2.0
1087.92	2.0
1155.56	2.0
1293.32	2.0
1368.96	2.0
335.48	3.0
655.32	3.0
309.0	3.0
311.88	3.0
317.48	3.0
324.56	3.0
328.76	3.0
348.92	3.0
353.12	3.0
386.4	3.0
401.0	3.0
405.16	3.0
422.92	3.0
431.24	3.0
444.28	3.0
464.44	3.0
488.68	3.0
545.36	3.0
556.76	3.0
570.8	3.0
581.68	3.0
587.6	3.0
610.4	3.0
631.04	3.0
666.44	3.0
685.16	3.0
704.08	3.0
732.92	3.0
755.76	3.0
758.32	3.0
798.6	3.0
821.48	3.0
846.16	3.0
864.12	3.0
910.2	3.0
968.44	3.0
1006.6	3.0
1041.64	3.0
1045.36	3.0
1167.48	3.0
1259.64	3.0
1295.76	3.0
1379.36	3.0
459.24	4.0
922.4	5.0
304.96	5.0
326.0	5.0
340.52	5.0
361.72	5.0
375.08	5.0
387.12	5.0
429.76	5.0
473.84	5.0
514.36	5.0
533.04	5.0
543.36	5.0
586.52	5.0
644.76	5.0
666.44	5.0
875.72	5.0
1111.6	5.0
1158.6	5.0
1372.2	5.0
302.88	6.0
317.88	6.0
326.52	6.0
334.48	6.0
337.92	6.0
342.92	6.0
379.76	6.0
387.8	6.0
407.76	6.0
413.6	6.0
417.88	6.0
424.28	6.0
432.16	6.0
440.84	6.0
448.2	6.0
462.76	6.0
475.28	6.0
485.88	6.0
496.12	6.0
524.6	6.0
538.0	6.0
550.64	6.0
567.64	6.0
613.76	6.0
681.76	6.0
719.04	6.0
751.08	6.0
786.0	6.0
806.44	6.0
832.12	6.0
844.44	6.0
864.28	6.0
895.0	6.0
980.84	6.0
1011.96	6.0
1030.44	6.0
1070.0	6.0
1113.12	6.0
1148.96	6.0
1191.28	6.0
1235.76	6.0
1265.36	6.0
1337.04	6.0
1366.16	6.0
1424.68	6.0
302.96	7.0
313.96	7.0
326.04	7.0
340.64	7.0
356.88	7.0
377.96	7.0
386.68	7.0
399.68	7.0
429.72	7.0
441.16	7.0
537.6	7.0
619.96	7.0
895.32	7.0
487.48	8.0
720.28	8.0
1015.28	8.0
1207.6	8.0
302.76	8.0
308.92	8.0
316.64	8.0
346.24	8.0
390.64	8.0
308.96	9.0
311.92	9.0
315.04	9.0
332.24	9.0
342.44	9.0
361.84	9.0
388.28	9.0
1014.12	9.0
309.0	10.0
312.2	10.0
356.76	10.0
302.48	11.0
307.64	11.0
329.32	11.0
337.4	11.0
364.52	11.0
391.76	11.0
394.84	11.0
314.56	11.0
361.68	11.0
1058.56	11.0
1296.0	11.0
1315.76	11.0
363.28	12.0
378.8	12.0
922.0	12.0
303.08	12.0
307.16	12.0
312.76	12.0
317.64	12.0
329.16	12.0
339.12	12.0
343.44	12.0
345.96	12.0
360.64	12.0
373.12	12.0
437.44	12.0
458.8	12.0
488.72	12.0
509.04	12.0
571.84	12.0
588.28	12.0
655.72	12.0
692.2	12.0
718.8	12.0
748.72	12.0
841.92	12.0
899.68	12.0
953.92	12.0
964.96	12.0
979.28	12.0
1000.12	12.0
1014.84	12.0
1046.32	12.0
1142.84	12.0
1158.72	12.0
1217.52	12.0
1295.92	12.0
1305.56	12.0
1310.32	12.0
1357.28	12.0
1372.24	12.0
1400.16	12.0
302.72	13.0
312.96	13.0
323.92	13.0
332.96	13.0
337.16	13.0
340.2	13.0
348.64	13.0
356.08	13.0
360.24	13.0
371.52	13.0
388.08	13.0
401.56	13.0
409.04	13.0
418.08	13.0
424.76	13.0
428.88	13.0
434.16	13.0
441.88	13.0
460.72	13.0
472.52	13.0
477.16	13.0
484.64	13.0
513.2	13.0
526.64	13.0
540.04	13.0
545.04	13.0
548.08	13.0
560.0	13.0
573.96	13.0
590.12	13.0
608.72	13.0
620.84	13.0
623.36	13.0
640.08	13.0
657.72	13.0
687.2	13.0
704.68	13.0
734.72	13.0
767.4	13.0
802.56	13.0
831.52	13.0
879.4	13.0
1043.64	13.0
428.52	14.0
1414.72	14.0
304.44	15.0
326.16	15.0
340.76	15.0
356.96	15.0
332.48	15.0
331.28	16.0
361.2	16.0
401.92	16.0
520.52	16.0
600.2	16.0
1311.64	16.0
1392.92	16.0
314.08	16.0
518.68	17.0
302.48	17.0
316.64	17.0
342.32	17.0
345.88	17.0
363.88	17.0
366.4	17.0
395.68	17.0
403.84	17.0
664.76	17.0
1043.2	17.0
1191.28	17.0
1256.36	17.0
1282.84	17.0
1356.72	17.0
302.48	18.0
390.08	18.0
445.6	18.0
472.84	18.0
573.96	18.0
617.24	18.0
741.88	18.0
309.0	19.0
311.88	19.0
435.36	19.0
360.68	19.0
892.68	19.0
1028.44	19.0
1320.04	19.0
330.96	20.0
309.0	20.0
311.52	20.0
315.96	20.0
319.48	20.0
325.32	20.0
338.48	20.0
342.4	20.0
349.88	20.0
354.04	20.0
361.16	20.0
364.76	20.0
377.6	20.0
381.24	20.0
383.88	20.0
387.92	20.0
395.88	20.0
403.28	20.0
408.04	20.0
413.8	20.0
522.2	20.0
544.12	20.0
563.64	20.0
568.48	20.0
596.08	20.0
609.6	20.0
623.2	20.0
635.2	20.0
692.64	20.0
718.88	20.0
785.6	20.0
798.56	20.0
806.36	20.0
849.12	20.0
863.28	20.0
878.16	20.0
894.28	20.0
901.84	20.0
935.28	20.0
953.88	20.0
984.0	20.0
1015.36	20.0
1025.96	20.0
1034.28	20.0
1042.96	20.0
1058.08	20.0
1090.6	20.0
1112.96	20.0
1124.2	20.0
1155.2	20.0
1192.08	20.0
1200.4	20.0
1226.12	20.0
1240.68	20.0
1246.32	20.0
1281.56	20.0
1290.96	20.0
1296.16	20.0
1315.24	20.0
1334.36	20.0
1344.72	20.0
1350.04	20.0
1355.0	20.0
1371.4	20.0
1379.44	20.0
1390.12	20.0
1423.68	20.0
302.48	21.0
317.6	21.0
345.04	21.0
355.96	22.0
402.12	22.0
409.44	22.0
327.36	22.0
312.8	23.0
340.36	23.0
357.12	23.0
631.32	23.0
657.8	23.0
316.2	23.0
437.08	23.0
662.48	23.0
306.44	24.0
411.28	24.0
