314.44	1.0
320.52	1.0
925.24	1.0
1088.2	1.0
302.48	1.0
309.44	1.0
331.24	1.0
337.0	1.0
340.12	1.0
358.52	1.0
379.48	1.0
399.68	1.0
405.8	1.0
423.4	1.0
571.44	1.0
308.96	2.0
311.84	2.0
326.48	2.0
346.36	2.0
358.48	2.0
379.8	2.0
386.64	2.0
408.24	2.0
421.92	2.0
450.12	2.0
479.88	2.0
1062.76	2.0
1244.32	2.0
309.0	3.0
312.36	3.0
323.2	3.0
330.72	3.0
337.08	3.0
348.24	3.0
352.12	3.0
356.16	3.0
365.76	3.0
372.96	3.0
378.64	3.0
390.08	3.0
402.44	3.0
410.52	3.0
414.96	3.0
479.32	3.0
511.36	3.0
521.76	3.0
531.56	3.0
542.64	3.0
554.52	3.0
569.2	3.0
582.48	3.0
588.2	3.0
627.72	3.0
711.36	3.0
716.52	3.0
783.68	3.0
800.48	3.0
817.24	3.0
830.24	3.0
856.08	3.0
865.64	3.0
871.52	3.0
897.8	3.0
940.36	3.0
1001.12	3.0
1012.6	3.0
1040.16	3.0
1079.4	3.0
1116.64	3.0
1183.32	3.0
1236.36	3.0
1245.52	3.0
355.6	5.0
691.96	5.0
1107.96	5.0
327.12	5.0
347.04	5.0
371.08	5.0
389.84	5.0
407.72	5.0
424.84	5.0
434.92	5.0
460.36	5.0
476.04	5.0
509.6	5.0
538.44	5.0
556.92	5.0
579.56	5.0
607.32	5.0
675.52	5.0
716.64	5.0
759.76	5.0
302.88	6.0
309.16	6.0
313.12	6.0
320.12	6.0
325.92	6.0
339.08	6.0
353.44	6.0
362.08	6.0
366.56	6.0
371.8	6.0
379.32	6.0
420.56	6.0
425.48	6.0
437.24	6.0
444.04	6.0
451.2	6.0
455.08	6.0
468.44	6.0
494.12	6.0
509.76	6.0
523.04	6.0
543.04	6.0
584.44	6.0
595.36	6.0
617.24	6.0
630.36	6.0
658.8	6.0
683.92	6.0
714.6	6.0
730.4	6.0
756.96	6.0
802.76	6.0
827.32	6.0
843.8	6.0
870.52	6.0
898.92	6.0
947.72	6.0
953.04	6.0
972.16	6.0
1021.92	6.0
1046.16	6.0
1063.32	6.0
1077.32	6.0
1146.64	6.0
1162.68	6.0
1191.56	6.0
1239.52	6.0
1275.6	6.0
1355.32	6.0
304.36	7.0
309.52	7.0
313.44	7.0
330.04	7.0
345.04	7.0
359.64	7.0
373.56	7.0
387.32	7.0
407.64	7.0
418.4	7.0
466.68	7.0
486.4	7.0
508.96	7.0
523.4	7.0
582.4	7.0
842.4	7.0
988.96	7.0
1072.76	7.0
417.4	8.0
709.84	8.0
757.04	8.0
869.28	8.0
302.72	8.0
308.32	8.0
316.72	8.0
335.28	8.0
348.92	8.0
352.0	8.0
394.52	8.0
405.16	8.0
407.8	8.0
308.96	9.0
311.72	9.0
352.6	9.0
375.36	9.0
308.96	10.0
311.88	10.0
302.48	11.0
308.68	11.0
342.08	11.0
359.6	11.0
385.24	11.0
414.96	11.0
333.2	11.0
370.68	11.0
442.12	11.0
513.04	11.0
360.48	12.0
388.96	12.0
424.44	12.0
470.76	12.0
579.88	12.0
641.2	12.0
303.32	12.0
313.4	12.0
319.16	12.0
328.36	12.0
334.24	12.0
336.84	12.0
342.2	12.0
347.76	12.0
356.88	12.0
366.16	12.0
380.68	12.0
407.64	12.0
420.28	12.0
440.68	12.0
447.68	12.0
480.16	12.0
487.4	12.0
528.52	12.0
538.48	12.0
591.84	12.0
607.16	12.0
685.08	12.0
705.36	12.0
809.0	12.0
867.28	12.0
873.0	12.0
923.72	12.0
946.48	12.0
950.92	12.0
1003.68	12.0
1045.4	12.0
1065.72	12.0
1117.28	12.0
1135.0	12.0
1154.24	12.0
1258.72	12.0
1308.52	12.0
1350.72	12.0
302.68	13.0
314.2	13.0
324.32	13.0
333.32	13.0
344.48	13.0
355.56	13.0
367.72	13.0
375.2	13.0
389.0	13.0
394.6	13.0
409.4	13.0
416.56	13.0
419.08	13.0
426.48	13.0
434.96	13.0
444.92	13.0
457.96	13.0
468.52	13.0
479.2	13.0
488.24	13.0
505.84	13.0
510.72	13.0
514.28	13.0
531.72	13.0
542.56	13.0
552.96	13.0
566.56	13.0
581.48	13.0
598.16	13.0
618.0	13.0
633.6	13.0
647.2	13.0
665.24	13.0
686.52	13.0
708.6	13.0
725.92	13.0
751.68	13.0
773.48	13.0
790.68	13.0
806.44	13.0
825.76	13.0
845.24	13.0
872.52	13.0
897.28	13.0
927.2	13.0
955.32	13.0
998.88	13.0
1064.2	13.0
1104.88	13.0
1136.8	13.0
1198.36	13.0
359.68	14.0
593.64	14.0
302.52	14.0
319.8	14.0
346.56	14.0
410.0	14.0
460.24	14.0
477.24	14.0
511.84	14.0
705.0	14.0
486.52	15.0
989.04	15.0
303.08	15.0
313.0	15.0
362.04	15.0
596.56	15.0
336.24	16.0
362.32	16.0
380.96	16.0
401.36	16.0
481.12	16.0
1154.24	16.0
445.24	17.0
302.48	17.0
331.56	17.0
336.2	17.0
339.04	17.0
344.16	17.0
357.84	17.0
373.24	17.0
378.08	17.0
401.84	17.0
451.92	17.0
455.08	17.0
463.68	17.0
530.76	17.0
543.6	17.0
578.0	17.0
648.28	17.0
766.0	17.0
815.8	17.0
841.24	17.0
1010.28	17.0
1116.48	17.0
302.48	18.0
317.48	18.0
387.64	18.0
412.08	18.0
417.48	18.0
831.32	18.0
840.96	18.0
1114.36	18.0
308.96	19.0
311.84	19.0
327.44	19.0
358.56	19.0
658.36	19.0
309.0	20.0
311.92	20.0
316.48	20.0
329.16	20.0
332.52	20.0
335.96	20.0
340.84	20.0
344.92	20.0
349.0	20.0
354.4	20.0
357.84	20.0
362.56	20.0
368.64	20.0
374.96	20.0
379.68	20.0
384.24	20.0
388.48	20.0
407.24	20.0
411.8	20.0
414.84	20.0
427.72	20.0
458.36	20.0
465.2	20.0
471.88	20.0
488.44	20.0
505.48	20.0
511.52	20.0
526.56	20.0
538.52	20.0
552.48	20.0
559.92	20.0
590.48	20.0
598.44	20.0
609.64	20.0
622.92	20.0
658.44	20.0
682.32	20.0
684.88	20.0
695.4	20.0
718.28	20.0
742.6	20.0
780.36	20.0
786.84	20.0
807.64	20.0
816.72	20.0
829.36	20.0
841.08	20.0
872.0	20.0
938.4	20.0
947.72	20.0
952.08	20.0
1004.64	20.0
1008.84	20.0
1014.72	20.0
1020.8	20.0
1044.4	20.0
1064.8	20.0
1079.08	20.0
1102.0	20.0
1113.92	20.0
1131.68	20.0
1143.44	20.0
1163.96	20.0
1173.88	20.0
1177.04	20.0
1195.2	20.0
1208.08	20.0
1224.28	20.0
1237.48	20.0
1247.36	20.0
1261.76	20.0
1306.96	20.0
1325.6	20.0
316.48	21.0
302.48	21.0
327.2	22.0
451.68	22.0
754.4	22.0
370.32	22.0
312.96	23.0
358.6	23.0
409.4	23.0
334.08	23.0
475.76	23.0
560.84	23.0
618.72	23.0
307.24	24.0
393.68	24.0
717.04	24.0
901.8	24.0
