310.64	1.0
322.32	1.0
340.44	1.0
905.8	1.0
1183.88	1.0
302.96	1.0
325.8	1.0
329.2	1.0
335.92	1.0
344.28	1.0
355.48	1.0
358.08	1.0
366.08	1.0
370.56	1.0
374.24	1.0
389.84	1.0
406.16	1.0
411.48	1.0
489.12	1.0
495.64	1.0
516.56	1.0
537.68	1.0
1243.92	1.0
309.0	2.0
312.08	2.0
322.8	2.0
340.84	2.0
366.16	2.0
379.0	2.0
410.72	2.0
477.04	2.0
511.44	2.0
624.04	2.0
1051.68	2.0
1241.72	2.0
317.28	3.0
309.0	3.0
312.12	3.0
325.28	3.0
332.88	3.0
336.96	3.0
346.64	3.0
363.32	3.0
366.88	3.0
382.08	3.0
419.6	3.0
422.36	3.0
449.76	3.0
513.72	3.0
584.08	3.0
607.48	3.0
614.8	3.0
624.92	3.0
634.68	3.0
666.24	3.0
691.12	3.0
712.84	3.0
718.36	3.0
725.84	3.0
838.36	3.0
857.52	3.0
879.44	3.0
903.0	3.0
910.16	3.0
941.4	3.0
973.56	3.0
990.32	3.0
1006.08	3.0
1039.0	3.0
1053.32	3.0
1062.04	3.0
1088.44	3.0
1102.04	3.0
1127.64	3.0
1166.96	3.0
1170.28	3.0
1225.32	3.0
1259.56	3.0
602.6	5.0
685.92	5.0
786.56	5.0
325.6	5.0
343.92	5.0
357.28	5.0
366.52	5.0
381.16	5.0
399.44	5.0
413.6	5.0
426.52	5.0
449.8	5.0
464.56	5.0
475.28	5.0
479.32	5.0
497.92	5.0
513.04	5.0
528.64	5.0
578.92	5.0
621.36	5.0
652.8	5.0
678.48	5.0
718.64	5.0
764.2	5.0
804.08	5.0
947.04	5.0
1052.56	5.0
302.48	6.0
312.64	6.0
317.72	6.0
323.08	6.0
327.04	6.0
332.32	6.0
338.84	6.0
342.56	6.0
350.2	6.0
355.88	6.0
397.6	6.0
402.64	6.0
411.64	6.0
416.56	6.0
422.88	6.0
428.24	6.0
471.56	6.0
479.84	6.0
487.32	6.0
496.52	6.0
504.84	6.0
510.2	6.0
541.24	6.0
567.52	6.0
581.56	6.0
606.04	6.0
620.64	6.0
627.96	6.0
645.52	6.0
663.6	6.0
679.64	6.0
704.96	6.0
722.68	6.0
745.0	6.0
780.04	6.0
829.92	6.0
864.68	6.0
889.72	6.0
921.44	6.0
943.24	6.0
974.4	6.0
1017.88	6.0
1083.64	6.0
1153.88	6.0
1199.0	6.0
1219.12	6.0
1257.64	6.0
1301.84	6.0
302.84	7.0
313.48	7.0
325.96	7.0
340.12	7.0
343.08	7.0
356.92	7.0
366.76	7.0
376.96	7.0
398.88	7.0
413.32	7.0
416.96	7.0
423.84	7.0
474.32	7.0
495.64	7.0
510.6	7.0
539.64	7.0
563.8	7.0
602.64	7.0
941.48	7.0
1018.2	7.0
1105.64	7.0
1154.2	7.0
305.04	8.0
704.96	8.0
302.48	8.0
315.8	8.0
329.96	8.0
340.0	8.0
353.64	8.0
438.64	8.0
1227.36	8.0
309.0	9.0
311.8	9.0
317.12	9.0
339.72	9.0
376.08	9.0
411.44	9.0
1233.8	9.0
309.04	10.0
311.76	10.0
504.6	10.0
302.48	11.0
315.88	11.0
319.44	11.0
330.64	11.0
342.24	11.0
354.88	11.0
366.72	11.0
369.76	11.0
424.08	11.0
492.16	11.0
311.6	11.0
384.44	11.0
403.48	11.0
442.24	11.0
469.4	11.0
1054.64	11.0
325.72	12.0
341.64	12.0
360.0	12.0
389.32	12.0
394.64	12.0
723.56	12.0
753.0	12.0
302.88	12.0
312.72	12.0
317.72	12.0
344.48	12.0
351.56	12.0
357.08	12.0
364.12	12.0
373.72	12.0
384.96	12.0
406.44	12.0
422.12	12.0
432.48	12.0
443.76	12.0
452.08	12.0
546.16	12.0
584.8	12.0
592.36	12.0
617.44	12.0
656.08	12.0
790.68	12.0
811.8	12.0
848.16	12.0
887.68	12.0
915.12	12.0
918.0	12.0
975.4	12.0
1019.96	12.0
1052.72	12.0
1133.96	12.0
1201.28	12.0
487.2	13.0
302.48	13.0
313.2	13.0
322.96	13.0
325.6	13.0
335.12	13.0
341.44	13.0
347.8	13.0
356.12	13.0
362.24	13.0
367.48	13.0
375.12	13.0
379.56	13.0
392.84	13.0
400.84	13.0
407.08	13.0
410.36	13.0
420.12	13.0
427.12	13.0
443.0	13.0
453.88	13.0
461.4	13.0
478.96	13.0
497.92	13.0
505.48	13.0
508.44	13.0
518.2	13.0
545.52	13.0
569.24	13.0
582.36	13.0
596.4	13.0
606.28	13.0
619.08	13.0
631.96	13.0
646.88	13.0
660.84	13.0
684.08	13.0
703.68	13.0
722.76	13.0
749.44	13.0
771.6	13.0
789.08	13.0
803.32	13.0
828.08	13.0
855.2	13.0
883.08	13.0
909.24	13.0
926.48	13.0
959.0	13.0
988.96	13.0
1027.32	13.0
1092.2	13.0
1156.56	13.0
1202.6	13.0
312.04	14.0
325.92	14.0
344.88	14.0
399.64	14.0
768.2	14.0
1149.56	14.0
390.4	15.0
336.6	16.0
362.12	16.0
548.0	16.0
610.6	16.0
714.68	16.0
478.36	16.0
497.88	16.0
302.48	17.0
315.52	17.0
321.92	17.0
331.72	17.0
339.28	17.0
372.32	17.0
375.2	17.0
390.04	17.0
416.0	17.0
426.0	17.0
452.72	17.0
476.12	17.0
495.52	17.0
499.68	17.0
515.04	17.0
575.12	17.0
623.32	17.0
702.32	17.0
748.96	17.0
869.96	17.0
893.52	17.0
908.92	17.0
1233.4	17.0
1315.88	17.0
315.92	18.0
302.48	18.0
308.68	18.0
352.92	18.0
809.16	18.0
844.2	18.0
894.28	18.0
309.0	19.0
311.76	19.0
325.28	19.0
397.12	19.0
1077.12	20.0
308.92	20.0
311.68	20.0
318.2	20.0
321.6	20.0
325.36	20.0
330.84	20.0
335.16	20.0
344.88	20.0
350.16	20.0
363.32	20.0
373.6	20.0
378.12	20.0
389.52	20.0
393.16	20.0
400.08	20.0
404.36	20.0
409.64	20.0
414.6	20.0
419.4	20.0
431.92	20.0
468.12	20.0
486.72	20.0
495.84	20.0
509.36	20.0
515.4	20.0
607.0	20.0
626.76	20.0
640.0	20.0
663.4	20.0
670.24	20.0
726.04	20.0
737.36	20.0
748.84	20.0
783.24	20.0
786.2	20.0
812.92	20.0
839.92	20.0
857.92	20.0
886.08	20.0
902.2	20.0
929.8	20.0
945.8	20.0
970.64	20.0
974.12	20.0
1003.32	20.0
1050.28	20.0
1054.16	20.0
1071.08	20.0
1085.4	20.0
1093.28	20.0
1116.44	20.0
1128.52	20.0
1131.64	20.0
1151.6	20.0
1162.84	20.0
1199.44	20.0
1208.72	20.0
1218.04	20.0
1243.36	20.0
1255.0	20.0
1276.36	20.0
1288.16	20.0
1295.16	20.0
1312.72	20.0
318.88	21.0
354.4	21.0
302.48	21.0
325.56	22.0
379.68	22.0
312.12	23.0
337.24	23.0
785.72	23.0
803.4	23.0
380.96	23.0
398.0	23.0
427.68	23.0
495.92	23.0
306.96	24.0
428.04	24.0
767.88	24.0
