53.52	1.0
410.16	1.0
499.44	1.0
302.48	1.0
306.92	1.0
308.96	2.0
311.68	2.0
154.84	2.0
966.16	2.0
21.0	3.0
24.12	3.0
124.36	3.0
158.72	3.0
216.96	3.0
249.92	3.0
254.44	3.0
309.0	3.0
311.84	3.0
321.32	3.0
341.0	3.0
380.28	3.0
387.2	3.0
395.36	3.0
402.2	3.0
813.96	3.0
347.36	5.0
5.72	6.0
21.96	6.0
74.64	6.0
90.2	6.0
108.92	6.0
145.48	6.0
285.24	6.0
302.88	6.0
317.6	6.0
325.44	6.0
336.76	6.0
354.4	6.0
385.4	6.0
425.24	6.0
541.64	6.0
813.56	6.0
850.76	6.0
306.12	7.0
6.04	7.0
75.0	7.0
302.88	7.0
129.92	8.0
161.48	8.0
302.48	8.0
309.0	9.0
312.04	9.0
535.68	9.0
309.0	10.0
311.92	10.0
302.48	11.0
310.0	11.0
142.2	11.0
92.32	12.0
302.64	12.0
348.64	12.0
367.48	12.0
401.04	12.0
9.48	12.0
18.48	12.0
125.04	12.0
160.96	12.0
183.68	12.0
218.52	12.0
329.48	12.0
395.6	12.0
408.0	12.0
486.2	12.0
31.16	13.0
93.6	13.0
195.76	13.0
302.48	13.0
313.52	13.0
325.88	13.0
340.48	13.0
355.24	13.0
377.48	13.0
416.6	13.0
7.96	14.0
302.48	14.0
304.96	15.0
307.96	15.0
87.4	16.0
317.44	16.0
608.44	16.0
469.04	17.0
57.72	17.0
302.48	17.0
309.16	17.0
492.12	17.0
31.8	18.0
302.48	18.0
333.32	18.0
308.96	19.0
311.72	19.0
325.76	19.0
471.28	19.0
9.2	20.0
21.52	20.0
32.44	20.0
39.36	20.0
56.12	20.0
67.84	20.0
89.24	20.0
114.6	20.0
123.36	20.0
133.36	20.0
141.6	20.0
153.96	20.0
163.36	20.0
210.92	20.0
216.28	20.0
219.24	20.0
245.0	20.0
275.2	20.0
295.92	20.0
309.0	20.0
311.64	20.0
319.68	20.0
322.48	20.0
325.52	20.0
328.32	20.0
335.12	20.0
344.28	20.0
349.84	20.0
368.56	20.0
379.28	20.0
391.36	20.0
398.32	20.0
457.24	20.0
471.32	20.0
485.68	20.0
491.64	20.0
535.24	20.0
938.84	20.0
968.72	20.0
302.48	21.0
316.56	22.0
396.8	23.0
