309.72	1.0
323.68	1.0
369.4	1.0
619.6	1.0
696.48	1.0
739.52	1.0
877.32	1.0
884.56	1.0
889.52	1.0
998.8	1.0
1150.72	1.0
1257.68	1.0
302.48	1.0
345.84	1.0
405.24	1.0
706.0	1.0
841.48	1.0
308.96	2.0
311.64	2.0
324.2	2.0
338.52	2.0
353.24	2.0
405.4	2.0
737.24	2.0
849.72	2.0
1019.76	2.0
1117.96	2.0
1255.2	2.0
568.2	3.0
309.0	3.0
312.08	3.0
321.76	3.0
337.36	3.0
347.12	3.0
354.48	3.0
377.16	3.0
388.76	3.0
398.68	3.0
410.52	3.0
422.0	3.0
435.04	3.0
451.92	3.0
468.16	3.0
482.16	3.0
507.08	3.0
515.08	3.0
521.4	3.0
537.56	3.0
563.0	3.0
573.64	3.0
582.84	3.0
628.36	3.0
712.88	3.0
715.6	3.0
739.92	3.0
765.2	3.0
775.36	3.0
856.76	3.0
912.36	3.0
930.32	3.0
950.48	3.0
963.52	3.0
1023.04	3.0
1067.04	3.0
1145.2	3.0
1218.16	3.0
302.56	5.0
306.92	5.0
401.36	5.0
580.0	5.0
353.08	5.0
363.76	5.0
387.16	5.0
411.52	5.0
420.76	5.0
442.16	5.0
461.44	5.0
479.24	5.0
560.32	5.0
603.2	5.0
643.72	5.0
302.96	6.0
314.28	6.0
319.8	6.0
327.6	6.0
344.6	6.0
351.72	6.0
363.32	6.0
374.72	6.0
383.52	6.0
392.52	6.0
401.32	6.0
410.72	6.0
419.88	6.0
438.28	6.0
448.12	6.0
465.08	6.0
484.36	6.0
488.24	6.0
509.72	6.0
526.2	6.0
541.12	6.0
568.04	6.0
591.88	6.0
607.96	6.0
664.08	6.0
735.04	6.0
743.96	6.0
768.04	6.0
776.68	6.0
795.84	6.0
853.76	6.0
870.36	6.0
890.2	6.0
921.2	6.0
962.64	6.0
976.16	6.0
1003.92	6.0
1049.68	6.0
1163.88	6.0
1236.6	6.0
1267.36	6.0
302.88	7.0
328.08	7.0
334.16	7.0
339.08	7.0
382.32	7.0
462.48	7.0
465.4	7.0
526.56	7.0
305.08	8.0
439.76	8.0
302.48	8.0
318.28	8.0
336.0	8.0
354.72	8.0
363.4	8.0
372.72	8.0
308.96	9.0
311.96	9.0
315.32	9.0
1070.04	9.0
309.0	10.0
312.28	10.0
302.48	11.0
317.28	11.0
371.8	11.0
378.6	11.0
893.48	11.0
1119.88	11.0
313.68	12.0
329.04	12.0
355.44	12.0
394.52	12.0
479.44	12.0
668.0	12.0
708.08	12.0
302.72	12.0
307.48	12.0
318.12	12.0
336.48	12.0
358.64	12.0
363.76	12.0
382.6	12.0
406.56	12.0
432.12	12.0
445.44	12.0
537.16	12.0
565.24	12.0
568.52	12.0
578.92	12.0
622.04	12.0
766.32	12.0
808.4	12.0
894.76	12.0
1017.2	12.0
1022.6	12.0
1086.24	12.0
1115.72	12.0
1157.68	12.0
1259.04	12.0
1283.92	12.0
1341.12	12.0
319.24	13.0
302.8	13.0
314.88	13.0
323.08	13.0
331.68	13.0
346.64	13.0
355.16	13.0
359.2	13.0
375.64	13.0
386.48	13.0
399.64	13.0
414.36	13.0
431.44	13.0
445.92	13.0
462.44	13.0
481.4	13.0
500.56	13.0
521.44	13.0
563.96	13.0
588.2	13.0
615.12	13.0
657.24	13.0
687.2	13.0
715.92	13.0
748.76	13.0
785.88	13.0
866.0	13.0
973.72	13.0
327.8	14.0
302.84	14.0
657.96	14.0
304.6	15.0
334.28	15.0
382.4	15.0
462.6	15.0
313.12	15.0
458.88	15.0
340.72	16.0
389.44	16.0
462.52	16.0
576.12	16.0
789.08	16.0
1042.0	16.0
1392.68	16.0
524.56	16.0
302.48	17.0
319.6	17.0
340.32	17.0
344.76	17.0
355.52	17.0
381.68	17.0
386.72	17.0
428.92	17.0
506.32	17.0
593.08	17.0
688.6	17.0
779.52	17.0
1048.92	17.0
1082.48	17.0
1199.6	17.0
302.48	18.0
386.48	18.0
408.68	18.0
499.64	18.0
309.0	19.0
311.8	19.0
330.12	19.0
344.8	19.0
389.32	19.0
482.56	19.0
668.88	19.0
309.0	20.0
312.48	20.0
315.6	20.0
318.92	20.0
325.68	20.0
330.24	20.0
335.52	20.0
340.16	20.0
344.92	20.0
352.12	20.0
355.72	20.0
363.48	20.0
371.28	20.0
374.64	20.0
380.12	20.0
396.36	20.0
411.4	20.0
420.88	20.0
430.0	20.0
438.68	20.0
447.12	20.0
461.24	20.0
471.16	20.0
482.12	20.0
521.72	20.0
536.12	20.0
543.88	20.0
551.04	20.0
572.12	20.0
578.52	20.0
590.16	20.0
598.96	20.0
609.72	20.0
635.56	20.0
642.32	20.0
668.16	20.0
694.08	20.0
705.2	20.0
729.76	20.0
738.48	20.0
775.32	20.0
787.8	20.0
812.84	20.0
827.12	20.0
850.84	20.0
858.84	20.0
868.4	20.0
894.16	20.0
900.72	20.0
913.44	20.0
925.6	20.0
943.12	20.0
950.04	20.0
1009.28	20.0
1012.92	20.0
1023.96	20.0
1050.44	20.0
1053.48	20.0
1061.4	20.0
1086.2	20.0
1120.24	20.0
1127.24	20.0
1135.24	20.0
1152.56	20.0
1165.6	20.0
1203.96	20.0
1206.96	20.0
1217.84	20.0
1234.72	20.0
1244.92	20.0
1259.28	20.0
1274.72	20.0
1340.16	20.0
302.48	21.0
329.12	22.0
385.88	23.0
317.48	24.0
351.48	24.0
