315.8	1.0
335.0	1.0
382.16	1.0
447.88	1.0
578.24	1.0
728.88	1.0
302.48	1.0
433.6	1.0
525.88	1.0
309.0	2.0
311.92	2.0
321.0	2.0
454.76	2.0
553.52	2.0
681.52	2.0
777.0	2.0
348.0	3.0
309.0	3.0
311.72	3.0
321.28	3.0
353.32	3.0
363.72	3.0
385.44	3.0
406.72	3.0
411.96	3.0
428.92	3.0
438.68	3.0
447.16	3.0
468.24	3.0
481.32	3.0
495.68	3.0
514.48	3.0
552.36	3.0
573.12	3.0
587.52	3.0
618.28	3.0
700.76	3.0
383.72	5.0
455.44	5.0
604.2	5.0
329.84	5.0
389.36	5.0
437.28	5.0
466.8	5.0
481.0	5.0
624.56	5.0
303.16	6.0
309.08	6.0
316.0	6.0
319.08	6.0
330.64	6.0
339.68	6.0
364.84	6.0
380.2	6.0
391.56	6.0
400.36	6.0
422.96	6.0
451.96	6.0
466.0	6.0
481.72	6.0
497.2	6.0
510.36	6.0
581.48	6.0
591.92	6.0
631.92	6.0
645.48	6.0
682.16	6.0
699.2	6.0
791.4	6.0
305.16	7.0
421.4	7.0
592.32	7.0
437.12	8.0
607.92	8.0
302.52	8.0
305.16	8.0
325.2	8.0
340.4	8.0
423.0	8.0
581.76	8.0
308.96	9.0
311.92	9.0
513.4	9.0
308.96	10.0
311.76	10.0
302.48	11.0
308.12	11.0
312.04	11.0
340.52	11.0
351.28	11.0
422.6	11.0
431.04	11.0
305.92	12.0
316.6	12.0
430.48	12.0
537.2	12.0
684.56	12.0
302.48	12.0
310.16	12.0
313.76	12.0
326.28	12.0
365.68	12.0
385.88	12.0
400.12	12.0
410.52	12.0
425.6	12.0
481.0	12.0
522.8	12.0
591.48	12.0
649.88	12.0
652.44	12.0
692.8	12.0
302.96	13.0
317.72	13.0
331.6	13.0
352.76	13.0
381.72	13.0
410.08	13.0
442.32	13.0
460.2	13.0
485.56	13.0
508.24	13.0
538.48	13.0
588.6	13.0
646.96	13.0
302.88	14.0
383.96	14.0
455.76	14.0
483.0	14.0
433.04	15.0
355.28	16.0
417.04	16.0
483.36	16.0
644.24	16.0
302.52	17.0
305.6	17.0
313.8	17.0
421.88	17.0
444.96	17.0
513.64	17.0
579.32	17.0
302.52	18.0
352.08	18.0
375.64	18.0
308.96	19.0
311.6	19.0
325.72	19.0
480.28	19.0
632.76	20.0
309.0	20.0
312.2	20.0
320.96	20.0
328.76	20.0
333.08	20.0
340.0	20.0
347.56	20.0
365.84	20.0
374.68	20.0
380.0	20.0
392.24	20.0
400.2	20.0
411.76	20.0
418.44	20.0
431.6	20.0
445.96	20.0
455.48	20.0
464.56	20.0
484.52	20.0
492.24	20.0
499.28	20.0
506.96	20.0
511.6	20.0
541.08	20.0
551.32	20.0
581.32	20.0
585.36	20.0
602.68	20.0
620.16	20.0
629.88	20.0
640.36	20.0
658.04	20.0
682.32	20.0
746.76	20.0
759.52	20.0
782.84	20.0
798.68	20.0
831.6	20.0
302.48	21.0
319.96	23.0
450.84	23.0
314.68	24.0
