393.96	1.0
411.76	1.0
443.4	1.0
1189.28	1.0
302.48	1.0
309.96	1.0
338.12	1.0
344.24	1.0
355.28	1.0
365.44	1.0
368.12	1.0
377.28	1.0
388.16	1.0
420.48	1.0
457.76	1.0
1398.04	1.0
309.0	2.0
311.8	2.0
316.68	2.0
328.28	2.0
343.92	2.0
416.36	2.0
441.44	2.0
766.68	2.0
989.4	2.0
1233.0	2.0
309.0	3.0
311.72	3.0
320.16	3.0
326.64	3.0
336.48	3.0
340.44	3.0
348.04	3.0
356.4	3.0
367.04	3.0
373.4	3.0
383.36	3.0
407.72	3.0
425.68	3.0
445.6	3.0
485.92	3.0
515.96	3.0
532.16	3.0
546.32	3.0
576.76	3.0
646.32	3.0
659.44	3.0
671.52	3.0
680.08	3.0
698.92	3.0
705.08	3.0
717.0	3.0
756.08	3.0
770.2	3.0
784.48	3.0
793.28	3.0
839.32	3.0
886.04	3.0
992.96	3.0
1041.04	3.0
1083.08	3.0
1108.88	3.0
1137.12	3.0
1159.04	3.0
1236.24	3.0
1243.32	3.0
1249.68	3.0
1353.08	3.0
302.52	5.0
385.44	5.0
619.52	5.0
860.68	5.0
1234.36	5.0
1263.96	5.0
346.56	5.0
363.96	5.0
392.36	5.0
401.6	5.0
414.76	5.0
440.16	5.0
487.88	5.0
502.68	5.0
557.0	5.0
564.72	5.0
634.96	5.0
878.32	5.0
1145.76	5.0
1221.16	5.0
303.12	6.0
308.44	6.0
314.72	6.0
319.6	6.0
326.44	6.0
334.04	6.0
340.2	6.0
346.36	6.0
353.16	6.0
357.88	6.0
362.16	6.0
369.88	6.0
374.52	6.0
380.0	6.0
386.92	6.0
392.72	6.0
398.32	6.0
414.6	6.0
421.32	6.0
438.16	6.0
446.68	6.0
459.76	6.0
465.44	6.0
483.48	6.0
500.8	6.0
562.36	6.0
578.2	6.0
612.36	6.0
627.48	6.0
649.2	6.0
659.68	6.0
679.2	6.0
699.48	6.0
795.8	6.0
830.52	6.0
860.08	6.0
890.56	6.0
907.84	6.0
994.88	6.0
1021.88	6.0
1032.12	6.0
1081.32	6.0
1210.4	6.0
1233.76	6.0
1263.72	6.0
1271.96	6.0
1296.08	6.0
1390.52	6.0
303.88	7.0
308.56	7.0
313.64	7.0
331.52	7.0
346.72	7.0
354.08	7.0
384.08	7.0
659.96	7.0
699.8	7.0
890.88	7.0
1210.72	7.0
1064.4	8.0
302.76	8.0
316.84	8.0
329.2	8.0
334.48	8.0
351.08	8.0
368.08	8.0
387.4	8.0
527.6	8.0
308.96	9.0
311.8	9.0
341.28	9.0
370.2	9.0
414.84	9.0
565.32	9.0
309.04	10.0
311.96	10.0
302.48	11.0
316.68	11.0
338.64	11.0
350.6	11.0
365.48	11.0
389.52	11.0
811.0	11.0
917.6	11.0
355.48	11.0
371.32	11.0
647.0	11.0
1285.92	11.0
313.0	12.0
340.8	12.0
355.6	12.0
302.68	12.0
306.2	12.0
316.8	12.0
327.76	12.0
344.96	12.0
350.44	12.0
370.84	12.0
377.92	12.0
394.08	12.0
401.2	12.0
423.16	12.0
428.16	12.0
432.68	12.0
449.44	12.0
465.0	12.0
472.32	12.0
481.6	12.0
491.12	12.0
577.08	12.0
583.76	12.0
590.8	12.0
716.96	12.0
729.08	12.0
796.68	12.0
810.76	12.0
830.12	12.0
842.64	12.0
896.64	12.0
1019.12	12.0
1022.16	12.0
1098.2	12.0
1165.96	12.0
1257.28	12.0
1282.16	12.0
1376.48	12.0
371.88	13.0
302.76	13.0
315.12	13.0
317.84	13.0
323.08	13.0
341.96	13.0
350.84	13.0
359.32	13.0
368.8	13.0
379.24	13.0
389.4	13.0
397.92	13.0
413.56	13.0
423.2	13.0
433.8	13.0
445.96	13.0
457.6	13.0
467.2	13.0
480.84	13.0
493.6	13.0
506.92	13.0
518.36	13.0
534.64	13.0
552.92	13.0
567.92	13.0
589.2	13.0
606.16	13.0
631.6	13.0
654.68	13.0
680.04	13.0
703.84	13.0
733.68	13.0
779.88	13.0
799.96	13.0
830.44	13.0
881.2	13.0
985.4	13.0
1133.32	13.0
1242.72	13.0
382.68	14.0
418.4	14.0
445.0	14.0
453.4	14.0
603.08	14.0
302.64	15.0
354.2	15.0
337.64	16.0
357.16	16.0
387.84	16.0
416.92	16.0
556.48	16.0
694.28	16.0
795.88	16.0
874.12	16.0
1322.04	16.0
475.48	17.0
731.28	17.0
302.48	17.0
309.44	17.0
323.28	17.0
334.48	17.0
339.72	17.0
356.72	17.0
389.6	17.0
410.64	17.0
436.48	17.0
467.36	17.0
514.64	17.0
635.36	17.0
936.4	17.0
1193.04	17.0
1233.16	17.0
1323.16	17.0
302.48	18.0
313.64	18.0
329.24	18.0
355.64	18.0
514.48	18.0
1068.16	18.0
1388.72	18.0
309.0	19.0
312.24	19.0
518.64	19.0
599.36	19.0
309.0	20.0
312.12	20.0
316.52	20.0
321.2	20.0
331.88	20.0
336.6	20.0
340.76	20.0
345.48	20.0
353.72	20.0
364.88	20.0
370.76	20.0
376.44	20.0
381.88	20.0
387.08	20.0
402.24	20.0
414.48	20.0
419.56	20.0
427.36	20.0
441.56	20.0
448.48	20.0
465.2	20.0
471.52	20.0
480.84	20.0
489.4	20.0
497.96	20.0
507.6	20.0
512.8	20.0
518.68	20.0
533.64	20.0
538.88	20.0
560.8	20.0
590.72	20.0
601.6	20.0
614.6	20.0
644.0	20.0
675.2	20.0
706.24	20.0
713.76	20.0
735.04	20.0
752.28	20.0
769.24	20.0
776.84	20.0
792.96	20.0
809.28	20.0
829.28	20.0
853.72	20.0
870.52	20.0
898.04	20.0
917.92	20.0
932.08	20.0
953.52	20.0
991.72	20.0
996.4	20.0
1022.16	20.0
1038.44	20.0
1048.92	20.0
1061.72	20.0
1070.0	20.0
1074.36	20.0
1083.88	20.0
1101.4	20.0
1115.52	20.0
1132.76	20.0
1146.64	20.0
1154.16	20.0
1166.56	20.0
1187.32	20.0
1206.08	20.0
1213.96	20.0
1235.28	20.0
1249.16	20.0
1259.16	20.0
1271.68	20.0
1279.72	20.0
1294.0	20.0
1308.32	20.0
1315.76	20.0
1326.92	20.0
1342.68	20.0
1347.44	20.0
1369.44	20.0
1388.24	20.0
1397.08	20.0
302.48	21.0
356.32	22.0
513.8	22.0
303.72	23.0
345.08	23.0
368.64	23.0
396.44	23.0
877.64	23.0
1022.72	23.0
387.24	23.0
606.92	23.0
311.36	24.0
605.48	24.0
