238.2	1.0
256.56	1.0
282.72	1.0
294.92	1.0
297.56	1.0
408.04	1.0
824.32	1.0
977.84	1.0
1192.64	1.0
285.92	1.0
302.52	1.0
319.04	1.0
324.2	1.0
334.48	1.0
337.28	1.0
344.8	1.0
367.16	1.0
385.04	1.0
424.56	1.0
431.2	1.0
440.6	1.0
491.84	1.0
643.16	1.0
308.96	2.0
311.64	2.0
204.68	2.0
256.96	2.0
282.84	2.0
320.52	2.0
337.24	2.0
365.0	2.0
394.72	2.0
439.84	2.0
1036.32	2.0
1149.84	2.0
1223.76	2.0
368.56	3.0
293.6	3.0
309.04	3.0
311.72	3.0
317.44	3.0
322.64	3.0
325.64	3.0
333.0	3.0
338.12	3.0
356.76	3.0
372.08	3.0
391.48	3.0
398.48	3.0
405.56	3.0
415.52	3.0
424.8	3.0
427.76	3.0
432.68	3.0
484.56	3.0
499.16	3.0
512.2	3.0
523.12	3.0
544.4	3.0
557.76	3.0
573.84	3.0
577.6	3.0
618.36	3.0
637.8	3.0
663.84	3.0
679.64	3.0
705.2	3.0
724.48	3.0
741.68	3.0
772.12	3.0
827.36	3.0
836.12	3.0
848.8	3.0
874.2	3.0
883.72	3.0
919.48	3.0
951.12	3.0
988.28	3.0
1099.08	3.0
1126.48	3.0
1179.44	3.0
1183.28	3.0
1200.6	3.0
290.56	5.0
325.48	5.0
1289.44	5.0
320.0	5.0
334.72	5.0
348.88	5.0
369.08	5.0
387.84	5.0
400.76	5.0
413.64	5.0
421.0	5.0
431.92	5.0
455.12	5.0
466.0	5.0
489.44	5.0
533.28	5.0
557.04	5.0
592.52	5.0
658.24	5.0
743.56	5.0
254.88	6.0
265.4	6.0
272.72	6.0
279.12	6.0
284.32	6.0
297.8	6.0
309.84	6.0
315.2	6.0
319.08	6.0
339.8	6.0
345.04	6.0
349.36	6.0
357.64	6.0
368.6	6.0
372.4	6.0
380.32	6.0
390.6	6.0
403.64	6.0
413.36	6.0
421.52	6.0
428.44	6.0
441.44	6.0
455.8	6.0
461.44	6.0
472.2	6.0
477.8	6.0
494.12	6.0
521.32	6.0
535.2	6.0
545.12	6.0
565.6	6.0
595.04	6.0
611.68	6.0
630.84	6.0
646.24	6.0
659.44	6.0
675.72	6.0
706.2	6.0
734.84	6.0
755.28	6.0
763.44	6.0
801.92	6.0
834.76	6.0
902.68	6.0
987.8	6.0
1016.92	6.0
1065.52	6.0
1090.04	6.0
1149.32	6.0
1186.92	6.0
1211.04	6.0
1255.52	6.0
1274.2	6.0
279.44	7.0
302.52	7.0
305.12	7.0
311.04	7.0
319.4	7.0
323.76	7.0
332.44	7.0
336.16	7.0
343.96	7.0
357.08	7.0
368.6	7.0
400.44	7.0
414.64	7.0
439.92	7.0
478.24	7.0
501.6	7.0
536.2	7.0
314.76	8.0
594.24	8.0
259.56	8.0
302.6	8.0
362.68	8.0
365.44	8.0
370.48	8.0
681.76	8.0
999.16	8.0
1126.56	8.0
308.96	9.0
312.04	9.0
288.64	9.0
319.08	9.0
343.4	9.0
372.92	9.0
1194.92	9.0
285.92	10.0
309.0	10.0
311.88	10.0
362.32	11.0
368.84	11.0
390.08	11.0
295.76	11.0
319.28	11.0
323.24	11.0
351.08	11.0
384.68	11.0
310.92	12.0
314.68	12.0
700.56	12.0
805.88	12.0
277.28	12.0
303.28	12.0
306.08	12.0
319.04	12.0
332.84	12.0
356.76	12.0
371.16	12.0
397.72	12.0
412.84	12.0
439.72	12.0
463.84	12.0
476.72	12.0
560.08	12.0
574.36	12.0
605.64	12.0
614.84	12.0
662.48	12.0
714.32	12.0
727.44	12.0
749.72	12.0
902.84	12.0
928.04	12.0
1016.48	12.0
1119.12	12.0
1184.24	12.0
1250.16	12.0
375.28	13.0
307.4	13.0
311.24	13.0
317.64	13.0
323.72	13.0
332.8	13.0
340.88	13.0
349.2	13.0
355.88	13.0
367.84	13.0
372.52	13.0
383.44	13.0
389.24	13.0
392.48	13.0
400.04	13.0
416.12	13.0
425.0	13.0
435.32	13.0
440.68	13.0
443.52	13.0
459.04	13.0
469.24	13.0
481.68	13.0
497.04	13.0
509.4	13.0
524.44	13.0
539.24	13.0
552.56	13.0
565.36	13.0
592.68	13.0
610.96	13.0
629.64	13.0
647.68	13.0
664.6	13.0
689.08	13.0
705.56	13.0
731.88	13.0
752.24	13.0
784.0	13.0
810.16	13.0
841.92	13.0
907.0	13.0
995.08	13.0
1072.32	13.0
1275.04	13.0
312.64	14.0
337.84	14.0
358.04	14.0
332.52	15.0
357.24	15.0
368.72	15.0
536.32	15.0
305.44	16.0
329.68	16.0
370.76	16.0
541.8	16.0
1171.92	16.0
500.56	16.0
276.64	17.0
296.24	17.0
307.8	17.0
318.64	17.0
337.36	17.0
349.2	17.0
353.16	17.0
359.28	17.0
365.0	17.0
370.96	17.0
432.84	17.0
451.24	17.0
500.44	17.0
512.6	17.0
617.24	17.0
828.08	17.0
1126.24	17.0
1176.2	17.0
1258.44	17.0
343.48	18.0
302.52	18.0
307.56	18.0
351.2	18.0
364.72	18.0
441.44	18.0
861.28	18.0
308.96	19.0
312.0	19.0
285.16	19.0
681.52	19.0
746.12	19.0
591.6	20.0
89.16	20.0
144.04	20.0
187.04	20.0
206.84	20.0
213.0	20.0
225.12	20.0
235.2	20.0
240.04	20.0
248.16	20.0
254.28	20.0
259.0	20.0
267.96	20.0
272.6	20.0
280.84	20.0
285.28	20.0
295.52	20.0
309.04	20.0
312.24	20.0
318.08	20.0
322.68	20.0
327.12	20.0
332.96	20.0
336.28	20.0
339.08	20.0
346.52	20.0
359.24	20.0
368.0	20.0
372.12	20.0
380.36	20.0
398.96	20.0
413.64	20.0
418.96	20.0
425.88	20.0
431.92	20.0
476.76	20.0
505.56	20.0
511.92	20.0
524.32	20.0
531.84	20.0
539.64	20.0
545.96	20.0
604.44	20.0
620.6	20.0
636.36	20.0
672.76	20.0
678.84	20.0
707.72	20.0
719.12	20.0
727.4	20.0
746.44	20.0
765.12	20.0
771.88	20.0
796.36	20.0
840.44	20.0
865.76	20.0
875.44	20.0
893.56	20.0
911.32	20.0
928.48	20.0
938.08	20.0
958.8	20.0
985.68	20.0
1010.04	20.0
1018.2	20.0
1022.56	20.0
1038.72	20.0
1062.52	20.0
1072.52	20.0
1095.68	20.0
1108.16	20.0
1121.0	20.0
1123.68	20.0
1148.08	20.0
1154.96	20.0
1174.2	20.0
1185.04	20.0
1194.44	20.0
1212.08	20.0
1227.12	20.0
1241.32	20.0
1256.72	20.0
1268.68	20.0
1296.84	20.0
302.48	21.0
315.56	22.0
335.68	22.0
338.96	22.0
372.64	22.0
316.92	23.0
336.64	23.0
468.76	23.0
482.44	23.0
289.72	24.0
592.12	24.0
