309.48	1.0
321.04	1.0
302.92	1.0
328.44	1.0
340.88	1.0
344.2	1.0
348.48	1.0
353.04	1.0
360.24	1.0
366.72	1.0
377.88	1.0
383.68	1.0
388.6	1.0
391.36	1.0
395.92	1.0
414.52	1.0
436.24	1.0
450.28	1.0
460.28	1.0
645.08	1.0
654.76	1.0
755.44	1.0
308.96	2.0
312.16	2.0
317.44	2.0
332.4	2.0
344.36	2.0
358.0	2.0
363.68	2.0
381.44	2.0
402.36	2.0
419.12	2.0
448.12	2.0
486.88	2.0
515.92	2.0
1076.36	2.0
1185.2	2.0
309.0	3.0
311.76	3.0
317.8	3.0
323.68	3.0
327.72	3.0
340.56	3.0
348.48	3.0
355.28	3.0
360.4	3.0
384.24	3.0
394.0	3.0
401.4	3.0
410.64	3.0
418.0	3.0
420.52	3.0
434.36	3.0
603.24	3.0
611.32	3.0
624.88	3.0
677.6	3.0
683.92	3.0
699.04	3.0
709.96	3.0
717.84	3.0
757.6	3.0
850.2	3.0
882.44	3.0
896.88	3.0
902.96	3.0
921.68	3.0
948.92	3.0
975.64	3.0
998.52	3.0
1056.0	3.0
1096.32	3.0
1110.36	3.0
1125.16	3.0
1145.6	3.0
1192.92	3.0
1222.36	3.0
1225.56	3.0
375.72	5.0
780.24	5.0
304.8	5.0
330.52	5.0
343.44	5.0
356.8	5.0
369.16	5.0
387.24	5.0
408.64	5.0
421.84	5.0
439.56	5.0
450.48	5.0
500.4	5.0
519.12	5.0
544.64	5.0
563.68	5.0
579.24	5.0
600.48	5.0
641.36	5.0
658.68	5.0
691.44	5.0
727.64	5.0
810.56	5.0
882.72	5.0
937.16	5.0
946.52	5.0
1011.08	5.0
1117.28	5.0
1263.56	5.0
302.88	6.0
308.52	6.0
313.4	6.0
317.68	6.0
325.2	6.0
342.0	6.0
355.2	6.0
358.76	6.0
373.4	6.0
392.04	6.0
395.88	6.0
402.2	6.0
411.64	6.0
445.16	6.0
525.0	6.0
533.04	6.0
539.08	6.0
566.76	6.0
579.36	6.0
610.56	6.0
642.24	6.0
657.68	6.0
696.56	6.0
719.88	6.0
733.92	6.0
777.2	6.0
814.12	6.0
836.0	6.0
868.72	6.0
875.28	6.0
895.16	6.0
943.0	6.0
979.92	6.0
987.88	6.0
1032.28	6.0
1046.44	6.0
1074.4	6.0
1107.52	6.0
1132.52	6.0
1145.84	6.0
1160.6	6.0
1219.24	6.0
1275.44	6.0
303.88	7.0
313.12	7.0
330.6	7.0
342.76	7.0
354.84	7.0
373.8	7.0
382.72	7.0
400.4	7.0
417.24	7.0
429.88	7.0
452.48	7.0
472.32	7.0
512.6	7.0
601.0	7.0
1132.84	7.0
1243.76	7.0
302.48	8.0
308.56	8.0
312.64	8.0
320.08	8.0
331.88	8.0
346.4	8.0
363.84	8.0
384.04	8.0
309.0	9.0
311.88	9.0
330.64	9.0
358.36	9.0
375.12	9.0
398.56	9.0
420.88	9.0
427.28	9.0
309.04	10.0
312.36	10.0
302.48	11.0
307.2	11.0
316.24	11.0
329.8	11.0
345.48	11.0
358.32	11.0
374.44	11.0
383.8	11.0
1097.84	11.0
441.92	11.0
587.92	11.0
311.08	12.0
303.64	12.0
317.72	12.0
332.28	12.0
335.12	12.0
341.6	12.0
344.68	12.0
357.72	12.0
374.36	12.0
391.96	12.0
402.0	12.0
429.32	12.0
438.44	12.0
455.92	12.0
460.96	12.0
471.68	12.0
509.56	12.0
582.4	12.0
656.8	12.0
675.08	12.0
826.72	12.0
888.36	12.0
984.76	12.0
1064.96	12.0
1091.76	12.0
1204.48	12.0
1241.56	12.0
1266.24	12.0
302.6	13.0
312.76	13.0
320.64	13.0
327.8	13.0
334.24	13.0
342.68	13.0
354.4	13.0
357.92	13.0
360.96	13.0
373.04	13.0
383.12	13.0
392.84	13.0
395.92	13.0
410.0	13.0
414.8	13.0
418.12	13.0
432.96	13.0
439.72	13.0
449.04	13.0
457.12	13.0
474.64	13.0
484.16	13.0
501.56	13.0
511.6	13.0
520.92	13.0
531.56	13.0
540.52	13.0
561.88	13.0
573.76	13.0
586.4	13.0
596.64	13.0
610.64	13.0
620.28	13.0
640.68	13.0
654.72	13.0
671.28	13.0
687.28	13.0
703.44	13.0
721.48	13.0
738.28	13.0
754.8	13.0
778.6	13.0
796.56	13.0
809.76	13.0
837.04	13.0
865.28	13.0
889.32	13.0
918.08	13.0
939.6	13.0
971.28	13.0
974.08	13.0
999.84	13.0
1027.68	13.0
1084.64	13.0
1160.6	13.0
1199.88	13.0
1239.84	13.0
314.6	14.0
302.56	14.0
345.72	14.0
376.0	14.0
400.52	15.0
472.48	15.0
1243.84	15.0
303.16	15.0
334.88	16.0
355.12	16.0
409.68	16.0
454.4	16.0
365.12	17.0
368.12	17.0
302.48	17.0
334.12	17.0
355.44	17.0
358.32	17.0
386.04	17.0
407.84	17.0
427.16	17.0
596.16	17.0
1004.92	17.0
1217.12	17.0
302.48	18.0
339.72	18.0
382.04	18.0
395.72	18.0
595.92	18.0
744.28	18.0
308.96	19.0
312.04	19.0
383.72	19.0
991.08	19.0
1069.72	19.0
1230.48	19.0
310.0	20.0
312.68	20.0
318.84	20.0
325.6	20.0
329.76	20.0
334.32	20.0
339.32	20.0
343.48	20.0
347.2	20.0
352.24	20.0
357.28	20.0
360.92	20.0
365.64	20.0
383.72	20.0
387.68	20.0
393.0	20.0
402.52	20.0
409.52	20.0
419.2	20.0
422.52	20.0
426.6	20.0
432.32	20.0
438.72	20.0
457.96	20.0
463.84	20.0
475.68	20.0
479.92	20.0
486.24	20.0
500.96	20.0
514.76	20.0
537.4	20.0
556.72	20.0
564.68	20.0
575.88	20.0
599.48	20.0
609.48	20.0
623.04	20.0
665.4	20.0
694.04	20.0
723.36	20.0
754.56	20.0
778.32	20.0
835.76	20.0
848.96	20.0
873.96	20.0
894.64	20.0
927.48	20.0
943.96	20.0
980.08	20.0
989.4	20.0
1003.48	20.0
1027.84	20.0
1033.96	20.0
1045.8	20.0
1069.68	20.0
1079.16	20.0
1097.96	20.0
1108.28	20.0
1121.56	20.0
1136.12	20.0
1138.64	20.0
1144.92	20.0
1154.32	20.0
1169.68	20.0
1188.2	20.0
1200.4	20.0
1209.4	20.0
1216.4	20.0
1230.52	20.0
1264.36	20.0
1275.04	20.0
1290.48	20.0
1298.0	20.0
302.48	21.0
359.16	21.0
326.12	22.0
1066.32	22.0
316.04	23.0
344.8	23.0
356.8	23.0
374.52	23.0
402.12	23.0
415.08	23.0
438.72	23.0
303.04	23.0
333.64	23.0
366.36	23.0
307.52	24.0
329.08	24.0
332.28	24.0
484.72	24.0
