328.28	1.0
547.12	1.0
672.6	1.0
1261.52	1.0
1358.28	1.0
302.48	1.0
312.28	1.0
330.8	1.0
351.04	1.0
411.36	1.0
439.84	1.0
731.12	1.0
309.0	2.0
312.08	2.0
327.36	2.0
351.36	2.0
360.4	2.0
393.28	2.0
431.92	2.0
434.88	2.0
669.52	2.0
1044.72	2.0
1260.24	2.0
1345.04	2.0
309.0	3.0
311.92	3.0
325.68	3.0
349.28	3.0
355.32	3.0
358.36	3.0
367.16	3.0
376.16	3.0
390.52	3.0
404.92	3.0
411.44	3.0
423.8	3.0
437.04	3.0
453.36	3.0
461.6	3.0
467.72	3.0
484.44	3.0
507.0	3.0
516.92	3.0
533.44	3.0
555.76	3.0
574.0	3.0
592.2	3.0
610.04	3.0
641.68	3.0
644.68	3.0
672.24	3.0
708.52	3.0
729.6	3.0
776.48	3.0
810.32	3.0
938.36	3.0
319.6	5.0
368.32	5.0
304.8	5.0
337.36	5.0
354.76	5.0
375.6	5.0
388.88	5.0
411.44	5.0
464.76	5.0
485.12	5.0
502.2	5.0
534.64	5.0
554.68	5.0
601.28	5.0
677.0	5.0
740.24	5.0
302.72	6.0
314.56	6.0
320.96	6.0
325.52	6.0
332.2	6.0
339.72	6.0
344.88	6.0
360.6	6.0
369.56	6.0
379.04	6.0
388.48	6.0
394.48	6.0
403.88	6.0
412.64	6.0
420.52	6.0
432.24	6.0
442.64	6.0
478.36	6.0
487.08	6.0
502.4	6.0
528.84	6.0
579.12	6.0
603.96	6.0
621.04	6.0
639.36	6.0
648.44	6.0
677.08	6.0
740.92	6.0
786.48	6.0
804.76	6.0
862.36	6.0
1044.92	6.0
1264.08	6.0
1357.04	6.0
303.04	7.0
313.52	7.0
345.8	7.0
369.92	7.0
433.72	7.0
476.8	7.0
779.2	7.0
1045.28	7.0
313.08	8.0
513.44	8.0
302.72	8.0
335.52	8.0
370.8	8.0
478.48	8.0
1264.48	8.0
308.96	9.0
311.76	9.0
350.96	9.0
350.96	10.0
309.0	10.0
311.6	10.0
336.36	10.0
302.48	11.0
308.12	11.0
345.08	11.0
406.72	11.0
373.48	11.0
376.2	11.0
466.36	11.0
598.92	11.0
814.28	11.0
317.76	12.0
330.48	12.0
356.32	12.0
304.48	12.0
313.84	12.0
321.48	12.0
327.12	12.0
333.92	12.0
350.64	12.0
380.48	12.0
388.2	12.0
391.64	12.0
400.64	12.0
413.8	12.0
423.72	12.0
441.72	12.0
465.04	12.0
484.36	12.0
490.48	12.0
503.52	12.0
534.08	12.0
695.92	12.0
764.88	12.0
811.76	12.0
843.2	12.0
921.52	12.0
924.36	12.0
977.76	12.0
1016.08	12.0
1372.68	12.0
1386.04	12.0
302.76	13.0
313.92	13.0
322.6	13.0
327.52	13.0
336.68	13.0
346.52	13.0
357.16	13.0
369.64	13.0
381.48	13.0
394.88	13.0
404.48	13.0
423.04	13.0
434.76	13.0
455.84	13.0
469.52	13.0
487.0	13.0
509.64	13.0
531.68	13.0
558.84	13.0
577.48	13.0
605.6	13.0
624.72	13.0
641.28	13.0
667.92	13.0
671.88	13.0
699.44	13.0
753.36	13.0
758.72	13.0
790.36	13.0
814.6	13.0
873.72	13.0
302.48	14.0
306.8	14.0
316.2	14.0
374.08	14.0
496.56	14.0
345.88	15.0
328.04	15.0
349.52	16.0
399.8	16.0
721.44	16.0
867.4	16.0
321.96	17.0
821.56	17.0
302.48	17.0
325.96	17.0
338.0	17.0
392.6	17.0
402.8	17.0
419.28	17.0
533.72	17.0
565.52	17.0
602.88	17.0
986.68	17.0
1346.96	17.0
302.48	18.0
313.64	18.0
334.64	18.0
342.16	18.0
354.88	18.0
369.8	18.0
551.56	18.0
602.68	18.0
821.64	18.0
308.96	19.0
311.52	19.0
349.96	19.0
362.4	19.0
434.48	19.0
309.0	20.0
311.96	20.0
319.44	20.0
323.32	20.0
329.8	20.0
335.36	20.0
340.44	20.0
343.28	20.0
351.28	20.0
356.08	20.0
362.4	20.0
368.88	20.0
375.72	20.0
380.48	20.0
386.84	20.0
392.08	20.0
404.96	20.0
409.52	20.0
413.6	20.0
431.2	20.0
434.24	20.0
440.84	20.0
450.0	20.0
464.36	20.0
477.04	20.0
486.64	20.0
498.36	20.0
519.2	20.0
530.56	20.0
537.92	20.0
550.28	20.0
579.88	20.0
590.68	20.0
599.44	20.0
625.36	20.0
650.36	20.0
672.16	20.0
683.28	20.0
700.64	20.0
735.8	20.0
743.16	20.0
766.56	20.0
806.88	20.0
814.48	20.0
840.68	20.0
862.52	20.0
870.32	20.0
878.16	20.0
901.4	20.0
925.16	20.0
931.16	20.0
968.32	20.0
1005.32	20.0
1022.6	20.0
1048.64	20.0
1067.92	20.0
1100.4	20.0
1118.88	20.0
1218.0	20.0
1262.68	20.0
1325.64	20.0
1348.44	20.0
320.8	21.0
302.48	21.0
416.04	22.0
313.28	23.0
428.64	23.0
637.08	23.0
701.72	23.0
807.08	23.0
411.0	23.0
309.44	24.0
