310.8	1.0
346.16	1.0
469.4	1.0
612.16	1.0
899.0	1.0
1033.48	1.0
302.48	1.0
320.28	1.0
334.68	1.0
352.48	1.0
381.16	1.0
438.28	1.0
459.28	1.0
525.16	1.0
548.64	1.0
668.84	1.0
725.72	1.0
308.96	2.0
311.8	2.0
317.92	2.0
324.36	2.0
359.44	2.0
458.68	2.0
510.64	2.0
524.0	2.0
717.64	2.0
866.32	2.0
1133.68	2.0
316.48	3.0
309.04	3.0
311.76	3.0
319.48	3.0
326.92	3.0
331.32	3.0
334.0	3.0
342.96	3.0
351.88	3.0
362.68	3.0
387.48	3.0
397.48	3.0
406.68	3.0
412.64	3.0
430.64	3.0
448.04	3.0
462.92	3.0
486.76	3.0
504.08	3.0
530.84	3.0
551.68	3.0
578.64	3.0
585.32	3.0
600.2	3.0
617.72	3.0
636.44	3.0
642.72	3.0
666.72	3.0
711.6	3.0
718.48	3.0
746.36	3.0
775.68	3.0
781.96	3.0
805.04	3.0
854.0	3.0
915.76	3.0
954.48	3.0
302.48	5.0
306.8	5.0
314.88	5.0
344.8	5.0
363.96	5.0
388.48	5.0
407.6	5.0
469.16	5.0
524.48	5.0
615.96	5.0
328.04	5.0
416.32	5.0
435.76	5.0
635.96	5.0
651.32	5.0
543.68	6.0
302.48	6.0
309.84	6.0
315.24	6.0
320.0	6.0
323.24	6.0
330.92	6.0
338.6	6.0
346.68	6.0
353.6	6.0
365.84	6.0
380.8	6.0
391.56	6.0
411.72	6.0
430.96	6.0
443.68	6.0
454.92	6.0
460.24	6.0
503.88	6.0
524.64	6.0
548.0	6.0
589.84	6.0
604.04	6.0
625.32	6.0
637.72	6.0
684.28	6.0
766.48	6.0
792.56	6.0
806.32	6.0
821.96	6.0
887.68	6.0
963.32	6.0
988.6	6.0
1034.52	6.0
302.64	7.0
313.44	7.0
366.16	7.0
380.24	7.0
604.36	7.0
625.68	7.0
358.4	8.0
449.52	8.0
725.48	8.0
762.2	8.0
1037.68	8.0
1152.64	8.0
302.72	8.0
316.16	8.0
335.2	8.0
354.4	8.0
384.6	8.0
388.56	8.0
308.96	9.0
311.6	9.0
314.6	9.0
407.4	9.0
309.0	10.0
312.0	10.0
302.48	11.0
307.76	11.0
317.0	11.0
585.2	11.0
377.64	11.0
391.68	11.0
412.32	11.0
302.8	12.0
305.32	12.0
314.04	12.0
360.16	12.0
377.16	12.0
385.88	12.0
390.92	12.0
308.12	12.0
318.04	12.0
326.48	12.0
345.24	12.0
374.0	12.0
382.56	12.0
426.12	12.0
435.12	12.0
451.84	12.0
463.12	12.0
473.24	12.0
480.08	12.0
549.6	12.0
591.2	12.0
619.8	12.0
634.08	12.0
658.24	12.0
718.76	12.0
738.8	12.0
746.48	12.0
833.08	12.0
936.88	12.0
960.84	12.0
968.52	12.0
1085.6	12.0
302.72	13.0
313.76	13.0
321.84	13.0
330.0	13.0
344.48	13.0
358.52	13.0
372.24	13.0
388.92	13.0
401.76	13.0
421.04	13.0
435.36	13.0
456.44	13.0
475.04	13.0
494.56	13.0
510.88	13.0
532.72	13.0
559.04	13.0
579.8	13.0
617.96	13.0
652.0	13.0
691.08	13.0
752.92	13.0
820.48	13.0
302.72	14.0
345.04	14.0
373.32	14.0
313.52	15.0
346.64	16.0
467.16	16.0
697.8	16.0
839.76	16.0
1011.48	16.0
319.64	17.0
302.48	17.0
314.2	17.0
324.08	17.0
333.68	17.0
341.4	17.0
358.36	17.0
367.08	17.0
391.44	17.0
431.64	17.0
436.28	17.0
466.36	17.0
471.48	17.0
496.16	17.0
518.4	17.0
528.24	17.0
553.2	17.0
576.64	17.0
714.92	17.0
835.52	17.0
302.52	18.0
334.72	18.0
366.88	18.0
400.04	18.0
518.2	18.0
607.92	18.0
637.16	18.0
760.8	18.0
308.96	19.0
311.76	19.0
354.2	19.0
358.84	19.0
543.76	19.0
638.56	19.0
694.68	19.0
990.88	20.0
309.0	20.0
311.72	20.0
316.88	20.0
320.44	20.0
324.24	20.0
334.84	20.0
341.32	20.0
348.52	20.0
354.04	20.0
358.8	20.0
367.68	20.0
380.56	20.0
388.04	20.0
397.12	20.0
404.64	20.0
412.72	20.0
425.88	20.0
445.48	20.0
450.84	20.0
457.16	20.0
462.88	20.0
471.72	20.0
477.36	20.0
487.2	20.0
494.68	20.0
502.84	20.0
509.52	20.0
526.32	20.0
549.32	20.0
556.72	20.0
567.52	20.0
593.08	20.0
609.52	20.0
635.0	20.0
640.08	20.0
652.28	20.0
662.76	20.0
675.12	20.0
701.52	20.0
720.24	20.0
726.48	20.0
747.2	20.0
805.04	20.0
818.0	20.0
869.08	20.0
884.44	20.0
922.84	20.0
940.16	20.0
963.84	20.0
975.84	20.0
988.36	20.0
1008.76	20.0
1031.48	20.0
1043.04	20.0
1066.48	20.0
1090.16	20.0
1123.4	20.0
1160.56	20.0
1165.92	20.0
302.52	21.0
317.72	23.0
361.76	23.0
494.92	23.0
570.52	23.0
1030.04	23.0
305.76	24.0
937.64	24.0
