312.28	1.0
344.36	1.0
470.16	1.0
646.52	1.0
791.68	1.0
1115.24	1.0
302.48	1.0
327.36	1.0
330.64	1.0
335.12	1.0
350.32	1.0
370.96	1.0
626.44	1.0
753.12	1.0
308.96	2.0
312.12	2.0
317.6	2.0
327.96	2.0
368.92	2.0
384.36	2.0
624.52	2.0
814.56	2.0
934.4	2.0
1063.24	2.0
668.96	3.0
309.0	3.0
312.08	3.0
318.12	3.0
325.64	3.0
334.44	3.0
342.2	3.0
349.6	3.0
353.76	3.0
359.08	3.0
367.12	3.0
375.24	3.0
383.8	3.0
388.2	3.0
406.4	3.0
420.32	3.0
446.4	3.0
451.52	3.0
454.44	3.0
457.52	3.0
470.12	3.0
484.36	3.0
515.0	3.0
534.72	3.0
546.76	3.0
551.96	3.0
613.52	3.0
621.92	3.0
634.76	3.0
654.0	3.0
671.64	3.0
696.36	3.0
728.6	3.0
760.72	3.0
821.72	3.0
927.0	3.0
929.8	3.0
1028.36	3.0
1068.52	5.0
302.72	5.0
314.2	5.0
341.4	5.0
351.16	5.0
382.84	5.0
413.04	5.0
433.4	5.0
449.6	5.0
479.16	5.0
483.04	5.0
567.36	5.0
603.64	5.0
303.0	6.0
307.16	6.0
314.48	6.0
318.16	6.0
327.84	6.0
332.8	6.0
338.68	6.0
345.08	6.0
352.4	6.0
359.08	6.0
365.68	6.0
379.08	6.0
386.84	6.0
405.08	6.0
412.04	6.0
416.88	6.0
440.24	6.0
462.48	6.0
483.88	6.0
501.16	6.0
508.84	6.0
522.92	6.0
542.04	6.0
546.68	6.0
566.96	6.0
597.28	6.0
631.12	6.0
693.48	6.0
758.2	6.0
802.72	6.0
851.56	6.0
874.64	6.0
904.76	6.0
987.04	6.0
1024.08	6.0
1060.92	6.0
1220.72	6.0
303.88	7.0
313.72	7.0
327.8	7.0
341.36	7.0
347.32	7.0
693.8	7.0
336.08	8.0
408.12	8.0
445.88	8.0
967.2	8.0
1109.12	8.0
302.72	8.0
325.08	8.0
342.84	8.0
357.96	8.0
384.72	8.0
308.96	9.0
311.96	9.0
321.2	9.0
348.6	9.0
342.6	9.0
309.0	10.0
312.16	10.0
302.48	11.0
317.92	11.0
349.4	11.0
313.92	11.0
321.68	11.0
338.56	11.0
427.04	11.0
479.08	11.0
512.36	11.0
303.0	12.0
305.52	12.0
370.92	12.0
311.04	12.0
315.36	12.0
322.28	12.0
329.28	12.0
340.32	12.0
346.52	12.0
354.52	12.0
358.36	12.0
412.8	12.0
417.56	12.0
445.16	12.0
480.56	12.0
489.84	12.0
545.56	12.0
562.72	12.0
565.84	12.0
568.48	12.0
631.64	12.0
669.48	12.0
696.48	12.0
722.0	12.0
724.52	12.0
790.36	12.0
817.64	12.0
898.92	12.0
906.88	12.0
915.68	12.0
985.6	12.0
1029.44	12.0
1089.6	12.0
302.76	13.0
314.56	13.0
322.56	13.0
328.32	13.0
337.44	13.0
345.6	13.0
354.88	13.0
359.56	13.0
363.04	13.0
374.96	13.0
388.92	13.0
402.52	13.0
414.04	13.0
438.84	13.0
451.48	13.0
466.48	13.0
482.56	13.0
500.8	13.0
525.88	13.0
548.52	13.0
569.12	13.0
589.44	13.0
611.0	13.0
638.76	13.0
671.68	13.0
696.76	13.0
738.48	13.0
898.96	13.0
341.48	14.0
409.8	14.0
575.4	14.0
304.76	15.0
313.8	15.0
327.92	15.0
341.52	15.0
345.96	16.0
413.44	16.0
602.72	16.0
864.76	16.0
1094.8	16.0
302.48	17.0
307.88	17.0
325.0	17.0
333.84	17.0
340.96	17.0
352.84	17.0
357.08	17.0
431.24	17.0
500.36	17.0
550.04	17.0
565.76	17.0
1029.76	17.0
1046.56	17.0
302.48	18.0
319.96	18.0
323.44	18.0
362.96	18.0
466.52	18.0
504.72	18.0
308.96	19.0
311.8	19.0
334.92	19.0
342.04	19.0
356.2	19.0
446.44	19.0
544.36	19.0
876.52	19.0
1044.12	19.0
320.56	20.0
511.84	20.0
309.0	20.0
311.92	20.0
316.72	20.0
325.24	20.0
329.44	20.0
336.0	20.0
341.12	20.0
351.64	20.0
356.28	20.0
362.64	20.0
369.4	20.0
373.48	20.0
381.48	20.0
398.8	20.0
403.92	20.0
417.2	20.0
423.76	20.0
437.72	20.0
445.8	20.0
456.28	20.0
464.36	20.0
473.56	20.0
498.4	20.0
544.44	20.0
560.72	20.0
567.76	20.0
580.44	20.0
590.12	20.0
597.92	20.0
627.72	20.0
642.76	20.0
655.88	20.0
677.84	20.0
689.0	20.0
725.0	20.0
759.44	20.0
816.56	20.0
839.48	20.0
852.6	20.0
875.28	20.0
880.28	20.0
905.04	20.0
933.88	20.0
940.52	20.0
948.44	20.0
969.44	20.0
1013.88	20.0
1034.72	20.0
1044.12	20.0
1060.6	20.0
1067.2	20.0
1081.08	20.0
1106.56	20.0
1128.44	20.0
1201.0	20.0
1223.88	20.0
302.48	21.0
318.56	23.0
343.28	23.0
663.32	23.0
351.48	23.0
313.48	24.0
508.4	24.0
306.68	24.0
