313.88	1.0
465.0	1.0
542.04	1.0
1055.28	1.0
1136.2	1.0
1257.52	1.0
1366.2	1.0
302.96	1.0
310.68	1.0
326.84	1.0
336.6	1.0
346.16	1.0
349.64	1.0
358.88	1.0
368.28	1.0
386.16	1.0
400.4	1.0
403.32	1.0
406.44	1.0
424.56	1.0
457.6	1.0
527.12	1.0
697.56	1.0
752.6	1.0
309.0	2.0
311.96	2.0
325.76	2.0
338.72	2.0
355.36	2.0
376.44	2.0
386.72	2.0
421.64	2.0
430.88	2.0
435.16	2.0
455.48	2.0
883.24	2.0
980.44	2.0
1138.08	2.0
1268.6	2.0
1272.04	2.0
1338.88	2.0
345.84	3.0
351.48	3.0
354.0	3.0
309.04	3.0
311.84	3.0
319.08	3.0
330.92	3.0
335.48	3.0
362.2	3.0
387.36	3.0
396.68	3.0
422.76	3.0
443.72	3.0
471.4	3.0
480.6	3.0
487.76	3.0
493.96	3.0
508.2	3.0
513.6	3.0
528.36	3.0
543.24	3.0
562.04	3.0
599.68	3.0
670.04	3.0
701.84	3.0
753.92	3.0
921.04	3.0
925.36	3.0
932.84	3.0
946.28	3.0
987.0	3.0
993.32	3.0
1254.52	3.0
1280.08	3.0
1289.64	3.0
1306.48	3.0
1382.8	3.0
304.44	5.0
336.2	5.0
351.8	5.0
364.72	5.0
378.16	5.0
388.52	5.0
408.24	5.0
424.96	5.0
433.32	5.0
442.24	5.0
467.0	5.0
516.2	5.0
523.68	5.0
627.96	5.0
673.08	5.0
879.6	5.0
1263.12	5.0
1387.32	5.0
302.84	6.0
306.64	6.0
314.68	6.0
319.6	6.0
332.24	6.0
341.32	6.0
348.0	6.0
352.24	6.0
361.2	6.0
364.08	6.0
369.12	6.0
375.44	6.0
388.76	6.0
395.04	6.0
407.92	6.0
427.48	6.0
434.28	6.0
446.36	6.0
451.96	6.0
457.36	6.0
494.8	6.0
506.36	6.0
528.64	6.0
552.16	6.0
569.2	6.0
592.68	6.0
614.6	6.0
626.08	6.0
646.76	6.0
675.84	6.0
702.8	6.0
770.28	6.0
861.04	6.0
916.16	6.0
1004.24	6.0
1058.84	6.0
1079.44	6.0
1190.56	6.0
1231.04	6.0
1252.36	6.0
1318.8	6.0
1378.68	6.0
305.6	7.0
302.88	7.0
312.92	7.0
325.88	7.0
337.28	7.0
344.12	7.0
348.36	7.0
361.56	7.0
374.56	7.0
388.24	7.0
419.64	7.0
445.4	7.0
452.36	7.0
565.48	7.0
832.2	7.0
370.8	8.0
455.48	8.0
535.76	8.0
733.72	8.0
302.76	8.0
318.92	8.0
332.16	8.0
344.92	8.0
362.6	8.0
503.32	8.0
983.68	8.0
308.96	9.0
311.68	9.0
316.16	9.0
354.76	9.0
358.72	9.0
375.48	9.0
392.12	9.0
414.72	9.0
309.0	10.0
312.12	10.0
355.6	10.0
302.48	11.0
312.88	11.0
344.56	11.0
378.04	11.0
399.52	11.0
458.44	11.0
1141.04	11.0
371.12	12.0
387.88	12.0
393.12	12.0
562.08	12.0
945.12	12.0
1140.56	12.0
303.36	12.0
312.8	12.0
316.4	12.0
338.12	12.0
345.4	12.0
350.72	12.0
360.52	12.0
376.84	12.0
401.0	12.0
427.64	12.0
478.0	12.0
487.76	12.0
582.96	12.0
629.36	12.0
642.44	12.0
710.0	12.0
815.36	12.0
991.04	12.0
1034.96	12.0
1058.0	12.0
1172.32	12.0
1210.76	12.0
1312.76	12.0
1396.64	12.0
869.44	13.0
302.68	13.0
313.96	13.0
321.84	13.0
329.0	13.0
336.32	13.0
348.76	13.0
361.72	13.0
365.68	13.0
373.04	13.0
386.76	13.0
394.72	13.0
404.24	13.0
415.12	13.0
423.56	13.0
431.56	13.0
443.96	13.0
454.16	13.0
470.52	13.0
479.72	13.0
493.8	13.0
507.12	13.0
519.72	13.0
531.64	13.0
544.2	13.0
548.16	13.0
566.48	13.0
583.8	13.0
602.0	13.0
619.84	13.0
628.92	13.0
639.8	13.0
662.16	13.0
681.16	13.0
710.16	13.0
747.44	13.0
785.6	13.0
814.64	13.0
838.52	13.0
866.88	13.0
1019.12	13.0
1267.04	13.0
470.64	14.0
302.68	14.0
344.24	15.0
361.68	15.0
312.56	15.0
348.64	16.0
376.48	16.0
408.64	16.0
434.88	16.0
588.76	16.0
382.0	17.0
403.04	17.0
302.48	17.0
329.08	17.0
337.8	17.0
350.4	17.0
356.48	17.0
394.68	17.0
426.48	17.0
436.96	17.0
469.44	17.0
638.24	17.0
650.44	17.0
944.24	17.0
1205.32	17.0
1219.44	17.0
613.72	18.0
302.48	18.0
312.32	18.0
427.8	18.0
831.44	18.0
976.16	18.0
308.96	19.0
312.0	19.0
575.36	19.0
370.76	20.0
424.32	20.0
309.0	20.0
311.76	20.0
316.8	20.0
320.56	20.0
325.36	20.0
331.04	20.0
336.36	20.0
341.12	20.0
345.52	20.0
349.4	20.0
353.72	20.0
358.0	20.0
362.2	20.0
375.0	20.0
379.0	20.0
385.04	20.0
389.04	20.0
393.92	20.0
398.36	20.0
402.12	20.0
413.04	20.0
417.44	20.0
430.44	20.0
435.6	20.0
456.28	20.0
463.64	20.0
478.52	20.0
496.08	20.0
502.8	20.0
526.56	20.0
540.32	20.0
575.44	20.0
581.24	20.0
612.72	20.0
676.56	20.0
708.56	20.0
713.16	20.0
735.12	20.0
757.68	20.0
834.24	20.0
855.92	20.0
881.44	20.0
918.24	20.0
954.64	20.0
983.2	20.0
1001.68	20.0
1015.4	20.0
1040.64	20.0
1062.12	20.0
1083.24	20.0
1091.36	20.0
1094.16	20.0
1120.44	20.0
1137.64	20.0
1172.12	20.0
1187.0	20.0
1194.4	20.0
1213.2	20.0
1224.68	20.0
1236.12	20.0
1241.56	20.0
1253.4	20.0
1271.28	20.0
1300.44	20.0
1312.32	20.0
1330.2	20.0
1341.16	20.0
1356.12	20.0
1377.84	20.0
1380.68	20.0
1393.84	20.0
302.48	21.0
349.4	22.0
456.72	22.0
320.76	23.0
337.68	23.0
356.28	23.0
396.64	23.0
349.28	23.0
308.52	24.0
353.24	24.0
415.72	24.0
478.76	24.0
