200.44	1.0
216.72	1.0
253.16	1.0
260.52	1.0
279.32	1.0
411.32	1.0
697.0	1.0
839.28	1.0
905.2	1.0
1056.2	1.0
257.12	1.0
270.28	1.0
285.4	1.0
302.48	1.0
312.88	1.0
317.0	1.0
333.12	1.0
343.12	1.0
354.28	1.0
395.96	1.0
309.0	2.0
311.68	2.0
173.36	2.0
197.68	2.0
222.92	2.0
252.72	2.0
272.56	2.0
284.52	2.0
297.2	2.0
1037.8	2.0
1116.12	2.0
256.12	3.0
264.36	3.0
267.24	3.0
273.64	3.0
276.76	3.0
286.4	3.0
296.56	3.0
308.96	3.0
311.52	3.0
316.52	3.0
319.36	3.0
325.24	3.0
333.12	3.0
348.04	3.0
368.68	3.0
377.12	3.0
387.96	3.0
396.56	3.0
406.0	3.0
440.8	3.0
452.12	3.0
463.6	3.0
475.48	3.0
479.6	3.0
500.28	3.0
526.2	3.0
534.88	3.0
568.08	3.0
578.68	3.0
584.24	3.0
589.08	3.0
606.32	3.0
632.04	3.0
671.84	3.0
681.84	3.0
707.52	3.0
730.68	3.0
737.04	3.0
758.92	3.0
822.84	3.0
929.52	3.0
940.12	3.0
971.88	3.0
1019.8	3.0
1092.8	3.0
1138.72	3.0
1238.68	3.0
326.32	4.0
299.84	5.0
302.6	5.0
282.4	5.0
293.92	5.0
313.16	5.0
327.0	5.0
341.76	5.0
362.8	5.0
376.0	5.0
417.88	5.0
438.76	5.0
514.48	5.0
521.36	5.0
568.6	5.0
581.68	5.0
778.88	5.0
821.72	5.0
911.72	5.0
184.76	6.0
208.88	6.0
222.84	6.0
235.12	6.0
246.04	6.0
255.12	6.0
261.72	6.0
270.76	6.0
279.4	6.0
287.44	6.0
292.4	6.0
296.8	6.0
302.88	6.0
313.32	6.0
318.12	6.0
332.44	6.0
339.72	6.0
345.64	6.0
350.24	6.0
354.88	6.0
360.6	6.0
367.92	6.0
375.6	6.0
381.32	6.0
390.96	6.0
400.64	6.0
457.92	6.0
499.6	6.0
517.76	6.0
533.92	6.0
546.48	6.0
565.28	6.0
589.92	6.0
685.6	6.0
702.12	6.0
715.4	6.0
742.52	6.0
753.96	6.0
815.12	6.0
853.8	6.0
883.84	6.0
907.0	6.0
937.2	6.0
968.56	6.0
1027.52	6.0
1097.16	6.0
1196.08	6.0
223.2	7.0
259.36	7.0
262.04	7.0
271.04	7.0
288.64	7.0
302.48	7.0
318.48	7.0
338.68	7.0
356.88	7.0
385.76	7.0
434.04	7.0
736.08	7.0
1132.56	8.0
1152.08	8.0
268.36	8.0
284.56	8.0
302.76	8.0
313.48	8.0
327.12	8.0
378.32	8.0
385.12	8.0
450.92	8.0
563.36	8.0
1017.2	8.0
308.96	9.0
311.76	9.0
261.04	9.0
332.28	9.0
309.04	10.0
311.84	10.0
248.84	11.0
252.48	11.0
277.8	11.0
293.6	11.0
302.48	11.0
319.32	11.0
343.6	11.0
371.16	11.0
935.08	11.0
264.84	11.0
335.24	11.0
340.72	11.0
377.84	11.0
562.48	11.0
842.56	11.0
260.88	12.0
305.72	12.0
317.6	12.0
364.04	12.0
375.72	12.0
419.64	12.0
482.52	12.0
491.36	12.0
528.84	12.0
806.64	12.0
176.36	12.0
232.48	12.0
248.68	12.0
266.32	12.0
278.4	12.0
293.56	12.0
302.48	12.0
312.72	12.0
329.2	12.0
345.12	12.0
360.32	12.0
384.08	12.0
408.04	12.0
433.04	12.0
479.28	12.0
510.08	12.0
697.04	12.0
864.52	12.0
906.72	12.0
935.52	12.0
1058.56	12.0
1061.48	12.0
1118.84	12.0
1245.56	12.0
305.76	13.0
250.92	13.0
261.64	13.0
274.68	13.0
285.64	13.0
294.8	13.0
302.88	13.0
314.4	13.0
320.72	13.0
327.32	13.0
335.96	13.0
339.44	13.0
344.4	13.0
354.84	13.0
357.92	13.0
366.96	13.0
375.4	13.0
384.96	13.0
387.48	13.0
393.16	13.0
401.68	13.0
418.52	13.0
431.04	13.0
442.28	13.0
454.0	13.0
469.4	13.0
484.0	13.0
496.92	13.0
511.2	13.0
523.2	13.0
535.28	13.0
551.84	13.0
568.2	13.0
591.36	13.0
618.52	13.0
635.0	13.0
666.56	13.0
691.0	13.0
718.16	13.0
743.96	13.0
763.08	13.0
818.32	13.0
863.72	13.0
904.28	13.0
271.08	14.0
255.64	14.0
313.4	14.0
386.96	14.0
984.72	14.0
288.68	15.0
302.68	15.0
356.96	15.0
434.08	15.0
271.56	15.0
258.6	16.0
296.44	16.0
325.6	16.0
362.44	16.0
420.28	16.0
518.52	16.0
962.96	16.0
299.68	17.0
313.44	17.0
475.8	17.0
539.6	17.0
239.64	17.0
264.04	17.0
278.4	17.0
281.32	17.0
287.68	17.0
318.72	17.0
363.0	17.0
369.72	17.0
455.92	17.0
534.6	17.0
694.24	17.0
946.28	17.0
239.48	18.0
302.48	18.0
338.04	18.0
348.96	18.0
562.56	18.0
308.96	19.0
312.08	19.0
281.76	19.0
292.48	19.0
340.32	19.0
413.96	19.0
437.44	19.0
294.0	20.0
141.96	20.0
164.8	20.0
171.48	20.0
175.6	20.0
183.8	20.0
196.8	20.0
200.52	20.0
206.84	20.0
210.32	20.0
216.88	20.0
222.36	20.0
226.88	20.0
233.28	20.0
238.16	20.0
246.32	20.0
252.52	20.0
258.52	20.0
264.92	20.0
271.64	20.0
278.92	20.0
287.04	20.0
309.0	20.0
312.76	20.0
318.24	20.0
327.88	20.0
334.8	20.0
340.36	20.0
348.44	20.0
352.76	20.0
360.56	20.0
396.72	20.0
402.04	20.0
407.24	20.0
414.04	20.0
425.44	20.0
437.48	20.0
448.32	20.0
456.6	20.0
462.96	20.0
507.8	20.0
533.8	20.0
559.92	20.0
583.84	20.0
594.52	20.0
602.36	20.0
615.36	20.0
626.32	20.0
652.84	20.0
659.28	20.0
714.72	20.0
719.08	20.0
729.16	20.0
744.0	20.0
748.8	20.0
788.6	20.0
796.8	20.0
802.88	20.0
814.64	20.0
842.12	20.0
860.76	20.0
872.88	20.0
905.52	20.0
919.08	20.0
945.52	20.0
969.72	20.0
979.88	20.0
1016.84	20.0
1026.44	20.0
1040.92	20.0
1074.96	20.0
1095.28	20.0
1114.52	20.0
1119.48	20.0
1129.72	20.0
1198.76	20.0
1226.56	20.0
1241.96	20.0
344.2	21.0
254.72	21.0
302.48	21.0
254.92	22.0
259.96	22.0
358.0	22.0
366.84	22.0
317.44	22.0
242.48	23.0
292.92	23.0
323.56	23.0
339.4	23.0
357.32	23.0
379.0	23.0
261.0	23.0
421.12	23.0
595.64	23.0
223.2	24.0
242.84	24.0
288.72	24.0
313.76	24.0
421.48	24.0
