329.76	1.0
342.32	1.0
505.72	1.0
975.12	1.0
1060.4	1.0
302.48	1.0
310.32	1.0
351.8	1.0
363.64	1.0
377.52	1.0
385.16	1.0
403.04	1.0
405.88	1.0
421.84	1.0
440.12	1.0
450.0	1.0
912.0	1.0
309.0	2.0
311.68	2.0
314.76	2.0
340.56	2.0
351.8	2.0
361.44	2.0
376.84	2.0
385.92	2.0
400.6	2.0
766.16	2.0
893.96	2.0
950.6	2.0
1182.88	2.0
1317.84	2.0
309.0	3.0
312.08	3.0
319.4	3.0
326.6	3.0
332.28	3.0
338.84	3.0
347.08	3.0
352.56	3.0
367.8	3.0
382.92	3.0
396.92	3.0
465.36	3.0
509.4	3.0
529.56	3.0
552.68	3.0
563.28	3.0
575.88	3.0
586.12	3.0
605.28	3.0
617.4	3.0
622.2	3.0
657.16	3.0
660.8	3.0
676.0	3.0
687.24	3.0
702.68	3.0
706.6	3.0
726.52	3.0
754.64	3.0
760.04	3.0
765.36	3.0
769.04	3.0
787.88	3.0
810.2	3.0
812.8	3.0
832.76	3.0
845.36	3.0
860.76	3.0
892.36	3.0
897.0	3.0
916.36	3.0
947.24	3.0
950.16	3.0
971.52	3.0
1001.28	3.0
1089.44	3.0
1109.28	3.0
1125.92	3.0
1162.24	3.0
1173.52	3.0
1192.84	3.0
1288.92	3.0
302.44	5.0
595.8	5.0
871.36	5.0
332.44	5.0
349.32	5.0
364.2	5.0
376.92	5.0
390.2	5.0
403.64	5.0
418.6	5.0
432.28	5.0
461.72	5.0
508.68	5.0
547.28	5.0
562.64	5.0
587.04	5.0
615.28	5.0
645.64	5.0
672.6	5.0
747.12	5.0
762.52	5.0
471.2	6.0
302.48	6.0
305.24	6.0
309.44	6.0
314.8	6.0
317.76	6.0
327.08	6.0
329.64	6.0
335.04	6.0
339.64	6.0
347.24	6.0
351.32	6.0
362.16	6.0
371.96	6.0
376.6	6.0
399.48	6.0
404.68	6.0
419.76	6.0
426.0	6.0
442.92	6.0
449.28	6.0
467.44	6.0
505.96	6.0
519.92	6.0
529.96	6.0
579.68	6.0
593.92	6.0
638.88	6.0
678.84	6.0
708.6	6.0
726.2	6.0
749.6	6.0
800.2	6.0
905.08	6.0
918.84	6.0
938.48	6.0
978.92	6.0
1004.36	6.0
1025.44	6.0
1064.88	6.0
1104.92	6.0
1123.24	6.0
1172.68	6.0
1227.28	6.0
1259.52	6.0
1277.8	6.0
1310.84	6.0
1354.8	6.0
366.4	7.0
302.6	7.0
313.68	7.0
326.8	7.0
342.96	7.0
361.6	7.0
374.8	7.0
378.2	7.0
389.6	7.0
420.92	7.0
449.56	7.0
467.8	7.0
547.76	7.0
673.88	7.0
749.92	7.0
800.56	7.0
832.6	7.0
313.12	8.0
400.24	8.0
405.24	8.0
466.16	8.0
871.12	8.0
1005.44	8.0
1295.96	8.0
302.76	8.0
315.8	8.0
327.64	8.0
339.08	8.0
353.96	8.0
379.76	8.0
392.6	8.0
831.32	8.0
309.0	9.0
311.8	9.0
330.16	9.0
340.8	9.0
344.32	9.0
367.32	9.0
392.36	9.0
422.16	9.0
617.32	9.0
309.04	10.0
311.84	10.0
378.92	10.0
452.56	10.0
364.04	11.0
377.76	11.0
385.84	11.0
844.96	11.0
376.08	12.0
844.32	12.0
303.28	12.0
307.0	12.0
312.84	12.0
325.32	12.0
328.92	12.0
350.04	12.0
359.08	12.0
365.2	12.0
369.88	12.0
385.36	12.0
396.32	12.0
435.2	12.0
492.8	12.0
514.32	12.0
524.2	12.0
560.44	12.0
586.2	12.0
650.52	12.0
765.48	12.0
786.4	12.0
969.36	12.0
986.16	12.0
1069.8	12.0
1117.12	12.0
1235.2	12.0
1370.76	12.0
462.92	13.0
302.48	13.0
313.12	13.0
316.4	13.0
320.36	13.0
324.84	13.0
327.52	13.0
335.52	13.0
339.84	13.0
344.4	13.0
351.8	13.0
360.56	13.0
365.84	13.0
377.36	13.0
392.96	13.0
399.76	13.0
406.12	13.0
422.2	13.0
427.8	13.0
435.6	13.0
450.32	13.0
468.44	13.0
483.32	13.0
492.12	13.0
503.0	13.0
525.4	13.0
538.0	13.0
550.68	13.0
561.36	13.0
573.96	13.0
591.24	13.0
609.28	13.0
621.04	13.0
638.96	13.0
653.44	13.0
669.88	13.0
701.16	13.0
717.8	13.0
740.64	13.0
763.2	13.0
780.96	13.0
805.24	13.0
830.24	13.0
854.92	13.0
878.44	13.0
900.96	13.0
918.12	13.0
948.68	13.0
981.2	13.0
1000.68	13.0
1050.24	13.0
1088.12	13.0
1123.36	13.0
1193.2	13.0
302.72	14.0
337.48	14.0
361.48	14.0
367.2	14.0
643.8	14.0
302.64	15.0
326.88	15.0
361.68	15.0
832.68	15.0
308.0	15.0
364.72	15.0
423.28	15.0
338.16	16.0
363.4	16.0
438.68	16.0
847.08	16.0
384.84	16.0
417.04	17.0
553.36	17.0
577.28	17.0
309.68	17.0
313.68	17.0
340.4	17.0
348.96	17.0
351.96	17.0
362.48	17.0
366.48	17.0
370.04	17.0
378.92	17.0
401.88	17.0
430.84	17.0
444.64	17.0
544.16	17.0
1061.96	17.0
1173.96	17.0
1298.24	17.0
1337.96	17.0
302.48	18.0
362.2	18.0
366.28	18.0
484.16	18.0
506.6	18.0
512.2	18.0
608.88	18.0
791.52	18.0
1143.04	18.0
1205.48	18.0
308.96	19.0
311.76	19.0
442.68	19.0
331.96	19.0
366.68	19.0
405.2	19.0
308.96	20.0
311.48	20.0
316.56	20.0
321.32	20.0
325.56	20.0
333.68	20.0
339.72	20.0
343.36	20.0
348.24	20.0
352.8	20.0
358.08	20.0
361.84	20.0
365.96	20.0
371.28	20.0
378.68	20.0
392.76	20.0
420.56	20.0
426.36	20.0
443.36	20.0
457.2	20.0
483.12	20.0
488.84	20.0
496.56	20.0
507.44	20.0
523.36	20.0
530.84	20.0
547.72	20.0
559.0	20.0
570.24	20.0
593.4	20.0
671.8	20.0
704.88	20.0
727.2	20.0
749.0	20.0
764.04	20.0
804.04	20.0
826.96	20.0
844.52	20.0
852.84	20.0
856.52	20.0
876.04	20.0
884.64	20.0
890.04	20.0
897.0	20.0
906.96	20.0
910.68	20.0
929.2	20.0
943.32	20.0
964.88	20.0
981.52	20.0
1009.48	20.0
1043.96	20.0
1059.76	20.0
1087.8	20.0
1105.28	20.0
1115.96	20.0
1124.64	20.0
1147.32	20.0
1167.56	20.0
1185.72	20.0
1194.96	20.0
1198.0	20.0
1221.6	20.0
1237.28	20.0
1257.0	20.0
1275.04	20.0
1285.0	20.0
1307.28	20.0
1318.44	20.0
1331.52	20.0
1336.16	20.0
1353.52	20.0
1370.96	20.0
1390.36	20.0
302.48	21.0
341.36	21.0
302.6	22.0
349.84	22.0
363.96	22.0
394.96	22.0
317.16	23.0
362.44	23.0
377.68	23.0
485.08	23.0
326.76	23.0
341.96	23.0
407.04	23.0
428.52	23.0
500.08	23.0
307.6	24.0
363.92	24.0
378.96	24.0
329.04	24.0
436.2	24.0
749.88	24.0
