309.92	1.0
317.76	1.0
321.68	1.0
339.76	1.0
1053.72	1.0
1210.12	1.0
1345.88	1.0
302.48	1.0
327.08	1.0
345.36	1.0
355.68	1.0
361.0	1.0
368.16	1.0
372.28	1.0
380.76	1.0
385.04	1.0
395.2	1.0
405.44	1.0
409.24	1.0
425.32	1.0
441.92	1.0
743.28	1.0
308.96	2.0
311.88	2.0
316.84	2.0
326.48	2.0
348.56	2.0
361.32	2.0
375.96	2.0
407.04	2.0
586.48	2.0
1066.52	2.0
1230.48	2.0
1442.68	2.0
309.0	3.0
311.8	3.0
318.76	3.0
327.36	3.0
333.88	3.0
341.04	3.0
353.16	3.0
363.12	3.0
366.24	3.0
369.88	3.0
376.92	3.0
383.88	3.0
401.76	3.0
447.04	3.0
470.76	3.0
497.32	3.0
509.6	3.0
520.92	3.0
523.48	3.0
531.68	3.0
554.44	3.0
585.48	3.0
599.16	3.0
616.4	3.0
627.16	3.0
686.92	3.0
705.56	3.0
718.0	3.0
784.72	3.0
789.0	3.0
796.56	3.0
819.76	3.0
844.96	3.0
858.36	3.0
876.56	3.0
925.08	3.0
954.16	3.0
981.48	3.0
988.04	3.0
1036.52	3.0
1048.92	3.0
1148.88	3.0
1168.96	3.0
1220.36	3.0
1225.76	3.0
1324.16	3.0
686.32	5.0
940.56	5.0
340.16	5.0
360.76	5.0
371.2	5.0
376.28	5.0
390.84	5.0
411.52	5.0
422.2	5.0
435.16	5.0
445.12	5.0
468.92	5.0
494.96	5.0
588.68	5.0
616.08	5.0
625.24	5.0
677.2	5.0
710.64	5.0
807.92	5.0
306.6	6.0
302.92	6.0
314.72	6.0
331.24	6.0
338.24	6.0
344.08	6.0
347.68	6.0
354.16	6.0
361.76	6.0
364.36	6.0
366.96	6.0
372.2	6.0
383.8	6.0
420.52	6.0
427.4	6.0
434.6	6.0
441.24	6.0
447.16	6.0
456.32	6.0
467.68	6.0
477.2	6.0
488.12	6.0
499.4	6.0
509.04	6.0
517.84	6.0
528.36	6.0
549.8	6.0
621.64	6.0
641.68	6.0
682.84	6.0
713.44	6.0
748.24	6.0
773.8	6.0
788.6	6.0
801.68	6.0
815.44	6.0
837.68	6.0
899.48	6.0
952.88	6.0
978.88	6.0
997.12	6.0
1075.84	6.0
1113.88	6.0
1134.92	6.0
1212.76	6.0
1254.88	6.0
1286.24	6.0
1390.36	6.0
303.84	7.0
313.4	7.0
325.16	7.0
341.68	7.0
360.76	7.0
390.0	7.0
410.36	7.0
444.72	7.0
487.64	7.0
528.72	7.0
546.48	7.0
550.12	7.0
622.56	7.0
955.32	7.0
1242.68	7.0
511.36	8.0
532.68	8.0
899.12	8.0
302.48	8.0
315.84	8.0
337.68	8.0
349.4	8.0
375.88	8.0
308.96	9.0
312.28	9.0
317.04	9.0
338.72	9.0
367.48	9.0
510.04	9.0
568.56	9.0
308.96	10.0
312.08	10.0
303.32	11.0
314.68	11.0
321.92	11.0
336.44	11.0
339.12	11.0
345.0	11.0
355.44	11.0
388.68	11.0
403.84	11.0
421.28	11.0
462.44	11.0
975.72	11.0
351.8	11.0
378.92	11.0
426.76	11.0
437.2	11.0
833.76	11.0
982.28	11.0
1233.36	11.0
311.52	12.0
314.2	12.0
325.84	12.0
348.8	12.0
384.88	12.0
447.76	12.0
488.04	12.0
764.76	12.0
302.56	12.0
305.08	12.0
316.72	12.0
332.92	12.0
344.88	12.0
366.64	12.0
371.52	12.0
379.4	12.0
394.0	12.0
400.92	12.0
422.08	12.0
426.36	12.0
437.68	12.0
451.68	12.0
497.44	12.0
550.32	12.0
622.8	12.0
761.0	12.0
833.6	12.0
854.36	12.0
869.72	12.0
1004.68	12.0
1020.4	12.0
1111.32	12.0
1213.76	12.0
1312.2	12.0
345.48	13.0
302.6	13.0
311.96	13.0
323.84	13.0
332.36	13.0
342.68	13.0
348.0	13.0
352.64	13.0
359.56	13.0
373.44	13.0
377.4	13.0
390.28	13.0
397.84	13.0
408.4	13.0
417.28	13.0
425.84	13.0
433.96	13.0
440.96	13.0
447.48	13.0
462.08	13.0
474.92	13.0
489.76	13.0
503.72	13.0
515.68	13.0
526.24	13.0
543.4	13.0
569.64	13.0
583.08	13.0
599.2	13.0
616.08	13.0
626.96	13.0
647.68	13.0
666.76	13.0
683.12	13.0
700.28	13.0
718.68	13.0
734.32	13.0
749.88	13.0
767.24	13.0
790.36	13.0
815.8	13.0
835.64	13.0
861.72	13.0
884.36	13.0
903.04	13.0
926.6	13.0
969.52	13.0
1014.0	13.0
1069.88	13.0
364.48	14.0
344.72	14.0
348.6	14.0
356.08	14.0
392.6	14.0
686.6	14.0
304.44	15.0
955.44	15.0
322.6	15.0
359.2	15.0
328.72	16.0
349.4	16.0
394.96	16.0
446.36	16.0
1229.28	16.0
361.48	17.0
448.6	17.0
302.48	17.0
316.96	17.0
323.88	17.0
335.68	17.0
340.36	17.0
346.32	17.0
349.28	17.0
401.8	17.0
621.2	17.0
727.84	17.0
733.8	17.0
811.24	17.0
880.08	17.0
1040.44	17.0
1202.48	17.0
1281.44	17.0
302.48	18.0
312.36	18.0
342.12	18.0
347.52	18.0
415.08	18.0
422.4	18.0
603.44	18.0
729.64	18.0
871.76	18.0
309.0	19.0
311.72	19.0
314.56	19.0
348.92	19.0
664.04	19.0
729.96	19.0
835.28	19.0
991.4	19.0
1111.12	19.0
1172.84	19.0
641.44	20.0
669.48	20.0
309.04	20.0
311.96	20.0
314.56	20.0
317.64	20.0
321.96	20.0
328.64	20.0
333.12	20.0
337.76	20.0
342.64	20.0
348.68	20.0
358.08	20.0
362.08	20.0
365.8	20.0
371.96	20.0
377.12	20.0
388.4	20.0
394.84	20.0
399.88	20.0
409.64	20.0
416.64	20.0
422.28	20.0
428.24	20.0
436.64	20.0
463.96	20.0
475.48	20.0
497.72	20.0
515.76	20.0
534.32	20.0
546.24	20.0
592.24	20.0
614.88	20.0
620.8	20.0
627.84	20.0
661.68	20.0
706.32	20.0
716.4	20.0
729.96	20.0
744.0	20.0
771.84	20.0
787.4	20.0
795.72	20.0
807.2	20.0
811.08	20.0
866.76	20.0
900.2	20.0
917.32	20.0
931.88	20.0
944.16	20.0
951.4	20.0
967.48	20.0
978.4	20.0
991.44	20.0
996.52	20.0
1004.12	20.0
1027.88	20.0
1036.2	20.0
1072.12	20.0
1083.2	20.0
1096.16	20.0
1104.04	20.0
1125.76	20.0
1151.88	20.0
1183.72	20.0
1206.72	20.0
1209.36	20.0
1211.88	20.0
1217.72	20.0
1232.88	20.0
1253.48	20.0
1268.16	20.0
1289.56	20.0
1327.96	20.0
1367.04	20.0
1384.64	20.0
1412.08	20.0
302.48	21.0
340.0	21.0
325.44	22.0
349.4	22.0
360.48	22.0
363.64	22.0
339.8	23.0
418.48	23.0
812.76	23.0
1156.68	23.0
312.48	23.0
360.72	23.0
670.92	23.0
312.08	24.0
327.64	24.0
627.12	24.0
345.8	24.0
1371.48	24.0
