311.4	1.0
321.4	1.0
452.16	1.0
530.0	1.0
960.52	1.0
965.48	1.0
302.48	1.0
336.76	1.0
356.04	1.0
374.48	1.0
397.76	1.0
400.44	1.0
411.76	1.0
610.48	1.0
883.08	1.0
1164.92	1.0
308.96	2.0
311.84	2.0
319.56	2.0
330.24	2.0
344.4	2.0
356.4	2.0
373.72	2.0
410.44	2.0
663.08	2.0
969.4	2.0
754.6	3.0
309.04	3.0
311.68	3.0
318.32	3.0
328.68	3.0
332.28	3.0
335.28	3.0
343.44	3.0
357.44	3.0
364.72	3.0
374.92	3.0
380.68	3.0
383.76	3.0
393.64	3.0
409.36	3.0
419.28	3.0
425.44	3.0
427.96	3.0
439.92	3.0
448.56	3.0
474.36	3.0
526.16	3.0
534.76	3.0
537.36	3.0
547.2	3.0
560.28	3.0
578.68	3.0
592.88	3.0
611.96	3.0
625.96	3.0
648.52	3.0
651.84	3.0
679.76	3.0
682.8	3.0
736.96	3.0
763.16	3.0
766.08	3.0
781.76	3.0
809.24	3.0
814.8	3.0
837.12	3.0
841.2	3.0
862.24	3.0
876.2	3.0
921.72	3.0
982.84	3.0
998.8	3.0
1008.68	3.0
319.76	5.0
514.56	5.0
310.4	5.0
330.16	5.0
357.52	5.0
368.44	5.0
374.44	5.0
410.48	5.0
440.16	5.0
473.96	5.0
528.88	5.0
623.92	5.0
766.96	5.0
836.08	5.0
925.48	5.0
302.8	6.0
308.92	6.0
314.36	6.0
319.16	6.0
325.2	6.0
329.12	6.0
331.72	6.0
337.12	6.0
343.16	6.0
354.08	6.0
358.44	6.0
365.4	6.0
371.96	6.0
377.92	6.0
385.16	6.0
390.28	6.0
401.08	6.0
412.4	6.0
419.56	6.0
431.84	6.0
438.48	6.0
449.28	6.0
469.16	6.0
479.48	6.0
491.28	6.0
496.12	6.0
517.92	6.0
531.84	6.0
560.68	6.0
574.48	6.0
584.52	6.0
608.32	6.0
624.84	6.0
628.44	6.0
652.32	6.0
663.96	6.0
681.92	6.0
701.04	6.0
708.0	6.0
727.36	6.0
753.96	6.0
794.32	6.0
848.52	6.0
909.64	6.0
949.76	6.0
992.88	6.0
1067.32	6.0
1090.0	6.0
1114.92	6.0
303.8	7.0
315.04	7.0
331.52	7.0
352.16	7.0
365.72	7.0
372.6	7.0
420.56	7.0
449.6	7.0
463.92	7.0
516.08	7.0
543.48	7.0
598.64	7.0
645.8	7.0
777.48	7.0
866.68	7.0
874.52	7.0
988.96	7.0
1067.64	7.0
305.08	8.0
580.72	8.0
882.92	8.0
302.48	8.0
316.76	8.0
330.96	8.0
350.04	8.0
371.56	8.0
386.92	8.0
440.56	8.0
624.92	8.0
860.24	8.0
308.96	9.0
311.72	9.0
358.8	9.0
316.72	9.0
414.12	9.0
495.76	9.0
891.16	9.0
309.0	10.0
311.68	10.0
302.48	11.0
308.36	11.0
317.08	11.0
347.92	11.0
369.16	11.0
391.08	11.0
352.4	11.0
358.12	11.0
474.84	11.0
307.44	12.0
312.2	12.0
329.84	12.0
359.92	12.0
383.6	12.0
418.0	12.0
303.56	12.0
315.56	12.0
318.4	12.0
344.44	12.0
353.0	12.0
355.72	12.0
374.12	12.0
406.04	12.0
425.48	12.0
449.56	12.0
454.96	12.0
479.96	12.0
482.88	12.0
504.08	12.0
515.36	12.0
568.44	12.0
625.28	12.0
673.6	12.0
678.68	12.0
689.84	12.0
767.44	12.0
882.12	12.0
916.84	12.0
945.92	12.0
987.28	12.0
1025.16	12.0
1124.08	12.0
329.96	13.0
302.6	13.0
313.64	13.0
327.2	13.0
337.68	13.0
352.6	13.0
356.08	13.0
359.4	13.0
373.4	13.0
383.8	13.0
393.68	13.0
403.96	13.0
413.44	13.0
422.28	13.0
431.36	13.0
436.36	13.0
446.64	13.0
456.6	13.0
468.44	13.0
480.56	13.0
495.44	13.0
509.72	13.0
514.92	13.0
525.6	13.0
541.08	13.0
561.4	13.0
587.64	13.0
607.08	13.0
623.44	13.0
641.68	13.0
657.56	13.0
678.2	13.0
709.36	13.0
732.92	13.0
764.44	13.0
794.28	13.0
883.36	13.0
926.28	13.0
1008.92	13.0
356.72	14.0
302.64	14.0
315.72	14.0
373.16	14.0
421.44	14.0
481.12	14.0
304.52	15.0
331.64	15.0
420.64	15.0
645.88	15.0
354.76	16.0
376.76	16.0
411.8	16.0
678.68	16.0
387.64	16.0
454.92	16.0
362.88	17.0
420.44	17.0
671.52	17.0
302.48	17.0
308.16	17.0
319.84	17.0
335.44	17.0
367.32	17.0
375.28	17.0
396.52	17.0
403.92	17.0
435.8	17.0
475.68	17.0
603.0	17.0
691.72	17.0
769.52	17.0
302.48	18.0
321.52	18.0
378.04	18.0
402.52	18.0
447.16	18.0
579.44	18.0
824.12	18.0
309.0	19.0
311.88	19.0
495.88	19.0
317.08	19.0
338.28	19.0
412.72	19.0
459.28	19.0
376.68	20.0
421.56	20.0
560.12	20.0
649.32	20.0
309.04	20.0
312.68	20.0
317.12	20.0
321.08	20.0
326.36	20.0
332.72	20.0
338.36	20.0
342.28	20.0
344.88	20.0
351.36	20.0
356.84	20.0
367.6	20.0
384.8	20.0
392.48	20.0
401.2	20.0
405.24	20.0
412.8	20.0
417.52	20.0
424.6	20.0
429.84	20.0
434.28	20.0
438.92	20.0
445.2	20.0
449.92	20.0
459.44	20.0
474.44	20.0
511.56	20.0
522.08	20.0
531.64	20.0
540.0	20.0
583.36	20.0
596.92	20.0
629.92	20.0
655.68	20.0
707.16	20.0
729.6	20.0
737.88	20.0
747.28	20.0
751.28	20.0
758.68	20.0
788.04	20.0
801.08	20.0
828.92	20.0
848.16	20.0
859.84	20.0
877.0	20.0
890.48	20.0
941.24	20.0
944.04	20.0
951.68	20.0
971.56	20.0
991.68	20.0
1025.28	20.0
1037.56	20.0
1105.72	20.0
1186.6	20.0
302.48	21.0
358.52	22.0
372.4	22.0
302.8	23.0
318.28	23.0
384.92	23.0
413.44	23.0
345.48	23.0
357.16	23.0
363.2	23.0
484.72	23.0
542.0	23.0
315.56	24.0
344.08	24.0
515.0	24.0
