310.16	1.0
322.2	1.0
336.8	1.0
353.48	1.0
456.24	1.0
515.0	1.0
771.44	1.0
909.92	1.0
1002.64	1.0
1258.44	1.0
302.48	1.0
317.28	1.0
328.16	1.0
344.72	1.0
356.16	1.0
364.6	1.0
375.28	1.0
382.6	1.0
397.2	1.0
404.72	1.0
827.56	1.0
309.0	2.0
311.96	2.0
317.44	2.0
327.12	2.0
346.28	2.0
353.96	2.0
456.16	2.0
1002.96	2.0
308.96	3.0
311.68	3.0
318.16	3.0
325.4	3.0
331.88	3.0
336.8	3.0
343.6	3.0
349.08	3.0
356.32	3.0
362.96	3.0
368.72	3.0
389.08	3.0
399.76	3.0
403.88	3.0
433.44	3.0
436.52	3.0
448.36	3.0
491.88	3.0
499.88	3.0
564.64	3.0
578.76	3.0
588.8	3.0
604.96	3.0
612.92	3.0
619.28	3.0
658.28	3.0
705.12	3.0
737.24	3.0
761.32	3.0
788.8	3.0
798.6	3.0
832.36	3.0
870.76	3.0
875.52	3.0
905.8	3.0
908.96	3.0
940.92	3.0
964.24	3.0
994.28	3.0
1017.48	3.0
1053.08	3.0
1120.6	3.0
325.12	5.0
445.64	5.0
967.44	5.0
304.52	5.0
327.64	5.0
346.08	5.0
363.8	5.0
386.4	5.0
397.24	5.0
409.44	5.0
429.88	5.0
439.76	5.0
480.64	5.0
495.72	5.0
528.16	5.0
556.08	5.0
593.28	5.0
626.0	5.0
649.12	5.0
685.84	5.0
708.52	5.0
751.84	5.0
814.16	5.0
862.72	5.0
1047.8	5.0
386.44	6.0
302.48	6.0
314.16	6.0
318.44	6.0
323.52	6.0
328.48	6.0
331.68	6.0
334.84	6.0
339.32	6.0
351.0	6.0
381.08	6.0
391.8	6.0
399.04	6.0
416.08	6.0
422.32	6.0
426.52	6.0
435.64	6.0
440.52	6.0
446.72	6.0
458.4	6.0
468.28	6.0
479.4	6.0
488.6	6.0
498.48	6.0
504.96	6.0
515.8	6.0
527.04	6.0
536.44	6.0
548.12	6.0
559.04	6.0
613.04	6.0
633.6	6.0
672.16	6.0
714.24	6.0
735.08	6.0
753.84	6.0
821.36	6.0
849.04	6.0
864.0	6.0
892.56	6.0
912.68	6.0
969.52	6.0
1005.36	6.0
1127.64	6.0
302.56	7.0
312.4	7.0
316.0	7.0
328.84	7.0
338.6	7.0
353.48	7.0
371.24	7.0
383.08	7.0
409.12	7.0
446.84	7.0
458.76	7.0
468.44	7.0
527.96	7.0
559.4	7.0
589.44	7.0
735.44	7.0
1022.32	7.0
313.56	8.0
327.32	8.0
339.04	8.0
443.24	8.0
302.64	8.0
345.64	8.0
362.16	8.0
458.56	8.0
466.68	8.0
308.96	9.0
311.68	9.0
372.0	9.0
336.72	9.0
354.2	9.0
397.52	9.0
418.32	9.0
642.6	9.0
309.0	10.0
312.12	10.0
302.48	11.0
323.96	11.0
333.16	11.0
357.12	11.0
360.8	11.0
393.84	11.0
414.68	11.0
444.12	11.0
481.08	11.0
315.32	11.0
327.16	11.0
368.08	11.0
383.08	11.0
677.6	11.0
313.24	12.0
316.2	12.0
375.48	12.0
418.8	12.0
459.24	12.0
502.08	12.0
612.72	12.0
694.12	12.0
941.44	12.0
302.48	12.0
328.92	12.0
337.84	12.0
356.2	12.0
360.0	12.0
382.12	12.0
400.44	12.0
432.76	12.0
448.12	12.0
480.96	12.0
618.48	12.0
667.84	12.0
679.84	12.0
721.68	12.0
724.24	12.0
751.24	12.0
853.48	12.0
865.96	12.0
913.04	12.0
923.84	12.0
1053.8	12.0
1085.68	12.0
1142.12	12.0
302.48	13.0
313.72	13.0
319.44	13.0
327.0	13.0
335.08	13.0
342.4	13.0
355.64	13.0
359.12	13.0
370.44	13.0
383.84	13.0
390.68	13.0
393.48	13.0
397.8	13.0
404.64	13.0
418.44	13.0
427.76	13.0
435.4	13.0
439.32	13.0
446.12	13.0
455.68	13.0
481.88	13.0
490.6	13.0
500.96	13.0
515.08	13.0
524.0	13.0
538.12	13.0
549.48	13.0
561.16	13.0
581.32	13.0
595.48	13.0
609.68	13.0
613.48	13.0
624.2	13.0
646.28	13.0
662.84	13.0
675.84	13.0
692.32	13.0
710.4	13.0
730.68	13.0
748.8	13.0
769.76	13.0
796.72	13.0
819.12	13.0
842.32	13.0
866.64	13.0
900.24	13.0
914.28	13.0
943.76	13.0
969.96	13.0
994.6	13.0
1018.76	13.0
1045.12	13.0
1154.76	13.0
357.08	14.0
302.64	14.0
433.88	14.0
371.28	15.0
447.04	15.0
1022.4	15.0
303.08	15.0
379.04	15.0
326.8	16.0
350.84	16.0
392.84	16.0
440.0	16.0
549.64	16.0
608.16	16.0
1095.68	16.0
1283.44	16.0
312.28	17.0
360.0	17.0
369.48	17.0
302.48	17.0
326.28	17.0
328.8	17.0
333.52	17.0
336.4	17.0
354.44	17.0
434.88	17.0
474.88	17.0
496.48	17.0
505.72	17.0
543.24	17.0
563.48	17.0
571.08	17.0
609.24	17.0
694.6	17.0
732.88	17.0
745.0	17.0
778.44	17.0
821.92	17.0
873.84	17.0
946.4	17.0
1059.04	17.0
302.48	18.0
312.76	18.0
320.04	18.0
329.64	18.0
343.52	18.0
372.12	18.0
445.36	18.0
497.48	18.0
524.08	18.0
564.04	18.0
1005.72	18.0
308.92	19.0
311.76	19.0
317.68	19.0
383.64	19.0
517.12	19.0
308.96	20.0
311.64	20.0
316.24	20.0
320.12	20.0
325.52	20.0
329.4	20.0
338.2	20.0
342.24	20.0
349.44	20.0
353.2	20.0
357.16	20.0
366.88	20.0
378.12	20.0
383.72	20.0
423.16	20.0
431.24	20.0
455.72	20.0
459.2	20.0
467.8	20.0
475.0	20.0
480.56	20.0
485.72	20.0
497.2	20.0
515.52	20.0
522.16	20.0
531.08	20.0
550.6	20.0
578.08	20.0
596.56	20.0
641.96	20.0
678.76	20.0
692.6	20.0
737.0	20.0
792.6	20.0
845.04	20.0
855.84	20.0
863.84	20.0
911.76	20.0
938.12	20.0
976.04	20.0
1005.24	20.0
1016.64	20.0
1032.16	20.0
1065.04	20.0
1102.24	20.0
1122.64	20.0
1141.56	20.0
1147.44	20.0
1150.96	20.0
1177.32	20.0
1194.92	20.0
1265.12	20.0
302.48	21.0
302.6	22.0
373.52	22.0
407.52	22.0
316.0	23.0
340.36	23.0
357.48	23.0
370.16	23.0
383.48	23.0
1194.8	23.0
425.48	23.0
481.0	23.0
545.4	23.0
313.64	24.0
328.0	24.0
