311.32	1.0
324.2	1.0
337.4	1.0
380.56	1.0
752.48	1.0
949.72	1.0
1089.96	1.0
1310.32	1.0
328.0	1.0
333.2	1.0
342.32	1.0
344.84	1.0
350.88	1.0
363.76	1.0
372.36	1.0
398.8	1.0
402.56	1.0
424.36	1.0
439.04	1.0
467.2	1.0
1033.4	1.0
1057.64	1.0
1161.68	1.0
308.96	2.0
311.56	2.0
315.04	2.0
330.12	2.0
339.8	2.0
372.32	2.0
438.44	2.0
1120.36	2.0
314.68	3.0
309.04	3.0
312.08	3.0
324.2	3.0
330.36	3.0
337.52	3.0
344.96	3.0
351.92	3.0
362.16	3.0
374.16	3.0
395.0	3.0
399.08	3.0
433.56	3.0
477.36	3.0
553.52	3.0
561.24	3.0
569.96	3.0
581.0	3.0
604.92	3.0
632.52	3.0
638.68	3.0
653.84	3.0
661.96	3.0
666.96	3.0
686.68	3.0
696.0	3.0
708.2	3.0
727.6	3.0
732.76	3.0
751.48	3.0
775.12	3.0
804.76	3.0
809.44	3.0
827.52	3.0
839.32	3.0
860.6	3.0
886.52	3.0
917.52	3.0
933.0	3.0
967.36	3.0
1000.48	3.0
1004.4	3.0
1020.32	3.0
1055.04	3.0
1076.44	3.0
1152.68	3.0
1181.64	3.0
744.92	5.0
966.64	5.0
304.4	5.0
314.2	5.0
335.36	5.0
347.68	5.0
364.96	5.0
377.56	5.0
389.72	5.0
413.56	5.0
425.2	5.0
435.84	5.0
465.64	5.0
496.08	5.0
515.64	5.0
546.44	5.0
575.4	5.0
594.12	5.0
635.6	5.0
711.08	5.0
734.68	5.0
754.64	5.0
849.08	5.0
883.16	5.0
924.64	5.0
1152.76	5.0
306.32	6.0
313.92	6.0
318.4	6.0
324.16	6.0
328.64	6.0
340.56	6.0
346.04	6.0
348.6	6.0
357.08	6.0
361.84	6.0
371.72	6.0
376.88	6.0
383.56	6.0
438.56	6.0
445.88	6.0
453.04	6.0
458.32	6.0
464.64	6.0
471.88	6.0
479.96	6.0
496.16	6.0
507.04	6.0
515.48	6.0
526.28	6.0
537.72	6.0
547.44	6.0
558.4	6.0
576.36	6.0
585.44	6.0
599.92	6.0
616.4	6.0
635.48	6.0
708.96	6.0
728.32	6.0
738.04	6.0
760.96	6.0
796.6	6.0
849.8	6.0
895.44	6.0
984.48	6.0
995.72	6.0
1017.44	6.0
1102.2	6.0
1157.36	6.0
1257.84	6.0
324.56	7.0
417.44	7.0
304.32	7.0
307.8	7.0
312.88	7.0
339.2	7.0
348.16	7.0
359.48	7.0
362.48	7.0
373.0	7.0
422.4	7.0
527.52	7.0
736.04	7.0
796.92	7.0
878.44	7.0
1139.92	7.0
313.44	8.0
360.24	8.0
309.28	8.0
316.08	8.0
329.92	8.0
439.2	8.0
466.92	8.0
309.0	9.0
311.84	9.0
341.76	9.0
346.64	9.0
360.16	9.0
362.68	9.0
409.92	9.0
507.96	9.0
309.04	10.0
312.12	10.0
443.2	10.0
308.0	11.0
330.24	11.0
339.92	11.0
362.2	11.0
372.84	11.0
381.56	11.0
397.88	11.0
401.76	11.0
429.32	11.0
334.56	11.0
385.04	11.0
405.44	11.0
518.8	11.0
313.8	12.0
363.72	12.0
464.56	12.0
478.44	12.0
494.28	12.0
974.96	12.0
1032.64	12.0
303.8	12.0
327.8	12.0
338.92	12.0
393.52	12.0
410.68	12.0
414.6	12.0
419.8	12.0
425.72	12.0
438.8	12.0
455.96	12.0
519.4	12.0
539.52	12.0
550.76	12.0
573.48	12.0
631.72	12.0
658.32	12.0
749.56	12.0
778.4	12.0
820.88	12.0
947.12	12.0
1162.88	12.0
1192.4	12.0
313.68	13.0
321.36	13.0
332.04	13.0
338.96	13.0
341.56	13.0
346.44	13.0
355.8	13.0
360.4	13.0
371.2	13.0
387.76	13.0
390.6	13.0
395.04	13.0
398.52	13.0
401.16	13.0
412.0	13.0
421.36	13.0
431.36	13.0
435.64	13.0
446.0	13.0
454.84	13.0
468.84	13.0
483.68	13.0
495.68	13.0
513.32	13.0
520.04	13.0
523.48	13.0
534.88	13.0
546.56	13.0
570.2	13.0
584.36	13.0
595.4	13.0
605.12	13.0
609.2	13.0
622.4	13.0
639.12	13.0
656.52	13.0
672.92	13.0
691.44	13.0
699.48	13.0
711.48	13.0
728.52	13.0
747.2	13.0
766.48	13.0
795.52	13.0
821.52	13.0
855.28	13.0
878.56	13.0
910.04	13.0
991.08	13.0
1018.08	13.0
314.68	14.0
351.96	14.0
561.8	14.0
745.2	14.0
822.72	14.0
894.36	14.0
1140.04	15.0
345.96	15.0
409.28	15.0
343.6	16.0
378.92	16.0
1164.6	16.0
1228.96	16.0
313.96	17.0
349.92	17.0
307.8	17.0
363.44	17.0
375.28	17.0
381.56	17.0
404.76	17.0
425.04	17.0
446.6	17.0
465.72	17.0
490.48	17.0
510.68	17.0
528.12	17.0
622.48	17.0
865.2	17.0
883.12	17.0
1148.8	17.0
316.52	18.0
350.04	18.0
409.28	18.0
427.16	18.0
444.48	18.0
465.56	18.0
469.96	18.0
527.88	18.0
810.36	18.0
849.12	18.0
894.36	18.0
966.28	18.0
309.0	19.0
311.96	19.0
373.2	19.0
391.76	19.0
424.32	19.0
1064.96	19.0
325.12	20.0
340.24	20.0
437.72	20.0
308.96	20.0
311.8	20.0
314.32	20.0
317.2	20.0
320.92	20.0
331.4	20.0
335.08	20.0
345.44	20.0
351.52	20.0
356.52	20.0
361.64	20.0
373.28	20.0
384.52	20.0
388.64	20.0
397.08	20.0
401.08	20.0
416.04	20.0
420.76	20.0
425.68	20.0
433.56	20.0
442.68	20.0
466.52	20.0
476.24	20.0
489.44	20.0
498.32	20.0
518.32	20.0
521.16	20.0
530.92	20.0
553.84	20.0
637.08	20.0
665.6	20.0
687.64	20.0
707.48	20.0
727.96	20.0
736.84	20.0
753.08	20.0
773.12	20.0
793.96	20.0
809.96	20.0
893.8	20.0
916.0	20.0
924.32	20.0
982.92	20.0
1011.96	20.0
1015.92	20.0
1025.44	20.0
1065.0	20.0
1073.52	20.0
1092.64	20.0
1108.16	20.0
1124.48	20.0
1143.56	20.0
1161.16	20.0
1174.32	20.0
1189.96	20.0
1226.56	20.0
1240.28	20.0
358.08	21.0
324.32	21.0
345.76	22.0
363.4	22.0
373.04	22.0
422.88	22.0
317.68	23.0
340.24	23.0
347.36	23.0
388.2	23.0
397.76	23.0
363.44	23.0
401.88	23.0
499.52	23.0
838.0	23.0
313.2	24.0
316.48	24.0
346.56	24.0
