311.68	1.0
358.28	1.0
929.24	1.0
303.04	1.0
317.48	1.0
326.08	1.0
342.04	1.0
365.0	1.0
386.28	1.0
401.4	1.0
409.44	1.0
425.0	1.0
446.28	1.0
462.76	1.0
465.28	1.0
493.4	1.0
576.32	1.0
309.04	2.0
311.96	2.0
324.12	2.0
327.76	2.0
341.32	2.0
377.48	2.0
398.08	2.0
431.72	2.0
521.88	2.0
998.16	2.0
1093.2	2.0
1190.28	2.0
1321.72	2.0
405.56	3.0
309.0	3.0
311.68	3.0
324.88	3.0
328.28	3.0
334.2	3.0
340.6	3.0
349.52	3.0
353.0	3.0
356.12	3.0
363.04	3.0
369.64	3.0
378.8	3.0
383.28	3.0
386.88	3.0
391.52	3.0
429.64	3.0
433.8	3.0
439.12	3.0
479.12	3.0
542.16	3.0
552.76	3.0
567.32	3.0
580.72	3.0
598.36	3.0
602.0	3.0
619.08	3.0
622.2	3.0
632.32	3.0
654.76	3.0
657.44	3.0
684.56	3.0
697.16	3.0
719.0	3.0
740.72	3.0
788.6	3.0
820.92	3.0
836.12	3.0
880.6	3.0
905.0	3.0
937.32	3.0
957.28	3.0
964.28	3.0
972.96	3.0
993.6	3.0
1006.84	3.0
1036.08	3.0
1083.84	3.0
1109.52	3.0
1126.88	3.0
1212.44	3.0
1309.92	3.0
1339.64	3.0
1356.72	3.0
313.76	4.0
334.2	5.0
1078.88	5.0
319.0	5.0
328.88	5.0
354.52	5.0
365.48	5.0
376.48	5.0
385.44	5.0
388.24	5.0
404.76	5.0
420.8	5.0
441.2	5.0
473.84	5.0
483.24	5.0
495.28	5.0
511.08	5.0
536.44	5.0
572.36	5.0
808.52	5.0
861.72	5.0
868.68	5.0
1045.16	5.0
302.92	6.0
314.12	6.0
318.24	6.0
324.04	6.0
328.52	6.0
331.56	6.0
338.8	6.0
342.64	6.0
346.4	6.0
350.88	6.0
355.12	6.0
363.2	6.0
369.4	6.0
376.6	6.0
408.72	6.0
423.76	6.0
433.76	6.0
439.6	6.0
448.68	6.0
459.36	6.0
473.8	6.0
521.36	6.0
530.08	6.0
545.04	6.0
562.0	6.0
576.64	6.0
600.76	6.0
646.88	6.0
671.4	6.0
720.92	6.0
755.8	6.0
801.12	6.0
842.84	6.0
852.64	6.0
872.64	6.0
931.56	6.0
949.52	6.0
960.12	6.0
984.2	6.0
1011.36	6.0
1020.32	6.0
1063.04	6.0
1081.64	6.0
1130.2	6.0
1191.92	6.0
1249.72	6.0
1284.92	6.0
1313.56	6.0
1328.44	6.0
1351.32	6.0
303.56	7.0
313.6	7.0
318.52	7.0
338.52	7.0
344.48	7.0
367.6	7.0
376.84	7.0
388.48	7.0
409.56	7.0
416.84	7.0
423.68	7.0
490.76	7.0
612.28	7.0
671.76	7.0
872.92	7.0
957.36	7.0
1328.6	7.0
352.92	8.0
406.76	8.0
567.88	8.0
677.8	8.0
1026.4	8.0
1333.12	8.0
302.52	8.0
316.28	8.0
332.76	8.0
349.2	8.0
370.44	8.0
415.04	8.0
521.16	8.0
572.24	8.0
309.0	9.0
311.96	9.0
341.72	9.0
362.16	9.0
384.76	9.0
389.24	9.0
457.64	9.0
494.08	9.0
1261.76	9.0
309.0	10.0
312.24	10.0
302.48	11.0
314.84	11.0
320.8	11.0
338.28	11.0
370.0	11.0
385.8	11.0
401.84	11.0
430.92	11.0
445.0	11.0
484.04	11.0
660.44	11.0
341.24	11.0
390.48	11.0
420.48	11.0
917.32	11.0
1324.36	11.0
1340.72	11.0
314.0	12.0
327.08	12.0
438.76	12.0
302.88	12.0
306.96	12.0
323.88	12.0
340.24	12.0
343.56	12.0
355.52	12.0
374.92	12.0
381.44	12.0
387.48	12.0
391.48	12.0
404.16	12.0
431.88	12.0
445.4	12.0
473.44	12.0
494.64	12.0
546.84	12.0
573.6	12.0
577.24	12.0
647.56	12.0
661.76	12.0
702.0	12.0
766.8	12.0
847.16	12.0
924.2	12.0
1024.4	12.0
1060.72	12.0
1071.08	12.0
1229.36	12.0
1262.6	12.0
1265.72	12.0
1339.12	12.0
1357.88	12.0
302.52	13.0
313.72	13.0
318.52	13.0
321.88	13.0
336.24	13.0
342.24	13.0
351.4	13.0
354.52	13.0
363.8	13.0
371.56	13.0
375.56	13.0
385.0	13.0
392.08	13.0
403.48	13.0
410.52	13.0
420.56	13.0
427.84	13.0
436.04	13.0
456.08	13.0
464.36	13.0
474.2	13.0
483.0	13.0
494.92	13.0
516.04	13.0
530.88	13.0
544.32	13.0
558.16	13.0
572.44	13.0
588.68	13.0
606.92	13.0
622.32	13.0
641.2	13.0
656.16	13.0
676.56	13.0
715.44	13.0
738.28	13.0
769.56	13.0
799.92	13.0
834.36	13.0
861.88	13.0
939.36	13.0
969.76	13.0
1364.28	13.0
302.52	14.0
374.24	14.0
429.48	14.0
304.48	15.0
367.76	15.0
384.04	15.0
388.68	15.0
1328.68	15.0
339.16	16.0
409.12	16.0
1198.72	16.0
368.8	16.0
302.48	17.0
314.08	17.0
336.88	17.0
354.0	17.0
384.88	17.0
390.64	17.0
406.36	17.0
465.68	17.0
501.92	17.0
583.64	17.0
600.48	17.0
622.68	17.0
763.64	17.0
958.92	17.0
984.48	17.0
1254.84	17.0
302.48	18.0
342.84	18.0
390.68	18.0
406.2	18.0
419.44	18.0
428.84	18.0
656.64	18.0
308.96	19.0
311.92	19.0
309.04	20.0
312.44	20.0
315.52	20.0
319.16	20.0
322.92	20.0
329.84	20.0
334.24	20.0
338.24	20.0
343.12	20.0
347.48	20.0
351.48	20.0
360.24	20.0
367.56	20.0
371.12	20.0
375.0	20.0
379.4	20.0
385.44	20.0
390.0	20.0
396.48	20.0
400.6	20.0
404.28	20.0
411.68	20.0
416.96	20.0
437.6	20.0
457.52	20.0
470.0	20.0
494.24	20.0
500.68	20.0
508.92	20.0
545.72	20.0
551.16	20.0
558.0	20.0
566.92	20.0
575.6	20.0
618.32	20.0
631.8	20.0
681.24	20.0
685.32	20.0
744.88	20.0
797.24	20.0
842.0	20.0
887.04	20.0
899.04	20.0
931.08	20.0
956.4	20.0
972.08	20.0
1004.4	20.0
1017.36	20.0
1033.6	20.0
1044.8	20.0
1056.12	20.0
1064.64	20.0
1094.28	20.0
1118.24	20.0
1128.92	20.0
1154.92	20.0
1171.24	20.0
1191.52	20.0
1209.76	20.0
1225.76	20.0
1247.36	20.0
1261.4	20.0
1266.6	20.0
1272.0	20.0
1284.16	20.0
1297.24	20.0
1301.84	20.0
1312.84	20.0
1319.68	20.0
1323.84	20.0
1330.76	20.0
1340.2	20.0
1347.44	20.0
1360.36	20.0
1371.04	20.0
1378.2	20.0
386.76	21.0
302.48	21.0
360.4	21.0
340.52	22.0
373.04	22.0
457.16	22.0
339.48	23.0
348.6	23.0
356.72	23.0
547.52	23.0
1262.36	23.0
399.76	23.0
408.4	23.0
508.88	23.0
313.88	24.0
341.96	24.0
356.08	24.0
846.2	24.0
424.52	24.0
440.72	24.0
743.08	24.0
788.16	24.0
