310.92	1.0
324.88	1.0
398.84	1.0
445.76	1.0
467.08	1.0
525.48	1.0
675.52	1.0
756.2	1.0
822.68	1.0
923.32	1.0
302.48	1.0
337.28	1.0
342.88	1.0
368.68	1.0
416.68	1.0
1108.6	1.0
308.96	2.0
311.84	2.0
336.16	2.0
368.08	2.0
460.88	2.0
731.72	2.0
813.0	2.0
1076.96	2.0
1279.56	2.0
843.72	3.0
309.0	3.0
312.16	3.0
322.32	3.0
326.84	3.0
336.08	3.0
343.48	3.0
354.92	3.0
369.56	3.0
376.0	3.0
380.4	3.0
393.68	3.0
398.6	3.0
411.44	3.0
417.16	3.0
431.72	3.0
445.16	3.0
459.12	3.0
479.28	3.0
504.24	3.0
533.0	3.0
547.88	3.0
565.88	3.0
583.76	3.0
634.36	3.0
646.28	3.0
651.44	3.0
673.96	3.0
733.44	3.0
750.8	3.0
848.44	3.0
901.4	3.0
931.04	3.0
965.88	3.0
971.36	3.0
978.96	3.0
996.08	3.0
1022.68	3.0
1113.96	3.0
302.64	5.0
396.84	5.0
467.48	5.0
1011.4	5.0
320.4	5.0
328.48	5.0
331.0	5.0
375.32	5.0
437.64	5.0
478.28	5.0
524.64	5.0
554.0	5.0
801.16	5.0
439.24	6.0
302.52	6.0
305.04	6.0
308.92	6.0
314.56	6.0
320.96	6.0
327.24	6.0
335.92	6.0
352.68	6.0
361.96	6.0
368.04	6.0
397.6	6.0
416.24	6.0
425.92	6.0
457.92	6.0
479.72	6.0
503.2	6.0
521.48	6.0
539.44	6.0
559.8	6.0
578.96	6.0
604.12	6.0
622.36	6.0
634.96	6.0
641.16	6.0
653.2	6.0
694.88	6.0
706.96	6.0
772.64	6.0
786.76	6.0
801.2	6.0
826.08	6.0
866.52	6.0
891.36	6.0
955.12	6.0
1019.72	6.0
1062.84	6.0
1133.72	6.0
302.68	7.0
314.52	7.0
329.6	7.0
334.92	7.0
346.96	7.0
395.4	7.0
397.92	7.0
439.04	7.0
679.12	7.0
497.2	8.0
584.12	8.0
948.56	8.0
302.72	8.0
321.0	8.0
335.64	8.0
344.12	8.0
354.36	8.0
368.64	8.0
520.44	8.0
860.48	8.0
309.0	9.0
311.84	9.0
419.16	9.0
315.92	9.0
324.28	9.0
382.28	9.0
437.48	9.0
679.88	9.0
825.72	9.0
881.44	9.0
894.68	9.0
741.24	10.0
309.0	10.0
311.96	10.0
302.48	11.0
313.96	11.0
318.28	11.0
327.48	11.0
341.84	11.0
445.96	11.0
703.44	11.0
375.8	12.0
303.04	12.0
318.0	12.0
320.52	12.0
327.48	12.0
333.52	12.0
336.52	12.0
357.2	12.0
388.56	12.0
402.52	12.0
405.52	12.0
419.2	12.0
425.04	12.0
461.88	12.0
484.2	12.0
499.36	12.0
552.28	12.0
622.48	12.0
648.28	12.0
661.64	12.0
694.52	12.0
765.0	12.0
793.52	12.0
819.44	12.0
893.72	12.0
942.2	12.0
974.84	12.0
1062.4	12.0
1136.12	12.0
1346.08	12.0
302.68	13.0
314.24	13.0
323.12	13.0
334.52	13.0
344.84	13.0
360.76	13.0
374.16	13.0
392.24	13.0
407.72	13.0
437.12	13.0
452.28	13.0
465.72	13.0
483.6	13.0
505.36	13.0
525.28	13.0
551.4	13.0
569.12	13.0
588.36	13.0
610.64	13.0
636.04	13.0
657.32	13.0
679.44	13.0
705.24	13.0
737.0	13.0
771.8	13.0
818.16	13.0
934.6	13.0
1069.0	13.0
302.52	14.0
460.92	14.0
395.48	15.0
439.12	15.0
679.24	15.0
350.44	16.0
377.08	16.0
461.28	16.0
549.6	16.0
609.04	16.0
894.48	16.0
1285.28	16.0
302.48	17.0
323.88	17.0
336.52	17.0
347.64	17.0
356.28	17.0
376.68	17.0
429.4	17.0
451.56	17.0
460.0	17.0
540.4	17.0
579.72	17.0
639.2	17.0
675.84	17.0
861.92	17.0
1150.08	17.0
1245.32	17.0
302.52	18.0
323.68	18.0
346.96	18.0
459.68	18.0
499.36	18.0
593.4	18.0
910.44	18.0
308.96	19.0
311.88	19.0
315.44	19.0
446.48	19.0
309.0	20.0
312.12	20.0
315.2	20.0
321.08	20.0
325.76	20.0
333.0	20.0
338.92	20.0
343.44	20.0
354.48	20.0
367.96	20.0
371.48	20.0
382.64	20.0
389.52	20.0
396.16	20.0
400.64	20.0
411.88	20.0
418.2	20.0
424.24	20.0
432.08	20.0
437.72	20.0
442.52	20.0
454.32	20.0
467.08	20.0
478.12	20.0
511.08	20.0
528.92	20.0
539.16	20.0
553.76	20.0
562.2	20.0
575.52	20.0
582.76	20.0
589.08	20.0
605.04	20.0
616.16	20.0
635.28	20.0
647.6	20.0
667.36	20.0
674.8	20.0
726.36	20.0
734.32	20.0
797.8	20.0
801.24	20.0
813.24	20.0
850.2	20.0
860.08	20.0
876.36	20.0
897.0	20.0
937.2	20.0
951.88	20.0
983.0	20.0
1025.56	20.0
1034.16	20.0
1061.12	20.0
1080.24	20.0
1105.72	20.0
1116.96	20.0
1128.76	20.0
1141.2	20.0
1171.36	20.0
1226.6	20.0
1239.68	20.0
1260.08	20.0
1327.8	20.0
302.48	21.0
410.8	22.0
304.12	23.0
549.2	23.0
690.24	23.0
462.48	24.0
