312.08	1.0
324.8	1.0
557.4	1.0
1142.44	1.0
1283.24	1.0
302.96	1.0
309.2	1.0
336.96	1.0
341.72	1.0
344.96	1.0
353.2	1.0
360.64	1.0
374.04	1.0
392.72	1.0
397.24	1.0
414.96	1.0
418.84	1.0
437.12	1.0
783.16	1.0
915.16	1.0
309.0	2.0
311.96	2.0
315.36	2.0
323.6	2.0
327.32	2.0
347.88	2.0
367.64	2.0
373.52	2.0
414.08	2.0
959.56	2.0
1077.24	2.0
1178.96	2.0
1259.96	2.0
373.32	3.0
309.0	3.0
311.96	3.0
317.72	3.0
324.88	3.0
332.16	3.0
335.12	3.0
338.72	3.0
346.36	3.0
354.12	3.0
387.64	3.0
395.4	3.0
403.12	3.0
418.44	3.0
438.84	3.0
497.36	3.0
518.96	3.0
523.88	3.0
532.76	3.0
592.76	3.0
644.84	3.0
682.0	3.0
728.16	3.0
742.84	3.0
760.92	3.0
777.76	3.0
804.32	3.0
817.92	3.0
853.88	3.0
902.8	3.0
907.36	3.0
992.0	3.0
1004.88	3.0
1018.04	3.0
1061.92	3.0
1117.08	3.0
1213.28	3.0
1253.28	3.0
1351.72	3.0
311.8	4.0
324.88	5.0
357.96	5.0
779.04	5.0
1058.16	5.0
304.44	5.0
350.24	5.0
363.48	5.0
381.32	5.0
391.72	5.0
403.6	5.0
420.92	5.0
460.4	5.0
486.8	5.0
508.4	5.0
521.32	5.0
529.08	5.0
613.48	5.0
647.16	5.0
680.04	5.0
845.4	5.0
928.72	5.0
323.84	6.0
326.4	6.0
302.92	6.0
313.32	6.0
317.56	6.0
332.4	6.0
336.56	6.0
344.68	6.0
351.04	6.0
361.08	6.0
368.24	6.0
379.92	6.0
393.72	6.0
398.12	6.0
403.76	6.0
411.88	6.0
415.96	6.0
452.6	6.0
461.36	6.0
466.68	6.0
476.88	6.0
487.72	6.0
554.2	6.0
566.12	6.0
583.2	6.0
597.48	6.0
627.28	6.0
684.84	6.0
717.48	6.0
731.36	6.0
776.56	6.0
806.88	6.0
836.72	6.0
867.24	6.0
883.0	6.0
939.92	6.0
958.24	6.0
995.6	6.0
1086.2	6.0
1159.0	6.0
1241.96	6.0
1282.8	6.0
1324.08	6.0
304.48	7.0
312.96	7.0
333.44	7.0
337.12	7.0
342.6	7.0
350.32	7.0
368.68	7.0
371.68	7.0
403.04	7.0
416.56	7.0
434.84	7.0
518.44	7.0
992.76	7.0
367.0	8.0
433.32	8.0
867.16	8.0
1328.28	8.0
302.48	8.0
315.08	8.0
318.0	8.0
330.44	8.0
342.32	8.0
358.52	8.0
373.76	8.0
380.6	8.0
309.0	9.0
312.0	9.0
337.8	9.0
361.36	9.0
368.0	9.0
372.12	9.0
845.36	9.0
309.0	10.0
312.44	10.0
302.48	11.0
322.16	11.0
334.72	11.0
344.28	11.0
360.36	11.0
372.04	11.0
459.96	11.0
307.52	11.0
312.2	11.0
325.12	11.0
337.52	11.0
350.88	11.0
380.96	11.0
389.08	11.0
395.36	11.0
417.56	11.0
519.6	11.0
437.56	12.0
491.48	12.0
811.52	12.0
302.72	12.0
307.56	12.0
312.96	12.0
319.2	12.0
324.72	12.0
336.2	12.0
339.16	12.0
351.2	12.0
356.48	12.0
366.48	12.0
371.76	12.0
388.84	12.0
415.6	12.0
469.76	12.0
477.2	12.0
484.64	12.0
500.64	12.0
519.68	12.0
529.32	12.0
538.84	12.0
603.72	12.0
627.88	12.0
702.52	12.0
727.08	12.0
758.76	12.0
776.76	12.0
821.8	12.0
898.88	12.0
973.52	12.0
1003.44	12.0
1102.52	12.0
1180.36	12.0
1257.6	12.0
1357.76	12.0
302.48	13.0
313.12	13.0
320.72	13.0
326.2	13.0
328.72	13.0
335.96	13.0
342.12	13.0
349.36	13.0
358.96	13.0
365.72	13.0
369.56	13.0
381.04	13.0
387.88	13.0
401.8	13.0
409.76	13.0
417.68	13.0
426.88	13.0
434.28	13.0
437.28	13.0
448.52	13.0
459.84	13.0
471.6	13.0
486.4	13.0
497.36	13.0
507.64	13.0
520.52	13.0
545.0	13.0
557.24	13.0
569.6	13.0
588.68	13.0
605.36	13.0
622.04	13.0
640.6	13.0
658.96	13.0
681.96	13.0
701.92	13.0
717.96	13.0
741.16	13.0
769.64	13.0
788.8	13.0
818.6	13.0
840.52	13.0
874.08	13.0
909.72	13.0
949.88	13.0
989.8	13.0
339.84	14.0
349.44	14.0
302.56	14.0
369.44	14.0
435.64	14.0
458.88	14.0
701.72	14.0
302.72	15.0
342.68	15.0
368.84	15.0
403.16	15.0
518.52	15.0
335.88	15.0
652.56	15.0
337.48	16.0
369.56	16.0
390.76	16.0
1217.92	16.0
309.52	17.0
317.76	17.0
333.36	17.0
342.04	17.0
361.36	17.0
426.68	17.0
484.56	17.0
569.52	17.0
791.28	17.0
1059.8	17.0
1174.16	17.0
1285.44	17.0
302.48	18.0
380.32	18.0
403.64	18.0
420.64	18.0
435.04	18.0
595.28	18.0
747.72	18.0
992.0	18.0
309.0	19.0
312.16	19.0
361.04	19.0
390.16	19.0
403.76	19.0
309.0	20.0
311.68	20.0
317.72	20.0
321.12	20.0
325.84	20.0
333.24	20.0
336.28	20.0
340.2	20.0
344.28	20.0
351.08	20.0
356.08	20.0
361.08	20.0
379.8	20.0
384.16	20.0
388.52	20.0
396.2	20.0
403.52	20.0
421.88	20.0
434.52	20.0
441.32	20.0
447.84	20.0
456.16	20.0
459.88	20.0
465.2	20.0
476.44	20.0
490.36	20.0
502.6	20.0
507.64	20.0
516.48	20.0
520.24	20.0
523.72	20.0
529.8	20.0
537.48	20.0
549.92	20.0
603.52	20.0
629.04	20.0
667.4	20.0
686.2	20.0
694.48	20.0
716.48	20.0
730.48	20.0
739.4	20.0
800.96	20.0
824.8	20.0
833.4	20.0
846.12	20.0
870.64	20.0
914.52	20.0
926.28	20.0
962.04	20.0
991.76	20.0
1015.48	20.0
1024.08	20.0
1038.32	20.0
1050.56	20.0
1101.0	20.0
1107.84	20.0
1155.04	20.0
1165.36	20.0
1181.96	20.0
1198.68	20.0
1208.32	20.0
1224.28	20.0
1231.88	20.0
1263.28	20.0
1280.52	20.0
1297.24	20.0
1308.48	20.0
1323.4	20.0
1334.24	20.0
1365.72	20.0
1376.6	20.0
344.0	21.0
302.48	21.0
387.32	22.0
413.28	22.0
315.32	23.0
377.88	23.0
403.24	23.0
505.8	23.0
549.36	23.0
1376.68	23.0
349.0	23.0
366.24	23.0
434.88	23.0
564.72	23.0
309.28	24.0
312.8	24.0
319.96	24.0
350.72	24.0
437.48	24.0
684.56	24.0
