338.96	1.0
879.08	1.0
969.0	1.0
972.72	1.0
303.0	1.0
310.96	1.0
325.2	1.0
330.16	1.0
332.96	1.0
346.28	1.0
353.2	1.0
359.88	1.0
366.96	1.0
374.92	1.0
386.28	1.0
392.04	1.0
394.96	1.0
407.48	1.0
416.56	1.0
439.16	1.0
460.0	1.0
487.68	1.0
530.16	1.0
683.84	1.0
917.84	1.0
308.96	2.0
311.56	2.0
322.6	2.0
340.52	2.0
349.96	2.0
358.0	2.0
373.92	2.0
392.48	2.0
406.72	2.0
417.24	2.0
425.72	2.0
473.08	2.0
539.84	2.0
783.8	2.0
943.88	2.0
1142.68	2.0
1263.72	2.0
328.36	3.0
309.08	3.0
311.84	3.0
316.56	3.0
324.8	3.0
336.24	3.0
338.92	3.0
345.48	3.0
349.08	3.0
352.68	3.0
369.16	3.0
372.84	3.0
377.04	3.0
391.52	3.0
394.56	3.0
415.52	3.0
538.72	3.0
597.96	3.0
609.16	3.0
624.0	3.0
640.2	3.0
643.8	3.0
703.16	3.0
746.8	3.0
758.0	3.0
769.16	3.0
772.48	3.0
785.8	3.0
805.72	3.0
823.44	3.0
828.0	3.0
850.92	3.0
880.2	3.0
898.8	3.0
912.44	3.0
921.24	3.0
971.4	3.0
976.0	3.0
991.32	3.0
1028.92	3.0
1045.92	3.0
1153.72	3.0
307.12	5.0
341.88	5.0
538.48	5.0
971.44	5.0
1088.04	5.0
304.4	5.0
325.96	5.0
356.04	5.0
371.28	5.0
387.72	5.0
406.68	5.0
425.52	5.0
439.88	5.0
490.2	5.0
508.88	5.0
593.96	5.0
800.84	5.0
845.48	5.0
907.08	5.0
306.56	6.0
302.72	6.0
313.52	6.0
318.84	6.0
325.48	6.0
329.88	6.0
334.96	6.0
341.44	6.0
345.64	6.0
351.08	6.0
358.56	6.0
363.68	6.0
375.36	6.0
404.64	6.0
452.08	6.0
460.52	6.0
467.2	6.0
477.04	6.0
486.12	6.0
493.84	6.0
503.68	6.0
509.96	6.0
522.6	6.0
531.32	6.0
540.08	6.0
557.16	6.0
572.88	6.0
585.2	6.0
630.68	6.0
644.48	6.0
652.32	6.0
710.44	6.0
767.6	6.0
806.8	6.0
838.88	6.0
878.72	6.0
947.0	6.0
975.68	6.0
1009.56	6.0
1034.32	6.0
1123.28	6.0
1149.08	6.0
1221.36	6.0
302.88	7.0
400.04	7.0
313.16	7.0
326.88	7.0
340.2	7.0
351.32	7.0
360.28	7.0
373.56	7.0
385.64	7.0
405.0	7.0
414.28	7.0
425.04	7.0
446.28	7.0
473.84	7.0
511.16	7.0
540.44	7.0
585.6	7.0
797.04	7.0
971.76	7.0
976.08	7.0
1147.88	7.0
305.08	8.0
805.92	8.0
1128.04	8.0
1219.36	8.0
302.48	8.0
316.12	8.0
320.0	8.0
326.72	8.0
349.04	8.0
358.12	8.0
374.0	8.0
488.44	8.0
308.96	9.0
311.96	9.0
350.2	9.0
441.44	9.0
324.28	9.0
327.72	9.0
375.4	9.0
396.8	9.0
519.52	9.0
784.64	9.0
309.0	10.0
311.8	10.0
302.48	11.0
308.2	11.0
326.44	11.0
331.64	11.0
343.16	11.0
350.24	11.0
370.12	11.0
384.0	11.0
437.36	11.0
313.72	11.0
337.4	11.0
358.72	11.0
374.84	11.0
418.88	11.0
450.32	11.0
459.64	11.0
328.36	12.0
389.72	12.0
399.8	12.0
432.4	12.0
525.6	12.0
738.16	12.0
871.0	12.0
302.88	12.0
312.88	12.0
316.68	12.0
319.28	12.0
338.76	12.0
341.28	12.0
347.64	12.0
350.2	12.0
375.28	12.0
397.12	12.0
425.4	12.0
443.28	12.0
449.8	12.0
474.96	12.0
546.72	12.0
574.48	12.0
580.08	12.0
586.52	12.0
640.64	12.0
688.68	12.0
796.2	12.0
807.04	12.0
833.24	12.0
878.16	12.0
927.76	12.0
968.88	12.0
973.24	12.0
1163.52	12.0
375.44	13.0
302.56	13.0
306.24	13.0
313.2	13.0
321.52	13.0
330.76	13.0
339.04	13.0
346.84	13.0
352.24	13.0
361.96	13.0
372.48	13.0
378.32	13.0
389.44	13.0
395.92	13.0
404.6	13.0
407.92	13.0
411.72	13.0
416.04	13.0
425.92	13.0
439.44	13.0
447.64	13.0
454.72	13.0
458.92	13.0
475.48	13.0
486.68	13.0
496.16	13.0
505.08	13.0
514.84	13.0
525.44	13.0
538.04	13.0
548.88	13.0
559.88	13.0
580.36	13.0
592.88	13.0
604.2	13.0
616.6	13.0
629.16	13.0
651.2	13.0
670.28	13.0
687.76	13.0
708.6	13.0
729.52	13.0
748.64	13.0
768.36	13.0
789.2	13.0
811.48	13.0
835.72	13.0
869.88	13.0
894.12	13.0
928.4	13.0
967.36	13.0
992.24	13.0
1032.0	13.0
1169.92	13.0
302.64	14.0
351.88	14.0
374.76	14.0
396.16	14.0
439.96	14.0
476.2	14.0
499.52	14.0
304.44	15.0
313.32	15.0
340.36	15.0
414.36	15.0
1147.96	15.0
327.4	15.0
376.84	15.0
356.52	16.0
375.88	16.0
397.04	16.0
415.48	16.0
545.72	16.0
1139.48	16.0
303.08	17.0
306.2	17.0
335.6	17.0
340.2	17.0
366.52	17.0
374.76	17.0
379.08	17.0
439.84	17.0
470.68	17.0
590.6	17.0
709.88	17.0
784.16	17.0
312.76	18.0
302.48	18.0
339.56	18.0
358.36	18.0
366.36	18.0
413.8	18.0
448.48	18.0
983.08	18.0
1062.72	18.0
308.96	19.0
311.76	19.0
314.32	19.0
368.48	19.0
736.08	19.0
488.64	20.0
309.0	20.0
311.76	20.0
314.4	20.0
318.28	20.0
320.92	20.0
323.76	20.0
327.12	20.0
331.64	20.0
336.64	20.0
340.56	20.0
343.88	20.0
347.88	20.0
351.8	20.0
355.72	20.0
360.24	20.0
375.16	20.0
378.48	20.0
401.32	20.0
410.2	20.0
417.8	20.0
424.72	20.0
432.8	20.0
438.52	20.0
443.8	20.0
459.84	20.0
474.2	20.0
481.16	20.0
540.92	20.0
555.04	20.0
602.24	20.0
609.88	20.0
628.56	20.0
641.44	20.0
652.04	20.0
683.12	20.0
709.76	20.0
743.2	20.0
775.76	20.0
780.92	20.0
784.24	20.0
807.44	20.0
815.6	20.0
828.8	20.0
878.8	20.0
889.52	20.0
921.2	20.0
943.0	20.0
954.96	20.0
974.92	20.0
981.64	20.0
1033.28	20.0
1052.16	20.0
1104.6	20.0
1121.64	20.0
1146.2	20.0
1157.12	20.0
1223.44	20.0
1249.28	20.0
1265.48	20.0
1328.08	20.0
434.0	21.0
302.72	21.0
345.44	21.0
391.68	21.0
373.88	22.0
391.36	22.0
399.48	22.0
474.04	22.0
668.96	22.0
317.2	22.0
302.68	23.0
313.24	23.0
344.04	23.0
368.36	23.0
373.28	23.0
742.24	23.0
316.8	23.0
526.36	23.0
836.28	23.0
1060.56	23.0
304.68	24.0
313.24	24.0
327.56	24.0
350.68	24.0
307.8	24.0
377.2	24.0
