298.2	1.0
307.96	1.0
938.16	1.0
1029.28	1.0
1129.32	1.0
302.56	1.0
320.28	1.0
329.56	1.0
332.16	1.0
343.92	1.0
354.24	1.0
371.44	1.0
383.24	1.0
397.04	1.0
412.4	1.0
415.24	1.0
435.56	1.0
463.24	1.0
511.92	1.0
537.52	1.0
308.96	2.0
311.84	2.0
248.0	2.0
291.0	2.0
316.28	2.0
331.56	2.0
342.4	2.0
354.2	2.0
373.0	2.0
390.64	2.0
412.2	2.0
1139.48	2.0
1145.56	2.0
1227.36	2.0
309.0	3.0
311.68	3.0
317.76	3.0
323.96	3.0
331.24	3.0
336.16	3.0
342.76	3.0
345.32	3.0
347.96	3.0
373.48	3.0
389.92	3.0
421.32	3.0
478.16	3.0
488.04	3.0
635.56	3.0
705.48	3.0
728.08	3.0
744.6	3.0
747.76	3.0
762.48	3.0
783.8	3.0
805.64	3.0
823.72	3.0
838.92	3.0
871.6	3.0
877.48	3.0
908.96	3.0
929.72	3.0
941.88	3.0
1025.44	3.0
1062.28	3.0
1099.2	3.0
1113.16	3.0
1128.56	3.0
1221.76	3.0
378.68	5.0
457.24	5.0
461.16	5.0
660.72	5.0
752.04	5.0
315.08	5.0
334.08	5.0
345.96	5.0
355.92	5.0
368.64	5.0
384.24	5.0
403.8	5.0
416.24	5.0
448.96	5.0
466.0	5.0
499.24	5.0
523.64	5.0
589.04	5.0
695.2	5.0
744.64	5.0
898.64	5.0
344.72	6.0
279.8	6.0
303.12	6.0
312.16	6.0
317.0	6.0
320.84	6.0
332.96	6.0
357.56	6.0
369.8	6.0
412.08	6.0
431.32	6.0
434.8	6.0
446.0	6.0
452.32	6.0
458.68	6.0
465.88	6.0
483.76	6.0
528.72	6.0
544.64	6.0
558.8	6.0
576.96	6.0
590.0	6.0
608.52	6.0
637.0	6.0
711.88	6.0
751.96	6.0
772.04	6.0
795.84	6.0
832.08	6.0
906.84	6.0
919.28	6.0
932.64	6.0
993.92	6.0
1001.4	6.0
1072.0	6.0
1107.24	6.0
1140.16	6.0
1171.8	6.0
1252.72	6.0
1273.52	6.0
436.44	7.0
302.48	7.0
313.48	7.0
327.32	7.0
342.92	7.0
345.68	7.0
355.36	7.0
374.8	7.0
391.28	7.0
403.84	7.0
475.2	7.0
502.56	7.0
658.4	7.0
485.68	8.0
302.48	8.0
310.2	8.0
316.44	8.0
321.56	8.0
328.36	8.0
332.24	8.0
399.16	8.0
505.44	8.0
309.0	9.0
311.84	9.0
344.84	9.0
329.24	9.0
360.88	9.0
386.28	9.0
682.96	9.0
828.2	9.0
870.28	9.0
309.0	10.0
312.12	10.0
303.0	11.0
317.36	11.0
329.44	11.0
332.08	11.0
353.56	11.0
356.6	11.0
367.24	11.0
427.28	11.0
538.92	11.0
670.44	11.0
311.28	11.0
320.12	11.0
341.56	11.0
552.12	11.0
365.56	12.0
386.12	12.0
413.08	12.0
509.72	12.0
712.88	12.0
302.48	12.0
307.04	12.0
310.32	12.0
312.88	12.0
316.52	12.0
329.88	12.0
341.16	12.0
352.76	12.0
355.44	12.0
369.76	12.0
390.6	12.0
393.12	12.0
401.72	12.0
419.44	12.0
424.4	12.0
438.52	12.0
463.76	12.0
514.96	12.0
551.96	12.0
565.44	12.0
744.72	12.0
763.96	12.0
822.44	12.0
869.4	12.0
919.68	12.0
994.24	12.0
1037.76	12.0
1068.76	12.0
1140.24	12.0
1145.72	12.0
1281.4	12.0
302.48	13.0
306.32	13.0
311.88	13.0
317.68	13.0
327.64	13.0
335.08	13.0
343.08	13.0
348.52	13.0
353.6	13.0
357.16	13.0
360.0	13.0
365.76	13.0
371.64	13.0
383.96	13.0
391.64	13.0
400.8	13.0
408.68	13.0
415.04	13.0
419.96	13.0
433.72	13.0
453.08	13.0
461.4	13.0
469.64	13.0
478.52	13.0
481.04	13.0
493.6	13.0
503.32	13.0
514.44	13.0
527.32	13.0
539.92	13.0
548.88	13.0
560.0	13.0
579.4	13.0
592.96	13.0
606.52	13.0
623.56	13.0
638.6	13.0
649.88	13.0
663.68	13.0
683.4	13.0
696.4	13.0
712.76	13.0
726.44	13.0
747.16	13.0
774.4	13.0
795.72	13.0
818.88	13.0
838.56	13.0
858.12	13.0
893.12	13.0
917.8	13.0
941.96	13.0
972.16	13.0
1019.6	13.0
1082.32	13.0
319.2	14.0
315.08	14.0
344.08	14.0
357.32	14.0
617.44	14.0
302.64	15.0
343.08	15.0
355.76	15.0
505.4	15.0
520.32	15.0
305.72	16.0
332.2	16.0
357.16	16.0
395.88	16.0
418.52	16.0
623.72	16.0
332.0	17.0
288.2	17.0
310.4	17.0
322.0	17.0
345.28	17.0
353.92	17.0
361.88	17.0
388.48	17.0
391.0	17.0
414.32	17.0
501.88	17.0
561.96	17.0
586.2	17.0
617.0	17.0
641.48	17.0
651.0	17.0
302.52	18.0
328.12	18.0
370.36	18.0
411.8	18.0
942.96	18.0
308.96	19.0
311.48	19.0
338.72	19.0
401.64	19.0
1006.32	19.0
299.96	20.0
316.96	20.0
1066.36	20.0
185.16	20.0
228.92	20.0
249.64	20.0
262.68	20.0
278.72	20.0
286.36	20.0
290.44	20.0
295.96	20.0
309.0	20.0
311.8	20.0
314.44	20.0
319.6	20.0
323.84	20.0
327.84	20.0
332.72	20.0
338.8	20.0
343.88	20.0
355.2	20.0
364.68	20.0
370.04	20.0
374.56	20.0
380.84	20.0
387.04	20.0
390.28	20.0
397.04	20.0
432.04	20.0
438.72	20.0
451.4	20.0
468.92	20.0
474.08	20.0
480.4	20.0
486.2	20.0
501.8	20.0
509.32	20.0
515.56	20.0
557.32	20.0
573.84	20.0
583.88	20.0
607.96	20.0
616.04	20.0
647.56	20.0
662.52	20.0
671.12	20.0
692.6	20.0
767.64	20.0
794.16	20.0
805.32	20.0
835.72	20.0
845.8	20.0
885.44	20.0
922.76	20.0
933.36	20.0
939.56	20.0
999.12	20.0
1026.68	20.0
1030.4	20.0
1037.0	20.0
1075.96	20.0
1091.44	20.0
1099.52	20.0
1114.04	20.0
1141.52	20.0
1161.4	20.0
1171.76	20.0
1180.72	20.0
1193.04	20.0
1202.88	20.0
1212.12	20.0
1230.68	20.0
1233.44	20.0
1255.2	20.0
1262.08	20.0
1272.4	20.0
1287.64	20.0
1307.04	20.0
1334.12	20.0
1375.88	20.0
318.0	21.0
331.36	21.0
302.52	21.0
348.04	22.0
385.8	22.0
390.04	22.0
344.72	22.0
305.04	23.0
332.56	23.0
354.2	23.0
371.56	23.0
392.52	23.0
344.16	23.0
911.48	23.0
304.68	24.0
329.76	24.0
323.76	24.0
