305.2	1.0
312.8	1.0
328.04	1.0
378.0	1.0
419.12	1.0
571.36	1.0
783.64	1.0
302.52	1.0
321.64	1.0
349.88	1.0
411.84	1.0
479.2	1.0
542.76	1.0
309.0	2.0
312.56	2.0
320.2	2.0
368.48	2.0
395.16	2.0
403.4	2.0
438.24	2.0
479.84	2.0
755.52	2.0
873.2	2.0
309.0	3.0
311.52	3.0
320.08	3.0
324.32	3.0
328.68	3.0
334.48	3.0
337.84	3.0
345.2	3.0
348.56	3.0
363.4	3.0
372.2	3.0
386.64	3.0
391.6	3.0
401.92	3.0
406.32	3.0
408.92	3.0
425.68	3.0
439.92	3.0
449.64	3.0
461.72	3.0
471.6	3.0
477.04	3.0
513.12	3.0
524.8	3.0
548.48	3.0
564.12	3.0
580.12	3.0
593.36	3.0
628.24	3.0
642.48	3.0
697.2	3.0
750.4	3.0
846.88	3.0
368.68	5.0
468.2	5.0
697.84	5.0
827.76	5.0
304.6	5.0
335.84	5.0
346.08	5.0
388.24	5.0
499.48	5.0
506.4	5.0
539.08	5.0
582.04	5.0
599.88	5.0
603.6	5.0
306.72	6.0
303.0	6.0
315.2	6.0
318.24	6.0
324.56	6.0
334.56	6.0
339.44	6.0
345.84	6.0
359.2	6.0
364.28	6.0
386.0	6.0
391.96	6.0
401.56	6.0
407.0	6.0
416.4	6.0
428.04	6.0
444.32	6.0
461.12	6.0
477.68	6.0
490.04	6.0
497.68	6.0
555.52	6.0
582.6	6.0
600.2	6.0
617.76	6.0
648.68	6.0
658.96	6.0
681.96	6.0
694.76	6.0
714.4	6.0
735.76	6.0
748.8	6.0
849.32	6.0
868.68	6.0
897.84	6.0
957.16	6.0
303.76	7.0
314.68	7.0
335.08	7.0
386.36	7.0
401.92	7.0
428.4	7.0
444.32	7.0
457.92	7.0
555.88	7.0
710.0	7.0
305.16	8.0
402.68	8.0
570.72	8.0
593.0	8.0
302.48	8.0
320.16	8.0
340.76	8.0
353.36	8.0
436.08	8.0
468.0	8.0
309.0	9.0
312.04	9.0
424.04	9.0
309.04	10.0
312.16	10.0
302.48	11.0
318.52	11.0
335.68	11.0
394.68	11.0
307.0	11.0
339.24	11.0
307.08	12.0
309.8	12.0
339.0	12.0
479.92	12.0
843.4	12.0
304.0	12.0
318.44	12.0
321.4	12.0
333.64	12.0
346.12	12.0
350.4	12.0
366.68	12.0
419.28	12.0
451.28	12.0
467.68	12.0
521.32	12.0
531.76	12.0
578.4	12.0
630.4	12.0
656.04	12.0
659.72	12.0
692.84	12.0
790.72	12.0
793.52	12.0
855.36	12.0
939.4	12.0
302.84	13.0
315.2	13.0
319.0	13.0
322.48	13.0
333.4	13.0
340.6	13.0
355.16	13.0
368.12	13.0
384.08	13.0
397.24	13.0
410.76	13.0
425.0	13.0
443.6	13.0
460.56	13.0
476.08	13.0
496.08	13.0
512.72	13.0
532.72	13.0
554.6	13.0
575.44	13.0
604.16	13.0
631.92	13.0
677.2	13.0
718.4	13.0
302.56	14.0
407.28	14.0
335.2	15.0
386.44	15.0
444.44	15.0
710.12	15.0
348.68	15.0
511.32	15.0
363.56	16.0
403.4	16.0
448.6	16.0
631.64	16.0
886.52	16.0
421.72	17.0
588.68	17.0
302.48	17.0
313.88	17.0
343.68	17.0
402.84	17.0
435.68	17.0
562.72	17.0
653.0	17.0
863.44	17.0
880.04	17.0
943.72	17.0
1152.6	17.0
302.48	18.0
440.52	18.0
308.96	19.0
311.92	19.0
319.52	19.0
327.84	19.0
411.84	19.0
314.56	20.0
309.0	20.0
311.84	20.0
319.6	20.0
327.88	20.0
332.44	20.0
334.96	20.0
338.84	20.0
343.4	20.0
351.12	20.0
358.36	20.0
365.36	20.0
371.04	20.0
376.04	20.0
382.04	20.0
389.04	20.0
401.68	20.0
407.12	20.0
411.92	20.0
419.44	20.0
428.72	20.0
441.52	20.0
447.4	20.0
462.92	20.0
470.28	20.0
479.32	20.0
490.68	20.0
499.4	20.0
506.72	20.0
531.76	20.0
549.44	20.0
556.72	20.0
592.0	20.0
601.12	20.0
632.64	20.0
643.76	20.0
686.04	20.0
707.44	20.0
716.32	20.0
744.8	20.0
781.84	20.0
797.48	20.0
821.52	20.0
849.04	20.0
863.76	20.0
876.0	20.0
899.0	20.0
941.24	20.0
1012.04	20.0
1114.32	20.0
302.48	21.0
404.6	22.0
324.32	23.0
385.44	23.0
500.32	23.0
339.24	23.0
311.2	24.0
401.36	24.0
509.08	24.0
551.08	24.0
775.64	24.0
