314.36	1.0
321.08	1.0
336.84	1.0
357.96	1.0
403.08	1.0
864.72	1.0
302.48	1.0
310.36	1.0
324.16	1.0
330.68	1.0
341.04	1.0
345.36	1.0
352.8	1.0
363.56	1.0
367.44	1.0
381.76	1.0
393.28	1.0
411.36	1.0
470.24	1.0
624.12	1.0
663.6	1.0
1346.48	1.0
308.96	2.0
311.64	2.0
325.4	2.0
334.96	2.0
345.76	2.0
363.28	2.0
392.28	2.0
407.08	2.0
442.08	2.0
470.52	2.0
532.76	2.0
819.6	2.0
1244.16	2.0
1274.04	2.0
1369.08	2.0
1445.44	2.0
596.68	3.0
309.04	3.0
311.84	3.0
316.32	3.0
322.96	3.0
326.24	3.0
330.68	3.0
336.12	3.0
340.56	3.0
350.48	3.0
357.44	3.0
368.2	3.0
381.92	3.0
389.68	3.0
393.16	3.0
427.4	3.0
458.36	3.0
514.0	3.0
553.72	3.0
563.12	3.0
574.12	3.0
583.84	3.0
625.12	3.0
639.2	3.0
668.28	3.0
682.52	3.0
708.24	3.0
725.44	3.0
742.92	3.0
746.48	3.0
768.44	3.0
816.28	3.0
840.64	3.0
866.92	3.0
892.68	3.0
933.0	3.0
941.96	3.0
962.32	3.0
976.36	3.0
1001.72	3.0
1037.52	3.0
1059.12	3.0
1063.64	3.0
1130.88	3.0
1134.56	3.0
1162.36	3.0
1234.92	3.0
1245.84	3.0
1284.96	3.0
1316.16	3.0
1395.96	3.0
1427.12	3.0
361.32	5.0
530.72	5.0
304.36	5.0
335.96	5.0
340.72	5.0
355.12	5.0
366.28	5.0
380.4	5.0
393.6	5.0
404.16	5.0
415.8	5.0
438.48	5.0
497.88	5.0
554.16	5.0
670.96	5.0
743.72	5.0
923.0	5.0
953.84	5.0
1108.12	5.0
302.88	6.0
306.84	6.0
314.16	6.0
318.6	6.0
325.16	6.0
330.24	6.0
335.04	6.0
340.52	6.0
345.0	6.0
354.36	6.0
361.96	6.0
367.32	6.0
424.68	6.0
435.76	6.0
469.12	6.0
474.96	6.0
530.8	6.0
536.6	6.0
551.76	6.0
567.2	6.0
610.84	6.0
620.4	6.0
632.64	6.0
641.84	6.0
668.44	6.0
690.68	6.0
724.16	6.0
775.84	6.0
790.0	6.0
814.92	6.0
884.28	6.0
903.36	6.0
930.88	6.0
957.96	6.0
982.76	6.0
1020.52	6.0
1074.4	6.0
1108.08	6.0
1114.4	6.0
1144.72	6.0
1158.32	6.0
1245.12	6.0
1273.12	6.0
1294.24	6.0
1330.84	6.0
1370.6	6.0
1393.8	6.0
1440.24	6.0
1451.12	6.0
1474.0	6.0
302.84	7.0
344.76	7.0
312.12	7.0
325.24	7.0
336.28	7.0
351.6	7.0
363.72	7.0
386.88	7.0
392.44	7.0
420.28	7.0
452.48	7.0
459.68	7.0
549.36	7.0
1020.88	7.0
1263.68	7.0
1394.36	7.0
305.0	8.0
505.88	8.0
302.48	8.0
315.44	8.0
330.64	8.0
351.08	8.0
365.16	8.0
309.0	9.0
311.68	9.0
319.28	9.0
340.88	9.0
369.76	9.0
394.88	9.0
437.56	9.0
814.68	9.0
368.44	10.0
309.04	10.0
311.92	10.0
302.48	11.0
333.64	11.0
338.48	11.0
343.8	11.0
355.76	11.0
379.88	11.0
427.16	11.0
897.04	11.0
1084.36	11.0
313.6	11.0
398.16	11.0
414.8	11.0
430.12	11.0
502.16	11.0
509.24	11.0
307.16	12.0
392.76	12.0
619.0	12.0
669.2	12.0
1331.72	12.0
302.48	12.0
311.32	12.0
319.32	12.0
324.56	12.0
328.4	12.0
339.36	12.0
350.56	12.0
381.76	12.0
387.28	12.0
404.44	12.0
409.28	12.0
456.92	12.0
553.48	12.0
702.44	12.0
723.32	12.0
786.52	12.0
937.88	12.0
957.72	12.0
965.04	12.0
998.96	12.0
1016.28	12.0
1028.24	12.0
1104.76	12.0
1124.64	12.0
1244.12	12.0
1261.92	12.0
1273.2	12.0
1300.56	12.0
1318.28	12.0
1342.88	12.0
1366.44	12.0
1372.48	12.0
1393.44	12.0
1445.4	12.0
1473.32	12.0
1477.64	12.0
326.4	13.0
302.52	13.0
306.04	13.0
312.72	13.0
323.6	13.0
334.92	13.0
341.48	13.0
350.4	13.0
357.96	13.0
361.4	13.0
366.24	13.0
378.0	13.0
384.68	13.0
387.2	13.0
394.2	13.0
404.4	13.0
411.84	13.0
421.92	13.0
438.16	13.0
450.64	13.0
457.32	13.0
467.88	13.0
474.8	13.0
491.12	13.0
501.0	13.0
510.48	13.0
519.52	13.0
530.56	13.0
546.6	13.0
555.96	13.0
567.2	13.0
578.96	13.0
591.12	13.0
609.2	13.0
620.72	13.0
633.84	13.0
656.2	13.0
670.72	13.0
686.04	13.0
698.68	13.0
716.2	13.0
734.2	13.0
759.24	13.0
787.88	13.0
814.16	13.0
835.32	13.0
860.36	13.0
886.56	13.0
925.12	13.0
951.96	13.0
977.88	13.0
1000.48	13.0
1030.28	13.0
1058.48	13.0
1095.4	13.0
1127.8	13.0
1166.6	13.0
1244.68	13.0
1335.32	13.0
1371.6	13.0
1401.88	13.0
302.68	14.0
367.04	14.0
451.6	14.0
1475.16	14.0
387.0	15.0
303.12	15.0
318.4	15.0
341.56	16.0
367.72	16.0
405.16	16.0
426.56	16.0
476.64	16.0
1445.0	16.0
1392.68	16.0
362.44	17.0
394.08	17.0
302.48	17.0
307.76	17.0
322.4	17.0
339.48	17.0
352.76	17.0
375.96	17.0
379.32	17.0
382.12	17.0
402.68	17.0
405.52	17.0
446.08	17.0
515.32	17.0
560.6	17.0
585.08	17.0
617.36	17.0
712.04	17.0
807.24	17.0
814.16	17.0
965.04	17.0
1061.56	17.0
302.48	18.0
320.32	18.0
354.48	18.0
445.88	18.0
309.0	19.0
312.2	19.0
331.32	19.0
345.56	19.0
382.32	19.0
571.88	19.0
1166.76	19.0
315.24	20.0
308.96	20.0
312.6	20.0
318.4	20.0
321.56	20.0
325.36	20.0
332.72	20.0
336.84	20.0
344.08	20.0
351.12	20.0
354.88	20.0
360.0	20.0
388.68	20.0
395.12	20.0
407.08	20.0
422.08	20.0
429.48	20.0
435.32	20.0
473.6	20.0
478.88	20.0
491.48	20.0
501.64	20.0
506.96	20.0
514.64	20.0
522.68	20.0
532.64	20.0
547.12	20.0
571.96	20.0
614.68	20.0
633.48	20.0
643.12	20.0
669.56	20.0
701.68	20.0
761.48	20.0
788.2	20.0
821.92	20.0
829.84	20.0
840.28	20.0
882.68	20.0
921.72	20.0
958.24	20.0
963.56	20.0
978.72	20.0
984.08	20.0
994.2	20.0
1014.92	20.0
1029.8	20.0
1036.24	20.0
1042.76	20.0
1066.96	20.0
1077.84	20.0
1085.04	20.0
1101.12	20.0
1108.12	20.0
1113.52	20.0
1131.32	20.0
1144.96	20.0
1154.24	20.0
1166.8	20.0
1176.64	20.0
1188.72	20.0
1208.76	20.0
1219.16	20.0
1236.28	20.0
1246.36	20.0
1251.68	20.0
1256.12	20.0
1261.04	20.0
1278.84	20.0
1293.92	20.0
1299.6	20.0
1316.64	20.0
1331.76	20.0
1346.76	20.0
1354.48	20.0
1378.4	20.0
1389.88	20.0
1400.0	20.0
1421.84	20.0
1436.76	20.0
1446.16	20.0
1468.6	20.0
1473.28	20.0
378.04	21.0
393.12	21.0
302.64	21.0
355.6	22.0
387.12	22.0
473.2	22.0
314.92	23.0
335.64	23.0
340.96	23.0
367.32	23.0
403.52	23.0
514.64	23.0
377.88	23.0
481.44	23.0
310.2	24.0
339.76	24.0
