318.2	1.0
323.68	1.0
728.08	1.0
894.68	1.0
931.16	1.0
978.92	1.0
1128.4	1.0
1242.08	1.0
1303.4	1.0
1377.0	1.0
1434.48	1.0
302.48	1.0
311.72	1.0
331.16	1.0
339.48	1.0
346.2	1.0
352.68	1.0
374.32	1.0
377.2	1.0
1149.96	1.0
308.96	2.0
311.52	2.0
316.36	2.0
327.6	2.0
363.56	2.0
385.44	2.0
442.72	2.0
777.84	2.0
934.28	2.0
1025.04	2.0
1107.64	2.0
1194.08	2.0
1289.96	2.0
1383.48	2.0
1458.56	2.0
444.4	3.0
309.08	3.0
311.8	3.0
319.12	3.0
321.84	3.0
326.48	3.0
333.16	3.0
339.48	3.0
349.92	3.0
353.12	3.0
360.76	3.0
369.24	3.0
390.44	3.0
415.64	3.0
439.6	3.0
490.52	3.0
508.04	3.0
532.68	3.0
547.24	3.0
559.64	3.0
572.76	3.0
586.56	3.0
594.16	3.0
673.24	3.0
742.48	3.0
745.48	3.0
761.24	3.0
801.76	3.0
809.44	3.0
819.76	3.0
898.08	3.0
948.88	3.0
974.76	3.0
1021.76	3.0
1059.12	3.0
1068.8	3.0
1134.8	3.0
1168.64	3.0
1311.88	3.0
1388.0	3.0
1414.24	3.0
1455.16	3.0
1461.28	3.0
319.52	5.0
337.88	5.0
835.72	5.0
1198.4	5.0
304.52	5.0
343.56	5.0
368.04	5.0
377.84	5.0
392.04	5.0
412.6	5.0
442.16	5.0
478.6	5.0
492.2	5.0
584.56	5.0
587.08	5.0
609.4	5.0
1454.2	5.0
303.0	6.0
308.92	6.0
313.44	6.0
319.08	6.0
326.4	6.0
329.96	6.0
335.12	6.0
341.08	6.0
348.0	6.0
351.76	6.0
360.4	6.0
374.32	6.0
380.96	6.0
389.96	6.0
393.12	6.0
397.64	6.0
406.04	6.0
412.76	6.0
423.96	6.0
429.96	6.0
448.24	6.0
452.6	6.0
471.52	6.0
478.24	6.0
499.72	6.0
513.84	6.0
525.04	6.0
534.72	6.0
560.36	6.0
581.36	6.0
604.76	6.0
625.08	6.0
646.68	6.0
673.92	6.0
713.6	6.0
804.92	6.0
829.72	6.0
855.88	6.0
898.08	6.0
959.28	6.0
1011.0	6.0
1207.2	6.0
1320.44	6.0
1390.84	6.0
1407.8	6.0
1429.44	6.0
1442.24	6.0
303.8	7.0
309.24	7.0
314.08	7.0
331.76	7.0
346.32	7.0
369.32	7.0
424.32	7.0
302.48	8.0
313.12	8.0
319.6	8.0
332.32	8.0
338.6	8.0
408.76	8.0
433.6	8.0
437.04	8.0
308.96	9.0
312.08	9.0
315.4	9.0
319.08	9.0
338.52	9.0
354.48	9.0
482.08	9.0
308.96	10.0
311.92	10.0
302.48	11.0
307.92	11.0
336.96	11.0
402.76	11.0
475.2	11.0
1001.6	11.0
423.04	12.0
303.92	12.0
307.76	12.0
314.64	12.0
318.56	12.0
328.24	12.0
341.88	12.0
348.76	12.0
353.56	12.0
369.24	12.0
379.04	12.0
390.32	12.0
403.72	12.0
429.12	12.0
442.24	12.0
445.24	12.0
501.6	12.0
523.36	12.0
586.64	12.0
604.28	12.0
641.04	12.0
645.12	12.0
699.64	12.0
753.88	12.0
785.96	12.0
821.44	12.0
929.16	12.0
967.04	12.0
1050.36	12.0
1226.96	12.0
1312.72	12.0
1403.28	12.0
1413.56	12.0
390.56	13.0
393.12	13.0
302.8	13.0
313.76	13.0
321.8	13.0
331.64	13.0
340.4	13.0
349.96	13.0
368.76	13.0
380.28	13.0
406.36	13.0
415.04	13.0
424.24	13.0
437.68	13.0
448.68	13.0
473.64	13.0
487.6	13.0
500.48	13.0
525.44	13.0
545.64	13.0
564.92	13.0
582.56	13.0
587.28	13.0
605.24	13.0
630.44	13.0
645.8	13.0
675.4	13.0
700.72	13.0
744.16	13.0
830.64	13.0
1019.28	13.0
1425.96	13.0
1467.56	13.0
302.68	14.0
1092.16	14.0
1439.72	14.0
331.88	15.0
346.44	15.0
424.44	15.0
394.64	15.0
351.28	16.0
411.64	16.0
715.64	16.0
826.36	16.0
906.88	16.0
1057.84	16.0
1448.16	16.0
302.48	17.0
310.36	17.0
323.96	17.0
347.92	17.0
386.6	17.0
398.56	17.0
407.96	17.0
448.24	17.0
483.2	17.0
561.36	17.0
615.08	17.0
713.88	17.0
962.2	17.0
1039.2	17.0
1246.64	17.0
1399.36	17.0
1440.12	17.0
302.52	18.0
341.32	18.0
355.32	18.0
539.96	18.0
309.0	19.0
311.8	19.0
415.04	19.0
506.48	19.0
874.04	19.0
898.4	19.0
369.56	20.0
309.0	20.0
311.64	20.0
315.6	20.0
319.0	20.0
325.92	20.0
330.6	20.0
334.8	20.0
340.32	20.0
353.56	20.0
358.12	20.0
363.28	20.0
374.24	20.0
384.16	20.0
388.88	20.0
392.12	20.0
402.36	20.0
408.28	20.0
414.6	20.0
421.16	20.0
430.76	20.0
444.52	20.0
450.72	20.0
459.52	20.0
466.32	20.0
472.88	20.0
481.4	20.0
487.24	20.0
500.52	20.0
510.4	20.0
521.68	20.0
532.68	20.0
546.64	20.0
556.64	20.0
568.2	20.0
579.64	20.0
608.52	20.0
622.52	20.0
646.04	20.0
685.92	20.0
713.88	20.0
740.0	20.0
752.92	20.0
794.32	20.0
802.64	20.0
830.0	20.0
852.92	20.0
873.52	20.0
884.32	20.0
934.2	20.0
958.08	20.0
966.28	20.0
1001.08	20.0
1020.84	20.0
1026.6	20.0
1054.88	20.0
1061.56	20.0
1083.24	20.0
1092.92	20.0
1108.0	20.0
1113.2	20.0
1130.8	20.0
1170.24	20.0
1176.72	20.0
1197.04	20.0
1225.16	20.0
1230.52	20.0
1245.16	20.0
1290.44	20.0
1307.56	20.0
1314.8	20.0
1319.56	20.0
1328.96	20.0
1357.68	20.0
1363.2	20.0
1386.08	20.0
1397.2	20.0
1408.08	20.0
1413.6	20.0
1421.48	20.0
1441.24	20.0
1456.2	20.0
326.04	21.0
302.48	21.0
341.76	21.0
331.8	22.0
436.76	22.0
506.16	22.0
350.84	22.0
303.84	23.0
345.32	23.0
735.52	23.0
1302.0	23.0
308.6	24.0
350.08	24.0
369.96	24.0
537.16	24.0
