311.84	1.0
331.4	1.0
342.48	1.0
362.64	1.0
420.6	1.0
519.16	1.0
785.12	1.0
302.48	1.0
318.8	1.0
617.0	1.0
309.0	2.0
311.96	2.0
377.84	2.0
451.4	2.0
596.16	2.0
677.4	2.0
867.28	2.0
702.28	3.0
740.0	3.0
309.0	3.0
311.92	3.0
317.0	3.0
320.68	3.0
345.6	3.0
355.36	3.0
380.44	3.0
389.6	3.0
395.16	3.0
412.96	3.0
445.28	3.0
447.92	3.0
454.8	3.0
479.08	3.0
507.48	3.0
515.68	3.0
522.28	3.0
527.4	3.0
538.52	3.0
547.36	3.0
555.04	3.0
558.28	3.0
585.4	3.0
629.76	3.0
636.56	3.0
643.04	3.0
676.56	3.0
697.52	3.0
746.16	3.0
952.48	3.0
741.88	5.0
302.72	5.0
314.84	5.0
331.44	5.0
472.0	5.0
495.44	5.0
303.16	6.0
315.0	6.0
320.52	6.0
326.72	6.0
359.6	6.0
377.48	6.0
385.88	6.0
392.24	6.0
411.88	6.0
451.88	6.0
464.56	6.0
481.48	6.0
525.44	6.0
549.92	6.0
572.96	6.0
585.64	6.0
610.16	6.0
627.52	6.0
649.2	6.0
676.12	6.0
682.4	6.0
713.36	6.0
733.92	6.0
769.8	6.0
850.32	6.0
303.88	7.0
306.48	7.0
386.32	7.0
610.48	7.0
305.48	8.0
302.48	8.0
329.68	8.0
309.0	9.0
312.12	9.0
309.04	10.0
311.88	10.0
302.48	11.0
308.48	11.0
317.44	11.0
561.52	11.0
346.84	12.0
381.52	12.0
447.64	12.0
479.56	12.0
573.56	12.0
769.0	12.0
305.08	12.0
319.24	12.0
337.12	12.0
349.44	12.0
402.4	12.0
417.76	12.0
450.76	12.0
465.44	12.0
499.36	12.0
523.76	12.0
548.84	12.0
587.56	12.0
596.28	12.0
607.12	12.0
610.8	12.0
634.16	12.0
640.8	12.0
653.88	12.0
663.96	12.0
678.48	12.0
701.72	12.0
705.68	12.0
734.76	12.0
773.68	12.0
791.64	12.0
822.0	12.0
854.88	12.0
889.68	12.0
966.76	12.0
302.84	13.0
316.24	13.0
326.0	13.0
345.16	13.0
362.6	13.0
387.16	13.0
419.16	13.0
448.36	13.0
480.72	13.0
521.84	13.0
536.88	13.0
544.76	13.0
583.36	13.0
614.4	13.0
655.64	13.0
687.68	13.0
711.04	13.0
774.68	13.0
800.72	13.0
852.84	13.0
302.84	14.0
388.04	14.0
305.08	15.0
352.0	16.0
550.08	16.0
302.6	17.0
314.0	17.0
383.44	17.0
409.32	17.0
704.2	17.0
788.36	17.0
819.32	17.0
838.6	17.0
876.68	17.0
930.6	17.0
302.48	18.0
326.44	18.0
350.0	18.0
512.6	18.0
556.2	18.0
733.68	18.0
309.0	19.0
311.68	19.0
350.24	19.0
464.68	20.0
309.04	20.0
312.04	20.0
317.36	20.0
322.08	20.0
328.04	20.0
333.2	20.0
344.4	20.0
349.72	20.0
359.16	20.0
365.88	20.0
371.28	20.0
376.68	20.0
382.0	20.0
388.08	20.0
401.44	20.0
413.68	20.0
429.16	20.0
437.08	20.0
449.24	20.0
453.96	20.0
461.52	20.0
482.32	20.0
497.16	20.0
517.36	20.0
532.28	20.0
547.72	20.0
557.28	20.0
584.68	20.0
602.88	20.0
612.4	20.0
618.44	20.0
634.96	20.0
647.88	20.0
654.84	20.0
680.2	20.0
704.24	20.0
714.2	20.0
733.48	20.0
766.56	20.0
796.52	20.0
820.0	20.0
850.04	20.0
870.68	20.0
933.8	20.0
984.12	20.0
302.48	21.0
419.32	23.0
425.12	23.0
518.12	23.0
700.84	23.0
791.8	23.0
588.04	23.0
319.16	24.0
