309.92	1.0
322.04	1.0
377.6	1.0
405.44	1.0
438.2	1.0
444.48	1.0
513.32	1.0
532.92	1.0
598.48	1.0
789.56	1.0
841.68	1.0
1081.12	1.0
302.48	1.0
317.04	1.0
343.84	1.0
366.28	1.0
386.8	1.0
410.48	1.0
493.96	1.0
592.36	1.0
611.72	1.0
721.68	1.0
890.76	1.0
1029.88	1.0
308.96	2.0
312.28	2.0
317.24	2.0
329.36	2.0
349.0	2.0
360.12	2.0
386.16	2.0
491.12	2.0
843.52	2.0
965.8	2.0
1068.0	2.0
1202.6	2.0
317.0	3.0
309.0	3.0
312.2	3.0
323.64	3.0
335.88	3.0
343.04	3.0
350.72	3.0
359.6	3.0
370.92	3.0
379.6	3.0
412.96	3.0
426.32	3.0
455.72	3.0
469.72	3.0
484.44	3.0
499.88	3.0
516.84	3.0
521.28	3.0
533.2	3.0
568.44	3.0
574.24	3.0
592.16	3.0
606.24	3.0
610.92	3.0
630.52	3.0
647.72	3.0
659.08	3.0
684.28	3.0
713.52	3.0
729.8	3.0
734.16	3.0
736.76	3.0
769.44	3.0
774.72	3.0
789.76	3.0
803.68	3.0
843.0	3.0
846.12	3.0
879.84	3.0
929.92	3.0
333.2	5.0
421.12	5.0
474.2	5.0
602.44	5.0
348.4	5.0
378.4	5.0
386.52	5.0
426.12	5.0
434.28	5.0
464.36	5.0
492.08	5.0
504.4	5.0
569.48	5.0
302.48	6.0
308.68	6.0
313.92	6.0
319.56	6.0
328.72	6.0
333.68	6.0
344.72	6.0
350.72	6.0
361.76	6.0
375.52	6.0
389.68	6.0
406.24	6.0
419.48	6.0
431.48	6.0
453.12	6.0
465.88	6.0
477.28	6.0
490.64	6.0
516.48	6.0
522.68	6.0
547.28	6.0
594.84	6.0
606.52	6.0
622.48	6.0
627.56	6.0
649.52	6.0
708.04	6.0
720.4	6.0
791.84	6.0
815.2	6.0
822.52	6.0
835.96	6.0
934.96	6.0
967.68	6.0
1029.36	6.0
1094.0	6.0
1151.44	6.0
302.64	7.0
313.52	7.0
343.2	7.0
406.88	7.0
431.84	7.0
465.52	7.0
523.24	7.0
532.08	7.0
595.16	7.0
1094.32	7.0
335.36	8.0
491.88	8.0
698.84	8.0
849.88	8.0
1183.04	8.0
302.48	8.0
315.92	8.0
331.8	8.0
355.88	8.0
368.16	8.0
375.8	8.0
906.68	8.0
309.0	9.0
312.2	9.0
612.8	9.0
615.36	9.0
309.0	10.0
312.12	10.0
302.48	11.0
346.0	11.0
314.72	11.0
336.0	11.0
367.44	11.0
474.84	11.0
311.84	12.0
329.48	12.0
334.56	12.0
393.56	12.0
680.16	12.0
302.64	12.0
306.88	12.0
318.08	12.0
346.8	12.0
369.64	12.0
375.12	12.0
378.24	12.0
405.04	12.0
429.92	12.0
452.48	12.0
463.72	12.0
558.6	12.0
568.4	12.0
624.6	12.0
639.12	12.0
670.52	12.0
733.16	12.0
783.92	12.0
794.8	12.0
843.16	12.0
862.44	12.0
960.56	12.0
1155.48	12.0
302.72	13.0
313.64	13.0
322.96	13.0
330.6	13.0
340.92	13.0
355.0	13.0
364.36	13.0
385.12	13.0
399.88	13.0
415.0	13.0
427.88	13.0
445.84	13.0
461.24	13.0
479.28	13.0
494.84	13.0
517.56	13.0
536.48	13.0
556.52	13.0
569.08	13.0
590.76	13.0
614.8	13.0
633.52	13.0
653.24	13.0
678.0	13.0
736.56	13.0
768.72	13.0
813.2	13.0
878.36	13.0
333.72	14.0
426.28	14.0
304.68	15.0
313.6	15.0
465.6	15.0
532.16	15.0
346.16	16.0
407.88	16.0
511.6	16.0
645.04	16.0
762.0	16.0
1005.72	16.0
1137.72	16.0
307.84	17.0
518.4	17.0
302.48	17.0
314.08	17.0
332.04	17.0
339.72	17.0
358.68	17.0
373.32	17.0
400.36	17.0
415.24	17.0
492.36	17.0
708.08	17.0
759.44	17.0
828.32	17.0
302.52	18.0
321.28	18.0
350.6	18.0
579.76	18.0
744.04	18.0
308.96	19.0
312.36	19.0
375.64	19.0
515.68	19.0
316.08	20.0
309.04	20.0
312.76	20.0
319.64	20.0
327.56	20.0
332.16	20.0
337.0	20.0
342.32	20.0
346.64	20.0
352.08	20.0
356.72	20.0
363.88	20.0
370.2	20.0
381.12	20.0
386.2	20.0
398.52	20.0
408.72	20.0
415.92	20.0
420.68	20.0
430.16	20.0
444.44	20.0
452.72	20.0
466.04	20.0
471.92	20.0
477.96	20.0
493.36	20.0
501.28	20.0
515.72	20.0
525.72	20.0
531.8	20.0
545.24	20.0
566.64	20.0
577.56	20.0
589.4	20.0
598.28	20.0
606.76	20.0
626.52	20.0
646.2	20.0
655.96	20.0
693.0	20.0
705.2	20.0
716.48	20.0
736.08	20.0
787.76	20.0
801.92	20.0
816.28	20.0
841.8	20.0
870.44	20.0
876.44	20.0
896.8	20.0
914.08	20.0
926.52	20.0
949.6	20.0
967.68	20.0
1014.56	20.0
1068.48	20.0
1079.2	20.0
1093.64	20.0
1103.44	20.0
1114.96	20.0
1128.36	20.0
1146.48	20.0
1185.92	20.0
1203.28	20.0
1233.48	20.0
302.48	21.0
329.08	22.0
365.04	22.0
303.76	23.0
361.24	23.0
417.4	23.0
608.36	23.0
329.64	23.0
388.72	23.0
361.12	24.0
307.8	24.0
319.52	24.0
569.08	24.0
