318.52	1.0
343.12	1.0
373.12	1.0
1062.2	1.0
302.48	1.0
311.52	1.0
325.08	1.0
330.28	1.0
345.64	1.0
351.24	1.0
365.84	1.0
369.52	1.0
381.88	1.0
391.6	1.0
433.88	1.0
468.44	1.0
1057.44	1.0
1138.68	1.0
1187.48	1.0
308.96	2.0
312.32	2.0
392.52	2.0
349.04	2.0
365.24	2.0
378.28	2.0
388.2	2.0
426.72	2.0
450.16	2.0
513.56	2.0
777.0	2.0
986.36	2.0
1088.44	2.0
1215.48	2.0
309.0	3.0
312.04	3.0
323.84	3.0
332.0	3.0
348.64	3.0
356.2	3.0
363.52	3.0
366.24	3.0
380.36	3.0
416.4	3.0
424.08	3.0
427.24	3.0
436.56	3.0
444.44	3.0
453.28	3.0
464.36	3.0
474.68	3.0
487.6	3.0
498.28	3.0
551.56	3.0
554.52	3.0
603.04	3.0
623.0	3.0
643.0	3.0
659.12	3.0
679.88	3.0
708.28	3.0
788.0	3.0
810.84	3.0
849.44	3.0
879.48	3.0
920.4	3.0
968.56	3.0
1016.8	3.0
1043.32	3.0
1061.84	3.0
1178.96	3.0
1249.84	3.0
1259.16	3.0
314.6	5.0
363.16	5.0
423.92	5.0
822.52	5.0
332.6	5.0
349.44	5.0
379.44	5.0
389.72	5.0
395.64	5.0
413.88	5.0
436.04	5.0
446.68	5.0
457.16	5.0
514.32	5.0
583.88	5.0
775.0	5.0
306.68	6.0
349.84	6.0
303.0	6.0
314.8	6.0
320.24	6.0
327.88	6.0
333.8	6.0
339.0	6.0
343.72	6.0
378.24	6.0
389.08	6.0
393.8	6.0
400.72	6.0
423.12	6.0
430.76	6.0
437.12	6.0
450.64	6.0
458.72	6.0
467.96	6.0
477.2	6.0
492.48	6.0
511.36	6.0
521.44	6.0
553.16	6.0
574.12	6.0
590.32	6.0
609.6	6.0
621.0	6.0
634.92	6.0
660.88	6.0
679.84	6.0
705.2	6.0
731.64	6.0
739.96	6.0
785.12	6.0
840.24	6.0
991.64	6.0
1095.52	6.0
1217.72	6.0
1225.28	6.0
1251.76	6.0
302.92	7.0
351.6	7.0
314.44	7.0
317.56	7.0
328.44	7.0
334.2	7.0
342.0	7.0
356.32	7.0
370.0	7.0
387.24	7.0
423.44	7.0
450.64	7.0
773.24	7.0
785.48	7.0
992.04	7.0
305.04	8.0
409.52	8.0
570.4	8.0
1199.8	8.0
302.48	8.0
316.76	8.0
338.92	8.0
366.68	8.0
382.92	8.0
399.6	8.0
1065.6	8.0
309.0	9.0
311.8	9.0
335.48	9.0
351.04	9.0
363.24	9.0
392.12	9.0
472.92	9.0
309.04	10.0
312.32	10.0
341.12	10.0
302.48	11.0
307.56	11.0
336.96	11.0
345.28	11.0
379.4	11.0
394.44	11.0
422.8	11.0
312.28	11.0
316.92	11.0
324.8	11.0
350.24	11.0
360.6	11.0
398.68	11.0
405.64	11.0
704.32	11.0
311.72	12.0
317.76	12.0
327.8	12.0
350.36	12.0
371.76	12.0
386.12	12.0
470.72	12.0
302.96	12.0
307.48	12.0
331.28	12.0
346.56	12.0
368.24	12.0
377.84	12.0
392.88	12.0
397.96	12.0
449.92	12.0
478.56	12.0
490.64	12.0
493.48	12.0
573.72	12.0
622.16	12.0
630.72	12.0
732.32	12.0
757.04	12.0
885.44	12.0
1017.68	12.0
1065.48	12.0
1090.68	12.0
1233.72	12.0
1322.72	12.0
302.68	13.0
313.8	13.0
317.6	13.0
321.6	13.0
327.36	13.0
330.84	13.0
341.08	13.0
348.12	13.0
354.4	13.0
357.92	13.0
361.88	13.0
371.56	13.0
379.6	13.0
389.36	13.0
396.68	13.0
402.88	13.0
413.76	13.0
425.04	13.0
434.4	13.0
449.52	13.0
460.48	13.0
473.04	13.0
475.8	13.0
489.88	13.0
499.32	13.0
511.12	13.0
526.96	13.0
540.2	13.0
553.6	13.0
572.6	13.0
590.6	13.0
610.44	13.0
624.56	13.0
640.84	13.0
662.64	13.0
687.6	13.0
704.8	13.0
733.08	13.0
765.12	13.0
785.4	13.0
846.16	13.0
888.8	13.0
979.24	13.0
1078.4	13.0
379.56	14.0
349.76	14.0
389.72	14.0
458.48	14.0
356.36	15.0
397.8	15.0
476.8	15.0
339.76	16.0
359.2	16.0
397.52	16.0
456.24	16.0
631.4	16.0
1289.44	16.0
367.92	17.0
415.12	17.0
515.52	17.0
302.48	17.0
321.32	17.0
332.36	17.0
338.4	17.0
349.44	17.0
352.6	17.0
471.8	17.0
490.24	17.0
694.48	17.0
939.12	17.0
1102.8	17.0
1159.16	17.0
1235.44	17.0
417.4	18.0
302.48	18.0
309.16	18.0
338.4	18.0
367.92	18.0
379.8	18.0
427.44	18.0
487.28	18.0
543.04	18.0
938.92	18.0
308.92	19.0
312.0	19.0
426.12	19.0
319.92	19.0
351.4	19.0
377.32	19.0
399.36	19.0
415.44	19.0
703.72	19.0
1065.12	19.0
309.0	20.0
311.84	20.0
316.48	20.0
319.84	20.0
325.04	20.0
330.48	20.0
334.88	20.0
340.04	20.0
345.6	20.0
350.0	20.0
360.04	20.0
363.68	20.0
368.72	20.0
373.04	20.0
377.36	20.0
386.96	20.0
391.08	20.0
399.32	20.0
409.96	20.0
415.52	20.0
421.44	20.0
427.28	20.0
444.56	20.0
465.36	20.0
479.08	20.0
493.64	20.0
515.88	20.0
535.04	20.0
559.32	20.0
567.2	20.0
589.36	20.0
607.36	20.0
619.48	20.0
625.24	20.0
635.48	20.0
642.96	20.0
664.08	20.0
684.2	20.0
703.76	20.0
738.52	20.0
745.16	20.0
756.36	20.0
770.68	20.0
779.32	20.0
790.04	20.0
819.64	20.0
831.56	20.0
845.16	20.0
888.32	20.0
899.28	20.0
904.96	20.0
923.44	20.0
937.6	20.0
943.84	20.0
960.4	20.0
995.48	20.0
1025.2	20.0
1062.8	20.0
1091.32	20.0
1110.8	20.0
1136.4	20.0
1161.44	20.0
1190.72	20.0
1198.16	20.0
1218.12	20.0
1236.04	20.0
1250.6	20.0
1265.16	20.0
1273.84	20.0
302.48	21.0
376.16	22.0
394.32	22.0
421.44	22.0
614.16	22.0
317.52	23.0
351.2	23.0
373.92	23.0
304.92	23.0
379.44	23.0
307.96	24.0
458.88	24.0
373.68	24.0
