312.16	1.0
411.2	1.0
459.72	1.0
568.0	1.0
730.16	1.0
750.6	1.0
821.92	1.0
1136.32	1.0
302.52	1.0
327.92	1.0
344.08	1.0
470.4	1.0
977.48	1.0
308.96	2.0
311.92	2.0
319.44	2.0
337.44	2.0
364.24	2.0
396.52	2.0
441.8	2.0
867.92	2.0
970.76	2.0
1057.56	2.0
1213.28	2.0
1298.68	2.0
309.0	3.0
312.12	3.0
320.2	3.0
324.28	3.0
344.24	3.0
355.92	3.0
366.6	3.0
376.48	3.0
382.48	3.0
388.36	3.0
399.84	3.0
421.64	3.0
432.64	3.0
447.84	3.0
464.12	3.0
479.12	3.0
492.8	3.0
507.32	3.0
556.12	3.0
565.92	3.0
578.56	3.0
599.0	3.0
614.8	3.0
642.08	3.0
653.8	3.0
667.16	3.0
689.48	3.0
720.96	3.0
741.68	3.0
774.28	3.0
835.8	3.0
856.0	3.0
895.32	3.0
908.72	3.0
938.0	3.0
995.88	3.0
1007.56	3.0
1127.92	3.0
1170.16	3.0
1230.04	3.0
1280.24	3.0
566.72	5.0
688.0	5.0
338.2	5.0
350.12	5.0
355.08	5.0
367.08	5.0
386.64	5.0
410.96	5.0
457.36	5.0
504.72	5.0
577.2	5.0
620.6	5.0
749.32	5.0
302.92	6.0
305.48	6.0
309.32	6.0
314.76	6.0
318.16	6.0
322.64	6.0
327.4	6.0
338.64	6.0
347.36	6.0
356.96	6.0
362.36	6.0
369.76	6.0
379.24	6.0
387.92	6.0
398.12	6.0
404.4	6.0
414.4	6.0
422.0	6.0
434.16	6.0
442.96	6.0
454.0	6.0
464.0	6.0
487.44	6.0
513.64	6.0
518.56	6.0
531.32	6.0
546.52	6.0
574.04	6.0
597.92	6.0
645.28	6.0
680.84	6.0
692.56	6.0
730.4	6.0
753.04	6.0
771.2	6.0
828.68	6.0
895.04	6.0
907.08	6.0
918.28	6.0
933.96	6.0
976.88	6.0
1027.28	6.0
1045.48	6.0
1114.64	6.0
1248.0	6.0
1299.12	6.0
1367.68	6.0
303.24	7.0
305.76	7.0
315.12	7.0
318.56	7.0
324.76	7.0
336.4	7.0
422.32	7.0
642.12	7.0
1115.0	7.0
302.52	8.0
331.76	8.0
349.72	8.0
376.6	8.0
308.96	9.0
311.8	9.0
344.44	9.0
345.08	10.0
308.96	10.0
312.08	10.0
302.48	11.0
345.24	11.0
315.12	11.0
322.12	11.0
338.48	11.0
448.12	11.0
482.24	11.0
871.36	11.0
952.6	11.0
553.2	12.0
591.68	12.0
304.24	12.0
313.4	12.0
319.28	12.0
339.8	12.0
344.36	12.0
350.24	12.0
361.4	12.0
385.88	12.0
388.76	12.0
412.56	12.0
460.52	12.0
465.76	12.0
482.2	12.0
488.64	12.0
515.76	12.0
520.32	12.0
527.4	12.0
568.68	12.0
603.28	12.0
616.68	12.0
656.4	12.0
686.28	12.0
714.12	12.0
811.96	12.0
848.4	12.0
907.52	12.0
984.64	12.0
1035.76	12.0
1163.56	12.0
1244.72	12.0
1259.08	12.0
1311.08	12.0
302.8	13.0
314.68	13.0
323.16	13.0
328.4	13.0
337.52	13.0
340.04	13.0
350.52	13.0
360.32	13.0
377.8	13.0
389.72	13.0
403.6	13.0
414.44	13.0
427.04	13.0
440.84	13.0
455.12	13.0
467.92	13.0
488.12	13.0
508.16	13.0
523.52	13.0
538.56	13.0
558.4	13.0
580.2	13.0
614.16	13.0
634.36	13.0
652.08	13.0
680.64	13.0
701.52	13.0
736.64	13.0
755.48	13.0
788.04	13.0
842.52	13.0
909.36	13.0
1013.28	13.0
302.52	14.0
365.0	14.0
304.92	15.0
315.24	15.0
324.84	15.0
367.76	15.0
324.0	16.0
364.48	16.0
459.52	16.0
525.28	16.0
1279.8	16.0
302.48	17.0
315.48	17.0
335.68	17.0
359.32	17.0
378.08	17.0
408.92	17.0
432.64	17.0
471.4	17.0
516.04	17.0
536.72	17.0
570.8	17.0
585.76	17.0
659.2	17.0
686.88	17.0
746.72	17.0
771.96	17.0
892.76	17.0
302.48	18.0
362.72	18.0
416.36	18.0
584.0	18.0
642.2	18.0
788.76	18.0
308.96	19.0
312.0	19.0
314.4	20.0
589.32	20.0
309.0	20.0
311.84	20.0
318.56	20.0
334.24	20.0
339.96	20.0
343.28	20.0
347.44	20.0
353.76	20.0
358.0	20.0
371.16	20.0
376.04	20.0
381.16	20.0
383.72	20.0
389.52	20.0
398.28	20.0
406.44	20.0
411.84	20.0
418.0	20.0
423.44	20.0
429.32	20.0
436.04	20.0
441.48	20.0
451.0	20.0
457.48	20.0
462.6	20.0
469.6	20.0
478.48	20.0
487.72	20.0
497.08	20.0
513.24	20.0
519.04	20.0
535.56	20.0
542.84	20.0
548.8	20.0
576.8	20.0
620.52	20.0
628.08	20.0
635.92	20.0
652.84	20.0
678.84	20.0
688.84	20.0
701.68	20.0
712.68	20.0
727.64	20.0
736.88	20.0
757.84	20.0
772.76	20.0
801.28	20.0
815.04	20.0
839.16	20.0
858.32	20.0
870.92	20.0
915.72	20.0
921.76	20.0
933.76	20.0
951.92	20.0
969.48	20.0
978.28	20.0
1004.76	20.0
1043.76	20.0
1060.4	20.0
1106.36	20.0
1112.4	20.0
1142.24	20.0
1190.32	20.0
1204.52	20.0
1218.88	20.0
1232.04	20.0
1242.28	20.0
1246.2	20.0
1273.72	20.0
1301.84	20.0
1326.96	20.0
1342.4	20.0
1350.52	20.0
1366.44	20.0
302.72	21.0
378.08	22.0
461.72	22.0
334.84	23.0
743.96	23.0
363.88	23.0
1031.08	23.0
309.8	24.0
