310.08	1.0
338.24	1.0
459.76	1.0
907.08	1.0
1146.36	1.0
302.52	1.0
323.72	1.0
343.24	1.0
352.56	1.0
366.92	1.0
370.68	1.0
389.48	1.0
394.6	1.0
422.12	1.0
455.28	1.0
573.92	1.0
652.32	1.0
803.16	1.0
824.44	1.0
999.32	1.0
1028.4	1.0
1319.4	1.0
308.96	2.0
311.76	2.0
314.4	2.0
327.08	2.0
342.8	2.0
354.8	2.0
362.0	2.0
400.12	2.0
418.24	2.0
505.6	2.0
822.16	2.0
949.08	2.0
1101.0	2.0
1212.92	2.0
1297.0	2.0
309.0	3.0
311.68	3.0
320.2	3.0
326.76	3.0
332.88	3.0
341.88	3.0
358.04	3.0
373.48	3.0
378.92	3.0
388.36	3.0
428.76	3.0
431.44	3.0
441.56	3.0
449.88	3.0
459.88	3.0
469.2	3.0
480.72	3.0
528.76	3.0
579.0	3.0
585.92	3.0
593.96	3.0
605.92	3.0
617.04	3.0
629.96	3.0
632.68	3.0
653.6	3.0
668.84	3.0
678.64	3.0
683.0	3.0
717.76	3.0
733.92	3.0
842.4	3.0
858.76	3.0
880.68	3.0
938.8	3.0
987.28	3.0
1033.44	3.0
1148.4	3.0
1255.92	3.0
1286.08	3.0
1323.92	3.0
327.32	5.0
1282.16	5.0
320.8	5.0
344.8	5.0
359.32	5.0
367.92	5.0
382.6	5.0
400.2	5.0
414.32	5.0
430.32	5.0
457.92	5.0
466.44	5.0
476.76	5.0
502.68	5.0
517.32	5.0
531.76	5.0
569.16	5.0
675.04	5.0
715.04	5.0
896.8	5.0
1330.04	5.0
318.12	6.0
344.8	6.0
302.56	6.0
309.84	6.0
315.0	6.0
326.96	6.0
330.2	6.0
333.04	6.0
357.24	6.0
365.36	6.0
370.64	6.0
375.28	6.0
403.52	6.0
410.24	6.0
415.04	6.0
420.76	6.0
430.16	6.0
436.4	6.0
445.96	6.0
451.56	6.0
461.0	6.0
473.36	6.0
478.64	6.0
487.12	6.0
491.32	6.0
505.12	6.0
517.28	6.0
534.88	6.0
548.92	6.0
563.04	6.0
575.8	6.0
588.12	6.0
624.88	6.0
632.28	6.0
658.12	6.0
667.64	6.0
693.88	6.0
726.68	6.0
749.88	6.0
845.84	6.0
896.68	6.0
917.4	6.0
953.72	6.0
967.16	6.0
1005.68	6.0
1035.84	6.0
1087.56	6.0
1129.08	6.0
1169.48	6.0
1253.72	6.0
1286.16	6.0
1309.8	6.0
1367.92	6.0
302.84	7.0
313.8	7.0
317.24	7.0
328.2	7.0
340.8	7.0
352.24	7.0
366.08	7.0
375.68	7.0
384.24	7.0
416.68	7.0
443.8	7.0
446.36	7.0
476.16	7.0
479.0	7.0
500.56	7.0
529.56	7.0
426.6	8.0
735.2	8.0
824.28	8.0
1319.24	8.0
302.76	8.0
314.92	8.0
332.64	8.0
349.96	8.0
357.76	8.0
361.44	8.0
370.32	8.0
388.04	8.0
489.24	8.0
309.0	9.0
311.8	9.0
343.4	9.0
369.68	9.0
397.56	9.0
693.68	9.0
309.04	10.0
311.96	10.0
350.72	10.0
389.32	10.0
302.48	11.0
316.44	11.0
327.96	11.0
337.72	11.0
351.0	11.0
397.16	11.0
321.04	11.0
417.4	11.0
495.64	11.0
518.28	11.0
373.6	12.0
303.04	12.0
307.8	12.0
316.24	12.0
320.04	12.0
338.68	12.0
344.0	12.0
369.68	12.0
393.52	12.0
400.6	12.0
409.72	12.0
419.16	12.0
429.84	12.0
436.28	12.0
451.36	12.0
517.4	12.0
533.32	12.0
548.6	12.0
560.84	12.0
592.0	12.0
635.24	12.0
661.2	12.0
714.32	12.0
724.6	12.0
769.76	12.0
836.56	12.0
846.88	12.0
896.52	12.0
1004.64	12.0
1110.72	12.0
1147.6	12.0
1304.04	12.0
436.04	13.0
302.64	13.0
313.16	13.0
321.72	13.0
329.48	13.0
337.96	13.0
341.68	13.0
354.04	13.0
367.16	13.0
373.44	13.0
384.36	13.0
394.28	13.0
401.6	13.0
411.68	13.0
417.6	13.0
429.24	13.0
455.64	13.0
465.28	13.0
477.04	13.0
487.48	13.0
500.96	13.0
511.96	13.0
526.0	13.0
536.96	13.0
548.04	13.0
562.2	13.0
574.16	13.0
586.44	13.0
604.56	13.0
616.56	13.0
634.2	13.0
651.08	13.0
670.52	13.0
691.44	13.0
710.84	13.0
725.24	13.0
743.56	13.0
772.0	13.0
797.6	13.0
824.64	13.0
852.96	13.0
887.24	13.0
918.32	13.0
1006.12	13.0
353.72	14.0
373.76	14.0
430.68	14.0
816.92	14.0
304.52	15.0
314.4	15.0
341.4	15.0
373.8	15.0
419.04	15.0
719.28	15.0
344.16	16.0
374.4	16.0
512.48	16.0
584.88	16.0
666.88	16.0
1348.32	16.0
339.64	17.0
381.72	17.0
302.48	17.0
322.4	17.0
330.8	17.0
343.36	17.0
387.32	17.0
414.08	17.0
417.56	17.0
569.52	17.0
631.84	17.0
657.88	17.0
1103.48	17.0
1149.0	17.0
302.52	18.0
369.8	18.0
430.92	18.0
542.12	18.0
309.0	19.0
312.28	19.0
356.44	19.0
616.76	19.0
652.72	19.0
309.0	20.0
312.68	20.0
317.28	20.0
321.36	20.0
325.92	20.0
329.72	20.0
342.68	20.0
350.76	20.0
354.52	20.0
359.04	20.0
362.32	20.0
372.56	20.0
381.28	20.0
387.0	20.0
393.8	20.0
399.88	20.0
411.84	20.0
416.76	20.0
421.56	20.0
450.68	20.0
458.36	20.0
468.56	20.0
476.08	20.0
486.92	20.0
496.48	20.0
509.0	20.0
517.84	20.0
532.08	20.0
538.8	20.0
554.76	20.0
575.72	20.0
666.12	20.0
690.16	20.0
701.12	20.0
734.12	20.0
748.16	20.0
767.32	20.0
770.36	20.0
782.96	20.0
799.12	20.0
824.88	20.0
832.68	20.0
845.16	20.0
857.24	20.0
871.84	20.0
885.04	20.0
893.44	20.0
896.44	20.0
898.96	20.0
951.84	20.0
959.04	20.0
984.84	20.0
1005.08	20.0
1019.96	20.0
1040.08	20.0
1067.36	20.0
1080.6	20.0
1094.28	20.0
1123.36	20.0
1135.08	20.0
1146.48	20.0
1165.24	20.0
1179.0	20.0
1189.72	20.0
1200.44	20.0
1242.8	20.0
1255.28	20.0
1278.84	20.0
1294.48	20.0
1301.04	20.0
1316.88	20.0
1358.16	20.0
393.72	21.0
302.48	21.0
341.8	22.0
355.72	22.0
427.0	22.0
500.16	22.0
303.56	23.0
319.88	23.0
356.08	23.0
374.88	23.0
394.4	23.0
436.76	23.0
498.84	23.0
538.4	23.0
306.92	24.0
321.08	24.0
376.44	24.0
