314.24	1.0
326.96	1.0
331.92	1.0
390.2	1.0
990.88	1.0
1077.48	1.0
1169.76	1.0
302.48	1.0
322.84	1.0
335.64	1.0
346.24	1.0
354.88	1.0
374.4	1.0
376.96	1.0
397.56	1.0
423.96	1.0
426.6	1.0
457.0	1.0
551.24	1.0
687.6	1.0
917.52	1.0
977.28	1.0
1448.96	1.0
309.0	2.0
311.96	2.0
326.12	2.0
333.28	2.0
345.24	2.0
353.28	2.0
369.96	2.0
426.4	2.0
473.88	2.0
973.24	2.0
1164.36	2.0
1167.68	2.0
1240.92	2.0
1324.76	2.0
1418.28	2.0
356.08	3.0
309.04	3.0
311.76	3.0
317.84	3.0
328.72	3.0
331.84	3.0
334.92	3.0
346.0	3.0
352.56	3.0
362.96	3.0
374.24	3.0
380.08	3.0
393.64	3.0
450.44	3.0
454.12	3.0
465.4	3.0
478.12	3.0
490.72	3.0
512.08	3.0
528.4	3.0
546.16	3.0
561.84	3.0
570.08	3.0
626.0	3.0
640.0	3.0
647.52	3.0
679.36	3.0
685.6	3.0
707.48	3.0
736.84	3.0
792.8	3.0
862.12	3.0
882.84	3.0
945.96	3.0
994.68	3.0
1009.48	3.0
1077.16	3.0
1105.24	3.0
1116.24	3.0
1194.48	3.0
1435.6	3.0
1441.52	3.0
1119.12	5.0
304.56	5.0
312.36	5.0
325.16	5.0
338.64	5.0
370.48	5.0
386.84	5.0
407.52	5.0
428.28	5.0
447.8	5.0
471.56	5.0
488.84	5.0
500.12	5.0
545.52	5.0
566.88	5.0
622.32	5.0
732.48	5.0
846.08	5.0
302.96	6.0
314.68	6.0
319.6	6.0
326.8	6.0
337.16	6.0
344.24	6.0
349.2	6.0
354.44	6.0
360.96	6.0
368.56	6.0
386.92	6.0
393.36	6.0
402.68	6.0
408.4	6.0
414.6	6.0
432.96	6.0
442.04	6.0
456.0	6.0
464.44	6.0
476.0	6.0
485.6	6.0
497.16	6.0
508.88	6.0
525.96	6.0
569.0	6.0
583.36	6.0
593.28	6.0
613.96	6.0
626.08	6.0
642.48	6.0
655.76	6.0
683.48	6.0
709.04	6.0
744.96	6.0
756.92	6.0
787.16	6.0
891.48	6.0
941.72	6.0
974.44	6.0
1000.08	6.0
1031.04	6.0
1071.04	6.0
1138.36	6.0
1262.76	6.0
1303.2	6.0
1324.4	6.0
1407.36	6.0
1426.72	6.0
1450.2	6.0
1463.04	6.0
303.76	7.0
497.92	7.0
313.56	7.0
321.48	7.0
333.24	7.0
337.52	7.0
344.56	7.0
355.0	7.0
368.92	7.0
387.48	7.0
415.56	7.0
454.16	7.0
566.72	7.0
427.0	8.0
1066.68	8.0
302.48	8.0
309.48	8.0
318.2	8.0
331.36	8.0
380.64	8.0
308.92	9.0
311.92	9.0
314.64	9.0
326.0	9.0
333.88	9.0
337.96	9.0
355.76	9.0
373.2	9.0
414.44	9.0
309.04	10.0
312.12	10.0
302.48	11.0
323.64	11.0
334.84	11.0
396.2	11.0
1066.96	11.0
314.72	11.0
326.48	11.0
345.72	11.0
443.72	11.0
488.68	11.0
816.04	11.0
343.68	12.0
434.84	12.0
488.64	12.0
1000.96	12.0
1436.2	12.0
302.92	12.0
317.16	12.0
320.4	12.0
325.08	12.0
346.2	12.0
371.96	12.0
420.0	12.0
475.6	12.0
515.84	12.0
532.04	12.0
758.4	12.0
788.96	12.0
808.04	12.0
882.64	12.0
960.56	12.0
986.36	12.0
1060.56	12.0
1097.68	12.0
1227.2	12.0
1332.48	12.0
1350.2	12.0
1420.08	12.0
302.76	13.0
315.96	13.0
323.04	13.0
327.48	13.0
331.84	13.0
337.24	13.0
341.6	13.0
349.44	13.0
355.84	13.0
368.56	13.0
375.52	13.0
387.8	13.0
395.68	13.0
407.92	13.0
420.0	13.0
426.88	13.0
435.52	13.0
446.48	13.0
456.04	13.0
473.16	13.0
476.24	13.0
483.08	13.0
497.04	13.0
514.92	13.0
532.8	13.0
544.64	13.0
557.4	13.0
574.44	13.0
590.52	13.0
618.12	13.0
632.28	13.0
651.68	13.0
677.16	13.0
699.12	13.0
723.56	13.0
744.32	13.0
799.28	13.0
842.6	13.0
892.72	13.0
1097.12	13.0
1119.44	13.0
371.28	14.0
656.4	14.0
304.56	15.0
313.72	15.0
321.6	15.0
344.68	15.0
387.56	15.0
360.2	15.0
335.24	16.0
361.04	16.0
392.88	16.0
435.04	16.0
506.28	16.0
565.52	16.0
1296.88	16.0
1445.44	16.0
326.36	17.0
302.48	17.0
328.88	17.0
333.52	17.0
356.04	17.0
366.64	17.0
397.28	17.0
415.48	17.0
444.56	17.0
477.0	17.0
512.52	17.0
532.8	17.0
552.96	17.0
596.72	17.0
703.36	17.0
809.88	17.0
995.32	17.0
1174.48	17.0
302.48	18.0
315.92	18.0
333.28	18.0
404.48	18.0
826.88	18.0
995.2	18.0
308.96	19.0
311.72	19.0
317.28	19.0
416.6	19.0
419.24	19.0
456.04	19.0
870.16	19.0
1066.84	19.0
434.64	20.0
309.0	20.0
312.52	20.0
317.08	20.0
321.2	20.0
326.0	20.0
330.6	20.0
336.76	20.0
340.72	20.0
344.44	20.0
363.04	20.0
367.8	20.0
372.44	20.0
379.0	20.0
383.56	20.0
389.88	20.0
396.28	20.0
400.88	20.0
419.32	20.0
427.0	20.0
439.72	20.0
464.24	20.0
476.16	20.0
490.8	20.0
503.28	20.0
508.72	20.0
526.2	20.0
531.28	20.0
536.64	20.0
553.48	20.0
561.28	20.0
577.04	20.0
593.64	20.0
621.92	20.0
628.0	20.0
634.52	20.0
647.28	20.0
654.8	20.0
685.04	20.0
716.04	20.0
722.24	20.0
738.36	20.0
770.24	20.0
781.76	20.0
793.64	20.0
806.68	20.0
820.56	20.0
845.52	20.0
868.44	20.0
881.0	20.0
893.44	20.0
901.76	20.0
917.76	20.0
937.44	20.0
957.72	20.0
976.32	20.0
984.28	20.0
1030.92	20.0
1037.56	20.0
1066.92	20.0
1085.88	20.0
1110.56	20.0
1116.32	20.0
1126.28	20.0
1166.04	20.0
1200.52	20.0
1240.2	20.0
1244.0	20.0
1257.16	20.0
1286.12	20.0
1294.12	20.0
1304.4	20.0
1316.96	20.0
1327.24	20.0
1330.28	20.0
1352.8	20.0
1359.36	20.0
1382.92	20.0
1394.28	20.0
1404.48	20.0
1413.0	20.0
1420.52	20.0
1439.28	20.0
1450.2	20.0
369.56	21.0
302.48	21.0
302.72	22.0
358.56	22.0
370.44	22.0
390.96	22.0
476.44	22.0
348.72	22.0
319.52	23.0
366.32	23.0
369.92	23.0
391.68	23.0
590.44	23.0
305.64	24.0
349.92	24.0
379.84	24.0
