32.44	1.0
58.36	1.0
104.76	1.0
201.56	1.0
543.68	1.0
650.48	1.0
751.6	1.0
963.56	1.0
1174.24	1.0
47.96	1.0
65.36	1.0
76.92	1.0
101.16	1.0
302.88	1.0
308.96	2.0
312.04	2.0
699.84	2.0
11.76	2.0
41.08	2.0
55.08	2.0
93.84	2.0
134.84	2.0
666.0	2.0
876.44	2.0
995.8	2.0
1143.44	2.0
1239.96	2.0
124.4	3.0
171.64	3.0
34.88	3.0
46.76	3.0
57.44	3.0
65.32	3.0
76.12	3.0
85.04	3.0
94.28	3.0
105.84	3.0
112.36	3.0
116.36	3.0
137.64	3.0
149.84	3.0
163.12	3.0
175.52	3.0
188.4	3.0
194.72	3.0
214.88	3.0
227.8	3.0
258.52	3.0
274.88	3.0
290.16	3.0
309.04	3.0
312.0	3.0
321.84	3.0
334.88	3.0
351.56	3.0
399.4	3.0
414.8	3.0
419.6	3.0
449.32	3.0
467.52	3.0
478.2	3.0
505.2	3.0
510.88	3.0
566.4	3.0
597.08	3.0
632.2	3.0
640.84	3.0
662.2	3.0
721.44	3.0
786.24	3.0
797.92	3.0
813.16	3.0
856.4	3.0
937.16	3.0
1022.96	3.0
1149.68	3.0
36.68	5.0
63.0	5.0
94.72	5.0
215.56	5.0
1127.76	5.0
49.24	5.0
69.44	5.0
85.12	5.0
87.76	5.0
110.44	5.0
115.28	5.0
133.16	5.0
157.08	5.0
172.48	5.0
178.28	5.0
229.76	5.0
273.4	5.0
296.84	5.0
323.56	5.0
357.96	5.0
388.96	5.0
392.68	5.0
469.56	5.0
592.08	5.0
640.44	5.0
709.56	5.0
10.0	6.0
19.28	6.0
35.52	6.0
40.76	6.0
47.72	6.0
52.28	6.0
60.16	6.0
74.28	6.0
81.48	6.0
91.28	6.0
96.16	6.0
104.4	6.0
110.68	6.0
115.8	6.0
125.4	6.0
132.64	6.0
152.56	6.0
159.68	6.0
171.52	6.0
180.64	6.0
192.8	6.0
204.96	6.0
216.28	6.0
227.4	6.0
239.36	6.0
260.28	6.0
277.0	6.0
293.12	6.0
302.48	6.0
332.48	6.0
345.76	6.0
367.08	6.0
395.88	6.0
419.84	6.0
446.56	6.0
481.24	6.0
521.32	6.0
541.72	6.0
580.28	6.0
650.36	6.0
665.68	6.0
732.4	6.0
756.8	6.0
785.0	6.0
819.16	6.0
861.4	6.0
891.6	6.0
914.08	6.0
984.2	6.0
1116.6	6.0
1213.24	6.0
1280.96	6.0
110.32	7.0
60.96	7.0
75.32	7.0
114.8	7.0
149.16	7.0
227.72	7.0
277.32	7.0
291.6	7.0
302.92	7.0
366.68	7.0
861.76	7.0
40.4	8.0
57.04	8.0
468.64	8.0
792.52	8.0
61.76	8.0
71.12	8.0
90.08	8.0
190.24	8.0
256.84	8.0
302.76	8.0
308.96	9.0
311.8	9.0
83.2	9.0
109.16	9.0
506.44	9.0
309.04	10.0
311.92	10.0
36.76	11.0
906.72	11.0
68.56	11.0
93.76	11.0
100.16	11.0
135.56	11.0
170.36	11.0
138.04	12.0
424.16	12.0
481.36	12.0
10.96	12.0
33.72	12.0
36.64	12.0
58.64	12.0
73.28	12.0
77.92	12.0
92.72	12.0
123.8	12.0
133.04	12.0
168.44	12.0
178.0	12.0
201.84	12.0
215.04	12.0
304.04	12.0
309.56	12.0
343.28	12.0
352.12	12.0
379.76	12.0
421.04	12.0
443.12	12.0
457.08	12.0
506.44	12.0
512.44	12.0
538.72	12.0
609.36	12.0
758.8	12.0
811.6	12.0
906.68	12.0
933.88	12.0
1057.4	12.0
1176.4	12.0
1252.32	12.0
1267.92	12.0
36.88	13.0
49.4	13.0
62.8	13.0
71.48	13.0
80.84	13.0
92.36	13.0
107.32	13.0
111.32	13.0
116.72	13.0
127.92	13.0
138.36	13.0
152.4	13.0
162.56	13.0
171.48	13.0
183.68	13.0
197.68	13.0
212.08	13.0
227.48	13.0
245.24	13.0
261.36	13.0
276.44	13.0
294.52	13.0
303.24	13.0
315.24	13.0
325.36	13.0
335.32	13.0
350.36	13.0
359.68	13.0
383.48	13.0
395.84	13.0
411.84	13.0
444.68	13.0
468.4	13.0
489.48	13.0
511.96	13.0
542.08	13.0
565.0	13.0
586.32	13.0
610.92	13.0
620.48	13.0
657.28	13.0
694.04	13.0
794.56	13.0
858.44	13.0
42.08	14.0
172.24	14.0
94.92	14.0
118.08	14.0
488.44	14.0
688.52	14.0
61.12	15.0
75.44	15.0
149.2	15.0
39.12	15.0
54.2	16.0
105.48	16.0
160.04	16.0
237.52	16.0
306.92	16.0
366.08	16.0
1268.72	16.0
100.4	17.0
49.64	17.0
73.88	17.0
172.12	17.0
302.48	17.0
320.44	17.0
337.64	17.0
779.08	17.0
302.52	18.0
331.28	18.0
396.44	18.0
505.8	18.0
839.72	18.0
308.96	19.0
311.88	19.0
29.04	19.0
34.72	19.0
63.08	19.0
62.08	20.0
310.12	20.0
1196.48	20.0
5.24	20.0
11.04	20.0
14.56	20.0
23.32	20.0
29.08	20.0
34.84	20.0
41.0	20.0
47.68	20.0
52.92	20.0
56.76	20.0
67.8	20.0
75.88	20.0
86.44	20.0
91.88	20.0
96.4	20.0
101.84	20.0
109.04	20.0
111.76	20.0
119.24	20.0
131.52	20.0
141.24	20.0
148.56	20.0
157.04	20.0
169.88	20.0
176.48	20.0
200.48	20.0
215.28	20.0
222.76	20.0
237.72	20.0
242.6	20.0
270.52	20.0
279.16	20.0
290.92	20.0
298.12	20.0
314.32	20.0
330.76	20.0
341.76	20.0
346.92	20.0
367.6	20.0
373.36	20.0
410.24	20.0
418.2	20.0
440.2	20.0
443.52	20.0
480.84	20.0
494.4	20.0
520.08	20.0
560.56	20.0
566.68	20.0
591.08	20.0
609.2	20.0
613.36	20.0
619.72	20.0
630.44	20.0
640.6	20.0
651.24	20.0
661.32	20.0
667.2	20.0
680.52	20.0
685.04	20.0
706.32	20.0
733.4	20.0
745.04	20.0
751.04	20.0
771.24	20.0
792.44	20.0
819.76	20.0
843.84	20.0
858.44	20.0
877.76	20.0
890.04	20.0
905.28	20.0
908.76	20.0
914.48	20.0
929.32	20.0
942.08	20.0
946.24	20.0
977.0	20.0
985.08	20.0
1000.12	20.0
1056.88	20.0
1106.16	20.0
1115.64	20.0
1145.84	20.0
1162.64	20.0
1193.6	20.0
1228.0	20.0
1242.68	20.0
1249.88	20.0
1269.72	20.0
1278.04	20.0
1286.0	20.0
1340.2	20.0
146.64	21.0
302.48	21.0
35.44	22.0
113.0	22.0
319.04	22.0
167.48	22.0
31.16	23.0
136.56	23.0
21.44	24.0
48.4	24.0
111.88	24.0
