312.28	1.0
327.68	1.0
695.96	1.0
963.4	1.0
1132.44	1.0
302.52	1.0
331.6	1.0
355.84	1.0
358.44	1.0
394.32	1.0
486.64	1.0
308.96	2.0
312.08	2.0
329.6	2.0
344.76	2.0
356.76	2.0
725.64	2.0
833.6	2.0
1008.0	2.0
1066.96	2.0
1146.96	2.0
1089.96	3.0
309.0	3.0
312.28	3.0
321.88	3.0
328.88	3.0
341.44	3.0
350.16	3.0
357.6	3.0
368.84	3.0
372.28	3.0
381.0	3.0
392.32	3.0
417.76	3.0
436.24	3.0
446.84	3.0
466.16	3.0
471.04	3.0
515.24	3.0
524.12	3.0
527.8	3.0
544.16	3.0
559.04	3.0
569.48	3.0
590.12	3.0
618.6	3.0
622.52	3.0
653.32	3.0
669.48	3.0
672.32	3.0
690.0	3.0
728.48	3.0
758.12	3.0
764.56	3.0
779.04	3.0
810.88	3.0
828.64	3.0
898.24	3.0
908.16	3.0
979.56	3.0
994.12	3.0
1109.36	3.0
1188.28	3.0
355.8	5.0
487.96	5.0
516.76	5.0
561.76	5.0
332.48	5.0
359.8	5.0
397.28	5.0
420.2	5.0
442.72	5.0
474.92	5.0
477.44	5.0
622.4	5.0
904.04	5.0
935.84	5.0
302.96	6.0
314.52	6.0
318.32	6.0
328.52	6.0
337.84	6.0
343.92	6.0
350.08	6.0
355.52	6.0
359.84	6.0
377.92	6.0
381.48	6.0
384.96	6.0
391.72	6.0
406.28	6.0
414.76	6.0
421.0	6.0
430.52	6.0
437.32	6.0
456.6	6.0
464.8	6.0
475.48	6.0
491.32	6.0
499.08	6.0
517.2	6.0
563.12	6.0
590.56	6.0
616.4	6.0
621.48	6.0
654.84	6.0
680.4	6.0
730.48	6.0
779.64	6.0
801.24	6.0
843.04	6.0
874.96	6.0
937.04	6.0
1020.12	6.0
1057.8	6.0
1132.48	6.0
1148.52	6.0
1218.04	6.0
1250.72	6.0
1276.92	6.0
303.96	7.0
406.32	7.0
315.68	7.0
329.28	7.0
367.88	7.0
392.04	7.0
431.4	7.0
470.52	7.0
305.0	8.0
357.36	8.0
367.04	8.0
814.92	8.0
302.48	8.0
315.4	8.0
323.28	8.0
370.6	8.0
611.84	8.0
309.0	9.0
311.8	9.0
314.84	9.0
377.48	9.0
309.04	10.0
312.16	10.0
302.48	11.0
317.88	11.0
347.2	11.0
382.44	11.0
357.64	11.0
346.0	12.0
631.44	12.0
303.08	12.0
317.48	12.0
339.08	12.0
342.72	12.0
371.28	12.0
382.48	12.0
417.32	12.0
460.92	12.0
464.32	12.0
491.12	12.0
507.48	12.0
540.16	12.0
560.64	12.0
606.0	12.0
644.36	12.0
653.92	12.0
673.08	12.0
680.76	12.0
767.76	12.0
776.28	12.0
880.48	12.0
893.24	12.0
980.52	12.0
1131.72	12.0
1174.4	12.0
1181.56	12.0
1269.56	12.0
1272.32	12.0
302.8	13.0
315.0	13.0
323.68	13.0
328.4	13.0
340.56	13.0
349.52	13.0
358.52	13.0
370.28	13.0
381.44	13.0
397.24	13.0
409.64	13.0
429.44	13.0
440.52	13.0
460.68	13.0
477.24	13.0
492.8	13.0
507.68	13.0
528.28	13.0
540.68	13.0
549.12	13.0
562.08	13.0
570.6	13.0
597.68	13.0
623.48	13.0
656.84	13.0
690.2	13.0
731.36	13.0
760.6	13.0
799.96	13.0
885.6	13.0
315.52	14.0
455.36	14.0
499.56	14.0
315.84	15.0
329.44	15.0
367.96	15.0
431.52	15.0
470.6	15.0
356.92	15.0
334.24	16.0
364.16	16.0
411.4	16.0
465.88	16.0
742.48	16.0
911.24	16.0
302.48	17.0
328.6	17.0
332.0	17.0
341.12	17.0
358.4	17.0
362.12	17.0
376.36	17.0
401.28	17.0
414.92	17.0
445.76	17.0
450.4	17.0
458.84	17.0
540.28	17.0
546.92	17.0
1270.08	17.0
302.52	18.0
349.0	18.0
499.76	18.0
646.28	18.0
676.04	18.0
815.24	18.0
309.0	19.0
311.88	19.0
315.68	19.0
415.8	19.0
502.4	19.0
779.0	19.0
339.44	20.0
308.96	20.0
312.76	20.0
315.48	20.0
320.76	20.0
327.32	20.0
331.64	20.0
334.32	20.0
343.28	20.0
347.24	20.0
352.64	20.0
357.12	20.0
370.24	20.0
375.52	20.0
394.2	20.0
402.24	20.0
407.4	20.0
415.88	20.0
428.04	20.0
437.96	20.0
468.76	20.0
473.52	20.0
482.28	20.0
499.24	20.0
507.08	20.0
526.44	20.0
538.92	20.0
549.56	20.0
562.72	20.0
579.72	20.0
589.92	20.0
603.76	20.0
621.4	20.0
634.4	20.0
646.0	20.0
661.2	20.0
679.04	20.0
719.92	20.0
750.56	20.0
779.08	20.0
797.52	20.0
807.28	20.0
814.56	20.0
838.04	20.0
847.28	20.0
857.16	20.0
888.28	20.0
915.88	20.0
933.72	20.0
947.84	20.0
968.52	20.0
977.48	20.0
1017.56	20.0
1043.76	20.0
1053.0	20.0
1077.6	20.0
1094.8	20.0
1107.68	20.0
1130.44	20.0
1137.0	20.0
1145.88	20.0
1161.68	20.0
1169.52	20.0
1175.56	20.0
1197.72	20.0
1218.36	20.0
1252.64	20.0
1258.16	20.0
1279.48	20.0
302.48	21.0
347.0	22.0
379.64	22.0
303.72	23.0
349.72	23.0
534.64	23.0
726.12	23.0
857.16	23.0
313.52	24.0
316.88	24.0
473.84	24.0
769.84	24.0
