313.24	1.0
361.64	1.0
374.32	1.0
407.52	1.0
518.6	1.0
926.72	1.0
949.16	1.0
1028.36	1.0
302.48	1.0
457.96	1.0
559.12	1.0
852.0	1.0
1144.28	1.0
308.96	2.0
311.72	2.0
317.04	2.0
334.04	2.0
378.08	2.0
433.0	2.0
471.0	2.0
499.68	2.0
657.88	2.0
892.64	2.0
1069.24	2.0
1172.8	2.0
471.56	3.0
309.0	3.0
312.44	3.0
320.64	3.0
328.08	3.0
339.04	3.0
347.36	3.0
358.56	3.0
367.96	3.0
373.6	3.0
380.28	3.0
392.04	3.0
403.16	3.0
423.28	3.0
437.52	3.0
450.28	3.0
460.08	3.0
512.08	3.0
558.16	3.0
564.84	3.0
583.24	3.0
592.96	3.0
627.4	3.0
652.08	3.0
678.2	3.0
711.04	3.0
740.88	3.0
753.96	3.0
768.76	3.0
791.56	3.0
799.24	3.0
845.84	3.0
916.76	3.0
434.56	5.0
458.76	5.0
592.48	5.0
304.72	5.0
320.8	5.0
358.12	5.0
371.0	5.0
413.68	5.0
450.08	5.0
465.84	5.0
469.0	5.0
501.32	5.0
530.96	5.0
617.56	5.0
648.56	5.0
302.92	6.0
309.76	6.0
315.04	6.0
320.76	6.0
351.96	6.0
361.52	6.0
365.28	6.0
371.32	6.0
379.96	6.0
387.68	6.0
395.28	6.0
406.88	6.0
422.88	6.0
433.24	6.0
445.52	6.0
469.4	6.0
479.76	6.0
498.96	6.0
521.96	6.0
565.88	6.0
579.04	6.0
592.28	6.0
617.2	6.0
639.56	6.0
668.48	6.0
699.68	6.0
784.32	6.0
879.36	6.0
931.88	6.0
967.2	6.0
1069.92	6.0
305.16	7.0
302.64	7.0
314.08	7.0
350.4	7.0
419.68	7.0
716.64	7.0
692.8	8.0
763.32	8.0
780.4	8.0
896.0	8.0
302.48	8.0
319.32	8.0
336.96	8.0
376.04	8.0
308.96	9.0
312.08	9.0
404.4	9.0
522.04	9.0
560.24	9.0
309.0	10.0
312.08	10.0
302.48	11.0
307.36	11.0
320.44	11.0
348.68	11.0
367.72	11.0
422.64	11.0
324.64	11.0
403.52	11.0
1057.64	11.0
1176.52	11.0
303.08	12.0
305.8	12.0
318.88	12.0
321.64	12.0
366.08	12.0
372.4	12.0
694.48	12.0
987.32	12.0
312.72	12.0
336.8	12.0
348.48	12.0
376.44	12.0
386.12	12.0
418.0	12.0
445.6	12.0
485.28	12.0
522.84	12.0
545.84	12.0
579.08	12.0
585.32	12.0
588.0	12.0
591.48	12.0
624.36	12.0
663.96	12.0
730.24	12.0
754.0	12.0
770.32	12.0
885.88	12.0
972.28	12.0
1151.96	12.0
302.84	13.0
314.52	13.0
324.0	13.0
336.32	13.0
345.88	13.0
361.56	13.0
373.52	13.0
384.08	13.0
397.96	13.0
419.72	13.0
436.72	13.0
453.08	13.0
473.44	13.0
497.16	13.0
516.12	13.0
535.28	13.0
555.88	13.0
581.76	13.0
627.08	13.0
688.76	13.0
741.08	13.0
302.84	14.0
373.76	14.0
389.24	14.0
405.44	14.0
304.6	15.0
350.52	15.0
374.2	15.0
401.0	15.0
367.52	16.0
591.44	16.0
843.2	16.0
1031.24	16.0
354.2	16.0
309.64	17.0
314.2	17.0
302.48	17.0
322.64	17.0
363.44	17.0
367.48	17.0
383.64	17.0
398.52	17.0
414.36	17.0
417.48	17.0
493.12	17.0
534.36	17.0
603.2	17.0
623.12	17.0
761.0	17.0
1031.68	17.0
302.48	18.0
383.44	18.0
566.84	18.0
726.68	18.0
309.0	19.0
311.76	19.0
314.64	19.0
350.88	19.0
308.96	20.0
312.0	20.0
314.76	20.0
318.36	20.0
321.04	20.0
326.36	20.0
332.68	20.0
336.36	20.0
342.08	20.0
347.04	20.0
352.64	20.0
357.28	20.0
364.28	20.0
369.6	20.0
375.6	20.0
380.64	20.0
387.28	20.0
393.04	20.0
398.44	20.0
402.68	20.0
410.48	20.0
417.16	20.0
430.36	20.0
435.4	20.0
458.24	20.0
470.24	20.0
491.36	20.0
505.52	20.0
513.0	20.0
521.64	20.0
529.32	20.0
536.08	20.0
559.2	20.0
583.48	20.0
591.64	20.0
607.2	20.0
618.32	20.0
644.84	20.0
669.56	20.0
687.76	20.0
708.32	20.0
718.32	20.0
738.72	20.0
750.16	20.0
757.0	20.0
763.12	20.0
784.84	20.0
801.76	20.0
842.32	20.0
881.92	20.0
895.96	20.0
928.92	20.0
942.72	20.0
969.92	20.0
1005.32	20.0
1057.12	20.0
1066.24	20.0
1078.76	20.0
1089.04	20.0
1098.4	20.0
1139.56	20.0
1166.52	20.0
1175.96	20.0
1195.28	20.0
302.48	21.0
331.2	21.0
444.76	21.0
302.8	22.0
370.72	22.0
336.4	23.0
418.6	23.0
908.56	23.0
568.08	23.0
313.32	24.0
