310.48	1.0
327.68	1.0
340.6	1.0
352.36	1.0
385.28	1.0
434.2	1.0
483.12	1.0
802.76	1.0
919.6	1.0
302.52	1.0
314.72	1.0
631.24	1.0
309.0	2.0
312.08	2.0
354.0	2.0
408.48	2.0
505.88	2.0
594.12	2.0
788.4	2.0
919.0	2.0
309.0	3.0
311.92	3.0
316.04	3.0
322.44	3.0
331.04	3.0
345.68	3.0
360.08	3.0
373.8	3.0
382.88	3.0
390.36	3.0
393.32	3.0
397.12	3.0
423.88	3.0
435.6	3.0
452.24	3.0
456.4	3.0
474.84	3.0
493.36	3.0
496.44	3.0
511.52	3.0
518.8	3.0
523.84	3.0
536.8	3.0
544.16	3.0
549.24	3.0
571.72	3.0
598.56	3.0
642.4	3.0
678.28	3.0
749.28	3.0
773.0	3.0
778.04	3.0
792.4	3.0
808.36	3.0
1061.68	3.0
315.68	5.0
395.4	5.0
473.36	5.0
539.24	5.0
563.88	5.0
331.16	5.0
356.96	5.0
428.92	5.0
448.44	5.0
466.52	5.0
517.0	5.0
547.84	5.0
643.12	5.0
302.84	6.0
314.68	6.0
321.4	6.0
324.24	6.0
329.8	6.0
346.88	6.0
355.2	6.0
369.92	6.0
383.88	6.0
402.16	6.0
408.64	6.0
424.48	6.0
463.52	6.0
470.84	6.0
481.4	6.0
495.08	6.0
505.12	6.0
514.92	6.0
533.44	6.0
548.16	6.0
553.52	6.0
573.36	6.0
612.0	6.0
629.24	6.0
647.32	6.0
674.36	6.0
701.76	6.0
710.56	6.0
773.48	6.0
846.08	6.0
303.12	7.0
305.64	7.0
314.24	7.0
422.24	7.0
493.12	7.0
515.24	7.0
548.52	7.0
629.64	7.0
470.36	8.0
643.56	8.0
302.68	8.0
325.44	8.0
351.92	8.0
356.28	8.0
368.6	8.0
308.96	9.0
311.88	9.0
590.6	9.0
309.0	10.0
311.92	10.0
302.48	11.0
308.0	11.0
311.24	11.0
550.04	11.0
803.64	11.0
395.24	11.0
330.68	12.0
303.0	12.0
313.44	12.0
321.28	12.0
327.64	12.0
349.64	12.0
356.96	12.0
364.28	12.0
367.36	12.0
390.68	12.0
393.52	12.0
405.4	12.0
426.04	12.0
443.56	12.0
468.88	12.0
472.28	12.0
484.96	12.0
525.96	12.0
571.8	12.0
574.84	12.0
589.88	12.0
620.16	12.0
663.4	12.0
700.28	12.0
742.88	12.0
787.04	12.0
810.6	12.0
822.4	12.0
302.88	13.0
314.32	13.0
324.4	13.0
338.92	13.0
358.16	13.0
376.16	13.0
395.16	13.0
411.6	13.0
430.8	13.0
448.0	13.0
455.08	13.0
476.88	13.0
495.0	13.0
515.6	13.0
543.6	13.0
572.32	13.0
598.2	13.0
626.16	13.0
647.68	13.0
703.4	13.0
752.64	13.0
825.96	13.0
302.6	14.0
357.0	14.0
314.32	15.0
422.32	15.0
359.32	16.0
499.68	16.0
641.04	16.0
322.12	16.0
355.08	17.0
302.48	17.0
343.28	17.0
374.68	17.0
389.4	17.0
491.4	17.0
693.04	17.0
795.2	17.0
836.68	17.0
302.48	18.0
309.0	19.0
312.08	19.0
330.84	19.0
491.48	19.0
791.64	19.0
539.24	20.0
309.0	20.0
311.6	20.0
314.12	20.0
319.96	20.0
325.44	20.0
329.48	20.0
334.16	20.0
342.96	20.0
346.48	20.0
355.8	20.0
374.16	20.0
378.92	20.0
383.92	20.0
394.68	20.0
406.24	20.0
416.84	20.0
425.6	20.0
432.32	20.0
447.88	20.0
453.76	20.0
460.16	20.0
464.2	20.0
483.6	20.0
491.56	20.0
513.04	20.0
530.92	20.0
543.0	20.0
550.24	20.0
560.76	20.0
580.76	20.0
596.56	20.0
604.56	20.0
611.2	20.0
623.84	20.0
630.36	20.0
641.8	20.0
649.04	20.0
682.48	20.0
710.04	20.0
744.36	20.0
774.32	20.0
791.76	20.0
822.32	20.0
830.8	20.0
888.32	20.0
901.04	20.0
970.28	20.0
981.68	20.0
302.48	21.0
302.8	22.0
303.8	23.0
473.36	23.0
644.48	23.0
900.52	23.0
633.28	23.0
310.04	24.0
474.6	24.0
