308.96	1.0
311.64	1.0
326.8	1.0
338.76	1.0
396.48	1.0
437.56	1.0
441.2	1.0
480.2	1.0
559.0	1.0
676.28	1.0
1062.88	1.0
317.04	1.0
335.56	1.0
344.2	1.0
350.84	1.0
356.84	1.0
371.08	1.0
377.16	1.0
392.88	1.0
418.96	1.0
445.72	1.0
448.28	1.0
606.6	1.0
770.8	1.0
907.0	1.0
309.0	2.0
311.92	2.0
314.8	2.0
326.96	2.0
343.72	2.0
393.12	2.0
413.12	2.0
485.84	2.0
302.48	3.0
306.08	3.0
311.72	3.0
316.6	3.0
321.04	3.0
324.56	3.0
331.72	3.0
339.56	3.0
344.56	3.0
350.28	3.0
358.8	3.0
365.6	3.0
373.68	3.0
378.16	3.0
381.8	3.0
391.0	3.0
401.88	3.0
405.72	3.0
411.16	3.0
420.64	3.0
423.24	3.0
434.96	3.0
445.84	3.0
473.72	3.0
484.88	3.0
531.92	3.0
543.96	3.0
576.76	3.0
632.32	3.0
646.56	3.0
661.76	3.0
682.16	3.0
718.68	3.0
748.28	3.0
771.12	3.0
796.28	3.0
801.16	3.0
853.12	3.0
865.12	3.0
869.04	3.0
885.08	3.0
901.48	3.0
926.36	3.0
932.88	3.0
959.96	3.0
1012.72	3.0
1027.8	3.0
1068.32	3.0
1096.52	3.0
1139.76	3.0
1193.0	3.0
1066.92	5.0
305.88	5.0
315.08	5.0
322.76	5.0
329.8	5.0
336.8	5.0
352.68	5.0
363.88	5.0
375.08	5.0
392.0	5.0
413.24	5.0
465.8	5.0
480.76	5.0
502.68	5.0
513.0	5.0
540.8	5.0
544.04	5.0
560.64	5.0
604.88	5.0
762.76	5.0
812.36	5.0
880.64	5.0
905.2	5.0
1002.36	5.0
303.2	6.0
310.12	6.0
315.32	6.0
319.12	6.0
324.0	6.0
328.68	6.0
334.44	6.0
341.24	6.0
347.28	6.0
352.12	6.0
357.56	6.0
361.92	6.0
375.24	6.0
455.72	6.0
468.72	6.0
477.04	6.0
493.56	6.0
517.2	6.0
543.24	6.0
569.48	6.0
603.52	6.0
624.44	6.0
631.48	6.0
650.8	6.0
668.28	6.0
679.92	6.0
701.84	6.0
735.12	6.0
753.36	6.0
814.44	6.0
1013.08	6.0
1030.68	6.0
1066.16	6.0
1087.44	6.0
1171.24	6.0
305.08	7.0
317.32	7.0
331.08	7.0
334.88	7.0
341.56	7.0
346.84	7.0
361.12	7.0
374.92	7.0
391.48	7.0
406.48	7.0
423.08	7.0
433.0	7.0
455.48	7.0
480.28	7.0
524.72	7.0
765.56	7.0
1171.6	7.0
309.0	8.0
311.8	8.0
314.32	8.0
334.76	8.0
355.52	8.0
399.56	8.0
408.08	8.0
457.32	8.0
468.76	8.0
586.44	8.0
1066.4	8.0
309.0	9.0
312.12	9.0
320.68	9.0
326.04	9.0
340.48	9.0
376.64	9.0
1066.32	9.0
302.48	10.0
442.96	10.0
303.0	11.0
306.08	11.0
316.72	11.0
346.64	11.0
331.08	11.0
358.36	11.0
374.6	11.0
390.28	11.0
421.0	11.0
596.48	11.0
314.12	12.0
880.56	12.0
305.48	12.0
317.52	12.0
321.24	12.0
326.84	12.0
335.92	12.0
342.64	12.0
349.24	12.0
356.12	12.0
360.76	12.0
380.72	12.0
422.08	12.0
426.44	12.0
439.84	12.0
454.2	12.0
479.32	12.0
500.44	12.0
529.88	12.0
572.52	12.0
595.36	12.0
640.52	12.0
906.4	12.0
918.68	12.0
930.36	12.0
956.48	12.0
980.36	12.0
1030.4	12.0
1176.64	12.0
1211.16	12.0
302.44	13.0
310.24	13.0
315.64	13.0
323.76	13.0
330.96	13.0
340.56	13.0
349.12	13.0
360.32	13.0
367.72	13.0
374.72	13.0
390.52	13.0
398.24	13.0
409.44	13.0
416.48	13.0
423.92	13.0
437.16	13.0
444.76	13.0
447.48	13.0
457.36	13.0
468.92	13.0
474.76	13.0
482.48	13.0
494.88	13.0
511.92	13.0
534.48	13.0
543.64	13.0
549.76	13.0
566.04	13.0
581.88	13.0
602.32	13.0
623.56	13.0
641.8	13.0
653.12	13.0
674.44	13.0
708.64	13.0
730.8	13.0
752.72	13.0
777.44	13.0
806.04	13.0
853.48	13.0
901.24	13.0
927.64	13.0
975.6	13.0
1013.56	13.0
349.08	14.0
473.56	14.0
880.64	14.0
305.2	15.0
524.8	15.0
360.96	15.0
353.8	16.0
379.44	16.0
423.36	16.0
484.6	16.0
303.4	17.0
306.84	17.0
334.6	17.0
351.0	17.0
366.44	17.0
376.0	17.0
380.28	17.0
385.08	17.0
407.04	17.0
491.56	17.0
515.84	17.0
559.2	17.0
605.4	17.0
680.08	17.0
890.92	17.0
308.96	18.0
312.0	18.0
398.32	18.0
321.8	18.0
417.84	18.0
439.24	18.0
507.32	18.0
515.6	18.0
609.88	18.0
308.96	19.0
311.8	19.0
330.04	19.0
373.64	19.0
379.8	19.0
388.52	19.0
472.4	19.0
483.68	19.0
1066.24	19.0
392.68	20.0
1067.12	20.0
302.44	20.0
306.12	20.0
313.12	20.0
317.52	20.0
322.32	20.0
326.64	20.0
330.16	20.0
334.84	20.0
337.36	20.0
340.96	20.0
345.6	20.0
350.12	20.0
356.32	20.0
361.68	20.0
366.44	20.0
370.56	20.0
379.92	20.0
388.6	20.0
399.52	20.0
405.12	20.0
412.6	20.0
416.96	20.0
432.96	20.0
438.76	20.0
451.0	20.0
456.92	20.0
472.48	20.0
478.28	20.0
490.4	20.0
501.2	20.0
506.6	20.0
515.36	20.0
542.72	20.0
551.64	20.0
578.48	20.0
597.0	20.0
605.88	20.0
652.36	20.0
676.08	20.0
702.56	20.0
730.08	20.0
751.76	20.0
774.8	20.0
815.28	20.0
826.4	20.0
843.24	20.0
860.2	20.0
880.68	20.0
899.2	20.0
958.56	20.0
972.04	20.0
981.96	20.0
994.88	20.0
1015.8	20.0
1024.44	20.0
1088.36	20.0
1114.64	20.0
1152.12	20.0
1168.0	20.0
1202.96	20.0
1216.96	20.0
302.48	21.0
302.84	22.0
348.16	22.0
391.84	22.0
419.44	22.0
303.36	23.0
330.16	23.0
375.4	23.0
385.96	23.0
396.4	23.0
314.28	23.0
643.84	23.0
656.56	23.0
312.2	24.0
376.08	24.0
