308.92	1.0
311.8	1.0
315.52	1.0
338.28	1.0
330.4	1.0
343.2	1.0
345.76	1.0
355.28	1.0
360.4	1.0
365.04	1.0
378.04	1.0
386.44	1.0
396.92	1.0
413.04	1.0
421.84	1.0
433.84	1.0
455.08	1.0
463.24	1.0
494.4	1.0
908.52	1.0
309.0	2.0
311.72	2.0
315.28	2.0
332.44	2.0
349.04	2.0
369.12	2.0
381.0	2.0
396.72	2.0
407.68	2.0
420.08	2.0
442.92	2.0
468.12	2.0
519.88	2.0
554.88	2.0
1272.32	2.0
1290.56	2.0
307.84	3.0
464.92	3.0
302.48	3.0
315.6	3.0
323.52	3.0
327.72	3.0
334.48	3.0
340.64	3.0
346.84	3.0
355.32	3.0
362.6	3.0
365.12	3.0
386.64	3.0
411.04	3.0
471.56	3.0
488.44	3.0
703.52	3.0
714.4	3.0
734.48	3.0
747.84	3.0
752.96	3.0
766.76	3.0
832.08	3.0
849.72	3.0
878.2	3.0
896.8	3.0
920.76	3.0
965.72	3.0
989.44	3.0
1025.12	3.0
1048.2	3.0
1071.96	3.0
1174.0	3.0
1201.04	3.0
1221.36	3.0
1261.8	3.0
1279.44	3.0
1298.48	3.0
1301.24	3.0
1373.08	3.0
1376.0	3.0
308.08	4.0
351.96	5.0
444.48	5.0
655.32	5.0
317.6	5.0
328.36	5.0
342.52	5.0
355.32	5.0
367.6	5.0
374.72	5.0
379.64	5.0
392.04	5.0
454.84	5.0
471.04	5.0
628.96	5.0
700.24	5.0
719.28	5.0
755.04	5.0
772.32	5.0
783.56	5.0
810.8	5.0
863.0	5.0
930.76	5.0
969.76	5.0
1007.56	5.0
1159.52	5.0
1234.48	5.0
302.84	6.0
310.32	6.0
315.48	6.0
318.92	6.0
323.88	6.0
332.96	6.0
339.6	6.0
343.52	6.0
380.6	6.0
412.44	6.0
479.44	6.0
494.76	6.0
501.24	6.0
558.92	6.0
574.6	6.0
580.84	6.0
604.96	6.0
618.2	6.0
643.68	6.0
661.6	6.0
673.0	6.0
692.52	6.0
739.84	6.0
767.92	6.0
793.24	6.0
801.08	6.0
846.6	6.0
855.24	6.0
913.04	6.0
969.12	6.0
1013.4	6.0
1038.08	6.0
1059.56	6.0
1111.76	6.0
1130.72	6.0
1196.0	6.0
1369.16	6.0
304.84	7.0
316.96	7.0
326.56	7.0
337.92	7.0
346.52	7.0
350.04	7.0
372.96	7.0
375.72	7.0
397.68	7.0
408.28	7.0
420.88	7.0
446.12	7.0
459.44	7.0
492.68	7.0
495.28	7.0
509.96	7.0
532.8	7.0
556.24	7.0
595.56	7.0
986.72	7.0
1293.68	7.0
308.96	8.0
312.48	8.0
315.48	8.0
337.8	8.0
356.28	8.0
1376.68	8.0
325.56	8.0
345.56	8.0
361.12	8.0
723.0	8.0
308.96	9.0
311.72	9.0
316.28	9.0
337.56	9.0
361.2	9.0
386.96	9.0
411.04	9.0
460.6	9.0
494.12	9.0
501.8	9.0
302.48	10.0
362.96	10.0
306.64	11.0
327.64	11.0
330.48	11.0
343.28	11.0
377.48	11.0
314.32	11.0
338.08	11.0
435.64	11.0
1102.16	11.0
327.04	12.0
374.52	12.0
413.96	12.0
679.16	12.0
950.36	12.0
1079.24	12.0
304.52	12.0
314.68	12.0
318.16	12.0
338.8	12.0
347.24	12.0
349.88	12.0
383.84	12.0
398.04	12.0
409.24	12.0
422.76	12.0
437.32	12.0
454.84	12.0
461.48	12.0
477.12	12.0
487.28	12.0
499.0	12.0
511.0	12.0
615.76	12.0
792.64	12.0
912.92	12.0
1006.88	12.0
1102.36	12.0
1191.04	12.0
1209.32	12.0
1310.8	12.0
302.44	13.0
310.24	13.0
314.2	13.0
320.68	13.0
327.0	13.0
338.72	13.0
345.12	13.0
350.92	13.0
362.28	13.0
372.64	13.0
379.92	13.0
389.84	13.0
398.12	13.0
407.96	13.0
423.12	13.0
431.08	13.0
438.08	13.0
445.56	13.0
460.72	13.0
471.16	13.0
486.4	13.0
495.96	13.0
514.68	13.0
528.2	13.0
539.32	13.0
558.04	13.0
572.16	13.0
581.8	13.0
593.52	13.0
605.64	13.0
618.88	13.0
631.04	13.0
643.96	13.0
661.16	13.0
672.88	13.0
690.36	13.0
726.8	13.0
744.56	13.0
759.68	13.0
770.16	13.0
791.08	13.0
806.48	13.0
829.08	13.0
847.56	13.0
877.08	13.0
902.16	13.0
923.96	13.0
950.52	13.0
1015.16	13.0
1041.56	13.0
1065.72	13.0
1107.32	13.0
1140.96	13.0
1178.8	13.0
1244.04	13.0
1288.6	13.0
1349.64	13.0
346.8	14.0
374.72	14.0
409.96	14.0
436.12	14.0
408.36	15.0
363.68	15.0
345.64	16.0
366.56	16.0
393.2	16.0
410.2	16.0
315.68	17.0
303.4	17.0
311.28	17.0
326.0	17.0
345.24	17.0
362.8	17.0
372.52	17.0
398.12	17.0
406.4	17.0
479.16	17.0
582.48	17.0
599.72	17.0
762.88	17.0
309.0	18.0
312.08	18.0
498.44	18.0
373.08	18.0
384.8	18.0
388.8	18.0
422.64	18.0
451.16	18.0
762.68	18.0
309.0	19.0
312.04	19.0
329.6	19.0
372.76	19.0
460.64	19.0
732.48	19.0
318.16	20.0
350.8	20.0
309.0	20.0
314.52	20.0
321.84	20.0
325.64	20.0
329.72	20.0
334.2	20.0
348.0	20.0
355.52	20.0
360.2	20.0
365.28	20.0
371.24	20.0
377.44	20.0
384.64	20.0
389.6	20.0
394.2	20.0
398.6	20.0
408.8	20.0
433.12	20.0
461.44	20.0
471.12	20.0
538.6	20.0
544.68	20.0
580.36	20.0
586.04	20.0
629.68	20.0
637.04	20.0
646.0	20.0
661.48	20.0
673.48	20.0
690.16	20.0
700.72	20.0
711.96	20.0
719.52	20.0
768.16	20.0
821.84	20.0
855.76	20.0
880.12	20.0
897.64	20.0
913.36	20.0
943.4	20.0
971.0	20.0
998.52	20.0
1009.64	20.0
1058.88	20.0
1101.68	20.0
1108.96	20.0
1136.68	20.0
1194.12	20.0
1275.0	20.0
1279.48	20.0
1305.72	20.0
1325.04	20.0
1355.72	20.0
1368.12	20.0
1379.4	20.0
1390.08	20.0
302.48	21.0
390.32	22.0
414.16	22.0
443.48	22.0
352.48	22.0
303.32	23.0
351.88	23.0
366.08	23.0
421.4	23.0
318.04	23.0
347.2	23.0
394.48	23.0
306.4	24.0
378.68	24.0
