308.96	1.0
312.56	1.0
333.16	1.0
339.24	1.0
673.72	1.0
323.12	1.0
325.68	1.0
329.12	1.0
345.4	1.0
354.8	1.0
364.52	1.0
369.56	1.0
379.52	1.0
395.04	1.0
409.96	1.0
414.64	1.0
424.36	1.0
430.68	1.0
442.24	1.0
465.52	1.0
514.08	1.0
616.12	1.0
657.44	1.0
309.0	2.0
311.96	2.0
315.64	2.0
327.64	2.0
340.4	2.0
349.32	2.0
365.68	2.0
379.72	2.0
394.52	2.0
406.4	2.0
409.84	2.0
425.16	2.0
427.88	2.0
461.88	2.0
508.4	2.0
557.36	2.0
302.48	3.0
312.48	3.0
319.2	3.0
327.0	3.0
331.56	3.0
334.08	3.0
351.76	3.0
382.36	3.0
395.72	3.0
474.24	3.0
548.04	3.0
567.8	3.0
576.68	3.0
609.72	3.0
624.64	3.0
638.48	3.0
690.16	3.0
702.0	3.0
704.52	3.0
730.52	3.0
765.76	3.0
796.4	3.0
826.0	3.0
840.6	3.0
861.48	3.0
884.4	3.0
930.16	3.0
954.08	3.0
982.32	3.0
990.72	3.0
1014.92	3.0
1061.68	3.0
1097.52	3.0
1163.44	3.0
1221.68	3.0
1227.96	3.0
1259.24	3.0
1279.36	3.0
1282.4	3.0
1307.44	3.0
1312.96	3.0
1373.24	3.0
313.48	5.0
325.96	5.0
337.04	5.0
348.64	5.0
361.88	5.0
370.64	5.0
379.84	5.0
389.52	5.0
405.8	5.0
416.84	5.0
443.72	5.0
447.72	5.0
468.28	5.0
511.04	5.0
726.48	5.0
745.56	5.0
800.08	5.0
854.44	5.0
892.88	5.0
983.84	5.0
993.72	5.0
1028.6	5.0
1062.64	5.0
1109.0	5.0
1189.04	5.0
1201.52	5.0
1317.44	5.0
303.16	6.0
313.64	6.0
328.28	6.0
333.4	6.0
347.08	6.0
350.88	6.0
397.36	6.0
474.56	6.0
482.24	6.0
501.6	6.0
511.2	6.0
524.88	6.0
555.0	6.0
564.2	6.0
581.2	6.0
622.4	6.0
628.8	6.0
646.24	6.0
675.56	6.0
703.08	6.0
714.76	6.0
732.12	6.0
770.6	6.0
778.6	6.0
826.52	6.0
849.76	6.0
874.44	6.0
908.28	6.0
923.28	6.0
1016.92	6.0
1053.84	6.0
1098.96	6.0
1156.08	6.0
1170.56	6.0
1206.68	6.0
1268.6	6.0
1308.56	6.0
1338.2	6.0
352.32	7.0
304.8	7.0
313.64	7.0
327.44	7.0
339.04	7.0
361.0	7.0
377.96	7.0
402.28	7.0
411.8	7.0
452.6	7.0
512.64	7.0
561.8	7.0
675.92	7.0
980.04	7.0
308.92	8.0
311.8	8.0
1021.48	8.0
330.56	8.0
378.88	8.0
308.96	9.0
312.32	9.0
328.88	9.0
351.2	9.0
365.84	9.0
397.04	9.0
457.48	9.0
475.16	9.0
302.48	10.0
303.52	11.0
340.4	11.0
345.0	11.0
370.08	11.0
398.2	11.0
350.28	11.0
432.64	11.0
492.16	11.0
846.76	11.0
1054.4	11.0
303.04	12.0
339.88	12.0
379.0	12.0
481.6	12.0
491.8	12.0
305.56	12.0
315.32	12.0
318.88	12.0
331.88	12.0
351.4	12.0
364.12	12.0
390.76	12.0
417.44	12.0
424.8	12.0
428.92	12.0
433.0	12.0
446.96	12.0
520.88	12.0
525.04	12.0
591.96	12.0
634.48	12.0
671.0	12.0
765.6	12.0
776.08	12.0
810.32	12.0
829.24	12.0
845.56	12.0
891.64	12.0
948.96	12.0
1054.32	12.0
1108.4	12.0
1118.52	12.0
1145.84	12.0
1211.92	12.0
1216.76	12.0
1252.76	12.0
1302.84	12.0
1329.04	12.0
1385.4	12.0
382.16	13.0
302.44	13.0
310.32	13.0
313.96	13.0
326.56	13.0
331.04	13.0
347.48	13.0
351.2	13.0
359.84	13.0
372.8	13.0
378.72	13.0
389.28	13.0
399.76	13.0
407.24	13.0
413.24	13.0
418.0	13.0
426.48	13.0
448.64	13.0
468.56	13.0
478.8	13.0
486.96	13.0
508.72	13.0
518.52	13.0
526.92	13.0
544.36	13.0
560.8	13.0
571.6	13.0
582.36	13.0
593.2	13.0
652.2	13.0
667.28	13.0
699.88	13.0
716.76	13.0
731.6	13.0
748.76	13.0
769.76	13.0
795.68	13.0
825.04	13.0
853.36	13.0
874.16	13.0
907.64	13.0
928.92	13.0
970.56	13.0
1008.6	13.0
1060.04	13.0
1107.6	13.0
1143.88	13.0
1245.28	13.0
1323.12	13.0
1368.6	13.0
351.28	14.0
306.68	14.0
329.92	14.0
366.04	14.0
432.28	14.0
529.6	14.0
304.92	15.0
313.76	15.0
327.6	15.0
331.52	16.0
351.28	16.0
374.2	16.0
400.4	16.0
540.32	16.0
582.16	16.0
319.52	17.0
378.88	17.0
303.36	17.0
313.52	17.0
327.32	17.0
337.96	17.0
357.96	17.0
376.32	17.0
394.92	17.0
404.48	17.0
467.04	17.0
603.84	17.0
620.12	17.0
759.96	17.0
845.6	17.0
922.8	17.0
308.96	18.0
311.88	18.0
351.92	18.0
406.44	18.0
413.92	18.0
435.48	18.0
492.24	18.0
775.44	18.0
1039.8	18.0
1101.88	18.0
1301.56	18.0
309.0	19.0
312.0	19.0
376.24	19.0
406.12	19.0
430.24	19.0
492.68	19.0
893.56	20.0
303.56	20.0
308.52	20.0
312.16	20.0
318.12	20.0
328.96	20.0
338.88	20.0
341.76	20.0
349.72	20.0
361.64	20.0
367.28	20.0
374.24	20.0
378.44	20.0
382.84	20.0
390.24	20.0
397.32	20.0
401.96	20.0
406.2	20.0
410.24	20.0
417.12	20.0
421.2	20.0
426.12	20.0
429.92	20.0
440.96	20.0
445.92	20.0
455.56	20.0
474.32	20.0
481.72	20.0
493.24	20.0
500.64	20.0
525.28	20.0
541.6	20.0
575.0	20.0
592.72	20.0
607.2	20.0
615.44	20.0
623.52	20.0
628.16	20.0
649.4	20.0
658.6	20.0
669.08	20.0
715.28	20.0
724.84	20.0
730.44	20.0
753.12	20.0
779.08	20.0
823.04	20.0
836.08	20.0
874.56	20.0
918.92	20.0
935.72	20.0
962.92	20.0
986.4	20.0
1063.56	20.0
1101.92	20.0
1126.36	20.0
1143.0	20.0
1154.92	20.0
1168.04	20.0
1180.64	20.0
1199.64	20.0
1220.16	20.0
1231.32	20.0
1266.6	20.0
1301.32	20.0
1306.96	20.0
1320.04	20.0
1338.28	20.0
1354.16	20.0
1391.04	20.0
320.0	21.0
302.44	21.0
431.4	21.0
455.12	21.0
392.92	22.0
407.08	22.0
349.36	22.0
426.52	22.0
329.88	23.0
485.24	23.0
303.6	23.0
317.72	23.0
351.12	23.0
364.36	23.0
369.64	23.0
379.08	23.0
397.6	23.0
428.28	23.0
307.12	24.0
335.44	24.0
