308.96	1.0
312.0	1.0
322.52	1.0
335.6	1.0
424.64	1.0
316.4	1.0
328.76	1.0
331.44	1.0
347.72	1.0
360.28	1.0
363.36	1.0
372.92	1.0
378.48	1.0
381.2	1.0
394.84	1.0
399.08	1.0
407.88	1.0
418.84	1.0
432.52	1.0
440.52	1.0
508.92	1.0
571.92	1.0
804.48	1.0
308.96	2.0
311.68	2.0
321.52	2.0
335.32	2.0
351.92	2.0
362.44	2.0
374.44	2.0
388.16	2.0
408.72	2.0
425.36	2.0
441.32	2.0
466.84	2.0
493.2	2.0
534.36	2.0
581.72	2.0
1172.84	2.0
302.48	3.0
315.52	3.0
325.52	3.0
331.2	3.0
343.28	3.0
347.04	3.0
350.88	3.0
358.56	3.0
365.8	3.0
368.44	3.0
374.56	3.0
425.0	3.0
451.84	3.0
557.52	3.0
568.0	3.0
578.76	3.0
589.24	3.0
602.0	3.0
630.32	3.0
650.84	3.0
671.92	3.0
685.36	3.0
705.44	3.0
720.76	3.0
732.0	3.0
745.28	3.0
767.56	3.0
781.08	3.0
805.16	3.0
808.04	3.0
827.64	3.0
862.84	3.0
894.12	3.0
911.88	3.0
920.96	3.0
936.08	3.0
948.88	3.0
994.32	3.0
1018.96	3.0
1028.76	3.0
1040.72	3.0
1057.48	3.0
1097.0	3.0
1140.36	3.0
1227.4	3.0
1249.24	3.0
1284.4	3.0
1298.48	3.0
1334.32	3.0
1352.16	3.0
1383.8	3.0
326.4	4.0
324.24	5.0
332.32	5.0
338.76	5.0
349.8	5.0
369.92	5.0
374.52	5.0
379.48	5.0
416.28	5.0
440.76	5.0
492.76	5.0
597.28	5.0
651.64	5.0
681.68	5.0
760.56	5.0
781.72	5.0
866.52	5.0
919.92	5.0
990.16	5.0
1017.56	5.0
1109.24	5.0
1228.08	5.0
1345.44	5.0
303.12	6.0
310.44	6.0
315.44	6.0
321.6	6.0
328.96	6.0
334.08	6.0
449.36	6.0
469.96	6.0
477.32	6.0
483.48	6.0
496.12	6.0
507.2	6.0
513.76	6.0
522.52	6.0
542.24	6.0
556.8	6.0
569.12	6.0
612.2	6.0
642.52	6.0
719.2	6.0
742.12	6.0
775.64	6.0
808.24	6.0
885.16	6.0
891.16	6.0
1002.64	6.0
1042.28	6.0
1165.12	6.0
1256.0	6.0
1302.32	6.0
1323.52	6.0
304.88	7.0
315.16	7.0
333.68	7.0
338.32	7.0
345.68	7.0
358.44	7.0
371.44	7.0
386.32	7.0
401.84	7.0
447.44	7.0
475.88	7.0
538.6	7.0
570.12	7.0
716.52	7.0
886.08	7.0
891.48	7.0
1140.76	7.0
1273.76	7.0
308.96	8.0
311.68	8.0
520.0	8.0
688.76	8.0
708.6	8.0
317.0	8.0
327.84	8.0
348.8	8.0
308.96	9.0
312.12	9.0
321.44	9.0
331.6	9.0
354.08	9.0
370.96	9.0
383.64	9.0
391.44	9.0
410.52	9.0
302.48	10.0
391.24	10.0
303.84	11.0
314.76	11.0
322.6	11.0
345.44	11.0
363.04	11.0
326.88	11.0
378.48	11.0
439.92	11.0
320.48	12.0
331.96	12.0
519.04	12.0
304.12	12.0
340.28	12.0
348.64	12.0
356.04	12.0
361.88	12.0
370.08	12.0
373.84	12.0
378.68	12.0
407.32	12.0
429.0	12.0
475.68	12.0
536.64	12.0
543.64	12.0
645.12	12.0
698.88	12.0
746.36	12.0
762.72	12.0
823.4	12.0
882.28	12.0
915.48	12.0
1011.4	12.0
1067.88	12.0
1099.96	12.0
1117.88	12.0
1144.24	12.0
1153.12	12.0
1218.4	12.0
1239.0	12.0
1312.64	12.0
1326.92	12.0
1336.92	12.0
1387.8	12.0
324.04	13.0
302.44	13.0
310.12	13.0
321.04	13.0
331.8	13.0
338.24	13.0
346.4	13.0
350.2	13.0
358.04	13.0
370.28	13.0
376.52	13.0
385.96	13.0
392.0	13.0
404.16	13.0
410.76	13.0
420.56	13.0
428.44	13.0
441.84	13.0
444.52	13.0
451.2	13.0
459.84	13.0
470.72	13.0
479.48	13.0
496.6	13.0
508.28	13.0
520.24	13.0
537.48	13.0
552.96	13.0
565.76	13.0
578.96	13.0
593.96	13.0
598.08	13.0
612.16	13.0
633.28	13.0
647.08	13.0
659.76	13.0
685.32	13.0
692.76	13.0
699.48	13.0
708.2	13.0
727.52	13.0
765.64	13.0
786.92	13.0
810.52	13.0
841.36	13.0
843.96	13.0
874.28	13.0
922.68	13.0
966.48	13.0
1004.56	13.0
1047.32	13.0
1092.0	13.0
1326.12	13.0
348.92	14.0
302.96	14.0
357.84	14.0
475.88	14.0
903.52	14.0
979.0	14.0
1317.72	14.0
305.0	15.0
386.44	15.0
333.12	15.0
337.52	16.0
370.24	16.0
388.92	16.0
411.88	16.0
543.16	16.0
586.72	16.0
353.92	17.0
525.04	17.0
600.2	17.0
303.44	17.0
311.84	17.0
319.36	17.0
327.4	17.0
335.52	17.0
347.04	17.0
360.64	17.0
378.44	17.0
385.84	17.0
463.6	17.0
492.88	17.0
509.04	17.0
683.24	17.0
1217.88	17.0
308.96	18.0
311.84	18.0
319.68	18.0
336.24	18.0
414.04	18.0
447.28	18.0
454.72	18.0
737.16	18.0
391.2	19.0
308.96	19.0
311.92	19.0
355.6	19.0
361.88	19.0
462.56	19.0
1164.96	19.0
1287.04	19.0
388.8	20.0
302.44	20.0
308.0	20.0
315.76	20.0
319.16	20.0
322.36	20.0
330.64	20.0
334.44	20.0
338.04	20.0
341.92	20.0
346.32	20.0
351.96	20.0
355.56	20.0
362.0	20.0
369.68	20.0
373.0	20.0
383.32	20.0
391.88	20.0
395.4	20.0
404.96	20.0
444.2	20.0
481.96	20.0
496.08	20.0
509.16	20.0
522.44	20.0
544.52	20.0
552.92	20.0
560.16	20.0
569.68	20.0
574.16	20.0
580.84	20.0
600.92	20.0
611.4	20.0
622.28	20.0
630.12	20.0
642.6	20.0
711.16	20.0
720.56	20.0
733.28	20.0
781.72	20.0
839.92	20.0
850.16	20.0
874.96	20.0
887.76	20.0
917.16	20.0
922.96	20.0
947.96	20.0
963.64	20.0
992.12	20.0
1031.04	20.0
1041.08	20.0
1072.8	20.0
1096.52	20.0
1137.52	20.0
1145.8	20.0
1175.76	20.0
1197.4	20.0
1211.0	20.0
1253.76	20.0
1269.2	20.0
1281.76	20.0
1293.72	20.0
1319.32	20.0
1330.8	20.0
1346.72	20.0
1372.16	20.0
1380.44	20.0
373.88	21.0
302.48	21.0
303.2	22.0
378.72	22.0
395.64	22.0
433.0	22.0
449.24	22.0
361.96	22.0
303.32	23.0
324.8	23.0
359.44	23.0
376.48	23.0
311.32	23.0
881.84	23.0
305.28	24.0
321.08	24.0
340.84	24.0
1012.12	24.0
