308.96	1.0
311.84	1.0
335.56	1.0
357.24	1.0
430.76	1.0
319.32	1.0
463.4	1.0
1175.84	1.0
309.0	2.0
312.28	2.0
316.28	2.0
398.52	2.0
682.2	2.0
726.32	2.0
832.88	2.0
958.2	2.0
1082.92	2.0
1171.96	2.0
302.52	3.0
314.0	3.0
319.08	3.0
332.36	3.0
339.68	3.0
350.72	3.0
357.92	3.0
361.92	3.0
379.88	3.0
391.72	3.0
400.6	3.0
406.52	3.0
417.4	3.0
432.16	3.0
447.68	3.0
462.48	3.0
474.88	3.0
503.0	3.0
518.28	3.0
534.64	3.0
553.04	3.0
577.36	3.0
600.08	3.0
613.4	3.0
626.16	3.0
646.88	3.0
663.4	3.0
712.28	3.0
757.88	3.0
791.0	3.0
828.0	3.0
937.72	3.0
1071.56	3.0
465.36	5.0
302.76	5.0
305.92	5.0
331.96	5.0
339.32	5.0
376.8	5.0
397.56	5.0
422.2	5.0
457.52	5.0
494.72	5.0
670.68	5.0
457.52	6.0
303.32	6.0
314.08	6.0
318.56	6.0
322.6	6.0
331.52	6.0
342.08	6.0
347.36	6.0
354.36	6.0
364.08	6.0
377.76	6.0
399.2	6.0
404.76	6.0
417.4	6.0
424.96	6.0
430.84	6.0
445.28	6.0
478.2	6.0
527.72	6.0
549.8	6.0
602.2	6.0
641.44	6.0
695.12	6.0
822.52	6.0
956.68	6.0
998.08	6.0
1140.76	6.0
1145.8	6.0
306.96	7.0
359.08	7.0
303.64	7.0
318.64	7.0
364.4	7.0
376.44	7.0
522.92	7.0
528.08	7.0
649.92	7.0
695.44	7.0
308.92	8.0
311.56	8.0
336.44	8.0
1138.6	8.0
314.08	8.0
309.0	9.0
311.64	9.0
596.52	9.0
924.72	9.0
302.48	10.0
305.28	11.0
315.76	11.0
376.4	11.0
384.68	11.0
459.64	11.0
527.16	11.0
315.2	12.0
332.32	12.0
304.84	12.0
343.52	12.0
349.4	12.0
359.48	12.0
366.44	12.0
400.68	12.0
412.72	12.0
451.4	12.0
459.48	12.0
463.72	12.0
479.32	12.0
583.12	12.0
682.64	12.0
693.68	12.0
708.88	12.0
788.16	12.0
945.4	12.0
1002.76	12.0
1088.64	12.0
1193.32	12.0
302.52	13.0
306.04	13.0
310.24	13.0
322.04	13.0
332.92	13.0
356.6	13.0
375.48	13.0
393.6	13.0
417.84	13.0
442.52	13.0
458.68	13.0
481.84	13.0
500.48	13.0
524.16	13.0
548.64	13.0
577.16	13.0
603.28	13.0
629.24	13.0
649.8	13.0
655.96	13.0
691.68	13.0
1010.6	13.0
303.2	14.0
346.84	14.0
359.04	14.0
377.36	14.0
524.84	14.0
820.6	14.0
997.4	14.0
306.04	15.0
318.68	15.0
376.52	15.0
384.6	16.0
527.08	16.0
1043.16	16.0
421.16	17.0
738.96	17.0
303.52	17.0
337.2	17.0
392.92	17.0
525.36	17.0
660.36	17.0
1078.36	17.0
1227.76	17.0
308.92	18.0
311.72	18.0
452.72	18.0
309.0	19.0
312.04	19.0
322.04	19.0
358.72	19.0
439.96	19.0
501.48	20.0
302.48	20.0
315.96	20.0
320.08	20.0
327.28	20.0
332.32	20.0
337.36	20.0
340.08	20.0
348.96	20.0
354.24	20.0
363.48	20.0
369.08	20.0
376.44	20.0
381.8	20.0
387.92	20.0
396.96	20.0
401.56	20.0
409.88	20.0
415.76	20.0
419.6	20.0
425.8	20.0
439.48	20.0
445.36	20.0
452.2	20.0
459.52	20.0
463.24	20.0
479.4	20.0
485.0	20.0
524.96	20.0
539.8	20.0
555.52	20.0
582.72	20.0
601.16	20.0
612.24	20.0
636.92	20.0
644.6	20.0
660.16	20.0
673.2	20.0
695.72	20.0
728.72	20.0
756.48	20.0
790.16	20.0
795.24	20.0
802.08	20.0
892.4	20.0
898.64	20.0
907.0	20.0
924.84	20.0
946.04	20.0
960.96	20.0
974.8	20.0
984.88	20.0
991.96	20.0
1001.12	20.0
1008.12	20.0
1037.44	20.0
1066.56	20.0
1174.68	20.0
1194.28	20.0
1215.04	20.0
302.48	21.0
303.6	23.0
330.24	23.0
376.76	23.0
756.12	23.0
943.08	23.0
1083.32	23.0
