308.96	1.0
311.6	1.0
318.24	1.0
353.0	1.0
410.44	1.0
416.2	1.0
466.28	1.0
472.64	1.0
599.04	1.0
1273.68	1.0
315.08	1.0
327.72	1.0
334.96	1.0
345.4	1.0
350.36	1.0
368.72	1.0
379.56	1.0
388.72	1.0
406.12	1.0
421.0	1.0
439.08	1.0
308.96	2.0
311.92	2.0
328.0	2.0
389.32	2.0
413.48	2.0
483.96	2.0
1074.44	2.0
1207.24	2.0
1282.8	2.0
302.6	3.0
315.4	3.0
319.56	3.0
323.8	3.0
330.96	3.0
336.28	3.0
342.68	3.0
351.16	3.0
364.4	3.0
369.92	3.0
391.0	3.0
407.28	3.0
424.56	3.0
435.4	3.0
485.6	3.0
530.28	3.0
610.4	3.0
622.52	3.0
625.92	3.0
634.64	3.0
674.88	3.0
694.8	3.0
711.36	3.0
735.12	3.0
753.24	3.0
777.44	3.0
790.84	3.0
827.52	3.0
844.76	3.0
853.72	3.0
901.24	3.0
947.4	3.0
1034.6	3.0
1055.52	3.0
1088.28	3.0
1133.16	3.0
1149.96	3.0
1158.12	3.0
306.36	5.0
310.44	5.0
484.72	5.0
487.32	5.0
569.96	5.0
334.2	5.0
345.96	5.0
363.96	5.0
382.0	5.0
400.0	5.0
426.28	5.0
444.04	5.0
449.68	5.0
470.6	5.0
537.56	5.0
548.12	5.0
598.72	5.0
1283.44	5.0
302.88	6.0
313.6	6.0
317.2	6.0
330.72	6.0
334.96	6.0
346.04	6.0
354.08	6.0
356.8	6.0
361.48	6.0
368.76	6.0
374.24	6.0
380.44	6.0
433.6	6.0
437.56	6.0
443.16	6.0
450.24	6.0
456.96	6.0
475.76	6.0
478.52	6.0
507.36	6.0
565.96	6.0
589.44	6.0
621.84	6.0
658.92	6.0
673.16	6.0
696.12	6.0
714.28	6.0
742.36	6.0
760.56	6.0
873.96	6.0
908.56	6.0
941.28	6.0
1016.6	6.0
1072.84	6.0
1090.12	6.0
1140.84	6.0
1187.12	6.0
1215.96	6.0
1284.12	6.0
1342.92	6.0
303.28	7.0
313.24	7.0
328.36	7.0
331.08	7.0
342.52	7.0
354.92	7.0
376.08	7.0
408.56	7.0
427.56	7.0
443.52	7.0
484.08	7.0
539.4	7.0
570.08	7.0
622.16	7.0
308.92	8.0
311.64	8.0
597.68	8.0
324.6	8.0
342.64	8.0
362.04	8.0
437.32	8.0
309.0	9.0
311.76	9.0
328.16	9.0
332.76	9.0
353.04	9.0
365.72	9.0
430.24	9.0
302.48	10.0
322.32	11.0
350.24	11.0
681.84	11.0
302.48	11.0
341.24	11.0
360.92	11.0
367.6	11.0
385.64	11.0
448.4	11.0
487.28	11.0
902.48	11.0
332.64	12.0
335.44	12.0
349.92	12.0
432.8	12.0
766.6	12.0
304.36	12.0
314.56	12.0
327.6	12.0
355.12	12.0
373.72	12.0
405.12	12.0
425.2	12.0
429.52	12.0
455.48	12.0
485.52	12.0
525.76	12.0
623.92	12.0
785.88	12.0
801.24	12.0
836.04	12.0
915.6	12.0
998.64	12.0
1034.24	12.0
1134.44	12.0
1198.16	12.0
1200.88	12.0
1280.84	12.0
1366.32	12.0
302.44	13.0
310.32	13.0
314.52	13.0
323.08	13.0
330.88	13.0
341.52	13.0
344.64	13.0
350.8	13.0
359.88	13.0
364.36	13.0
367.92	13.0
376.12	13.0
384.24	13.0
402.2	13.0
409.32	13.0
422.52	13.0
427.96	13.0
431.92	13.0
439.0	13.0
446.88	13.0
456.4	13.0
475.08	13.0
487.0	13.0
504.76	13.0
517.48	13.0
531.08	13.0
544.96	13.0
550.68	13.0
568.52	13.0
581.64	13.0
598.0	13.0
623.0	13.0
635.48	13.0
653.96	13.0
671.96	13.0
692.32	13.0
710.24	13.0
737.8	13.0
771.24	13.0
791.52	13.0
822.56	13.0
854.28	13.0
889.56	13.0
914.0	13.0
966.16	13.0
1003.56	13.0
1135.0	13.0
306.64	14.0
365.08	14.0
396.8	14.0
410.28	14.0
426.36	14.0
480.6	14.0
489.08	14.0
1317.4	14.0
305.16	15.0
328.52	15.0
355.08	15.0
427.68	15.0
312.04	15.0
1193.16	15.0
331.6	16.0
425.92	16.0
490.12	16.0
551.68	16.0
622.04	16.0
676.96	16.0
1335.04	16.0
338.24	16.0
344.88	16.0
367.28	16.0
716.32	17.0
303.44	17.0
313.24	17.0
326.28	17.0
335.16	17.0
354.0	17.0
371.84	17.0
399.76	17.0
419.6	17.0
431.16	17.0
435.04	17.0
527.6	17.0
577.4	17.0
660.48	17.0
813.8	17.0
918.4	17.0
1386.84	17.0
308.96	18.0
311.64	18.0
319.12	18.0
328.92	18.0
349.32	18.0
405.28	18.0
453.28	18.0
655.28	18.0
951.0	18.0
1006.88	18.0
308.96	19.0
311.8	19.0
344.24	19.0
1336.68	19.0
433.08	20.0
302.48	20.0
307.92	20.0
313.08	20.0
319.4	20.0
322.32	20.0
326.56	20.0
330.52	20.0
339.48	20.0
344.36	20.0
362.04	20.0
374.8	20.0
382.4	20.0
387.76	20.0
392.0	20.0
404.08	20.0
414.6	20.0
419.52	20.0
425.12	20.0
437.64	20.0
445.4	20.0
460.4	20.0
486.8	20.0
497.4	20.0
507.64	20.0
516.4	20.0
524.96	20.0
533.88	20.0
544.72	20.0
557.64	20.0
581.0	20.0
596.6	20.0
608.36	20.0
648.52	20.0
655.4	20.0
674.12	20.0
692.28	20.0
706.6	20.0
718.68	20.0
741.32	20.0
766.68	20.0
850.64	20.0
864.88	20.0
896.0	20.0
911.36	20.0
917.56	20.0
957.44	20.0
986.16	20.0
1005.28	20.0
1030.32	20.0
1048.04	20.0
1077.04	20.0
1089.24	20.0
1114.08	20.0
1132.24	20.0
1139.92	20.0
1149.92	20.0
1157.44	20.0
1206.72	20.0
1217.52	20.0
1238.6	20.0
1247.96	20.0
1255.52	20.0
1265.24	20.0
1273.32	20.0
1285.68	20.0
1324.0	20.0
1336.76	20.0
1372.96	20.0
302.48	21.0
310.36	22.0
349.68	22.0
482.4	22.0
620.08	22.0
360.48	22.0
404.64	22.0
303.36	23.0
310.4	23.0
317.72	23.0
343.68	23.0
783.92	23.0
366.8	23.0
428.24	23.0
465.52	23.0
587.24	23.0
307.04	24.0
346.08	24.0
