27.6	1.0
308.96	1.0
311.8	1.0
317.32	1.0
614.28	1.0
385.56	1.0
517.08	1.0
712.12	1.0
91.56	2.0
309.0	2.0
311.92	2.0
590.48	2.0
712.68	2.0
805.48	2.0
302.76	3.0
310.0	3.0
316.68	3.0
330.92	3.0
337.2	3.0
341.52	3.0
354.8	3.0
372.8	3.0
377.88	3.0
386.32	3.0
405.04	3.0
432.84	3.0
437.8	3.0
468.88	3.0
486.72	3.0
515.76	3.0
573.56	3.0
592.32	3.0
622.44	3.0
649.68	3.0
668.04	3.0
766.24	3.0
314.2	5.0
404.44	5.0
607.68	5.0
648.84	5.0
321.68	5.0
375.8	5.0
468.36	5.0
614.88	5.0
806.88	5.0
65.36	6.0
303.08	6.0
317.84	6.0
331.36	6.0
380.4	6.0
405.84	6.0
459.56	6.0
476.12	6.0
512.84	6.0
586.92	6.0
616.68	6.0
650.84	6.0
716.16	6.0
748.96	6.0
818.68	6.0
307.2	7.0
331.76	7.0
309.0	8.0
312.0	8.0
370.28	8.0
587.44	8.0
607.04	8.0
723.2	8.0
786.76	8.0
309.0	9.0
311.92	9.0
302.48	10.0
305.8	11.0
377.72	11.0
337.6	11.0
76.36	12.0
118.4	12.0
302.44	12.0
307.96	12.0
313.52	12.0
327.2	12.0
343.8	12.0
367.92	12.0
375.28	12.0
417.04	12.0
468.56	12.0
473.92	12.0
545.6	12.0
549.04	12.0
590.16	12.0
614.88	12.0
625.12	12.0
649.08	12.0
710.12	12.0
786.56	12.0
849.44	12.0
302.48	13.0
310.16	13.0
326.08	13.0
344.6	13.0
360.6	13.0
376.8	13.0
422.08	13.0
463.08	13.0
491.84	13.0
387.44	14.0
619.88	14.0
307.36	15.0
431.16	15.0
392.2	16.0
319.2	16.0
349.52	17.0
303.44	17.0
336.6	17.0
393.24	17.0
441.56	17.0
472.12	17.0
589.64	17.0
605.28	17.0
676.96	17.0
809.32	17.0
308.92	18.0
311.72	18.0
7.44	18.0
516.32	18.0
676.76	18.0
315.6	19.0
308.96	19.0
311.76	19.0
5.16	20.0
50.04	20.0
59.84	20.0
73.0	20.0
100.92	20.0
302.48	20.0
317.12	20.0
323.96	20.0
333.2	20.0
339.12	20.0
354.36	20.0
361.48	20.0
369.64	20.0
396.08	20.0
404.92	20.0
416.32	20.0
434.08	20.0
436.68	20.0
442.12	20.0
474.88	20.0
496.76	20.0
512.92	20.0
520.0	20.0
526.32	20.0
558.2	20.0
603.4	20.0
619.84	20.0
652.32	20.0
677.72	20.0
691.68	20.0
698.96	20.0
711.28	20.0
725.84	20.0
738.52	20.0
748.28	20.0
783.24	20.0
786.32	20.0
808.6	20.0
829.88	20.0
842.52	20.0
901.44	20.0
302.44	21.0
303.44	23.0
350.56	23.0
509.8	23.0
119.16	24.0
319.12	24.0
376.04	24.0
