308.92	1.0
311.88	1.0
332.2	1.0
336.0	1.0
358.08	1.0
471.04	1.0
581.8	1.0
982.4	1.0
314.64	1.0
351.28	1.0
745.2	1.0
1004.48	1.0
309.0	2.0
311.76	2.0
315.92	2.0
323.8	2.0
342.32	2.0
368.44	2.0
371.16	2.0
409.96	2.0
445.44	2.0
470.08	2.0
508.32	2.0
860.56	2.0
1149.28	2.0
336.0	3.0
696.4	3.0
302.48	3.0
315.08	3.0
321.64	3.0
328.68	3.0
341.88	3.0
348.72	3.0
355.0	3.0
371.2	3.0
380.72	3.0
412.92	3.0
419.56	3.0
424.92	3.0
439.12	3.0
449.28	3.0
468.96	3.0
481.72	3.0
491.68	3.0
498.04	3.0
507.52	3.0
514.72	3.0
534.2	3.0
543.6	3.0
565.76	3.0
581.44	3.0
586.36	3.0
596.8	3.0
624.0	3.0
641.04	3.0
652.4	3.0
677.04	3.0
722.84	3.0
807.24	3.0
833.96	3.0
896.56	3.0
911.52	3.0
936.28	3.0
952.52	3.0
968.68	3.0
976.0	3.0
302.84	5.0
447.84	5.0
307.48	5.0
356.48	5.0
419.16	5.0
431.4	5.0
491.28	5.0
512.96	5.0
581.48	5.0
597.12	5.0
620.72	5.0
303.16	6.0
307.6	6.0
315.08	6.0
319.84	6.0
328.32	6.0
336.32	6.0
353.8	6.0
358.8	6.0
371.28	6.0
382.48	6.0
393.12	6.0
407.6	6.0
420.12	6.0
433.88	6.0
437.8	6.0
456.28	6.0
472.6	6.0
488.84	6.0
506.12	6.0
515.56	6.0
549.28	6.0
584.04	6.0
607.84	6.0
642.56	6.0
695.88	6.0
698.52	6.0
703.8	6.0
736.0	6.0
765.76	6.0
802.72	6.0
865.36	6.0
915.6	6.0
947.2	6.0
996.72	6.0
1016.04	6.0
1122.64	6.0
305.56	7.0
326.44	7.0
359.2	7.0
368.08	7.0
393.44	7.0
420.44	7.0
461.32	7.0
520.52	7.0
730.0	7.0
309.0	8.0
311.88	8.0
377.48	8.0
394.56	8.0
527.52	8.0
606.52	8.0
314.68	8.0
521.08	8.0
710.96	8.0
309.0	9.0
311.72	9.0
341.56	9.0
642.24	9.0
645.8	9.0
302.48	10.0
304.36	11.0
313.92	11.0
317.2	11.0
330.04	11.0
340.32	11.0
375.92	11.0
387.36	11.0
433.36	11.0
615.96	11.0
303.16	12.0
305.72	12.0
313.48	12.0
316.6	12.0
334.6	12.0
383.96	12.0
446.44	12.0
575.28	12.0
703.52	12.0
968.36	12.0
340.16	12.0
371.36	12.0
389.08	12.0
394.6	12.0
402.6	12.0
432.96	12.0
443.04	12.0
464.48	12.0
476.28	12.0
522.72	12.0
538.04	12.0
578.2	12.0
618.28	12.0
682.6	12.0
690.56	12.0
837.32	12.0
850.28	12.0
861.16	12.0
892.72	12.0
946.68	12.0
964.56	12.0
1020.44	12.0
1115.92	12.0
302.48	13.0
310.24	13.0
315.4	13.0
322.76	13.0
332.0	13.0
341.96	13.0
356.56	13.0
369.6	13.0
384.88	13.0
403.92	13.0
409.04	13.0
418.64	13.0
433.36	13.0
452.16	13.0
468.16	13.0
490.0	13.0
513.2	13.0
532.52	13.0
558.12	13.0
578.24	13.0
600.72	13.0
628.72	13.0
657.28	13.0
680.52	13.0
711.28	13.0
735.56	13.0
773.64	13.0
837.12	13.0
956.48	13.0
330.0	14.0
353.0	14.0
520.6	14.0
695.56	14.0
368.16	15.0
331.72	15.0
353.52	16.0
395.12	16.0
452.68	16.0
519.08	16.0
576.52	16.0
797.04	16.0
982.0	16.0
334.28	17.0
360.6	17.0
303.48	17.0
326.96	17.0
345.2	17.0
446.16	17.0
463.12	17.0
476.36	17.0
727.56	17.0
888.32	17.0
308.96	18.0
311.84	18.0
331.72	18.0
343.32	18.0
471.16	18.0
494.8	18.0
582.68	18.0
587.76	18.0
631.64	18.0
710.36	18.0
308.96	19.0
312.16	19.0
315.64	19.0
910.24	19.0
302.48	20.0
308.24	20.0
314.32	20.0
319.6	20.0
322.76	20.0
327.36	20.0
331.48	20.0
335.2	20.0
340.44	20.0
352.68	20.0
357.92	20.0
368.2	20.0
375.4	20.0
380.4	20.0
393.32	20.0
397.88	20.0
405.48	20.0
411.72	20.0
415.8	20.0
425.32	20.0
432.68	20.0
439.24	20.0
445.16	20.0
477.96	20.0
485.52	20.0
495.96	20.0
506.6	20.0
510.72	20.0
518.64	20.0
525.0	20.0
531.2	20.0
537.28	20.0
549.04	20.0
561.64	20.0
568.32	20.0
591.48	20.0
598.6	20.0
614.52	20.0
621.2	20.0
645.76	20.0
651.2	20.0
667.52	20.0
678.88	20.0
694.04	20.0
702.96	20.0
716.16	20.0
736.8	20.0
758.4	20.0
770.12	20.0
778.48	20.0
806.04	20.0
879.72	20.0
913.76	20.0
921.0	20.0
935.08	20.0
942.44	20.0
970.52	20.0
988.96	20.0
1011.32	20.0
1028.52	20.0
1066.68	20.0
1077.04	20.0
1085.16	20.0
1128.72	20.0
1136.04	20.0
1150.72	20.0
1167.84	20.0
1190.28	20.0
1256.04	20.0
335.12	21.0
302.48	21.0
356.28	22.0
539.24	22.0
937.88	22.0
303.4	23.0
310.48	23.0
327.4	23.0
372.04	23.0
412.12	23.0
695.0	23.0
313.68	23.0
363.76	23.0
494.84	23.0
306.52	24.0
445.44	24.0
