309.84	1.0
313.44	1.0
732.08	1.0
1033.64	1.0
1433.4	1.0
303.0	1.0
321.44	1.0
334.36	1.0
341.44	1.0
344.88	1.0
354.44	1.0
360.2	1.0
370.0	1.0
374.2	1.0
385.56	1.0
389.64	1.0
409.6	1.0
414.0	1.0
424.76	1.0
436.8	1.0
445.88	1.0
459.96	1.0
476.12	1.0
503.04	1.0
524.88	1.0
925.6	1.0
1219.68	1.0
1343.52	1.0
309.0	2.0
312.36	2.0
326.2	2.0
336.04	2.0
342.44	2.0
354.12	2.0
372.4	2.0
399.92	2.0
445.72	2.0
496.32	2.0
1030.24	2.0
1205.6	2.0
1253.92	2.0
1328.32	2.0
1435.6	2.0
309.0	3.0
311.84	3.0
317.56	3.0
322.04	3.0
332.64	3.0
336.56	3.0
339.56	3.0
342.88	3.0
345.6	3.0
348.16	3.0
351.6	3.0
361.8	3.0
386.48	3.0
401.88	3.0
421.88	3.0
428.6	3.0
431.88	3.0
438.6	3.0
445.52	3.0
481.92	3.0
496.48	3.0
536.2	3.0
563.6	3.0
574.8	3.0
603.8	3.0
624.8	3.0
659.2	3.0
672.44	3.0
678.96	3.0
687.2	3.0
702.2	3.0
710.24	3.0
739.84	3.0
779.92	3.0
799.64	3.0
827.56	3.0
832.2	3.0
880.28	3.0
895.36	3.0
960.72	3.0
987.64	3.0
996.56	3.0
1009.2	3.0
1018.44	3.0
1055.92	3.0
1088.88	3.0
1107.56	3.0
1135.76	3.0
1182.16	3.0
1201.56	3.0
1261.76	3.0
1341.76	3.0
1396.32	3.0
1435.8	3.0
344.8	5.0
672.8	5.0
302.6	5.0
324.72	5.0
357.08	5.0
371.64	5.0
384.92	5.0
394.08	5.0
420.44	5.0
439.48	5.0
459.72	5.0
482.68	5.0
502.48	5.0
548.8	5.0
566.28	5.0
637.48	5.0
690.4	5.0
714.92	5.0
731.12	5.0
920.48	5.0
1020.48	5.0
461.6	6.0
302.48	6.0
313.0	6.0
318.0	6.0
324.28	6.0
332.88	6.0
336.24	6.0
349.68	6.0
392.68	6.0
407.28	6.0
419.36	6.0
432.12	6.0
446.16	6.0
475.12	6.0
485.12	6.0
492.44	6.0
500.2	6.0
513.76	6.0
523.2	6.0
549.24	6.0
558.2	6.0
568.84	6.0
581.08	6.0
593.36	6.0
611.4	6.0
621.04	6.0
676.32	6.0
691.64	6.0
707.12	6.0
736.12	6.0
748.68	6.0
762.64	6.0
798.16	6.0
834.28	6.0
866.64	6.0
892.8	6.0
924.64	6.0
952.32	6.0
995.04	6.0
1078.08	6.0
1194.24	6.0
1205.64	6.0
1223.96	6.0
1251.88	6.0
1331.04	6.0
1344.76	6.0
1365.4	6.0
1418.36	6.0
1471.0	6.0
305.08	7.0
302.52	7.0
313.52	7.0
322.0	7.0
332.32	7.0
336.48	7.0
344.84	7.0
356.4	7.0
362.04	7.0
371.52	7.0
384.44	7.0
388.2	7.0
399.92	7.0
427.92	7.0
472.0	7.0
491.24	7.0
508.64	7.0
546.56	7.0
833.76	7.0
917.32	7.0
1015.2	7.0
1469.32	7.0
490.72	8.0
523.32	8.0
302.72	8.0
307.92	8.0
313.8	8.0
316.4	8.0
331.88	8.0
370.56	8.0
308.96	9.0
312.12	9.0
360.68	9.0
331.8	9.0
364.48	9.0
375.48	9.0
419.56	9.0
444.84	9.0
459.68	9.0
528.32	9.0
1382.56	9.0
309.0	10.0
311.92	10.0
384.96	10.0
302.48	11.0
318.52	11.0
342.84	11.0
351.04	11.0
362.72	11.0
385.6	11.0
403.32	11.0
313.4	11.0
324.84	11.0
1436.32	11.0
335.6	12.0
359.36	12.0
366.72	12.0
385.2	12.0
423.56	12.0
499.88	12.0
517.08	12.0
562.64	12.0
948.4	12.0
1028.44	12.0
302.48	12.0
305.2	12.0
317.0	12.0
333.04	12.0
339.32	12.0
356.72	12.0
363.52	12.0
380.68	12.0
393.84	12.0
398.2	12.0
409.56	12.0
438.8	12.0
443.36	12.0
473.0	12.0
496.6	12.0
502.4	12.0
534.24	12.0
540.68	12.0
679.2	12.0
758.08	12.0
790.4	12.0
832.96	12.0
884.92	12.0
927.4	12.0
1019.08	12.0
1159.4	12.0
1231.8	12.0
1295.04	12.0
1336.84	12.0
1339.36	12.0
1406.2	12.0
1434.52	12.0
1469.92	12.0
302.48	13.0
310.2	13.0
312.96	13.0
321.32	13.0
332.28	13.0
335.16	13.0
337.76	13.0
345.36	13.0
357.0	13.0
370.2	13.0
372.72	13.0
376.16	13.0
386.16	13.0
394.08	13.0
399.6	13.0
408.68	13.0
424.96	13.0
433.76	13.0
440.52	13.0
444.96	13.0
461.28	13.0
468.24	13.0
470.92	13.0
476.8	13.0
495.0	13.0
503.76	13.0
516.04	13.0
535.04	13.0
547.12	13.0
557.64	13.0
569.28	13.0
591.96	13.0
604.24	13.0
614.68	13.0
632.44	13.0
646.08	13.0
662.32	13.0
676.68	13.0
695.56	13.0
710.64	13.0
730.64	13.0
748.04	13.0
760.64	13.0
776.68	13.0
795.92	13.0
818.4	13.0
835.96	13.0
853.4	13.0
882.48	13.0
905.52	13.0
942.56	13.0
965.68	13.0
992.12	13.0
1018.32	13.0
1045.68	13.0
1069.88	13.0
1104.28	13.0
1143.96	13.0
1202.88	13.0
1266.48	13.0
1306.44	13.0
302.64	14.0
314.36	14.0
333.52	14.0
346.04	14.0
372.88	14.0
401.0	14.0
304.32	15.0
1015.28	15.0
361.96	15.0
458.76	15.0
335.36	16.0
348.8	16.0
389.8	16.0
410.6	16.0
686.04	16.0
1118.6	16.0
334.96	17.0
999.52	17.0
314.2	17.0
326.76	17.0
349.52	17.0
360.04	17.0
366.96	17.0
393.96	17.0
461.4	17.0
468.92	17.0
527.96	17.0
573.44	17.0
612.08	17.0
634.28	17.0
677.36	17.0
717.72	17.0
869.28	17.0
1205.64	17.0
302.52	18.0
322.04	18.0
364.04	18.0
396.56	18.0
447.28	18.0
540.36	18.0
621.4	18.0
768.0	18.0
309.0	19.0
312.4	19.0
333.08	19.0
429.84	19.0
478.68	19.0
760.32	19.0
786.92	19.0
999.28	19.0
1198.08	19.0
1270.8	19.0
1331.28	19.0
1379.2	19.0
309.0	20.0
312.04	20.0
318.28	20.0
324.4	20.0
328.52	20.0
332.16	20.0
335.96	20.0
341.2	20.0
345.0	20.0
347.6	20.0
351.6	20.0
357.48	20.0
365.6	20.0
378.64	20.0
387.0	20.0
397.64	20.0
417.0	20.0
421.52	20.0
428.44	20.0
437.48	20.0
445.68	20.0
469.68	20.0
491.48	20.0
526.96	20.0
533.44	20.0
546.76	20.0
555.12	20.0
574.56	20.0
582.48	20.0
590.36	20.0
607.36	20.0
622.24	20.0
644.08	20.0
657.96	20.0
706.24	20.0
713.32	20.0
760.4	20.0
814.56	20.0
837.52	20.0
852.04	20.0
918.24	20.0
927.64	20.0
965.04	20.0
998.44	20.0
1046.4	20.0
1072.72	20.0
1104.64	20.0
1133.88	20.0
1143.68	20.0
1158.6	20.0
1183.6	20.0
1192.92	20.0
1197.88	20.0
1204.84	20.0
1217.92	20.0
1222.92	20.0
1232.16	20.0
1236.48	20.0
1240.2	20.0
1245.16	20.0
1256.52	20.0
1270.04	20.0
1278.52	20.0
1291.88	20.0
1295.4	20.0
1311.32	20.0
1328.72	20.0
1346.0	20.0
1358.64	20.0
1364.64	20.0
1370.28	20.0
1378.96	20.0
1385.64	20.0
1403.76	20.0
1411.28	20.0
1414.04	20.0
1432.04	20.0
1439.76	20.0
1458.68	20.0
1467.28	20.0
1480.52	20.0
302.48	21.0
302.64	22.0
345.32	22.0
347.84	22.0
359.52	22.0
404.76	22.0
426.28	22.0
331.88	23.0
348.6	23.0
380.52	23.0
303.76	23.0
403.64	23.0
469.2	23.0
305.64	24.0
313.88	24.0
333.8	24.0
336.32	24.0
1234.92	24.0
