303.16	97.0
355.24	97.0
513.2	97.0
9.2	99.0
31.96	99.0
90.0	99.0
180.44	99.0
237.32	99.0
269.2	99.0
384.88	99.0
443.32	99.0
490.04	99.0
656.28	99.0
475.8	105.0
303.04	106.0
182.48	107.0
323.72	107.0
231.92	107.0
367.12	107.0
722.84	107.0
1027.32	107.0
14.08	108.0
344.44	108.0
698.64	108.0
39.16	108.0
42.64	108.0
53.68	108.0
62.4	108.0
94.96	108.0
125.28	108.0
133.0	108.0
144.0	108.0
175.04	108.0
202.16	108.0
214.48	108.0
217.16	108.0
236.48	108.0
266.44	108.0
279.6	108.0
306.84	108.0
324.36	108.0
328.6	108.0
389.2	108.0
394.56	108.0
402.4	108.0
410.68	108.0
451.12	108.0
489.8	108.0
533.76	108.0
540.64	108.0
621.4	108.0
628.68	108.0
751.6	108.0
759.76	108.0
796.96	108.0
821.72	108.0
907.52	108.0
943.92	108.0
968.84	108.0
971.4	108.0
1041.04	108.0
1082.84	108.0
14.52	109.0
30.52	109.0
80.56	109.0
125.56	109.0
260.52	109.0
286.32	109.0
388.48	109.0
474.48	109.0
582.8	109.0
924.2	109.0
721.68	110.0
13.56	111.0
28.24	111.0
33.52	111.0
55.36	111.0
61.4	111.0
67.92	111.0
79.28	111.0
114.72	111.0
123.88	111.0
149.4	111.0
173.56	111.0
181.72	111.0
192.56	111.0
205.32	111.0
216.24	111.0
238.04	111.0
250.04	111.0
267.52	111.0
283.4	111.0
296.0	111.0
305.0	111.0
310.16	111.0
322.28	111.0
333.12	111.0
340.2	111.0
348.04	111.0
355.76	111.0
372.44	111.0
381.2	111.0
386.68	111.0
402.56	111.0
424.52	111.0
443.32	111.0
447.16	111.0
461.72	111.0
475.36	111.0
511.6	111.0
518.12	111.0
532.28	111.0
538.52	111.0
547.68	111.0
575.68	111.0
598.32	111.0
613.12	111.0
623.04	111.0
644.24	111.0
654.68	111.0
673.4	111.0
690.88	111.0
703.16	111.0
721.12	111.0
752.4	111.0
777.64	111.0
799.56	111.0
820.72	111.0
840.32	111.0
849.88	111.0
875.64	111.0
906.48	111.0
959.96	111.0
975.2	111.0
1018.36	111.0
1061.48	111.0
1082.32	111.0
116.36	113.0
320.56	113.0
388.16	113.0
624.08	113.0
288.48	114.0
422.52	114.0
475.6	114.0
512.68	114.0
575.64	114.0
765.6	114.0
777.68	114.0
674.68	115.0
747.2	115.0
905.16	115.0
958.12	115.0
1108.48	115.0
356.28	116.0
86.2	117.0
387.44	117.0
613.76	117.0
632.64	117.0
819.56	117.0
920.16	117.0
992.0	117.0
56.72	120.0
86.56	120.0
90.48	120.0
213.68	120.0
501.44	120.0
767.16	120.0
806.4	120.0
870.4	120.0
998.0	120.0
