88.4	96.0
283.96	97.0
63.72	97.0
304.32	97.0
106.04	99.0
237.32	105.0
162.68	107.0
67.92	108.0
34.2	108.0
61.72	108.0
91.96	108.0
98.92	108.0
117.0	108.0
161.64	108.0
236.36	108.0
256.56	108.0
280.6	108.0
311.2	108.0
345.28	108.0
355.84	108.0
399.6	108.0
417.48	108.0
445.08	108.0
485.76	108.0
489.76	108.0
503.72	108.0
569.0	108.0
581.24	108.0
68.4	109.0
97.76	109.0
116.48	109.0
161.0	109.0
235.8	109.0
283.04	109.0
310.76	109.0
443.92	109.0
485.24	109.0
566.64	109.0
93.44	110.0
260.0	110.0
27.12	111.0
66.92	111.0
80.84	111.0
93.0	111.0
116.4	111.0
129.44	111.0
135.92	111.0
160.2	111.0
168.44	111.0
190.68	111.0
203.04	111.0
209.08	111.0
225.28	111.0
234.4	111.0
259.44	111.0
282.64	111.0
306.76	111.0
318.24	111.0
335.12	111.0
344.36	111.0
360.56	111.0
398.12	111.0
407.36	111.0
410.68	111.0
423.68	111.0
441.12	111.0
485.6	111.0
498.12	111.0
585.52	111.0
126.48	113.0
409.92	113.0
380.32	114.0
49.96	114.0
85.24	114.0
90.8	114.0
100.12	114.0
120.52	114.0
162.16	114.0
237.08	114.0
261.88	114.0
283.96	114.0
303.64	114.0
402.0	114.0
550.04	114.0
580.12	114.0
15.4	115.0
61.6	115.0
186.36	115.0
304.4	115.0
393.92	115.0
526.52	115.0
611.32	115.0
705.76	115.0
209.68	116.0
140.88	117.0
180.96	117.0
236.4	117.0
278.92	117.0
339.32	117.0
48.56	120.0
85.4	120.0
100.8	120.0
110.4	120.0
132.48	120.0
279.32	120.0
452.08	120.0
