588.68	97.0
950.56	97.0
52.84	99.0
105.68	99.0
149.28	99.0
277.24	99.0
401.72	99.0
672.6	99.0
1078.8	99.0
942.32	105.0
531.36	105.0
123.96	106.0
280.72	107.0
473.88	107.0
787.72	107.0
650.4	108.0
26.56	108.0
38.72	108.0
72.8	108.0
107.84	108.0
127.04	108.0
166.24	108.0
189.4	108.0
248.64	108.0
279.04	108.0
281.96	108.0
311.44	108.0
323.28	108.0
354.52	108.0
402.48	108.0
442.84	108.0
464.4	108.0
469.44	108.0
480.0	108.0
544.24	108.0
620.92	108.0
635.72	108.0
705.36	108.0
710.2	108.0
850.76	108.0
983.24	108.0
1048.68	108.0
1107.12	108.0
1196.0	108.0
1224.44	108.0
1239.08	108.0
1253.92	108.0
1305.04	108.0
1320.0	108.0
35.72	109.0
127.32	109.0
159.56	109.0
215.12	109.0
312.48	109.0
409.2	109.0
469.0	109.0
529.44	109.0
615.04	109.0
668.52	109.0
898.92	109.0
1048.24	109.0
1104.92	109.0
1250.08	109.0
1317.64	109.0
3.8	111.0
21.68	111.0
46.48	111.0
57.32	111.0
69.92	111.0
155.6	111.0
173.36	111.0
183.24	111.0
205.48	111.0
215.44	111.0
241.92	111.0
246.4	111.0
264.96	111.0
293.4	111.0
298.96	111.0
317.24	111.0
324.64	111.0
349.24	111.0
357.64	111.0
390.64	111.0
406.48	111.0
415.4	111.0
429.32	111.0
450.52	111.0
467.6	111.0
471.4	111.0
478.32	111.0
487.76	111.0
496.2	111.0
525.52	111.0
540.8	111.0
549.08	111.0
569.32	111.0
578.88	111.0
591.64	111.0
612.68	111.0
631.24	111.0
646.04	111.0
667.2	111.0
688.32	111.0
693.04	111.0
704.12	111.0
730.32	111.0
747.32	111.0
768.64	111.0
785.52	111.0
807.24	111.0
825.16	111.0
850.0	111.0
867.16	111.0
917.52	111.0
926.44	111.0
958.04	111.0
964.04	111.0
979.32	111.0
999.0	111.0
1024.88	111.0
1046.76	111.0
1087.6	111.0
1104.68	111.0
1136.24	111.0
1162.12	111.0
1168.08	111.0
1184.44	111.0
1194.36	111.0
1207.08	111.0
1220.6	111.0
1241.8	111.0
1248.48	111.0
1270.12	111.0
1300.48	111.0
1317.0	111.0
1330.12	111.0
1342.76	111.0
1351.52	111.0
1359.04	111.0
130.56	113.0
320.8	113.0
664.24	113.0
857.48	113.0
153.32	114.0
306.36	114.0
341.24	114.0
531.2	114.0
610.08	114.0
634.12	114.0
692.2	114.0
743.28	114.0
775.08	114.0
908.8	114.0
1056.76	114.0
1067.92	114.0
1150.52	114.0
1251.32	114.0
1262.08	114.0
1328.2	114.0
285.36	115.0
613.2	115.0
727.96	115.0
913.88	115.0
1043.16	115.0
1133.6	115.0
1258.72	117.0
468.12	117.0
925.84	117.0
937.8	117.0
1202.64	117.0
160.76	119.0
130.48	119.0
530.44	119.0
223.44	120.0
392.36	120.0
421.0	120.0
519.4	120.0
667.76	120.0
1295.24	120.0
1358.56	120.0
