1296.04	96.0
1283.96	96.0
303.56	97.0
1210.68	97.0
1255.08	97.0
1284.68	97.0
1329.68	97.0
1309.24	97.0
1283.88	99.0
1325.32	99.0
1309.36	103.0
1275.68	105.0
302.76	105.0
1253.16	105.0
303.36	106.0
1278.4	107.0
1306.12	107.0
1348.2	107.0
743.12	107.0
1264.0	107.0
1274.64	107.0
1292.08	107.0
1323.88	107.0
1340.52	107.0
1344.92	107.0
1360.04	107.0
1345.32	108.0
1206.44	108.0
1220.36	108.0
1222.88	108.0
1226.72	108.0
1237.6	108.0
1254.36	108.0
1262.44	108.0
1272.88	108.0
1278.48	108.0
1289.64	108.0
1292.64	108.0
1304.32	108.0
1318.16	108.0
1334.52	108.0
1348.04	108.0
1350.8	108.0
1359.6	108.0
1239.0	109.0
1261.64	109.0
1292.92	109.0
1319.88	109.0
1254.96	110.0
1186.68	110.0
1229.24	110.0
1281.08	110.0
1293.6	110.0
1349.88	110.0
1353.04	110.0
1186.12	111.0
1199.32	111.0
1215.24	111.0
1225.72	111.0
1232.24	111.0
1240.0	111.0
1253.2	111.0
1273.44	111.0
1280.6	111.0
1289.2	111.0
1294.68	111.0
1300.2	111.0
1305.16	111.0
1309.92	111.0
1318.96	111.0
1324.2	111.0
1328.12	111.0
1337.76	111.0
1348.4	111.0
1355.56	111.0
1278.44	112.0
1261.96	112.0
1348.08	112.0
1252.92	114.0
1280.68	114.0
1288.88	114.0
1292.28	114.0
1311.04	114.0
1324.88	114.0
1353.28	114.0
1193.56	115.0
1212.68	115.0
1251.88	115.0
1301.28	115.0
1349.4	115.0
1293.56	116.0
1349.8	116.0
1290.96	117.0
1318.52	117.0
1202.36	117.0
1215.88	117.0
1277.16	117.0
1339.2	117.0
1277.28	120.0
1303.12	120.0
1311.8	120.0
1317.04	120.0
1328.0	120.0
1344.12	120.0
1350.44	120.0
