1338.32	96.0
1349.32	96.0
303.6	97.0
1286.92	97.0
1308.08	97.0
1324.52	97.0
1321.8	99.0
1332.68	99.0
1336.64	105.0
1342.08	105.0
303.4	106.0
1288.6	107.0
1320.44	107.0
1283.44	107.0
1299.64	107.0
1347.48	107.0
1347.52	108.0
1284.12	108.0
1300.72	108.0
1304.04	108.0
1307.8	108.0
1319.16	108.0
1324.28	108.0
1341.0	108.0
1308.84	109.0
1349.4	109.0
1291.28	110.0
1306.88	110.0
1324.72	110.0
1330.64	110.0
1333.72	110.0
1328.36	111.0
1260.32	111.0
1274.44	111.0
1287.28	111.0
1296.8	111.0
1302.08	111.0
1309.0	111.0
1316.96	111.0
1321.28	111.0
1333.28	111.0
1338.52	111.0
1344.72	111.0
1348.12	111.0
1354.52	111.0
1336.64	113.0
1339.84	113.0
1347.28	113.0
1286.24	114.0
1301.76	114.0
1311.08	114.0
1320.16	114.0
1325.36	114.0
1327.96	114.0
1340.48	114.0
1344.16	114.0
1347.4	114.0
1272.24	115.0
1297.96	115.0
1260.84	116.0
1324.64	116.0
1338.76	117.0
1286.28	117.0
1296.12	117.0
1299.84	117.0
1308.04	119.0
1310.0	120.0
1324.64	120.0
1333.48	120.0
1344.56	120.0
1356.76	120.0
