633.12	96.0
845.12	96.0
1124.96	96.0
303.52	97.0
664.08	97.0
683.08	97.0
790.0	97.0
870.4	97.0
672.68	99.0
699.04	99.0
744.96	99.0
756.92	99.0
818.36	99.0
900.16	99.0
1010.04	99.0
1105.48	99.0
1208.08	99.0
1259.24	99.0
1316.92	99.0
870.88	105.0
303.36	106.0
692.4	107.0
759.96	107.0
633.68	107.0
656.96	107.0
724.04	107.0
768.8	107.0
816.52	107.0
1055.64	107.0
809.2	108.0
985.96	108.0
627.48	108.0
641.8	108.0
651.16	108.0
654.84	108.0
668.08	108.0
671.88	108.0
711.04	108.0
716.28	108.0
731.04	108.0
733.64	108.0
742.6	108.0
747.8	108.0
759.28	108.0
764.68	108.0
769.72	108.0
774.64	108.0
805.68	108.0
829.48	108.0
834.6	108.0
842.12	108.0
850.28	108.0
855.64	108.0
861.24	108.0
869.4	108.0
883.24	108.0
887.16	108.0
904.32	108.0
911.4	108.0
939.2	108.0
949.76	108.0
952.84	108.0
966.6	108.0
989.16	108.0
1011.68	108.0
1025.68	108.0
1048.68	108.0
1111.04	108.0
1143.2	108.0
1194.6	108.0
1218.8	108.0
1235.84	108.0
1264.52	108.0
1267.88	108.0
1282.48	108.0
1293.16	108.0
1318.92	108.0
690.8	109.0
724.64	109.0
742.2	109.0
784.88	109.0
821.08	109.0
843.6	109.0
860.88	109.0
886.72	109.0
927.96	109.0
975.28	109.0
990.16	109.0
1014.44	109.0
1032.76	109.0
1055.2	109.0
1071.52	109.0
1142.52	109.0
1195.0	109.0
1238.2	109.0
1264.04	109.0
1302.72	109.0
672.6	110.0
730.0	110.0
626.64	110.0
765.8	110.0
802.84	110.0
606.8	111.0
614.84	111.0
625.6	111.0
637.48	111.0
647.32	111.0
650.6	111.0
658.16	111.0
663.0	111.0
674.0	111.0
680.92	111.0
687.4	111.0
691.12	111.0
698.52	111.0
702.28	111.0
726.8	111.0
732.0	111.0
738.24	111.0
757.12	111.0
762.76	111.0
771.96	111.0
776.44	111.0
781.28	111.0
784.36	111.0
790.36	111.0
794.48	111.0
801.48	111.0
807.4	111.0
816.6	111.0
829.12	111.0
832.92	111.0
843.64	111.0
868.76	111.0
874.12	111.0
881.16	111.0
911.0	111.0
932.52	111.0
938.76	111.0
948.92	111.0
954.92	111.0
967.8	111.0
976.04	111.0
982.2	111.0
992.28	111.0
1002.92	111.0
1020.52	111.0
1031.8	111.0
1054.76	111.0
1080.36	111.0
1093.4	111.0
1100.08	111.0
1137.64	111.0
1142.44	111.0
1184.76	111.0
1191.84	111.0
1233.48	111.0
1238.16	111.0
1251.2	111.0
1261.96	111.0
1276.84	111.0
1294.44	111.0
1315.24	111.0
1325.92	111.0
673.72	112.0
846.16	112.0
910.64	112.0
777.68	113.0
794.52	113.0
808.36	113.0
883.68	113.0
903.04	113.0
972.2	113.0
1209.76	113.0
888.72	114.0
1330.16	114.0
643.76	114.0
653.96	114.0
672.2	114.0
681.72	114.0
717.6	114.0
740.2	114.0
743.04	114.0
777.72	114.0
827.64	114.0
851.52	114.0
896.88	114.0
926.32	114.0
929.96	114.0
994.88	114.0
1015.28	114.0
1028.04	114.0
1165.84	114.0
1282.96	114.0
1319.04	114.0
624.44	115.0
670.36	115.0
1210.8	115.0
1234.48	115.0
691.4	117.0
728.96	117.0
583.36	117.0
642.32	117.0
665.48	117.0
696.76	117.0
737.0	117.0
751.28	117.0
763.24	117.0
771.92	117.0
783.72	117.0
799.6	117.0
802.48	117.0
824.36	117.0
829.72	117.0
856.0	117.0
887.64	117.0
933.04	117.0
1001.52	117.0
1042.76	117.0
1064.6	117.0
1115.48	117.0
646.36	119.0
680.36	119.0
1198.08	119.0
646.4	120.0
669.88	120.0
675.92	120.0
693.84	120.0
698.44	120.0
715.92	120.0
719.0	120.0
801.8	120.0
824.56	120.0
841.6	120.0
888.48	120.0
941.2	120.0
945.4	120.0
1050.2	120.0
1292.16	120.0
