824.16	96.0
688.64	96.0
863.32	96.0
303.56	97.0
651.68	97.0
699.8	97.0
907.4	97.0
934.12	97.0
1141.44	97.0
1244.52	97.0
633.4	99.0
702.0	99.0
750.24	99.0
802.4	99.0
846.96	99.0
1014.8	99.0
1136.44	99.0
1237.84	99.0
1252.96	99.0
1299.92	99.0
302.72	105.0
303.36	106.0
676.88	107.0
715.76	107.0
886.84	107.0
679.76	107.0
699.88	107.0
723.96	107.0
758.68	107.0
771.16	108.0
773.76	108.0
620.0	108.0
641.96	108.0
653.44	108.0
660.96	108.0
671.84	108.0
681.96	108.0
698.56	108.0
713.6	108.0
730.12	108.0
735.44	108.0
761.0	108.0
786.04	108.0
794.84	108.0
801.84	108.0
806.36	108.0
809.48	108.0
831.56	108.0
841.68	108.0
883.4	108.0
887.8	108.0
907.28	108.0
910.16	108.0
928.48	108.0
940.24	108.0
964.12	108.0
984.72	108.0
990.76	108.0
998.12	108.0
1012.44	108.0
1026.6	108.0
1051.36	108.0
1085.6	108.0
1112.04	108.0
1133.16	108.0
1140.16	108.0
1165.32	108.0
1240.88	108.0
1278.6	108.0
1338.72	108.0
639.44	109.0
671.28	109.0
734.88	109.0
751.52	109.0
765.28	109.0
789.36	109.0
861.2	109.0
925.44	109.0
964.92	109.0
1319.08	109.0
767.88	110.0
789.92	110.0
890.72	110.0
1346.16	110.0
621.28	111.0
638.08	111.0
653.76	111.0
660.36	111.0
671.32	111.0
681.88	111.0
690.24	111.0
698.68	111.0
702.08	111.0
708.68	111.0
714.56	111.0
726.24	111.0
731.12	111.0
739.6	111.0
747.24	111.0
752.4	111.0
760.96	111.0
764.68	111.0
784.56	111.0
787.96	111.0
811.36	111.0
819.64	111.0
830.68	111.0
837.52	111.0
849.48	111.0
857.92	111.0
881.32	111.0
890.2	111.0
899.48	111.0
905.16	111.0
916.64	111.0
926.08	111.0
931.92	111.0
940.4	111.0
961.88	111.0
981.36	111.0
1004.76	111.0
1012.52	111.0
1038.12	111.0
1062.36	111.0
1067.72	111.0
1107.12	111.0
1115.72	111.0
1129.6	111.0
1136.4	111.0
1151.36	111.0
1163.96	111.0
1171.4	111.0
1212.84	111.0
1235.44	111.0
1251.92	111.0
1269.04	111.0
1297.56	111.0
1316.8	111.0
1329.48	111.0
772.12	112.0
747.12	112.0
704.6	113.0
736.76	113.0
760.8	113.0
774.84	113.0
797.24	113.0
846.64	113.0
895.84	113.0
1012.88	113.0
677.48	114.0
686.52	114.0
718.16	114.0
725.44	114.0
812.4	114.0
855.08	114.0
865.04	114.0
887.84	114.0
920.8	114.0
1106.24	114.0
1111.96	114.0
1265.32	114.0
1280.28	114.0
382.44	115.0
444.68	115.0
632.36	115.0
1101.68	115.0
1299.36	115.0
719.36	115.0
867.64	116.0
690.8	116.0
789.88	116.0
712.32	117.0
764.24	117.0
793.24	117.0
836.64	117.0
883.72	117.0
966.64	117.0
364.16	117.0
657.16	117.0
689.4	117.0
702.52	117.0
752.72	117.0
790.32	117.0
812.76	117.0
844.88	117.0
874.48	117.0
910.32	117.0
923.36	117.0
926.64	117.0
970.84	117.0
1033.12	117.0
1047.64	117.0
1077.64	117.0
1137.76	117.0
1167.52	117.0
925.96	119.0
794.04	119.0
712.08	120.0
717.2	120.0
751.84	120.0
770.12	120.0
803.24	120.0
837.88	120.0
849.92	120.0
895.64	120.0
920.52	120.0
965.4	120.0
1050.24	120.0
1073.08	120.0
1190.12	120.0
