256.36	96.0
619.16	96.0
851.44	96.0
303.24	97.0
265.16	97.0
489.64	97.0
60.72	99.0
81.6	99.0
91.84	99.0
120.72	99.0
157.36	99.0
177.16	99.0
188.96	99.0
217.92	99.0
336.96	99.0
387.72	99.0
458.08	99.0
663.04	99.0
303.12	106.0
385.64	107.0
507.32	107.0
1062.32	107.0
8.64	108.0
51.28	108.0
60.12	108.0
91.64	108.0
115.24	108.0
143.16	108.0
205.16	108.0
211.64	108.0
218.24	108.0
275.08	108.0
281.68	108.0
297.96	108.0
306.88	108.0
353.96	108.0
433.16	108.0
445.96	108.0
456.68	108.0
463.76	108.0
482.76	108.0
485.48	108.0
497.76	108.0
515.64	108.0
563.64	108.0
585.32	108.0
618.76	108.0
630.64	108.0
770.4	108.0
794.76	108.0
798.88	108.0
75.44	109.0
148.88	109.0
257.64	109.0
292.72	109.0
320.8	109.0
412.0	109.0
502.08	109.0
588.64	109.0
11.08	111.0
32.28	111.0
39.4	111.0
58.72	111.0
65.92	111.0
89.68	111.0
95.24	111.0
122.28	111.0
133.04	111.0
146.44	111.0
176.88	111.0
191.32	111.0
223.88	111.0
261.12	111.0
270.8	111.0
276.88	111.0
296.8	111.0
308.92	111.0
336.68	111.0
342.52	111.0
355.2	111.0
382.32	111.0
391.32	111.0
435.12	111.0
443.84	111.0
456.44	111.0
473.16	111.0
489.44	111.0
503.0	111.0
512.2	111.0
531.32	111.0
544.56	111.0
563.04	111.0
573.6	111.0
585.44	111.0
619.08	111.0
631.0	111.0
650.32	111.0
655.8	111.0
673.32	111.0
690.56	111.0
717.96	111.0
738.52	111.0
749.2	111.0
775.88	111.0
801.6	111.0
835.4	111.0
66.6	113.0
97.52	113.0
310.2	113.0
372.28	113.0
526.12	113.0
731.32	113.0
584.28	114.0
619.16	114.0
763.56	114.0
52.48	114.0
78.08	114.0
99.68	114.0
660.44	114.0
838.44	114.0
166.08	115.0
378.8	115.0
421.92	115.0
612.16	115.0
651.96	115.0
718.4	115.0
830.0	115.0
619.72	116.0
60.28	117.0
191.88	117.0
444.64	117.0
769.08	117.0
67.28	120.0
110.48	120.0
182.36	120.0
313.12	120.0
459.76	120.0
519.16	120.0
674.64	120.0
