1176.48	96.0
1104.72	96.0
1183.16	96.0
1249.56	96.0
1285.4	96.0
303.96	97.0
1184.68	97.0
1061.52	97.0
1109.8	97.0
1128.8	97.0
1153.44	97.0
1430.04	97.0
1082.28	99.0
1093.88	99.0
1140.52	99.0
1179.12	99.0
1252.8	99.0
1303.2	99.0
1322.6	99.0
1343.72	99.0
1385.92	99.0
1182.68	103.0
1172.44	105.0
303.2	105.0
1073.92	105.0
303.64	106.0
1107.32	106.0
1321.88	106.0
1044.0	107.0
1070.96	107.0
1094.36	107.0
1067.64	107.0
1087.32	107.0
1109.4	107.0
1118.64	107.0
1159.88	107.0
1177.56	107.0
1211.8	107.0
1180.72	108.0
1031.04	108.0
1058.84	108.0
1068.48	108.0
1073.44	108.0
1082.32	108.0
1098.28	108.0
1103.12	108.0
1110.8	108.0
1120.6	108.0
1125.16	108.0
1130.48	108.0
1141.64	108.0
1149.44	108.0
1153.2	108.0
1158.56	108.0
1170.16	108.0
1184.88	108.0
1195.64	108.0
1203.8	108.0
1211.52	108.0
1214.44	108.0
1219.6	108.0
1228.72	108.0
1239.48	108.0
1243.04	108.0
1246.04	108.0
1253.6	108.0
1260.28	108.0
1265.44	108.0
1270.32	108.0
1277.64	108.0
1283.56	108.0
1286.48	108.0
1290.32	108.0
1300.24	108.0
1314.6	108.0
1322.12	108.0
1332.44	108.0
1343.2	108.0
1345.76	108.0
1353.84	108.0
1356.88	108.0
1361.56	108.0
1375.16	108.0
1378.92	108.0
1398.4	108.0
1070.88	109.0
1113.4	109.0
1139.04	109.0
1168.04	109.0
1195.92	109.0
1214.04	109.0
1228.32	109.0
1331.96	109.0
1365.92	109.0
1418.4	109.0
1113.28	110.0
1139.68	110.0
1182.8	110.0
1097.68	110.0
1109.8	110.0
1255.36	110.0
1334.6	110.0
1030.76	111.0
1049.32	111.0
1054.24	111.0
1062.16	111.0
1066.28	111.0
1075.8	111.0
1080.72	111.0
1085.52	111.0
1089.72	111.0
1097.24	111.0
1104.08	111.0
1109.2	111.0
1113.24	111.0
1127.96	111.0
1143.12	111.0
1155.72	111.0
1171.96	111.0
1176.16	111.0
1181.04	111.0
1189.48	111.0
1196.64	111.0
1199.52	111.0
1217.48	111.0
1220.92	111.0
1231.84	111.0
1239.88	111.0
1248.68	111.0
1256.2	111.0
1262.44	111.0
1268.16	111.0
1278.2	111.0
1284.24	111.0
1288.08	111.0
1301.0	111.0
1308.36	111.0
1316.28	111.0
1326.6	111.0
1362.6	111.0
1380.12	111.0
1392.92	111.0
1414.4	111.0
1418.92	111.0
1426.96	111.0
1441.4	111.0
1185.64	112.0
1232.2	112.0
1105.96	113.0
1217.28	113.0
1273.92	113.0
1389.12	113.0
1431.0	113.0
1078.36	114.0
1059.64	114.0
1085.52	114.0
1196.36	114.0
1199.96	114.0
1217.76	114.0
1285.28	114.0
1329.92	114.0
1382.12	114.0
1415.96	114.0
1042.72	115.0
1139.64	115.0
1114.96	116.0
1255.28	116.0
1082.24	117.0
1112.72	117.0
1138.16	117.0
1161.4	117.0
1191.08	117.0
1226.52	117.0
1040.32	117.0
1055.12	117.0
1068.04	117.0
1086.8	117.0
1090.16	117.0
1097.28	117.0
1117.12	117.0
1122.52	117.0
1141.36	117.0
1152.44	117.0
1168.8	117.0
1181.72	117.0
1210.84	117.0
1235.36	117.0
1289.48	117.0
1318.0	117.0
1331.12	117.0
1373.92	117.0
1425.96	117.0
1154.64	119.0
1159.8	120.0
1086.16	120.0
1105.6	120.0
1114.8	120.0
1141.32	120.0
1145.88	120.0
1177.56	120.0
1222.24	120.0
1258.44	120.0
1274.96	120.0
1296.4	120.0
1318.16	120.0
1366.48	120.0
1416.8	120.0
