610.24	96.0
120.6	97.0
256.08	97.0
660.56	97.0
813.88	97.0
67.48	99.0
103.8	99.0
259.56	99.0
293.08	99.0
618.88	99.0
368.64	103.0
565.04	105.0
248.08	105.0
403.88	105.0
661.36	107.0
136.52	107.0
159.36	108.0
11.04	108.0
35.24	108.0
69.56	108.0
87.64	108.0
103.6	108.0
116.48	108.0
133.52	108.0
138.48	108.0
163.76	108.0
239.16	108.0
278.32	108.0
293.56	108.0
304.76	108.0
327.96	108.0
340.88	108.0
351.88	108.0
405.56	108.0
475.28	108.0
482.24	108.0
504.68	108.0
564.76	108.0
594.52	108.0
614.92	108.0
628.6	108.0
631.68	108.0
665.04	108.0
738.64	108.0
825.4	108.0
912.2	108.0
962.6	108.0
35.24	109.0
104.16	109.0
136.52	109.0
163.08	109.0
238.16	109.0
270.24	109.0
303.88	109.0
350.32	109.0
372.2	109.0
402.92	109.0
418.44	109.0
474.76	109.0
536.08	109.0
564.04	109.0
607.8	109.0
628.52	109.0
664.68	109.0
771.28	109.0
825.36	109.0
912.52	109.0
1126.72	109.0
307.0	110.0
41.88	111.0
61.44	111.0
73.08	111.0
85.16	111.0
118.36	111.0
133.52	111.0
144.52	111.0
167.68	111.0
210.0	111.0
236.68	111.0
256.04	111.0
262.76	111.0
273.68	111.0
282.16	111.0
303.12	111.0
314.04	111.0
331.64	111.0
350.12	111.0
387.32	111.0
402.52	111.0
481.32	111.0
491.28	111.0
533.2	111.0
551.88	111.0
567.28	111.0
581.84	111.0
600.12	111.0
627.44	111.0
659.04	111.0
673.44	111.0
713.4	111.0
722.8	111.0
744.68	111.0
770.76	111.0
828.96	111.0
909.24	111.0
135.64	113.0
254.08	113.0
264.96	113.0
285.48	113.0
547.16	113.0
435.96	114.0
607.52	114.0
1043.44	114.0
106.64	114.0
114.0	114.0
137.16	114.0
165.88	114.0
233.32	114.0
247.84	114.0
253.44	114.0
274.84	114.0
304.96	114.0
351.56	114.0
403.56	114.0
481.8	114.0
507.68	114.0
565.08	114.0
614.24	114.0
665.76	114.0
804.44	114.0
829.16	114.0
911.68	114.0
955.8	114.0
102.72	115.0
186.36	115.0
237.76	115.0
297.2	115.0
387.32	115.0
458.88	115.0
513.0	115.0
656.24	115.0
824.44	115.0
878.96	115.0
533.64	116.0
555.88	117.0
34.36	117.0
135.68	117.0
184.48	117.0
271.76	117.0
403.36	117.0
439.88	117.0
567.84	117.0
632.8	117.0
664.64	117.0
678.72	119.0
898.64	119.0
547.0	120.0
132.24	120.0
199.24	120.0
359.84	120.0
609.0	120.0
661.08	120.0
735.68	120.0
865.24	120.0
