302.52	97.0
526.16	97.0
556.6	97.0
140.44	99.0
407.16	99.0
656.76	105.0
302.48	106.0
215.84	107.0
359.4	107.0
18.48	108.0
36.6	108.0
39.36	108.0
63.24	108.0
114.84	108.0
160.76	108.0
218.32	108.0
222.96	108.0
231.44	108.0
244.44	108.0
263.24	108.0
293.04	108.0
298.28	108.0
323.04	108.0
355.84	108.0
408.08	108.0
437.36	108.0
471.52	108.0
503.44	108.0
516.08	108.0
550.28	108.0
571.8	108.0
709.84	108.0
780.96	108.0
847.96	108.0
38.88	109.0
314.52	109.0
408.0	109.0
572.6	109.0
652.68	109.0
29.28	111.0
42.28	111.0
57.88	111.0
83.52	111.0
102.64	111.0
114.04	111.0
124.64	111.0
145.16	111.0
165.88	111.0
175.32	111.0
196.36	111.0
217.56	111.0
234.84	111.0
255.8	111.0
268.72	111.0
277.96	111.0
293.6	111.0
298.24	111.0
310.52	111.0
313.4	111.0
321.48	111.0
342.72	111.0
350.72	111.0
366.0	111.0
389.88	111.0
399.36	111.0
412.4	111.0
449.28	111.0
469.8	111.0
502.72	111.0
517.48	111.0
563.92	111.0
590.04	111.0
598.08	111.0
648.92	111.0
663.76	111.0
329.8	112.0
81.68	113.0
400.68	113.0
678.92	113.0
311.6	114.0
20.32	114.0
66.64	114.0
205.68	114.0
352.92	114.0
414.96	114.0
419.24	114.0
453.4	114.0
520.64	114.0
656.6	114.0
669.2	114.0
21.6	115.0
79.84	115.0
142.04	115.0
217.16	115.0
295.04	115.0
383.52	115.0
442.36	115.0
502.04	115.0
562.2	115.0
642.8	115.0
730.36	115.0
499.36	115.0
296.92	117.0
784.96	119.0
105.64	120.0
