1200.6	96.0
1146.4	96.0
303.72	97.0
1059.2	97.0
1199.52	97.0
1258.56	97.0
1349.08	97.0
1035.44	97.0
1185.0	97.0
1071.24	99.0
1100.56	99.0
1139.16	99.0
1161.84	99.0
1181.6	99.0
1223.56	99.0
1226.52	99.0
1319.76	99.0
1218.96	103.0
1136.12	105.0
1142.88	105.0
302.96	105.0
1245.72	105.0
303.56	106.0
1119.56	106.0
1199.48	106.0
1258.52	106.0
1349.08	106.0
1011.12	107.0
1073.96	107.0
1118.92	107.0
1143.04	107.0
1182.04	107.0
1186.12	107.0
1225.28	107.0
1084.48	108.0
1175.52	108.0
1380.08	108.0
1036.12	108.0
1041.6	108.0
1045.2	108.0
1062.8	108.0
1071.48	108.0
1074.72	108.0
1079.08	108.0
1088.68	108.0
1093.72	108.0
1099.24	108.0
1102.12	108.0
1110.96	108.0
1116.2	108.0
1125.72	108.0
1131.52	108.0
1141.04	108.0
1143.56	108.0
1147.52	108.0
1155.76	108.0
1163.6	108.0
1180.08	108.0
1183.2	108.0
1194.56	108.0
1201.84	108.0
1204.48	108.0
1215.52	108.0
1220.08	108.0
1233.16	108.0
1240.68	108.0
1264.0	108.0
1272.72	108.0
1285.64	108.0
1291.12	108.0
1302.56	108.0
1307.52	108.0
1316.32	108.0
1327.72	108.0
1348.52	108.0
1352.64	108.0
1373.88	108.0
1383.12	108.0
1419.72	108.0
1047.36	109.0
1123.0	109.0
1147.16	109.0
1182.8	109.0
1204.48	109.0
1221.36	109.0
1240.2	109.0
1311.68	109.0
1328.32	109.0
1061.2	110.0
1118.8	110.0
1144.0	110.0
1102.72	110.0
1111.36	110.0
1139.52	110.0
1202.2	110.0
1241.48	110.0
1269.56	110.0
1014.36	111.0
1022.28	111.0
1031.56	111.0
1038.76	111.0
1046.36	111.0
1062.8	111.0
1067.84	111.0
1074.4	111.0
1078.68	111.0
1087.96	111.0
1095.8	111.0
1107.4	111.0
1110.52	111.0
1120.48	111.0
1124.48	111.0
1129.48	111.0
1134.56	111.0
1140.12	111.0
1143.68	111.0
1149.16	111.0
1153.56	111.0
1158.16	111.0
1161.4	111.0
1164.28	111.0
1172.0	111.0
1208.64	111.0
1214.76	111.0
1220.64	111.0
1240.36	111.0
1246.64	111.0
1260.04	111.0
1268.92	111.0
1276.36	111.0
1284.2	111.0
1305.24	111.0
1309.44	111.0
1323.24	111.0
1333.24	111.0
1352.08	111.0
1360.36	111.0
1373.36	111.0
1380.12	111.0
1389.12	111.0
1401.24	111.0
1145.36	112.0
1161.0	112.0
1209.76	112.0
1148.0	113.0
1089.32	113.0
1185.24	113.0
1241.84	113.0
1090.84	114.0
1119.0	114.0
1036.56	114.0
1062.4	114.0
1082.72	114.0
1093.6	114.0
1098.6	114.0
1145.24	114.0
1161.32	114.0
1170.52	114.0
1185.56	114.0
1207.2	114.0
1223.88	114.0
1243.4	114.0
1263.52	114.0
1269.68	114.0
1284.92	114.0
1296.88	114.0
1308.4	114.0
1325.12	114.0
1355.32	114.0
1417.88	114.0
1032.88	115.0
1059.68	115.0
1142.04	115.0
1133.92	115.0
1102.6	116.0
1139.48	116.0
1202.12	116.0
1241.4	116.0
1276.96	116.0
1123.72	117.0
1137.12	117.0
1166.48	117.0
1257.48	117.0
1284.36	117.0
1367.08	117.0
1370.16	117.0
1049.16	117.0
1055.96	117.0
1092.36	117.0
1139.96	117.0
1144.28	117.0
1170.8	117.0
1198.6	117.0
1204.76	117.0
1209.36	117.0
1225.84	117.0
1252.08	117.0
1260.52	117.0
1267.44	117.0
1302.16	117.0
1326.44	117.0
1129.88	119.0
1225.0	119.0
1181.48	120.0
1074.4	120.0
1093.88	120.0
1101.08	120.0
1129.12	120.0
1131.92	120.0
1134.92	120.0
1150.44	120.0
1160.0	120.0
1198.04	120.0
1217.8	120.0
1220.72	120.0
1238.24	120.0
1257.32	120.0
1260.76	120.0
1296.64	120.0
1340.2	120.0
1355.64	120.0
1389.92	120.0
1414.24	120.0
