78.6	97.0
303.84	97.0
634.48	97.0
545.96	105.0
303.6	106.0
309.8	107.0
406.08	107.0
20.28	108.0
40.24	108.0
43.68	108.0
82.28	108.0
100.84	108.0
106.96	108.0
122.84	108.0
203.36	108.0
206.8	108.0
314.4	108.0
318.24	108.0
431.32	108.0
455.88	108.0
481.76	108.0
571.96	108.0
584.84	108.0
564.4	109.0
15.92	111.0
49.76	111.0
76.4	111.0
119.08	111.0
138.76	111.0
157.44	111.0
338.2	111.0
355.12	111.0
380.56	111.0
405.92	111.0
419.0	111.0
436.08	111.0
507.24	111.0
645.96	111.0
107.96	113.0
8.96	114.0
681.08	114.0
843.24	114.0
108.28	114.0
356.28	114.0
493.24	114.0
205.52	115.0
327.96	115.0
380.56	115.0
464.24	115.0
525.36	115.0
663.4	115.0
50.4	116.0
104.44	117.0
338.88	117.0
412.88	120.0
424.28	120.0
