503.52	96.0
655.72	96.0
620.4	97.0
684.68	97.0
727.6	97.0
1201.2	97.0
519.92	98.0
717.24	98.0
472.72	99.0
542.0	99.0
573.84	99.0
629.2	99.0
681.92	99.0
696.8	99.0
832.12	99.0
937.44	99.0
972.64	99.0
1067.16	99.0
1102.12	99.0
1158.64	99.0
1215.96	99.0
1293.44	99.0
626.8	103.0
544.12	105.0
809.12	105.0
564.68	107.0
852.88	107.0
491.44	107.0
512.84	107.0
551.16	107.0
571.0	107.0
617.36	107.0
642.44	107.0
1011.68	107.0
1324.44	107.0
608.4	108.0
472.24	108.0
501.96	108.0
505.48	108.0
512.24	108.0
521.52	108.0
529.04	108.0
536.96	108.0
546.24	108.0
556.6	108.0
570.2	108.0
574.4	108.0
578.84	108.0
591.32	108.0
596.68	108.0
602.8	108.0
614.2	108.0
621.4	108.0
628.72	108.0
638.36	108.0
653.72	108.0
660.32	108.0
668.24	108.0
694.28	108.0
706.44	108.0
719.92	108.0
748.84	108.0
766.92	108.0
774.88	108.0
785.4	108.0
788.4	108.0
794.24	108.0
805.2	108.0
825.48	108.0
832.76	108.0
855.76	108.0
872.28	108.0
881.04	108.0
890.0	108.0
907.84	108.0
922.72	108.0
938.96	108.0
1026.72	108.0
1035.6	108.0
1070.48	108.0
1143.08	108.0
1158.72	108.0
1247.0	108.0
1255.8	108.0
1290.28	108.0
1346.32	108.0
1361.84	108.0
512.32	109.0
561.88	109.0
590.84	109.0
631.24	109.0
675.36	109.0
739.76	109.0
778.6	109.0
795.92	109.0
809.6	109.0
835.36	109.0
871.64	109.0
907.36	109.0
938.52	109.0
965.64	109.0
998.08	109.0
1076.96	109.0
1358.36	109.0
517.6	110.0
307.68	110.0
526.32	110.0
593.68	110.0
629.32	110.0
648.76	110.0
446.16	111.0
454.72	111.0
460.76	111.0
478.08	111.0
493.2	111.0
499.96	111.0
504.0	111.0
507.8	111.0
511.12	111.0
516.08	111.0
519.92	111.0
525.8	111.0
534.52	111.0
544.8	111.0
552.44	111.0
556.96	111.0
567.72	111.0
574.12	111.0
579.04	111.0
598.44	111.0
606.64	111.0
616.32	111.0
626.4	111.0
633.16	111.0
642.52	111.0
648.2	111.0
698.72	111.0
705.56	111.0
711.2	111.0
721.88	111.0
727.36	111.0
732.36	111.0
736.44	111.0
755.24	111.0
769.92	111.0
774.48	111.0
814.64	111.0
836.0	111.0
853.0	111.0
866.48	111.0
879.44	111.0
888.64	111.0
908.6	111.0
915.0	111.0
924.92	111.0
933.4	111.0
958.8	111.0
966.6	111.0
973.56	111.0
998.6	111.0
1006.8	111.0
1016.2	111.0
1036.48	111.0
1059.16	111.0
1064.32	111.0
1077.28	111.0
1094.36	111.0
1118.28	111.0
1124.48	111.0
1139.28	111.0
1149.68	111.0
1159.6	111.0
1171.96	111.0
1185.0	111.0
1206.04	111.0
1210.92	111.0
1230.96	111.0
1264.24	111.0
1284.2	111.0
1304.68	111.0
1326.24	111.0
1330.24	111.0
1340.8	111.0
1356.88	111.0
1367.68	111.0
1386.92	111.0
1409.2	111.0
1023.36	112.0
728.4	112.0
529.52	113.0
610.4	113.0
628.2	113.0
1167.44	113.0
1284.2	113.0
486.04	114.0
507.36	114.0
526.16	114.0
552.68	114.0
560.12	114.0
650.92	114.0
670.68	114.0
676.84	114.0
699.08	114.0
707.76	114.0
727.12	114.0
749.76	114.0
773.84	114.0
807.96	114.0
813.84	114.0
851.6	114.0
1116.04	114.0
1266.32	114.0
461.28	115.0
479.28	115.0
490.96	115.0
904.8	115.0
1119.24	115.0
1205.44	115.0
1257.08	115.0
1357.52	115.0
1405.68	115.0
629.24	116.0
513.64	117.0
557.0	117.0
612.72	117.0
616.4	117.0
728.6	117.0
754.76	117.0
784.6	117.0
475.48	117.0
511.12	117.0
544.08	117.0
562.92	117.0
571.0	117.0
607.48	117.0
623.96	117.0
648.68	117.0
660.08	117.0
680.96	117.0
716.68	117.0
723.6	117.0
746.04	117.0
787.6	117.0
792.92	117.0
843.96	117.0
886.12	117.0
944.08	117.0
1014.2	117.0
1034.16	117.0
1098.24	117.0
1177.92	117.0
1259.2	117.0
653.08	120.0
513.96	120.0
527.68	120.0
550.24	120.0
555.2	120.0
561.48	120.0
600.0	120.0
618.16	120.0
705.76	120.0
709.88	120.0
752.12	120.0
792.0	120.0
891.04	120.0
992.88	120.0
1013.84	120.0
1231.84	120.0
1276.52	120.0
