303.2	97.0
815.88	97.0
56.48	97.0
321.0	97.0
396.48	97.0
32.76	99.0
223.64	99.0
267.04	99.0
351.4	99.0
393.72	99.0
469.56	99.0
650.16	99.0
708.6	99.0
807.76	99.0
857.8	99.0
969.8	99.0
132.36	103.0
967.4	103.0
1018.64	105.0
476.8	105.0
303.04	106.0
192.92	107.0
422.88	107.0
770.76	107.0
889.96	107.0
1014.92	107.0
1152.08	107.0
2.84	108.0
292.28	108.0
10.68	108.0
23.64	108.0
33.04	108.0
36.44	108.0
48.24	108.0
63.8	108.0
84.88	108.0
92.8	108.0
97.6	108.0
164.2	108.0
175.04	108.0
201.84	108.0
216.68	108.0
257.24	108.0
263.4	108.0
270.56	108.0
321.88	108.0
341.28	108.0
355.4	108.0
392.2	108.0
417.36	108.0
453.16	108.0
472.04	108.0
492.68	108.0
598.4	108.0
613.92	108.0
641.16	108.0
645.88	108.0
690.84	108.0
776.4	108.0
856.6	108.0
860.56	108.0
899.84	108.0
909.44	108.0
929.24	108.0
1017.4	108.0
1020.2	108.0
1028.28	108.0
1031.0	108.0
1093.2	108.0
1167.52	108.0
13.44	109.0
53.36	109.0
95.04	109.0
113.48	109.0
135.24	109.0
143.92	109.0
165.12	109.0
178.44	109.0
201.28	109.0
233.08	109.0
287.84	109.0
309.88	109.0
331.04	109.0
358.28	109.0
387.36	109.0
434.8	109.0
472.28	109.0
649.8	109.0
700.16	109.0
725.92	109.0
870.68	109.0
965.08	109.0
1019.8	109.0
1188.36	109.0
36.0	110.0
147.8	110.0
692.88	110.0
18.68	111.0
26.04	111.0
50.88	111.0
57.08	111.0
65.44	111.0
72.2	111.0
83.08	111.0
87.84	111.0
94.0	111.0
99.76	111.0
108.56	111.0
114.76	111.0
118.64	111.0
133.32	111.0
142.92	111.0
147.28	111.0
158.24	111.0
177.96	111.0
184.04	111.0
192.48	111.0
202.76	111.0
217.8	111.0
225.64	111.0
241.32	111.0
247.16	111.0
298.68	111.0
309.6	111.0
319.52	111.0
323.96	111.0
329.12	111.0
345.04	111.0
356.04	111.0
363.28	111.0
377.16	111.0
389.2	111.0
418.32	111.0
430.24	111.0
438.32	111.0
443.64	111.0
449.12	111.0
503.16	111.0
513.4	111.0
527.12	111.0
544.32	111.0
563.0	111.0
571.16	111.0
588.84	111.0
607.4	111.0
618.96	111.0
638.6	111.0
649.08	111.0
664.36	111.0
702.84	111.0
718.96	111.0
725.64	111.0
742.68	111.0
758.84	111.0
815.04	111.0
837.96	111.0
854.8	111.0
868.88	111.0
880.4	111.0
894.0	111.0
914.96	111.0
936.96	111.0
960.4	111.0
984.8	111.0
995.2	111.0
1012.56	111.0
1018.12	111.0
1041.08	111.0
1055.68	111.0
1083.52	111.0
1095.96	111.0
1128.56	111.0
1148.64	111.0
1152.92	111.0
1184.68	111.0
1220.92	111.0
1255.48	111.0
1283.16	111.0
83.24	112.0
541.72	112.0
86.2	113.0
132.84	113.0
636.04	113.0
734.88	113.0
1092.32	113.0
1122.72	113.0
43.8	114.0
156.72	114.0
21.04	114.0
109.08	114.0
254.16	114.0
263.4	114.0
290.52	114.0
434.72	114.0
440.32	114.0
476.56	114.0
668.08	114.0
755.36	114.0
1001.12	114.0
1079.76	114.0
285.2	115.0
414.44	115.0
494.0	115.0
795.2	115.0
856.16	115.0
896.12	115.0
1013.6	115.0
1082.64	115.0
1185.76	115.0
1246.96	115.0
36.44	116.0
30.52	117.0
107.16	117.0
262.64	117.0
2.52	117.0
7.08	117.0
47.28	117.0
51.6	117.0
84.36	117.0
92.84	117.0
153.32	117.0
159.44	117.0
233.68	117.0
236.44	117.0
316.4	117.0
324.56	117.0
392.64	117.0
423.8	117.0
453.56	117.0
496.68	117.0
587.32	117.0
590.88	117.0
747.4	117.0
838.04	117.0
972.24	117.0
1062.92	117.0
1081.12	117.0
1143.2	117.0
1206.2	117.0
1085.2	119.0
7.96	120.0
93.04	120.0
126.68	120.0
148.2	120.0
266.88	120.0
291.64	120.0
373.24	120.0
560.28	120.0
726.88	120.0
813.52	120.0
1045.8	120.0
1275.68	120.0
