680.4	96.0
701.4	96.0
628.92	96.0
732.88	96.0
302.8	97.0
472.76	97.0
599.28	97.0
612.92	97.0
649.04	97.0
653.0	97.0
914.36	97.0
957.76	97.0
1463.8	97.0
620.24	98.0
592.04	99.0
618.56	99.0
646.44	99.0
675.52	99.0
693.88	99.0
789.2	99.0
822.28	99.0
862.44	99.0
896.12	99.0
1004.68	99.0
1097.68	99.0
1160.36	99.0
1214.48	99.0
1265.0	99.0
1317.08	99.0
1368.0	99.0
1442.48	99.0
665.48	100.0
306.88	105.0
660.88	105.0
302.64	106.0
715.08	106.0
739.04	106.0
773.08	106.0
808.12	106.0
834.16	106.0
882.12	106.0
634.4	107.0
562.96	107.0
595.28	107.0
607.28	107.0
618.28	107.0
638.4	107.0
708.28	107.0
660.08	108.0
1265.28	108.0
554.56	108.0
576.84	108.0
588.16	108.0
593.04	108.0
597.68	108.0
602.04	108.0
608.44	108.0
616.48	108.0
620.6	108.0
626.68	108.0
635.52	108.0
646.68	108.0
653.96	108.0
656.48	108.0
676.24	108.0
682.32	108.0
687.28	108.0
697.48	108.0
701.96	108.0
704.48	108.0
713.68	108.0
722.76	108.0
734.08	108.0
742.24	108.0
749.12	108.0
759.64	108.0
787.2	108.0
819.76	108.0
861.52	108.0
897.0	108.0
956.88	108.0
1035.2	108.0
1062.64	108.0
1085.88	108.0
1147.52	108.0
1165.56	108.0
1285.28	108.0
1307.28	108.0
1405.72	108.0
1436.48	108.0
587.44	109.0
601.92	109.0
628.16	109.0
643.36	109.0
681.88	109.0
695.04	109.0
710.84	109.0
733.64	109.0
790.76	109.0
812.2	109.0
839.6	109.0
853.32	109.0
864.16	109.0
882.72	109.0
907.0	109.0
948.76	109.0
1016.16	109.0
1078.08	109.0
1151.36	109.0
1215.68	109.0
1307.76	109.0
1418.04	109.0
558.92	110.0
631.6	110.0
613.36	110.0
622.0	110.0
636.52	110.0
661.88	110.0
666.08	110.0
687.88	110.0
702.4	110.0
721.76	110.0
1304.84	110.0
667.88	111.0
694.36	111.0
531.2	111.0
546.12	111.0
553.48	111.0
568.0	111.0
573.16	111.0
582.28	111.0
588.32	111.0
593.36	111.0
599.64	111.0
604.96	111.0
610.52	111.0
621.48	111.0
641.48	111.0
646.48	111.0
659.92	111.0
675.08	111.0
700.56	111.0
704.72	111.0
721.16	111.0
749.08	111.0
761.76	111.0
786.2	111.0
846.04	111.0
851.76	111.0
864.68	111.0
912.12	111.0
924.04	111.0
944.24	111.0
955.16	111.0
975.0	111.0
982.56	111.0
997.12	111.0
1015.28	111.0
1042.04	111.0
1053.48	111.0
1069.64	111.0
1103.24	111.0
1124.04	111.0
1130.76	111.0
1151.12	111.0
1167.04	111.0
1176.12	111.0
1185.0	111.0
1190.64	111.0
1205.68	111.0
1211.88	111.0
1225.16	111.0
1238.6	111.0
1263.0	111.0
1283.92	111.0
1316.48	111.0
1335.52	111.0
1346.08	111.0
1358.04	111.0
1365.16	111.0
1407.72	111.0
1460.96	111.0
1468.52	111.0
660.48	112.0
701.72	112.0
637.24	113.0
741.08	113.0
1050.96	113.0
1075.96	113.0
582.44	114.0
558.84	114.0
586.84	114.0
595.96	114.0
607.6	114.0
611.64	114.0
620.4	114.0
626.52	114.0
632.04	114.0
639.64	114.0
648.8	114.0
654.04	114.0
670.76	114.0
678.28	114.0
814.32	114.0
864.24	114.0
885.44	114.0
912.76	114.0
949.12	114.0
996.24	114.0
1100.24	114.0
1303.68	114.0
1434.36	114.0
464.88	115.0
489.68	115.0
540.4	115.0
583.28	115.0
879.96	115.0
1070.88	115.0
1148.0	115.0
1285.68	115.0
1422.56	115.0
547.96	116.0
613.36	116.0
636.48	116.0
687.8	116.0
702.28	116.0
721.68	116.0
1054.08	116.0
595.52	117.0
615.92	117.0
407.68	117.0
547.92	117.0
582.8	117.0
627.2	117.0
660.08	117.0
663.64	117.0
667.84	117.0
694.2	117.0
702.72	117.0
721.76	117.0
781.76	117.0
786.72	117.0
846.56	117.0
1380.96	117.0
628.08	120.0
587.52	120.0
648.16	120.0
686.6	120.0
708.48	120.0
766.68	120.0
834.4	120.0
948.96	120.0
1086.16	120.0
1138.12	120.0
