12.84	97.0
36.4	97.0
59.0	97.0
1237.84	97.0
65.44	97.0
84.44	97.0
96.0	97.0
152.76	97.0
394.4	97.0
882.28	97.0
49.76	99.0
74.84	99.0
83.76	99.0
123.48	99.0
156.2	99.0
179.08	99.0
276.28	99.0
327.84	99.0
356.92	99.0
427.76	99.0
455.52	99.0
497.04	99.0
685.0	99.0
732.04	99.0
792.52	99.0
880.0	99.0
974.16	99.0
1134.28	99.0
1236.28	105.0
130.36	106.0
172.16	106.0
193.36	106.0
213.96	106.0
237.76	106.0
303.16	106.0
351.88	106.0
486.76	106.0
29.48	107.0
211.36	107.0
8.2	107.0
58.24	107.0
95.24	107.0
115.08	107.0
5.72	108.0
10.6	108.0
17.12	108.0
30.44	108.0
33.72	108.0
41.92	108.0
47.32	108.0
57.68	108.0
65.76	108.0
74.2	108.0
79.16	108.0
81.92	108.0
90.44	108.0
108.28	108.0
117.08	108.0
120.12	108.0
129.48	108.0
142.2	108.0
154.44	108.0
162.36	108.0
173.52	108.0
184.2	108.0
188.48	108.0
213.32	108.0
227.04	108.0
250.92	108.0
255.2	108.0
263.04	108.0
283.6	108.0
287.76	108.0
354.4	108.0
371.6	108.0
383.12	108.0
387.56	108.0
397.28	108.0
409.16	108.0
492.88	108.0
530.28	108.0
566.2	108.0
614.08	108.0
639.96	108.0
669.68	108.0
725.68	108.0
753.36	108.0
770.32	108.0
776.32	108.0
831.4	108.0
940.6	108.0
946.44	108.0
964.32	108.0
997.92	108.0
1056.72	108.0
1105.8	108.0
1119.84	108.0
1161.56	108.0
1229.44	108.0
61.88	109.0
77.44	109.0
90.16	109.0
119.72	109.0
142.64	109.0
187.16	109.0
273.68	109.0
287.36	109.0
319.64	109.0
330.92	109.0
353.96	109.0
377.6	109.0
390.8	109.0
408.64	109.0
452.76	109.0
467.68	109.0
514.4	109.0
535.36	109.0
588.16	109.0
637.92	109.0
727.64	109.0
844.64	109.0
921.84	109.0
1065.64	109.0
30.44	110.0
140.16	110.0
76.4	110.0
107.96	110.0
149.08	110.0
2.84	111.0
6.88	111.0
11.52	111.0
19.8	111.0
24.72	111.0
31.2	111.0
35.84	111.0
40.36	111.0
54.72	111.0
58.52	111.0
67.48	111.0
77.24	111.0
92.84	111.0
96.44	111.0
111.08	111.0
115.64	111.0
134.6	111.0
142.88	111.0
148.08	111.0
157.24	111.0
162.8	111.0
168.2	111.0
172.24	111.0
176.48	111.0
182.16	111.0
188.4	111.0
194.76	111.0
210.56	111.0
214.36	111.0
225.16	111.0
249.44	111.0
291.72	111.0
305.72	111.0
323.44	111.0
360.36	111.0
368.68	111.0
373.6	111.0
384.48	111.0
395.24	111.0
417.44	111.0
424.64	111.0
440.88	111.0
454.32	111.0
460.0	111.0
469.12	111.0
490.92	111.0
499.28	111.0
513.04	111.0
521.48	111.0
530.64	111.0
535.84	111.0
555.0	111.0
577.6	111.0
586.64	111.0
606.92	111.0
626.08	111.0
634.4	111.0
640.28	111.0
651.68	111.0
663.0	111.0
698.56	111.0
710.36	111.0
719.24	111.0
788.44	111.0
792.76	111.0
806.16	111.0
817.84	111.0
835.16	111.0
882.44	111.0
896.96	111.0
905.48	111.0
914.56	111.0
939.32	111.0
1002.4	111.0
1018.52	111.0
1029.44	111.0
1053.8	111.0
1064.72	111.0
1082.12	111.0
1102.64	111.0
1124.16	111.0
1136.76	111.0
1150.6	111.0
1168.72	111.0
1196.16	111.0
1236.84	111.0
1291.84	111.0
1300.72	111.0
148.36	112.0
433.0	113.0
23.16	113.0
95.44	113.0
117.36	113.0
239.96	113.0
254.96	113.0
562.8	113.0
1238.12	114.0
16.44	114.0
34.28	114.0
143.36	114.0
162.6	114.0
173.88	114.0
188.52	114.0
200.88	114.0
213.48	114.0
268.56	114.0
438.04	114.0
818.24	114.0
754.64	115.0
861.48	115.0
1104.04	115.0
1259.36	115.0
107.88	116.0
1237.4	116.0
42.0	117.0
174.2	117.0
409.08	117.0
9.32	117.0
12.12	117.0
18.72	117.0
31.72	117.0
58.72	117.0
61.72	117.0
87.0	117.0
92.64	117.0
97.08	117.0
140.2	117.0
151.84	117.0
159.68	117.0
177.12	117.0
192.0	117.0
214.52	117.0
232.24	117.0
272.88	117.0
352.92	117.0
370.32	117.0
418.12	117.0
459.8	117.0
498.44	117.0
878.52	117.0
174.24	120.0
4.48	120.0
30.08	120.0
58.28	120.0
71.6	120.0
161.32	120.0
189.32	120.0
286.52	120.0
642.92	120.0
691.08	120.0
750.8	120.0
820.88	120.0
1127.96	120.0
1218.0	120.0
