151.56	99.0
159.48	99.0
311.84	99.0
71.16	107.0
197.68	107.0
404.76	107.0
9.96	108.0
54.36	108.0
109.36	108.0
123.56	108.0
164.88	108.0
318.64	108.0
337.4	108.0
341.96	108.0
356.52	108.0
369.0	108.0
449.68	108.0
76.0	109.0
309.56	109.0
368.56	109.0
477.6	109.0
199.6	110.0
11.28	111.0
23.88	111.0
37.28	111.0
47.32	111.0
63.44	111.0
79.4	111.0
146.32	111.0
161.0	111.0
171.36	111.0
198.92	111.0
222.72	111.0
249.36	111.0
255.88	111.0
280.36	111.0
291.68	111.0
309.32	111.0
349.2	111.0
365.44	111.0
389.16	111.0
450.68	111.0
464.96	111.0
104.24	113.0
415.96	113.0
171.2	114.0
236.88	114.0
28.32	114.0
257.4	114.0
317.04	114.0
356.84	114.0
102.04	115.0
189.96	115.0
278.0	115.0
381.36	115.0
443.96	115.0
526.88	115.0
349.84	116.0
4.8	117.0
197.96	117.0
220.88	117.0
228.68	117.0
296.48	117.0
342.84	117.0
186.76	120.0
327.44	120.0
352.16	120.0
