1009.36	96.0
613.88	96.0
662.12	96.0
465.16	97.0
632.56	97.0
714.44	97.0
800.6	97.0
882.52	97.0
602.88	99.0
616.16	99.0
623.24	99.0
653.2	99.0
668.32	99.0
688.72	99.0
719.2	99.0
749.88	99.0
789.72	99.0
851.76	99.0
859.48	99.0
902.52	99.0
1046.36	99.0
1099.56	99.0
1216.56	99.0
1293.48	99.0
717.96	103.0
647.52	103.0
586.28	105.0
662.36	105.0
692.68	106.0
781.6	106.0
799.96	106.0
863.84	106.0
922.0	106.0
573.64	107.0
1047.6	107.0
1077.36	107.0
570.44	107.0
600.72	107.0
628.92	107.0
639.2	107.0
690.8	107.0
862.24	107.0
1054.32	108.0
575.68	108.0
594.84	108.0
608.76	108.0
611.4	108.0
614.0	108.0
624.08	108.0
631.92	108.0
636.84	108.0
641.52	108.0
651.12	108.0
654.28	108.0
663.6	108.0
667.28	108.0
672.2	108.0
676.84	108.0
689.72	108.0
697.52	108.0
709.48	108.0
719.56	108.0
733.32	108.0
756.16	108.0
763.08	108.0
780.48	108.0
786.32	108.0
799.76	108.0
849.08	108.0
864.6	108.0
870.12	108.0
887.28	108.0
904.84	108.0
919.0	108.0
926.92	108.0
989.88	108.0
1024.32	108.0
1033.12	108.0
1073.92	108.0
1094.72	108.0
1149.96	108.0
1166.56	108.0
1231.96	108.0
1257.56	108.0
1262.4	108.0
1269.36	108.0
1283.08	108.0
589.64	109.0
641.16	109.0
663.24	109.0
677.92	109.0
720.24	109.0
732.28	109.0
749.08	109.0
788.72	109.0
799.36	109.0
820.24	109.0
848.72	109.0
865.96	109.0
886.88	109.0
904.48	109.0
924.28	109.0
951.68	109.0
978.72	109.0
1020.64	109.0
1053.2	109.0
1118.36	109.0
1177.2	109.0
649.24	110.0
652.36	110.0
759.12	110.0
612.92	110.0
615.56	110.0
640.24	110.0
693.36	110.0
726.4	110.0
1008.72	110.0
361.88	111.0
550.88	111.0
556.16	111.0
563.0	111.0
567.92	111.0
573.92	111.0
582.68	111.0
585.64	111.0
603.28	111.0
611.6	111.0
617.28	111.0
624.52	111.0
633.48	111.0
637.56	111.0
646.16	111.0
650.12	111.0
654.88	111.0
659.6	111.0
664.72	111.0
681.44	111.0
687.92	111.0
692.72	111.0
696.92	111.0
709.76	111.0
736.92	111.0
743.68	111.0
754.56	111.0
762.08	111.0
770.96	111.0
796.92	111.0
804.04	111.0
826.28	111.0
835.92	111.0
865.16	111.0
902.0	111.0
914.56	111.0
918.96	111.0
931.8	111.0
951.96	111.0
962.28	111.0
974.04	111.0
991.16	111.0
997.68	111.0
1007.04	111.0
1020.4	111.0
1062.08	111.0
1095.28	111.0
1103.32	111.0
1122.32	111.0
1151.4	111.0
1160.0	111.0
1172.28	111.0
1212.72	111.0
1223.52	111.0
1228.8	111.0
1234.92	111.0
1255.28	111.0
1272.12	111.0
1280.12	111.0
1285.08	111.0
711.68	112.0
808.72	112.0
575.24	112.0
703.92	112.0
739.0	112.0
951.52	112.0
625.04	113.0
693.16	113.0
718.64	113.0
1094.08	113.0
554.88	114.0
572.72	114.0
615.96	114.0
625.12	114.0
635.96	114.0
639.52	114.0
674.88	114.0
694.48	114.0
717.08	114.0
720.56	114.0
747.84	114.0
765.84	114.0
799.64	114.0
872.28	114.0
974.44	114.0
1248.56	114.0
1267.56	114.0
378.76	115.0
557.64	115.0
903.32	115.0
1093.84	115.0
615.52	116.0
651.36	116.0
593.44	117.0
596.56	117.0
629.16	117.0
650.56	117.0
546.16	117.0
589.32	117.0
607.56	117.0
624.08	117.0
639.2	117.0
671.12	117.0
679.76	117.0
710.56	117.0
714.84	117.0
734.68	117.0
760.16	117.0
770.36	117.0
793.76	117.0
801.16	117.0
821.88	117.0
828.88	117.0
851.4	117.0
860.52	117.0
879.28	117.0
905.2	117.0
945.96	117.0
960.56	117.0
975.96	117.0
1183.68	117.0
710.96	119.0
758.12	119.0
583.2	120.0
587.48	120.0
602.56	120.0
605.96	120.0
608.64	120.0
615.32	120.0
658.04	120.0
673.84	120.0
711.48	120.0
836.72	120.0
908.76	120.0
985.84	120.0
1076.32	120.0
