860.28	96.0
885.84	96.0
921.76	96.0
304.04	97.0
662.92	97.0
712.56	97.0
851.6	97.0
829.76	97.0
903.28	97.0
1019.68	97.0
709.92	99.0
750.84	99.0
808.28	99.0
884.68	99.0
1039.28	99.0
1120.96	99.0
1153.44	99.0
1181.44	99.0
1233.28	99.0
1308.48	99.0
742.76	105.0
303.2	105.0
806.28	105.0
816.24	105.0
1064.64	105.0
303.68	106.0
851.56	106.0
881.28	106.0
909.84	106.0
943.2	106.0
1003.24	106.0
1018.64	106.0
1062.48	106.0
1108.64	106.0
1139.28	106.0
1212.84	106.0
1319.48	106.0
757.6	107.0
837.08	107.0
848.52	107.0
732.04	107.0
792.6	107.0
946.04	107.0
674.56	108.0
693.88	108.0
700.08	108.0
705.28	108.0
709.08	108.0
712.52	108.0
722.76	108.0
739.88	108.0
753.92	108.0
766.96	108.0
770.56	108.0
777.32	108.0
796.2	108.0
800.4	108.0
804.84	108.0
817.28	108.0
823.28	108.0
833.72	108.0
839.76	108.0
843.56	108.0
847.72	108.0
861.64	108.0
864.32	108.0
871.24	108.0
877.24	108.0
894.56	108.0
898.76	108.0
921.72	108.0
928.56	108.0
936.72	108.0
958.32	108.0
984.36	108.0
997.56	108.0
1000.48	108.0
1006.56	108.0
1018.16	108.0
1032.72	108.0
1055.44	108.0
1065.32	108.0
1121.92	108.0
1156.92	108.0
1178.24	108.0
1213.72	108.0
1233.32	108.0
1305.92	108.0
1329.0	108.0
1355.12	108.0
695.36	109.0
724.52	109.0
740.32	109.0
766.48	109.0
779.8	109.0
792.36	109.0
819.48	109.0
850.96	109.0
898.32	109.0
927.2	109.0
960.88	109.0
977.24	109.0
993.6	109.0
1019.08	109.0
1065.0	109.0
1123.68	109.0
1197.76	109.0
1232.96	109.0
1272.24	109.0
1293.84	109.0
1329.96	109.0
1386.4	109.0
737.76	110.0
751.24	110.0
782.32	110.0
819.04	110.0
898.0	110.0
976.6	110.0
631.6	111.0
637.2	111.0
649.28	111.0
667.56	111.0
679.92	111.0
692.04	111.0
696.2	111.0
711.64	111.0
722.44	111.0
725.8	111.0
729.84	111.0
732.92	111.0
737.92	111.0
750.4	111.0
756.84	111.0
760.6	111.0
777.12	111.0
780.88	111.0
803.2	111.0
811.24	111.0
818.76	111.0
824.72	111.0
857.4	111.0
864.68	111.0
868.2	111.0
881.72	111.0
894.48	111.0
898.2	111.0
904.76	111.0
937.32	111.0
950.6	111.0
960.6	111.0
970.16	111.0
975.92	111.0
991.96	111.0
998.4	111.0
1019.64	111.0
1024.32	111.0
1047.64	111.0
1089.64	111.0
1096.48	111.0
1119.12	111.0
1130.32	111.0
1144.0	111.0
1196.4	111.0
1215.76	111.0
1228.08	111.0
1235.24	111.0
1246.6	111.0
1261.92	111.0
1300.84	111.0
1328.2	111.0
1378.04	111.0
825.2	112.0
880.84	112.0
962.56	112.0
830.4	113.0
861.44	113.0
876.24	113.0
912.28	113.0
925.0	113.0
961.72	113.0
1296.28	113.0
1327.76	113.0
1386.08	113.0
750.64	114.0
759.88	114.0
765.88	114.0
795.96	114.0
806.08	114.0
811.32	114.0
819.04	114.0
835.72	114.0
878.24	114.0
896.16	114.0
909.12	114.0
956.68	114.0
1038.04	114.0
1064.4	114.0
1081.6	114.0
1118.2	114.0
1188.08	114.0
1195.32	114.0
1324.64	114.0
633.12	115.0
650.64	115.0
693.52	115.0
1212.68	115.0
762.28	115.0
1215.2	115.0
751.16	116.0
761.24	116.0
819.0	116.0
897.92	116.0
649.6	117.0
750.16	117.0
769.28	117.0
802.52	117.0
819.12	117.0
1082.32	117.0
616.2	117.0
739.48	117.0
763.52	117.0
795.88	117.0
816.0	117.0
850.52	117.0
863.72	117.0
866.92	117.0
883.6	117.0
889.04	117.0
905.32	117.0
919.04	117.0
950.08	117.0
956.68	117.0
959.6	117.0
1003.68	117.0
1019.68	117.0
1096.96	117.0
1193.68	117.0
1210.52	117.0
1216.36	117.0
1258.2	117.0
1262.48	117.0
1325.48	117.0
1124.88	119.0
801.88	120.0
752.12	120.0
770.52	120.0
790.76	120.0
793.28	120.0
812.04	120.0
840.72	120.0
876.4	120.0
880.32	120.0
898.0	120.0
915.32	120.0
957.76	120.0
965.04	120.0
996.72	120.0
1009.28	120.0
1037.76	120.0
1099.92	120.0
1169.36	120.0
1260.0	120.0
1315.6	120.0
1380.44	120.0
