836.8	96.0
1364.8	97.0
81.68	99.0
151.92	99.0
195.64	99.0
304.08	99.0
441.48	99.0
638.28	99.0
725.36	99.0
926.0	99.0
943.2	99.0
97.84	106.0
505.56	107.0
72.92	108.0
1229.24	108.0
5.8	108.0
30.8	108.0
44.68	108.0
102.2	108.0
124.08	108.0
127.36	108.0
134.84	108.0
149.12	108.0
218.4	108.0
266.12	108.0
279.96	108.0
397.24	108.0
402.04	108.0
417.92	108.0
523.32	108.0
566.24	108.0
579.12	108.0
585.28	108.0
593.12	108.0
727.4	108.0
794.32	108.0
866.44	108.0
944.52	108.0
1010.6	108.0
1096.56	108.0
1118.2	108.0
1216.76	108.0
1246.96	108.0
1277.52	108.0
1316.8	108.0
1325.32	108.0
1349.0	108.0
1423.6	108.0
1435.96	108.0
29.56	109.0
77.2	109.0
127.44	109.0
168.4	109.0
207.2	109.0
231.88	109.0
400.72	109.0
580.84	109.0
693.92	109.0
830.64	109.0
889.0	109.0
927.32	109.0
1059.16	109.0
1104.68	109.0
1148.32	109.0
1219.12	109.0
1302.48	109.0
1334.04	109.0
448.28	110.0
4.64	111.0
22.72	111.0
30.36	111.0
43.52	111.0
55.8	111.0
71.48	111.0
76.88	111.0
93.28	111.0
107.96	111.0
147.8	111.0
156.16	111.0
168.44	111.0
178.76	111.0
204.92	111.0
261.36	111.0
268.36	111.0
278.6	111.0
296.64	111.0
315.36	111.0
329.4	111.0
343.28	111.0
371.4	111.0
386.92	111.0
399.84	111.0
410.4	111.0
419.24	111.0
467.56	111.0
476.2	111.0
502.52	111.0
535.8	111.0
545.96	111.0
573.88	111.0
585.92	111.0
598.36	111.0
611.76	111.0
644.56	111.0
659.88	111.0
670.76	111.0
693.88	111.0
707.36	111.0
749.32	111.0
767.08	111.0
803.12	111.0
839.28	111.0
870.2	111.0
883.24	111.0
895.92	111.0
917.92	111.0
961.24	111.0
975.68	111.0
1002.68	111.0
1021.36	111.0
1028.92	111.0
1058.64	111.0
1098.4	111.0
1111.56	111.0
1143.16	111.0
1200.28	111.0
1219.24	111.0
1250.96	111.0
1256.64	111.0
1274.4	111.0
1307.92	111.0
1323.8	111.0
1376.08	111.0
1399.4	111.0
1407.72	111.0
1429.16	111.0
58.76	113.0
419.24	113.0
777.36	113.0
940.6	113.0
1312.52	113.0
75.92	114.0
97.76	114.0
120.84	114.0
124.92	114.0
180.64	114.0
367.0	114.0
469.4	114.0
540.84	114.0
576.92	114.0
735.12	114.0
1245.16	114.0
1271.04	114.0
1312.76	114.0
1324.6	114.0
1361.36	114.0
1384.76	114.0
1425.96	114.0
1463.96	114.0
92.44	115.0
388.48	115.0
571.72	115.0
411.0	116.0
1250.76	117.0
203.8	117.0
994.24	117.0
1123.92	117.0
1148.4	117.0
1347.88	117.0
386.92	119.0
119.8	120.0
553.64	120.0
911.68	120.0
