944.28	96.0
1101.92	96.0
641.72	96.0
1041.28	96.0
303.8	97.0
701.76	97.0
776.2	97.0
844.04	97.0
971.96	97.0
428.16	99.0
611.64	99.0
819.32	99.0
934.36	99.0
1167.2	99.0
97.4	101.0
1016.2	105.0
1066.2	105.0
1159.36	105.0
303.6	106.0
351.16	107.0
289.4	107.0
342.68	107.0
500.36	107.0
920.12	107.0
1063.16	107.0
353.4	108.0
411.8	108.0
423.16	108.0
438.84	108.0
452.6	108.0
466.36	108.0
477.92	108.0
506.12	108.0
527.48	108.0
543.76	108.0
574.04	108.0
642.72	108.0
665.52	108.0
691.08	108.0
694.32	108.0
699.2	108.0
719.4	108.0
772.6	108.0
780.88	108.0
785.84	108.0
839.44	108.0
842.8	108.0
854.52	108.0
864.76	108.0
879.04	108.0
896.8	108.0
958.48	108.0
964.24	108.0
1019.0	108.0
1022.36	108.0
1030.88	108.0
1045.72	108.0
1056.16	108.0
1066.4	108.0
1082.88	108.0
1099.32	108.0
1102.04	108.0
1116.96	108.0
1129.36	108.0
1139.44	108.0
1159.2	108.0
1178.6	108.0
1198.44	108.0
1202.6	108.0
1286.72	108.0
1304.84	108.0
1328.96	108.0
1357.16	108.0
1389.52	108.0
1456.4	108.0
378.32	109.0
432.6	109.0
465.4	109.0
504.16	109.0
553.48	109.0
596.28	109.0
662.6	109.0
718.32	109.0
749.56	109.0
785.08	109.0
841.28	109.0
895.8	109.0
963.88	109.0
1018.24	109.0
1043.36	109.0
1065.08	109.0
1115.32	109.0
1157.84	109.0
1201.12	109.0
1285.96	109.0
1327.88	109.0
1387.28	109.0
1451.0	109.0
478.32	110.0
634.0	110.0
942.52	110.0
353.52	111.0
364.56	111.0
380.04	111.0
389.4	111.0
415.8	111.0
428.68	111.0
449.72	111.0
464.08	111.0
476.8	111.0
489.68	111.0
503.12	111.0
516.92	111.0
541.96	111.0
555.0	111.0
570.16	111.0
578.2	111.0
595.12	111.0
611.04	111.0
633.44	111.0
661.92	111.0
674.2	111.0
698.96	111.0
715.4	111.0
720.16	111.0
728.48	111.0
748.72	111.0
756.84	111.0
764.52	111.0
781.76	111.0
796.2	111.0
811.92	111.0
821.6	111.0
828.12	111.0
840.64	111.0
853.64	111.0
879.36	111.0
892.0	111.0
894.96	111.0
907.96	111.0
921.6	111.0
936.92	111.0
944.04	111.0
947.72	111.0
963.36	111.0
975.52	111.0
981.12	111.0
987.4	111.0
999.6	111.0
1018.16	111.0
1021.28	111.0
1024.64	111.0
1040.52	111.0
1060.92	111.0
1065.84	111.0
1069.76	111.0
1090.76	111.0
1098.0	111.0
1113.04	111.0
1133.92	111.0
1147.52	111.0
1172.24	111.0
1179.68	111.0
1200.92	111.0
1237.28	111.0
1281.6	111.0
1293.36	111.0
1304.6	111.0
1327.48	111.0
1332.32	111.0
1386.56	111.0
1416.16	111.0
1468.36	111.0
1490.84	111.0
849.72	112.0
484.04	113.0
486.88	113.0
565.96	113.0
696.0	113.0
733.48	113.0
918.6	113.0
1031.16	113.0
950.52	114.0
347.36	114.0
433.12	114.0
441.52	114.0
465.2	114.0
508.36	114.0
546.04	114.0
598.16	114.0
706.0	114.0
750.64	114.0
789.04	114.0
809.48	114.0
842.68	114.0
869.4	114.0
872.04	114.0
886.24	114.0
931.48	114.0
964.8	114.0
1018.28	114.0
1045.0	114.0
1066.0	114.0
1079.6	114.0
1111.76	114.0
1117.04	114.0
1159.12	114.0
1203.56	114.0
1286.48	114.0
1343.12	114.0
1387.92	114.0
1451.28	114.0
325.76	115.0
349.36	115.0
410.64	115.0
504.28	115.0
543.72	115.0
1233.24	115.0
1278.88	115.0
1409.04	115.0
1468.6	115.0
1061.52	116.0
1201.56	116.0
426.0	117.0
471.52	117.0
550.4	117.0
613.2	117.0
699.92	117.0
352.68	117.0
499.92	117.0
564.56	117.0
573.8	117.0
578.64	117.0
743.16	117.0
812.04	117.0
884.08	117.0
891.28	117.0
903.76	117.0
960.56	117.0
1020.36	117.0
1141.52	117.0
1145.52	117.0
1320.08	117.0
1420.44	117.0
604.76	119.0
996.72	119.0
485.36	120.0
507.16	120.0
562.0	120.0
627.28	120.0
703.72	120.0
712.44	120.0
749.08	120.0
834.8	120.0
861.44	120.0
985.96	120.0
1099.12	120.0
1412.2	120.0
