1118.56	96.0
1101.52	96.0
1191.08	96.0
303.64	97.0
958.72	97.0
1080.84	97.0
1098.96	97.0
1132.56	97.0
1146.56	97.0
1187.4	97.0
1220.56	97.0
1030.56	99.0
1081.64	99.0
1148.52	99.0
1178.56	99.0
1213.76	99.0
1239.16	99.0
1367.44	99.0
1421.44	99.0
1081.72	105.0
1140.44	105.0
1345.32	105.0
303.36	106.0
1124.68	106.0
1154.44	106.0
1171.72	106.0
1186.36	106.0
1231.56	106.0
1257.56	106.0
1294.2	106.0
1365.12	106.0
1401.72	106.0
1112.52	107.0
1261.2	107.0
1032.96	107.0
1096.56	107.0
1127.24	107.0
1280.96	107.0
988.64	108.0
1079.12	108.0
1153.08	108.0
1205.2	108.0
1433.56	108.0
971.24	108.0
974.6	108.0
977.16	108.0
985.04	108.0
1005.52	108.0
1008.04	108.0
1012.24	108.0
1021.6	108.0
1047.76	108.0
1058.48	108.0
1083.04	108.0
1106.4	108.0
1112.16	108.0
1125.72	108.0
1137.08	108.0
1145.08	108.0
1168.44	108.0
1182.0	108.0
1192.72	108.0
1201.36	108.0
1216.8	108.0
1235.16	108.0
1238.24	108.0
1242.76	108.0
1255.0	108.0
1279.88	108.0
1323.08	108.0
1365.28	108.0
1402.0	108.0
1448.84	108.0
1452.08	108.0
1476.32	108.0
1483.64	108.0
1114.16	109.0
302.48	109.0
989.16	109.0
1023.68	109.0
1047.68	109.0
1065.76	109.0
1082.12	109.0
1099.36	109.0
1127.0	109.0
1178.92	109.0
1194.88	109.0
1237.6	109.0
1257.56	109.0
1279.48	109.0
1351.28	109.0
1370.52	109.0
1396.32	109.0
1433.92	109.0
1052.96	110.0
1244.2	110.0
1063.08	110.0
1095.92	110.0
1114.16	110.0
1192.24	110.0
1196.84	110.0
924.12	111.0
929.72	111.0
943.96	111.0
950.72	111.0
961.04	111.0
972.64	111.0
977.32	111.0
987.04	111.0
998.08	111.0
1005.96	111.0
1013.76	111.0
1019.76	111.0
1036.84	111.0
1039.92	111.0
1042.44	111.0
1051.24	111.0
1056.32	111.0
1065.52	111.0
1071.16	111.0
1088.6	111.0
1109.08	111.0
1120.2	111.0
1167.24	111.0
1216.08	111.0
1232.48	111.0
1252.96	111.0
1260.32	111.0
1285.48	111.0
1302.2	111.0
1328.88	111.0
1352.16	111.0
1377.84	111.0
1396.12	111.0
1404.52	111.0
1411.16	111.0
1450.84	111.0
1460.96	111.0
1468.56	111.0
1477.28	111.0
1486.64	111.0
1091.52	112.0
1081.32	112.0
1097.68	112.0
1145.88	112.0
1082.0	113.0
1171.28	113.0
1067.8	114.0
1081.56	114.0
1089.36	114.0
1099.2	114.0
1114.24	114.0
1118.76	114.0
1121.28	114.0
1133.8	114.0
1140.16	114.0
1154.84	114.0
1178.16	114.0
1208.72	114.0
1215.72	114.0
1220.28	114.0
1232.96	114.0
1239.64	114.0
1258.28	114.0
1280.84	114.0
1289.32	114.0
1341.4	114.0
1345.12	114.0
1366.24	114.0
1444.88	114.0
922.16	115.0
934.6	115.0
962.44	115.0
1006.04	115.0
1036.64	115.0
1367.48	115.0
1395.52	115.0
1425.84	115.0
1114.08	116.0
1027.28	117.0
1055.92	117.0
1081.48	117.0
1121.32	117.0
1144.88	117.0
980.8	117.0
1005.04	117.0
1035.52	117.0
1072.88	117.0
1078.44	117.0
1095.6	117.0
1100.56	117.0
1106.32	117.0
1113.28	117.0
1116.48	117.0
1125.4	117.0
1131.44	117.0
1142.36	117.0
1167.84	117.0
1171.96	117.0
1196.84	117.0
1233.12	117.0
1239.24	117.0
1262.16	117.0
1280.0	117.0
1323.88	117.0
1340.52	117.0
1390.92	117.0
1405.6	117.0
1049.6	119.0
1175.76	119.0
1064.32	120.0
1077.96	120.0
1083.0	120.0
1118.68	120.0
1132.24	120.0
1172.4	120.0
1191.08	120.0
1326.08	120.0
