349.8	96.0
303.4	97.0
115.48	99.0
6.68	99.0
48.76	99.0
162.72	99.0
323.68	99.0
328.64	99.0
490.8	99.0
569.08	99.0
341.56	105.0
302.8	105.0
303.24	106.0
34.8	107.0
370.16	107.0
19.0	108.0
14.56	108.0
32.64	108.0
62.36	108.0
65.08	108.0
112.68	108.0
156.48	108.0
160.36	108.0
191.16	108.0
201.2	108.0
253.48	108.0
313.16	108.0
335.0	108.0
340.52	108.0
374.24	108.0
378.0	108.0
394.16	108.0
441.96	108.0
487.88	108.0
491.96	108.0
532.2	108.0
585.16	108.0
39.52	109.0
137.64	109.0
190.72	109.0
311.48	109.0
393.76	109.0
270.44	110.0
520.08	110.0
14.56	111.0
29.2	111.0
59.16	111.0
66.72	111.0
89.68	111.0
110.68	111.0
127.24	111.0
144.24	111.0
163.48	111.0
170.56	111.0
186.76	111.0
191.84	111.0
216.52	111.0
227.96	111.0
250.36	111.0
259.52	111.0
270.92	111.0
292.36	111.0
309.76	111.0
327.6	111.0
340.52	111.0
354.24	111.0
370.44	111.0
391.04	111.0
395.56	111.0
425.2	111.0
466.88	111.0
475.16	111.0
493.56	111.0
519.44	111.0
530.56	111.0
546.8	111.0
589.44	111.0
597.36	111.0
638.12	111.0
470.88	113.0
12.0	114.0
637.16	114.0
40.32	114.0
47.2	114.0
313.44	114.0
418.12	114.0
60.84	115.0
211.96	115.0
420.44	115.0
466.32	115.0
578.16	115.0
660.28	115.0
396.16	116.0
434.68	117.0
546.04	117.0
598.12	117.0
175.16	119.0
11.88	120.0
161.56	120.0
248.16	120.0
510.6	120.0
