83.8	96.0
58.08	96.0
584.0	96.0
303.32	97.0
20.76	99.0
90.92	99.0
141.56	99.0
176.6	99.0
249.8	99.0
396.96	99.0
506.2	99.0
618.56	99.0
769.52	99.0
303.2	106.0
650.6	107.0
392.2	107.0
653.64	107.0
999.28	107.0
120.0	108.0
28.36	108.0
36.12	108.0
87.8	108.0
116.28	108.0
173.76	108.0
193.64	108.0
212.6	108.0
236.36	108.0
242.52	108.0
250.92	108.0
258.28	108.0
270.44	108.0
276.52	108.0
306.36	108.0
334.88	108.0
354.48	108.0
377.72	108.0
400.64	108.0
417.76	108.0
442.92	108.0
490.36	108.0
597.88	108.0
603.64	108.0
606.96	108.0
626.96	108.0
631.08	108.0
661.52	108.0
698.64	108.0
779.28	108.0
26.48	109.0
87.48	109.0
115.56	109.0
132.4	109.0
187.68	109.0
216.76	109.0
271.2	109.0
308.08	109.0
354.48	109.0
392.96	109.0
441.92	109.0
554.0	109.0
661.08	109.0
576.2	110.0
8.4	111.0
34.52	111.0
40.68	111.0
60.0	111.0
84.56	111.0
92.64	111.0
105.28	111.0
119.64	111.0
131.84	111.0
146.48	111.0
169.48	111.0
176.48	111.0
185.52	111.0
195.24	111.0
205.52	111.0
213.16	111.0
227.68	111.0
251.24	111.0
307.08	111.0
312.52	111.0
322.12	111.0
333.32	111.0
354.32	111.0
390.8	111.0
395.92	111.0
416.76	111.0
443.68	111.0
486.28	111.0
494.88	111.0
516.0	111.0
530.2	111.0
546.08	111.0
571.52	111.0
603.56	111.0
636.8	111.0
653.56	111.0
687.12	111.0
725.36	111.0
758.96	111.0
775.0	111.0
788.44	111.0
808.36	111.0
89.4	112.0
145.04	113.0
260.44	113.0
287.16	113.0
529.48	113.0
1007.88	114.0
26.6	114.0
376.04	114.0
677.0	114.0
377.28	115.0
444.2	115.0
567.64	115.0
830.04	115.0
1100.4	115.0
80.68	117.0
210.48	117.0
296.0	117.0
333.92	117.0
11.08	120.0
142.68	120.0
276.64	120.0
303.96	120.0
343.48	120.0
528.28	120.0
811.64	120.0
826.0	120.0
