482.84	96.0
529.44	96.0
499.6	96.0
684.96	96.0
303.96	97.0
406.04	97.0
554.96	97.0
352.88	97.0
425.28	97.0
453.68	97.0
628.48	97.0
1007.56	97.0
393.84	99.0
398.32	99.0
422.08	99.0
479.0	99.0
485.92	99.0
502.36	99.0
590.92	99.0
708.36	99.0
747.64	99.0
770.96	99.0
810.8	99.0
855.0	99.0
936.08	99.0
1018.08	99.0
1214.28	99.0
1308.32	99.0
498.84	103.0
400.88	105.0
437.44	105.0
303.76	106.0
554.84	106.0
659.12	106.0
450.72	107.0
395.72	107.0
411.56	107.0
433.04	107.0
468.08	107.0
477.88	107.0
488.32	107.0
588.6	107.0
1190.28	107.0
379.32	108.0
389.88	108.0
392.56	108.0
396.92	108.0
403.12	108.0
411.4	108.0
415.56	108.0
422.08	108.0
425.24	108.0
437.24	108.0
450.16	108.0
454.6	108.0
475.52	108.0
487.28	108.0
495.88	108.0
509.28	108.0
513.32	108.0
527.64	108.0
534.92	108.0
551.56	108.0
566.92	108.0
581.92	108.0
586.08	108.0
601.88	108.0
641.12	108.0
650.8	108.0
669.0	108.0
697.12	108.0
744.44	108.0
788.32	108.0
810.08	108.0
857.84	108.0
861.6	108.0
891.48	108.0
971.44	108.0
981.44	108.0
1037.52	108.0
1096.6	108.0
1099.76	108.0
1132.36	108.0
1184.16	108.0
1216.52	108.0
1233.12	108.0
1242.32	108.0
1250.04	108.0
1269.8	108.0
1327.32	108.0
1389.24	108.0
1418.12	108.0
1429.24	108.0
402.8	109.0
424.8	109.0
464.24	109.0
507.12	109.0
557.72	109.0
585.64	109.0
610.16	109.0
623.76	109.0
651.12	109.0
670.76	109.0
695.04	109.0
720.88	109.0
744.08	109.0
769.76	109.0
794.8	109.0
825.44	109.0
867.92	109.0
919.56	109.0
1041.56	109.0
1116.24	109.0
1226.04	109.0
1451.8	109.0
410.04	110.0
455.0	110.0
422.48	110.0
469.8	110.0
522.8	110.0
322.68	111.0
339.76	111.0
364.6	111.0
370.76	111.0
379.24	111.0
383.2	111.0
389.56	111.0
395.08	111.0
399.24	111.0
403.04	111.0
409.16	111.0
421.16	111.0
428.84	111.0
433.08	111.0
437.68	111.0
441.76	111.0
459.16	111.0
462.56	111.0
470.76	111.0
475.08	111.0
482.28	111.0
486.44	111.0
493.04	111.0
497.64	111.0
502.64	111.0
508.24	111.0
512.2	111.0
519.4	111.0
533.8	111.0
545.36	111.0
554.08	111.0
559.04	111.0
588.52	111.0
591.6	111.0
600.92	111.0
622.32	111.0
649.4	111.0
655.76	111.0
672.08	111.0
680.12	111.0
705.56	111.0
713.4	111.0
735.04	111.0
759.24	111.0
786.08	111.0
803.28	111.0
815.84	111.0
831.96	111.0
850.56	111.0
864.68	111.0
881.08	111.0
889.04	111.0
895.84	111.0
914.24	111.0
931.08	111.0
970.44	111.0
978.32	111.0
988.44	111.0
1015.04	111.0
1027.28	111.0
1039.04	111.0
1081.8	111.0
1099.2	111.0
1118.16	111.0
1131.0	111.0
1171.64	111.0
1183.88	111.0
1194.2	111.0
1207.92	111.0
1216.76	111.0
1247.8	111.0
1267.96	111.0
1290.44	111.0
1322.96	111.0
1347.04	111.0
1358.08	111.0
1374.48	111.0
1380.68	111.0
1408.32	111.0
1431.8	111.0
1465.76	111.0
408.68	112.0
426.92	112.0
474.24	112.0
486.28	112.0
557.16	112.0
588.56	112.0
423.6	113.0
453.44	113.0
464.68	113.0
472.88	113.0
499.64	113.0
515.64	113.0
540.32	113.0
718.2	113.0
918.72	113.0
959.52	113.0
979.4	113.0
1375.16	113.0
1414.72	113.0
372.36	114.0
410.32	114.0
388.6	114.0
436.56	114.0
488.6	114.0
512.64	114.0
558.36	114.0
585.04	114.0
650.28	114.0
767.32	114.0
805.64	114.0
867.52	114.0
888.88	114.0
918.88	114.0
923.24	114.0
1143.08	114.0
1321.16	114.0
284.92	115.0
336.88	115.0
453.8	115.0
912.84	115.0
1151.04	115.0
1323.44	115.0
1429.04	115.0
422.44	116.0
469.76	116.0
522.72	116.0
401.16	117.0
419.4	117.0
436.28	117.0
486.52	117.0
534.6	117.0
284.52	117.0
392.96	117.0
409.72	117.0
452.84	117.0
457.48	117.0
462.64	117.0
474.6	117.0
493.76	117.0
507.6	117.0
512.84	117.0
520.0	117.0
542.88	117.0
555.32	117.0
584.2	117.0
624.64	117.0
638.92	117.0
706.08	117.0
709.24	117.0
794.16	117.0
834.72	117.0
925.0	117.0
1248.24	117.0
817.84	118.0
412.52	119.0
686.04	119.0
1469.56	119.0
456.8	119.0
461.04	119.0
404.52	120.0
422.4	120.0
454.96	120.0
473.76	120.0
480.84	120.0
499.68	120.0
504.16	120.0
563.48	120.0
604.28	120.0
972.4	120.0
1040.44	120.0
1280.64	120.0
1306.56	120.0
1395.76	120.0
