571.44	96.0
302.84	97.0
418.72	97.0
812.44	97.0
544.28	97.0
579.64	97.0
645.12	97.0
592.16	99.0
634.2	99.0
668.52	99.0
824.52	99.0
1098.16	99.0
1186.84	99.0
1266.6	99.0
1338.52	99.0
1060.88	101.0
306.92	105.0
302.64	106.0
578.2	106.0
542.64	107.0
704.32	107.0
720.56	107.0
527.08	107.0
555.16	107.0
587.04	107.0
619.72	107.0
656.52	107.0
827.52	107.0
503.96	108.0
541.04	108.0
550.88	108.0
554.64	108.0
566.4	108.0
570.92	108.0
580.28	108.0
589.92	108.0
594.48	108.0
598.72	108.0
601.6	108.0
613.0	108.0
623.0	108.0
634.88	108.0
643.4	108.0
649.16	108.0
653.24	108.0
659.2	108.0
690.28	108.0
705.6	108.0
714.76	108.0
721.72	108.0
725.32	108.0
745.04	108.0
755.08	108.0
762.48	108.0
772.6	108.0
780.8	108.0
790.92	108.0
808.04	108.0
828.72	108.0
834.36	108.0
849.16	108.0
875.52	108.0
884.64	108.0
900.4	108.0
903.92	108.0
926.32	108.0
957.44	108.0
974.88	108.0
994.04	108.0
997.08	108.0
1010.4	108.0
1062.28	108.0
1142.08	108.0
1155.84	108.0
1162.2	108.0
1216.16	108.0
1228.04	108.0
1236.44	108.0
1280.28	108.0
1327.0	108.0
1339.8	108.0
1342.4	108.0
1359.72	108.0
1369.84	108.0
1383.84	108.0
1446.8	108.0
566.92	109.0
595.2	109.0
635.0	109.0
658.56	109.0
687.48	109.0
787.56	109.0
833.0	109.0
907.44	109.0
931.08	109.0
1000.04	109.0
1059.08	109.0
1143.04	109.0
1183.08	109.0
1252.52	109.0
1328.76	109.0
605.96	110.0
538.24	110.0
656.12	110.0
808.12	110.0
1352.44	110.0
505.36	111.0
513.92	111.0
524.68	111.0
537.68	111.0
548.84	111.0
553.32	111.0
560.64	111.0
572.28	111.0
577.28	111.0
588.32	111.0
593.04	111.0
604.36	111.0
611.72	111.0
621.76	111.0
626.68	111.0
633.16	111.0
639.96	111.0
648.44	111.0
657.2	111.0
665.24	111.0
673.8	111.0
688.8	111.0
695.16	111.0
702.88	111.0
711.04	111.0
717.0	111.0
723.68	111.0
728.92	111.0
737.84	111.0
748.08	111.0
757.92	111.0
766.04	111.0
787.76	111.0
794.0	111.0
801.48	111.0
807.28	111.0
812.84	111.0
836.0	111.0
850.76	111.0
874.0	111.0
890.04	111.0
896.92	111.0
906.76	111.0
925.72	111.0
930.36	111.0
942.96	111.0
962.68	111.0
971.88	111.0
980.52	111.0
991.32	111.0
1007.6	111.0
1023.16	111.0
1037.6	111.0
1060.64	111.0
1091.88	111.0
1101.72	111.0
1107.48	111.0
1121.72	111.0
1139.88	111.0
1149.28	111.0
1182.44	111.0
1187.88	111.0
1206.36	111.0
1214.48	111.0
1245.48	111.0
1258.92	111.0
1275.04	111.0
1282.76	111.0
1289.56	111.0
1294.72	111.0
1326.76	111.0
1357.48	111.0
1364.16	111.0
1381.12	111.0
1397.4	111.0
1417.72	111.0
1442.08	111.0
1451.88	111.0
1464.4	111.0
570.44	113.0
643.92	113.0
863.28	113.0
507.32	114.0
580.16	114.0
657.12	114.0
664.2	114.0
672.96	114.0
790.52	114.0
827.6	114.0
921.6	114.0
971.56	114.0
1036.56	114.0
1104.92	114.0
1143.04	114.0
1148.88	114.0
1184.24	114.0
1263.64	114.0
1293.6	114.0
1322.92	114.0
1356.08	114.0
1386.72	114.0
511.48	115.0
538.76	115.0
589.8	115.0
785.16	115.0
831.12	115.0
888.84	115.0
1141.4	115.0
1203.72	115.0
580.76	117.0
604.68	117.0
653.2	117.0
802.6	117.0
541.52	117.0
577.76	117.0
591.48	117.0
655.8	117.0
671.0	117.0
725.48	117.0
772.44	117.0
830.8	117.0
835.52	117.0
929.08	117.0
1062.4	117.0
1246.08	117.0
1463.96	117.0
592.68	119.0
644.36	120.0
907.24	120.0
1364.6	120.0
