1242.6	96.0
1224.16	96.0
1350.92	96.0
302.88	97.0
1006.76	97.0
1068.4	97.0
1114.08	97.0
1240.0	97.0
1263.56	97.0
1339.4	97.0
1359.44	97.0
1064.08	99.0
1077.0	99.0
1114.32	99.0
1140.52	99.0
1143.92	99.0
1192.04	99.0
1276.16	99.0
1186.88	103.0
306.96	105.0
1141.96	105.0
1218.16	105.0
1310.48	105.0
302.68	106.0
1169.72	107.0
1206.36	107.0
1091.72	107.0
1180.48	107.0
1211.12	107.0
1334.24	107.0
1173.16	108.0
1192.92	108.0
1009.64	108.0
1040.88	108.0
1044.44	108.0
1057.12	108.0
1062.8	108.0
1073.92	108.0
1092.48	108.0
1131.96	108.0
1134.56	108.0
1145.96	108.0
1157.12	108.0
1166.64	108.0
1186.12	108.0
1202.76	108.0
1212.48	108.0
1224.04	108.0
1227.8	108.0
1231.88	108.0
1238.12	108.0
1241.28	108.0
1247.88	108.0
1255.28	108.0
1259.72	108.0
1266.44	108.0
1293.68	108.0
1297.12	108.0
1308.76	108.0
1342.88	108.0
1348.04	108.0
1351.52	108.0
1355.32	108.0
1097.96	109.0
1138.56	109.0
1167.32	109.0
1185.68	109.0
1206.12	109.0
1224.44	109.0
1262.32	109.0
1283.72	109.0
1065.48	110.0
308.52	110.0
969.44	111.0
990.04	111.0
1023.76	111.0
1054.08	111.0
1097.08	111.0
1114.56	111.0
1122.48	111.0
1128.36	111.0
1138.36	111.0
1145.32	111.0
1155.2	111.0
1162.16	111.0
1173.12	111.0
1181.84	111.0
1185.48	111.0
1193.48	111.0
1199.56	111.0
1204.32	111.0
1215.32	111.0
1222.56	111.0
1233.28	111.0
1239.08	111.0
1244.28	111.0
1258.16	111.0
1273.64	111.0
1282.84	111.0
1305.28	111.0
1314.2	111.0
1322.8	111.0
1326.4	111.0
1337.12	111.0
1341.68	111.0
1347.24	111.0
1352.36	111.0
1222.28	112.0
1189.84	113.0
1282.0	113.0
1166.8	114.0
1223.56	114.0
1083.76	114.0
1097.2	114.0
1189.92	114.0
1205.6	114.0
1226.48	114.0
1236.56	114.0
1283.64	114.0
1288.16	114.0
1321.88	114.0
1344.96	114.0
980.76	115.0
1006.56	115.0
1034.24	115.0
1070.6	115.0
1183.04	115.0
1256.8	115.0
1167.96	116.0
1204.6	117.0
1278.48	117.0
1035.08	117.0
1224.04	117.0
1240.08	117.0
1258.8	117.0
1255.72	120.0
1154.08	120.0
1206.24	120.0
1240.12	120.0
