134.04	97.0
273.88	97.0
302.48	97.0
165.48	97.0
183.92	97.0
281.88	97.0
476.16	97.0
115.52	99.0
161.36	99.0
205.32	99.0
264.84	99.0
346.08	99.0
453.36	99.0
590.92	99.0
718.0	99.0
791.04	99.0
989.8	99.0
363.36	105.0
794.6	105.0
302.44	106.0
131.44	107.0
110.92	107.0
134.88	107.0
245.92	107.0
950.8	107.0
451.68	108.0
114.28	108.0
117.0	108.0
125.64	108.0
129.0	108.0
154.12	108.0
167.08	108.0
170.96	108.0
174.52	108.0
201.2	108.0
211.36	108.0
233.6	108.0
285.56	108.0
341.48	108.0
346.2	108.0
353.32	108.0
364.04	108.0
410.68	108.0
433.92	108.0
440.2	108.0
498.12	108.0
506.52	108.0
525.96	108.0
546.24	108.0
585.08	108.0
597.96	108.0
604.48	108.0
616.48	108.0
649.84	108.0
675.88	108.0
682.68	108.0
768.96	108.0
783.08	108.0
802.88	108.0
822.04	108.0
829.24	108.0
880.64	108.0
885.44	108.0
995.88	108.0
1003.28	108.0
1123.12	108.0
1214.32	108.0
1242.64	108.0
1333.68	108.0
1339.36	108.0
113.28	109.0
140.48	109.0
161.4	109.0
184.84	109.0
240.76	109.0
256.72	109.0
285.64	109.0
303.8	109.0
332.56	109.0
363.6	109.0
411.64	109.0
450.64	109.0
472.24	109.0
523.0	109.0
585.56	109.0
659.04	109.0
688.8	109.0
713.48	109.0
750.44	109.0
794.36	109.0
831.76	109.0
885.48	109.0
971.0	109.0
1052.04	109.0
1333.24	109.0
113.6	110.0
322.12	110.0
427.84	111.0
61.76	111.0
72.88	111.0
82.72	111.0
91.68	111.0
101.96	111.0
112.2	111.0
118.64	111.0
124.6	111.0
139.64	111.0
143.88	111.0
150.04	111.0
159.08	111.0
168.56	111.0
173.64	111.0
181.16	111.0
206.2	111.0
211.88	111.0
215.0	111.0
234.4	111.0
264.32	111.0
270.36	111.0
275.16	111.0
283.76	111.0
305.76	111.0
310.96	111.0
344.24	111.0
349.4	111.0
393.4	111.0
447.0	111.0
451.04	111.0
462.8	111.0
488.48	111.0
493.48	111.0
500.0	111.0
521.16	111.0
546.28	111.0
572.04	111.0
584.96	111.0
590.72	111.0
600.76	111.0
619.36	111.0
638.48	111.0
648.92	111.0
671.6	111.0
704.48	111.0
710.08	111.0
721.24	111.0
742.16	111.0
747.16	111.0
775.28	111.0
793.84	111.0
805.68	111.0
816.72	111.0
823.24	111.0
847.48	111.0
857.12	111.0
866.96	111.0
881.48	111.0
897.76	111.0
919.12	111.0
932.6	111.0
957.12	111.0
970.08	111.0
1018.64	111.0
1047.56	111.0
1092.32	111.0
1142.52	111.0
1210.64	111.0
1243.4	111.0
1266.0	111.0
1317.88	111.0
1332.52	111.0
1360.64	111.0
378.4	112.0
217.36	113.0
306.76	113.0
928.68	113.0
105.32	114.0
217.0	114.0
238.96	114.0
292.96	114.0
295.88	114.0
366.64	114.0
429.64	114.0
503.0	114.0
548.6	114.0
579.24	114.0
590.24	114.0
611.6	114.0
675.04	114.0
790.44	114.0
794.4	114.0
972.44	114.0
1206.28	114.0
1334.16	114.0
1340.8	114.0
1352.44	114.0
70.24	115.0
100.2	115.0
135.52	115.0
185.48	115.0
340.52	115.0
515.56	115.0
543.4	115.0
637.36	115.0
672.08	115.0
741.48	115.0
772.32	115.0
952.84	115.0
997.16	115.0
1047.16	115.0
1087.44	115.0
1160.4	115.0
1200.4	115.0
1267.64	115.0
83.2	116.0
322.08	116.0
212.32	117.0
174.28	117.0
192.92	117.0
275.6	117.0
310.44	117.0
328.28	117.0
376.6	117.0
581.56	117.0
749.4	117.0
238.96	120.0
147.0	120.0
200.24	120.0
221.8	120.0
525.44	120.0
774.64	120.0
