772.8	96.0
302.8	97.0
739.76	97.0
752.08	97.0
784.64	97.0
1006.0	97.0
1063.48	97.0
1261.92	97.0
793.12	99.0
814.52	99.0
847.08	99.0
952.52	99.0
959.16	99.0
1013.4	99.0
1016.44	99.0
1208.84	99.0
1307.72	99.0
1384.72	99.0
741.04	103.0
769.0	105.0
851.0	105.0
986.6	105.0
302.64	106.0
786.52	107.0
811.64	107.0
741.28	107.0
768.0	107.0
1029.48	107.0
888.68	108.0
756.12	108.0
772.6	108.0
778.4	108.0
784.56	108.0
794.2	108.0
803.8	108.0
825.72	108.0
832.4	108.0
850.24	108.0
876.28	108.0
897.08	108.0
902.64	108.0
905.44	108.0
921.88	108.0
931.0	108.0
934.88	108.0
961.0	108.0
966.44	108.0
982.28	108.0
985.88	108.0
1015.92	108.0
1028.0	108.0
1036.88	108.0
1079.6	108.0
1082.76	108.0
1095.8	108.0
1105.0	108.0
1119.52	108.0
1127.8	108.0
1130.32	108.0
1156.52	108.0
1166.52	108.0
1173.76	108.0
1207.36	108.0
1231.36	108.0
1283.36	108.0
1295.6	108.0
1317.84	108.0
1323.28	108.0
1369.64	108.0
1372.44	108.0
1377.4	108.0
1386.04	108.0
1425.2	108.0
1458.84	108.0
772.04	109.0
792.64	109.0
934.44	109.0
985.08	109.0
1008.2	109.0
1050.56	109.0
1088.48	109.0
1129.96	109.0
1169.2	109.0
1233.6	109.0
1317.48	109.0
1385.52	109.0
1425.16	109.0
792.84	110.0
960.76	110.0
718.88	111.0
730.92	111.0
745.96	111.0
755.64	111.0
763.56	111.0
768.48	111.0
771.64	111.0
775.96	111.0
788.4	111.0
792.28	111.0
801.64	111.0
806.52	111.0
814.16	111.0
818.68	111.0
828.4	111.0
836.12	111.0
842.76	111.0
864.08	111.0
868.16	111.0
874.64	111.0
900.32	111.0
906.76	111.0
911.48	111.0
929.24	111.0
942.56	111.0
950.16	111.0
956.68	111.0
960.0	111.0
973.48	111.0
1026.88	111.0
1038.08	111.0
1058.0	111.0
1072.2	111.0
1097.84	111.0
1106.96	111.0
1115.44	111.0
1127.52	111.0
1138.68	111.0
1145.12	111.0
1163.4	111.0
1189.72	111.0
1205.0	111.0
1209.72	111.0
1214.52	111.0
1234.88	111.0
1255.68	111.0
1261.52	111.0
1279.04	111.0
1291.12	111.0
1300.32	111.0
1315.4	111.0
1344.96	111.0
1366.24	111.0
1373.84	111.0
1379.72	111.0
1400.16	111.0
1421.64	111.0
1436.64	111.0
836.48	113.0
1016.44	113.0
1031.24	113.0
1091.76	113.0
1095.96	113.0
801.64	114.0
1173.0	114.0
741.72	114.0
776.4	114.0
784.76	114.0
986.44	114.0
1076.24	114.0
1088.16	114.0
1110.76	114.0
1196.6	114.0
1221.84	114.0
1240.16	114.0
1397.4	114.0
1421.92	114.0
727.44	115.0
755.36	115.0
789.8	115.0
863.92	115.0
1163.96	115.0
1231.12	115.0
1277.4	115.0
1316.48	115.0
1364.08	115.0
1420.84	115.0
772.72	115.0
960.68	116.0
866.56	117.0
1014.04	117.0
773.36	117.0
875.24	117.0
937.12	117.0
952.0	117.0
971.92	117.0
984.88	117.0
1005.16	117.0
1050.0	117.0
1109.96	117.0
783.8	120.0
821.92	120.0
924.6	120.0
960.24	120.0
1261.36	120.0
1292.48	120.0
