1345.52	97.0
70.68	97.0
100.08	97.0
102.76	97.0
253.04	97.0
302.92	97.0
369.8	97.0
942.88	97.0
113.08	99.0
221.24	99.0
319.24	99.0
414.08	99.0
520.0	99.0
595.8	99.0
645.4	99.0
942.96	99.0
207.12	105.0
312.84	105.0
601.48	105.0
302.52	106.0
343.4	107.0
3.88	107.0
4.52	108.0
17.96	108.0
37.68	108.0
56.08	108.0
98.92	108.0
122.8	108.0
136.24	108.0
144.12	108.0
157.36	108.0
160.08	108.0
167.92	108.0
192.48	108.0
218.0	108.0
226.68	108.0
239.48	108.0
243.04	108.0
254.84	108.0
264.8	108.0
274.48	108.0
294.6	108.0
298.28	108.0
328.64	108.0
339.76	108.0
366.76	108.0
384.96	108.0
390.64	108.0
404.0	108.0
425.36	108.0
455.36	108.0
480.4	108.0
497.4	108.0
548.24	108.0
583.2	108.0
634.64	108.0
667.04	108.0
686.04	108.0
714.48	108.0
744.4	108.0
806.56	108.0
823.68	108.0
911.04	108.0
940.92	108.0
962.64	108.0
973.56	108.0
1020.72	108.0
1023.24	108.0
1033.52	108.0
1117.0	108.0
30.64	109.0
47.68	109.0
62.96	109.0
81.36	109.0
98.04	109.0
133.64	109.0
182.12	109.0
206.16	109.0
243.36	109.0
264.24	109.0
282.4	109.0
307.48	109.0
366.92	109.0
384.6	109.0
402.48	109.0
458.56	109.0
484.76	109.0
598.28	109.0
827.88	109.0
31.68	110.0
3.2	111.0
14.8	111.0
18.52	111.0
25.48	111.0
35.0	111.0
43.52	111.0
55.08	111.0
61.28	111.0
70.48	111.0
77.92	111.0
81.84	111.0
90.68	111.0
96.72	111.0
110.72	111.0
118.48	111.0
127.48	111.0
136.28	111.0
152.44	111.0
157.4	111.0
165.52	111.0
172.96	111.0
179.16	111.0
196.4	111.0
202.28	111.0
240.24	111.0
243.6	111.0
261.12	111.0
268.4	111.0
276.16	111.0
283.68	111.0
293.68	111.0
309.4	111.0
322.32	111.0
357.56	111.0
363.52	111.0
374.08	111.0
378.4	111.0
391.68	111.0
408.92	111.0
441.92	111.0
451.8	111.0
459.04	111.0
470.76	111.0
484.68	111.0
496.04	111.0
512.16	111.0
521.52	111.0
549.64	111.0
560.28	111.0
566.52	111.0
593.68	111.0
598.28	111.0
616.88	111.0
643.52	111.0
662.04	111.0
669.56	111.0
687.24	111.0
714.2	111.0
727.72	111.0
761.56	111.0
798.24	111.0
804.48	111.0
822.04	111.0
839.44	111.0
867.36	111.0
900.96	111.0
922.36	111.0
950.44	111.0
968.6	111.0
1003.2	111.0
1019.16	111.0
1046.08	111.0
1053.8	111.0
1068.68	111.0
1109.92	111.0
1128.6	111.0
70.8	112.0
149.36	112.0
241.84	112.0
246.44	112.0
332.2	112.0
146.48	113.0
210.52	113.0
245.4	113.0
548.48	113.0
661.24	113.0
16.36	114.0
45.76	114.0
208.72	114.0
258.44	114.0
366.6	114.0
527.84	114.0
592.56	114.0
601.24	114.0
646.16	114.0
716.0	114.0
779.44	114.0
850.8	114.0
636.96	115.0
798.92	115.0
896.36	115.0
998.76	115.0
1091.44	115.0
1179.32	115.0
17.4	117.0
41.6	117.0
77.32	117.0
339.64	117.0
32.52	117.0
55.6	117.0
98.28	117.0
104.52	117.0
137.52	117.0
214.64	117.0
258.96	117.0
322.16	117.0
1111.56	117.0
1076.72	118.0
648.36	119.0
911.16	119.0
14.92	120.0
159.76	120.0
221.36	120.0
252.24	120.0
266.2	120.0
272.16	120.0
350.6	120.0
387.28	120.0
402.84	120.0
586.04	120.0
838.32	120.0
