302.72	96.0
522.64	96.0
353.44	96.0
218.36	97.0
819.48	97.0
522.92	97.0
651.44	97.0
1009.36	97.0
1082.16	97.0
169.08	99.0
221.2	99.0
283.32	99.0
323.12	99.0
339.44	99.0
403.28	99.0
468.4	99.0
492.28	99.0
523.4	99.0
584.68	99.0
609.6	99.0
679.2	99.0
802.8	99.0
896.88	99.0
941.12	99.0
1019.84	99.0
1096.52	99.0
1162.4	99.0
1181.44	99.0
1201.76	99.0
1382.48	99.0
254.04	105.0
282.64	105.0
302.44	106.0
348.28	106.0
464.72	106.0
500.44	106.0
819.44	106.0
226.8	107.0
354.36	107.0
155.96	107.0
265.2	107.0
311.36	107.0
376.6	107.0
260.2	108.0
402.12	108.0
428.84	108.0
209.84	108.0
221.76	108.0
278.32	108.0
281.68	108.0
289.92	108.0
295.24	108.0
298.48	108.0
304.96	108.0
310.04	108.0
318.36	108.0
325.84	108.0
328.72	108.0
335.16	108.0
338.24	108.0
352.56	108.0
378.12	108.0
398.04	108.0
407.88	108.0
418.4	108.0
424.92	108.0
436.96	108.0
450.44	108.0
460.88	108.0
467.8	108.0
487.84	108.0
521.84	108.0
528.76	108.0
552.2	108.0
575.2	108.0
584.08	108.0
613.28	108.0
645.28	108.0
665.68	108.0
671.16	108.0
687.2	108.0
729.2	108.0
766.12	108.0
782.56	108.0
812.16	108.0
817.56	108.0
875.72	108.0
974.16	108.0
977.92	108.0
983.0	108.0
1042.28	108.0
1106.8	108.0
1144.32	108.0
1170.24	108.0
1173.64	108.0
1200.0	108.0
1203.0	108.0
1287.0	108.0
1295.52	108.0
1339.32	108.0
1345.04	108.0
1423.68	108.0
1446.8	108.0
208.76	109.0
265.88	109.0
298.08	109.0
309.72	109.0
350.56	109.0
373.44	109.0
395.28	109.0
418.24	109.0
436.6	109.0
492.72	109.0
505.88	109.0
542.88	109.0
604.48	109.0
664.24	109.0
744.04	109.0
852.24	109.0
891.0	109.0
1142.0	109.0
1199.48	109.0
1249.68	109.0
310.68	110.0
336.84	110.0
1338.64	110.0
263.12	110.0
327.08	110.0
457.72	110.0
491.84	110.0
1048.48	110.0
1232.24	110.0
141.72	111.0
170.52	111.0
190.52	111.0
220.56	111.0
236.36	111.0
249.36	111.0
262.76	111.0
278.68	111.0
290.48	111.0
297.8	111.0
302.8	111.0
309.04	111.0
315.76	111.0
320.56	111.0
326.56	111.0
330.64	111.0
337.8	111.0
342.48	111.0
347.68	111.0
365.08	111.0
372.6	111.0
385.08	111.0
390.4	111.0
402.24	111.0
408.96	111.0
416.28	111.0
425.8	111.0
429.68	111.0
443.68	111.0
450.64	111.0
462.88	111.0
466.84	111.0
477.68	111.0
486.36	111.0
504.52	111.0
512.68	111.0
519.36	111.0
531.0	111.0
539.24	111.0
543.88	111.0
570.44	111.0
581.08	111.0
594.72	111.0
609.84	111.0
629.52	111.0
643.88	111.0
660.8	111.0
665.28	111.0
676.64	111.0
690.8	111.0
697.24	111.0
713.6	111.0
726.88	111.0
741.88	111.0
780.88	111.0
800.0	111.0
845.92	111.0
862.12	111.0
875.36	111.0
910.12	111.0
933.32	111.0
952.96	111.0
989.72	111.0
1002.52	111.0
1041.56	111.0
1054.64	111.0
1080.48	111.0
1094.16	111.0
1099.68	111.0
1121.92	111.0
1139.56	111.0
1146.24	111.0
1159.32	111.0
1176.72	111.0
1216.44	111.0
1247.96	111.0
1260.36	111.0
1275.04	111.0
1316.56	111.0
1350.6	111.0
1356.4	111.0
1378.28	111.0
1399.8	111.0
1429.96	111.0
315.44	112.0
474.28	112.0
350.24	112.0
411.36	112.0
503.16	112.0
341.48	113.0
375.12	113.0
389.44	113.0
411.04	113.0
730.0	113.0
755.76	113.0
909.32	113.0
1294.8	113.0
1369.28	113.0
299.72	114.0
308.56	114.0
316.08	114.0
330.44	114.0
365.6	114.0
384.64	114.0
390.04	114.0
400.64	114.0
407.6	114.0
430.64	114.0
455.16	114.0
502.96	114.0
565.0	114.0
582.8	114.0
634.68	114.0
685.08	114.0
786.96	114.0
955.32	114.0
966.4	114.0
1090.36	114.0
1109.84	114.0
1147.56	114.0
1308.48	114.0
1334.6	114.0
153.48	115.0
186.04	115.0
248.28	115.0
908.6	115.0
1314.84	115.0
310.48	115.0
263.04	116.0
362.36	116.0
491.76	116.0
1232.16	116.0
322.2	117.0
353.4	117.0
376.76	117.0
418.24	117.0
769.76	117.0
327.12	117.0
390.0	117.0
399.56	117.0
445.04	117.0
465.76	117.0
486.0	117.0
538.0	117.0
600.64	117.0
630.0	117.0
1234.52	117.0
272.92	119.0
341.36	119.0
933.28	119.0
1169.72	119.0
522.24	120.0
493.24	120.0
535.16	120.0
1016.68	120.0
1190.24	120.0
