24.16	96.0
947.52	96.0
21.0	97.0
109.76	97.0
164.52	97.0
217.44	97.0
586.72	97.0
720.92	97.0
116.16	99.0
237.84	99.0
281.92	99.0
312.92	99.0
357.64	99.0
437.72	99.0
463.48	99.0
479.8	99.0
560.0	99.0
631.84	99.0
851.76	99.0
922.88	99.0
967.56	99.0
15.08	106.0
44.4	106.0
104.6	106.0
217.72	106.0
253.24	106.0
305.8	106.0
330.08	106.0
382.68	106.0
1021.56	107.0
1215.96	107.0
232.48	107.0
308.4	108.0
16.68	108.0
31.52	108.0
37.72	108.0
58.12	108.0
63.56	108.0
102.48	108.0
129.16	108.0
151.84	108.0
245.84	108.0
363.12	108.0
439.52	108.0
454.08	108.0
473.96	108.0
495.2	108.0
530.24	108.0
609.16	108.0
638.36	108.0
663.88	108.0
679.12	108.0
682.36	108.0
726.64	108.0
753.12	108.0
774.56	108.0
778.56	108.0
843.0	108.0
877.88	108.0
889.48	108.0
894.76	108.0
939.68	108.0
973.88	108.0
1059.16	108.0
1078.28	108.0
1120.68	108.0
16.28	109.0
132.2	109.0
173.08	109.0
228.48	109.0
311.56	109.0
493.6	109.0
526.8	109.0
738.52	109.0
1056.24	110.0
74.8	110.0
13.8	111.0
22.28	111.0
28.56	111.0
37.56	111.0
44.36	111.0
66.6	111.0
82.44	111.0
104.56	111.0
116.0	111.0
127.32	111.0
151.32	111.0
171.16	111.0
186.84	111.0
193.68	111.0
206.52	111.0
218.16	111.0
253.32	111.0
261.8	111.0
276.96	111.0
288.08	111.0
304.88	111.0
310.4	111.0
327.96	111.0
339.08	111.0
348.88	111.0
371.32	111.0
385.48	111.0
393.68	111.0
405.28	111.0
413.92	111.0
430.2	111.0
456.0	111.0
470.12	111.0
491.48	111.0
501.36	111.0
539.96	111.0
559.84	111.0
580.68	111.0
593.16	111.0
611.24	111.0
634.92	111.0
660.64	111.0
688.32	111.0
694.44	111.0
718.12	111.0
726.92	111.0
747.92	111.0
764.84	111.0
773.28	111.0
785.64	111.0
806.2	111.0
827.96	111.0
838.96	111.0
860.28	111.0
881.2	111.0
898.28	111.0
910.64	111.0
925.04	111.0
953.28	111.0
965.4	111.0
1000.48	111.0
1018.2	111.0
1028.96	111.0
1056.44	111.0
1085.6	111.0
1097.4	111.0
1117.8	111.0
1133.64	111.0
1255.8	111.0
310.04	112.0
45.4	113.0
201.76	113.0
358.28	113.0
460.88	113.0
630.08	113.0
748.24	113.0
353.88	114.0
965.48	114.0
46.88	114.0
61.8	114.0
144.72	114.0
198.2	114.0
234.08	114.0
264.48	114.0
746.44	114.0
921.12	114.0
934.4	114.0
1025.56	114.0
1136.72	114.0
539.52	115.0
659.72	115.0
1054.68	115.0
1178.44	115.0
1281.28	115.0
14.44	117.0
43.56	117.0
141.6	117.0
639.12	119.0
77.2	120.0
353.12	120.0
704.16	120.0
878.84	120.0
1131.24	120.0
