302.76	97.0
824.8	97.0
1055.92	97.0
1111.76	97.0
4.16	99.0
33.96	99.0
79.12	99.0
109.48	99.0
164.72	99.0
170.32	99.0
223.08	99.0
272.08	99.0
298.36	99.0
353.16	99.0
437.2	99.0
636.72	99.0
764.28	99.0
926.68	101.0
266.4	103.0
302.64	106.0
101.08	107.0
499.88	107.0
947.56	107.0
1162.72	107.0
323.8	108.0
50.6	108.0
64.52	108.0
84.36	108.0
103.2	108.0
114.08	108.0
176.84	108.0
188.96	108.0
197.4	108.0
256.28	108.0
282.2	108.0
299.72	108.0
303.72	108.0
309.64	108.0
314.8	108.0
317.76	108.0
380.04	108.0
423.48	108.0
445.84	108.0
469.68	108.0
508.68	108.0
517.16	108.0
541.8	108.0
589.92	108.0
595.68	108.0
603.76	108.0
616.8	108.0
627.16	108.0
633.08	108.0
652.68	108.0
727.0	108.0
778.56	108.0
790.16	108.0
847.64	108.0
916.84	108.0
999.04	108.0
10.52	109.0
37.88	109.0
50.56	109.0
97.92	109.0
152.44	109.0
267.44	109.0
302.6	109.0
322.32	109.0
330.0	109.0
391.44	109.0
408.52	109.0
445.28	109.0
485.0	109.0
631.2	109.0
728.44	109.0
856.84	109.0
1046.44	109.0
20.36	111.0
33.48	111.0
43.84	111.0
55.28	111.0
75.72	111.0
87.52	111.0
100.68	111.0
132.28	111.0
173.24	111.0
189.12	111.0
200.88	111.0
209.44	111.0
242.04	111.0
254.64	111.0
268.2	111.0
281.4	111.0
309.64	111.0
315.96	111.0
324.4	111.0
328.72	111.0
357.84	111.0
365.04	111.0
388.4	111.0
412.76	111.0
427.6	111.0
435.56	111.0
439.44	111.0
446.52	111.0
466.0	111.0
485.32	111.0
513.08	111.0
561.2	111.0
587.56	111.0
600.04	111.0
618.88	111.0
633.12	111.0
652.28	111.0
668.04	111.0
691.28	111.0
708.04	111.0
726.88	111.0
746.16	111.0
768.68	111.0
791.56	111.0
805.72	111.0
820.64	111.0
853.8	111.0
870.96	111.0
929.32	111.0
997.04	111.0
1023.32	111.0
1059.36	111.0
1067.0	111.0
323.36	113.0
399.32	113.0
648.36	113.0
42.48	114.0
730.96	114.0
1087.28	114.0
101.8	114.0
314.24	114.0
441.2	114.0
581.84	114.0
654.04	114.0
811.04	114.0
973.44	114.0
1034.12	114.0
692.36	115.0
769.56	115.0
914.84	115.0
992.0	115.0
1102.48	115.0
616.6	117.0
760.4	117.0
9.76	117.0
347.88	117.0
997.64	117.0
1013.52	117.0
9.8	120.0
212.68	120.0
324.08	120.0
329.96	120.0
437.92	120.0
555.6	120.0
