843.88	96.0
303.2	97.0
154.24	97.0
10.96	99.0
46.6	99.0
75.48	99.0
110.8	99.0
146.0	99.0
204.16	99.0
234.08	99.0
257.64	99.0
287.2	99.0
325.64	99.0
346.28	99.0
430.08	99.0
546.72	99.0
619.88	99.0
669.52	99.0
749.24	99.0
1065.04	99.0
796.0	105.0
21.76	106.0
66.16	106.0
95.32	106.0
120.64	106.0
303.12	106.0
358.92	106.0
415.72	106.0
690.16	107.0
415.0	108.0
11.96	108.0
25.28	108.0
28.88	108.0
37.88	108.0
55.88	108.0
63.4	108.0
91.96	108.0
179.76	108.0
201.96	108.0
225.4	108.0
242.24	108.0
253.04	108.0
275.52	108.0
284.28	108.0
309.24	108.0
337.0	108.0
455.16	108.0
465.76	108.0
468.8	108.0
551.04	108.0
622.64	108.0
670.4	108.0
735.84	108.0
754.96	108.0
776.64	108.0
831.68	108.0
848.4	108.0
856.68	108.0
937.16	108.0
941.52	108.0
984.08	108.0
1058.16	108.0
1077.84	108.0
1113.08	108.0
1154.44	108.0
1245.92	108.0
1281.16	108.0
1290.96	108.0
29.64	109.0
55.44	109.0
111.52	109.0
175.68	109.0
196.44	109.0
244.08	109.0
260.88	109.0
306.92	109.0
331.04	109.0
365.68	109.0
386.68	109.0
485.92	109.0
540.0	109.0
649.08	109.0
728.52	109.0
810.28	109.0
940.84	109.0
1046.16	109.0
1128.36	109.0
1158.32	109.0
1332.12	109.0
26.08	110.0
481.36	110.0
499.56	110.0
6.72	111.0
19.28	111.0
28.52	111.0
46.28	111.0
62.04	111.0
69.12	111.0
80.6	111.0
96.36	111.0
103.92	111.0
111.44	111.0
122.52	111.0
194.4	111.0
205.24	111.0
225.8	111.0
235.24	111.0
243.32	111.0
293.92	111.0
309.4	111.0
326.92	111.0
354.4	111.0
376.28	111.0
392.84	111.0
407.32	111.0
419.12	111.0
433.16	111.0
448.28	111.0
464.24	111.0
480.8	111.0
499.0	111.0
531.08	111.0
555.68	111.0
565.0	111.0
573.04	111.0
598.76	111.0
633.72	111.0
649.84	111.0
660.6	111.0
675.2	111.0
687.6	111.0
700.24	111.0
725.64	111.0
746.68	111.0
761.2	111.0
772.88	111.0
792.56	111.0
822.84	111.0
841.84	111.0
852.92	111.0
886.04	111.0
902.6	111.0
909.04	111.0
925.72	111.0
939.44	111.0
956.28	111.0
971.6	111.0
990.12	111.0
1001.2	111.0
1023.28	111.0
1047.64	111.0
1073.04	111.0
1099.08	111.0
1120.32	111.0
1132.52	111.0
1156.32	111.0
1180.8	111.0
1204.08	111.0
1230.88	111.0
1248.72	111.0
1281.8	111.0
1297.16	111.0
1311.88	111.0
688.6	112.0
8.88	113.0
88.92	113.0
99.4	113.0
157.32	113.0
239.96	113.0
542.52	113.0
6.8	114.0
67.04	114.0
81.44	114.0
99.48	114.0
147.36	114.0
218.4	114.0
233.76	114.0
281.92	114.0
308.92	114.0
367.56	114.0
419.68	114.0
423.68	114.0
577.8	114.0
585.04	114.0
611.68	114.0
655.92	114.0
795.76	114.0
997.8	114.0
1095.04	114.0
1155.6	114.0
1239.6	114.0
1301.36	114.0
1326.4	114.0
524.12	115.0
843.04	115.0
1024.28	115.0
1096.24	115.0
1277.76	115.0
449.08	117.0
29.12	117.0
123.08	117.0
182.92	117.0
334.64	117.0
688.2	117.0
88.16	119.0
346.32	119.0
57.12	120.0
20.84	120.0
35.0	120.0
234.08	120.0
