471.68	96.0
457.08	96.0
302.76	97.0
325.88	97.0
521.84	97.0
557.56	97.0
576.48	97.0
939.56	97.0
355.96	99.0
390.92	99.0
432.24	99.0
547.88	99.0
658.52	99.0
773.04	99.0
819.28	99.0
994.16	99.0
1184.8	99.0
1371.8	99.0
461.72	105.0
659.48	105.0
306.88	105.0
788.44	105.0
1345.68	105.0
302.6	106.0
428.88	107.0
909.96	107.0
343.96	107.0
468.52	107.0
685.84	107.0
377.0	108.0
389.0	108.0
411.48	108.0
415.16	108.0
421.4	108.0
445.24	108.0
452.48	108.0
455.44	108.0
463.04	108.0
466.16	108.0
504.76	108.0
516.0	108.0
521.24	108.0
524.72	108.0
553.0	108.0
556.32	108.0
566.76	108.0
578.24	108.0
604.76	108.0
612.68	108.0
643.68	108.0
656.24	108.0
667.4	108.0
672.68	108.0
697.0	108.0
742.8	108.0
759.68	108.0
785.2	108.0
794.76	108.0
820.36	108.0
833.72	108.0
865.12	108.0
881.36	108.0
886.56	108.0
900.44	108.0
908.64	108.0
914.2	108.0
919.48	108.0
933.28	108.0
942.8	108.0
959.92	108.0
976.12	108.0
1046.96	108.0
1084.16	108.0
1091.0	108.0
1128.96	108.0
1131.92	108.0
1270.76	108.0
1287.88	108.0
1323.44	108.0
1340.32	108.0
1411.56	108.0
377.0	109.0
413.56	109.0
455.16	109.0
480.36	109.0
506.28	109.0
518.96	109.0
535.92	109.0
555.96	109.0
592.32	109.0
611.76	109.0
641.52	109.0
667.04	109.0
695.6	109.0
742.44	109.0
785.4	109.0
818.96	109.0
838.12	109.0
857.04	109.0
902.76	109.0
947.56	109.0
983.68	109.0
1005.24	109.0
1057.6	109.0
1134.4	109.0
1212.64	109.0
1285.56	109.0
1339.8	109.0
553.2	110.0
443.56	110.0
522.8	110.0
741.44	110.0
1255.84	110.0
253.72	111.0
296.6	111.0
310.12	111.0
342.0	111.0
361.08	111.0
372.48	111.0
401.48	111.0
407.76	111.0
413.28	111.0
421.84	111.0
427.64	111.0
432.64	111.0
440.12	111.0
448.48	111.0
456.04	111.0
462.68	111.0
469.12	111.0
483.4	111.0
491.4	111.0
501.16	111.0
505.84	111.0
514.48	111.0
534.48	111.0
554.0	111.0
563.4	111.0
572.64	111.0
579.72	111.0
588.28	111.0
597.4	111.0
612.88	111.0
620.92	111.0
627.48	111.0
640.72	111.0
673.6	111.0
681.96	111.0
707.24	111.0
772.16	111.0
806.04	111.0
830.64	111.0
835.72	111.0
859.76	111.0
866.4	111.0
901.28	111.0
920.8	111.0
931.16	111.0
943.56	111.0
972.32	111.0
984.4	111.0
992.72	111.0
1001.96	111.0
1024.48	111.0
1037.0	111.0
1053.28	111.0
1062.96	111.0
1067.6	111.0
1074.12	111.0
1097.4	111.0
1105.64	111.0
1128.76	111.0
1160.92	111.0
1172.96	111.0
1183.24	111.0
1193.96	111.0
1210.88	111.0
1226.96	111.0
1254.48	111.0
1281.16	111.0
1297.96	111.0
1311.92	111.0
1338.44	111.0
1353.92	111.0
1363.48	111.0
1390.96	111.0
1399.04	111.0
1412.44	111.0
708.64	112.0
785.88	112.0
499.48	112.0
502.0	112.0
556.56	112.0
587.16	112.0
703.96	112.0
825.12	112.0
442.52	113.0
522.68	113.0
557.24	113.0
920.4	113.0
987.12	113.0
1179.88	113.0
1218.72	113.0
1328.24	113.0
461.36	114.0
471.56	114.0
538.48	114.0
552.88	114.0
602.84	114.0
606.0	114.0
668.72	114.0
672.56	114.0
745.56	114.0
751.76	114.0
761.24	114.0
774.24	114.0
785.4	114.0
848.6	114.0
868.2	114.0
973.8	114.0
1036.68	114.0
1061.08	114.0
1100.6	114.0
1134.6	114.0
1213.0	114.0
1285.4	114.0
1345.4	114.0
265.68	115.0
308.36	115.0
360.24	115.0
1123.48	115.0
1255.84	115.0
1383.48	115.0
443.52	116.0
522.72	116.0
493.76	117.0
604.28	117.0
707.16	117.0
275.24	117.0
469.68	117.0
530.4	117.0
583.96	117.0
639.32	117.0
669.8	117.0
733.12	117.0
756.56	117.0
859.0	117.0
891.56	117.0
642.56	120.0
499.48	120.0
604.2	120.0
785.4	120.0
848.88	120.0
1224.64	120.0
1379.2	120.0
