331.2	96.0
622.08	96.0
366.36	96.0
271.0	97.0
302.6	97.0
666.88	97.0
404.44	97.0
421.8	97.0
957.96	97.0
1031.08	97.0
343.44	99.0
375.16	99.0
397.92	99.0
422.0	99.0
483.68	99.0
554.76	99.0
618.52	99.0
721.64	99.0
845.84	99.0
923.56	99.0
975.68	99.0
978.32	99.0
1018.76	99.0
1165.56	99.0
1221.48	99.0
1264.48	99.0
324.56	105.0
637.0	105.0
302.48	106.0
509.44	106.0
666.8	106.0
322.96	107.0
392.84	107.0
542.24	107.0
622.36	107.0
313.16	107.0
340.96	107.0
454.24	107.0
532.32	107.0
1027.44	107.0
449.48	108.0
327.68	108.0
356.88	108.0
362.08	108.0
381.32	108.0
385.04	108.0
387.56	108.0
397.44	108.0
407.84	108.0
410.56	108.0
415.52	108.0
436.04	108.0
458.48	108.0
486.24	108.0
491.56	108.0
508.72	108.0
511.48	108.0
524.48	108.0
541.36	108.0
559.28	108.0
576.12	108.0
578.72	108.0
604.64	108.0
613.68	108.0
645.28	108.0
650.76	108.0
684.48	108.0
731.56	108.0
735.44	108.0
796.08	108.0
802.12	108.0
829.44	108.0
842.52	108.0
866.16	108.0
873.72	108.0
899.84	108.0
923.6	108.0
947.6	108.0
971.52	108.0
991.96	108.0
999.24	108.0
1001.76	108.0
1016.68	108.0
1042.8	108.0
1077.88	108.0
1080.68	108.0
1189.12	108.0
1196.68	108.0
1215.24	108.0
1254.32	108.0
1291.96	108.0
1303.68	108.0
342.92	109.0
361.64	109.0
383.92	109.0
407.44	109.0
418.2	109.0
435.04	109.0
485.76	109.0
503.12	109.0
526.12	109.0
542.16	109.0
557.28	109.0
578.64	109.0
603.88	109.0
628.88	109.0
650.04	109.0
704.36	109.0
731.16	109.0
750.12	109.0
801.48	109.0
826.76	109.0
866.44	109.0
903.92	109.0
918.64	109.0
956.32	109.0
1001.92	109.0
1012.92	109.0
1042.28	109.0
1077.44	109.0
1114.52	109.0
1158.8	109.0
1210.72	109.0
1250.4	109.0
1313.52	109.0
381.72	110.0
305.16	110.0
307.88	110.0
363.24	110.0
398.32	110.0
428.72	110.0
490.16	110.0
627.4	110.0
746.8	110.0
869.44	110.0
304.6	111.0
309.32	111.0
320.84	111.0
327.16	111.0
331.76	111.0
341.44	111.0
358.84	111.0
362.92	111.0
372.52	111.0
377.4	111.0
383.8	111.0
386.92	111.0
395.28	111.0
400.4	111.0
414.72	111.0
419.88	111.0
427.68	111.0
431.16	111.0
438.64	111.0
449.64	111.0
464.56	111.0
477.8	111.0
483.08	111.0
502.2	111.0
510.0	111.0
518.04	111.0
524.44	111.0
532.88	111.0
549.76	111.0
554.48	111.0
561.24	111.0
581.48	111.0
587.88	111.0
595.2	111.0
604.6	111.0
621.0	111.0
629.44	111.0
636.12	111.0
648.28	111.0
667.4	111.0
669.92	111.0
680.08	111.0
694.84	111.0
723.68	111.0
729.4	111.0
746.32	111.0
764.72	111.0
771.32	111.0
792.12	111.0
825.28	111.0
836.52	111.0
858.44	111.0
868.72	111.0
877.16	111.0
902.28	111.0
942.4	111.0
954.64	111.0
965.04	111.0
983.04	111.0
998.76	111.0
1005.92	111.0
1011.16	111.0
1041.12	111.0
1050.56	111.0
1061.36	111.0
1076.24	111.0
1089.96	111.0
1101.88	111.0
1123.8	111.0
1135.52	111.0
1139.2	111.0
1158.48	111.0
1167.96	111.0
1192.08	111.0
1208.84	111.0
1226.8	111.0
1244.88	111.0
1251.48	111.0
1282.6	111.0
1298.36	111.0
1305.24	111.0
960.84	112.0
434.92	112.0
497.8	112.0
542.4	112.0
583.88	112.0
629.08	112.0
690.72	112.0
786.64	112.0
388.92	113.0
400.4	113.0
454.8	113.0
523.68	113.0
581.72	113.0
330.96	114.0
302.56	114.0
310.44	114.0
352.08	114.0
417.64	114.0
430.68	114.0
435.12	114.0
453.76	114.0
461.68	114.0
489.24	114.0
559.8	114.0
565.88	114.0
584.36	114.0
590.4	114.0
621.64	114.0
642.4	114.0
719.4	114.0
836.92	114.0
870.68	114.0
930.56	114.0
1000.96	114.0
1079.0	114.0
1094.68	114.0
1179.16	114.0
1253.16	114.0
1308.04	114.0
273.4	115.0
302.6	115.0
938.36	115.0
1040.32	115.0
1300.4	115.0
343.8	116.0
363.16	116.0
490.08	116.0
627.36	116.0
771.76	116.0
869.4	116.0
414.96	117.0
483.96	117.0
557.24	117.0
575.56	117.0
649.2	117.0
314.4	117.0
363.52	117.0
471.52	117.0
489.4	117.0
511.36	117.0
548.28	117.0
614.04	117.0
629.48	117.0
637.52	117.0
922.56	117.0
879.88	119.0
325.44	120.0
506.52	120.0
524.08	120.0
661.48	120.0
841.24	120.0
1094.56	120.0
1239.08	120.0
