370.92	96.0
302.56	97.0
55.08	97.0
498.56	97.0
603.72	97.0
1170.4	97.0
26.36	99.0
59.08	99.0
134.4	99.0
146.52	99.0
348.72	99.0
389.84	99.0
437.04	99.0
511.36	99.0
564.48	99.0
614.8	99.0
645.4	99.0
680.52	99.0
724.04	99.0
813.88	99.0
825.76	99.0
881.12	99.0
924.8	99.0
965.28	99.0
1231.88	99.0
580.44	105.0
1062.88	105.0
302.48	106.0
54.0	108.0
95.72	108.0
100.32	108.0
149.68	108.0
172.28	108.0
198.32	108.0
206.0	108.0
222.4	108.0
246.2	108.0
272.44	108.0
303.6	108.0
308.44	108.0
323.08	108.0
364.0	108.0
373.88	108.0
393.76	108.0
418.72	108.0
421.44	108.0
458.44	108.0
490.32	108.0
504.44	108.0
509.48	108.0
575.64	108.0
579.52	108.0
597.52	108.0
645.64	108.0
699.2	108.0
712.36	108.0
728.36	108.0
735.88	108.0
738.96	108.0
752.48	108.0
790.0	108.0
826.68	108.0
864.4	108.0
919.2	108.0
967.48	108.0
1003.8	108.0
1006.4	108.0
1102.84	108.0
1109.72	108.0
1122.96	108.0
1159.76	108.0
1207.12	108.0
1239.76	108.0
1276.0	108.0
1309.24	108.0
1356.28	108.0
1375.12	108.0
1395.52	108.0
1400.8	108.0
20.0	109.0
105.16	109.0
123.28	109.0
140.28	109.0
171.88	109.0
236.48	109.0
304.04	109.0
369.92	109.0
458.0	109.0
578.16	109.0
627.28	109.0
687.68	109.0
789.48	109.0
966.36	109.0
1013.2	109.0
1061.64	109.0
1132.44	109.0
1201.2	109.0
1276.0	109.0
1367.96	109.0
202.52	110.0
366.08	110.0
15.8	111.0
41.72	111.0
73.56	111.0
80.04	111.0
98.44	111.0
102.92	111.0
111.04	111.0
123.32	111.0
139.16	111.0
170.8	111.0
173.52	111.0
202.0	111.0
217.12	111.0
237.44	111.0
243.48	111.0
263.64	111.0
290.36	111.0
303.76	111.0
308.48	111.0
322.2	111.0
340.0	111.0
352.88	111.0
370.12	111.0
375.32	111.0
384.28	111.0
392.6	111.0
411.88	111.0
420.12	111.0
440.84	111.0
457.64	111.0
483.8	111.0
504.16	111.0
522.56	111.0
546.68	111.0
550.44	111.0
575.88	111.0
605.12	111.0
621.44	111.0
643.08	111.0
657.96	111.0
685.68	111.0
721.4	111.0
739.2	111.0
754.56	111.0
788.56	111.0
807.68	111.0
833.64	111.0
872.48	111.0
891.52	111.0
931.56	111.0
967.2	111.0
1000.0	111.0
1012.6	111.0
1036.12	111.0
1062.44	111.0
1086.12	111.0
1115.4	111.0
1161.36	111.0
1180.88	111.0
1199.8	111.0
1228.12	111.0
1329.96	111.0
1343.04	111.0
1368.52	111.0
1376.12	111.0
1406.44	111.0
1411.0	111.0
99.92	113.0
394.8	113.0
721.72	113.0
949.24	113.0
1145.64	113.0
175.64	114.0
82.28	114.0
134.92	114.0
172.68	114.0
224.4	114.0
370.68	114.0
580.28	114.0
638.64	114.0
647.2	114.0
656.24	114.0
688.72	114.0
893.64	114.0
910.6	114.0
1062.64	114.0
1149.68	114.0
1203.76	114.0
1364.48	114.0
70.64	115.0
169.24	115.0
480.92	115.0
547.76	115.0
641.24	115.0
716.96	115.0
825.52	115.0
920.36	115.0
998.12	115.0
1226.48	115.0
1298.04	115.0
1403.6	115.0
365.96	116.0
484.32	116.0
341.64	117.0
736.16	117.0
918.36	117.0
1243.32	117.0
61.88	120.0
101.64	120.0
122.08	120.0
570.32	120.0
602.84	120.0
1263.72	120.0
1366.12	120.0
