1268.72	96.0
907.52	96.0
302.84	97.0
416.2	97.0
813.12	97.0
851.04	97.0
931.84	97.0
906.48	97.0
921.6	97.0
998.6	97.0
1087.08	97.0
1120.92	97.0
822.32	99.0
845.08	99.0
886.16	99.0
945.52	99.0
968.24	99.0
1009.8	99.0
1023.8	99.0
1094.0	99.0
1127.12	99.0
1267.0	99.0
1332.56	99.0
944.28	103.0
942.64	105.0
877.36	105.0
302.68	106.0
924.8	107.0
954.16	107.0
390.76	107.0
870.88	107.0
894.48	107.0
1014.0	107.0
921.08	108.0
1071.44	108.0
1308.68	108.0
820.16	108.0
822.72	108.0
833.16	108.0
836.88	108.0
856.0	108.0
860.44	108.0
863.76	108.0
868.88	108.0
876.52	108.0
889.84	108.0
893.88	108.0
901.44	108.0
910.56	108.0
915.52	108.0
924.6	108.0
944.4	108.0
960.44	108.0
979.64	108.0
995.08	108.0
999.84	108.0
1006.12	108.0
1009.48	108.0
1040.04	108.0
1049.6	108.0
1054.08	108.0
1059.8	108.0
1085.76	108.0
1089.6	108.0
1135.16	108.0
1138.84	108.0
1167.28	108.0
1174.44	108.0
1177.28	108.0
1224.84	108.0
1245.2	108.0
1256.64	108.0
1259.32	108.0
1273.32	108.0
1286.92	108.0
1300.96	108.0
1325.92	108.0
1338.04	108.0
1360.52	108.0
1369.04	108.0
1382.04	108.0
836.52	109.0
876.96	109.0
901.84	109.0
919.72	109.0
944.0	109.0
960.0	109.0
1017.76	109.0
1194.28	109.0
1281.52	109.0
1290.48	109.0
1381.6	109.0
823.96	110.0
308.4	110.0
917.84	110.0
935.44	110.0
975.6	110.0
1030.84	110.0
772.68	111.0
788.52	111.0
797.2	111.0
821.0	111.0
835.0	111.0
844.52	111.0
850.04	111.0
867.16	111.0
875.32	111.0
886.72	111.0
893.08	111.0
900.0	111.0
907.92	111.0
924.44	111.0
931.6	111.0
955.56	111.0
959.12	111.0
966.52	111.0
970.44	111.0
981.76	111.0
987.68	111.0
993.24	111.0
998.52	111.0
1011.52	111.0
1024.52	111.0
1037.68	111.0
1047.44	111.0
1062.88	111.0
1071.32	111.0
1077.4	111.0
1085.56	111.0
1090.68	111.0
1098.64	111.0
1107.48	111.0
1116.04	111.0
1139.8	111.0
1155.6	111.0
1164.04	111.0
1178.88	111.0
1202.76	111.0
1211.24	111.0
1233.24	111.0
1246.04	111.0
1256.4	111.0
1262.56	111.0
1287.6	111.0
1310.52	111.0
1325.16	111.0
1330.4	111.0
1356.64	111.0
1369.32	111.0
1380.28	111.0
1395.96	111.0
1404.68	111.0
917.64	113.0
1024.44	113.0
1045.44	113.0
1117.12	113.0
1140.96	113.0
1194.76	113.0
1304.24	113.0
916.12	114.0
932.44	114.0
1141.08	114.0
877.24	114.0
891.4	114.0
900.0	114.0
958.36	114.0
961.28	114.0
973.88	114.0
1019.84	114.0
1035.84	114.0
1057.8	114.0
1065.84	114.0
1100.72	114.0
1125.92	114.0
1161.4	114.0
1202.84	114.0
1206.56	114.0
1226.36	114.0
1245.76	114.0
1352.16	114.0
1387.64	114.0
780.68	115.0
798.52	115.0
818.4	115.0
849.64	115.0
982.72	115.0
1038.76	115.0
1227.64	115.0
1287.28	115.0
1308.36	115.0
859.48	115.0
935.4	116.0
1030.76	116.0
891.0	117.0
985.36	117.0
1014.68	117.0
1067.52	117.0
1139.92	117.0
1186.76	117.0
1300.72	117.0
830.24	117.0
874.76	117.0
956.12	117.0
979.88	117.0
999.2	117.0
1025.44	117.0
1081.2	117.0
1116.64	117.0
1164.68	117.0
1211.88	117.0
1284.48	117.0
975.36	119.0
978.48	120.0
924.08	120.0
954.28	120.0
1017.4	120.0
1132.2	120.0
1227.28	120.0
1247.44	120.0
