302.6	97.0
472.36	97.0
13.76	97.0
132.36	97.0
13.76	99.0
90.52	99.0
236.88	99.0
289.92	99.0
354.36	99.0
460.4	99.0
527.16	99.0
634.56	99.0
744.8	99.0
916.36	99.0
1210.12	99.0
1360.68	99.0
13.28	105.0
102.68	106.0
302.48	106.0
312.04	106.0
472.36	106.0
597.4	107.0
10.4	108.0
36.68	108.0
52.44	108.0
57.8	108.0
103.0	108.0
183.28	108.0
236.44	108.0
299.2	108.0
312.6	108.0
353.92	108.0
392.44	108.0
399.24	108.0
418.16	108.0
437.6	108.0
474.08	108.0
499.16	108.0
522.2	108.0
596.52	108.0
601.72	108.0
640.76	108.0
700.72	108.0
768.76	108.0
815.04	108.0
903.88	108.0
913.84	108.0
923.84	108.0
935.16	108.0
961.24	108.0
1035.04	108.0
1040.76	108.0
1065.68	108.0
1108.44	108.0
1221.64	108.0
1224.48	108.0
1258.04	108.0
1345.8	108.0
1372.08	108.0
25.04	109.0
76.44	109.0
104.4	109.0
125.24	109.0
220.0	109.0
256.88	109.0
278.16	109.0
309.68	109.0
361.6	109.0
451.32	109.0
498.72	109.0
563.28	109.0
598.12	109.0
687.72	109.0
839.72	109.0
934.68	109.0
986.64	109.0
1035.72	109.0
1136.76	109.0
1226.16	109.0
1318.08	109.0
38.04	110.0
125.28	110.0
5.64	111.0
11.44	111.0
32.32	111.0
48.76	111.0
57.2	111.0
74.84	111.0
86.44	111.0
99.68	111.0
107.44	111.0
132.2	111.0
146.2	111.0
165.72	111.0
188.36	111.0
241.24	111.0
252.2	111.0
261.0	111.0
279.12	111.0
294.48	111.0
309.52	111.0
314.8	111.0
321.68	111.0
332.04	111.0
337.36	111.0
347.16	111.0
356.72	111.0
387.36	111.0
398.12	111.0
414.48	111.0
419.92	111.0
438.8	111.0
449.68	111.0
462.76	111.0
494.52	111.0
512.88	111.0
522.84	111.0
531.84	111.0
551.36	111.0
605.12	111.0
634.08	111.0
644.72	111.0
668.44	111.0
691.8	111.0
708.56	111.0
721.92	111.0
734.96	111.0
751.12	111.0
763.64	111.0
778.08	111.0
782.08	111.0
799.84	111.0
821.28	111.0
831.8	111.0
847.48	111.0
861.92	111.0
881.28	111.0
897.68	111.0
901.72	111.0
908.44	111.0
930.72	111.0
941.2	111.0
949.16	111.0
979.12	111.0
988.16	111.0
1006.32	111.0
1033.24	111.0
1046.8	111.0
1074.04	111.0
1094.96	111.0
1118.08	111.0
1132.76	111.0
1158.36	111.0
1169.48	111.0
1177.6	111.0
1201.84	111.0
1219.4	111.0
1225.56	111.0
1238.44	111.0
1281.68	111.0
1290.48	111.0
1317.08	111.0
1330.6	111.0
1343.08	111.0
1371.48	111.0
1390.68	111.0
10.56	112.0
77.64	112.0
153.52	112.0
119.16	113.0
163.76	113.0
397.2	113.0
473.32	113.0
1234.0	113.0
11.08	114.0
124.32	114.0
202.48	114.0
228.72	114.0
318.16	114.0
338.92	114.0
832.84	114.0
875.56	114.0
938.24	114.0
999.32	114.0
1169.6	114.0
1221.36	114.0
1236.68	114.0
1325.64	114.0
187.52	115.0
219.0	115.0
582.2	115.0
631.72	115.0
877.92	115.0
930.16	115.0
979.52	115.0
1069.56	115.0
1154.12	115.0
1205.04	115.0
1270.88	115.0
1308.08	115.0
1368.72	115.0
1406.24	115.0
597.48	116.0
186.72	117.0
1205.68	117.0
28.12	117.0
57.68	117.0
102.32	117.0
123.08	117.0
764.36	117.0
950.28	120.0
48.8	120.0
80.36	120.0
102.2	120.0
320.08	120.0
331.04	120.0
437.04	120.0
455.48	120.0
472.6	120.0
855.28	120.0
1298.92	120.0
