96.4	96.0
133.6	96.0
160.84	96.0
517.48	96.0
47.12	97.0
133.28	97.0
273.48	97.0
302.64	97.0
1031.48	97.0
39.4	99.0
82.2	99.0
131.68	99.0
180.92	99.0
260.84	99.0
394.16	99.0
577.04	99.0
687.2	99.0
1002.84	99.0
80.44	105.0
154.08	105.0
847.48	105.0
218.24	106.0
239.64	106.0
273.48	106.0
302.48	106.0
339.32	106.0
385.2	106.0
853.24	106.0
98.76	107.0
155.24	107.0
14.08	107.0
66.0	107.0
118.36	107.0
179.48	108.0
18.24	108.0
25.92	108.0
31.96	108.0
35.08	108.0
43.96	108.0
62.4	108.0
80.76	108.0
114.76	108.0
118.0	108.0
124.88	108.0
135.76	108.0
142.72	108.0
151.56	108.0
155.76	108.0
176.96	108.0
187.72	108.0
203.0	108.0
205.52	108.0
212.6	108.0
215.64	108.0
220.08	108.0
227.8	108.0
239.48	108.0
250.96	108.0
254.76	108.0
269.96	108.0
311.08	108.0
357.44	108.0
376.44	108.0
390.08	108.0
414.56	108.0
431.4	108.0
468.16	108.0
471.48	108.0
513.6	108.0
575.88	108.0
585.68	108.0
632.28	108.0
634.96	108.0
693.96	108.0
741.08	108.0
753.08	108.0
795.92	108.0
821.2	108.0
846.96	108.0
877.76	108.0
888.32	108.0
933.28	108.0
938.6	108.0
971.76	108.0
1014.96	108.0
1090.68	108.0
1111.52	108.0
1175.12	108.0
1247.56	108.0
1306.88	108.0
45.88	109.0
118.12	109.0
192.32	109.0
219.64	109.0
330.2	109.0
365.24	109.0
411.44	109.0
451.08	109.0
487.56	109.0
515.0	109.0
552.8	109.0
585.32	109.0
726.2	109.0
781.88	109.0
816.52	109.0
849.72	109.0
877.4	109.0
893.96	109.0
934.08	109.0
976.76	109.0
1015.48	109.0
1037.68	109.0
1092.16	109.0
1224.0	109.0
1249.44	109.0
82.76	110.0
86.04	110.0
125.44	110.0
180.68	110.0
206.04	110.0
318.32	110.0
444.12	111.0
13.68	111.0
23.88	111.0
32.08	111.0
46.8	111.0
60.84	111.0
71.88	111.0
80.96	111.0
87.04	111.0
92.2	111.0
97.16	111.0
114.68	111.0
119.32	111.0
124.88	111.0
131.48	111.0
135.32	111.0
140.96	111.0
145.6	111.0
152.92	111.0
160.8	111.0
174.04	111.0
179.84	111.0
189.32	111.0
206.84	111.0
215.2	111.0
218.4	111.0
234.6	111.0
241.28	111.0
250.84	111.0
266.76	111.0
272.44	111.0
281.16	111.0
295.76	111.0
306.08	111.0
316.04	111.0
339.72	111.0
364.88	111.0
375.52	111.0
427.6	111.0
465.52	111.0
479.8	111.0
489.0	111.0
510.92	111.0
536.0	111.0
546.4	111.0
583.28	111.0
593.6	111.0
603.48	111.0
619.96	111.0
627.68	111.0
635.48	111.0
650.4	111.0
665.84	111.0
685.84	111.0
694.44	111.0
710.96	111.0
720.68	111.0
755.08	111.0
783.88	111.0
797.8	111.0
833.16	111.0
866.12	111.0
872.68	111.0
887.88	111.0
912.8	111.0
921.04	111.0
934.08	111.0
962.64	111.0
1022.24	111.0
1060.12	111.0
1074.8	111.0
1090.04	111.0
1104.2	111.0
1143.8	111.0
1172.84	111.0
1180.56	111.0
1210.8	111.0
1247.64	111.0
1253.36	111.0
1274.28	111.0
642.52	112.0
99.56	112.0
113.52	112.0
191.48	112.0
234.28	112.0
328.36	112.0
99.52	113.0
153.96	113.0
203.0	113.0
369.24	113.0
641.76	113.0
705.72	113.0
817.6	113.0
916.76	113.0
112.12	114.0
126.48	114.0
133.0	114.0
173.84	114.0
197.4	114.0
201.44	114.0
273.0	114.0
388.0	114.0
413.96	114.0
497.64	114.0
576.24	114.0
692.16	114.0
744.8	114.0
754.92	114.0
840.48	114.0
847.36	114.0
964.12	114.0
1103.32	114.0
1118.08	114.0
20.76	115.0
62.64	115.0
82.68	115.0
359.04	115.0
532.04	115.0
579.96	115.0
683.56	115.0
774.6	115.0
834.6	115.0
862.2	115.0
909.92	115.0
1011.28	115.0
1051.6	115.0
1207.32	115.0
1305.08	115.0
82.64	116.0
180.56	116.0
205.96	116.0
257.84	116.0
1248.32	116.0
80.04	117.0
212.84	117.0
14.2	117.0
222.8	117.0
226.24	117.0
259.32	117.0
267.36	117.0
277.2	117.0
296.36	117.0
324.36	117.0
866.0	117.0
880.48	119.0
79.56	120.0
198.44	120.0
274.24	120.0
382.64	120.0
999.68	120.0
1057.2	120.0
