302.64	97.0
59.12	99.0
250.4	99.0
302.52	106.0
342.24	107.0
4.08	108.0
11.24	108.0
66.44	108.0
69.0	108.0
81.6	108.0
157.92	108.0
258.48	108.0
279.16	108.0
323.72	108.0
352.28	108.0
431.12	108.0
128.8	109.0
315.6	109.0
362.28	109.0
25.84	111.0
33.52	111.0
51.36	111.0
60.92	111.0
92.4	111.0
125.44	111.0
182.36	111.0
203.44	111.0
232.04	111.0
253.48	111.0
272.72	111.0
296.76	111.0
321.6	111.0
374.4	111.0
401.08	111.0
484.64	111.0
317.2	113.0
37.4	114.0
107.24	114.0
333.92	114.0
368.8	114.0
479.36	114.0
527.16	114.0
609.72	114.0
89.32	115.0
149.04	115.0
230.96	115.0
289.32	115.0
359.24	115.0
424.72	115.0
504.96	115.0
102.32	117.0
119.24	119.0
58.08	120.0
110.32	120.0
