302.56	97.0
8.88	99.0
39.56	99.0
140.32	99.0
189.76	99.0
258.44	99.0
318.92	99.0
410.88	99.0
214.64	103.0
314.52	103.0
373.92	104.0
213.56	105.0
306.64	105.0
311.0	105.0
849.6	105.0
302.48	106.0
89.2	108.0
151.92	108.0
253.76	108.0
37.48	108.0
42.32	108.0
44.84	108.0
48.84	108.0
52.0	108.0
70.52	108.0
81.56	108.0
85.96	108.0
119.44	108.0
147.0	108.0
187.76	108.0
233.24	108.0
264.44	108.0
279.76	108.0
294.6	108.0
307.32	108.0
362.84	108.0
366.56	108.0
383.32	108.0
392.44	108.0
425.52	108.0
494.04	108.0
562.56	108.0
582.2	108.0
636.72	108.0
791.24	108.0
861.96	108.0
864.56	108.0
978.12	108.0
48.48	109.0
106.76	109.0
233.52	109.0
457.28	109.0
191.04	110.0
11.8	111.0
29.64	111.0
41.64	111.0
52.2	111.0
59.24	111.0
86.04	111.0
101.52	111.0
107.96	111.0
128.36	111.0
173.16	111.0
197.04	111.0
213.68	111.0
222.56	111.0
246.12	111.0
256.52	111.0
265.76	111.0
282.32	111.0
309.84	111.0
328.0	111.0
344.24	111.0
354.4	111.0
375.28	111.0
380.52	111.0
389.72	111.0
399.64	111.0
414.08	111.0
457.0	111.0
485.44	111.0
503.8	111.0
522.84	111.0
562.16	111.0
703.2	111.0
807.08	111.0
846.04	111.0
881.36	111.0
902.44	111.0
105.64	113.0
595.44	114.0
52.84	114.0
117.24	114.0
162.68	114.0
191.52	114.0
205.84	114.0
218.6	114.0
252.92	114.0
352.24	114.0
432.76	114.0
615.24	114.0
695.32	114.0
855.96	114.0
915.32	114.0
28.8	115.0
154.2	115.0
306.16	115.0
454.2	115.0
555.64	115.0
608.48	115.0
717.72	115.0
778.48	115.0
843.12	115.0
925.0	115.0
52.76	117.0
236.08	117.0
328.52	117.0
807.08	117.0
774.24	120.0
