795.76	96.0
884.72	96.0
302.8	97.0
473.84	97.0
632.68	97.0
888.16	97.0
903.72	97.0
1027.92	97.0
934.32	97.0
960.04	97.0
1033.72	97.0
933.64	98.0
647.56	99.0
733.0	99.0
798.68	99.0
837.96	99.0
862.76	99.0
916.6	99.0
975.92	99.0
1094.84	99.0
1161.28	99.0
1253.12	99.0
1322.8	99.0
1371.8	99.0
880.84	105.0
306.84	105.0
912.8	105.0
955.6	105.0
302.64	106.0
903.64	106.0
974.36	106.0
998.72	106.0
1027.96	106.0
1047.16	106.0
1101.96	106.0
1207.76	106.0
793.16	107.0
821.32	107.0
848.64	107.0
570.48	107.0
1020.64	108.0
1050.32	108.0
658.4	108.0
670.76	108.0
674.96	108.0
733.92	108.0
752.08	108.0
770.08	108.0
773.32	108.0
785.76	108.0
800.6	108.0
810.68	108.0
813.88	108.0
827.24	108.0
837.96	108.0
859.76	108.0
868.04	108.0
874.92	108.0
883.32	108.0
889.84	108.0
902.4	108.0
909.56	108.0
915.68	108.0
934.96	108.0
939.4	108.0
949.28	108.0
964.48	108.0
977.8	108.0
993.84	108.0
1017.0	108.0
1031.68	108.0
1082.36	108.0
1091.6	108.0
1111.64	108.0
1136.24	108.0
1151.84	108.0
1157.68	108.0
1187.92	108.0
1190.6	108.0
1248.88	108.0
1257.24	108.0
1281.6	108.0
1295.8	108.0
1339.04	108.0
1367.56	108.0
729.2	109.0
757.76	109.0
836.6	109.0
859.12	109.0
887.6	109.0
911.72	109.0
938.84	109.0
965.76	109.0
1015.6	109.0
1032.4	109.0
1072.4	109.0
1137.08	109.0
1161.68	109.0
1189.44	109.0
1270.88	109.0
1342.16	109.0
757.48	110.0
784.72	110.0
821.68	110.0
842.0	110.0
869.16	110.0
884.12	110.0
895.84	110.0
911.96	110.0
1119.36	110.0
583.92	111.0
614.48	111.0
648.88	111.0
662.36	111.0
695.84	111.0
708.08	111.0
724.44	111.0
727.44	111.0
739.16	111.0
746.68	111.0
752.72	111.0
767.68	111.0
773.64	111.0
786.84	111.0
801.6	111.0
808.08	111.0
820.32	111.0
824.48	111.0
829.56	111.0
835.08	111.0
841.44	111.0
846.12	111.0
849.8	111.0
855.64	111.0
860.52	111.0
865.44	111.0
881.04	111.0
887.68	111.0
893.76	111.0
900.36	111.0
904.36	111.0
933.76	111.0
953.12	111.0
965.76	111.0
984.08	111.0
997.56	111.0
1005.92	111.0
1015.56	111.0
1042.28	111.0
1047.44	111.0
1059.84	111.0
1073.32	111.0
1083.28	111.0
1103.52	111.0
1112.2	111.0
1118.92	111.0
1136.4	111.0
1157.72	111.0
1163.16	111.0
1169.88	111.0
1190.08	111.0
1196.76	111.0
1210.0	111.0
1228.56	111.0
1234.84	111.0
1245.8	111.0
1268.4	111.0
1274.16	111.0
1281.76	111.0
1293.6	111.0
1303.84	111.0
1316.6	111.0
1341.44	111.0
1354.68	111.0
1370.84	111.0
950.16	112.0
889.24	112.0
942.36	112.0
1060.6	112.0
1321.04	112.0
773.2	113.0
790.0	113.0
834.2	113.0
906.88	113.0
957.88	113.0
1029.84	113.0
730.24	114.0
767.88	114.0
329.32	114.0
834.44	114.0
849.68	114.0
866.24	114.0
884.4	114.0
903.2	114.0
912.56	114.0
932.88	114.0
939.32	114.0
955.24	114.0
985.12	114.0
1018.76	114.0
1030.04	114.0
1086.48	114.0
1148.16	114.0
593.24	115.0
625.88	115.0
676.12	115.0
725.2	115.0
785.88	115.0
949.88	115.0
821.68	116.0
869.08	116.0
895.76	116.0
823.0	117.0
841.28	117.0
861.52	117.0
933.84	117.0
976.76	117.0
771.0	117.0
787.36	117.0
909.48	117.0
923.96	117.0
956.16	117.0
1002.32	117.0
1016.16	117.0
1030.56	117.0
1048.04	117.0
1060.4	117.0
1143.16	117.0
1190.6	117.0
1197.52	117.0
1008.8	120.0
