336.44	96.0
426.68	96.0
434.6	96.0
497.08	96.0
557.36	96.0
752.12	96.0
376.6	96.0
302.48	97.0
449.44	97.0
660.28	97.0
344.4	97.0
286.48	99.0
308.76	99.0
331.68	99.0
340.52	99.0
376.52	99.0
412.68	99.0
629.76	99.0
687.28	99.0
733.76	99.0
768.48	99.0
792.56	99.0
841.92	99.0
902.36	99.0
1003.08	99.0
1041.68	99.0
1106.96	99.0
1156.48	99.0
1197.04	99.0
1320.84	99.0
330.24	105.0
286.92	105.0
290.36	105.0
302.44	106.0
449.36	106.0
538.48	106.0
660.28	106.0
713.64	106.0
309.16	107.0
497.52	107.0
590.76	107.0
788.8	107.0
354.04	108.0
559.32	108.0
305.88	108.0
316.96	108.0
332.72	108.0
350.48	108.0
378.96	108.0
395.52	108.0
402.56	108.0
409.68	108.0
418.88	108.0
429.88	108.0
435.68	108.0
445.68	108.0
450.88	108.0
462.0	108.0
477.8	108.0
494.44	108.0
501.52	108.0
523.84	108.0
541.6	108.0
570.48	108.0
615.76	108.0
636.84	108.0
642.32	108.0
697.8	108.0
706.56	108.0
738.68	108.0
757.96	108.0
762.76	108.0
783.52	108.0
786.6	108.0
814.76	108.0
895.2	108.0
914.52	108.0
959.36	108.0
1064.4	108.0
1068.04	108.0
1078.36	108.0
1096.08	108.0
1113.52	108.0
1136.48	108.0
1191.0	108.0
1196.16	108.0
1272.28	108.0
1347.04	108.0
1364.28	108.0
294.0	109.0
363.16	109.0
384.96	109.0
421.76	109.0
450.16	109.0
503.52	109.0
540.96	109.0
561.04	109.0
610.8	109.0
628.84	109.0
651.56	109.0
692.16	109.0
757.52	109.0
766.16	109.0
783.16	109.0
883.44	109.0
971.04	109.0
1067.56	109.0
1100.92	109.0
1171.52	109.0
1253.04	109.0
1279.52	109.0
285.04	110.0
311.08	110.0
334.48	110.0
403.64	110.0
254.08	111.0
259.56	111.0
277.04	111.0
285.4	111.0
292.56	111.0
298.88	111.0
302.76	111.0
309.48	111.0
314.96	111.0
323.28	111.0
329.08	111.0
337.12	111.0
343.96	111.0
351.12	111.0
357.72	111.0
361.24	111.0
372.56	111.0
378.72	111.0
384.8	111.0
389.16	111.0
394.88	111.0
400.8	111.0
404.64	111.0
409.12	111.0
429.36	111.0
437.76	111.0
446.2	111.0
450.44	111.0
466.28	111.0
479.72	111.0
486.84	111.0
495.04	111.0
518.8	111.0
537.84	111.0
568.24	111.0
602.72	111.0
617.92	111.0
623.6	111.0
632.92	111.0
638.0	111.0
674.88	111.0
684.92	111.0
697.92	111.0
704.92	111.0
724.2	111.0
732.56	111.0
743.92	111.0
765.8	111.0
787.08	111.0
807.84	111.0
845.92	111.0
853.84	111.0
861.96	111.0
888.44	111.0
902.24	111.0
912.36	111.0
924.84	111.0
937.76	111.0
954.48	111.0
973.48	111.0
983.2	111.0
998.04	111.0
1024.48	111.0
1051.28	111.0
1069.32	111.0
1094.92	111.0
1114.36	111.0
1125.28	111.0
1136.36	111.0
1161.32	111.0
1196.68	111.0
1215.84	111.0
1250.52	111.0
1278.32	111.0
1298.8	111.0
1306.64	111.0
1343.8	111.0
374.4	112.0
351.04	113.0
363.8	113.0
410.8	113.0
615.68	113.0
638.44	113.0
784.96	113.0
920.56	113.0
309.44	114.0
317.56	114.0
342.64	114.0
360.84	114.0
371.64	114.0
402.56	114.0
426.32	114.0
449.32	114.0
492.16	114.0
531.2	114.0
600.64	114.0
678.08	114.0
693.24	114.0
704.16	114.0
760.2	114.0
765.04	114.0
847.68	114.0
955.2	114.0
1025.28	114.0
1281.0	114.0
1307.64	114.0
1362.12	114.0
269.2	115.0
286.88	115.0
374.12	115.0
1216.76	115.0
285.04	116.0
310.96	116.0
403.52	116.0
291.12	117.0
315.72	117.0
331.16	117.0
357.0	117.0
902.6	117.0
1187.56	117.0
281.0	117.0
303.56	117.0
344.48	117.0
390.2	117.0
437.36	117.0
470.84	117.0
515.8	117.0
595.68	117.0
672.12	117.0
696.16	117.0
759.04	117.0
1073.96	117.0
1095.48	117.0
1307.24	117.0
1040.04	119.0
308.92	120.0
367.2	120.0
374.88	120.0
393.92	120.0
439.32	120.0
465.32	120.0
538.32	120.0
566.76	120.0
678.36	120.0
1151.04	120.0
