1415.56	96.0
1454.6	96.0
302.84	97.0
1287.08	97.0
1329.24	97.0
1385.4	97.0
1394.28	97.0
1413.72	97.0
1310.12	99.0
1334.52	99.0
1367.96	99.0
1398.08	99.0
1416.92	99.0
1470.0	99.0
1328.6	103.0
1343.12	105.0
1410.88	105.0
306.88	105.0
302.64	106.0
1355.92	107.0
361.64	107.0
950.56	107.0
1329.4	107.0
1442.24	107.0
1342.88	108.0
1376.76	108.0
1445.0	108.0
1289.8	108.0
1293.64	108.0
1305.12	108.0
1312.16	108.0
1314.68	108.0
1317.2	108.0
1326.28	108.0
1338.52	108.0
1345.52	108.0
1356.16	108.0
1363.4	108.0
1367.72	108.0
1380.6	108.0
1387.72	108.0
1393.68	108.0
1401.72	108.0
1405.04	108.0
1407.64	108.0
1411.92	108.0
1423.88	108.0
1429.68	108.0
1438.88	108.0
1457.12	108.0
1459.68	108.0
1468.68	108.0
1293.24	109.0
1315.28	109.0
1333.12	109.0
1357.04	109.0
1394.92	109.0
1438.48	109.0
1313.68	110.0
1357.36	110.0
1368.24	110.0
1382.32	110.0
1389.68	110.0
1394.24	110.0
1415.8	110.0
1431.44	110.0
1361.56	111.0
1364.2	111.0
1255.72	111.0
1271.0	111.0
1287.96	111.0
1299.68	111.0
1313.08	111.0
1328.48	111.0
1334.2	111.0
1341.4	111.0
1346.56	111.0
1353.0	111.0
1356.6	111.0
1375.2	111.0
1381.84	111.0
1388.6	111.0
1393.88	111.0
1400.52	111.0
1405.56	111.0
1409.92	111.0
1417.56	111.0
1425.08	111.0
1430.76	111.0
1441.92	111.0
1445.72	111.0
1452.6	111.0
1456.08	111.0
1461.68	111.0
1468.2	111.0
1403.84	112.0
1364.52	113.0
1392.64	113.0
1330.8	114.0
1343.36	114.0
1348.04	114.0
1350.56	114.0
1382.72	114.0
1389.12	114.0
1404.92	114.0
1434.56	114.0
1440.8	114.0
1453.44	114.0
1469.56	114.0
1263.36	115.0
1287.04	115.0
1313.68	116.0
1389.64	116.0
1415.72	116.0
1365.0	117.0
1405.44	117.0
1467.28	117.0
1256.36	117.0
1334.68	117.0
1375.68	117.0
1382.4	117.0
1432.96	117.0
1438.0	117.0
1374.28	120.0
1344.4	120.0
1383.52	120.0
1440.04	120.0
