142.56	96.0
113.36	96.0
45.04	97.0
141.8	97.0
302.48	97.0
332.08	97.0
346.64	97.0
635.88	97.0
57.36	99.0
94.96	99.0
158.64	99.0
249.72	99.0
448.32	99.0
501.28	99.0
656.96	99.0
777.12	99.0
840.44	99.0
939.04	99.0
1058.8	99.0
1310.4	99.0
127.44	103.0
226.64	103.0
666.0	105.0
213.72	106.0
302.48	106.0
332.0	106.0
348.84	108.0
55.88	108.0
61.76	108.0
64.28	108.0
79.36	108.0
92.48	108.0
103.0	108.0
120.2	108.0
124.8	108.0
154.12	108.0
157.56	108.0
168.08	108.0
172.72	108.0
178.72	108.0
199.44	108.0
211.16	108.0
222.12	108.0
228.84	108.0
247.4	108.0
254.2	108.0
257.04	108.0
260.72	108.0
272.4	108.0
289.16	108.0
291.68	108.0
294.52	108.0
311.08	108.0
326.4	108.0
330.68	108.0
362.24	108.0
368.56	108.0
372.2	108.0
411.24	108.0
434.12	108.0
476.4	108.0
501.4	108.0
565.52	108.0
595.32	108.0
623.6	108.0
644.56	108.0
669.48	108.0
700.32	108.0
703.12	108.0
720.96	108.0
796.8	108.0
807.8	108.0
823.76	108.0
830.68	108.0
857.2	108.0
926.92	108.0
997.68	108.0
1005.16	108.0
1054.48	108.0
1152.8	108.0
1220.2	108.0
1243.04	108.0
1295.36	108.0
1335.6	108.0
108.96	109.0
130.04	109.0
169.92	109.0
197.6	109.0
225.48	109.0
294.08	109.0
309.16	109.0
330.84	109.0
348.84	109.0
376.44	109.0
418.92	109.0
500.92	109.0
521.48	109.0
680.8	109.0
739.08	109.0
853.64	109.0
920.84	109.0
1032.8	109.0
1055.16	109.0
1121.36	109.0
1204.0	109.0
112.16	110.0
6.0	111.0
18.24	111.0
28.12	111.0
44.16	111.0
54.96	111.0
66.48	111.0
72.92	111.0
82.08	111.0
89.12	111.0
94.88	111.0
105.16	111.0
110.88	111.0
116.4	111.0
123.28	111.0
129.6	111.0
140.72	111.0
144.68	111.0
151.28	111.0
165.76	111.0
170.88	111.0
176.36	111.0
182.44	111.0
188.16	111.0
193.92	111.0
218.96	111.0
224.28	111.0
234.92	111.0
239.6	111.0
248.48	111.0
254.24	111.0
270.96	111.0
276.64	111.0
282.48	111.0
296.16	111.0
305.36	111.0
328.8	111.0
347.48	111.0
356.72	111.0
363.2	111.0
371.04	111.0
386.56	111.0
393.96	111.0
405.64	111.0
419.12	111.0
461.4	111.0
469.36	111.0
478.72	111.0
493.84	111.0
506.68	111.0
526.04	111.0
543.4	111.0
558.48	111.0
581.76	111.0
599.2	111.0
617.8	111.0
631.88	111.0
651.36	111.0
694.52	111.0
712.24	111.0
720.76	111.0
732.84	111.0
744.92	111.0
766.76	111.0
776.24	111.0
796.92	111.0
808.36	111.0
827.04	111.0
839.48	111.0
849.6	111.0
862.84	111.0
890.72	111.0
901.96	111.0
920.64	111.0
941.44	111.0
962.2	111.0
980.44	111.0
1004.32	111.0
1016.32	111.0
1027.64	111.0
1034.08	111.0
1053.48	111.0
1078.36	111.0
1089.52	111.0
1095.6	111.0
1145.84	111.0
1155.08	111.0
1177.84	111.0
1202.32	111.0
1223.76	111.0
1249.08	111.0
1255.44	111.0
1292.52	111.0
1297.12	111.0
1307.8	111.0
217.52	112.0
308.8	112.0
473.08	112.0
92.32	113.0
253.2	113.0
369.2	113.0
504.76	113.0
1093.24	113.0
211.68	114.0
334.6	114.0
1154.44	114.0
92.56	114.0
113.64	114.0
154.52	114.0
194.84	114.0
254.68	114.0
266.56	114.0
289.44	114.0
408.48	114.0
443.52	114.0
489.96	114.0
624.76	114.0
640.0	114.0
801.28	114.0
932.8	114.0
1181.6	114.0
1292.4	114.0
17.16	115.0
41.72	115.0
141.8	115.0
211.08	115.0
797.44	115.0
919.8	115.0
1001.68	115.0
1141.84	115.0
1224.76	115.0
1292.2	115.0
1354.92	115.0
435.48	115.0
112.08	116.0
137.0	117.0
189.04	117.0
247.92	117.0
323.88	117.0
159.72	117.0
218.44	117.0
224.96	117.0
288.68	117.0
305.56	117.0
413.16	117.0
511.6	117.0
615.4	117.0
583.92	119.0
92.52	120.0
310.6	120.0
462.8	120.0
522.4	120.0
573.24	120.0
628.84	120.0
1046.92	120.0
1181.92	120.0
