729.12	96.0
9.36	97.0
303.36	97.0
13.04	99.0
50.16	99.0
122.0	99.0
172.64	99.0
265.84	99.0
386.04	99.0
647.12	99.0
832.12	99.0
1286.0	99.0
1104.04	102.0
132.44	105.0
808.12	105.0
1375.24	105.0
9.36	106.0
33.84	106.0
137.88	106.0
303.24	106.0
964.56	106.0
203.4	107.0
862.0	107.0
37.44	108.0
49.4	108.0
67.68	108.0
85.08	108.0
102.84	108.0
106.52	108.0
164.84	108.0
167.36	108.0
183.68	108.0
212.32	108.0
228.36	108.0
261.8	108.0
324.68	108.0
355.92	108.0
370.88	108.0
430.48	108.0
446.32	108.0
513.16	108.0
549.52	108.0
560.72	108.0
691.6	108.0
774.56	108.0
814.56	108.0
819.04	108.0
913.16	108.0
943.28	108.0
1035.96	108.0
1056.12	108.0
1067.16	108.0
1089.64	108.0
1107.88	108.0
1118.64	108.0
1169.52	108.0
1250.72	108.0
1282.6	108.0
1352.2	108.0
1368.88	108.0
5.8	109.0
21.08	109.0
87.92	109.0
131.36	109.0
185.64	109.0
260.08	109.0
311.84	109.0
390.84	109.0
414.6	109.0
442.96	109.0
514.28	109.0
582.0	109.0
762.12	109.0
804.36	109.0
949.8	109.0
1206.28	109.0
1246.04	109.0
1283.68	109.0
1339.6	109.0
1373.32	109.0
1099.72	110.0
3.04	111.0
33.0	111.0
47.8	111.0
72.92	111.0
85.96	111.0
101.0	111.0
120.92	111.0
142.0	111.0
155.92	111.0
162.48	111.0
182.56	111.0
186.0	111.0
229.76	111.0
244.6	111.0
264.4	111.0
277.04	111.0
292.16	111.0
309.72	111.0
322.04	111.0
333.56	111.0
354.76	111.0
361.04	111.0
382.2	111.0
407.28	111.0
415.8	111.0
432.68	111.0
469.92	111.0
508.08	111.0
543.2	111.0
552.48	111.0
580.16	111.0
608.92	111.0
631.44	111.0
661.16	111.0
713.36	111.0
725.0	111.0
733.2	111.0
756.0	111.0
785.56	111.0
802.88	111.0
815.12	111.0
860.12	111.0
870.8	111.0
889.0	111.0
901.08	111.0
918.52	111.0
923.28	111.0
937.04	111.0
993.0	111.0
1004.64	111.0
1017.76	111.0
1037.6	111.0
1059.72	111.0
1083.48	111.0
1096.2	111.0
1117.48	111.0
1135.84	111.0
1147.56	111.0
1165.28	111.0
1176.44	111.0
1197.48	111.0
1206.88	111.0
1225.96	111.0
1239.76	111.0
1262.24	111.0
1285.04	111.0
1293.16	111.0
1311.36	111.0
1334.0	111.0
1344.32	111.0
1371.0	111.0
1384.12	111.0
247.28	112.0
215.28	113.0
679.32	113.0
848.52	113.0
1153.52	113.0
6.48	114.0
91.6	114.0
112.0	114.0
132.12	114.0
246.28	114.0
268.8	114.0
346.48	114.0
372.28	114.0
482.0	114.0
807.88	114.0
1121.88	114.0
1153.0	114.0
1179.84	114.0
1200.48	114.0
1375.04	114.0
211.0	115.0
379.12	115.0
505.28	115.0
580.76	115.0
697.48	115.0
778.4	115.0
960.24	115.0
990.48	115.0
1059.08	115.0
1227.52	115.0
1312.64	115.0
1365.72	115.0
1164.88	117.0
32.56	117.0
133.2	117.0
157.56	117.0
265.0	117.0
276.8	117.0
468.32	117.0
490.48	117.0
503.0	117.0
552.24	117.0
634.12	117.0
733.4	117.0
776.84	117.0
1018.28	117.0
1136.36	117.0
1152.64	117.0
1326.8	117.0
183.56	119.0
393.08	119.0
476.4	119.0
591.44	119.0
703.84	119.0
154.88	120.0
375.64	120.0
528.32	120.0
661.12	120.0
724.96	120.0
784.32	120.0
1002.52	120.0
1156.36	120.0
1201.44	120.0
