1049.28	96.0
1173.76	96.0
1099.12	96.0
302.76	97.0
403.88	97.0
1065.68	97.0
1178.16	97.0
1377.6	97.0
990.6	99.0
1021.72	99.0
1029.88	99.0
1073.0	99.0
1104.68	99.0
1124.08	99.0
1210.24	99.0
1241.08	99.0
1418.64	99.0
1462.96	99.0
1070.64	103.0
1358.6	105.0
1401.84	105.0
302.6	106.0
1066.24	107.0
962.2	107.0
983.28	107.0
1032.24	107.0
1083.68	107.0
1090.6	107.0
1151.44	107.0
1245.48	107.0
1341.32	108.0
1417.76	108.0
953.52	108.0
965.96	108.0
969.96	108.0
1008.48	108.0
1016.6	108.0
1022.68	108.0
1027.2	108.0
1031.64	108.0
1040.48	108.0
1043.4	108.0
1052.24	108.0
1057.56	108.0
1067.64	108.0
1076.52	108.0
1080.8	108.0
1084.32	108.0
1094.6	108.0
1107.68	108.0
1114.4	108.0
1116.92	108.0
1123.4	108.0
1127.4	108.0
1132.92	108.0
1141.72	108.0
1162.28	108.0
1175.52	108.0
1209.52	108.0
1215.12	108.0
1236.48	108.0
1263.68	108.0
1272.0	108.0
1278.12	108.0
1294.4	108.0
1316.44	108.0
1320.56	108.0
1329.44	108.0
1355.36	108.0
1369.68	108.0
1375.96	108.0
1393.36	108.0
1400.52	108.0
1431.16	108.0
1436.36	108.0
1478.88	108.0
987.24	109.0
1042.12	109.0
1054.68	109.0
1066.4	109.0
1083.88	109.0
1094.16	109.0
1116.04	109.0
1141.16	109.0
1167.12	109.0
1180.0	109.0
1197.6	109.0
1205.2	109.0
1227.84	109.0
1236.8	109.0
1263.28	109.0
1273.72	109.0
1316.56	109.0
1331.0	109.0
1339.4	109.0
1378.0	109.0
1392.64	109.0
1444.36	109.0
1479.72	109.0
955.96	110.0
998.8	110.0
1117.44	110.0
1180.24	110.0
307.84	110.0
1002.72	110.0
1031.72	110.0
1037.28	110.0
1062.88	110.0
1067.36	110.0
1098.52	110.0
1129.64	110.0
1133.88	110.0
1174.0	110.0
1238.8	110.0
373.76	111.0
935.44	111.0
950.52	111.0
965.52	111.0
974.8	111.0
984.6	111.0
990.28	111.0
994.72	111.0
1006.36	111.0
1013.52	111.0
1017.6	111.0
1021.28	111.0
1026.76	111.0
1033.32	111.0
1036.64	111.0
1042.76	111.0
1047.24	111.0
1063.36	111.0
1077.32	111.0
1083.52	111.0
1088.72	111.0
1092.8	111.0
1109.36	111.0
1123.12	111.0
1126.48	111.0
1133.4	111.0
1140.52	111.0
1149.32	111.0
1156.08	111.0
1169.64	111.0
1180.8	111.0
1205.8	111.0
1223.92	111.0
1232.88	111.0
1238.32	111.0
1261.8	111.0
1283.36	111.0
1292.2	111.0
1308.24	111.0
1317.12	111.0
1324.52	111.0
1346.64	111.0
1352.24	111.0
1366.92	111.0
1378.6	111.0
1405.96	111.0
1419.96	111.0
1429.36	111.0
1438.6	111.0
1456.16	111.0
1472.92	111.0
1480.76	111.0
1119.08	112.0
1038.08	113.0
1089.08	113.0
1141.96	113.0
1153.68	113.0
1412.84	113.0
949.0	114.0
975.2	114.0
1014.2	114.0
1048.04	114.0
1094.24	114.0
1097.72	114.0
1108.12	114.0
1133.68	114.0
1152.84	114.0
1196.08	114.0
1200.76	114.0
1251.72	114.0
1257.84	114.0
1377.4	114.0
1401.72	114.0
1417.96	114.0
1429.08	114.0
1451.32	114.0
1463.04	114.0
386.76	115.0
945.44	115.0
962.92	115.0
1002.72	116.0
1031.68	116.0
1062.8	116.0
1129.56	116.0
1173.92	116.0
1010.08	117.0
1031.56	117.0
1048.92	117.0
1152.72	117.0
1249.4	117.0
1272.52	117.0
404.16	117.0
1097.28	117.0
1126.08	117.0
1141.28	117.0
1145.32	117.0
1156.64	117.0
1180.08	117.0
1207.68	117.0
1252.16	117.0
1323.36	117.0
1182.48	119.0
1256.48	119.0
1122.52	120.0
1010.6	120.0
1129.64	120.0
1153.6	120.0
1172.32	120.0
