446.2	84.0
306.28	84.0
319.72	84.0
334.12	84.0
341.32	84.0
4.16	85.0
340.4	85.0
356.4	85.0
377.08	85.0
416.92	85.0
472.88	85.0
523.44	85.0
562.92	85.0
851.76	85.0
890.72	85.0
1032.04	85.0
1093.76	85.0
1220.12	85.0
1297.72	85.0
9.28	86.0
24.56	86.0
33.04	86.0
46.28	86.0
67.2	86.0
76.04	86.0
89.96	86.0
109.24	86.0
125.52	86.0
156.4	86.0
171.52	86.0
183.0	86.0
190.72	86.0
213.2	86.0
311.28	86.0
336.2	86.0
345.8	86.0
352.08	86.0
354.84	86.0
364.84	86.0
378.8	86.0
561.28	86.0
835.24	86.0
855.44	86.0
887.64	86.0
901.88	86.0
929.92	86.0
933.32	86.0
953.52	86.0
964.6	86.0
995.16	86.0
1064.6	86.0
1158.76	86.0
1189.52	86.0
1232.96	86.0
1261.48	86.0
1273.92	86.0
1335.68	86.0
1381.04	86.0
208.44	86.0
218.52	86.0
308.64	86.0
317.6	86.0
322.2	86.0
324.76	86.0
331.36	86.0
340.4	86.0
373.32	86.0
409.32	86.0
433.88	86.0
905.56	86.0
936.48	86.0
947.28	86.0
1008.44	86.0
1031.76	86.0
1140.4	86.0
1373.92	86.0
315.76	87.0
862.84	87.0
37.84	87.0
157.92	87.0
308.0	87.0
311.6	87.0
318.52	87.0
321.52	87.0
325.8	87.0
329.64	87.0
334.0	87.0
339.76	87.0
345.88	87.0
357.92	87.0
373.04	87.0
400.48	87.0
429.88	87.0
441.44	87.0
583.56	87.0
773.88	87.0
828.56	87.0
856.12	87.0
961.8	87.0
997.36	87.0
1190.44	87.0
1326.08	87.0
314.84	88.0
29.2	88.0
217.8	88.0
338.72	88.0
364.96	88.0
388.52	88.0
411.76	88.0
802.52	88.0
1021.56	88.0
1028.36	88.0
1063.64	88.0
1115.88	88.0
1154.6	88.0
1310.96	88.0
1383.6	88.0
902.56	89.0
23.16	89.0
131.32	89.0
359.88	89.0
366.28	89.0
377.96	89.0
465.72	89.0
847.08	89.0
888.56	89.0
1366.96	89.0
323.52	90.0
944.36	90.0
1033.04	90.0
138.68	90.0
172.64	90.0
242.32	90.0
302.64	90.0
309.0	90.0
317.84	90.0
329.64	90.0
346.8	90.0
400.2	90.0
622.0	90.0
1049.6	90.0
1160.08	90.0
1255.64	90.0
1353.52	90.0
1389.6	90.0
313.2	91.0
322.56	91.0
359.04	91.0
378.48	91.0
326.4	91.0
27.28	92.0
128.04	92.0
296.04	92.0
318.68	92.0
329.04	92.0
343.4	92.0
350.0	92.0
370.36	92.0
376.56	92.0
392.68	92.0
467.96	92.0
645.08	92.0
760.52	92.0
835.64	92.0
888.08	92.0
910.56	92.0
942.88	92.0
979.28	92.0
1063.6	92.0
1123.72	92.0
1172.96	92.0
1217.52	92.0
1295.84	92.0
1336.48	92.0
9.64	92.0
60.2	92.0
88.52	92.0
136.48	92.0
160.88	92.0
214.92	92.0
339.76	92.0
355.68	92.0
362.8	92.0
382.68	92.0
404.92	92.0
438.64	92.0
489.96	92.0
540.12	92.0
606.28	92.0
663.6	92.0
669.4	92.0
748.04	92.0
788.56	92.0
794.12	92.0
840.8	92.0
866.96	92.0
874.8	92.0
968.04	92.0
982.04	92.0
1010.64	92.0
1086.16	92.0
1230.44	92.0
1260.64	92.0
1340.56	92.0
130.08	93.0
162.68	93.0
311.24	93.0
377.12	93.0
546.12	93.0
636.92	93.0
917.44	93.0
1083.76	93.0
1156.28	93.0
1222.0	93.0
1257.36	93.0
1346.88	93.0
327.2	93.0
358.44	93.0
386.04	93.0
413.92	93.0
888.6	93.0
113.04	94.0
155.28	94.0
324.16	94.0
368.0	94.0
440.88	94.0
520.12	94.0
565.56	94.0
1016.16	94.0
1021.48	94.0
1254.52	94.0
1331.0	94.0
260.88	94.0
313.2	94.0
319.44	94.0
327.48	94.0
339.2	94.0
342.12	94.0
354.76	94.0
392.84	94.0
443.76	94.0
508.4	94.0
888.68	94.0
921.32	94.0
943.12	94.0
1305.04	94.0
1392.56	94.0
57.08	95.0
141.68	95.0
207.16	95.0
319.64	95.0
345.84	95.0
478.92	95.0
563.52	95.0
662.96	95.0
806.52	95.0
1238.6	95.0
308.4	96.0
302.52	96.0
376.44	96.0
793.6	96.0
923.32	96.0
302.64	97.0
322.92	97.0
336.84	97.0
355.48	97.0
390.24	97.0
444.76	97.0
491.64	97.0
558.84	97.0
611.32	97.0
866.96	97.0
920.76	97.0
1298.48	97.0
1388.52	97.0
1156.24	98.0
306.36	98.0
396.96	98.0
832.2	98.0
1030.4	98.0
1034.28	98.0
1048.08	98.0
1065.4	98.0
1090.0	98.0
1176.12	98.0
472.0	99.0
7.4	99.0
66.36	99.0
302.48	99.0
308.12	99.0
313.36	99.0
317.76	99.0
323.64	99.0
328.76	99.0
334.8	99.0
342.64	99.0
350.56	99.0
655.88	99.0
694.44	99.0
733.36	99.0
760.64	99.0
826.28	99.0
918.36	99.0
1017.88	99.0
1050.4	99.0
1102.64	99.0
1242.44	99.0
1328.84	99.0
4.2	100.0
210.36	100.0
316.96	100.0
407.72	100.0
495.08	100.0
511.88	100.0
549.16	100.0
599.48	100.0
678.28	100.0
758.76	100.0
865.08	100.0
944.28	100.0
1032.96	100.0
1158.12	100.0
1236.6	100.0
464.96	101.0
323.44	101.0
331.32	101.0
440.04	101.0
308.96	102.0
312.0	102.0
319.28	103.0
1367.08	103.0
327.28	103.0
337.64	104.0
340.64	104.0
397.76	104.0
413.8	104.0
437.44	104.0
466.64	104.0
517.64	104.0
940.48	104.0
26.84	104.0
243.76	104.0
302.84	104.0
307.68	104.0
313.72	104.0
319.0	104.0
325.68	104.0
332.88	104.0
347.88	104.0
357.04	104.0
372.2	104.0
385.64	104.0
419.16	104.0
443.04	104.0
450.96	104.0
470.48	104.0
498.32	104.0
541.96	104.0
565.96	104.0
586.08	104.0
657.64	104.0
714.36	104.0
793.84	104.0
824.08	104.0
849.08	104.0
890.84	104.0
907.52	104.0
927.84	104.0
1051.64	104.0
1066.64	104.0
1258.56	104.0
1299.8	104.0
1340.24	104.0
286.04	106.0
322.16	106.0
388.92	106.0
437.44	106.0
495.24	106.0
1160.16	106.0
1223.24	106.0
1367.52	106.0
1300.48	107.0
48.92	107.0
78.92	107.0
110.6	107.0
131.84	107.0
190.64	107.0
309.96	107.0
319.28	107.0
327.72	107.0
340.52	107.0
347.72	107.0
356.92	107.0
373.76	107.0
386.84	107.0
472.08	107.0
557.84	107.0
587.88	107.0
787.64	107.0
1032.88	107.0
1064.0	107.0
1088.48	107.0
1250.76	107.0
1283.6	107.0
1332.04	107.0
1363.88	107.0
320.52	108.0
323.4	108.0
338.76	108.0
376.88	108.0
427.16	108.0
558.0	108.0
611.12	108.0
682.36	108.0
732.64	108.0
760.72	108.0
773.6	108.0
792.84	108.0
816.84	108.0
828.48	108.0
854.56	108.0
870.92	108.0
899.36	108.0
948.96	108.0
975.2	108.0
1036.84	108.0
1167.64	108.0
1240.12	108.0
405.72	109.0
821.88	109.0
930.0	109.0
343.52	109.0
310.48	110.0
342.84	110.0
846.08	110.0
203.64	111.0
302.44	111.0
829.44	111.0
877.52	111.0
1238.08	111.0
6.08	111.0
32.64	111.0
61.8	111.0
135.32	111.0
153.44	111.0
176.96	111.0
188.36	111.0
221.8	111.0
226.64	111.0
239.04	111.0
314.6	111.0
319.16	111.0
323.44	111.0
328.4	111.0
331.76	111.0
342.76	111.0
349.6	111.0
365.08	111.0
373.52	111.0
395.76	111.0
398.96	111.0
441.72	111.0
454.96	111.0
470.12	111.0
505.64	111.0
510.8	111.0
537.72	111.0
578.96	111.0
608.68	111.0
649.44	111.0
699.08	111.0
739.28	111.0
764.96	111.0
834.32	111.0
846.0	111.0
886.04	111.0
892.52	111.0
897.8	111.0
913.16	111.0
923.36	111.0
926.08	111.0
945.68	111.0
978.84	111.0
1046.36	111.0
1066.4	111.0
1099.04	111.0
1128.04	111.0
1176.44	111.0
1221.36	111.0
1264.32	111.0
1298.04	111.0
1358.56	111.0
1377.48	111.0
1385.32	111.0
1388.88	111.0
318.64	112.0
27.24	112.0
153.6	112.0
180.72	112.0
242.8	112.0
385.6	112.0
402.92	112.0
477.96	112.0
505.32	112.0
667.04	112.0
846.12	112.0
1387.92	112.0
319.56	113.0
302.48	113.0
306.0	113.0
338.72	113.0
417.56	113.0
311.6	114.0
338.76	114.0
129.44	114.0
1002.6	114.0
1362.32	114.0
30.04	115.0
258.28	115.0
357.48	115.0
419.76	115.0
464.2	115.0
496.2	115.0
526.72	115.0
651.12	115.0
674.0	115.0
846.44	115.0
883.2	115.0
942.68	115.0
1016.84	115.0
1082.04	115.0
1284.88	115.0
1390.8	115.0
310.56	116.0
314.04	116.0
397.08	116.0
890.36	116.0
1344.84	116.0
1377.32	116.0
14.6	116.0
146.16	116.0
174.24	116.0
189.92	116.0
213.6	116.0
225.84	116.0
319.44	116.0
336.8	116.0
339.48	116.0
350.68	116.0
353.52	116.0
357.28	116.0
363.84	116.0
383.48	116.0
405.68	116.0
449.12	116.0
464.44	116.0
467.72	116.0
552.04	116.0
555.8	116.0
603.0	116.0
623.2	116.0
762.4	116.0
812.16	116.0
817.16	116.0
868.2	116.0
902.92	116.0
932.44	116.0
944.08	116.0
947.28	116.0
953.6	116.0
1058.84	116.0
1219.4	116.0
1249.6	116.0
1265.36	116.0
1331.88	116.0
354.04	117.0
374.64	117.0
379.84	117.0
390.32	117.0
405.72	117.0
319.6	117.0
323.72	117.0
700.96	117.0
829.56	117.0
302.56	118.0
354.84	118.0
309.96	118.0
312.48	118.0
318.8	118.0
324.6	118.0
335.32	118.0
344.92	118.0
347.84	118.0
394.4	118.0
404.04	118.0
416.88	118.0
491.96	118.0
537.4	118.0
610.28	118.0
653.48	118.0
844.2	118.0
925.72	118.0
1266.96	118.0
1336.12	118.0
1347.24	118.0
21.76	119.0
76.4	119.0
106.52	119.0
131.44	119.0
290.92	119.0
325.4	119.0
342.64	119.0
443.76	119.0
850.04	119.0
1300.28	119.0
73.36	120.0
116.04	120.0
308.76	120.0
313.0	120.0
322.64	120.0
344.8	120.0
372.48	120.0
386.36	120.0
400.96	120.0
526.04	120.0
605.72	120.0
777.92	120.0
842.32	120.0
890.68	120.0
964.52	120.0
975.44	120.0
1267.28	120.0
