408.36	84.0
302.8	84.0
310.6	84.0
407.36	85.0
423.24	85.0
448.68	85.0
487.8	85.0
501.08	85.0
603.68	85.0
1238.68	85.0
1262.56	85.0
309.44	86.0
319.24	86.0
339.08	86.0
392.64	86.0
417.12	86.0
437.24	86.0
545.44	86.0
600.44	86.0
665.88	86.0
729.68	86.0
808.92	86.0
844.32	86.0
915.72	86.0
935.72	86.0
949.84	86.0
992.36	86.0
1050.8	86.0
1085.12	86.0
1121.32	86.0
1265.08	86.0
1302.6	86.0
21.56	86.0
314.52	86.0
321.76	86.0
326.04	86.0
332.92	86.0
346.88	86.0
361.28	86.0
372.24	86.0
489.96	86.0
762.92	86.0
905.6	86.0
1050.88	87.0
1231.32	87.0
309.96	87.0
317.44	87.0
320.68	87.0
324.76	87.0
335.32	87.0
348.64	87.0
366.72	87.0
383.4	87.0
418.8	87.0
441.48	87.0
478.56	87.0
628.32	87.0
732.36	87.0
758.16	87.0
764.8	87.0
770.2	87.0
778.88	87.0
851.8	87.0
892.92	87.0
1031.52	87.0
1089.16	87.0
1144.12	87.0
1217.04	87.0
311.04	88.0
350.0	88.0
819.64	88.0
85.32	88.0
214.84	88.0
332.08	88.0
339.56	88.0
804.48	88.0
1001.24	88.0
335.28	89.0
766.64	89.0
165.12	89.0
182.84	89.0
188.8	89.0
252.04	89.0
310.08	89.0
322.08	89.0
371.88	89.0
425.8	89.0
444.36	89.0
896.04	89.0
1192.32	89.0
1224.6	89.0
1250.44	89.0
1389.04	89.0
259.68	90.0
264.44	90.0
321.8	90.0
330.8	90.0
343.52	90.0
454.88	90.0
527.12	90.0
669.68	90.0
920.72	90.0
950.16	90.0
985.8	90.0
1068.56	90.0
1096.64	90.0
1224.32	90.0
1250.64	90.0
1260.64	90.0
1310.52	90.0
1389.2	90.0
322.4	91.0
338.44	91.0
394.24	91.0
325.72	91.0
355.76	91.0
378.6	91.0
313.64	92.0
328.8	92.0
343.32	92.0
363.64	92.0
395.44	92.0
423.24	92.0
453.52	92.0
1239.2	92.0
221.96	92.0
309.08	92.0
316.28	92.0
321.16	92.0
332.76	92.0
347.0	92.0
367.16	92.0
378.84	92.0
1209.16	92.0
1216.08	92.0
315.44	93.0
342.0	93.0
360.72	93.0
421.96	93.0
26.24	93.0
302.56	93.0
244.6	94.0
333.68	94.0
217.84	94.0
320.76	94.0
323.68	94.0
343.24	94.0
361.2	94.0
380.6	94.0
398.88	94.0
816.2	94.0
947.0	94.0
25.52	95.0
328.6	95.0
358.12	95.0
544.44	95.0
683.72	95.0
763.24	95.0
910.64	95.0
977.6	95.0
1026.96	95.0
1188.04	95.0
1249.08	95.0
1349.16	95.0
336.04	96.0
302.44	97.0
334.68	97.0
346.0	97.0
361.4	97.0
399.8	97.0
810.28	97.0
1262.96	98.0
145.36	99.0
302.8	99.0
312.08	99.0
316.64	99.0
322.32	99.0
329.8	99.0
336.76	99.0
425.56	99.0
777.48	99.0
908.6	99.0
947.68	99.0
970.52	99.0
1223.6	99.0
180.12	100.0
245.84	100.0
297.48	100.0
344.52	100.0
762.92	100.0
905.52	100.0
1358.44	100.0
320.64	101.0
313.56	102.0
379.48	102.0
961.28	102.0
319.68	103.0
360.16	103.0
378.2	103.0
420.4	103.0
346.6	103.0
1182.96	103.0
319.64	104.0
341.28	104.0
360.16	104.0
378.16	104.0
404.56	104.0
420.32	104.0
311.24	104.0
315.88	104.0
322.36	104.0
327.0	104.0
331.88	104.0
336.52	104.0
345.04	104.0
357.48	104.0
399.36	104.0
444.0	104.0
486.92	104.0
842.0	104.0
962.28	104.0
1267.32	104.0
1394.32	104.0
312.64	106.0
345.6	106.0
371.32	106.0
535.12	106.0
1037.72	106.0
425.08	107.0
320.92	107.0
336.84	107.0
346.04	107.0
354.52	107.0
360.32	107.0
378.56	107.0
391.76	107.0
417.44	107.0
427.76	107.0
450.64	107.0
551.04	107.0
566.4	107.0
653.24	107.0
809.72	107.0
927.84	107.0
996.64	107.0
1048.44	107.0
1393.64	107.0
299.8	108.0
212.52	108.0
236.44	108.0
250.68	108.0
315.76	108.0
766.52	108.0
908.8	108.0
971.16	108.0
1124.08	108.0
1138.92	108.0
1184.04	108.0
1222.96	108.0
259.44	109.0
226.68	109.0
302.6	109.0
962.16	109.0
310.52	110.0
216.56	110.0
380.28	110.0
427.76	110.0
484.56	110.0
1037.2	110.0
310.52	111.0
319.6	111.0
330.4	111.0
395.56	111.0
436.4	111.0
469.16	111.0
937.52	111.0
1017.72	111.0
1183.0	111.0
311.76	112.0
330.84	112.0
369.84	112.0
646.92	112.0
779.08	112.0
1241.32	112.0
324.2	113.0
341.92	113.0
302.96	114.0
313.8	114.0
321.8	114.0
335.72	114.0
339.64	114.0
350.28	114.0
375.6	114.0
395.4	114.0
608.72	114.0
929.48	114.0
315.72	115.0
353.44	115.0
365.84	115.0
775.0	115.0
39.92	115.0
216.8	115.0
325.56	115.0
331.36	115.0
348.16	115.0
380.56	115.0
396.36	115.0
409.4	115.0
428.04	115.0
447.2	115.0
469.76	115.0
484.84	115.0
527.56	115.0
565.48	115.0
619.0	115.0
670.88	115.0
734.76	115.0
932.24	115.0
1028.0	115.0
1193.48	115.0
1239.16	115.0
1295.2	115.0
55.28	116.0
210.36	116.0
239.76	116.0
312.4	116.0
363.96	116.0
367.2	116.0
381.48	116.0
423.52	116.0
484.16	116.0
667.12	116.0
790.68	116.0
806.0	116.0
916.24	116.0
945.52	116.0
147.4	116.0
171.2	116.0
173.72	116.0
180.28	116.0
226.52	116.0
249.6	116.0
256.64	116.0
285.96	116.0
289.4	116.0
316.24	116.0
320.68	116.0
325.08	116.0
330.0	116.0
338.4	116.0
343.68	116.0
348.32	116.0
357.6	116.0
378.28	116.0
397.92	116.0
407.76	116.0
765.4	116.0
774.32	116.0
834.48	116.0
899.12	116.0
972.32	116.0
1124.44	116.0
1176.76	116.0
1180.72	116.0
1212.48	116.0
1242.6	116.0
1249.32	116.0
1254.28	116.0
1260.52	116.0
1308.2	116.0
1338.28	116.0
1361.48	116.0
1386.96	116.0
336.32	117.0
349.0	117.0
362.76	117.0
393.48	117.0
310.44	117.0
319.92	117.0
325.36	117.0
330.56	117.0
338.88	117.0
379.56	117.0
388.2	117.0
338.72	118.0
959.08	118.0
225.32	118.0
256.8	118.0
313.92	118.0
335.2	118.0
344.56	118.0
406.0	118.0
434.56	118.0
483.52	118.0
790.28	118.0
855.56	118.0
918.08	118.0
982.96	118.0
1196.24	118.0
1386.0	118.0
1390.8	119.0
244.04	119.0
302.48	119.0
323.52	119.0
332.84	119.0
375.84	119.0
1238.24	119.0
322.2	120.0
377.88	120.0
400.12	120.0
766.12	120.0
831.0	120.0
855.4	120.0
1048.72	120.0
1215.6	120.0
