302.76	84.0
308.72	84.0
40.8	85.0
245.84	85.0
266.36	85.0
307.52	85.0
327.04	85.0
398.76	85.0
572.44	85.0
619.28	85.0
732.2	85.0
797.64	85.0
973.52	85.0
1264.68	85.0
1368.24	85.0
14.48	86.0
32.0	86.0
39.96	86.0
54.8	86.0
68.16	86.0
99.64	86.0
113.0	86.0
133.52	86.0
145.16	86.0
166.36	86.0
196.32	86.0
207.76	86.0
220.52	86.0
223.6	86.0
244.24	86.0
256.96	86.0
266.8	86.0
283.0	86.0
307.04	86.0
326.52	86.0
335.84	86.0
346.24	86.0
354.56	86.0
398.24	86.0
425.96	86.0
456.0	86.0
563.88	86.0
643.6	86.0
678.04	86.0
705.56	86.0
730.96	86.0
766.76	86.0
861.44	86.0
869.68	86.0
949.56	86.0
1006.12	86.0
1032.0	86.0
1061.96	86.0
1098.72	86.0
1123.84	86.0
1154.12	86.0
1177.84	86.0
1200.96	86.0
1216.2	86.0
1260.96	86.0
1285.12	86.0
1321.44	86.0
1377.68	86.0
1388.2	86.0
19.2	86.0
188.2	86.0
201.36	86.0
309.96	86.0
315.88	86.0
321.12	86.0
331.72	86.0
371.32	86.0
495.72	86.0
798.88	86.0
884.36	86.0
968.44	86.0
972.24	86.0
1366.08	86.0
1393.36	86.0
27.8	87.0
111.88	87.0
198.2	87.0
282.12	87.0
306.76	87.0
313.88	87.0
321.8	87.0
329.68	87.0
334.56	87.0
338.6	87.0
345.08	87.0
356.6	87.0
401.8	87.0
416.84	87.0
426.72	87.0
532.36	87.0
595.4	87.0
657.76	87.0
678.84	87.0
688.16	87.0
736.2	87.0
768.6	87.0
805.88	87.0
876.0	87.0
944.28	87.0
972.88	87.0
1105.92	87.0
1214.92	87.0
1247.4	87.0
1362.28	87.0
681.12	88.0
148.88	88.0
209.84	88.0
322.84	88.0
326.12	88.0
341.24	88.0
442.8	88.0
482.48	88.0
502.84	88.0
528.96	88.0
551.88	88.0
559.32	88.0
590.6	88.0
630.56	88.0
704.44	88.0
710.04	88.0
791.6	88.0
966.84	88.0
1015.36	88.0
1093.8	88.0
1353.4	88.0
1379.72	88.0
196.88	89.0
1035.76	89.0
164.44	89.0
206.36	89.0
364.24	89.0
762.24	89.0
922.16	89.0
1204.68	89.0
17.68	90.0
30.2	90.0
92.68	90.0
206.08	90.0
224.44	90.0
273.36	90.0
332.48	90.0
349.76	90.0
363.96	90.0
643.36	90.0
654.4	90.0
706.6	90.0
895.88	90.0
998.76	90.0
1190.64	90.0
1204.36	90.0
302.56	91.0
306.48	91.0
319.48	91.0
330.68	91.0
375.72	91.0
535.04	91.0
1007.92	91.0
124.84	92.0
180.76	92.0
269.04	92.0
314.56	92.0
328.88	92.0
344.4	92.0
374.76	92.0
396.0	92.0
444.88	92.0
467.52	92.0
506.6	92.0
731.16	92.0
767.96	92.0
811.88	92.0
1178.08	92.0
1312.8	92.0
16.32	92.0
38.44	92.0
110.0	92.0
364.96	92.0
553.56	92.0
662.88	92.0
1182.24	92.0
1204.28	92.0
1242.72	92.0
1332.76	92.0
1353.2	92.0
280.8	93.0
512.96	93.0
579.92	93.0
423.44	93.0
438.88	94.0
468.68	94.0
742.44	94.0
829.16	94.0
1212.96	94.0
26.92	94.0
153.0	94.0
209.32	94.0
249.24	94.0
279.92	94.0
317.36	94.0
332.76	94.0
358.44	94.0
362.88	94.0
401.96	94.0
425.16	94.0
455.16	94.0
533.36	94.0
648.96	94.0
44.68	95.0
177.92	95.0
312.12	95.0
618.76	95.0
829.4	95.0
904.32	95.0
1191.36	95.0
1271.04	95.0
302.64	96.0
199.0	97.0
302.44	97.0
315.12	97.0
523.16	97.0
673.16	97.0
1006.12	97.0
1264.4	97.0
1262.04	98.0
195.8	99.0
308.76	99.0
313.76	99.0
319.44	99.0
326.36	99.0
333.88	99.0
345.48	99.0
709.76	99.0
818.6	99.0
895.84	99.0
1372.68	99.0
90.76	100.0
139.44	100.0
265.28	100.0
333.24	100.0
345.32	100.0
371.36	100.0
446.6	100.0
489.84	100.0
505.16	100.0
601.56	100.0
846.6	100.0
858.04	100.0
942.24	100.0
1178.56	100.0
1210.48	100.0
317.96	102.0
327.04	103.0
401.56	103.0
423.32	103.0
302.52	104.0
327.0	104.0
361.0	104.0
401.48	104.0
423.28	104.0
56.08	104.0
121.44	104.0
309.72	104.0
314.56	104.0
323.24	104.0
331.48	104.0
345.0	104.0
383.92	104.0
468.96	104.0
749.12	104.0
770.2	104.0
975.08	104.0
1188.12	104.0
1307.04	104.0
319.76	106.0
341.64	106.0
373.56	106.0
461.36	106.0
550.64	106.0
977.96	106.0
800.84	107.0
11.72	107.0
53.0	107.0
56.08	107.0
162.24	107.0
205.6	107.0
281.96	107.0
316.96	107.0
337.84	107.0
343.96	107.0
413.84	107.0
461.72	107.0
494.16	107.0
530.36	107.0
561.36	107.0
601.52	107.0
680.36	107.0
896.6	107.0
995.48	107.0
1067.28	107.0
1136.56	107.0
1177.08	107.0
1214.04	107.0
1296.4	107.0
1306.8	107.0
1352.48	107.0
242.6	108.0
298.68	108.0
323.08	108.0
360.84	108.0
459.36	108.0
607.44	108.0
765.84	108.0
825.76	108.0
876.16	108.0
948.92	108.0
983.84	108.0
1011.64	108.0
151.72	109.0
240.8	109.0
332.2	109.0
970.0	109.0
319.16	109.0
1008.96	109.0
1383.8	109.0
310.56	110.0
314.4	110.0
326.0	110.0
344.04	110.0
505.04	110.0
34.32	110.0
333.2	110.0
445.88	110.0
472.36	110.0
659.56	110.0
705.2	110.0
310.56	111.0
43.2	111.0
90.04	111.0
133.36	111.0
147.76	111.0
314.16	111.0
317.2	111.0
347.76	111.0
362.6	111.0
390.28	111.0
470.44	111.0
675.2	111.0
834.12	111.0
854.6	111.0
871.28	111.0
899.0	111.0
940.36	111.0
945.56	111.0
1008.48	111.0
1041.6	111.0
1069.76	111.0
1099.0	111.0
1114.64	111.0
1137.16	111.0
1157.52	111.0
1177.68	111.0
1255.88	111.0
1321.36	111.0
1381.24	111.0
220.68	112.0
308.96	112.0
311.8	112.0
354.92	112.0
461.4	112.0
1034.24	112.0
323.8	113.0
302.84	114.0
306.04	114.0
314.2	114.0
319.08	114.0
209.8	114.0
343.64	114.0
400.64	114.0
642.8	115.0
53.0	115.0
132.12	115.0
161.28	115.0
265.68	115.0
298.56	115.0
374.4	115.0
402.04	115.0
446.76	115.0
469.96	115.0
513.36	115.0
556.4	115.0
659.84	115.0
710.72	115.0
798.88	115.0
889.84	115.0
915.24	115.0
1146.48	115.0
1270.32	115.0
1365.8	115.0
17.48	116.0
180.44	116.0
220.48	116.0
362.44	116.0
957.52	116.0
1381.16	116.0
28.08	116.0
56.84	116.0
121.08	116.0
131.12	116.0
149.96	116.0
205.92	116.0
217.48	116.0
310.68	116.0
314.24	116.0
316.96	116.0
321.56	116.0
328.56	116.0
332.16	116.0
337.92	116.0
347.12	116.0
358.4	116.0
370.32	116.0
375.64	116.0
393.56	116.0
424.52	116.0
503.28	116.0
640.64	116.0
689.44	116.0
706.8	116.0
759.8	116.0
836.2	116.0
850.04	116.0
861.0	116.0
898.6	116.0
973.88	116.0
1008.04	116.0
1144.8	116.0
1198.6	116.0
1208.96	116.0
1237.8	116.0
1305.68	116.0
24.76	117.0
313.04	117.0
329.32	117.0
341.72	117.0
390.12	117.0
442.16	117.0
467.76	117.0
412.88	117.0
472.64	117.0
960.04	117.0
109.2	118.0
320.04	118.0
869.44	118.0
51.92	118.0
314.76	118.0
322.56	118.0
325.48	118.0
328.76	118.0
337.8	118.0
470.6	118.0
975.56	118.0
1113.2	118.0
1236.44	118.0
11.8	119.0
204.76	119.0
343.4	119.0
768.56	119.0
796.84	119.0
850.92	119.0
927.0	119.0
974.52	119.0
1030.88	119.0
1064.72	119.0
1096.36	119.0
1133.04	119.0
1173.64	119.0
1319.4	119.0
1352.6	119.0
420.92	120.0
65.52	120.0
203.88	120.0
240.32	120.0
324.96	120.0
338.52	120.0
380.88	120.0
576.76	120.0
977.8	120.0
1067.92	120.0
1198.96	120.0
1259.8	120.0
1343.56	120.0
1356.88	120.0
