308.92	84.0
314.72	84.0
371.16	84.0
603.0	84.0
714.92	84.0
302.76	84.0
542.04	85.0
274.8	85.0
314.76	85.0
351.28	85.0
425.84	85.0
521.32	85.0
593.48	85.0
624.16	85.0
636.0	85.0
650.6	85.0
676.8	85.0
717.4	85.0
766.12	85.0
842.2	85.0
876.0	85.0
1586.2	85.0
1628.0	85.0
1712.84	85.0
1775.4	85.0
238.52	86.0
273.68	86.0
319.12	86.0
339.4	86.0
344.6	86.0
364.2	86.0
385.28	86.0
396.84	86.0
412.0	86.0
438.24	86.0
840.12	86.0
1024.4	86.0
1079.28	86.0
1200.2	86.0
1262.44	86.0
1338.6	86.0
1377.64	86.0
1657.28	86.0
1678.24	86.0
1688.28	86.0
1707.8	86.0
1713.16	86.0
1740.96	86.0
1760.68	86.0
1769.48	86.0
1778.92	86.0
1790.72	86.0
1811.56	86.0
1841.04	86.0
307.04	86.0
309.84	86.0
316.48	86.0
327.0	86.0
331.68	86.0
334.72	86.0
342.0	86.0
351.2	86.0
359.12	86.0
377.08	86.0
404.96	86.0
452.56	86.0
468.84	86.0
494.36	86.0
1030.12	86.0
1172.2	86.0
64.08	87.0
424.44	87.0
611.8	87.0
636.76	87.0
656.48	87.0
680.76	87.0
873.84	87.0
1595.08	87.0
1708.8	87.0
1741.2	87.0
92.2	87.0
210.48	87.0
218.24	87.0
313.96	87.0
320.64	87.0
327.16	87.0
331.08	87.0
347.68	87.0
355.84	87.0
360.84	87.0
366.04	87.0
371.16	87.0
395.8	87.0
493.88	87.0
498.12	87.0
517.48	87.0
543.84	87.0
585.92	87.0
673.36	87.0
695.24	87.0
736.88	87.0
783.08	87.0
823.04	87.0
1025.64	87.0
1053.24	87.0
1280.96	87.0
1547.76	87.0
1711.88	87.0
303.0	88.0
324.36	88.0
391.56	88.0
549.48	88.0
63.64	88.0
116.2	88.0
274.68	88.0
309.92	88.0
340.76	88.0
826.2	88.0
937.04	88.0
1072.36	88.0
1223.48	88.0
1649.44	88.0
1691.16	88.0
331.48	89.0
141.52	89.0
315.2	89.0
390.24	89.0
401.08	89.0
411.0	89.0
463.32	89.0
1771.28	89.0
1877.96	89.0
4.6	90.0
192.96	90.0
311.6	90.0
325.72	90.0
329.64	90.0
336.24	90.0
360.2	90.0
367.4	90.0
376.68	90.0
400.8	90.0
409.16	90.0
450.76	90.0
509.8	90.0
524.28	90.0
1063.92	90.0
1299.56	90.0
1663.72	90.0
1734.88	90.0
1751.12	90.0
1771.0	90.0
1795.4	90.0
1842.96	90.0
316.4	91.0
320.88	91.0
342.24	91.0
387.52	91.0
400.6	91.0
425.96	91.0
439.0	91.0
580.68	91.0
311.52	91.0
330.64	91.0
360.68	91.0
413.28	91.0
22.92	92.0
313.04	92.0
332.24	92.0
351.96	92.0
374.28	92.0
390.8	92.0
399.56	92.0
457.32	92.0
494.0	92.0
536.8	92.0
1685.64	92.0
1729.96	92.0
1768.08	92.0
60.4	92.0
309.12	92.0
318.36	92.0
340.08	92.0
358.24	92.0
366.68	92.0
404.2	92.0
411.04	92.0
437.4	92.0
478.76	92.0
498.56	92.0
509.84	92.0
526.6	92.0
548.84	92.0
587.16	92.0
1100.32	92.0
1661.16	92.0
1689.48	92.0
1707.88	92.0
1733.48	92.0
1757.16	92.0
1812.44	92.0
1887.32	92.0
316.12	93.0
376.28	93.0
384.28	93.0
402.48	93.0
413.88	93.0
428.04	93.0
437.08	93.0
478.88	93.0
516.24	93.0
694.0	93.0
717.48	93.0
740.6	93.0
340.68	93.0
477.76	94.0
639.72	94.0
23.0	94.0
312.96	94.0
335.08	94.0
345.0	94.0
367.52	94.0
375.68	94.0
395.04	94.0
402.6	94.0
453.2	94.0
496.44	94.0
1797.96	94.0
320.68	95.0
342.76	95.0
348.96	95.0
384.72	95.0
625.48	95.0
766.12	95.0
1107.0	95.0
1715.0	95.0
334.08	96.0
302.48	96.0
1686.2	96.0
1705.12	96.0
1729.8	96.0
1748.76	96.0
1783.0	96.0
1813.08	96.0
1836.04	96.0
1879.56	96.0
400.88	97.0
1799.2	97.0
302.44	97.0
308.6	97.0
313.96	97.0
327.52	97.0
333.64	97.0
343.24	97.0
355.56	97.0
427.36	97.0
521.64	97.0
1068.76	97.0
1214.88	97.0
1234.56	97.0
194.0	98.0
340.68	98.0
496.48	98.0
332.96	99.0
349.56	99.0
309.0	99.0
312.28	99.0
316.64	99.0
320.88	99.0
325.12	99.0
329.52	99.0
339.72	99.0
343.48	99.0
359.48	99.0
363.08	99.0
376.84	99.0
391.48	99.0
405.28	99.0
426.88	99.0
459.64	99.0
482.2	99.0
495.84	99.0
549.28	99.0
735.0	99.0
1020.56	99.0
1716.0	99.0
1750.36	99.0
197.88	100.0
516.96	100.0
528.72	100.0
689.72	100.0
771.6	100.0
926.48	100.0
1082.76	100.0
1108.36	100.0
1649.64	100.0
1689.36	100.0
1755.6	100.0
376.08	101.0
312.56	101.0
334.16	101.0
344.8	101.0
360.44	101.0
390.08	101.0
312.76	102.0
329.92	102.0
302.6	103.0
314.04	103.0
373.08	103.0
1651.56	103.0
302.6	104.0
373.96	104.0
307.12	104.0
311.52	104.0
315.44	104.0
320.28	104.0
324.88	104.0
329.88	104.0
334.0	104.0
336.64	104.0
339.72	104.0
346.08	104.0
352.24	104.0
358.28	104.0
364.48	104.0
384.2	104.0
394.04	104.0
403.08	104.0
425.44	104.0
463.52	104.0
466.12	104.0
478.0	104.0
497.48	104.0
521.68	104.0
541.08	104.0
588.04	104.0
616.0	104.0
640.64	104.0
705.24	104.0
819.28	104.0
1035.68	104.0
1187.88	104.0
1231.4	104.0
1675.92	104.0
1733.56	104.0
1776.32	104.0
308.44	106.0
356.36	106.0
398.32	106.0
413.56	106.0
1068.56	107.0
18.76	107.0
128.32	107.0
193.64	107.0
220.2	107.0
313.36	107.0
318.24	107.0
327.64	107.0
336.48	107.0
343.84	107.0
350.72	107.0
359.2	107.0
369.24	107.0
377.04	107.0
385.28	107.0
399.56	107.0
410.76	107.0
424.2	107.0
533.6	107.0
840.08	107.0
1086.0	107.0
1102.04	107.0
1146.2	107.0
1201.6	107.0
1233.0	107.0
1442.88	107.0
1560.32	107.0
1636.48	107.0
1668.28	107.0
1685.96	107.0
1715.16	107.0
1761.28	107.0
1779.0	107.0
1840.6	107.0
261.56	108.0
302.48	108.0
311.04	108.0
331.72	108.0
349.68	108.0
378.52	108.0
395.88	108.0
412.56	108.0
1090.0	108.0
1163.12	108.0
1666.72	108.0
1727.56	108.0
1752.4	108.0
366.48	109.0
1681.56	109.0
193.08	109.0
372.04	109.0
783.08	109.0
310.48	110.0
350.32	110.0
356.64	110.0
391.96	110.0
1696.08	110.0
330.04	110.0
336.2	110.0
339.92	110.0
370.44	110.0
415.96	110.0
1331.32	110.0
310.48	111.0
159.92	111.0
252.2	111.0
316.2	111.0
325.4	111.0
332.04	111.0
340.2	111.0
346.84	111.0
350.44	111.0
365.64	111.0
375.92	111.0
389.12	111.0
392.36	111.0
408.36	111.0
420.92	111.0
522.48	111.0
549.04	111.0
621.56	111.0
736.6	111.0
764.96	111.0
847.8	111.0
1102.52	111.0
1107.2	111.0
1137.84	111.0
1152.64	111.0
1186.32	111.0
1224.24	111.0
1258.36	111.0
1594.36	111.0
1599.96	111.0
1684.72	111.0
1696.2	111.0
1730.76	111.0
1739.68	111.0
1772.44	111.0
1843.8	111.0
1860.08	111.0
309.0	112.0
312.32	112.0
330.36	112.0
336.0	112.0
378.72	112.0
434.88	112.0
504.36	112.0
602.08	112.0
656.88	112.0
1174.44	112.0
1208.24	112.0
1232.28	112.0
1236.56	112.0
1510.96	112.0
1547.2	112.0
1624.24	112.0
1758.4	112.0
315.6	113.0
326.68	113.0
334.84	113.0
346.76	113.0
396.12	113.0
409.12	113.0
434.44	113.0
454.68	113.0
475.96	113.0
509.2	113.0
550.52	113.0
302.96	114.0
312.88	114.0
318.16	114.0
324.04	114.0
334.04	114.0
340.28	114.0
345.4	114.0
349.76	114.0
356.72	114.0
375.2	114.0
392.72	114.0
396.28	114.0
476.92	114.0
491.32	114.0
636.96	114.0
327.44	114.0
371.72	114.0
416.2	114.0
1070.76	114.0
313.16	115.0
693.64	115.0
24.36	115.0
101.0	115.0
308.72	115.0
316.8	115.0
332.92	115.0
339.56	115.0
342.52	115.0
350.2	115.0
386.84	115.0
393.84	115.0
416.2	115.0
425.68	115.0
438.8	115.0
452.28	115.0
480.24	115.0
493.76	115.0
513.88	115.0
527.84	115.0
545.48	115.0
563.72	115.0
585.12	115.0
617.52	115.0
636.8	115.0
656.92	115.0
779.2	115.0
1088.08	115.0
1105.2	115.0
1108.96	115.0
1131.36	115.0
1134.52	115.0
1170.36	115.0
1705.76	115.0
1736.76	115.0
1764.92	115.0
1818.12	115.0
361.48	116.0
379.12	116.0
403.92	116.0
440.96	116.0
1230.88	116.0
91.84	116.0
200.08	116.0
220.4	116.0
310.8	116.0
313.56	116.0
317.72	116.0
324.8	116.0
329.76	116.0
332.72	116.0
335.56	116.0
339.48	116.0
347.48	116.0
351.56	116.0
355.52	116.0
366.48	116.0
375.24	116.0
388.4	116.0
393.96	116.0
409.08	116.0
424.56	116.0
929.88	116.0
1069.84	116.0
1086.0	116.0
1152.8	116.0
1584.56	116.0
1642.08	116.0
1652.48	116.0
1671.24	116.0
1693.96	116.0
1723.12	116.0
1738.6	116.0
1757.96	116.0
1774.64	116.0
1782.28	116.0
1794.76	116.0
1813.12	116.0
1863.08	116.0
314.64	117.0
317.2	117.0
329.28	117.0
340.04	117.0
362.6	117.0
371.96	117.0
1069.0	117.0
1425.12	117.0
333.48	117.0
350.84	117.0
392.36	117.0
1102.64	117.0
311.2	118.0
316.56	118.0
330.96	118.0
340.0	118.0
350.96	118.0
360.76	118.0
398.84	118.0
563.68	118.0
588.24	118.0
624.96	118.0
667.96	118.0
1060.76	118.0
1102.64	118.0
1151.04	118.0
1205.76	118.0
1296.0	118.0
1329.6	118.0
17.6	119.0
53.24	119.0
89.24	119.0
149.52	119.0
302.52	119.0
331.64	119.0
372.88	119.0
1227.24	119.0
1427.24	119.0
1545.36	119.0
1710.04	119.0
1758.64	119.0
1812.88	119.0
22.32	120.0
307.0	120.0
318.28	120.0
334.44	120.0
344.56	120.0
357.6	120.0
367.8	120.0
373.12	120.0
397.36	120.0
411.6	120.0
464.68	120.0
503.84	120.0
556.72	120.0
738.16	120.0
760.96	120.0
1149.28	120.0
1181.24	120.0
1424.0	120.0
1598.92	120.0
1657.88	120.0
1811.2	120.0
