302.84	84.0
317.8	84.0
339.12	85.0
790.84	85.0
876.44	85.0
314.2	86.0
327.92	86.0
338.56	86.0
346.64	86.0
360.84	86.0
367.96	86.0
379.2	86.0
384.8	86.0
395.04	86.0
410.48	86.0
427.16	86.0
446.84	86.0
464.28	86.0
486.12	86.0
514.56	86.0
533.48	86.0
550.88	86.0
574.76	86.0
579.4	86.0
626.28	86.0
660.12	86.0
723.56	86.0
767.72	86.0
790.44	86.0
837.24	86.0
895.24	86.0
1156.68	86.0
1179.68	86.0
1189.92	86.0
1209.28	86.0
1214.92	86.0
1237.08	86.0
1265.4	86.0
1289.72	86.0
1304.76	86.0
1313.68	86.0
1340.52	86.0
1382.8	86.0
309.4	86.0
321.08	86.0
333.72	86.0
349.8	86.0
388.76	86.0
1307.56	86.0
1365.64	86.0
158.32	87.0
317.48	87.0
351.6	87.0
827.36	87.0
1160.6	87.0
1262.84	87.0
309.44	87.0
313.6	87.0
322.76	87.0
327.16	87.0
336.0	87.0
339.24	87.0
346.44	87.0
362.6	87.0
381.6	87.0
390.16	87.0
649.2	87.0
1198.84	87.0
1213.88	87.0
312.92	88.0
329.52	88.0
345.96	88.0
354.84	88.0
420.96	88.0
484.08	88.0
1041.8	88.0
1064.84	88.0
1137.16	88.0
1255.6	88.0
1293.4	88.0
1312.12	88.0
311.32	89.0
315.48	89.0
322.44	89.0
329.84	89.0
337.56	89.0
1203.56	89.0
310.52	90.0
315.16	90.0
322.68	90.0
329.52	90.0
337.32	90.0
346.6	90.0
372.72	90.0
409.84	90.0
458.12	90.0
538.08	90.0
770.0	90.0
1019.24	90.0
1182.92	90.0
311.8	91.0
316.84	91.0
312.68	92.0
328.8	92.0
337.12	92.0
351.08	92.0
379.96	92.0
878.8	92.0
1105.96	92.0
1161.32	92.0
1206.32	92.0
1270.44	92.0
317.16	92.0
323.4	92.0
421.08	92.0
527.24	92.0
923.44	92.0
1109.56	92.0
1174.96	92.0
1239.96	92.0
1246.08	92.0
328.68	93.0
680.52	93.0
860.4	93.0
920.8	93.0
1256.12	93.0
302.48	93.0
333.04	94.0
354.64	94.0
376.88	94.0
413.8	94.0
454.52	94.0
483.32	94.0
302.52	95.0
327.76	95.0
413.84	95.0
536.12	95.0
586.04	95.0
641.32	95.0
719.8	95.0
866.2	95.0
954.24	95.0
1187.52	95.0
1286.92	95.0
302.52	96.0
315.12	96.0
357.12	96.0
396.24	96.0
440.72	96.0
492.92	96.0
519.08	96.0
560.04	96.0
636.36	96.0
681.88	96.0
770.68	96.0
820.88	96.0
885.28	96.0
952.52	96.0
1139.2	96.0
1210.92	96.0
1252.32	96.0
1302.2	96.0
1352.32	96.0
302.48	97.0
527.92	97.0
402.56	99.0
311.88	99.0
316.16	99.0
321.88	99.0
326.92	99.0
332.2	99.0
336.0	99.0
341.68	99.0
378.8	100.0
302.68	101.0
309.8	104.0
315.04	104.0
322.4	104.0
327.12	104.0
332.64	104.0
340.12	104.0
358.32	104.0
371.8	104.0
395.68	104.0
413.12	104.0
434.16	104.0
661.88	104.0
1321.28	104.0
302.48	106.0
337.76	106.0
340.76	106.0
350.64	106.0
396.6	106.0
434.48	106.0
1377.36	106.0
166.0	107.0
310.2	107.0
329.48	107.0
347.96	107.0
362.72	107.0
368.4	107.0
382.84	107.0
385.96	107.0
472.36	107.0
512.52	107.0
580.68	107.0
862.04	107.0
1186.56	107.0
1189.56	107.0
1278.12	107.0
302.68	108.0
338.2	108.0
357.36	108.0
367.48	108.0
406.32	108.0
854.08	108.0
342.72	109.0
310.56	110.0
313.72	110.0
368.48	110.0
905.04	110.0
1182.44	110.0
310.56	111.0
325.84	111.0
332.92	111.0
341.68	111.0
347.2	111.0
424.88	111.0
428.56	111.0
462.8	111.0
543.12	111.0
568.0	111.0
582.16	111.0
616.56	111.0
682.24	111.0
690.4	111.0
695.16	111.0
775.64	111.0
782.28	111.0
806.24	111.0
850.0	111.0
877.44	111.0
895.84	111.0
1185.24	111.0
1215.44	111.0
1244.36	111.0
1247.44	111.0
1297.32	111.0
309.04	112.0
312.12	112.0
386.04	112.0
411.2	112.0
444.32	112.0
491.88	112.0
633.24	112.0
1314.4	112.0
315.68	113.0
329.68	113.0
332.96	113.0
348.76	113.0
366.92	113.0
302.96	114.0
314.48	114.0
317.72	114.0
329.64	114.0
334.2	114.0
346.56	114.0
579.12	114.0
302.76	115.0
312.88	115.0
322.64	115.0
347.32	115.0
359.72	115.0
384.32	115.0
400.48	115.0
437.88	115.0
538.4	115.0
657.84	115.0
729.68	115.0
801.16	115.0
860.32	115.0
905.28	115.0
964.16	115.0
1182.68	115.0
1223.36	115.0
1251.08	115.0
1284.64	115.0
1322.04	115.0
1376.2	115.0
324.48	116.0
367.0	116.0
369.64	116.0
433.56	116.0
852.04	116.0
1273.84	116.0
310.48	116.0
315.6	116.0
328.24	116.0
334.04	116.0
340.24	116.0
345.36	116.0
357.36	116.0
380.56	116.0
387.92	116.0
398.64	116.0
419.32	116.0
537.76	116.0
585.08	116.0
599.48	116.0
774.28	116.0
858.6	116.0
1152.72	116.0
1158.76	116.0
1213.36	116.0
1267.56	116.0
311.64	117.0
351.12	117.0
385.36	117.0
387.88	117.0
418.2	117.0
324.88	117.0
333.2	117.0
368.68	117.0
349.16	118.0
310.76	118.0
344.32	118.0
302.48	119.0
366.08	119.0
645.0	119.0
348.48	120.0
309.16	120.0
316.56	120.0
321.12	120.0
896.64	120.0
996.92	120.0
1153.92	120.0
1228.72	120.0
