309.88	84.0
327.44	84.0
343.12	84.0
366.44	84.0
302.72	84.0
316.12	84.0
360.44	85.0
450.92	85.0
1235.0	85.0
1357.88	85.0
6.76	86.0
46.28	86.0
120.72	86.0
199.36	86.0
230.4	86.0
314.08	86.0
320.12	86.0
335.96	86.0
348.36	86.0
361.28	86.0
369.6	86.0
384.52	86.0
400.8	86.0
414.8	86.0
431.92	86.0
450.08	86.0
463.4	86.0
501.88	86.0
652.12	86.0
731.16	86.0
859.76	86.0
899.92	86.0
922.72	86.0
953.56	86.0
979.52	86.0
996.0	86.0
1016.0	86.0
1050.04	86.0
1053.76	86.0
1079.92	86.0
1093.44	86.0
1108.48	86.0
1144.6	86.0
1184.96	86.0
1213.76	86.0
309.16	86.0
316.88	86.0
323.16	86.0
330.2	86.0
341.52	86.0
351.52	86.0
376.48	86.0
389.2	86.0
542.76	86.0
903.8	86.0
318.28	87.0
398.08	87.0
579.72	87.0
614.56	87.0
641.76	87.0
696.12	87.0
1354.4	87.0
164.44	87.0
307.12	87.0
310.8	87.0
314.08	87.0
321.6	87.0
325.68	87.0
328.2	87.0
337.44	87.0
365.0	87.0
386.68	87.0
981.8	87.0
1012.24	87.0
1145.52	87.0
319.96	88.0
333.44	88.0
339.12	88.0
393.44	88.0
83.08	88.0
307.24	88.0
315.12	88.0
324.72	88.0
418.76	88.0
817.88	88.0
950.92	88.0
1030.68	88.0
1049.0	88.0
1236.24	88.0
1312.56	88.0
350.56	89.0
311.36	89.0
318.56	89.0
324.04	89.0
327.96	89.0
330.64	89.0
347.32	89.0
358.0	89.0
372.32	89.0
430.96	89.0
456.76	89.0
662.64	89.0
875.72	89.0
1011.28	89.0
1092.8	89.0
307.96	90.0
314.64	90.0
318.16	90.0
321.24	90.0
325.12	90.0
330.36	90.0
351.28	90.0
355.72	90.0
372.12	90.0
454.44	90.0
529.92	90.0
317.16	91.0
323.4	91.0
397.2	91.0
329.32	91.0
357.44	91.0
302.96	92.0
310.64	92.0
315.24	92.0
322.12	92.0
332.32	92.0
341.4	92.0
350.84	92.0
371.88	92.0
374.8	92.0
377.52	92.0
385.08	92.0
398.96	92.0
406.0	92.0
415.52	92.0
436.28	92.0
449.8	92.0
464.84	92.0
493.28	92.0
503.36	92.0
511.56	92.0
536.6	92.0
563.36	92.0
595.88	92.0
886.12	92.0
995.96	92.0
327.0	92.0
335.8	92.0
344.32	92.0
358.2	92.0
365.52	92.0
388.72	92.0
454.0	92.0
506.96	92.0
889.76	92.0
1000.28	92.0
1088.08	92.0
76.48	93.0
273.24	93.0
317.84	93.0
332.64	93.0
357.24	93.0
389.08	93.0
393.8	93.0
451.72	93.0
502.84	93.0
542.6	93.0
575.64	93.0
608.44	93.0
713.28	93.0
981.12	93.0
1351.04	93.0
317.68	94.0
327.8	94.0
331.88	94.0
343.72	94.0
356.32	94.0
367.88	94.0
374.72	94.0
381.4	94.0
395.52	94.0
449.8	94.0
456.04	94.0
520.84	94.0
76.76	95.0
108.8	95.0
164.36	95.0
210.32	95.0
269.8	95.0
697.6	95.0
737.72	95.0
866.48	95.0
936.32	95.0
1064.28	95.0
1114.56	95.0
1229.84	95.0
226.96	96.0
313.68	96.0
381.48	96.0
428.08	96.0
470.4	96.0
499.48	96.0
529.68	96.0
669.84	96.0
976.6	96.0
1010.76	96.0
1105.36	96.0
428.96	97.0
634.2	97.0
302.44	97.0
308.36	97.0
320.72	97.0
343.88	97.0
350.32	97.0
462.08	97.0
330.68	98.0
350.6	99.0
302.92	99.0
308.36	99.0
313.36	99.0
318.68	99.0
324.08	99.0
328.6	99.0
333.44	99.0
339.0	99.0
341.88	99.0
355.0	99.0
358.72	99.0
370.24	99.0
393.4	99.0
419.4	99.0
447.64	99.0
327.84	100.0
395.64	100.0
413.64	100.0
458.88	100.0
622.84	100.0
848.96	100.0
1012.8	100.0
319.12	101.0
315.6	101.0
323.16	101.0
327.6	101.0
353.24	101.0
359.6	101.0
396.6	101.0
315.72	102.0
320.4	102.0
333.84	102.0
502.88	102.0
328.56	102.0
385.16	102.0
302.48	104.0
317.96	104.0
320.48	104.0
296.24	104.0
306.12	104.0
310.68	104.0
315.28	104.0
324.16	104.0
329.96	104.0
335.76	104.0
342.64	104.0
354.12	104.0
374.04	104.0
392.96	104.0
395.88	104.0
412.48	104.0
424.84	104.0
444.12	104.0
504.32	104.0
540.0	104.0
577.2	104.0
654.16	104.0
1146.12	104.0
315.04	106.0
327.84	106.0
378.68	106.0
432.28	106.0
467.12	106.0
1066.48	106.0
308.68	107.0
330.76	107.0
318.52	107.0
322.32	107.0
333.88	107.0
339.48	107.0
358.92	107.0
363.96	107.0
373.52	107.0
377.36	107.0
383.6	107.0
405.88	107.0
416.04	107.0
430.48	107.0
670.84	107.0
924.0	107.0
1013.8	107.0
315.96	108.0
359.92	108.0
1016.96	108.0
17.96	108.0
31.92	108.0
64.84	108.0
298.44	108.0
311.12	108.0
319.84	108.0
327.6	108.0
371.92	108.0
382.68	108.0
431.92	108.0
379.64	109.0
52.88	109.0
329.24	109.0
342.88	109.0
489.48	109.0
310.6	110.0
314.08	110.0
334.44	110.0
341.04	110.0
371.2	110.0
626.36	110.0
1001.96	110.0
310.56	111.0
364.52	111.0
5.92	111.0
18.48	111.0
28.96	111.0
86.2	111.0
107.28	111.0
164.84	111.0
218.96	111.0
234.32	111.0
280.68	111.0
314.16	111.0
320.92	111.0
324.84	111.0
332.28	111.0
335.6	111.0
340.72	111.0
345.96	111.0
355.04	111.0
358.56	111.0
371.76	111.0
378.8	111.0
385.0	111.0
406.88	111.0
420.04	111.0
441.28	111.0
445.52	111.0
467.64	111.0
472.48	111.0
520.6	111.0
533.2	111.0
565.4	111.0
597.16	111.0
656.08	111.0
732.88	111.0
790.72	111.0
840.52	111.0
853.84	111.0
864.84	111.0
909.84	111.0
970.0	111.0
992.44	111.0
1010.88	111.0
1014.2	111.0
1067.4	111.0
1141.96	111.0
1177.16	111.0
1179.88	111.0
309.0	112.0
311.72	112.0
384.72	112.0
496.2	112.0
515.88	112.0
575.6	112.0
1322.24	112.0
303.0	113.0
316.32	113.0
325.0	113.0
346.68	113.0
370.4	113.0
386.24	113.0
393.0	113.0
410.8	113.0
430.2	113.0
448.52	113.0
463.88	113.0
481.36	113.0
521.72	113.0
539.6	113.0
560.28	113.0
602.96	113.0
302.88	114.0
314.24	114.0
318.4	114.0
321.08	114.0
338.52	114.0
349.28	114.0
356.36	114.0
423.92	114.0
324.28	114.0
327.44	114.0
344.04	114.0
531.6	114.0
341.08	115.0
370.6	115.0
430.32	115.0
52.28	115.0
96.56	115.0
315.76	115.0
350.04	115.0
364.32	115.0
388.68	115.0
398.2	115.0
410.48	115.0
443.28	115.0
454.64	115.0
472.48	115.0
501.08	115.0
530.76	115.0
561.36	115.0
572.28	115.0
597.6	115.0
626.64	115.0
651.48	115.0
684.16	115.0
731.16	115.0
864.6	115.0
889.52	115.0
941.92	115.0
1002.24	115.0
1026.64	115.0
1066.24	115.0
1105.04	115.0
1232.12	115.0
311.16	116.0
325.76	116.0
347.36	116.0
357.76	116.0
368.84	116.0
392.96	116.0
431.16	116.0
40.8	116.0
80.84	116.0
122.28	116.0
315.04	116.0
318.52	116.0
321.68	116.0
329.04	116.0
335.6	116.0
341.2	116.0
344.12	116.0
354.92	116.0
364.76	116.0
405.88	116.0
1015.24	116.0
1026.8	116.0
1260.24	116.0
315.12	117.0
328.72	117.0
499.72	117.0
554.68	117.0
333.36	117.0
364.92	117.0
420.24	117.0
312.36	118.0
318.24	118.0
324.92	118.0
331.84	118.0
337.12	118.0
342.52	118.0
355.0	118.0
359.44	118.0
389.6	118.0
405.08	118.0
430.0	118.0
458.56	118.0
487.08	118.0
504.96	118.0
836.24	118.0
342.64	119.0
302.48	119.0
325.8	119.0
333.76	119.0
355.72	119.0
363.56	119.0
402.36	119.0
412.64	119.0
487.44	119.0
16.4	120.0
78.32	120.0
294.12	120.0
310.04	120.0
321.64	120.0
333.24	120.0
361.36	120.0
676.92	120.0
706.88	120.0
765.76	120.0
1362.16	120.0
