302.8	84.0
318.8	85.0
328.32	85.0
866.96	85.0
1178.0	85.0
1368.36	85.0
314.36	86.0
318.76	86.0
333.84	86.0
349.48	86.0
360.68	86.0
363.28	86.0
369.52	86.0
379.76	86.0
392.96	86.0
409.44	86.0
482.12	86.0
502.08	86.0
540.04	86.0
558.04	86.0
575.48	86.0
600.6	86.0
648.28	86.0
665.56	86.0
690.12	86.0
724.48	86.0
761.44	86.0
805.6	86.0
847.24	86.0
853.6	86.0
890.16	86.0
1014.72	86.0
1127.4	86.0
1215.12	86.0
1248.32	86.0
1280.2	86.0
1284.84	86.0
1302.16	86.0
1333.84	86.0
1346.88	86.0
1363.2	86.0
1367.12	86.0
1383.68	86.0
309.88	86.0
322.8	86.0
327.48	86.0
341.76	86.0
346.92	86.0
419.68	86.0
444.04	86.0
707.24	86.0
318.64	87.0
337.48	87.0
420.36	87.0
537.68	87.0
589.36	87.0
614.6	87.0
634.44	87.0
1269.96	87.0
309.32	87.0
323.48	87.0
326.52	87.0
330.56	87.0
333.68	87.0
341.2	87.0
344.52	87.0
348.52	87.0
356.52	87.0
361.48	87.0
376.52	87.0
392.36	87.0
405.36	87.0
583.56	87.0
740.36	87.0
886.12	87.0
948.12	87.0
1091.6	87.0
1123.88	87.0
1215.68	87.0
1240.0	87.0
1265.92	87.0
1306.24	87.0
302.96	88.0
349.76	88.0
4.08	88.0
311.8	88.0
318.8	88.0
325.68	88.0
386.52	88.0
438.6	88.0
583.48	88.0
697.56	88.0
1127.72	88.0
1247.64	88.0
325.6	89.0
349.76	89.0
588.64	89.0
319.6	89.0
323.04	89.0
334.76	89.0
486.32	89.0
625.6	89.0
1065.84	89.0
1253.76	89.0
1344.56	89.0
302.48	90.0
311.92	90.0
325.56	90.0
345.52	90.0
364.28	90.0
433.64	90.0
318.28	91.0
1288.16	91.0
312.0	92.0
320.96	92.0
411.12	92.0
1300.44	92.0
326.76	92.0
329.6	92.0
340.96	92.0
360.72	92.0
408.36	92.0
663.92	92.0
873.6	92.0
1228.76	92.0
1278.04	92.0
1349.64	92.0
325.8	93.0
338.36	93.0
346.92	93.0
381.48	93.0
456.68	93.0
837.48	93.0
975.16	93.0
1160.2	93.0
303.0	93.0
302.64	94.0
326.8	94.0
1367.88	94.0
313.64	94.0
341.4	94.0
439.88	94.0
462.6	94.0
559.52	94.0
325.92	95.0
593.28	95.0
650.48	95.0
697.52	95.0
748.68	95.0
797.48	95.0
848.92	95.0
911.28	95.0
1101.68	95.0
1161.52	95.0
1245.64	95.0
320.8	96.0
352.96	96.0
302.52	97.0
318.52	97.0
1368.52	97.0
318.12	98.0
343.28	98.0
371.76	98.0
558.52	98.0
311.16	99.0
314.16	99.0
319.68	99.0
323.88	99.0
338.36	99.0
350.32	99.0
575.92	99.0
663.96	99.0
690.48	99.0
1092.16	99.0
1142.36	100.0
1371.48	100.0
311.88	101.0
318.56	101.0
321.48	102.0
302.8	103.0
369.32	103.0
330.36	103.0
302.8	104.0
310.6	104.0
314.64	104.0
318.72	104.0
325.8	104.0
333.4	104.0
346.0	104.0
357.04	104.0
367.48	104.0
397.48	104.0
418.28	104.0
488.36	104.0
587.68	104.0
668.24	104.0
729.0	104.0
839.56	104.0
926.44	104.0
1049.88	104.0
1161.16	104.0
1253.8	104.0
309.16	106.0
330.04	106.0
390.16	106.0
436.88	106.0
487.48	106.0
648.52	106.0
1342.84	106.0
1353.52	106.0
1377.0	106.0
309.72	107.0
425.12	107.0
319.64	107.0
327.64	107.0
338.64	107.0
356.28	107.0
370.0	107.0
378.8	107.0
392.2	107.0
395.92	107.0
441.64	107.0
507.76	107.0
543.44	107.0
574.8	107.0
876.72	107.0
954.4	107.0
1070.8	107.0
1206.04	107.0
1350.96	107.0
302.48	108.0
325.6	108.0
336.92	108.0
361.4	108.0
388.2	108.0
442.36	108.0
475.96	108.0
510.08	108.0
600.6	108.0
719.24	108.0
801.6	108.0
859.0	108.0
1091.04	108.0
325.32	109.0
1038.76	109.0
302.52	109.0
338.32	109.0
310.52	110.0
325.32	110.0
334.52	110.0
343.76	110.0
352.08	110.0
369.04	110.0
314.0	110.0
320.96	110.0
371.84	110.0
400.0	110.0
465.28	110.0
474.12	110.0
580.56	110.0
641.92	110.0
719.4	110.0
788.52	110.0
1254.68	110.0
1299.84	110.0
310.48	111.0
318.6	111.0
321.36	111.0
325.44	111.0
329.0	111.0
334.68	111.0
343.88	111.0
346.4	111.0
352.2	111.0
362.12	111.0
369.08	111.0
379.16	111.0
396.56	111.0
432.84	111.0
465.24	111.0
646.36	111.0
782.72	111.0
833.28	111.0
1089.68	111.0
309.0	112.0
311.88	112.0
326.64	112.0
333.84	112.0
339.8	112.0
348.12	112.0
352.44	112.0
387.44	112.0
460.8	112.0
478.84	112.0
616.52	112.0
302.56	113.0
314.52	113.0
324.04	113.0
328.84	113.0
336.36	113.0
347.6	113.0
358.52	113.0
370.48	113.0
302.96	114.0
313.92	114.0
321.36	114.0
328.04	114.0
332.32	114.0
343.52	114.0
367.52	114.0
1150.92	114.0
310.96	115.0
314.4	115.0
321.24	115.0
324.56	115.0
329.68	115.0
337.92	115.0
372.12	115.0
400.24	115.0
423.92	115.0
474.4	115.0
497.0	115.0
550.84	115.0
580.84	115.0
642.16	115.0
719.64	115.0
747.76	115.0
788.76	115.0
881.84	115.0
1255.0	115.0
1300.08	115.0
311.24	116.0
314.84	116.0
320.32	116.0
323.0	116.0
326.44	116.0
333.76	116.0
338.16	116.0
342.36	116.0
346.24	116.0
352.12	116.0
357.12	116.0
359.64	116.0
363.32	116.0
378.28	116.0
386.96	116.0
396.24	116.0
408.16	116.0
434.2	116.0
634.36	116.0
665.52	116.0
765.52	116.0
878.2	116.0
1038.72	116.0
1266.56	116.0
1332.2	116.0
1370.8	116.0
336.16	117.0
356.44	117.0
325.68	117.0
329.28	117.0
310.44	118.0
322.8	118.0
334.72	118.0
345.76	118.0
425.92	118.0
517.88	118.0
537.92	118.0
1369.84	118.0
302.48	119.0
321.08	119.0
338.12	119.0
389.88	119.0
302.68	120.0
327.84	120.0
334.08	120.0
339.32	120.0
347.68	120.0
370.08	120.0
379.2	120.0
616.4	120.0
645.88	120.0
670.36	120.0
749.64	120.0
786.72	120.0
839.52	120.0
904.08	120.0
1049.08	120.0
1132.36	120.0
1161.32	120.0
1228.96	120.0
1252.72	120.0
1282.36	120.0
1302.96	120.0
