385.12	84.0
302.8	84.0
1347.92	84.0
1361.2	84.0
1377.32	84.0
1386.84	84.0
505.76	85.0
350.28	85.0
386.72	85.0
478.36	85.0
517.08	85.0
566.24	85.0
649.12	85.0
679.12	85.0
700.0	85.0
761.68	85.0
802.36	85.0
312.0	86.0
333.2	86.0
347.72	86.0
379.48	86.0
389.64	86.0
432.6	86.0
475.12	86.0
494.56	86.0
545.96	86.0
640.16	86.0
644.4	86.0
665.48	86.0
799.88	86.0
1305.2	86.0
1325.88	86.0
1335.24	86.0
1340.36	86.0
1347.36	86.0
1353.44	86.0
1360.0	86.0
1371.24	86.0
1382.56	86.0
308.0	86.0
322.68	86.0
328.4	86.0
338.12	86.0
350.32	86.0
353.68	86.0
360.8	86.0
363.32	86.0
419.76	86.0
504.04	86.0
594.0	86.0
627.32	86.0
675.24	86.0
719.52	86.0
729.64	86.0
732.2	86.0
785.92	86.0
1366.48	86.0
1375.72	86.0
344.36	87.0
372.48	87.0
306.68	87.0
313.72	87.0
323.4	87.0
334.4	87.0
338.96	87.0
348.48	87.0
351.6	87.0
362.12	87.0
368.96	87.0
380.72	87.0
410.84	87.0
420.36	87.0
453.64	87.0
461.8	87.0
511.32	87.0
524.52	87.0
569.0	87.0
584.28	87.0
631.88	87.0
656.84	87.0
671.08	87.0
689.2	87.0
700.44	87.0
734.16	87.0
755.72	87.0
774.12	87.0
848.52	87.0
1284.24	87.0
1331.92	87.0
1351.52	87.0
1368.56	87.0
1376.04	87.0
313.76	88.0
372.76	88.0
543.96	88.0
636.68	88.0
706.8	88.0
792.48	88.0
901.2	88.0
1311.04	88.0
1326.0	88.0
1338.08	88.0
1374.24	88.0
308.92	88.0
326.48	88.0
470.4	88.0
571.76	88.0
586.12	88.0
721.72	88.0
768.52	88.0
841.44	88.0
926.32	88.0
1282.16	88.0
1328.88	88.0
1345.12	88.0
1363.08	88.0
1365.72	88.0
331.0	89.0
721.44	89.0
750.92	89.0
815.32	89.0
1246.04	89.0
1266.16	89.0
1281.36	89.0
338.52	89.0
362.96	89.0
405.16	89.0
534.28	89.0
592.92	89.0
1348.28	89.0
1362.48	89.0
321.04	90.0
342.2	90.0
362.68	90.0
434.44	90.0
478.44	90.0
554.16	90.0
641.24	90.0
774.52	90.0
1318.08	90.0
1335.2	90.0
1339.68	90.0
1362.16	90.0
1372.0	90.0
1376.2	90.0
1384.96	90.0
302.76	91.0
325.2	91.0
357.56	91.0
312.28	92.0
318.6	92.0
345.32	92.0
348.48	92.0
371.8	92.0
491.6	92.0
535.6	92.0
587.24	92.0
618.92	92.0
635.72	92.0
1283.92	92.0
1323.4	92.0
1349.36	92.0
1373.28	92.0
322.4	92.0
326.44	92.0
329.2	92.0
339.4	92.0
359.24	92.0
369.16	92.0
406.32	92.0
435.08	92.0
445.84	92.0
474.8	92.0
499.72	92.0
548.36	92.0
682.04	92.0
693.28	92.0
706.96	92.0
715.32	92.0
742.64	92.0
827.24	92.0
833.96	92.0
1352.8	92.0
1359.88	92.0
1367.84	92.0
1378.92	92.0
354.64	93.0
466.88	93.0
567.4	93.0
586.88	93.0
634.08	93.0
649.36	93.0
683.84	93.0
734.48	93.0
767.24	93.0
342.2	93.0
595.96	94.0
1350.72	94.0
328.48	94.0
342.76	94.0
370.2	94.0
387.08	94.0
408.04	94.0
436.88	94.0
439.4	94.0
528.8	94.0
564.52	94.0
603.32	94.0
621.68	94.0
1355.84	94.0
306.12	95.0
318.88	95.0
330.2	95.0
521.16	95.0
647.2	95.0
701.68	95.0
763.76	95.0
1325.0	95.0
1362.96	96.0
1376.76	96.0
328.24	97.0
521.52	97.0
768.48	97.0
1369.72	97.0
302.48	97.0
306.56	97.0
319.56	97.0
334.96	97.0
532.08	97.0
1284.6	98.0
318.8	99.0
328.24	99.0
433.52	99.0
308.28	99.0
324.44	99.0
330.8	99.0
336.48	99.0
360.16	99.0
372.76	99.0
386.96	99.0
480.16	99.0
520.56	99.0
567.56	99.0
587.16	99.0
595.12	99.0
614.84	99.0
804.72	99.0
1304.24	99.0
1327.56	99.0
1353.84	99.0
1370.28	99.0
364.2	100.0
326.04	101.0
368.84	101.0
398.28	101.0
341.92	102.0
1349.48	102.0
1376.0	102.0
302.48	103.0
396.92	103.0
520.96	103.0
302.52	104.0
306.84	104.0
314.96	104.0
320.04	104.0
324.48	104.0
330.92	104.0
334.44	104.0
340.56	104.0
348.8	104.0
380.88	104.0
399.44	104.0
410.64	104.0
421.12	104.0
441.64	104.0
455.72	104.0
488.84	104.0
503.2	104.0
539.6	104.0
595.12	104.0
641.92	104.0
710.04	104.0
724.8	104.0
743.0	104.0
1349.08	104.0
1360.8	104.0
1371.32	104.0
1386.8	104.0
405.08	106.0
453.6	106.0
618.72	106.0
1359.92	106.0
324.48	107.0
331.64	107.0
336.92	107.0
361.28	107.0
365.92	107.0
423.96	107.0
470.6	107.0
588.84	107.0
628.76	107.0
662.44	107.0
1135.36	107.0
1268.68	107.0
1288.2	107.0
1348.52	107.0
1366.68	107.0
1382.16	107.0
302.44	108.0
341.52	108.0
360.08	108.0
378.92	108.0
406.96	108.0
430.16	108.0
613.88	108.0
666.2	108.0
668.72	108.0
748.68	108.0
840.64	108.0
1302.04	108.0
1353.08	108.0
1360.12	108.0
1369.8	108.0
478.2	109.0
641.04	109.0
774.28	109.0
1317.88	109.0
1351.44	109.0
325.32	110.0
373.2	110.0
382.56	110.0
417.04	110.0
1324.0	110.0
341.84	110.0
355.0	111.0
390.8	111.0
1284.12	111.0
1324.32	111.0
1360.64	111.0
1367.88	111.0
313.96	111.0
321.32	111.0
340.96	111.0
348.32	111.0
373.36	111.0
382.64	111.0
387.96	111.0
405.2	111.0
417.16	111.0
441.48	111.0
453.28	111.0
474.84	111.0
555.84	111.0
564.56	111.0
568.2	111.0
632.2	111.0
644.84	111.0
667.48	111.0
684.68	111.0
698.28	111.0
714.0	111.0
726.8	111.0
751.4	111.0
773.48	111.0
781.88	111.0
812.72	111.0
828.88	111.0
1339.6	111.0
1345.08	111.0
1348.44	111.0
1351.56	111.0
1375.76	111.0
1345.28	112.0
309.0	112.0
336.8	112.0
363.32	112.0
434.72	112.0
449.2	112.0
494.52	112.0
559.92	112.0
576.36	112.0
624.28	112.0
314.88	113.0
325.92	113.0
339.48	113.0
351.08	113.0
364.36	113.0
383.96	113.0
396.56	113.0
416.52	113.0
436.0	113.0
463.72	113.0
479.32	113.0
553.56	113.0
302.96	114.0
313.64	114.0
325.92	114.0
335.04	114.0
344.68	114.0
348.12	114.0
350.68	114.0
396.08	114.0
423.52	114.0
440.32	114.0
474.16	114.0
321.48	114.0
945.28	114.0
325.6	115.0
616.6	115.0
719.72	115.0
306.04	115.0
335.12	115.0
353.8	115.0
368.28	115.0
396.56	115.0
407.56	115.0
425.72	115.0
441.52	115.0
464.44	115.0
478.64	115.0
489.72	115.0
504.0	115.0
516.56	115.0
539.36	115.0
568.32	115.0
605.56	115.0
639.84	115.0
669.76	115.0
798.28	115.0
1322.52	115.0
1326.64	115.0
1379.28	115.0
350.2	116.0
1321.8	116.0
1354.32	116.0
1384.76	116.0
313.2	116.0
320.88	116.0
324.48	116.0
329.8	116.0
335.04	116.0
340.12	116.0
342.84	116.0
358.6	116.0
363.56	116.0
368.68	116.0
377.92	116.0
381.32	116.0
390.92	116.0
406.32	116.0
418.0	116.0
464.64	116.0
553.24	116.0
574.08	116.0
595.56	116.0
641.64	116.0
668.0	116.0
718.76	116.0
734.4	116.0
747.56	116.0
773.36	116.0
818.16	116.0
834.72	116.0
1290.84	116.0
1305.32	116.0
1324.6	116.0
1333.12	116.0
1339.84	116.0
1347.92	116.0
1351.48	116.0
1357.88	116.0
1364.56	116.0
1367.08	116.0
1370.32	116.0
1372.84	116.0
419.84	117.0
314.24	117.0
323.92	117.0
354.6	117.0
371.8	117.0
783.08	117.0
955.44	117.0
313.84	118.0
398.96	118.0
321.44	118.0
326.16	118.0
343.2	118.0
1328.2	118.0
1333.44	118.0
1345.12	118.0
1352.24	118.0
1368.4	118.0
1376.56	118.0
306.24	119.0
327.2	119.0
333.84	119.0
372.04	119.0
1264.92	119.0
1284.6	119.0
1322.2	119.0
330.24	120.0
336.44	120.0
342.76	120.0
355.0	120.0
385.76	120.0
459.0	120.0
559.48	120.0
592.8	120.0
640.48	120.0
789.08	120.0
970.4	120.0
1340.52	120.0
