302.68	84.0
212.04	85.0
318.68	85.0
336.72	85.0
442.48	85.0
1089.32	85.0
1142.36	85.0
1178.68	85.0
166.68	86.0
208.96	86.0
226.4	86.0
232.44	86.0
275.24	86.0
292.12	86.0
312.48	86.0
317.2	86.0
321.52	86.0
334.32	86.0
362.08	86.0
369.84	86.0
384.0	86.0
419.44	86.0
434.76	86.0
1091.8	86.0
1105.28	86.0
1123.32	86.0
1132.16	86.0
1152.84	86.0
1158.24	86.0
1165.8	86.0
1187.28	86.0
1190.36	86.0
1201.84	86.0
1212.48	86.0
1227.64	86.0
1244.24	86.0
1277.24	86.0
1341.2	86.0
236.0	86.0
277.84	86.0
308.6	86.0
328.4	86.0
338.84	86.0
345.2	86.0
1067.92	86.0
1089.24	86.0
1112.88	86.0
1128.68	86.0
1140.64	86.0
1148.88	86.0
1160.8	86.0
1173.64	86.0
1206.04	86.0
1319.56	86.0
138.6	87.0
233.52	87.0
248.76	87.0
275.36	87.0
351.04	87.0
418.24	87.0
1052.84	87.0
22.52	87.0
79.2	87.0
107.16	87.0
134.72	87.0
151.56	87.0
172.56	87.0
190.36	87.0
216.4	87.0
230.44	87.0
255.96	87.0
281.4	87.0
295.64	87.0
307.0	87.0
312.72	87.0
329.96	87.0
336.48	87.0
373.12	87.0
439.0	87.0
966.68	87.0
1023.36	87.0
1075.96	87.0
1080.68	87.0
1092.2	87.0
1103.4	87.0
1111.12	87.0
1117.0	87.0
1130.4	87.0
1163.48	87.0
1170.32	87.0
1212.28	87.0
1224.4	87.0
187.24	88.0
302.96	88.0
314.56	88.0
368.32	88.0
424.88	88.0
1106.4	88.0
1123.52	88.0
1135.32	88.0
1164.32	88.0
115.56	88.0
218.76	88.0
253.96	88.0
267.64	88.0
309.4	88.0
323.44	88.0
330.08	88.0
437.44	88.0
1087.76	88.0
1096.44	88.0
1113.16	88.0
1148.08	88.0
1192.48	88.0
1195.0	88.0
1209.36	88.0
1263.68	88.0
1278.72	88.0
1305.0	88.0
1360.6	88.0
176.0	89.0
1054.36	89.0
1086.56	89.0
243.4	89.0
327.88	89.0
455.48	89.0
527.2	89.0
1081.32	89.0
1090.48	89.0
1093.16	89.0
1123.92	89.0
1199.2	89.0
1256.28	89.0
1260.76	89.0
1293.52	89.0
1305.96	89.0
1333.96	89.0
334.44	90.0
212.52	90.0
237.08	90.0
299.32	90.0
315.76	90.0
455.24	90.0
526.92	90.0
611.48	90.0
1135.48	90.0
1154.76	90.0
1163.32	90.0
1210.08	90.0
1293.2	90.0
313.52	91.0
323.52	91.0
178.8	91.0
307.44	91.0
375.6	91.0
1121.52	91.0
303.0	92.0
312.48	92.0
320.32	92.0
337.6	92.0
368.12	92.0
1115.24	92.0
209.24	92.0
219.6	92.0
237.4	92.0
270.48	92.0
326.92	92.0
1063.64	92.0
1106.08	92.0
1121.2	92.0
1136.08	92.0
1152.36	92.0
1167.2	92.0
1171.64	92.0
1207.56	92.0
1330.12	92.0
215.76	93.0
248.76	93.0
315.28	93.0
354.88	93.0
640.52	93.0
1087.12	93.0
1108.12	93.0
1199.36	93.0
1256.68	93.0
94.76	93.0
327.48	93.0
520.88	94.0
1144.28	94.0
1161.64	94.0
1196.56	94.0
178.08	94.0
1073.88	94.0
1084.68	94.0
1118.6	94.0
1158.84	94.0
1179.36	94.0
123.04	95.0
278.64	95.0
1122.68	95.0
1192.36	95.0
1209.68	95.0
1133.08	96.0
307.96	97.0
191.04	97.0
302.48	97.0
318.64	97.0
477.44	97.0
1089.56	97.0
1104.84	97.0
1194.56	97.0
1226.4	97.0
191.2	98.0
1089.52	98.0
1105.08	98.0
194.24	98.0
1163.16	98.0
26.12	99.0
112.4	99.0
178.96	99.0
213.8	99.0
302.64	99.0
306.16	99.0
313.92	99.0
318.0	99.0
323.24	99.0
329.28	99.0
339.52	99.0
1072.04	99.0
1090.96	99.0
1108.56	99.0
1116.8	99.0
1129.0	99.0
1147.52	99.0
1152.36	99.0
1161.84	99.0
1170.08	99.0
1276.36	99.0
236.92	100.0
1054.8	100.0
1088.56	100.0
1139.24	100.0
1188.76	100.0
1212.48	100.0
1305.92	100.0
321.12	101.0
1104.92	101.0
321.24	102.0
1154.64	102.0
403.8	103.0
302.52	104.0
202.12	104.0
310.36	104.0
314.8	104.0
319.08	104.0
325.56	104.0
328.08	104.0
331.68	104.0
339.08	104.0
428.72	104.0
453.84	104.0
1095.32	104.0
1118.0	104.0
1132.28	104.0
1143.72	104.0
1149.12	104.0
1155.92	104.0
1176.04	104.0
1186.68	104.0
1195.56	104.0
1254.84	104.0
1262.84	104.0
28.64	106.0
134.04	106.0
158.68	106.0
1153.84	106.0
302.52	107.0
317.4	107.0
1128.08	107.0
1143.28	107.0
1155.72	107.0
1350.88	107.0
169.36	107.0
192.88	107.0
207.08	107.0
212.72	107.0
235.08	107.0
260.64	107.0
310.32	107.0
324.68	107.0
348.24	107.0
421.32	107.0
434.88	107.0
1052.36	107.0
1115.16	107.0
1190.36	107.0
1214.32	107.0
1229.64	107.0
1239.28	107.0
218.52	108.0
302.44	108.0
311.72	108.0
377.96	108.0
432.04	108.0
1059.2	108.0
1088.24	108.0
1137.72	108.0
1155.68	108.0
1185.32	108.0
1210.08	108.0
1327.68	108.0
315.6	109.0
526.68	109.0
1094.04	109.0
1142.64	109.0
1224.28	109.0
302.48	109.0
1109.8	109.0
1176.8	109.0
310.48	110.0
326.4	110.0
434.28	110.0
235.72	110.0
315.6	110.0
1189.24	110.0
310.6	111.0
86.8	111.0
166.24	111.0
211.36	111.0
256.84	111.0
315.52	111.0
321.32	111.0
327.36	111.0
334.96	111.0
340.48	111.0
345.28	111.0
371.08	111.0
412.28	111.0
456.48	111.0
1139.8	111.0
1146.64	111.0
1163.12	111.0
1165.88	111.0
1186.56	111.0
1196.08	111.0
1213.8	111.0
1235.72	111.0
1250.56	111.0
1269.52	111.0
1306.96	111.0
1334.24	111.0
50.28	112.0
214.68	112.0
220.12	112.0
309.0	112.0
312.16	112.0
355.72	112.0
422.92	112.0
434.76	112.0
465.8	112.0
536.12	112.0
585.28	112.0
1090.56	112.0
1104.56	112.0
1139.48	112.0
1165.68	112.0
1176.84	112.0
1197.24	112.0
1213.6	112.0
1246.96	112.0
302.76	114.0
312.68	114.0
316.96	114.0
165.4	114.0
208.72	114.0
1301.64	114.0
315.32	115.0
94.2	115.0
249.76	115.0
317.88	115.0
383.72	115.0
1104.12	115.0
1127.44	115.0
1137.12	115.0
1139.64	115.0
1153.92	115.0
1157.2	115.0
1164.08	115.0
1189.44	115.0
1209.12	115.0
1285.24	115.0
330.2	116.0
435.28	116.0
42.28	116.0
136.96	116.0
173.36	116.0
219.96	116.0
226.24	116.0
248.68	116.0
279.84	116.0
310.56	116.0
314.84	116.0
317.36	116.0
321.0	116.0
327.44	116.0
334.52	116.0
340.56	116.0
354.6	116.0
397.4	116.0
455.24	116.0
503.56	116.0
1044.84	116.0
1057.44	116.0
1074.88	116.0
1084.64	116.0
1095.2	116.0
1104.44	116.0
1108.08	116.0
1115.56	116.0
1120.12	116.0
1124.96	116.0
1134.8	116.0
1142.68	116.0
1151.2	116.0
1175.44	116.0
1187.44	116.0
1204.36	116.0
1214.4	116.0
1240.04	116.0
1261.76	116.0
1266.16	116.0
1307.12	116.0
330.16	117.0
311.0	117.0
315.8	117.0
321.56	117.0
326.88	117.0
345.56	117.0
1162.68	117.0
322.28	118.0
1301.56	118.0
202.88	118.0
310.76	118.0
316.32	118.0
325.2	118.0
327.72	118.0
341.72	118.0
352.72	118.0
1104.04	118.0
1123.92	118.0
1128.88	118.0
1139.2	118.0
1147.96	118.0
1154.64	118.0
1164.0	118.0
1186.04	118.0
327.76	119.0
1123.2	119.0
1184.76	119.0
1230.4	119.0
1350.68	119.0
211.12	120.0
1130.44	120.0
36.72	120.0
49.84	120.0
110.44	120.0
208.48	120.0
214.24	120.0
263.16	120.0
297.96	120.0
306.48	120.0
313.6	120.0
584.8	120.0
1110.56	120.0
1119.2	120.0
1139.96	120.0
1159.6	120.0
1168.84	120.0
1196.76	120.0
1213.12	120.0
1216.8	120.0
1228.92	120.0
1301.36	120.0
1325.12	120.0
