28.64	84.0
5.48	84.0
39.36	85.0
77.52	85.0
92.08	85.0
112.88	85.0
159.24	85.0
170.84	85.0
196.24	85.0
213.08	85.0
232.4	85.0
322.4	85.0
386.44	85.0
422.48	85.0
449.64	85.0
488.16	85.0
558.32	85.0
16.6	86.0
23.0	86.0
26.44	86.0
29.8	86.0
35.2	86.0
47.24	86.0
53.8	86.0
68.84	86.0
79.0	86.0
89.72	86.0
105.2	86.0
118.56	86.0
153.52	86.0
167.64	86.0
206.2	86.0
235.92	86.0
259.28	86.0
265.28	86.0
285.84	86.0
320.6	86.0
327.92	86.0
331.48	86.0
347.12	86.0
356.8	86.0
366.68	86.0
371.44	86.0
385.32	86.0
419.32	86.0
434.76	86.0
3.72	86.0
6.76	86.0
12.44	86.0
39.96	86.0
57.28	86.0
138.4	86.0
250.52	86.0
294.2	86.0
306.16	86.0
309.84	86.0
317.76	86.0
447.12	86.0
24.08	87.0
26.92	87.0
44.48	87.0
6.6	87.0
29.84	87.0
35.84	87.0
39.84	87.0
57.92	87.0
69.96	87.0
78.56	87.0
298.88	87.0
307.6	87.0
311.16	87.0
316.48	87.0
321.64	87.0
333.88	87.0
390.56	87.0
457.24	87.0
507.72	87.0
4.64	88.0
15.68	88.0
44.76	88.0
195.88	88.0
217.04	88.0
234.6	88.0
254.52	88.0
279.28	88.0
327.76	88.0
364.2	88.0
388.12	88.0
412.16	88.0
438.04	88.0
491.88	88.0
516.4	88.0
540.36	88.0
583.52	88.0
620.68	88.0
656.44	88.0
8.04	88.0
21.72	88.0
32.64	88.0
49.72	88.0
63.52	88.0
110.56	88.0
144.84	88.0
220.04	88.0
315.16	88.0
319.2	88.0
347.64	88.0
375.16	88.0
462.08	88.0
466.8	88.0
521.04	88.0
592.04	88.0
672.8	88.0
15.88	89.0
58.8	89.0
216.48	89.0
495.48	89.0
15.6	90.0
41.8	90.0
47.88	90.0
152.84	90.0
193.12	90.0
198.68	90.0
205.92	90.0
237.12	90.0
267.36	90.0
285.24	90.0
302.8	90.0
308.32	90.0
320.56	90.0
462.12	90.0
593.16	90.0
14.08	91.0
13.84	92.0
24.48	92.0
45.4	92.0
82.16	92.0
85.16	92.0
102.24	92.0
131.72	92.0
154.48	92.0
179.48	92.0
195.44	92.0
216.68	92.0
292.12	92.0
327.8	92.0
2.88	92.0
5.84	92.0
16.88	92.0
49.04	92.0
116.24	92.0
310.2	92.0
314.68	92.0
331.36	92.0
336.6	92.0
370.16	92.0
8.0	93.0
197.2	93.0
232.36	93.0
254.32	93.0
347.36	93.0
413.52	93.0
445.16	93.0
489.68	93.0
531.96	93.0
620.96	93.0
302.48	93.0
9.0	94.0
215.0	94.0
610.56	94.0
28.92	94.0
55.92	94.0
79.56	94.0
105.96	94.0
138.32	94.0
160.28	94.0
188.32	94.0
247.36	94.0
285.6	94.0
346.2	94.0
6.04	95.0
25.2	95.0
387.48	96.0
6.28	97.0
12.4	97.0
22.24	97.0
274.0	97.0
306.52	98.0
4.4	99.0
8.04	99.0
12.72	99.0
15.52	99.0
21.52	99.0
118.64	99.0
302.44	99.0
307.36	99.0
313.2	99.0
320.84	99.0
329.72	99.0
121.08	100.0
495.36	100.0
42.0	102.0
309.0	102.0
311.84	102.0
13.84	103.0
6.6	104.0
16.76	104.0
26.44	104.0
36.96	104.0
41.32	104.0
46.36	104.0
55.44	104.0
88.56	104.0
215.52	104.0
234.6	104.0
285.36	104.0
302.6	104.0
308.84	104.0
315.4	104.0
322.64	104.0
332.48	104.0
336.0	104.0
363.88	104.0
392.4	104.0
415.2	104.0
434.08	104.0
536.68	104.0
575.64	104.0
14.8	106.0
90.92	106.0
113.64	106.0
148.84	106.0
302.44	106.0
5.72	107.0
2.84	107.0
27.2	107.0
46.84	107.0
54.88	107.0
70.36	107.0
137.88	107.0
298.0	107.0
302.44	107.0
315.52	107.0
322.4	107.0
671.28	107.0
15.4	108.0
44.44	108.0
302.84	108.0
5.4	108.0
27.04	108.0
37.92	108.0
80.88	108.0
98.52	108.0
171.96	108.0
200.16	108.0
226.12	108.0
341.08	108.0
409.76	108.0
469.0	108.0
516.8	108.0
618.48	108.0
29.6	109.0
192.96	109.0
320.4	109.0
327.84	109.0
461.92	109.0
6.52	110.0
310.44	110.0
320.56	110.0
370.36	110.0
388.28	110.0
501.44	110.0
302.96	111.0
633.52	111.0
657.96	111.0
3.4	111.0
7.0	111.0
12.96	111.0
24.04	111.0
26.56	111.0
36.36	111.0
48.08	111.0
57.24	111.0
74.48	111.0
83.64	111.0
93.48	111.0
130.8	111.0
169.92	111.0
235.92	111.0
239.28	111.0
265.64	111.0
292.48	111.0
329.8	111.0
342.76	111.0
359.48	111.0
433.84	111.0
523.72	111.0
629.92	111.0
650.04	111.0
650.24	112.0
21.48	112.0
27.4	112.0
32.24	112.0
83.36	112.0
209.84	112.0
223.0	112.0
286.64	112.0
414.96	113.0
7.6	113.0
14.0	113.0
41.56	113.0
5.04	114.0
30.88	114.0
26.88	114.0
38.4	114.0
217.08	114.0
385.4	114.0
156.52	115.0
579.32	115.0
24.68	115.0
31.36	115.0
41.8	115.0
76.72	115.0
94.92	115.0
183.04	115.0
252.76	115.0
320.84	115.0
351.32	115.0
396.08	115.0
413.12	115.0
447.36	115.0
501.72	115.0
529.32	115.0
602.72	115.0
636.4	115.0
641.72	115.0
876.8	115.0
14.92	116.0
310.48	116.0
3.24	116.0
7.32	116.0
24.8	116.0
30.92	116.0
37.48	116.0
45.08	116.0
47.96	116.0
56.8	116.0
120.16	116.0
272.04	116.0
320.84	116.0
338.92	116.0
46.32	117.0
3.68	117.0
28.36	117.0
74.76	117.0
302.48	117.0
308.92	117.0
320.76	117.0
343.0	117.0
388.48	117.0
633.56	117.0
658.04	117.0
199.68	118.0
3.08	118.0
31.4	118.0
45.48	118.0
49.36	118.0
79.44	118.0
107.12	118.0
135.68	118.0
176.28	118.0
210.92	118.0
235.64	118.0
266.04	118.0
274.2	118.0
312.32	118.0
321.64	118.0
330.2	118.0
403.96	118.0
430.68	118.0
470.16	118.0
508.88	118.0
2.68	119.0
5.28	119.0
8.88	119.0
28.2	119.0
33.72	119.0
67.76	119.0
302.56	119.0
336.6	119.0
365.6	119.0
250.36	120.0
12.96	120.0
21.12	120.0
29.8	120.0
32.48	120.0
56.68	120.0
71.8	120.0
260.2	120.0
359.52	120.0
385.12	120.0
414.84	120.0
580.84	120.0
630.96	120.0
651.0	120.0
