302.68	84.0
826.48	84.0
218.08	85.0
239.8	85.0
288.72	85.0
321.12	85.0
429.28	85.0
759.56	85.0
782.08	85.0
209.4	86.0
238.12	86.0
240.96	86.0
263.4	86.0
280.24	86.0
299.4	86.0
319.48	86.0
374.8	86.0
445.24	86.0
538.88	86.0
572.48	86.0
619.4	86.0
808.48	86.0
900.04	86.0
953.96	86.0
978.96	86.0
997.64	86.0
1021.96	86.0
1060.76	86.0
1102.32	86.0
1148.44	86.0
1210.64	86.0
1253.6	86.0
309.36	86.0
316.52	86.0
326.68	86.0
332.96	86.0
773.12	86.0
984.48	86.0
307.0	87.0
581.32	87.0
106.16	87.0
163.92	87.0
188.4	87.0
239.16	87.0
262.56	87.0
313.92	87.0
324.64	87.0
332.68	87.0
340.76	87.0
351.16	87.0
365.2	87.0
377.48	87.0
418.2	87.0
481.44	87.0
492.6	87.0
575.88	87.0
656.32	87.0
663.36	87.0
721.36	87.0
781.88	87.0
788.72	87.0
825.56	87.0
854.44	87.0
889.88	87.0
918.08	87.0
964.52	87.0
995.68	87.0
1003.8	87.0
1034.88	87.0
1180.36	87.0
1335.68	87.0
170.96	88.0
15.2	88.0
216.36	88.0
281.84	88.0
312.08	88.0
384.96	88.0
410.88	88.0
458.16	88.0
482.36	88.0
535.44	88.0
552.24	88.0
628.6	88.0
696.52	88.0
737.4	88.0
814.84	88.0
921.52	88.0
997.64	88.0
1020.36	88.0
1044.44	88.0
1082.52	88.0
1102.0	88.0
1155.16	88.0
1193.6	88.0
1212.44	88.0
1227.36	88.0
1293.92	88.0
1319.48	88.0
196.28	89.0
274.84	89.0
296.08	89.0
316.28	89.0
371.36	89.0
417.32	89.0
516.4	89.0
727.72	89.0
773.6	89.0
799.92	89.0
888.04	89.0
945.96	89.0
951.4	89.0
1229.64	90.0
113.2	90.0
168.36	90.0
176.36	90.0
203.36	90.0
215.84	90.0
333.76	90.0
371.08	90.0
516.88	90.0
693.2	90.0
727.4	90.0
844.28	90.0
926.92	90.0
945.68	90.0
978.36	90.0
1000.12	90.0
1173.36	90.0
1196.56	90.0
332.2	91.0
308.48	91.0
321.84	91.0
901.36	91.0
1162.84	91.0
212.52	92.0
314.72	92.0
336.6	92.0
1019.2	92.0
121.88	92.0
254.32	92.0
299.72	92.0
308.08	92.0
327.4	92.0
340.44	92.0
995.04	92.0
1083.4	92.0
1287.12	92.0
34.64	93.0
862.2	93.0
984.8	93.0
83.56	94.0
481.24	94.0
657.16	94.0
1096.6	94.0
1334.32	94.0
177.76	94.0
323.56	94.0
333.76	94.0
815.6	94.0
1306.48	94.0
27.6	95.0
111.72	95.0
182.48	95.0
245.96	95.0
590.76	95.0
660.2	95.0
758.12	95.0
879.04	95.0
1003.48	95.0
1278.28	95.0
12.12	97.0
321.32	97.0
609.88	97.0
809.88	97.0
915.08	97.0
948.72	97.0
1039.28	97.0
1146.36	97.0
1197.88	97.0
1223.44	97.0
1315.0	97.0
302.48	97.0
318.4	97.0
346.08	97.0
769.32	97.0
871.04	97.0
902.6	97.0
1098.88	97.0
319.96	98.0
217.04	99.0
302.8	99.0
308.48	99.0
313.88	99.0
320.6	99.0
330.76	99.0
938.12	99.0
1175.76	99.0
169.64	100.0
202.36	100.0
370.88	100.0
381.64	100.0
391.4	100.0
482.36	100.0
516.28	100.0
808.0	100.0
1144.68	100.0
1190.16	100.0
1229.56	100.0
1364.32	100.0
306.4	101.0
302.52	104.0
319.52	104.0
113.04	104.0
243.88	104.0
255.52	104.0
271.32	104.0
311.28	104.0
316.12	104.0
322.96	104.0
329.52	104.0
340.52	104.0
360.08	104.0
428.88	104.0
457.84	104.0
481.16	104.0
586.2	104.0
662.52	104.0
674.64	104.0
754.88	104.0
861.68	104.0
978.32	104.0
1053.04	104.0
1087.84	104.0
1146.6	104.0
1153.44	104.0
1168.88	104.0
1197.8	104.0
1234.28	104.0
1291.84	104.0
876.16	105.0
219.04	106.0
1172.56	106.0
1316.16	106.0
1334.16	106.0
302.88	107.0
34.64	107.0
102.12	107.0
152.52	107.0
176.04	107.0
250.4	107.0
279.44	107.0
318.76	107.0
323.04	107.0
333.16	107.0
358.76	107.0
384.12	107.0
487.96	107.0
544.92	107.0
676.72	107.0
852.64	107.0
930.08	107.0
978.08	107.0
1058.44	107.0
1123.56	107.0
1177.44	107.0
1262.2	107.0
977.4	108.0
172.4	108.0
206.44	108.0
232.76	108.0
302.56	108.0
312.08	108.0
324.32	108.0
830.6	108.0
958.0	108.0
168.16	109.0
203.12	109.0
215.64	109.0
351.04	109.0
818.48	109.0
1074.8	109.0
1196.32	109.0
302.48	109.0
1033.2	109.0
310.48	110.0
319.6	110.0
1025.24	110.0
1048.56	110.0
126.92	110.0
323.12	110.0
379.12	110.0
516.84	110.0
561.8	110.0
585.84	110.0
749.96	110.0
799.48	110.0
818.32	110.0
927.16	110.0
956.92	110.0
1117.36	110.0
1163.04	110.0
1182.04	110.0
310.52	111.0
359.28	111.0
197.28	111.0
232.96	111.0
241.28	111.0
262.04	111.0
314.36	111.0
319.72	111.0
322.36	111.0
340.92	111.0
351.48	111.0
368.24	111.0
377.36	111.0
517.16	111.0
542.68	111.0
700.32	111.0
817.0	111.0
902.0	111.0
951.28	111.0
954.6	111.0
988.24	111.0
998.16	111.0
1025.32	111.0
1146.32	111.0
1180.08	111.0
1224.0	111.0
1231.68	111.0
1234.36	111.0
1267.28	111.0
319.68	112.0
29.24	112.0
44.56	112.0
264.28	112.0
308.96	112.0
312.12	112.0
327.0	112.0
337.56	112.0
378.24	112.0
469.88	112.0
557.96	112.0
585.12	112.0
1282.76	112.0
968.12	113.0
264.52	113.0
319.12	113.0
307.56	114.0
317.2	114.0
878.12	114.0
658.76	114.0
241.16	115.0
377.8	115.0
561.8	115.0
860.44	115.0
64.44	115.0
265.08	115.0
299.44	115.0
309.16	115.0
320.92	115.0
412.64	115.0
460.48	115.0
748.2	115.0
952.12	115.0
966.2	115.0
976.76	115.0
1002.36	115.0
1088.84	115.0
1117.6	115.0
1182.28	115.0
1205.48	115.0
1234.84	115.0
1276.52	115.0
212.4	116.0
280.8	116.0
316.12	116.0
320.6	116.0
512.8	116.0
749.84	116.0
814.4	116.0
856.08	116.0
911.32	116.0
1371.24	116.0
10.08	116.0
126.36	116.0
129.0	116.0
173.08	116.0
188.24	116.0
194.32	116.0
217.6	116.0
222.48	116.0
239.48	116.0
257.72	116.0
310.52	116.0
327.4	116.0
332.96	116.0
335.96	116.0
340.72	116.0
586.16	116.0
811.68	116.0
878.12	116.0
899.28	116.0
940.8	116.0
964.68	116.0
973.76	116.0
985.12	116.0
996.76	116.0
1175.68	116.0
1195.4	116.0
1217.44	116.0
1232.16	116.0
1367.64	116.0
323.32	117.0
332.8	117.0
359.16	117.0
545.28	117.0
584.44	117.0
851.32	117.0
312.36	118.0
325.48	118.0
340.48	118.0
302.48	119.0
112.04	120.0
182.44	120.0
195.2	120.0
320.6	120.0
377.44	120.0
585.0	120.0
941.52	120.0
976.32	120.0
1282.24	120.0
