82.0	84.0
302.68	84.0
18.84	85.0
47.88	85.0
81.2	85.0
195.36	85.0
392.08	85.0
445.36	85.0
1081.4	85.0
1104.88	85.0
1165.16	85.0
1256.8	85.0
1342.72	85.0
1403.0	85.0
1426.76	85.0
1465.92	85.0
17.0	86.0
27.8	86.0
41.04	86.0
60.0	86.0
72.52	86.0
90.4	86.0
99.2	86.0
130.24	86.0
147.44	86.0
163.36	86.0
199.16	86.0
213.92	86.0
306.64	86.0
343.44	86.0
347.36	86.0
362.16	86.0
378.0	86.0
401.28	86.0
422.52	86.0
436.08	86.0
444.44	86.0
471.72	86.0
486.12	86.0
508.0	86.0
1056.88	86.0
1065.36	86.0
1077.8	86.0
1087.76	86.0
1101.84	86.0
1114.0	86.0
1123.0	86.0
1133.76	86.0
1153.2	86.0
1162.12	86.0
1164.64	86.0
1174.24	86.0
1186.12	86.0
1190.0	86.0
1208.2	86.0
1221.84	86.0
1230.56	86.0
1248.16	86.0
1251.6	86.0
1273.8	86.0
1317.48	86.0
1334.56	86.0
1354.0	86.0
1383.52	86.0
11.36	86.0
181.64	86.0
256.36	86.0
310.56	86.0
317.6	86.0
331.28	86.0
412.04	86.0
1303.28	86.0
12.36	87.0
18.48	87.0
56.32	87.0
114.0	87.0
130.96	87.0
193.76	87.0
307.24	87.0
320.68	87.0
348.8	87.0
387.6	87.0
391.04	87.0
606.52	87.0
1002.44	87.0
1023.52	87.0
1086.28	87.0
1145.96	87.0
1157.16	87.0
1161.72	87.0
1168.92	87.0
1175.2	87.0
1192.08	87.0
302.96	88.0
11.32	88.0
39.64	88.0
312.2	88.0
438.64	88.0
596.24	88.0
619.8	88.0
687.88	88.0
961.88	88.0
979.08	88.0
1000.04	88.0
1025.28	88.0
1051.84	88.0
1066.84	88.0
1118.64	88.0
1128.88	88.0
1173.16	88.0
1416.44	88.0
254.64	89.0
310.96	89.0
319.48	89.0
523.32	89.0
719.48	89.0
1016.44	89.0
1022.84	89.0
1029.84	89.0
1090.4	89.0
1264.8	89.0
6.16	90.0
161.0	90.0
310.68	90.0
719.2	90.0
1022.52	90.0
1054.84	90.0
1068.96	90.0
1132.16	90.0
1176.04	90.0
1475.48	90.0
51.24	92.0
178.96	92.0
20.28	92.0
185.48	92.0
308.72	92.0
1063.04	92.0
1109.52	92.0
247.48	93.0
364.64	93.0
405.36	93.0
456.4	93.0
526.44	93.0
1157.44	93.0
1176.48	93.0
1288.64	93.0
1344.12	93.0
1437.84	93.0
690.56	93.0
131.56	94.0
285.44	94.0
486.16	94.0
1021.16	94.0
1317.12	94.0
324.6	94.0
1027.0	94.0
1104.12	94.0
1138.24	94.0
54.6	95.0
132.08	95.0
180.88	95.0
281.32	95.0
423.68	95.0
527.08	95.0
1021.08	95.0
1068.64	95.0
1147.52	95.0
1177.96	95.0
1197.36	95.0
1286.52	95.0
232.08	96.0
50.64	97.0
110.48	97.0
238.12	97.0
358.6	97.0
1000.04	97.0
1055.16	97.0
1082.4	97.0
1133.56	97.0
1152.68	97.0
1167.56	97.0
1186.08	97.0
1246.04	97.0
1273.16	97.0
1328.44	97.0
1479.08	97.0
73.16	97.0
123.84	97.0
132.36	97.0
278.4	97.0
302.44	97.0
658.68	97.0
681.16	97.0
1017.88	97.0
1206.76	97.0
1046.36	98.0
188.48	98.0
302.68	98.0
1070.8	98.0
1336.64	98.0
69.72	99.0
182.44	99.0
278.6	99.0
306.96	99.0
309.96	99.0
317.84	99.0
325.68	99.0
365.6	99.0
454.4	99.0
979.52	99.0
1006.04	99.0
1058.92	99.0
1089.92	99.0
1108.2	99.0
1165.64	99.0
1307.64	99.0
1350.72	99.0
1474.72	99.0
458.2	100.0
68.92	100.0
90.6	100.0
136.28	100.0
153.88	100.0
310.48	100.0
380.92	100.0
940.76	100.0
948.0	100.0
983.52	100.0
1175.04	100.0
1186.68	100.0
1362.28	100.0
5.4	103.0
1465.96	103.0
302.52	104.0
13.4	104.0
40.16	104.0
49.84	104.0
93.72	104.0
129.08	104.0
156.84	104.0
176.48	104.0
191.64	104.0
200.52	104.0
237.0	104.0
291.4	104.0
310.68	104.0
317.4	104.0
325.24	104.0
334.6	104.0
379.48	104.0
431.2	104.0
470.64	104.0
494.6	104.0
525.32	104.0
594.56	104.0
646.36	104.0
1011.36	104.0
1036.76	104.0
1065.64	104.0
1091.2	104.0
1117.2	104.0
1127.76	104.0
1134.68	104.0
1159.8	104.0
1173.76	104.0
1194.56	104.0
1215.32	104.0
1232.24	104.0
1252.96	104.0
1258.2	104.0
1268.6	104.0
1292.84	104.0
1337.2	104.0
1367.92	104.0
1418.32	104.0
1447.04	104.0
77.16	106.0
1091.48	106.0
18.24	107.0
63.52	107.0
98.04	107.0
153.56	107.0
182.84	107.0
276.8	107.0
302.92	107.0
310.36	107.0
327.84	107.0
350.44	107.0
366.48	107.0
414.12	107.0
1037.4	107.0
1118.52	107.0
1142.84	107.0
1162.04	107.0
1178.2	107.0
1258.04	107.0
1310.12	107.0
1341.12	107.0
1411.76	107.0
108.96	108.0
302.48	108.0
306.48	108.0
317.88	108.0
977.84	108.0
1004.72	108.0
188.84	109.0
719.0	109.0
1131.88	109.0
80.96	110.0
310.48	110.0
1004.8	110.0
1022.36	110.0
1164.0	110.0
131.76	110.0
382.52	110.0
691.2	110.0
1102.8	110.0
1285.84	110.0
310.44	111.0
8.48	111.0
16.4	111.0
53.16	111.0
58.4	111.0
64.08	111.0
132.08	111.0
163.44	111.0
186.6	111.0
271.48	111.0
343.44	111.0
366.56	111.0
421.52	111.0
458.4	111.0
525.08	111.0
591.24	111.0
1011.56	111.0
1022.4	111.0
1075.04	111.0
1092.48	111.0
1102.68	111.0
1131.6	111.0
1138.48	111.0
1169.72	111.0
1179.08	111.0
1213.56	111.0
1219.48	111.0
1249.72	111.0
1363.24	111.0
1443.36	111.0
1452.96	111.0
33.76	112.0
45.88	112.0
51.44	112.0
143.04	112.0
152.48	112.0
164.16	112.0
201.44	112.0
309.0	112.0
311.92	112.0
1160.16	112.0
1172.52	112.0
1192.0	112.0
1201.16	112.0
1218.88	112.0
1232.68	112.0
1331.84	112.0
1418.76	112.0
302.48	113.0
1246.64	113.0
1277.08	113.0
99.32	114.0
185.0	114.0
302.84	114.0
306.0	114.0
314.72	114.0
325.8	114.0
1080.72	114.0
1142.44	114.0
1161.12	114.0
18.72	114.0
135.4	114.0
231.44	114.0
350.24	114.0
1048.48	114.0
258.92	115.0
39.12	115.0
84.64	115.0
153.6	115.0
175.6	115.0
206.12	115.0
228.48	115.0
276.88	115.0
396.44	115.0
435.2	115.0
482.6	115.0
617.72	115.0
1016.16	115.0
1056.76	115.0
1113.2	115.0
1151.88	115.0
1163.6	115.0
1197.16	115.0
1219.68	115.0
1251.52	115.0
1348.84	115.0
1386.64	115.0
1015.92	116.0
8.48	116.0
48.92	116.0
76.96	116.0
100.92	116.0
133.04	116.0
201.52	116.0
251.76	116.0
310.68	116.0
319.28	116.0
323.52	116.0
331.52	116.0
335.64	116.0
349.64	116.0
392.12	116.0
450.92	116.0
951.28	116.0
1002.32	116.0
1005.72	116.0
1059.24	116.0
1069.24	116.0
1089.8	116.0
1111.12	116.0
1156.16	116.0
1176.68	116.0
1194.4	116.0
1233.24	116.0
1255.76	116.0
1338.16	116.0
1413.8	116.0
310.6	117.0
327.08	117.0
93.24	118.0
312.04	118.0
322.48	118.0
1144.04	118.0
302.48	119.0
325.04	119.0
572.0	119.0
1196.68	119.0
45.36	120.0
48.64	120.0
69.36	120.0
117.52	120.0
181.16	120.0
185.4	120.0
200.88	120.0
322.36	120.0
499.52	120.0
1006.28	120.0
1093.04	120.0
1126.76	120.0
1153.68	120.0
1177.16	120.0
1200.64	120.0
1319.52	120.0
1394.56	120.0
