302.64	84.0
316.8	85.0
454.16	85.0
538.68	85.0
578.6	85.0
592.08	85.0
736.0	85.0
839.16	85.0
871.36	85.0
895.56	85.0
985.56	85.0
1015.6	85.0
1145.48	85.0
1188.2	85.0
1210.52	85.0
1228.76	85.0
1265.84	85.0
1322.96	85.0
280.72	86.0
291.44	86.0
311.08	86.0
316.0	86.0
336.12	86.0
342.2	86.0
347.36	86.0
356.68	86.0
376.6	86.0
408.32	86.0
423.04	86.0
436.6	86.0
452.56	86.0
490.44	86.0
515.08	86.0
536.32	86.0
551.72	86.0
574.16	86.0
616.48	86.0
653.36	86.0
691.84	86.0
750.12	86.0
775.6	86.0
783.88	86.0
798.6	86.0
829.04	86.0
839.8	86.0
853.68	86.0
871.8	86.0
893.28	86.0
970.64	86.0
1006.6	86.0
1023.64	86.0
1104.28	86.0
1145.24	86.0
1174.56	86.0
1187.96	86.0
1318.76	86.0
1341.88	86.0
1353.44	86.0
296.6	86.0
320.64	86.0
328.04	86.0
338.64	86.0
363.32	86.0
366.0	86.0
392.0	86.0
586.24	86.0
757.6	86.0
1033.72	86.0
291.56	87.0
338.68	87.0
277.92	87.0
283.04	87.0
286.28	87.0
294.88	87.0
298.68	87.0
302.88	87.0
312.2	87.0
319.48	87.0
334.36	87.0
351.52	87.0
376.12	87.0
385.0	87.0
396.44	87.0
406.4	87.0
410.68	87.0
436.28	87.0
446.04	87.0
454.04	87.0
475.6	87.0
572.92	87.0
1120.52	87.0
1193.84	87.0
1228.12	87.0
1353.96	87.0
1266.4	88.0
283.56	88.0
293.64	88.0
312.88	88.0
328.28	88.0
334.48	88.0
339.24	88.0
352.16	88.0
375.36	88.0
384.04	88.0
431.44	88.0
446.04	88.0
482.56	88.0
537.52	88.0
598.56	88.0
617.68	88.0
630.32	88.0
712.36	88.0
1210.08	88.0
286.72	89.0
291.28	89.0
307.96	89.0
591.8	89.0
850.6	89.0
962.12	89.0
1290.24	89.0
1348.32	89.0
1361.28	89.0
270.4	90.0
281.04	90.0
295.0	90.0
302.84	90.0
339.12	90.0
601.96	90.0
961.84	90.0
1009.92	90.0
1079.0	90.0
1094.88	90.0
318.16	91.0
292.96	91.0
377.28	91.0
281.92	92.0
296.4	92.0
319.56	92.0
331.96	92.0
337.84	92.0
586.92	92.0
311.68	92.0
328.76	92.0
795.2	92.0
825.8	92.0
295.96	93.0
313.24	93.0
320.32	93.0
338.64	93.0
961.08	93.0
1157.68	93.0
1227.08	93.0
1304.72	93.0
775.76	93.0
289.2	94.0
376.76	94.0
417.52	94.0
536.08	94.0
815.92	94.0
1046.44	94.0
1288.44	94.0
282.76	94.0
297.48	94.0
362.12	94.0
504.36	94.0
605.12	94.0
1293.32	94.0
291.96	95.0
330.28	95.0
478.76	95.0
618.96	95.0
720.6	95.0
814.64	95.0
900.96	95.0
1173.56	95.0
1293.04	95.0
1333.28	95.0
290.8	96.0
288.56	97.0
295.64	97.0
320.16	97.0
329.84	97.0
337.24	97.0
391.6	97.0
477.52	97.0
644.92	97.0
302.44	97.0
784.68	97.0
1188.36	97.0
1245.56	97.0
1083.36	98.0
1116.52	98.0
1177.56	98.0
280.28	99.0
286.32	99.0
291.28	99.0
297.0	99.0
302.6	99.0
307.04	99.0
312.28	99.0
318.16	99.0
325.88	99.0
331.84	99.0
339.16	99.0
535.68	99.0
548.64	99.0
604.68	99.0
620.76	99.0
634.28	99.0
664.84	99.0
750.0	99.0
783.56	99.0
816.48	99.0
843.64	99.0
1169.16	99.0
280.84	100.0
294.76	100.0
326.48	100.0
370.2	100.0
447.76	100.0
632.96	100.0
682.12	100.0
707.96	100.0
721.32	100.0
1126.16	100.0
1197.44	100.0
298.44	101.0
302.52	101.0
315.2	101.0
298.56	102.0
302.8	102.0
315.36	102.0
715.0	102.0
315.24	103.0
1007.24	103.0
282.4	104.0
292.96	104.0
299.2	104.0
307.92	104.0
311.68	104.0
322.92	104.0
330.72	104.0
338.28	104.0
344.8	104.0
366.04	104.0
387.76	104.0
410.6	104.0
420.48	104.0
443.48	104.0
470.88	104.0
489.08	104.0
515.64	104.0
519.8	104.0
534.56	104.0
550.72	104.0
558.04	104.0
589.12	104.0
621.0	104.0
637.44	104.0
662.96	104.0
681.36	104.0
695.96	104.0
698.68	104.0
725.88	104.0
753.12	104.0
777.04	104.0
798.28	104.0
846.4	104.0
873.12	104.0
901.48	104.0
947.04	104.0
962.36	104.0
991.92	104.0
1026.88	104.0
1030.12	104.0
1071.88	104.0
1107.32	104.0
1130.08	104.0
1160.0	104.0
1168.16	104.0
1205.36	104.0
1226.08	104.0
1232.24	104.0
1245.96	104.0
1254.24	104.0
1270.8	104.0
1290.48	104.0
1356.8	104.0
282.48	105.0
294.04	106.0
302.52	106.0
318.28	106.0
328.88	106.0
318.76	107.0
471.24	107.0
962.24	107.0
295.64	107.0
302.72	107.0
310.76	107.0
315.04	107.0
321.48	107.0
329.88	107.0
339.84	107.0
400.68	107.0
431.4	107.0
447.68	107.0
454.56	107.0
541.2	107.0
686.48	107.0
1164.32	107.0
1265.44	107.0
664.4	108.0
280.8	108.0
292.64	108.0
310.36	108.0
313.92	108.0
335.0	108.0
351.88	108.0
372.84	108.0
466.08	108.0
317.6	109.0
330.32	109.0
1222.44	109.0
295.52	109.0
302.48	109.0
538.32	109.0
310.48	110.0
317.16	110.0
354.2	110.0
386.96	110.0
714.68	110.0
1080.12	110.0
283.24	110.0
329.44	110.0
504.92	110.0
517.6	110.0
621.72	110.0
284.32	111.0
310.48	111.0
315.44	111.0
281.04	111.0
293.48	111.0
321.24	111.0
325.32	111.0
329.28	111.0
338.72	111.0
350.0	111.0
369.08	111.0
385.76	111.0
398.0	111.0
406.04	111.0
415.96	111.0
487.0	111.0
587.72	111.0
621.64	111.0
637.12	111.0
660.0	111.0
683.0	111.0
691.2	111.0
715.6	111.0
732.84	111.0
764.12	111.0
776.12	111.0
793.64	111.0
873.12	111.0
896.8	111.0
933.28	111.0
981.24	111.0
1006.84	111.0
1111.04	111.0
1168.84	111.0
1304.88	111.0
1327.84	111.0
1333.88	111.0
1357.72	111.0
1376.0	111.0
308.96	112.0
312.24	112.0
315.48	112.0
337.44	112.0
340.76	112.0
359.84	112.0
411.56	112.0
447.36	112.0
490.96	112.0
517.84	112.0
638.48	112.0
653.28	112.0
673.48	112.0
690.92	112.0
714.36	112.0
751.36	112.0
776.16	112.0
961.56	112.0
1030.16	112.0
1039.44	112.0
1071.84	112.0
1117.12	112.0
1159.32	112.0
1247.24	112.0
1289.28	112.0
1332.8	112.0
283.72	113.0
314.76	113.0
340.6	113.0
293.92	114.0
302.84	114.0
308.72	114.0
311.44	114.0
316.04	114.0
324.6	114.0
338.24	114.0
347.48	114.0
360.56	114.0
355.12	114.0
898.4	114.0
396.88	115.0
496.72	115.0
1344.84	115.0
283.52	115.0
306.04	115.0
316.52	115.0
324.96	115.0
330.84	115.0
338.48	115.0
364.6	115.0
517.84	115.0
555.04	115.0
616.24	115.0
651.6	115.0
714.52	115.0
743.0	115.0
887.96	115.0
905.92	115.0
968.36	115.0
1021.52	115.0
1070.6	115.0
1149.52	115.0
1167.68	115.0
1194.56	115.0
1229.4	115.0
1322.84	115.0
1379.24	115.0
314.2	116.0
254.16	116.0
273.0	116.0
278.52	116.0
282.4	116.0
287.72	116.0
292.08	116.0
310.56	116.0
317.56	116.0
321.68	116.0
329.76	116.0
333.48	116.0
354.4	116.0
361.6	116.0
372.16	116.0
382.32	116.0
416.72	116.0
425.08	116.0
485.16	116.0
494.92	116.0
621.48	116.0
794.32	116.0
831.12	116.0
1222.32	116.0
315.24	118.0
319.16	118.0
284.32	118.0
311.12	118.0
324.12	118.0
338.92	118.0
302.48	119.0
365.24	119.0
415.12	119.0
284.96	120.0
307.44	120.0
315.32	120.0
327.32	120.0
411.08	120.0
477.12	120.0
517.4	120.0
552.48	120.0
565.16	120.0
577.8	120.0
587.24	120.0
687.16	120.0
837.76	120.0
874.68	120.0
932.6	120.0
1047.8	120.0
1108.52	120.0
1158.88	120.0
1219.08	120.0
1302.8	120.0
