990.96	84.0
1222.92	84.0
302.8	84.0
334.68	84.0
1271.0	84.0
392.72	85.0
404.72	85.0
423.08	85.0
462.0	85.0
656.04	85.0
663.08	85.0
723.52	85.0
754.24	85.0
804.44	85.0
811.24	85.0
894.8	85.0
973.16	85.0
1077.8	85.0
325.76	86.0
339.92	86.0
347.52	86.0
352.56	86.0
362.88	86.0
365.72	86.0
391.76	86.0
410.0	86.0
425.28	86.0
444.24	86.0
511.72	86.0
545.36	86.0
628.04	86.0
642.68	86.0
659.76	86.0
763.68	86.0
827.32	86.0
850.24	86.0
884.64	86.0
935.0	86.0
948.76	86.0
989.04	86.0
1163.56	86.0
1187.32	86.0
1206.72	86.0
1232.2	86.0
1248.2	86.0
1352.8	86.0
306.96	86.0
309.68	86.0
316.68	86.0
321.72	86.0
328.88	86.0
344.24	86.0
375.32	86.0
469.12	86.0
486.08	86.0
721.48	86.0
786.6	86.0
1190.12	86.0
1317.08	86.0
322.52	87.0
339.6	87.0
435.56	87.0
306.64	87.0
309.52	87.0
317.48	87.0
329.32	87.0
333.08	87.0
350.8	87.0
354.52	87.0
370.76	87.0
386.84	87.0
392.76	87.0
533.72	87.0
602.96	87.0
769.36	88.0
1357.04	88.0
31.08	88.0
309.6	88.0
336.76	88.0
345.2	88.0
355.12	88.0
366.32	88.0
382.72	88.0
398.44	88.0
420.24	88.0
430.76	88.0
450.16	88.0
462.92	88.0
505.0	88.0
512.8	88.0
567.8	88.0
576.04	88.0
609.92	88.0
660.72	88.0
695.16	88.0
714.36	88.0
739.72	88.0
855.64	88.0
887.8	88.0
1219.92	88.0
1250.72	88.0
1295.68	88.0
323.36	89.0
326.2	89.0
345.08	89.0
496.96	89.0
585.16	89.0
733.28	89.0
911.32	89.0
924.92	89.0
1269.28	89.0
310.32	90.0
325.84	90.0
338.6	90.0
343.28	90.0
369.12	90.0
428.96	90.0
610.0	90.0
697.6	90.0
745.0	90.0
850.44	90.0
874.96	90.0
1191.16	90.0
1355.6	90.0
325.92	91.0
341.8	91.0
721.52	91.0
316.64	92.0
325.8	92.0
785.0	92.0
308.2	92.0
333.12	92.0
352.28	92.0
580.6	92.0
973.2	92.0
1269.64	92.0
326.52	93.0
333.64	93.0
343.96	93.0
356.12	93.0
387.68	93.0
872.88	93.0
893.24	93.0
1079.76	93.0
302.56	93.0
1316.04	93.0
318.36	94.0
768.08	94.0
325.0	94.0
337.88	94.0
343.2	94.0
584.36	94.0
1065.4	94.0
302.52	95.0
319.32	95.0
337.88	95.0
579.12	95.0
662.92	95.0
769.8	95.0
828.12	95.0
1019.48	95.0
1132.88	95.0
1187.08	95.0
1223.64	95.0
1269.64	95.0
1316.0	95.0
355.68	96.0
309.96	97.0
321.64	97.0
339.2	97.0
354.2	97.0
364.52	97.0
397.16	97.0
537.32	97.0
654.24	97.0
976.4	97.0
1104.08	97.0
302.48	97.0
326.36	97.0
357.68	97.0
1188.52	97.0
302.64	98.0
1017.04	98.0
308.68	99.0
315.72	99.0
319.48	99.0
323.08	99.0
328.68	99.0
335.68	99.0
341.6	99.0
355.2	99.0
513.6	99.0
676.84	99.0
700.6	99.0
718.72	99.0
740.92	99.0
766.28	99.0
825.8	99.0
964.44	99.0
991.56	99.0
1040.84	99.0
1055.44	99.0
1080.32	99.0
1108.48	99.0
1131.32	99.0
1310.24	99.0
322.56	100.0
696.72	100.0
772.4	100.0
840.92	100.0
889.16	100.0
913.0	100.0
1107.76	100.0
1114.24	100.0
1354.48	100.0
1374.88	100.0
325.32	101.0
340.72	101.0
1029.24	101.0
325.92	102.0
326.24	103.0
302.68	103.0
320.36	103.0
340.68	103.0
302.8	104.0
306.8	104.0
310.84	104.0
321.28	104.0
325.04	104.0
331.88	104.0
342.28	104.0
349.0	104.0
356.44	104.0
418.72	104.0
430.84	104.0
451.88	104.0
475.88	104.0
496.6	104.0
514.44	104.0
532.88	104.0
562.08	104.0
582.56	104.0
599.64	104.0
640.24	104.0
646.24	104.0
698.76	104.0
705.52	104.0
722.16	104.0
744.28	104.0
771.16	104.0
788.44	104.0
809.92	104.0
872.32	104.0
899.08	104.0
935.0	104.0
948.72	104.0
952.96	104.0
968.12	104.0
993.0	104.0
1019.6	104.0
1067.2	104.0
1105.8	104.0
1115.32	104.0
1155.36	104.0
1192.68	104.0
1209.12	104.0
1296.28	104.0
1327.64	104.0
379.96	106.0
1067.36	106.0
309.96	107.0
342.24	107.0
324.44	107.0
354.6	107.0
363.2	107.0
383.36	107.0
419.8	107.0
437.64	107.0
459.4	107.0
476.08	107.0
492.6	107.0
517.24	107.0
555.68	107.0
567.0	107.0
594.52	107.0
699.52	107.0
726.36	107.0
839.36	107.0
927.96	107.0
1051.92	107.0
1133.8	107.0
1301.16	107.0
1368.72	107.0
302.48	108.0
311.96	108.0
324.08	108.0
336.0	108.0
347.92	108.0
372.64	108.0
417.88	108.0
322.88	109.0
337.6	109.0
350.48	109.0
385.2	109.0
609.8	109.0
850.28	109.0
952.08	109.0
1324.28	109.0
1009.64	109.0
310.48	110.0
325.6	110.0
399.52	110.0
426.2	110.0
510.96	110.0
805.12	110.0
1017.32	110.0
1333.28	110.0
333.72	110.0
337.56	110.0
362.88	110.0
473.44	110.0
501.56	110.0
310.48	111.0
327.32	111.0
329.96	111.0
347.32	111.0
350.48	111.0
426.32	111.0
453.44	111.0
510.16	111.0
559.36	111.0
577.4	111.0
600.88	111.0
617.64	111.0
769.72	111.0
786.12	111.0
793.92	111.0
805.2	111.0
819.44	111.0
828.92	111.0
856.2	111.0
871.84	111.0
896.0	111.0
918.68	111.0
993.4	111.0
1016.8	111.0
1072.16	111.0
1109.6	111.0
1131.52	111.0
1151.2	111.0
1193.76	111.0
1209.0	111.0
1269.92	111.0
1312.76	111.0
1317.16	111.0
1333.4	111.0
1357.36	111.0
309.0	112.0
346.68	112.0
357.16	112.0
363.12	112.0
367.8	112.0
396.68	112.0
412.72	112.0
458.36	112.0
668.96	112.0
764.36	112.0
895.88	112.0
930.84	112.0
1016.56	112.0
1067.16	112.0
1116.96	112.0
1192.4	112.0
1234.12	112.0
1270.88	112.0
1316.28	112.0
1328.72	112.0
323.68	113.0
340.52	113.0
349.68	113.0
364.08	113.0
380.56	113.0
302.88	114.0
306.6	114.0
322.12	114.0
325.88	114.0
333.4	114.0
338.92	114.0
345.72	114.0
355.4	114.0
365.32	114.0
405.6	114.0
328.84	114.0
385.84	114.0
474.36	114.0
46.0	115.0
325.08	115.0
337.64	115.0
346.56	115.0
388.4	115.0
87.64	115.0
183.16	115.0
371.0	115.0
429.16	115.0
452.6	115.0
476.88	115.0
501.8	115.0
561.84	115.0
596.6	115.0
729.44	115.0
856.48	115.0
877.88	115.0
945.84	115.0
984.44	115.0
1054.96	115.0
1138.76	115.0
1243.12	115.0
1255.88	115.0
1304.56	115.0
322.44	116.0
370.84	116.0
388.08	116.0
311.04	116.0
317.92	116.0
325.08	116.0
330.04	116.0
337.2	116.0
343.32	116.0
346.8	116.0
359.76	116.0
365.92	116.0
376.88	116.0
398.76	116.0
413.32	116.0
442.32	116.0
647.76	116.0
659.28	116.0
819.72	116.0
890.2	116.0
1064.8	116.0
1268.72	116.0
1312.6	116.0
1327.52	116.0
1369.44	116.0
1378.68	116.0
325.12	117.0
338.2	117.0
359.12	117.0
330.32	117.0
350.72	117.0
376.2	117.0
321.72	118.0
337.92	118.0
951.32	118.0
302.48	119.0
321.52	119.0
324.24	119.0
362.08	119.0
378.92	119.0
382.52	119.0
395.68	119.0
310.4	120.0
320.24	120.0
329.84	120.0
334.84	120.0
342.52	120.0
347.96	120.0
350.56	120.0
356.72	120.0
362.8	120.0
383.6	120.0
387.64	120.0
528.32	120.0
646.52	120.0
663.44	120.0
733.96	120.0
758.92	120.0
842.92	120.0
848.04	120.0
852.32	120.0
1035.6	120.0
1066.64	120.0
1184.84	120.0
1207.24	120.0
1220.4	120.0
