648.24	84.0
302.72	84.0
322.88	84.0
370.72	85.0
438.16	85.0
556.92	85.0
683.04	85.0
865.48	85.0
946.68	85.0
964.64	85.0
1109.72	85.0
1126.24	85.0
1150.44	85.0
1246.32	85.0
1308.04	85.0
302.88	86.0
314.12	86.0
328.32	86.0
335.12	86.0
347.16	86.0
352.8	86.0
357.12	86.0
370.12	86.0
383.8	86.0
395.48	86.0
407.08	86.0
437.52	86.0
471.56	86.0
543.72	86.0
647.12	86.0
808.76	86.0
864.08	86.0
877.04	86.0
885.68	86.0
1006.24	86.0
1108.56	86.0
1139.6	86.0
1190.52	86.0
1212.16	86.0
1228.36	86.0
1338.08	86.0
1369.84	86.0
306.16	86.0
320.4	86.0
325.48	86.0
338.28	86.0
349.68	86.0
361.16	86.0
363.68	86.0
375.04	86.0
387.68	86.0
421.36	86.0
480.6	86.0
955.84	86.0
978.04	86.0
991.84	86.0
1270.36	86.0
339.0	87.0
341.92	87.0
319.32	87.0
322.2	87.0
335.32	87.0
355.92	87.0
359.48	87.0
368.28	87.0
374.88	87.0
381.8	87.0
400.72	87.0
408.72	87.0
484.36	87.0
521.44	87.0
1291.76	87.0
329.8	88.0
323.0	88.0
340.88	88.0
344.96	88.0
363.04	88.0
367.52	88.0
378.8	88.0
386.08	88.0
395.72	88.0
406.12	88.0
434.48	88.0
449.4	88.0
460.56	88.0
467.64	88.0
474.68	88.0
503.6	88.0
521.88	88.0
535.16	88.0
548.6	88.0
593.8	88.0
622.52	88.0
651.2	88.0
676.56	88.0
707.44	88.0
735.84	88.0
750.88	88.0
778.0	88.0
805.32	88.0
843.8	88.0
872.88	88.0
909.08	88.0
918.2	88.0
978.52	88.0
993.64	88.0
1008.12	88.0
1049.48	88.0
1070.64	88.0
1082.36	88.0
1100.32	88.0
1118.84	88.0
1139.56	88.0
1166.36	88.0
1190.32	88.0
1224.48	88.0
1249.2	88.0
1289.12	88.0
1352.44	88.0
1376.2	88.0
299.84	89.0
302.48	89.0
753.88	89.0
313.28	89.0
323.08	89.0
327.36	89.0
341.2	89.0
412.56	89.0
648.08	89.0
1105.96	89.0
1250.08	89.0
292.56	90.0
299.84	90.0
312.68	90.0
319.48	90.0
322.76	90.0
340.92	90.0
382.2	90.0
551.16	90.0
738.12	90.0
769.8	90.0
863.36	90.0
1105.72	90.0
314.56	91.0
322.48	91.0
348.76	91.0
411.96	91.0
524.08	91.0
956.36	91.0
319.6	92.0
327.8	92.0
351.48	92.0
373.4	92.0
323.64	92.0
337.0	92.0
339.52	92.0
345.04	92.0
376.6	92.0
397.72	92.0
429.48	92.0
938.36	92.0
983.12	92.0
1284.0	92.0
343.8	93.0
361.32	93.0
1141.6	93.0
1155.36	93.0
1212.36	93.0
1361.28	93.0
302.52	93.0
333.16	94.0
593.92	94.0
615.24	94.0
750.08	94.0
943.48	94.0
1270.6	94.0
338.08	94.0
356.0	94.0
399.44	94.0
462.48	94.0
1353.96	94.0
302.48	95.0
321.24	95.0
349.48	95.0
846.68	95.0
990.8	95.0
1109.68	95.0
1265.72	95.0
313.52	96.0
368.8	97.0
427.44	97.0
459.08	97.0
514.64	97.0
528.56	97.0
562.4	97.0
618.52	97.0
672.08	97.0
701.32	97.0
729.32	97.0
746.2	97.0
774.48	97.0
868.92	97.0
972.4	97.0
992.52	97.0
1008.56	97.0
1073.96	97.0
1094.16	97.0
1132.72	97.0
1206.16	97.0
1282.72	97.0
302.48	97.0
312.12	97.0
324.36	97.0
480.6	97.0
646.36	97.0
963.72	97.0
1081.84	97.0
1179.96	97.0
324.28	98.0
1009.12	98.0
1339.04	98.0
302.52	99.0
307.12	99.0
315.0	99.0
318.8	99.0
322.56	99.0
326.76	99.0
336.36	99.0
341.96	99.0
550.68	99.0
608.64	99.0
721.24	99.0
773.32	99.0
797.72	99.0
979.08	99.0
1107.92	99.0
1194.44	99.0
1229.84	99.0
1275.32	99.0
324.96	100.0
1130.36	100.0
312.48	100.0
357.96	100.0
363.0	100.0
647.4	100.0
700.68	100.0
727.92	100.0
864.88	100.0
1192.48	100.0
297.56	101.0
314.08	101.0
324.0	101.0
336.6	101.0
336.88	102.0
372.52	102.0
370.36	103.0
302.6	103.0
314.16	103.0
327.84	103.0
475.6	103.0
1141.08	103.0
1186.84	103.0
370.32	104.0
306.68	104.0
314.72	104.0
318.92	104.0
324.0	104.0
338.52	104.0
346.88	104.0
354.16	104.0
364.92	104.0
387.2	104.0
398.68	104.0
421.04	104.0
483.32	104.0
508.6	104.0
547.08	104.0
563.72	104.0
578.56	104.0
600.04	104.0
617.56	104.0
638.32	104.0
658.28	104.0
684.76	104.0
710.72	104.0
722.48	104.0
752.92	104.0
857.24	104.0
861.88	104.0
904.4	104.0
946.08	104.0
959.52	104.0
996.76	104.0
1052.88	104.0
1088.32	104.0
1107.4	104.0
1240.28	104.0
1250.0	104.0
1279.64	104.0
1332.16	104.0
1339.68	104.0
323.88	105.0
338.76	105.0
312.96	106.0
395.16	106.0
784.16	106.0
325.92	107.0
341.44	107.0
320.4	107.0
348.16	107.0
362.88	107.0
382.8	107.0
545.32	107.0
548.88	107.0
614.04	107.0
710.52	107.0
796.04	107.0
841.36	107.0
906.32	107.0
959.48	107.0
991.04	107.0
1096.8	107.0
1194.96	107.0
1277.96	107.0
302.48	108.0
342.68	108.0
350.56	108.0
364.6	108.0
384.2	108.0
408.28	108.0
430.88	108.0
469.64	108.0
382.04	109.0
550.96	109.0
647.6	109.0
737.88	109.0
787.64	109.0
1337.6	109.0
302.48	109.0
323.32	109.0
593.32	109.0
1312.08	109.0
395.92	110.0
411.68	110.0
437.2	110.0
484.16	110.0
547.8	110.0
323.12	110.0
341.6	110.0
427.08	110.0
710.6	110.0
922.52	110.0
1075.88	110.0
1081.72	110.0
1147.76	110.0
1250.56	110.0
313.04	111.0
319.4	111.0
329.32	111.0
334.04	111.0
341.04	111.0
343.96	111.0
346.72	111.0
353.52	111.0
362.96	111.0
374.48	111.0
382.8	111.0
396.08	111.0
470.88	111.0
547.96	111.0
551.28	111.0
573.68	111.0
576.2	111.0
592.44	111.0
605.84	111.0
695.2	111.0
725.64	111.0
735.64	111.0
788.08	111.0
807.44	111.0
930.72	111.0
933.92	111.0
957.04	111.0
991.96	111.0
1023.24	111.0
1057.72	111.0
1091.4	111.0
1123.52	111.0
1142.52	111.0
1181.88	111.0
1187.84	111.0
1231.76	111.0
1273.24	111.0
1353.08	111.0
341.04	112.0
309.0	112.0
312.08	112.0
354.16	112.0
357.08	112.0
375.08	112.0
393.52	112.0
461.6	112.0
544.04	112.0
672.6	112.0
747.88	112.0
848.68	112.0
947.44	112.0
992.96	112.0
1050.2	112.0
1192.4	112.0
1272.36	112.0
1337.88	112.0
314.52	113.0
320.96	113.0
347.84	113.0
367.0	113.0
303.0	114.0
307.64	114.0
313.16	114.0
319.16	114.0
327.56	114.0
338.48	114.0
344.8	114.0
363.72	114.0
366.8	114.0
395.0	114.0
326.48	115.0
702.08	115.0
323.28	115.0
340.16	115.0
347.56	115.0
358.28	115.0
427.36	115.0
501.96	115.0
523.28	115.0
559.04	115.0
606.68	115.0
630.52	115.0
694.12	115.0
722.72	115.0
769.12	115.0
808.24	115.0
871.6	115.0
913.96	115.0
954.2	115.0
1012.48	115.0
1031.72	115.0
1123.68	115.0
1189.28	115.0
1193.68	115.0
1250.84	115.0
1294.8	115.0
482.84	116.0
723.68	116.0
796.2	116.0
830.88	116.0
1247.16	116.0
320.16	116.0
322.96	116.0
327.4	116.0
336.08	116.0
341.32	116.0
345.48	116.0
352.4	116.0
357.16	116.0
359.92	116.0
364.24	116.0
389.08	116.0
395.88	116.0
405.2	116.0
887.8	116.0
1168.92	116.0
1254.32	116.0
1337.72	116.0
313.96	117.0
363.24	117.0
312.28	118.0
334.68	118.0
324.28	118.0
329.56	118.0
341.2	118.0
357.44	118.0
302.48	119.0
322.12	119.0
366.68	119.0
427.4	119.0
323.76	120.0
337.0	120.0
342.6	120.0
348.84	120.0
361.0	120.0
365.28	120.0
397.56	120.0
415.56	120.0
441.88	120.0
674.68	120.0
1010.96	120.0
1162.04	120.0
