1281.36	84.0
302.76	84.0
314.6	84.0
335.12	84.0
1254.88	84.0
1313.16	84.0
183.48	85.0
241.84	85.0
321.92	85.0
348.12	85.0
553.52	85.0
562.92	85.0
632.96	85.0
693.68	85.0
750.92	85.0
799.12	85.0
1051.88	85.0
1072.12	85.0
1273.04	85.0
1321.88	85.0
339.56	86.0
371.52	86.0
396.4	86.0
415.2	86.0
474.56	86.0
491.04	86.0
573.48	86.0
1105.44	86.0
1203.0	86.0
1211.56	86.0
1233.24	86.0
1260.08	86.0
1276.76	86.0
1296.8	86.0
1311.52	86.0
1320.32	86.0
1323.76	86.0
1343.76	86.0
1346.76	86.0
1358.44	86.0
1367.84	86.0
1397.32	86.0
1403.76	86.0
1415.04	86.0
1421.96	86.0
1436.08	86.0
1446.2	86.0
1457.36	86.0
1472.96	86.0
306.8	86.0
312.56	86.0
317.56	86.0
324.72	86.0
330.84	86.0
343.04	86.0
350.88	86.0
367.08	86.0
1279.6	86.0
1159.36	87.0
250.76	87.0
306.68	87.0
309.4	87.0
312.84	87.0
316.92	87.0
323.52	87.0
326.88	87.0
333.6	87.0
339.96	87.0
369.56	87.0
1078.88	87.0
1202.56	87.0
302.88	88.0
130.52	88.0
175.28	88.0
237.0	88.0
310.32	88.0
325.96	88.0
336.68	88.0
652.16	88.0
1142.88	88.0
1209.2	88.0
1260.24	88.0
210.2	89.0
324.4	89.0
332.08	89.0
237.0	89.0
289.52	89.0
317.2	89.0
341.96	89.0
372.32	89.0
828.08	89.0
833.44	89.0
319.48	90.0
2.76	90.0
206.32	90.0
233.92	90.0
258.8	90.0
289.24	90.0
350.52	90.0
358.88	90.0
424.76	90.0
504.28	90.0
510.48	90.0
611.48	90.0
702.68	90.0
919.56	90.0
1101.32	90.0
1133.52	90.0
1475.8	90.0
321.92	91.0
4.92	91.0
309.92	91.0
429.88	91.0
688.4	91.0
1473.72	91.0
51.88	92.0
127.16	92.0
182.72	92.0
236.16	92.0
297.64	92.0
320.76	92.0
335.64	92.0
350.92	92.0
397.36	92.0
475.48	92.0
498.8	92.0
523.16	92.0
554.16	92.0
600.16	92.0
687.76	92.0
710.72	92.0
797.0	92.0
835.4	92.0
875.08	92.0
937.04	92.0
994.76	92.0
1049.8	92.0
1091.96	92.0
1174.12	92.0
1245.08	92.0
1247.68	92.0
1269.6	92.0
1336.52	92.0
1364.16	92.0
1389.72	92.0
1423.72	92.0
74.84	92.0
188.28	92.0
197.08	92.0
258.32	92.0
312.24	92.0
339.52	92.0
344.48	92.0
355.36	92.0
364.16	92.0
377.24	92.0
387.72	92.0
401.6	92.0
418.16	92.0
434.52	92.0
502.48	92.0
529.8	92.0
617.32	92.0
653.6	92.0
945.72	92.0
1030.16	92.0
1077.56	92.0
1114.84	92.0
1135.32	92.0
1153.24	92.0
1178.56	92.0
1192.2	92.0
1223.8	92.0
1278.92	92.0
1300.52	92.0
1318.8	92.0
1451.2	92.0
290.96	93.0
759.96	93.0
867.08	93.0
1340.56	93.0
338.76	93.0
418.44	93.0
987.24	94.0
1136.68	94.0
1195.12	94.0
310.08	94.0
337.96	94.0
357.76	94.0
395.2	94.0
436.56	94.0
464.76	94.0
928.36	94.0
1107.68	94.0
219.2	95.0
288.64	95.0
569.6	95.0
656.28	95.0
819.32	95.0
831.84	95.0
1030.8	95.0
1168.88	95.0
1273.96	95.0
1283.16	95.0
1326.08	95.0
1337.16	95.0
1451.16	95.0
177.12	97.0
302.48	97.0
317.68	97.0
837.92	97.0
1338.16	97.0
1401.48	97.0
1209.68	98.0
345.08	98.0
842.56	98.0
1381.64	98.0
33.88	99.0
292.36	99.0
309.64	99.0
315.68	99.0
324.72	99.0
333.32	99.0
345.12	99.0
871.32	99.0
1056.44	99.0
1145.04	99.0
1166.44	99.0
148.12	100.0
184.0	100.0
322.24	100.0
599.52	100.0
641.72	100.0
897.48	100.0
1049.92	100.0
1220.04	100.0
321.76	101.0
324.76	101.0
344.16	101.0
387.8	101.0
430.56	101.0
518.92	101.0
1082.4	101.0
1255.48	101.0
315.6	102.0
475.56	102.0
835.76	102.0
318.92	103.0
338.6	103.0
418.32	103.0
302.48	104.0
418.28	104.0
198.08	104.0
281.72	104.0
306.36	104.0
310.56	104.0
315.2	104.0
321.36	104.0
327.76	104.0
336.48	104.0
353.32	104.0
374.64	104.0
431.6	104.0
437.44	104.0
491.52	104.0
800.04	104.0
1249.52	104.0
1291.28	104.0
1313.92	104.0
320.84	106.0
324.32	106.0
407.08	106.0
17.0	107.0
126.4	107.0
259.6	107.0
302.84	107.0
321.36	107.0
342.48	107.0
431.36	107.0
1031.72	107.0
1049.72	107.0
1179.64	107.0
1198.0	107.0
1213.96	107.0
1286.4	107.0
1306.08	107.0
1368.6	107.0
1405.36	107.0
310.88	108.0
187.6	108.0
302.44	108.0
336.6	108.0
399.52	108.0
902.8	108.0
1058.04	108.0
1153.6	108.0
1166.2	108.0
1214.96	108.0
289.0	109.0
363.8	109.0
611.2	109.0
827.6	109.0
1236.08	109.0
310.52	110.0
325.96	110.0
364.52	110.0
835.48	110.0
980.44	110.0
310.52	111.0
790.12	111.0
56.0	111.0
110.48	111.0
178.24	111.0
235.32	111.0
291.52	111.0
313.28	111.0
318.96	111.0
322.88	111.0
326.32	111.0
330.84	111.0
336.96	111.0
350.44	111.0
353.36	111.0
358.12	111.0
400.28	111.0
409.44	111.0
454.0	111.0
502.12	111.0
525.52	111.0
558.52	111.0
604.36	111.0
713.56	111.0
758.84	111.0
801.52	111.0
878.16	111.0
924.76	111.0
1000.0	111.0
1053.68	111.0
1108.28	111.0
1177.92	111.0
1193.56	111.0
1249.64	111.0
1268.48	111.0
1272.56	111.0
1339.28	111.0
1368.04	111.0
1383.72	111.0
1394.12	111.0
1427.72	111.0
1448.0	111.0
16.84	112.0
27.68	112.0
147.36	112.0
234.84	112.0
308.96	112.0
311.8	112.0
315.04	112.0
326.08	112.0
419.72	112.0
425.36	112.0
759.72	112.0
972.72	112.0
1167.32	112.0
1188.84	112.0
1285.96	112.0
1292.12	112.0
1340.04	112.0
1407.04	112.0
1443.56	112.0
1469.56	112.0
333.0	113.0
303.0	114.0
306.72	114.0
315.08	114.0
318.96	114.0
334.64	114.0
1093.56	114.0
1215.08	114.0
302.6	115.0
1351.48	115.0
40.8	115.0
58.04	115.0
182.0	115.0
207.8	115.0
242.76	115.0
269.88	115.0
295.72	115.0
311.68	115.0
320.68	115.0
343.6	115.0
363.68	115.0
461.72	115.0
485.08	115.0
518.12	115.0
533.88	115.0
583.04	115.0
616.52	115.0
661.0	115.0
746.12	115.0
757.16	115.0
787.44	115.0
835.76	115.0
865.44	115.0
909.36	115.0
932.16	115.0
980.72	115.0
1075.56	115.0
1101.0	115.0
1152.44	115.0
1238.32	115.0
1256.92	115.0
1292.52	115.0
1387.48	115.0
1437.16	115.0
1451.16	115.0
355.84	116.0
104.0	116.0
107.68	116.0
110.72	116.0
150.72	116.0
172.96	116.0
176.28	116.0
178.96	116.0
187.12	116.0
200.52	116.0
233.4	116.0
267.56	116.0
286.28	116.0
289.2	116.0
311.12	116.0
314.24	116.0
319.6	116.0
331.68	116.0
335.36	116.0
338.28	116.0
341.56	116.0
344.08	116.0
409.0	116.0
451.88	116.0
454.92	116.0
522.88	116.0
602.52	116.0
646.28	116.0
745.88	116.0
756.68	116.0
789.84	116.0
821.72	116.0
827.64	116.0
832.6	116.0
863.36	116.0
900.04	116.0
919.88	116.0
922.4	116.0
985.0	116.0
1048.68	116.0
1052.48	116.0
1057.08	116.0
1094.28	116.0
1105.72	116.0
1166.16	116.0
1178.76	116.0
1191.36	116.0
1239.96	116.0
1308.08	116.0
1319.44	116.0
1333.96	116.0
1336.84	116.0
1368.52	116.0
1386.0	116.0
1432.04	116.0
1446.32	116.0
1451.24	116.0
1469.6	116.0
1473.36	116.0
454.24	117.0
359.88	118.0
1188.92	118.0
310.68	118.0
321.04	118.0
327.88	118.0
335.44	118.0
343.2	118.0
1288.72	118.0
1335.88	118.0
321.2	119.0
302.48	119.0
344.16	119.0
366.12	119.0
1029.04	119.0
1052.4	119.0
1094.32	119.0
1194.04	119.0
1333.6	119.0
177.12	120.0
317.36	120.0
337.24	120.0
378.52	120.0
430.8	120.0
733.04	120.0
759.2	120.0
918.68	120.0
984.56	120.0
1214.8	120.0
