303.0	84.0
317.28	84.0
320.44	85.0
366.04	85.0
508.52	85.0
584.28	85.0
647.96	85.0
668.56	85.0
789.92	85.0
893.6	85.0
932.96	85.0
1058.08	85.0
1138.8	85.0
1194.16	85.0
1296.48	85.0
314.52	86.0
327.48	86.0
335.72	86.0
342.68	86.0
362.2	86.0
373.6	86.0
379.28	86.0
389.96	86.0
414.36	86.0
430.6	86.0
448.52	86.0
466.76	86.0
482.92	86.0
494.0	86.0
571.64	86.0
741.84	86.0
789.76	86.0
795.16	86.0
816.64	86.0
852.04	86.0
897.64	86.0
1063.64	86.0
1069.12	86.0
1138.12	86.0
1162.24	86.0
1195.44	86.0
1282.44	86.0
318.88	86.0
330.24	86.0
347.92	86.0
354.64	86.0
366.52	86.0
399.72	86.0
766.44	86.0
986.32	86.0
325.64	87.0
337.64	87.0
374.44	87.0
328.4	87.0
331.08	87.0
343.4	87.0
346.8	87.0
350.36	87.0
358.12	87.0
363.56	87.0
384.52	87.0
405.28	87.0
426.28	87.0
439.04	87.0
470.2	87.0
563.04	87.0
683.44	87.0
903.76	87.0
1030.6	87.0
1168.44	87.0
1467.6	87.0
320.84	88.0
328.68	88.0
1402.6	88.0
302.56	88.0
343.4	88.0
383.88	88.0
405.32	88.0
507.16	88.0
512.16	88.0
779.56	88.0
801.6	88.0
845.12	88.0
852.0	88.0
1042.36	88.0
1088.28	88.0
1154.36	88.0
1182.16	88.0
1228.4	88.0
766.0	89.0
1328.44	89.0
1438.36	89.0
313.12	89.0
316.28	89.0
337.44	89.0
354.4	89.0
531.68	89.0
687.84	89.0
1024.68	89.0
1094.36	89.0
1181.28	89.0
1257.28	89.0
302.48	90.0
318.36	90.0
343.96	90.0
354.16	90.0
408.12	90.0
874.88	90.0
892.0	90.0
1003.48	90.0
1046.4	90.0
1129.48	90.0
1432.8	90.0
329.16	91.0
302.48	91.0
314.12	91.0
343.28	91.0
317.6	92.0
330.08	92.0
332.72	92.0
344.16	92.0
384.48	92.0
417.48	92.0
446.32	92.0
461.8	92.0
485.0	92.0
501.04	92.0
523.68	92.0
541.72	92.0
559.24	92.0
576.48	92.0
591.2	92.0
632.12	92.0
667.36	92.0
686.96	92.0
707.28	92.0
730.56	92.0
756.08	92.0
784.56	92.0
806.44	92.0
828.88	92.0
848.24	92.0
883.4	92.0
908.96	92.0
931.88	92.0
954.8	92.0
987.96	92.0
1022.12	92.0
1079.32	92.0
1103.52	92.0
1150.4	92.0
1185.44	92.0
1210.2	92.0
1244.76	92.0
1278.16	92.0
1322.16	92.0
1368.52	92.0
1408.24	92.0
1442.0	92.0
1475.56	92.0
352.68	92.0
355.76	92.0
360.0	92.0
369.16	92.0
374.04	92.0
409.64	92.0
436.52	92.0
489.16	92.0
511.92	92.0
528.32	92.0
546.28	92.0
604.24	92.0
615.04	92.0
624.2	92.0
645.28	92.0
671.72	92.0
710.44	92.0
745.92	92.0
810.52	92.0
861.44	92.0
897.36	92.0
912.8	92.0
942.52	92.0
978.0	92.0
1002.6	92.0
1026.08	92.0
1037.24	92.0
1055.28	92.0
1233.2	92.0
1328.6	92.0
1457.88	92.0
320.76	93.0
326.48	93.0
332.0	93.0
351.16	93.0
371.44	93.0
635.52	93.0
742.16	93.0
769.68	93.0
790.08	93.0
920.88	93.0
957.64	93.0
1080.84	93.0
1117.0	93.0
1264.08	93.0
325.16	94.0
338.16	94.0
791.0	94.0
302.44	94.0
320.12	94.0
330.96	94.0
355.44	94.0
389.12	94.0
418.84	94.0
470.6	94.0
769.72	94.0
828.2	94.0
927.76	94.0
957.8	94.0
1112.2	94.0
302.48	95.0
316.24	95.0
329.56	95.0
332.8	95.0
341.52	95.0
560.2	95.0
624.32	95.0
679.8	95.0
768.32	95.0
796.88	95.0
892.08	95.0
1061.08	95.0
1228.8	95.0
339.04	96.0
369.0	96.0
337.52	97.0
302.52	97.0
440.4	97.0
460.48	97.0
804.96	97.0
817.32	97.0
1251.72	97.0
338.92	98.0
635.44	98.0
994.16	98.0
1092.96	98.0
312.44	99.0
316.2	99.0
320.2	99.0
324.24	99.0
328.36	99.0
335.2	99.0
355.0	99.0
372.28	99.0
678.08	99.0
744.84	99.0
769.44	99.0
790.96	99.0
831.4	99.0
1005.08	99.0
1050.2	99.0
1142.6	99.0
1403.6	99.0
316.2	100.0
592.0	100.0
679.88	100.0
778.12	100.0
829.08	100.0
871.56	100.0
875.64	100.0
975.2	100.0
1015.44	100.0
1116.88	100.0
1203.0	100.0
1264.24	100.0
1384.44	100.0
1438.04	100.0
1446.24	100.0
313.24	101.0
325.92	101.0
334.8	101.0
353.76	101.0
356.36	101.0
366.76	101.0
420.56	101.0
632.28	102.0
302.72	103.0
320.76	103.0
1225.4	103.0
324.36	103.0
344.96	103.0
302.68	104.0
315.56	104.0
320.56	104.0
325.44	104.0
328.6	104.0
333.8	104.0
339.16	104.0
345.24	104.0
353.04	104.0
362.88	104.0
386.2	104.0
434.6	104.0
469.16	104.0
484.48	104.0
561.64	104.0
611.72	104.0
665.68	104.0
692.72	104.0
707.24	104.0
777.72	104.0
916.76	104.0
1083.92	104.0
1153.76	104.0
1189.52	104.0
1294.12	104.0
1378.32	104.0
324.08	106.0
426.48	106.0
325.12	107.0
341.76	107.0
426.44	107.0
446.6	107.0
318.04	107.0
334.32	107.0
353.32	107.0
388.36	107.0
709.72	107.0
786.72	107.0
841.32	107.0
892.04	107.0
982.88	107.0
986.76	107.0
1053.96	107.0
1089.64	107.0
1113.76	107.0
1143.36	107.0
1274.28	107.0
1461.76	107.0
336.04	108.0
355.36	108.0
1137.8	108.0
1464.52	108.0
302.44	108.0
319.32	108.0
328.56	108.0
345.16	108.0
374.16	108.0
415.72	108.0
683.16	108.0
1151.92	108.0
1211.52	108.0
1267.88	108.0
1389.0	108.0
1443.92	108.0
318.12	109.0
355.96	109.0
385.56	109.0
953.52	109.0
1142.28	109.0
1350.0	109.0
445.16	109.0
352.48	110.0
407.32	110.0
355.84	110.0
360.92	110.0
376.32	110.0
508.52	110.0
633.04	110.0
847.68	110.0
1104.04	110.0
319.24	111.0
355.36	111.0
333.32	111.0
339.0	111.0
343.52	111.0
352.56	111.0
360.52	111.0
370.96	111.0
386.64	111.0
398.4	111.0
448.52	111.0
464.48	111.0
484.72	111.0
503.28	111.0
578.68	111.0
671.12	111.0
689.64	111.0
709.6	111.0
732.76	111.0
758.52	111.0
786.6	111.0
808.12	111.0
831.08	111.0
850.52	111.0
886.16	111.0
910.72	111.0
991.08	111.0
1008.72	111.0
1025.44	111.0
1028.48	111.0
1081.84	111.0
1105.08	111.0
1187.48	111.0
1247.32	111.0
1280.08	111.0
1324.84	111.0
1372.72	111.0
1412.12	111.0
1444.68	111.0
352.8	112.0
309.0	112.0
316.08	112.0
335.68	112.0
366.08	112.0
374.56	112.0
391.12	112.0
482.64	112.0
795.4	112.0
836.52	112.0
1029.84	112.0
316.84	113.0
325.72	113.0
349.4	113.0
314.48	114.0
319.24	114.0
328.56	114.0
336.52	114.0
696.28	114.0
910.36	114.0
986.32	114.0
468.44	115.0
819.84	115.0
317.72	115.0
328.04	115.0
336.76	115.0
356.12	115.0
363.24	115.0
376.56	115.0
508.72	115.0
534.36	115.0
563.44	115.0
610.92	115.0
633.32	115.0
667.12	115.0
744.24	115.0
768.84	115.0
793.48	115.0
847.96	115.0
890.76	115.0
927.72	115.0
955.92	115.0
985.2	115.0
1027.8	115.0
1085.2	115.0
1132.84	115.0
1175.52	115.0
1225.24	115.0
1253.48	115.0
1279.28	115.0
1408.48	115.0
1453.6	115.0
318.64	116.0
326.08	116.0
372.44	116.0
978.6	116.0
1221.96	116.0
313.2	116.0
328.8	116.0
332.36	116.0
336.04	116.0
339.16	116.0
343.48	116.0
348.2	116.0
352.6	116.0
356.6	116.0
361.76	116.0
365.92	116.0
377.76	116.0
384.48	116.0
404.12	116.0
414.2	116.0
418.4	116.0
426.04	116.0
438.04	116.0
443.76	116.0
455.36	116.0
469.2	116.0
482.16	116.0
505.24	116.0
594.44	116.0
682.52	116.0
739.84	116.0
771.36	116.0
781.12	116.0
866.36	116.0
874.84	116.0
879.0	116.0
952.44	116.0
975.88	116.0
999.0	116.0
1027.32	116.0
1050.4	116.0
1054.6	116.0
1102.56	116.0
1119.36	116.0
1133.64	116.0
1146.76	116.0
1154.76	116.0
1206.16	116.0
1209.88	116.0
1215.0	116.0
1267.44	116.0
1275.4	116.0
1356.36	116.0
1360.52	116.0
1388.44	116.0
1438.4	116.0
1467.48	116.0
1475.36	116.0
358.52	117.0
313.88	118.0
316.56	118.0
326.68	118.0
333.76	118.0
346.8	118.0
352.92	118.0
357.4	118.0
388.88	118.0
446.52	118.0
357.44	119.0
302.48	119.0
317.32	119.0
374.64	119.0
388.44	119.0
412.52	119.0
527.44	119.0
707.12	119.0
1084.8	119.0
1140.08	119.0
315.96	120.0
325.28	120.0
329.84	120.0
338.4	120.0
351.36	120.0
365.56	120.0
387.72	120.0
390.56	120.0
416.72	120.0
446.28	120.0
503.68	120.0
679.76	120.0
905.4	120.0
941.92	120.0
1029.28	120.0
1214.96	120.0
