302.68	84.0
312.4	84.0
217.44	85.0
237.96	85.0
298.28	85.0
339.56	85.0
361.68	85.0
409.48	85.0
428.76	85.0
478.4	85.0
306.6	86.0
310.0	86.0
320.88	86.0
347.04	86.0
362.2	86.0
405.88	86.0
423.44	86.0
447.12	86.0
449.96	86.0
22.64	86.0
189.68	86.0
201.44	86.0
211.88	86.0
217.92	86.0
232.4	86.0
251.64	86.0
275.16	86.0
312.88	86.0
325.28	86.0
336.2	86.0
358.04	86.0
231.76	87.0
275.36	87.0
342.24	87.0
223.32	87.0
243.92	87.0
297.08	87.0
306.8	87.0
309.84	87.0
313.36	87.0
317.56	87.0
325.56	87.0
335.48	87.0
425.2	87.0
325.12	88.0
383.12	88.0
426.52	88.0
453.0	88.0
212.16	88.0
308.68	88.0
316.04	88.0
328.48	88.0
24.84	89.0
214.08	89.0
314.6	89.0
330.48	89.0
335.24	89.0
373.48	89.0
386.56	89.0
410.36	89.0
436.56	89.0
486.04	89.0
317.76	90.0
220.12	90.0
252.88	90.0
334.92	90.0
344.08	90.0
352.48	90.0
485.8	90.0
324.36	91.0
339.44	91.0
237.84	92.0
320.2	92.0
342.16	92.0
230.8	92.0
241.2	92.0
307.2	92.0
324.8	92.0
349.04	92.0
375.0	92.0
296.24	93.0
316.24	93.0
363.4	93.0
407.2	93.0
451.56	93.0
482.68	93.0
13.6	93.0
302.92	93.0
313.08	93.0
309.24	94.0
325.28	94.0
279.16	95.0
410.76	95.0
307.8	97.0
316.48	97.0
302.88	97.0
505.76	97.0
216.84	99.0
234.68	99.0
308.68	99.0
314.04	99.0
316.56	99.0
320.04	99.0
325.32	99.0
334.04	99.0
346.08	99.0
9.24	102.0
302.52	104.0
221.88	104.0
278.52	104.0
309.96	104.0
314.44	104.0
319.72	104.0
329.16	104.0
344.32	104.0
391.36	104.0
428.56	104.0
1191.44	106.0
1220.24	106.0
37.8	107.0
210.52	107.0
218.76	107.0
233.2	107.0
302.72	107.0
318.76	107.0
344.04	107.0
373.52	107.0
505.72	107.0
20.64	108.0
196.2	108.0
215.8	108.0
229.84	108.0
259.44	108.0
311.96	108.0
321.88	108.0
416.08	108.0
478.12	108.0
518.36	108.0
13.08	109.0
219.92	109.0
307.52	109.0
318.84	109.0
310.08	109.0
310.48	110.0
375.52	110.0
245.76	110.0
381.16	110.0
216.64	111.0
287.72	111.0
310.44	111.0
9.04	111.0
38.04	111.0
234.36	111.0
245.44	111.0
276.72	111.0
314.84	111.0
335.4	111.0
344.92	111.0
13.72	112.0
244.76	112.0
309.0	112.0
311.84	112.0
319.16	112.0
336.84	112.0
371.28	112.0
389.16	112.0
437.76	112.0
447.92	112.0
509.04	112.0
533.04	112.0
314.96	113.0
317.88	113.0
302.88	114.0
313.12	114.0
320.28	114.0
324.04	114.0
430.68	114.0
245.76	115.0
319.92	115.0
336.68	115.0
357.56	115.0
381.44	115.0
425.72	115.0
245.84	116.0
260.96	116.0
346.44	116.0
447.64	116.0
23.44	116.0
197.04	116.0
199.56	116.0
210.52	116.0
214.4	116.0
225.56	116.0
233.96	116.0
239.28	116.0
253.6	116.0
275.56	116.0
278.88	116.0
284.88	116.0
290.0	116.0
314.32	116.0
316.88	116.0
320.12	116.0
323.16	116.0
328.24	116.0
334.12	116.0
358.44	116.0
508.0	116.0
217.12	117.0
287.8	117.0
310.88	117.0
319.16	117.0
330.24	117.0
335.68	117.0
372.56	117.0
311.92	118.0
321.96	118.0
355.76	118.0
199.8	119.0
302.48	119.0
341.4	119.0
505.8	119.0
7.88	120.0
13.24	120.0
204.88	120.0
236.16	120.0
238.68	120.0
252.16	120.0
274.4	120.0
306.36	120.0
310.68	120.0
315.96	120.0
319.72	120.0
336.36	120.0
353.6	120.0
372.92	120.0
437.24	120.0
504.76	120.0
508.48	120.0
