302.68	84.0
310.96	84.0
314.04	84.0
330.84	84.0
351.36	84.0
771.0	84.0
812.84	84.0
1056.88	84.0
153.64	85.0
497.6	85.0
751.56	85.0
764.28	85.0
1098.24	85.0
1122.6	85.0
4.84	86.0
70.48	86.0
148.12	86.0
218.0	86.0
243.48	86.0
268.08	86.0
277.92	86.0
298.52	86.0
320.52	86.0
329.52	86.0
339.08	86.0
358.24	86.0
381.12	86.0
398.92	86.0
420.44	86.0
693.04	86.0
789.48	86.0
867.4	86.0
941.72	86.0
976.16	86.0
992.32	86.0
1013.84	86.0
1026.56	86.0
1050.24	86.0
1111.6	86.0
1164.16	86.0
1174.6	86.0
1189.52	86.0
1201.8	86.0
158.68	86.0
307.4	86.0
310.2	86.0
332.28	86.0
345.24	86.0
367.72	86.0
859.16	86.0
891.68	86.0
1090.6	86.0
1101.48	86.0
1119.6	86.0
1136.8	86.0
1204.88	86.0
1216.36	86.0
306.32	87.0
993.28	87.0
83.64	87.0
202.56	87.0
254.88	87.0
279.56	87.0
321.28	87.0
324.6	87.0
349.52	87.0
867.76	87.0
1022.76	87.0
1124.0	87.0
1136.48	87.0
1163.56	87.0
1413.32	87.0
57.56	88.0
142.72	88.0
324.8	88.0
717.32	88.0
998.88	88.0
25.28	88.0
85.8	88.0
241.6	88.0
267.24	88.0
309.72	88.0
314.4	88.0
338.88	88.0
770.04	88.0
987.8	88.0
1225.28	88.0
332.52	89.0
357.28	89.0
776.84	89.0
1464.28	89.0
143.36	89.0
162.0	89.0
312.92	89.0
360.24	89.0
638.0	89.0
686.68	89.0
823.52	89.0
999.04	89.0
1023.12	89.0
1035.28	89.0
1048.52	89.0
1055.28	89.0
1096.12	89.0
189.52	90.0
208.68	90.0
302.68	90.0
332.36	90.0
344.72	90.0
349.8	90.0
420.52	90.0
637.68	90.0
679.84	90.0
685.6	90.0
720.64	90.0
744.56	90.0
769.72	90.0
907.88	90.0
914.16	90.0
974.84	90.0
984.92	90.0
997.76	90.0
1022.8	90.0
1035.0	90.0
1048.24	90.0
1054.96	90.0
1095.84	90.0
1104.84	90.0
1181.4	90.0
1211.76	90.0
320.56	91.0
328.48	91.0
314.0	91.0
754.0	91.0
68.12	92.0
97.52	92.0
141.88	92.0
308.24	92.0
353.32	92.0
402.0	92.0
422.28	92.0
493.76	92.0
549.72	92.0
647.44	92.0
735.32	92.0
792.52	92.0
846.08	92.0
947.12	92.0
999.88	92.0
1039.2	92.0
1167.56	92.0
1462.28	92.0
22.72	92.0
51.32	92.0
232.32	92.0
284.16	92.0
322.28	92.0
343.08	92.0
377.48	92.0
404.68	92.0
464.2	92.0
678.52	92.0
723.44	92.0
744.52	92.0
754.52	92.0
758.76	92.0
762.48	92.0
796.6	92.0
823.76	92.0
885.4	92.0
890.28	92.0
1003.6	92.0
1010.32	92.0
1042.8	92.0
1070.84	92.0
1115.2	92.0
1141.36	92.0
1152.72	92.0
153.0	93.0
186.16	93.0
682.4	93.0
976.16	93.0
1005.16	93.0
350.36	93.0
274.44	94.0
377.6	94.0
794.6	94.0
135.0	94.0
138.2	94.0
242.32	94.0
320.36	94.0
329.2	94.0
347.48	94.0
385.48	94.0
491.16	94.0
580.32	94.0
685.64	94.0
832.4	94.0
863.92	94.0
1106.0	94.0
80.8	95.0
187.24	95.0
280.28	95.0
831.96	95.0
943.64	95.0
1118.76	95.0
1121.28	95.0
1203.16	95.0
243.8	96.0
150.16	97.0
302.48	97.0
977.04	97.0
999.12	97.0
1057.96	97.0
1139.48	97.0
217.6	98.0
326.12	98.0
335.04	98.0
790.28	98.0
1230.04	98.0
83.96	99.0
100.2	99.0
142.68	99.0
308.36	99.0
313.32	99.0
323.08	99.0
327.56	99.0
333.16	99.0
683.8	99.0
760.28	99.0
844.68	99.0
1001.08	99.0
1123.64	99.0
30.68	100.0
93.32	100.0
120.12	100.0
139.12	100.0
227.48	100.0
346.12	100.0
568.12	100.0
593.2	100.0
698.08	100.0
769.44	100.0
811.12	100.0
831.0	100.0
865.16	100.0
887.28	100.0
961.88	100.0
970.8	100.0
1112.12	100.0
318.0	101.0
329.96	101.0
318.76	102.0
792.6	102.0
1462.36	102.0
280.92	103.0
420.12	103.0
302.48	104.0
420.12	104.0
9.4	104.0
82.64	104.0
126.96	104.0
141.6	104.0
205.24	104.0
223.24	104.0
231.0	104.0
241.12	104.0
246.72	104.0
258.72	104.0
287.08	104.0
312.04	104.0
323.88	104.0
328.96	104.0
339.4	104.0
345.48	104.0
349.92	104.0
415.48	104.0
775.72	104.0
854.24	104.0
894.96	104.0
977.08	104.0
999.84	104.0
1049.6	104.0
1080.52	104.0
1116.52	104.0
1142.32	104.0
1170.96	104.0
152.8	106.0
313.76	106.0
319.12	106.0
324.04	106.0
392.52	106.0
422.32	106.0
266.88	107.0
310.32	107.0
318.56	107.0
326.88	107.0
350.48	107.0
382.44	107.0
407.08	107.0
461.0	107.0
479.84	107.0
795.44	107.0
927.04	107.0
1195.36	107.0
1291.12	107.0
327.32	108.0
142.48	108.0
184.92	108.0
226.76	108.0
239.6	108.0
285.08	108.0
311.48	108.0
600.48	108.0
723.88	108.0
1102.44	108.0
1116.44	108.0
1160.76	108.0
308.08	109.0
349.6	109.0
679.52	109.0
720.44	109.0
817.24	109.0
997.52	109.0
1115.04	109.0
865.12	109.0
310.48	110.0
1058.0	110.0
762.2	110.0
828.32	110.0
1248.24	110.0
1276.08	110.0
310.48	111.0
1000.04	111.0
1080.76	111.0
4.0	111.0
36.12	111.0
145.48	111.0
185.6	111.0
206.32	111.0
280.8	111.0
323.2	111.0
326.16	111.0
356.12	111.0
379.24	111.0
425.44	111.0
463.56	111.0
496.64	111.0
553.56	111.0
678.76	111.0
738.64	111.0
790.44	111.0
794.32	111.0
830.92	111.0
865.12	111.0
951.2	111.0
975.44	111.0
1018.12	111.0
1044.44	111.0
1094.16	111.0
1166.64	111.0
20.88	112.0
91.72	112.0
186.84	112.0
225.84	112.0
232.88	112.0
309.0	112.0
312.16	112.0
327.76	112.0
350.8	112.0
360.88	112.0
678.52	112.0
791.44	112.0
827.12	112.0
855.64	112.0
863.0	112.0
976.2	112.0
1239.88	112.0
302.96	113.0
310.76	113.0
349.64	113.0
326.24	113.0
997.88	113.0
302.8	114.0
313.32	114.0
325.64	114.0
328.8	114.0
283.36	114.0
350.04	114.0
812.6	114.0
29.16	115.0
111.8	115.0
184.92	115.0
223.36	115.0
311.0	115.0
332.68	115.0
367.52	115.0
722.96	115.0
743.92	115.0
762.48	115.0
841.16	115.0
885.12	115.0
940.56	115.0
1009.32	115.0
1085.04	115.0
1184.52	115.0
1248.32	115.0
206.24	116.0
330.08	116.0
768.56	116.0
1000.24	116.0
1144.64	116.0
33.72	116.0
85.12	116.0
96.8	116.0
108.4	116.0
120.16	116.0
142.4	116.0
147.56	116.0
151.84	116.0
156.04	116.0
182.04	116.0
210.84	116.0
220.8	116.0
230.84	116.0
246.56	116.0
267.96	116.0
281.04	116.0
295.52	116.0
310.4	116.0
313.16	116.0
321.64	116.0
327.2	116.0
342.04	116.0
346.48	116.0
349.56	116.0
377.88	116.0
380.4	116.0
383.36	116.0
392.48	116.0
475.8	116.0
597.04	116.0
602.56	116.0
676.56	116.0
680.0	116.0
694.48	116.0
722.84	116.0
752.48	116.0
758.64	116.0
791.24	116.0
823.2	116.0
828.0	116.0
862.4	116.0
864.92	116.0
890.28	116.0
945.68	116.0
949.24	116.0
971.92	116.0
975.0	116.0
996.08	116.0
1003.2	116.0
1016.12	116.0
1019.0	116.0
1152.44	116.0
1179.12	116.0
1211.44	116.0
1270.68	116.0
1456.6	116.0
1465.08	116.0
326.08	117.0
344.36	117.0
310.56	117.0
365.44	117.0
379.48	117.0
1058.4	117.0
229.92	118.0
314.2	118.0
347.88	118.0
410.08	118.0
946.24	118.0
996.84	118.0
323.04	118.0
328.96	118.0
343.6	118.0
790.64	118.0
1004.52	118.0
321.64	119.0
347.32	119.0
731.6	119.0
755.76	119.0
924.32	119.0
1114.12	120.0
38.52	120.0
91.24	120.0
101.44	120.0
139.2	120.0
181.28	120.0
208.0	120.0
215.32	120.0
264.48	120.0
270.44	120.0
283.08	120.0
308.84	120.0
322.36	120.0
331.04	120.0
775.92	120.0
855.44	120.0
862.48	120.0
888.32	120.0
950.88	120.0
1099.04	120.0
1162.36	120.0
1203.96	120.0
1214.84	120.0
