302.76	84.0
313.92	84.0
316.44	84.0
338.2	84.0
158.24	85.0
321.8	85.0
348.96	85.0
432.92	85.0
935.6	85.0
1063.28	85.0
1170.76	85.0
1237.16	85.0
1250.96	85.0
1271.44	85.0
1299.68	85.0
1319.44	85.0
1342.56	85.0
1361.36	85.0
1387.16	85.0
1430.24	85.0
1447.0	85.0
33.56	86.0
83.84	86.0
146.24	86.0
227.0	86.0
253.48	86.0
287.12	86.0
290.64	86.0
310.24	86.0
326.76	86.0
348.68	86.0
358.96	86.0
372.44	86.0
385.16	86.0
398.48	86.0
414.28	86.0
430.32	86.0
433.52	86.0
479.44	86.0
482.8	86.0
519.76	86.0
558.04	86.0
575.64	86.0
625.16	86.0
659.12	86.0
763.24	86.0
821.0	86.0
829.56	86.0
916.28	86.0
942.96	86.0
952.84	86.0
983.24	86.0
1000.6	86.0
1010.68	86.0
1029.92	86.0
1054.88	86.0
1057.76	86.0
1084.52	86.0
1096.36	86.0
1111.8	86.0
1125.64	86.0
1134.88	86.0
1143.88	86.0
1172.36	86.0
1181.68	86.0
1199.4	86.0
1217.4	86.0
1225.8	86.0
1232.52	86.0
1245.48	86.0
1267.0	86.0
1287.72	86.0
1297.56	86.0
1331.28	86.0
1386.52	86.0
1404.04	86.0
1433.24	86.0
1460.0	86.0
90.56	86.0
121.68	86.0
197.32	86.0
257.16	86.0
271.32	86.0
307.08	86.0
314.36	86.0
320.12	86.0
331.28	86.0
337.56	86.0
361.8	86.0
454.72	86.0
878.12	86.0
1065.88	86.0
1105.2	86.0
1203.8	86.0
1270.2	86.0
1464.36	86.0
197.6	87.0
211.04	87.0
306.76	87.0
324.08	87.0
327.68	87.0
331.92	87.0
336.84	87.0
342.36	87.0
363.2	87.0
375.08	87.0
395.88	87.0
913.88	87.0
926.88	87.0
1067.16	87.0
1082.96	87.0
1112.16	87.0
1147.0	87.0
1161.6	87.0
1208.6	87.0
1258.32	87.0
295.8	88.0
325.16	88.0
460.32	88.0
469.6	88.0
764.36	88.0
1100.8	88.0
1110.6	88.0
1194.4	88.0
1329.36	88.0
1444.8	89.0
165.48	89.0
314.88	89.0
329.72	89.0
386.12	89.0
585.48	89.0
958.4	89.0
1030.68	89.0
1060.4	89.0
1064.76	89.0
1178.76	89.0
1245.32	89.0
1288.8	89.0
1388.44	89.0
57.44	90.0
84.96	90.0
191.56	90.0
257.84	90.0
287.08	90.0
318.56	90.0
329.16	90.0
333.16	90.0
510.68	90.0
615.68	90.0
777.76	90.0
808.28	90.0
926.68	90.0
1093.52	90.0
1135.76	90.0
1199.44	90.0
1250.48	90.0
1253.56	90.0
1288.52	90.0
321.76	91.0
644.16	91.0
928.72	91.0
1082.96	91.0
11.52	92.0
32.44	92.0
134.4	92.0
188.44	92.0
286.64	92.0
317.0	92.0
329.2	92.0
349.16	92.0
367.88	92.0
428.96	92.0
488.2	92.0
591.16	92.0
639.48	92.0
672.28	92.0
705.8	92.0
764.88	92.0
930.72	92.0
958.0	92.0
1017.88	92.0
1069.52	92.0
1151.68	92.0
1237.6	92.0
1272.32	92.0
1300.88	92.0
1323.52	92.0
1361.48	92.0
1385.0	92.0
1428.52	92.0
1462.12	92.0
89.88	92.0
113.76	92.0
117.2	92.0
229.52	92.0
290.52	92.0
322.04	92.0
338.64	92.0
343.32	92.0
356.48	92.0
396.68	92.0
446.12	92.0
454.64	92.0
468.12	92.0
491.88	92.0
499.68	92.0
808.32	92.0
855.44	92.0
899.04	92.0
963.92	92.0
977.56	92.0
987.24	92.0
1020.44	92.0
1097.24	92.0
1122.64	92.0
1159.68	92.0
1173.12	92.0
1231.48	92.0
1249.96	92.0
1388.92	92.0
1442.48	92.0
124.08	93.0
171.6	93.0
433.04	93.0
458.6	93.0
638.96	93.0
744.96	93.0
797.48	93.0
897.16	93.0
1004.16	93.0
1175.36	93.0
1206.8	93.0
1220.76	93.0
1236.04	93.0
1270.32	93.0
1281.28	93.0
1300.8	93.0
1321.64	93.0
1361.16	93.0
1386.24	93.0
1414.24	93.0
1445.28	93.0
1460.28	93.0
302.88	93.0
487.04	93.0
1249.84	93.0
1339.68	93.0
166.52	94.0
302.48	94.0
876.08	94.0
1030.0	94.0
1105.2	94.0
201.08	94.0
239.76	94.0
272.96	94.0
315.72	94.0
329.28	94.0
347.44	94.0
363.48	94.0
388.96	94.0
459.88	94.0
660.24	94.0
929.56	94.0
1036.68	94.0
1060.6	94.0
1169.44	94.0
1228.44	94.0
1247.68	94.0
1306.4	94.0
1361.4	94.0
235.24	95.0
320.28	95.0
439.08	95.0
548.4	95.0
678.68	95.0
749.52	95.0
791.4	95.0
958.76	95.0
1088.16	95.0
1128.12	95.0
1176.0	95.0
1225.32	95.0
1253.16	95.0
1342.48	95.0
1361.8	95.0
1388.8	95.0
1414.68	95.0
1462.28	95.0
303.0	96.0
923.44	96.0
253.0	97.0
302.84	97.0
318.8	97.0
343.32	97.0
1126.12	97.0
1275.2	97.0
1199.24	98.0
1066.48	98.0
1223.72	98.0
1388.52	98.0
1449.48	98.0
113.44	99.0
139.64	99.0
172.96	99.0
193.12	99.0
206.04	99.0
231.72	99.0
259.24	99.0
302.8	99.0
309.44	99.0
316.76	99.0
322.88	99.0
329.36	99.0
342.04	99.0
626.8	99.0
751.28	99.0
837.4	99.0
1059.68	99.0
1107.96	99.0
1137.52	99.0
1188.36	99.0
1229.08	99.0
60.08	100.0
84.72	100.0
101.6	100.0
163.32	100.0
229.44	100.0
259.24	100.0
310.2	100.0
360.8	100.0
387.4	100.0
434.32	100.0
527.84	100.0
565.64	100.0
616.2	100.0
622.92	100.0
677.04	100.0
701.08	100.0
896.52	100.0
957.4	100.0
993.96	100.0
1039.56	100.0
1075.88	100.0
1153.52	100.0
1197.92	100.0
1269.0	100.0
114.24	101.0
347.2	102.0
430.36	103.0
1249.76	103.0
1363.92	103.0
400.6	103.0
1104.76	103.0
302.52	104.0
430.32	104.0
456.72	104.0
486.92	104.0
1149.76	104.0
1197.52	104.0
1218.28	104.0
1234.16	104.0
1249.72	104.0
1268.68	104.0
1320.04	104.0
1412.56	104.0
1458.6	104.0
115.84	104.0
137.24	104.0
168.16	104.0
191.24	104.0
234.04	104.0
270.04	104.0
310.6	104.0
315.2	104.0
321.44	104.0
327.52	104.0
337.08	104.0
346.2	104.0
361.84	104.0
438.28	104.0
520.8	104.0
835.28	104.0
938.12	104.0
1034.36	104.0
1062.08	104.0
1096.8	104.0
1161.64	104.0
1181.68	104.0
1290.88	104.0
1332.0	104.0
337.56	105.0
379.68	106.0
399.56	106.0
458.16	106.0
487.84	106.0
541.92	106.0
639.36	106.0
1176.28	106.0
1241.68	106.0
1253.84	106.0
1127.76	107.0
148.64	107.0
195.72	107.0
198.56	107.0
288.96	107.0
297.88	107.0
306.64	107.0
309.36	107.0
479.24	107.0
485.72	107.0
765.76	107.0
940.8	107.0
1037.56	107.0
1102.88	107.0
1168.56	107.0
1203.64	107.0
1224.84	107.0
1228.04	107.0
1249.28	107.0
1389.6	107.0
323.96	108.0
87.08	108.0
115.8	108.0
124.24	108.0
140.28	108.0
166.68	108.0
188.44	108.0
231.72	108.0
271.08	108.0
302.48	108.0
313.24	108.0
334.68	108.0
624.6	108.0
705.4	108.0
870.4	108.0
1000.92	108.0
1048.16	108.0
1067.24	108.0
1108.36	108.0
1127.96	108.0
1162.56	108.0
1206.64	108.0
1245.24	108.0
1456.2	108.0
172.04	109.0
561.4	109.0
1093.2	109.0
1387.88	109.0
58.04	109.0
302.56	109.0
668.92	109.0
933.0	109.0
230.76	110.0
299.84	110.0
310.52	110.0
167.16	110.0
336.16	110.0
1249.48	110.0
310.48	111.0
316.2	111.0
13.48	111.0
63.32	111.0
84.6	111.0
233.04	111.0
259.0	111.0
294.44	111.0
320.04	111.0
328.88	111.0
342.48	111.0
345.2	111.0
351.64	111.0
370.52	111.0
373.16	111.0
616.52	111.0
676.76	111.0
711.2	111.0
768.08	111.0
809.96	111.0
835.08	111.0
865.32	111.0
959.48	111.0
976.84	111.0
1013.2	111.0
1020.72	111.0
1131.28	111.0
1179.08	111.0
1274.48	111.0
1326.48	111.0
1364.76	111.0
1387.52	111.0
1464.8	111.0
315.52	112.0
1177.28	112.0
1460.96	112.0
88.08	112.0
309.0	112.0
311.76	112.0
339.0	112.0
370.92	112.0
381.36	112.0
433.48	112.0
446.76	112.0
557.64	112.0
576.76	112.0
748.28	112.0
923.04	112.0
1056.44	112.0
1127.04	112.0
1157.76	112.0
1219.0	112.0
1302.04	112.0
1363.68	112.0
1393.44	112.0
1448.52	112.0
347.64	113.0
1252.04	113.0
314.8	114.0
337.72	114.0
320.64	114.0
319.8	115.0
90.88	115.0
123.84	115.0
142.28	115.0
167.48	115.0
200.76	115.0
324.32	115.0
387.96	115.0
433.4	115.0
547.56	115.0
695.56	115.0
767.8	115.0
806.0	115.0
875.0	115.0
976.44	115.0
1080.08	115.0
1146.2	115.0
1157.72	115.0
1205.0	115.0
1254.04	115.0
1358.24	115.0
1404.12	115.0
385.2	116.0
387.72	116.0
749.48	116.0
1013.04	116.0
1061.04	116.0
1093.24	116.0
1115.92	116.0
1174.32	116.0
1270.08	116.0
11.28	116.0
58.56	116.0
88.04	116.0
104.4	116.0
115.76	116.0
130.28	116.0
135.04	116.0
168.92	116.0
172.04	116.0
198.24	116.0
201.44	116.0
244.32	116.0
258.76	116.0
266.92	116.0
310.48	116.0
315.6	116.0
323.36	116.0
328.8	116.0
337.2	116.0
350.68	116.0
431.24	116.0
449.0	116.0
570.2	116.0
642.16	116.0
657.0	116.0
680.56	116.0
693.76	116.0
720.6	116.0
768.6	116.0
796.56	116.0
805.8	116.0
831.44	116.0
845.32	116.0
861.04	116.0
894.64	116.0
992.84	116.0
1028.88	116.0
1043.52	116.0
1058.52	116.0
1081.48	116.0
1125.84	116.0
1179.72	116.0
1203.76	116.0
1235.8	116.0
1393.64	116.0
1421.12	116.0
1445.52	116.0
323.72	117.0
449.48	117.0
1249.64	117.0
315.2	118.0
285.68	118.0
327.96	118.0
335.48	118.0
357.04	118.0
378.52	118.0
1154.08	118.0
1177.44	118.0
1234.44	118.0
135.84	119.0
140.12	119.0
217.96	119.0
302.48	119.0
329.8	119.0
1126.16	119.0
1204.08	120.0
120.92	120.0
148.0	120.0
192.28	120.0
227.52	120.0
432.2	120.0
455.16	120.0
557.04	120.0
620.84	120.0
873.88	120.0
1022.6	120.0
1102.28	120.0
1107.08	120.0
1152.92	120.0
1176.72	120.0
1270.32	120.0
1343.6	120.0
1363.04	120.0
1447.88	120.0
