315.72	84.0
376.32	84.0
422.24	84.0
302.72	84.0
310.8	84.0
171.04	85.0
294.2	85.0
322.32	85.0
398.6	85.0
444.12	85.0
505.88	85.0
598.48	85.0
660.56	85.0
832.12	85.0
1099.96	85.0
17.76	86.0
32.6	86.0
42.08	86.0
72.16	86.0
112.8	86.0
176.96	86.0
206.16	86.0
222.72	86.0
252.48	86.0
313.88	86.0
328.96	86.0
333.16	86.0
342.08	86.0
375.12	86.0
407.52	86.0
537.64	86.0
580.2	86.0
619.12	86.0
662.04	86.0
719.12	86.0
829.92	86.0
951.84	86.0
957.04	86.0
985.84	86.0
1029.64	86.0
1051.2	86.0
1069.16	86.0
1093.36	86.0
1158.2	86.0
1180.2	86.0
1204.88	86.0
1236.52	86.0
319.6	86.0
325.2	86.0
337.8	86.0
353.76	86.0
357.4	86.0
364.72	86.0
378.52	86.0
447.76	86.0
26.84	87.0
343.36	87.0
495.2	87.0
514.64	87.0
534.24	87.0
557.04	87.0
725.8	87.0
5.36	87.0
313.84	87.0
317.12	87.0
320.04	87.0
323.04	87.0
325.96	87.0
329.72	87.0
333.36	87.0
337.68	87.0
350.88	87.0
360.68	87.0
377.88	87.0
406.4	87.0
435.2	87.0
445.44	87.0
546.12	87.0
560.92	87.0
588.24	87.0
619.12	87.0
628.32	87.0
704.48	87.0
929.08	87.0
956.72	87.0
302.92	88.0
622.44	88.0
727.68	88.0
178.2	88.0
266.44	88.0
276.2	88.0
309.52	88.0
312.64	88.0
326.4	88.0
355.08	88.0
478.44	88.0
598.48	88.0
813.96	88.0
921.4	88.0
1038.52	88.0
1118.56	88.0
141.72	89.0
229.52	89.0
322.2	89.0
335.56	89.0
356.36	89.0
361.56	89.0
372.6	89.0
389.6	89.0
1110.76	89.0
1178.96	89.0
54.24	90.0
124.48	90.0
212.8	90.0
313.0	90.0
321.8	90.0
334.08	90.0
349.24	90.0
355.52	90.0
362.6	90.0
408.24	90.0
420.76	90.0
460.48	90.0
1050.96	90.0
1067.44	90.0
1110.52	90.0
1141.12	90.0
1163.12	90.0
1210.4	90.0
352.8	91.0
315.08	91.0
321.04	91.0
75.16	92.0
143.44	92.0
220.76	92.0
312.24	92.0
319.68	92.0
327.96	92.0
330.48	92.0
342.4	92.0
352.72	92.0
362.76	92.0
380.12	92.0
392.44	92.0
413.48	92.0
429.8	92.0
450.16	92.0
464.16	92.0
471.92	92.0
483.76	92.0
502.04	92.0
518.52	92.0
542.32	92.0
569.52	92.0
594.48	92.0
615.96	92.0
640.4	92.0
658.36	92.0
682.28	92.0
702.92	92.0
729.16	92.0
774.24	92.0
808.76	92.0
814.88	92.0
835.0	92.0
858.16	92.0
899.68	92.0
921.76	92.0
942.84	92.0
973.96	92.0
1005.72	92.0
1008.92	92.0
1029.96	92.0
1061.72	92.0
1099.16	92.0
1125.76	92.0
1137.64	92.0
1155.4	92.0
1294.44	92.0
13.4	92.0
79.0	92.0
147.0	92.0
185.88	92.0
282.12	92.0
346.96	92.0
399.48	92.0
459.56	92.0
477.68	92.0
512.52	92.0
645.44	92.0
925.48	92.0
1034.16	92.0
1159.08	92.0
1179.04	92.0
1220.6	92.0
205.0	93.0
279.28	93.0
315.32	93.0
352.52	93.0
397.92	93.0
413.4	93.0
440.52	93.0
491.48	93.0
522.2	93.0
535.08	93.0
555.52	93.0
597.44	93.0
642.0	93.0
661.96	93.0
682.32	93.0
707.72	93.0
737.92	93.0
302.8	93.0
321.04	93.0
336.08	93.0
378.28	93.0
461.36	93.0
354.2	94.0
737.0	94.0
310.4	94.0
320.08	94.0
326.12	94.0
338.44	94.0
435.6	94.0
452.12	94.0
505.28	94.0
640.84	94.0
1016.48	94.0
1160.28	94.0
1213.16	94.0
68.08	95.0
262.6	95.0
310.16	95.0
339.8	95.0
356.68	95.0
380.48	95.0
521.96	95.0
542.44	95.0
559.08	95.0
584.88	95.0
616.04	95.0
662.8	95.0
684.72	95.0
704.8	95.0
740.8	95.0
928.72	95.0
1074.84	95.0
52.44	96.0
1088.84	97.0
302.48	97.0
308.4	97.0
318.52	97.0
345.96	97.0
365.2	97.0
377.76	97.0
684.96	97.0
972.64	97.0
308.2	98.0
322.92	99.0
302.6	99.0
308.28	99.0
312.12	99.0
315.92	99.0
320.12	99.0
328.36	99.0
331.08	99.0
335.48	99.0
339.44	99.0
344.08	99.0
349.04	99.0
355.84	99.0
590.76	99.0
627.04	99.0
673.84	99.0
696.2	99.0
849.48	99.0
310.56	100.0
318.56	100.0
323.04	100.0
354.44	100.0
1038.0	100.0
306.2	101.0
312.6	101.0
317.32	101.0
319.84	101.0
323.88	101.0
327.08	101.0
336.64	101.0
339.16	101.0
351.64	101.0
354.24	101.0
415.88	101.0
327.24	102.0
350.68	102.0
307.04	103.0
320.92	103.0
329.68	103.0
315.56	103.0
302.52	104.0
378.12	104.0
380.84	104.0
461.2	104.0
154.28	104.0
306.28	104.0
310.8	104.0
314.96	104.0
320.24	104.0
325.8	104.0
330.56	104.0
335.24	104.0
341.68	104.0
348.16	104.0
353.48	104.0
369.32	104.0
394.76	104.0
409.48	104.0
423.44	104.0
436.8	104.0
471.48	104.0
500.44	104.0
527.12	104.0
558.64	104.0
562.2	104.0
581.28	104.0
621.6	104.0
708.28	104.0
796.96	104.0
1119.2	104.0
21.8	106.0
76.64	106.0
167.92	106.0
321.56	106.0
411.16	106.0
469.56	106.0
491.28	106.0
1070.04	106.0
364.56	107.0
167.88	107.0
214.32	107.0
273.96	107.0
307.48	107.0
310.16	107.0
315.84	107.0
322.44	107.0
333.0	107.0
336.6	107.0
345.08	107.0
353.48	107.0
377.16	107.0
389.12	107.0
396.44	107.0
478.48	107.0
574.04	107.0
598.8	107.0
616.64	107.0
844.36	107.0
1013.28	107.0
1067.28	107.0
1096.64	107.0
1183.76	107.0
1188.0	107.0
302.96	108.0
330.24	108.0
316.28	108.0
324.48	108.0
348.36	108.0
364.32	108.0
381.8	108.0
407.72	108.0
456.0	108.0
563.64	108.0
711.96	108.0
323.32	109.0
1067.24	109.0
1110.32	109.0
302.52	109.0
309.84	109.0
348.28	109.0
354.96	109.0
372.6	109.0
401.32	109.0
709.68	109.0
735.4	109.0
310.56	110.0
314.0	110.0
316.88	110.0
345.68	110.0
351.4	110.0
391.92	110.0
400.56	110.0
619.8	110.0
129.72	110.0
320.92	110.0
325.84	110.0
362.64	110.0
371.96	110.0
680.32	110.0
894.72	110.0
1176.72	110.0
310.48	111.0
958.36	111.0
23.52	111.0
36.32	111.0
146.48	111.0
286.6	111.0
295.08	111.0
314.68	111.0
323.68	111.0
326.28	111.0
329.64	111.0
345.76	111.0
349.2	111.0
359.72	111.0
362.48	111.0
371.64	111.0
380.96	111.0
393.04	111.0
408.56	111.0
418.0	111.0
437.4	111.0
474.8	111.0
526.52	111.0
545.96	111.0
551.08	111.0
582.16	111.0
635.16	111.0
759.76	111.0
814.64	111.0
856.12	111.0
919.0	111.0
977.8	111.0
1035.64	111.0
1065.44	111.0
1078.04	111.0
1158.48	111.0
1169.08	111.0
1246.56	111.0
1298.4	111.0
314.76	112.0
50.04	112.0
107.92	112.0
309.0	112.0
311.84	112.0
328.88	112.0
362.92	112.0
385.52	112.0
390.72	112.0
485.92	112.0
620.32	112.0
1177.16	112.0
303.0	113.0
310.56	113.0
321.8	113.0
350.72	113.0
357.28	113.0
361.56	113.0
376.32	113.0
393.48	113.0
407.72	113.0
423.0	113.0
437.68	113.0
455.44	113.0
482.52	113.0
515.84	113.0
302.88	114.0
307.6	114.0
314.0	114.0
319.16	114.0
325.8	114.0
336.52	114.0
341.16	114.0
347.92	114.0
355.76	114.0
383.08	114.0
393.84	114.0
364.52	114.0
939.36	114.0
323.36	115.0
334.88	115.0
371.68	115.0
430.44	115.0
441.24	115.0
129.96	115.0
189.8	115.0
293.44	115.0
338.48	115.0
344.2	115.0
351.12	115.0
362.92	115.0
385.2	115.0
505.88	115.0
562.32	115.0
622.68	115.0
647.68	115.0
680.6	115.0
709.0	115.0
734.6	115.0
895.0	115.0
922.48	115.0
1005.56	115.0
1131.56	115.0
1161.16	115.0
1198.84	115.0
1260.76	115.0
227.56	116.0
330.16	116.0
372.76	116.0
396.16	116.0
81.84	116.0
112.52	116.0
224.64	116.0
246.96	116.0
250.0	116.0
299.16	116.0
311.44	116.0
315.4	116.0
318.04	116.0
321.12	116.0
327.12	116.0
333.96	116.0
336.88	116.0
341.0	116.0
348.8	116.0
353.96	116.0
356.8	116.0
380.2	116.0
401.08	116.0
413.8	116.0
419.76	116.0
440.6	116.0
877.36	116.0
960.84	116.0
1111.24	116.0
1128.52	116.0
1159.08	116.0
318.24	117.0
335.12	117.0
342.24	117.0
392.92	117.0
424.92	117.0
438.88	117.0
451.88	117.0
463.64	117.0
310.44	117.0
321.16	117.0
348.32	117.0
620.28	117.0
958.44	117.0
1100.0	117.0
618.28	118.0
314.84	118.0
319.92	118.0
324.64	118.0
327.56	118.0
336.56	118.0
340.6	118.0
351.88	118.0
355.52	118.0
362.96	118.0
378.48	118.0
381.2	118.0
402.08	118.0
427.36	118.0
439.56	118.0
447.44	118.0
465.04	118.0
503.8	118.0
529.04	118.0
594.36	118.0
646.56	118.0
680.16	118.0
706.0	118.0
757.28	118.0
786.64	118.0
884.32	118.0
922.64	118.0
1008.56	118.0
12.48	119.0
98.12	119.0
270.88	119.0
302.48	119.0
315.56	119.0
322.2	119.0
329.52	119.0
340.0	119.0
375.24	119.0
395.8	119.0
898.08	119.0
1009.72	119.0
1285.76	119.0
1327.04	119.0
330.96	120.0
2.52	120.0
213.24	120.0
306.84	120.0
317.44	120.0
320.8	120.0
336.08	120.0
341.04	120.0
348.12	120.0
357.28	120.0
390.28	120.0
427.36	120.0
566.76	120.0
931.0	120.0
1034.56	120.0
