398.28	84.0
598.44	84.0
302.76	84.0
318.2	84.0
1289.8	84.0
1292.6	84.0
1306.64	84.0
1318.4	84.0
237.6	85.0
327.84	85.0
452.72	85.0
579.0	85.0
666.16	85.0
1305.12	85.0
6.28	86.0
164.8	86.0
210.84	86.0
235.68	86.0
306.32	86.0
314.64	86.0
318.04	86.0
320.56	86.0
329.16	86.0
339.68	86.0
347.6	86.0
354.52	86.0
365.56	86.0
378.48	86.0
387.76	86.0
395.72	86.0
406.24	86.0
420.72	86.0
436.12	86.0
455.64	86.0
575.92	86.0
622.84	86.0
757.96	86.0
793.68	86.0
857.92	86.0
904.6	86.0
947.56	86.0
1274.48	86.0
1288.48	86.0
1297.76	86.0
1311.12	86.0
1327.44	86.0
1343.84	86.0
1355.76	86.0
310.92	86.0
333.04	86.0
342.2	86.0
372.72	86.0
425.6	86.0
551.16	86.0
636.56	86.0
663.52	86.0
1282.48	86.0
1292.48	86.0
1305.24	86.0
1319.8	86.0
1332.2	86.0
776.68	87.0
839.6	87.0
306.64	87.0
311.88	87.0
314.76	87.0
318.24	87.0
321.2	87.0
328.48	87.0
331.92	87.0
341.56	87.0
346.64	87.0
354.16	87.0
359.44	87.0
366.04	87.0
397.12	87.0
419.96	87.0
554.56	87.0
1276.4	87.0
1286.52	87.0
1291.36	87.0
1295.28	87.0
1307.68	87.0
1317.64	87.0
1323.88	87.0
1335.64	87.0
318.0	88.0
321.36	88.0
448.68	88.0
470.4	88.0
70.24	88.0
111.76	88.0
225.52	88.0
279.4	88.0
307.28	88.0
310.88	88.0
360.24	88.0
432.2	88.0
612.04	88.0
1016.96	88.0
1277.88	88.0
1288.24	88.0
1296.88	88.0
1315.0	88.0
1326.16	88.0
1337.04	88.0
1353.8	88.0
46.52	89.0
1276.36	89.0
1285.72	89.0
1306.08	89.0
1313.48	89.0
1329.6	89.0
156.04	89.0
306.04	89.0
313.16	89.0
319.44	89.0
327.96	89.0
341.08	89.0
359.0	89.0
438.04	89.0
551.4	89.0
1317.44	89.0
332.52	90.0
338.96	90.0
348.48	90.0
358.72	90.0
437.72	90.0
502.04	90.0
520.4	90.0
697.36	90.0
1285.0	90.0
1297.8	90.0
1305.24	90.0
1338.2	90.0
321.0	91.0
339.44	91.0
371.96	91.0
313.2	91.0
334.72	91.0
1315.04	91.0
302.92	92.0
312.28	92.0
322.04	92.0
340.6	92.0
343.36	92.0
358.32	92.0
364.76	92.0
373.28	92.0
386.96	92.0
403.32	92.0
408.4	92.0
427.2	92.0
445.64	92.0
459.24	92.0
474.56	92.0
486.4	92.0
499.2	92.0
515.44	92.0
531.32	92.0
546.56	92.0
612.6	92.0
1272.28	92.0
1284.56	92.0
1292.2	92.0
1296.04	92.0
1307.16	92.0
1315.24	92.0
1329.24	92.0
1334.68	92.0
1338.28	92.0
138.48	92.0
355.68	92.0
376.04	92.0
415.52	92.0
431.04	92.0
438.2	92.0
453.32	92.0
467.32	92.0
522.16	92.0
567.44	92.0
1266.84	92.0
1274.8	92.0
1287.52	92.0
1341.36	92.0
302.48	93.0
335.12	93.0
347.8	93.0
359.08	93.0
374.92	93.0
388.68	93.0
416.52	93.0
424.56	93.0
449.96	93.0
457.0	93.0
469.72	93.0
480.04	93.0
503.16	93.0
524.12	93.0
542.12	93.0
553.64	93.0
581.68	93.0
640.72	93.0
658.68	93.0
749.92	93.0
899.36	93.0
1339.76	93.0
302.56	94.0
358.88	94.0
1296.0	94.0
327.04	94.0
342.16	94.0
374.64	94.0
389.76	94.0
475.52	94.0
511.2	94.0
640.44	94.0
1276.4	94.0
1285.92	94.0
1307.04	94.0
1322.92	94.0
1344.88	94.0
25.04	95.0
95.84	95.0
214.92	95.0
583.48	95.0
725.32	95.0
759.12	95.0
806.84	95.0
900.56	95.0
1286.32	95.0
1339.0	95.0
320.08	96.0
481.0	96.0
541.2	96.0
567.72	96.0
597.64	96.0
659.36	96.0
731.28	96.0
821.0	96.0
893.68	96.0
1291.36	96.0
1305.6	96.0
1320.32	96.0
1334.28	96.0
302.44	97.0
308.28	97.0
318.44	97.0
344.68	97.0
398.0	97.0
422.92	97.0
705.64	97.0
857.68	97.0
1270.44	97.0
1280.48	97.0
1304.68	97.0
1317.8	97.0
1320.76	97.0
1333.08	97.0
1348.2	97.0
791.64	98.0
328.44	98.0
672.12	98.0
352.96	99.0
308.72	99.0
312.56	99.0
321.68	99.0
331.36	99.0
336.56	99.0
342.2	99.0
349.96	99.0
360.56	99.0
370.32	99.0
390.6	99.0
410.0	99.0
448.6	99.0
470.24	99.0
497.52	99.0
500.56	99.0
537.16	99.0
1278.12	99.0
1285.08	99.0
1288.96	99.0
1302.2	99.0
1310.88	99.0
1317.48	99.0
1331.16	99.0
1334.04	99.0
52.52	100.0
291.0	100.0
340.48	100.0
343.4	100.0
358.52	100.0
829.64	100.0
980.08	100.0
1288.64	100.0
1301.0	100.0
1334.84	100.0
314.16	101.0
320.76	101.0
328.68	101.0
341.04	101.0
368.92	101.0
372.96	101.0
396.8	101.0
412.76	101.0
428.0	101.0
449.84	101.0
465.68	101.0
500.68	101.0
518.72	101.0
536.52	101.0
549.96	101.0
571.4	101.0
1284.48	101.0
1315.28	101.0
1330.76	101.0
302.76	102.0
313.84	102.0
320.92	102.0
449.96	102.0
340.8	102.0
1286.84	102.0
327.24	103.0
1293.28	103.0
302.48	104.0
70.64	104.0
174.8	104.0
270.16	104.0
310.16	104.0
315.0	104.0
320.0	104.0
332.88	104.0
342.44	104.0
349.56	104.0
359.76	104.0
371.56	104.0
390.8	104.0
423.96	104.0
435.84	104.0
445.2	104.0
451.32	104.0
471.4	104.0
500.56	104.0
524.84	104.0
547.28	104.0
577.24	104.0
583.2	104.0
638.12	104.0
679.28	104.0
910.48	104.0
1282.36	104.0
1289.68	104.0
1298.08	104.0
1305.56	104.0
1314.96	104.0
1317.48	104.0
1330.08	104.0
1344.12	104.0
1350.76	104.0
319.92	106.0
329.56	106.0
395.56	106.0
1308.48	106.0
537.4	107.0
596.12	107.0
36.0	107.0
198.64	107.0
285.84	107.0
310.04	107.0
332.84	107.0
344.44	107.0
364.68	107.0
373.52	107.0
382.92	107.0
389.32	107.0
399.6	107.0
417.96	107.0
426.72	107.0
448.16	107.0
482.64	107.0
513.92	107.0
572.08	107.0
624.76	107.0
662.44	107.0
870.4	107.0
1277.84	107.0
1295.12	107.0
1306.92	107.0
1333.12	107.0
13.28	108.0
52.52	108.0
90.12	108.0
302.68	108.0
312.24	108.0
342.96	108.0
364.04	108.0
391.28	108.0
405.88	108.0
445.96	108.0
473.28	108.0
516.84	108.0
1291.56	108.0
1303.08	108.0
1310.76	108.0
1320.08	108.0
1330.0	108.0
1334.0	108.0
1347.92	108.0
332.24	109.0
520.2	109.0
1284.8	109.0
1297.64	109.0
1305.16	109.0
1316.92	109.0
362.68	109.0
612.96	109.0
1292.16	109.0
310.48	110.0
320.16	110.0
337.56	110.0
357.84	110.0
372.88	110.0
416.08	110.0
1302.88	110.0
1314.16	110.0
1328.64	110.0
1333.84	110.0
351.48	110.0
361.04	110.0
1291.24	110.0
1357.32	110.0
310.48	111.0
352.68	111.0
355.72	111.0
358.4	111.0
1307.96	111.0
1320.92	111.0
15.64	111.0
92.4	111.0
111.36	111.0
168.32	111.0
313.84	111.0
329.44	111.0
343.0	111.0
348.28	111.0
381.04	111.0
388.44	111.0
404.36	111.0
457.4	111.0
480.28	111.0
494.52	111.0
531.68	111.0
583.04	111.0
612.76	111.0
873.12	111.0
1273.2	111.0
1281.16	111.0
1294.36	111.0
1314.28	111.0
1341.28	111.0
238.24	112.0
308.96	112.0
312.12	112.0
329.68	112.0
354.84	112.0
357.68	112.0
400.68	112.0
422.28	112.0
549.04	112.0
648.92	112.0
743.4	112.0
773.2	112.0
792.04	112.0
302.52	113.0
311.28	113.0
314.92	113.0
333.08	113.0
342.72	113.0
355.44	113.0
366.28	113.0
376.76	113.0
412.88	113.0
435.36	113.0
452.72	113.0
477.76	113.0
498.88	113.0
519.72	113.0
544.16	113.0
1292.44	113.0
1303.72	113.0
302.92	114.0
306.0	114.0
313.72	114.0
319.08	114.0
335.12	114.0
340.96	114.0
369.24	114.0
464.88	114.0
1291.6	114.0
354.68	114.0
398.4	114.0
302.72	115.0
351.52	115.0
427.96	115.0
114.4	115.0
161.04	115.0
252.12	115.0
341.56	115.0
361.32	115.0
382.44	115.0
397.56	115.0
418.32	115.0
443.92	115.0
455.24	115.0
480.92	115.0
496.72	115.0
522.24	115.0
540.68	115.0
552.76	115.0
569.4	115.0
580.4	115.0
612.24	115.0
666.64	115.0
1291.44	115.0
1304.92	115.0
1321.52	115.0
1338.36	115.0
1357.64	115.0
321.4	116.0
1295.68	116.0
32.92	116.0
91.0	116.0
310.64	116.0
327.44	116.0
332.16	116.0
337.36	116.0
340.96	116.0
343.48	116.0
357.8	116.0
372.24	116.0
429.76	116.0
491.44	116.0
982.72	116.0
1265.96	116.0
1273.84	116.0
1280.92	116.0
1283.88	116.0
1289.04	116.0
1299.64	116.0
1303.4	116.0
1307.8	116.0
1310.6	116.0
1313.92	116.0
1317.68	116.0
1320.24	116.0
1329.48	116.0
1333.56	116.0
1346.44	116.0
1357.6	116.0
314.56	117.0
332.92	117.0
351.28	117.0
378.48	117.0
415.68	117.0
373.28	117.0
1286.92	117.0
1314.6	117.0
1321.0	117.0
312.52	118.0
323.56	118.0
329.4	118.0
336.36	118.0
421.24	118.0
509.6	118.0
1272.96	118.0
1285.56	118.0
1291.8	118.0
1300.44	118.0
1305.88	118.0
1314.76	118.0
1320.12	118.0
1329.88	118.0
1344.56	118.0
302.48	119.0
320.8	119.0
328.52	119.0
375.0	119.0
386.04	119.0
405.92	119.0
63.72	120.0
156.08	120.0
176.2	120.0
319.88	120.0
331.24	120.0
347.28	120.0
354.4	120.0
360.36	120.0
412.52	120.0
1293.6	120.0
1308.36	120.0
1319.52	120.0
1333.56	120.0
1347.68	120.0
