306.2	84.0
12.84	85.0
85.24	85.0
204.36	85.0
339.28	85.0
482.0	85.0
777.16	85.0
846.04	85.0
974.76	85.0
1134.12	85.0
1156.32	85.0
1308.36	85.0
1340.92	85.0
15.92	86.0
67.96	86.0
90.32	86.0
108.92	86.0
136.28	86.0
166.36	86.0
199.44	86.0
222.84	86.0
247.32	86.0
271.84	86.0
330.84	86.0
333.68	86.0
348.92	86.0
351.76	86.0
391.8	86.0
443.88	86.0
491.76	86.0
700.72	86.0
714.32	86.0
741.68	86.0
774.48	86.0
793.36	86.0
808.24	86.0
822.08	86.0
833.2	86.0
859.96	86.0
891.44	86.0
927.4	86.0
954.96	86.0
981.36	86.0
998.92	86.0
1021.32	86.0
1123.16	86.0
1160.88	86.0
1198.68	86.0
1240.36	86.0
1252.96	86.0
1255.76	86.0
1272.92	86.0
1281.24	86.0
1331.16	86.0
1360.12	86.0
1410.64	86.0
1413.16	86.0
1453.48	86.0
1465.36	86.0
188.6	86.0
214.08	86.0
307.44	86.0
311.6	86.0
320.44	86.0
426.12	86.0
640.44	86.0
731.4	86.0
764.76	86.0
798.44	86.0
842.32	86.0
866.92	86.0
905.68	86.0
1267.48	86.0
1298.16	86.0
723.16	87.0
7.48	87.0
31.0	87.0
164.36	87.0
204.56	87.0
228.72	87.0
275.72	87.0
308.44	87.0
319.84	87.0
644.92	87.0
675.08	87.0
706.0	87.0
714.8	87.0
738.56	87.0
764.2	87.0
808.96	87.0
869.08	87.0
928.24	87.0
1033.64	87.0
1094.64	87.0
1147.0	87.0
1184.72	87.0
1238.8	87.0
1307.2	87.0
1331.64	87.0
1416.08	87.0
1437.64	87.0
1468.8	87.0
221.48	88.0
349.36	88.0
400.92	88.0
634.48	88.0
814.44	88.0
147.16	88.0
319.52	88.0
330.2	88.0
353.72	88.0
393.76	88.0
422.64	88.0
459.52	88.0
763.72	88.0
811.56	88.0
882.36	88.0
896.64	88.0
933.2	88.0
1199.4	88.0
1257.36	88.0
1342.64	88.0
1387.4	88.0
1415.2	88.0
1442.84	88.0
113.28	89.0
200.92	89.0
320.44	89.0
723.8	89.0
777.08	89.0
807.84	89.0
818.08	89.0
872.48	89.0
1309.4	89.0
51.8	90.0
112.96	90.0
149.96	90.0
302.56	90.0
306.24	90.0
320.08	90.0
327.76	90.0
665.32	90.0
680.32	90.0
723.48	90.0
776.76	90.0
980.52	90.0
1202.44	90.0
1272.0	90.0
1415.08	90.0
1438.56	90.0
221.76	91.0
326.32	91.0
134.8	92.0
223.36	92.0
306.44	92.0
316.36	92.0
336.0	92.0
583.6	92.0
635.4	92.0
847.52	92.0
49.6	93.0
312.16	93.0
1339.36	93.0
1469.96	93.0
157.72	94.0
320.48	94.0
889.72	94.0
1335.76	94.0
1384.44	94.0
90.88	94.0
152.84	94.0
342.28	94.0
507.96	94.0
775.48	94.0
844.2	94.0
974.8	94.0
118.12	95.0
216.44	95.0
602.84	95.0
747.76	95.0
940.04	95.0
1323.8	95.0
1410.92	95.0
1389.0	96.0
476.96	96.0
775.24	96.0
809.76	96.0
662.72	97.0
771.64	97.0
778.16	97.0
1332.76	97.0
1442.0	97.0
203.64	97.0
391.96	97.0
428.32	97.0
496.32	97.0
928.32	97.0
1158.92	97.0
1375.56	97.0
13.36	98.0
332.88	98.0
1020.4	98.0
1179.2	98.0
48.56	99.0
222.44	99.0
302.48	99.0
306.92	99.0
313.4	99.0
319.88	99.0
328.72	99.0
336.68	99.0
351.64	99.0
642.08	99.0
730.96	99.0
1288.0	99.0
1339.72	99.0
463.88	100.0
604.52	100.0
750.76	100.0
1122.52	100.0
1385.04	100.0
1411.28	100.0
1433.24	100.0
1285.48	102.0
91.24	102.0
308.96	102.0
311.68	102.0
312.12	103.0
112.6	104.0
137.04	104.0
223.2	104.0
273.32	104.0
295.68	104.0
302.76	104.0
307.48	104.0
313.08	104.0
320.52	104.0
334.0	104.0
348.8	104.0
432.92	104.0
468.76	104.0
513.2	104.0
723.6	104.0
734.52	104.0
763.76	104.0
808.68	104.0
834.0	104.0
858.88	104.0
892.48	104.0
1103.84	104.0
1151.56	104.0
1177.36	104.0
1239.16	104.0
1269.4	104.0
1287.64	104.0
1308.12	104.0
1358.8	104.0
1370.56	104.0
1389.96	104.0
1410.88	104.0
1331.92	106.0
113.12	107.0
161.28	107.0
202.12	107.0
302.48	107.0
318.4	107.0
350.2	107.0
358.16	107.0
465.76	107.0
469.32	107.0
622.6	107.0
657.76	107.0
684.64	107.0
720.28	107.0
760.52	107.0
771.24	107.0
841.48	107.0
864.48	107.0
951.68	107.0
1038.2	107.0
1068.96	107.0
1085.2	107.0
1121.76	107.0
1177.8	107.0
1215.64	107.0
1367.08	107.0
1408.48	107.0
47.64	108.0
312.92	108.0
635.32	108.0
659.52	108.0
805.76	108.0
1147.68	108.0
90.6	109.0
807.32	109.0
962.24	109.0
310.48	110.0
762.16	110.0
1118.4	110.0
1217.96	110.0
73.48	110.0
353.64	110.0
383.72	110.0
403.24	110.0
1127.64	110.0
1287.6	110.0
135.88	111.0
1151.2	111.0
158.76	111.0
167.12	111.0
173.52	111.0
194.12	111.0
202.52	111.0
265.56	111.0
268.72	111.0
275.8	111.0
317.04	111.0
332.48	111.0
338.96	111.0
353.52	111.0
388.12	111.0
439.96	111.0
648.92	111.0
775.2	111.0
806.64	111.0
837.04	111.0
841.72	111.0
848.56	111.0
862.44	111.0
883.76	111.0
890.0	111.0
914.6	111.0
954.2	111.0
995.84	111.0
1097.32	111.0
1163.08	111.0
1199.72	111.0
1242.52	111.0
1271.52	111.0
1303.36	111.0
1322.12	111.0
1327.68	111.0
1459.6	111.0
1465.28	111.0
81.8	112.0
206.56	112.0
307.04	112.0
332.48	112.0
350.12	112.0
385.4	112.0
728.2	112.0
776.12	112.0
853.56	112.0
302.48	113.0
319.16	113.0
407.96	113.0
8.96	114.0
312.0	114.0
318.4	115.0
64.84	115.0
178.16	115.0
357.24	115.0
385.24	115.0
392.8	115.0
427.32	115.0
453.96	115.0
499.4	115.0
530.88	115.0
607.0	115.0
682.76	115.0
785.6	115.0
871.4	115.0
924.36	115.0
1172.12	115.0
1217.76	115.0
1374.24	115.0
1405.76	115.0
133.72	116.0
194.2	116.0
259.96	116.0
310.48	116.0
313.84	116.0
674.44	116.0
718.6	116.0
923.0	116.0
1145.24	116.0
1410.28	116.0
97.2	116.0
152.96	116.0
281.12	116.0
296.56	116.0
323.6	116.0
331.92	116.0
432.72	116.0
439.32	116.0
488.04	116.0
735.24	116.0
753.56	116.0
778.24	116.0
799.96	116.0
806.52	116.0
843.32	116.0
882.64	116.0
885.44	116.0
980.28	116.0
1041.76	116.0
1079.64	116.0
1087.32	116.0
1124.96	116.0
1135.96	116.0
1198.56	116.0
1306.44	116.0
1333.6	116.0
1368.8	116.0
1413.88	116.0
1436.48	116.0
328.04	117.0
135.88	117.0
339.32	117.0
471.64	117.0
762.56	117.0
964.08	117.0
1151.24	117.0
302.48	118.0
310.32	118.0
319.0	118.0
327.72	118.0
721.4	118.0
832.08	118.0
142.84	119.0
202.6	119.0
464.8	119.0
144.16	120.0
11.76	120.0
114.48	120.0
163.52	120.0
319.56	120.0
362.16	120.0
384.76	120.0
395.72	120.0
499.76	120.0
633.64	120.0
698.56	120.0
799.92	120.0
838.84	120.0
844.88	120.0
877.32	120.0
1241.16	120.0
1244.4	120.0
1300.56	120.0
1382.12	120.0
1408.2	120.0
1411.0	120.0
1460.64	120.0
