302.72	84.0
316.08	84.0
1007.72	84.0
1080.92	84.0
4.04	85.0
143.56	85.0
325.48	85.0
438.92	85.0
979.08	85.0
1043.4	85.0
1098.12	85.0
1232.08	85.0
1285.28	85.0
1303.96	85.0
1341.4	85.0
1354.64	85.0
3.4	86.0
25.72	86.0
52.16	86.0
100.16	86.0
137.92	86.0
225.64	86.0
262.6	86.0
271.16	86.0
296.28	86.0
315.28	86.0
320.72	86.0
329.76	86.0
358.36	86.0
383.56	86.0
404.96	86.0
433.6	86.0
444.4	86.0
496.88	86.0
971.56	86.0
1023.88	86.0
1038.76	86.0
1056.28	86.0
1071.88	86.0
1103.12	86.0
1125.28	86.0
1143.68	86.0
1173.52	86.0
1180.32	86.0
1225.12	86.0
1252.88	86.0
1266.68	86.0
1289.28	86.0
1318.4	86.0
1346.84	86.0
199.52	86.0
311.36	86.0
323.96	86.0
333.12	86.0
347.52	86.0
543.28	86.0
590.36	86.0
881.12	86.0
923.48	86.0
939.84	86.0
978.04	86.0
998.08	86.0
1000.8	86.0
1041.56	86.0
1061.44	86.0
1074.92	86.0
1110.12	86.0
1272.2	86.0
306.56	87.0
311.32	87.0
314.6	87.0
318.12	87.0
323.04	87.0
334.76	87.0
344.96	87.0
357.2	87.0
766.4	87.0
906.92	87.0
924.24	87.0
928.36	87.0
955.96	87.0
976.56	87.0
1009.44	87.0
1038.56	87.0
1046.2	87.0
1060.36	87.0
1073.52	87.0
1092.2	87.0
1165.48	87.0
1282.24	87.0
176.12	88.0
1041.24	88.0
11.48	88.0
56.04	88.0
93.96	88.0
146.2	88.0
263.68	88.0
299.04	88.0
315.08	88.0
337.56	88.0
341.4	88.0
359.08	88.0
420.92	88.0
440.56	88.0
452.32	88.0
522.6	88.0
573.48	88.0
1006.36	88.0
1061.24	88.0
1072.8	88.0
1106.2	88.0
1119.92	88.0
1253.88	88.0
1278.08	88.0
1318.24	88.0
236.2	89.0
330.28	89.0
933.48	89.0
990.6	89.0
1103.48	89.0
314.52	89.0
453.72	89.0
1016.8	89.0
1026.04	89.0
979.12	90.0
49.92	90.0
77.44	90.0
111.84	90.0
311.8	90.0
332.72	90.0
339.8	90.0
410.16	90.0
446.68	90.0
1064.44	90.0
1116.24	90.0
1174.88	90.0
1273.52	90.0
1298.64	90.0
318.48	91.0
394.68	91.0
985.28	91.0
1245.56	91.0
60.96	92.0
312.04	92.0
327.88	92.0
344.32	92.0
370.64	92.0
389.48	92.0
410.92	92.0
525.16	92.0
960.24	92.0
988.2	92.0
1012.84	92.0
1044.16	92.0
1070.96	92.0
1083.76	92.0
1103.32	92.0
1145.0	92.0
1180.48	92.0
1212.84	92.0
1231.64	92.0
1262.88	92.0
130.8	92.0
318.4	92.0
421.04	92.0
940.2	92.0
1003.32	92.0
1087.28	92.0
1091.68	92.0
1161.32	92.0
1200.8	92.0
1222.32	92.0
1235.52	92.0
1265.4	92.0
1274.92	92.0
1295.92	92.0
1326.16	92.0
1346.44	92.0
1067.24	93.0
1249.48	93.0
317.0	93.0
141.24	94.0
320.44	94.0
323.16	94.0
460.72	94.0
507.68	94.0
1025.24	94.0
1165.72	94.0
259.36	94.0
314.12	94.0
331.68	94.0
453.6	94.0
958.2	94.0
990.24	94.0
1008.88	94.0
1027.84	94.0
1039.96	94.0
1063.24	94.0
1106.56	94.0
1141.88	94.0
1203.4	94.0
1230.52	94.0
1259.96	94.0
1263.08	94.0
1303.56	94.0
1343.16	94.0
1087.44	95.0
1206.24	95.0
1351.16	95.0
767.68	96.0
308.24	96.0
1226.36	96.0
45.52	97.0
181.2	97.0
291.48	97.0
1127.04	97.0
1131.52	97.0
1219.44	97.0
120.0	97.0
137.56	97.0
240.24	97.0
296.2	97.0
302.48	97.0
317.84	97.0
325.12	97.0
924.52	97.0
1041.6	97.0
1062.64	97.0
1068.4	97.0
1099.6	97.0
1109.12	97.0
1351.68	97.0
296.52	98.0
302.68	98.0
361.88	98.0
923.96	98.0
1059.2	98.0
127.0	99.0
244.48	99.0
302.84	99.0
308.84	99.0
314.6	99.0
321.0	99.0
327.76	99.0
335.36	99.0
534.04	99.0
569.76	99.0
943.44	99.0
977.0	99.0
999.04	99.0
1010.76	99.0
1021.16	99.0
1035.36	99.0
1073.28	99.0
1155.64	99.0
1278.2	99.0
1316.48	99.0
9.08	100.0
125.12	100.0
201.32	100.0
215.64	100.0
237.12	100.0
341.72	100.0
368.04	100.0
389.56	100.0
409.88	100.0
957.88	100.0
979.04	100.0
1004.24	100.0
1028.8	100.0
1080.16	100.0
1105.44	100.0
1121.32	100.0
1175.8	100.0
1200.36	100.0
1240.36	100.0
1285.88	100.0
1322.24	100.0
357.12	101.0
1064.92	101.0
1105.28	102.0
316.92	103.0
348.12	103.0
1068.6	103.0
1101.04	103.0
302.52	104.0
339.04	104.0
992.6	104.0
1041.64	104.0
1068.52	104.0
1101.04	104.0
1281.16	104.0
53.36	104.0
268.32	104.0
310.64	104.0
315.28	104.0
320.52	104.0
326.72	104.0
335.08	104.0
349.36	104.0
419.04	104.0
454.0	104.0
472.68	104.0
546.28	104.0
934.72	104.0
978.72	104.0
1000.2	104.0
1016.48	104.0
1062.56	104.0
1114.08	104.0
1185.08	104.0
1227.64	104.0
1270.44	104.0
1336.2	104.0
382.56	106.0
1043.4	106.0
1073.68	106.0
1099.44	106.0
1317.92	106.0
1265.12	107.0
46.2	107.0
140.88	107.0
204.16	107.0
259.92	107.0
263.16	107.0
302.88	107.0
317.08	107.0
335.12	107.0
348.28	107.0
362.52	107.0
368.6	107.0
481.92	107.0
566.84	107.0
760.64	107.0
914.28	107.0
999.64	107.0
1003.24	107.0
1023.48	107.0
1039.92	107.0
1060.12	107.0
1104.92	107.0
1184.56	107.0
1256.48	107.0
1275.56	107.0
1287.36	107.0
1303.52	107.0
1334.16	107.0
75.12	108.0
104.24	108.0
127.96	108.0
264.56	108.0
302.48	108.0
319.12	108.0
345.48	108.0
372.88	108.0
920.72	108.0
936.16	108.0
961.04	108.0
976.08	108.0
981.76	108.0
993.56	108.0
1004.44	108.0
1024.28	108.0
1034.4	108.0
1064.8	108.0
1083.68	108.0
1123.56	108.0
1139.52	108.0
1163.56	108.0
1179.0	108.0
1203.4	108.0
1261.76	108.0
1289.04	108.0
197.88	109.0
248.48	109.0
308.64	109.0
311.52	109.0
332.44	109.0
409.96	109.0
445.72	109.0
497.2	109.0
978.12	109.0
1029.92	109.0
1273.2	109.0
302.52	109.0
341.16	109.0
1183.44	109.0
310.52	110.0
367.52	110.0
950.52	110.0
975.84	110.0
373.04	110.0
408.92	110.0
445.96	110.0
1006.08	110.0
1116.36	110.0
310.6	111.0
313.96	111.0
926.56	111.0
319.8	111.0
325.52	111.0
330.64	111.0
347.2	111.0
359.88	111.0
373.88	111.0
408.76	111.0
413.92	111.0
445.88	111.0
529.92	111.0
948.92	111.0
993.0	111.0
1017.84	111.0
1037.08	111.0
1087.84	111.0
1105.32	111.0
1116.24	111.0
1128.12	111.0
1229.0	111.0
1234.08	111.0
1297.96	111.0
1329.08	111.0
227.0	112.0
315.36	112.0
13.76	112.0
136.08	112.0
153.96	112.0
309.04	112.0
312.12	112.0
325.64	112.0
461.4	112.0
580.88	112.0
706.76	112.0
873.8	112.0
959.64	112.0
1023.16	112.0
1106.12	112.0
1161.16	112.0
1169.04	112.0
1206.4	112.0
1256.08	112.0
1279.72	112.0
1317.16	112.0
1345.56	112.0
317.56	113.0
1265.0	113.0
302.84	114.0
306.16	114.0
314.32	114.0
317.08	114.0
123.2	114.0
1333.64	114.0
461.4	115.0
975.32	115.0
1180.4	115.0
326.28	115.0
372.36	115.0
445.52	115.0
469.48	115.0
915.32	115.0
978.04	115.0
1006.32	115.0
1022.96	115.0
1041.8	115.0
1067.2	115.0
1115.4	115.0
1138.6	115.0
1163.36	115.0
1202.36	115.0
1240.32	115.0
1270.16	115.0
1322.28	115.0
1345.36	115.0
5.76	116.0
216.76	116.0
359.92	116.0
445.44	116.0
1036.96	116.0
1057.84	116.0
1161.8	116.0
1223.04	116.0
1309.28	116.0
14.32	116.0
19.16	116.0
128.16	116.0
182.96	116.0
259.08	116.0
261.6	116.0
265.32	116.0
311.16	116.0
315.2	116.0
320.12	116.0
324.56	116.0
333.36	116.0
341.0	116.0
343.8	116.0
350.32	116.0
392.48	116.0
410.72	116.0
461.6	116.0
904.12	116.0
914.76	116.0
932.4	116.0
959.24	116.0
965.88	116.0
977.0	116.0
982.08	116.0
991.16	116.0
994.12	116.0
1006.4	116.0
1015.0	116.0
1023.28	116.0
1026.68	116.0
1030.76	116.0
1040.24	116.0
1066.36	116.0
1082.48	116.0
1086.88	116.0
1089.92	116.0
1106.04	116.0
1115.4	116.0
1124.6	116.0
1129.56	116.0
1141.4	116.0
1153.96	116.0
1175.12	116.0
1182.44	116.0
1201.2	116.0
1205.12	116.0
1257.12	116.0
1265.24	116.0
1319.0	116.0
1345.68	116.0
1348.2	116.0
332.12	117.0
124.92	117.0
310.64	117.0
314.72	117.0
367.96	117.0
464.68	117.0
926.56	117.0
950.96	117.0
1012.4	117.0
227.16	118.0
313.04	118.0
322.0	118.0
332.68	118.0
343.48	118.0
949.12	118.0
975.68	118.0
995.92	118.0
1022.32	118.0
1041.2	118.0
1083.92	118.0
1231.36	118.0
1352.56	118.0
258.2	119.0
317.88	119.0
351.76	119.0
563.48	119.0
1037.72	119.0
1333.16	119.0
875.76	120.0
13.28	120.0
135.56	120.0
153.44	120.0
266.56	120.0
307.08	120.0
313.8	120.0
316.92	120.0
320.64	120.0
361.92	120.0
580.4	120.0
913.68	120.0
925.12	120.0
999.64	120.0
1030.84	120.0
1085.84	120.0
1185.72	120.0
1226.92	120.0
1271.4	120.0
1316.68	120.0
1333.28	120.0
1345.92	120.0
