286.4	84.0
1150.44	84.0
302.76	84.0
323.32	84.0
8.68	85.0
106.44	85.0
219.52	85.0
243.12	85.0
288.4	85.0
308.72	85.0
329.68	85.0
347.24	85.0
366.12	85.0
491.76	85.0
1352.84	85.0
6.84	86.0
27.96	86.0
38.8	86.0
91.36	86.0
101.28	86.0
129.32	86.0
147.52	86.0
162.88	86.0
165.72	86.0
179.96	86.0
207.56	86.0
222.52	86.0
231.6	86.0
256.8	86.0
269.4	86.0
281.88	86.0
314.12	86.0
322.24	86.0
332.4	86.0
340.2	86.0
1228.64	86.0
1239.48	86.0
1274.4	86.0
1284.6	86.0
1301.64	86.0
1319.24	86.0
1324.12	86.0
1343.04	86.0
1346.68	86.0
97.76	86.0
171.4	86.0
186.08	86.0
272.56	86.0
284.6	86.0
294.92	86.0
310.2	86.0
317.52	86.0
326.0	86.0
344.92	86.0
362.28	86.0
1152.68	86.0
1156.12	87.0
19.68	87.0
74.72	87.0
165.92	87.0
182.08	87.0
213.12	87.0
236.72	87.0
259.84	87.0
282.88	87.0
306.88	87.0
309.72	87.0
315.0	87.0
319.52	87.0
323.68	87.0
330.68	87.0
646.84	87.0
1202.32	87.0
1304.88	87.0
286.32	88.0
297.48	88.0
302.92	88.0
735.96	88.0
1283.48	88.0
8.68	88.0
37.44	88.0
89.2	88.0
177.64	88.0
208.24	88.0
244.72	88.0
250.24	88.0
259.12	88.0
277.88	88.0
340.48	88.0
372.68	88.0
1189.44	88.0
1200.08	88.0
372.68	89.0
845.56	89.0
46.96	89.0
69.56	89.0
84.92	89.0
92.16	89.0
103.76	89.0
153.6	89.0
178.4	89.0
208.72	89.0
242.76	89.0
259.68	89.0
309.52	89.0
642.8	89.0
903.84	89.0
1228.36	89.0
1283.08	89.0
198.36	90.0
314.6	90.0
69.28	90.0
120.28	90.0
153.36	90.0
178.04	90.0
202.8	90.0
226.08	90.0
242.48	90.0
259.36	90.0
309.2	90.0
322.36	90.0
328.56	90.0
358.68	90.0
409.92	90.0
871.6	90.0
895.32	90.0
1196.96	90.0
1241.36	90.0
1334.44	90.0
254.8	91.0
294.92	91.0
93.88	92.0
265.48	92.0
313.2	92.0
334.48	92.0
873.56	92.0
1024.64	92.0
54.76	92.0
101.92	92.0
169.84	92.0
281.4	92.0
286.44	92.0
302.48	92.0
309.28	92.0
317.2	92.0
337.72	92.0
355.76	92.0
649.48	92.0
845.24	92.0
892.6	92.0
896.12	92.0
1028.44	92.0
1259.76	92.0
1315.72	92.0
1334.72	93.0
327.52	94.0
182.76	94.0
293.64	94.0
1176.04	94.0
1347.6	94.0
103.44	95.0
182.0	95.0
290.76	95.0
309.48	95.0
358.2	95.0
1147.76	95.0
1280.96	95.0
285.96	97.0
166.28	97.0
302.44	97.0
307.2	97.0
1303.32	97.0
289.08	98.0
104.48	99.0
302.6	99.0
308.2	99.0
314.28	99.0
319.84	99.0
328.92	99.0
646.2	99.0
1145.12	99.0
37.52	100.0
60.68	100.0
198.28	100.0
379.0	100.0
526.84	100.0
711.16	100.0
815.56	100.0
1011.24	100.0
1253.56	100.0
1333.92	100.0
103.36	102.0
302.52	102.0
409.0	102.0
288.24	103.0
307.48	103.0
307.56	104.0
73.24	104.0
127.88	104.0
166.24	104.0
211.72	104.0
283.8	104.0
299.24	104.0
302.48	104.0
412.24	104.0
652.04	104.0
1147.12	104.0
1245.36	104.0
44.36	106.0
65.12	106.0
1286.2	106.0
13.4	107.0
40.68	107.0
179.16	107.0
239.8	107.0
247.92	107.0
277.36	107.0
317.04	107.0
1085.68	107.0
1088.24	107.0
1197.76	107.0
1242.04	107.0
102.8	108.0
208.6	108.0
284.2	108.0
296.8	108.0
302.48	108.0
311.96	108.0
413.04	108.0
657.92	108.0
873.24	108.0
1145.68	108.0
254.4	109.0
318.44	109.0
761.96	109.0
302.52	109.0
310.52	110.0
1209.64	110.0
68.2	110.0
397.8	110.0
310.52	111.0
314.24	111.0
66.08	111.0
103.12	111.0
133.4	111.0
166.56	111.0
182.24	111.0
239.16	111.0
319.44	111.0
338.32	111.0
1134.6	111.0
1201.16	111.0
1209.84	111.0
1263.08	111.0
66.4	112.0
407.24	112.0
7.04	112.0
292.72	112.0
309.0	112.0
311.88	112.0
342.76	112.0
351.76	112.0
388.6	112.0
1149.76	112.0
1162.4	112.0
1263.36	112.0
366.88	113.0
302.8	114.0
307.48	114.0
319.72	114.0
42.12	115.0
105.88	115.0
208.76	115.0
298.56	115.0
319.04	115.0
398.04	115.0
675.08	115.0
885.72	115.0
1006.92	115.0
1039.52	115.0
1296.92	115.0
1353.52	115.0
16.8	116.0
90.4	116.0
208.92	116.0
282.12	116.0
315.52	116.0
381.72	116.0
846.96	116.0
1254.24	116.0
4.28	116.0
63.84	116.0
102.6	116.0
132.88	116.0
201.76	116.0
231.76	116.0
254.64	116.0
300.0	116.0
318.96	116.0
324.48	116.0
358.28	116.0
374.0	116.0
646.88	116.0
656.84	116.0
716.44	116.0
719.68	116.0
860.6	116.0
871.56	116.0
876.4	116.0
901.08	116.0
931.4	116.0
991.28	116.0
994.08	116.0
1034.08	116.0
1126.88	116.0
1162.28	116.0
1166.96	116.0
1171.84	116.0
1196.88	116.0
1204.88	116.0
1228.96	116.0
1337.56	116.0
1349.28	116.0
1353.16	116.0
255.4	117.0
409.04	117.0
66.32	118.0
121.88	118.0
266.12	118.0
96.76	118.0
292.96	118.0
311.36	118.0
320.16	118.0
328.04	118.0
338.6	118.0
367.0	118.0
407.4	118.0
1208.0	118.0
1261.48	118.0
67.76	119.0
351.12	119.0
1150.76	119.0
1197.88	119.0
1279.04	119.0
1332.8	119.0
68.88	120.0
287.32	120.0
299.44	120.0
306.72	120.0
309.44	120.0
316.32	120.0
324.12	120.0
341.36	120.0
926.12	120.0
1149.24	120.0
1163.32	120.0
1166.0	120.0
