302.72	84.0
315.48	84.0
107.92	85.0
142.32	85.0
321.48	85.0
335.56	85.0
349.72	85.0
478.56	85.0
512.08	85.0
537.36	85.0
567.72	85.0
650.92	85.0
728.2	85.0
817.8	85.0
926.84	85.0
1036.16	85.0
51.2	86.0
101.04	86.0
162.96	86.0
186.12	86.0
240.84	86.0
298.64	86.0
325.0	86.0
339.0	86.0
342.68	86.0
354.36	86.0
366.36	86.0
369.44	86.0
399.08	86.0
423.8	86.0
680.84	86.0
816.92	86.0
951.64	86.0
968.64	86.0
993.88	86.0
1006.44	86.0
1029.48	86.0
1057.8	86.0
1078.08	86.0
1101.92	86.0
1122.04	86.0
1139.12	86.0
1170.88	86.0
1217.84	86.0
1242.2	86.0
1306.08	86.0
1319.52	86.0
1330.32	86.0
142.08	86.0
274.76	86.0
307.76	86.0
311.08	86.0
316.68	86.0
321.44	86.0
329.36	86.0
334.52	86.0
347.96	86.0
359.6	86.0
380.36	86.0
385.0	86.0
401.6	86.0
488.84	86.0
539.48	86.0
556.72	86.0
657.28	86.0
1133.8	86.0
1157.16	86.0
1180.56	86.0
1211.4	86.0
382.2	87.0
965.32	87.0
306.68	87.0
309.88	87.0
313.72	87.0
316.96	87.0
321.04	87.0
327.88	87.0
330.76	87.0
334.92	87.0
339.04	87.0
347.24	87.0
358.28	87.0
404.92	87.0
413.04	87.0
427.4	87.0
439.04	87.0
463.12	87.0
467.72	87.0
502.48	87.0
515.44	87.0
535.52	87.0
572.32	87.0
584.52	87.0
652.4	87.0
664.52	87.0
683.6	87.0
694.36	87.0
706.72	87.0
730.84	87.0
748.12	87.0
761.96	87.0
769.72	87.0
783.16	87.0
794.28	87.0
812.96	87.0
838.04	87.0
859.24	87.0
926.32	87.0
1030.12	87.0
1064.32	87.0
1110.04	87.0
1131.48	87.0
1211.8	87.0
1295.64	87.0
326.64	88.0
534.08	88.0
58.56	88.0
307.32	88.0
316.72	88.0
333.2	88.0
351.84	88.0
568.8	88.0
609.44	88.0
642.04	88.0
693.84	88.0
777.8	88.0
934.48	88.0
971.36	88.0
1088.6	88.0
1243.96	88.0
150.2	89.0
326.2	89.0
363.44	89.0
343.44	89.0
351.2	89.0
412.32	89.0
461.52	89.0
591.4	89.0
778.08	89.0
1026.72	89.0
1243.44	89.0
317.8	90.0
383.36	90.0
24.2	90.0
138.16	90.0
280.12	90.0
309.08	90.0
337.2	90.0
341.4	90.0
393.56	90.0
526.96	90.0
969.24	90.0
1006.8	90.0
1243.12	90.0
1257.4	90.0
1347.36	90.0
321.32	91.0
369.0	91.0
480.72	91.0
353.32	91.0
384.48	91.0
393.52	91.0
298.92	92.0
313.84	92.0
325.44	92.0
337.56	92.0
349.64	92.0
356.04	92.0
382.2	92.0
407.6	92.0
1006.2	92.0
1062.24	92.0
1095.76	92.0
259.32	92.0
308.76	92.0
317.72	92.0
328.88	92.0
342.2	92.0
346.2	92.0
386.8	92.0
420.08	92.0
437.08	92.0
444.72	92.0
468.68	92.0
483.64	92.0
503.32	92.0
518.4	92.0
521.16	92.0
530.48	92.0
537.84	92.0
581.44	92.0
617.52	92.0
629.52	92.0
670.64	92.0
733.24	92.0
775.72	92.0
922.04	92.0
976.48	92.0
1027.04	92.0
1044.28	92.0
1066.32	92.0
1098.64	92.0
1112.6	92.0
1243.48	92.0
196.28	93.0
264.84	93.0
316.56	93.0
323.64	93.0
337.36	93.0
352.44	93.0
363.88	93.0
376.96	93.0
392.12	93.0
404.12	93.0
428.52	93.0
459.48	93.0
470.8	93.0
480.68	93.0
508.16	93.0
518.6	93.0
570.84	93.0
616.4	93.0
655.04	93.0
669.72	93.0
695.32	93.0
733.8	93.0
1075.8	93.0
302.48	93.0
382.68	93.0
456.36	94.0
734.56	94.0
1073.24	94.0
1128.0	94.0
59.28	94.0
313.4	94.0
322.56	94.0
337.84	94.0
353.96	94.0
382.84	94.0
391.2	94.0
436.48	94.0
502.76	94.0
971.4	94.0
369.52	95.0
208.96	95.0
329.24	95.0
339.32	95.0
454.6	95.0
523.88	95.0
580.16	95.0
618.24	95.0
639.48	95.0
656.96	95.0
675.52	95.0
688.64	95.0
711.28	95.0
732.16	95.0
756.76	95.0
801.36	95.0
830.24	95.0
865.04	95.0
1055.36	95.0
1139.48	95.0
1204.56	95.0
1223.44	95.0
1286.16	95.0
1338.04	95.0
445.88	96.0
302.44	97.0
308.72	97.0
330.56	97.0
359.04	97.0
391.44	97.0
417.6	97.0
516.44	97.0
1194.6	97.0
302.72	98.0
1007.72	98.0
322.0	99.0
325.0	99.0
131.76	99.0
302.88	99.0
309.4	99.0
314.24	99.0
319.24	99.0
328.2	99.0
334.2	99.0
341.04	99.0
343.56	99.0
349.8	99.0
353.92	99.0
358.2	99.0
368.0	99.0
371.6	99.0
382.32	99.0
391.16	99.0
409.6	99.0
431.72	99.0
445.12	99.0
473.04	99.0
479.4	99.0
499.08	99.0
501.88	99.0
513.52	99.0
533.96	99.0
579.08	99.0
619.24	99.0
637.84	99.0
957.36	99.0
975.68	99.0
997.04	99.0
310.24	100.0
353.12	100.0
363.2	100.0
439.28	100.0
456.12	100.0
641.16	100.0
976.08	100.0
320.64	101.0
327.6	101.0
337.88	101.0
350.56	101.0
356.2	101.0
361.08	101.0
371.36	101.0
383.2	101.0
403.36	101.0
405.92	101.0
424.84	101.0
438.56	101.0
444.32	101.0
455.44	101.0
467.6	101.0
478.56	101.0
490.2	101.0
500.52	101.0
515.24	101.0
520.4	101.0
531.08	101.0
542.12	101.0
573.16	101.0
589.52	101.0
616.96	101.0
632.2	101.0
666.6	101.0
712.84	101.0
974.12	101.0
338.04	102.0
350.72	102.0
299.12	102.0
313.84	102.0
407.6	102.0
323.48	103.0
340.2	103.0
388.32	103.0
360.0	103.0
481.48	103.0
590.64	103.0
302.56	104.0
388.28	104.0
481.2	104.0
60.04	104.0
306.68	104.0
311.84	104.0
316.44	104.0
321.0	104.0
325.4	104.0
330.2	104.0
335.4	104.0
338.92	104.0
344.28	104.0
352.44	104.0
355.48	104.0
362.44	104.0
368.44	104.0
376.36	104.0
378.96	104.0
391.0	104.0
399.84	104.0
402.76	104.0
426.52	104.0
444.4	104.0
457.2	104.0
536.48	104.0
561.84	104.0
568.16	104.0
593.24	104.0
620.28	104.0
640.48	104.0
660.76	104.0
714.76	104.0
777.12	104.0
802.48	104.0
1078.44	104.0
1130.36	104.0
1171.96	104.0
1222.28	104.0
1285.72	104.0
1334.96	104.0
227.72	106.0
328.8	106.0
349.96	106.0
368.44	106.0
417.12	106.0
430.48	106.0
448.76	106.0
473.24	106.0
516.04	106.0
559.04	106.0
589.52	106.0
316.56	107.0
189.64	107.0
328.6	107.0
333.44	107.0
337.36	107.0
350.08	107.0
354.56	107.0
362.28	107.0
370.6	107.0
381.04	107.0
386.48	107.0
391.88	107.0
402.8	107.0
426.72	107.0
456.48	107.0
473.56	107.0
513.6	107.0
1057.72	107.0
1087.76	107.0
1132.84	107.0
1155.56	107.0
1283.08	107.0
1306.08	107.0
1348.48	107.0
325.0	108.0
316.52	108.0
337.48	108.0
363.44	108.0
379.48	108.0
407.24	108.0
440.88	108.0
468.04	108.0
494.2	108.0
673.68	108.0
695.44	108.0
717.72	108.0
742.6	108.0
767.76	108.0
1181.96	108.0
137.92	109.0
350.44	109.0
355.96	109.0
1136.88	109.0
1188.48	109.0
302.52	109.0
1055.32	109.0
1106.8	109.0
1243.88	109.0
310.56	110.0
337.0	110.0
340.36	110.0
349.32	110.0
445.08	110.0
454.76	110.0
517.76	110.0
316.68	110.0
387.16	110.0
407.48	110.0
493.2	110.0
310.52	111.0
313.96	111.0
60.6	111.0
90.44	111.0
234.36	111.0
279.12	111.0
299.48	111.0
328.96	111.0
349.48	111.0
361.64	111.0
391.44	111.0
411.68	111.0
427.48	111.0
467.64	111.0
480.12	111.0
516.48	111.0
528.44	111.0
553.72	111.0
570.24	111.0
581.0	111.0
591.12	111.0
654.76	111.0
670.2	111.0
721.88	111.0
733.88	111.0
776.2	111.0
1070.88	111.0
1094.04	111.0
1123.92	111.0
1175.48	111.0
1217.84	111.0
1223.32	111.0
1234.04	111.0
1260.76	111.0
1264.4	111.0
1282.2	111.0
1290.6	111.0
1332.64	111.0
1340.84	111.0
323.6	112.0
340.32	112.0
174.84	112.0
309.0	112.0
312.44	112.0
361.36	112.0
438.32	112.0
442.36	112.0
468.4	112.0
484.8	112.0
588.56	112.0
696.88	112.0
776.52	112.0
1127.8	112.0
1137.0	112.0
1220.0	112.0
1291.48	112.0
320.16	113.0
331.8	113.0
347.8	113.0
358.96	113.0
369.24	113.0
383.52	113.0
414.48	113.0
428.88	113.0
443.92	113.0
468.88	113.0
503.6	113.0
552.36	113.0
303.0	114.0
307.92	114.0
314.84	114.0
320.6	114.0
329.72	114.0
335.96	114.0
345.72	114.0
351.04	114.0
364.52	114.0
370.56	114.0
388.92	114.0
518.52	114.0
361.16	114.0
387.6	115.0
428.0	115.0
19.52	115.0
63.24	115.0
182.48	115.0
294.08	115.0
317.04	115.0
336.76	115.0
345.12	115.0
351.36	115.0
354.28	115.0
372.6	115.0
381.96	115.0
396.56	115.0
407.92	115.0
422.76	115.0
444.64	115.0
456.08	115.0
482.4	115.0
493.48	115.0
506.76	115.0
520.8	115.0
533.8	115.0
545.16	115.0
562.6	115.0
602.72	115.0
617.92	115.0
636.64	115.0
659.52	115.0
719.6	115.0
1110.68	115.0
1166.08	115.0
1351.16	115.0
96.68	116.0
278.8	116.0
317.24	116.0
341.72	116.0
507.68	116.0
102.0	116.0
284.24	116.0
312.36	116.0
321.36	116.0
324.24	116.0
328.6	116.0
335.16	116.0
337.68	116.0
349.0	116.0
358.56	116.0
363.56	116.0
373.52	116.0
380.44	116.0
387.92	116.0
401.92	116.0
518.32	116.0
976.32	116.0
983.0	116.0
1002.6	116.0
1053.2	116.0
1055.92	116.0
1061.36	116.0
1089.04	116.0
1186.56	116.0
1207.48	116.0
1242.44	116.0
317.48	117.0
324.32	117.0
336.2	117.0
346.0	117.0
392.56	117.0
501.28	117.0
340.84	117.0
349.88	117.0
365.96	117.0
468.12	117.0
1242.8	117.0
1186.36	118.0
21.56	118.0
161.92	118.0
277.52	118.0
312.8	118.0
322.28	118.0
325.44	118.0
328.4	118.0
333.88	118.0
343.0	118.0
346.36	118.0
365.96	118.0
398.08	118.0
588.12	118.0
637.6	118.0
774.6	118.0
1003.68	118.0
1072.52	118.0
1151.92	118.0
1218.52	118.0
1254.96	118.0
1281.4	118.0
1330.92	118.0
55.44	119.0
188.96	119.0
264.68	119.0
302.48	119.0
355.84	119.0
1058.0	119.0
1088.44	119.0
1128.56	119.0
1152.72	119.0
1176.16	119.0
1196.64	119.0
1219.8	119.0
1253.16	119.0
1278.04	119.0
1301.84	119.0
1329.16	119.0
59.08	120.0
293.8	120.0
322.88	120.0
335.0	120.0
338.64	120.0
347.12	120.0
360.88	120.0
371.0	120.0
381.04	120.0
391.0	120.0
409.08	120.0
419.84	120.0
543.92	120.0
737.48	120.0
1110.12	120.0
1127.28	120.0
1241.84	120.0
