302.72	84.0
316.32	84.0
588.2	84.0
329.84	85.0
338.44	85.0
352.6	85.0
367.2	85.0
374.12	85.0
404.08	85.0
415.8	85.0
426.84	85.0
501.48	85.0
536.2	85.0
565.52	85.0
694.32	85.0
719.48	85.0
739.32	85.0
780.36	85.0
932.64	85.0
1008.8	85.0
1023.88	85.0
1112.04	85.0
1349.48	85.0
1419.64	85.0
147.72	86.0
193.88	86.0
202.88	86.0
237.4	86.0
263.68	86.0
269.64	86.0
286.88	86.0
325.16	86.0
339.24	86.0
347.12	86.0
350.08	86.0
366.08	86.0
384.68	86.0
394.08	86.0
424.56	86.0
444.12	86.0
482.12	86.0
501.08	86.0
594.44	86.0
609.48	86.0
648.96	86.0
682.12	86.0
688.48	86.0
718.2	86.0
875.24	86.0
912.08	86.0
966.48	86.0
976.24	86.0
985.4	86.0
1001.64	86.0
1024.04	86.0
1046.16	86.0
1055.2	86.0
1067.16	86.0
1079.32	86.0
1089.68	86.0
1102.6	86.0
1135.24	86.0
1161.72	86.0
1175.84	86.0
1190.96	86.0
1205.92	86.0
1222.52	86.0
1240.84	86.0
1257.36	86.0
1312.56	86.0
1345.56	86.0
1377.56	86.0
1385.76	86.0
1393.88	86.0
1416.76	86.0
316.12	86.0
321.12	86.0
331.8	86.0
354.0	86.0
360.64	86.0
371.88	86.0
416.6	86.0
468.92	86.0
510.04	86.0
778.88	86.0
1093.96	86.0
1121.68	86.0
1165.48	86.0
145.28	87.0
188.16	87.0
320.64	87.0
337.72	87.0
574.04	87.0
605.72	87.0
641.72	87.0
701.2	87.0
1175.2	87.0
142.64	87.0
309.28	87.0
316.52	87.0
323.56	87.0
331.16	87.0
343.92	87.0
348.68	87.0
362.36	87.0
366.84	87.0
379.6	87.0
383.2	87.0
395.48	87.0
457.96	87.0
509.0	87.0
579.28	87.0
625.72	87.0
649.64	87.0
683.64	87.0
728.52	87.0
750.36	87.0
873.24	87.0
891.96	87.0
916.16	87.0
927.0	87.0
986.6	87.0
1015.6	87.0
1082.96	87.0
1109.56	87.0
1315.76	87.0
1415.92	87.0
348.2	88.0
366.24	88.0
1375.08	88.0
50.88	88.0
316.32	88.0
319.2	88.0
324.28	88.0
343.0	88.0
358.04	88.0
378.52	88.0
504.48	88.0
557.28	88.0
684.04	88.0
742.92	88.0
1000.84	88.0
1273.88	88.0
1352.08	88.0
129.68	89.0
201.52	89.0
258.68	89.0
323.6	89.0
333.8	89.0
361.28	89.0
446.24	89.0
455.2	89.0
495.68	89.0
546.64	89.0
589.72	89.0
904.12	89.0
958.8	89.0
1301.64	89.0
1418.24	89.0
380.6	90.0
3.88	90.0
163.08	90.0
323.28	90.0
344.8	90.0
355.64	90.0
361.52	90.0
398.24	90.0
589.36	90.0
628.36	90.0
667.76	90.0
1004.76	90.0
1345.28	90.0
1434.4	90.0
317.24	91.0
345.4	91.0
349.12	91.0
366.8	91.0
915.52	91.0
1227.6	91.0
1325.6	91.0
1445.84	91.0
25.56	92.0
141.52	92.0
282.72	92.0
313.12	92.0
325.0	92.0
333.64	92.0
341.28	92.0
348.04	92.0
382.24	92.0
427.64	92.0
471.92	92.0
662.44	92.0
766.44	92.0
950.24	92.0
1019.48	92.0
1061.84	92.0
1098.24	92.0
1140.48	92.0
1199.12	92.0
1373.68	92.0
1442.2	92.0
29.64	92.0
36.2	92.0
54.16	92.0
102.92	92.0
169.88	92.0
177.92	92.0
287.0	92.0
319.88	92.0
336.76	92.0
350.8	92.0
367.84	92.0
395.12	92.0
419.76	92.0
433.36	92.0
443.28	92.0
507.92	92.0
592.88	92.0
728.44	92.0
795.08	92.0
1047.8	92.0
1161.96	92.0
1230.28	92.0
1266.44	92.0
1329.72	92.0
53.04	93.0
68.72	93.0
172.8	93.0
190.8	93.0
323.2	93.0
348.24	93.0
1264.4	93.0
709.48	94.0
870.88	94.0
1080.92	94.0
1245.84	94.0
302.84	94.0
313.04	94.0
321.84	94.0
336.0	94.0
348.4	94.0
351.88	94.0
382.04	94.0
426.48	94.0
119.8	95.0
195.8	95.0
295.52	95.0
302.6	95.0
329.0	95.0
342.12	95.0
356.76	95.0
517.48	95.0
575.2	95.0
620.2	95.0
647.56	95.0
668.64	95.0
707.12	95.0
738.48	95.0
785.88	95.0
976.84	95.0
1043.8	95.0
1138.0	95.0
1253.96	95.0
1295.0	95.0
1342.96	95.0
1410.96	95.0
1113.88	96.0
1313.24	97.0
302.44	97.0
320.68	97.0
921.32	97.0
1070.8	97.0
266.08	98.0
302.68	98.0
339.28	98.0
1009.4	98.0
322.88	99.0
453.84	99.0
958.12	99.0
65.64	99.0
105.52	99.0
302.8	99.0
313.48	99.0
317.84	99.0
328.36	99.0
332.8	99.0
337.24	99.0
342.16	99.0
346.44	99.0
354.84	99.0
358.28	99.0
366.28	99.0
387.88	99.0
403.28	99.0
524.8	99.0
542.56	99.0
584.84	99.0
955.16	99.0
997.28	99.0
1088.56	99.0
1131.32	99.0
1161.4	99.0
1296.84	99.0
1332.16	99.0
135.44	100.0
310.84	100.0
347.88	100.0
400.12	100.0
519.92	100.0
602.12	100.0
765.24	100.0
931.56	100.0
1068.2	100.0
1188.88	100.0
1417.56	100.0
314.28	101.0
320.16	101.0
327.6	101.0
333.2	101.0
348.36	101.0
363.28	101.0
388.84	101.0
430.8	101.0
460.56	101.0
302.52	102.0
1116.76	102.0
1174.48	102.0
383.04	103.0
37.88	104.0
311.32	104.0
315.12	104.0
320.0	104.0
323.96	104.0
327.2	104.0
334.88	104.0
341.72	104.0
344.24	104.0
348.32	104.0
355.16	104.0
361.0	104.0
375.24	104.0
383.92	104.0
398.48	104.0
426.72	104.0
431.48	104.0
489.64	104.0
556.12	104.0
577.56	104.0
625.6	104.0
668.84	104.0
704.76	104.0
780.44	104.0
856.12	104.0
1009.08	104.0
1078.48	104.0
1096.04	104.0
1165.76	104.0
1348.52	104.0
1417.24	104.0
322.16	106.0
342.2	106.0
357.84	106.0
387.0	106.0
463.76	106.0
1136.52	106.0
321.04	107.0
58.2	107.0
233.84	107.0
302.96	107.0
317.96	107.0
343.48	107.0
351.0	107.0
359.28	107.0
384.2	107.0
395.0	107.0
472.28	107.0
527.64	107.0
707.56	107.0
828.6	107.0
976.4	107.0
1026.0	107.0
1049.96	107.0
1131.32	107.0
1196.36	107.0
1226.08	107.0
1346.24	107.0
1379.2	107.0
302.48	108.0
310.52	108.0
319.12	108.0
335.48	108.0
358.68	108.0
380.64	108.0
398.36	108.0
430.48	108.0
454.16	108.0
935.12	108.0
1072.6	108.0
1192.0	108.0
162.84	109.0
779.84	109.0
302.52	109.0
333.56	109.0
589.6	109.0
310.44	110.0
314.2	110.0
326.08	110.0
334.04	110.0
339.4	110.0
365.88	110.0
396.96	110.0
584.68	110.0
667.08	110.0
779.0	110.0
1189.48	110.0
350.16	110.0
487.56	110.0
729.08	110.0
1094.88	110.0
310.52	111.0
318.24	111.0
6.08	111.0
211.28	111.0
325.6	111.0
329.12	111.0
334.2	111.0
339.2	111.0
343.96	111.0
351.56	111.0
360.4	111.0
366.0	111.0
374.76	111.0
382.76	111.0
387.96	111.0
393.96	111.0
397.12	111.0
412.92	111.0
437.48	111.0
455.44	111.0
473.48	111.0
496.68	111.0
521.0	111.0
545.56	111.0
553.6	111.0
672.92	111.0
731.68	111.0
779.64	111.0
955.24	111.0
966.4	111.0
1014.04	111.0
1034.76	111.0
1059.24	111.0
1077.92	111.0
1101.44	111.0
1142.72	111.0
1189.64	111.0
1203.24	111.0
1256.2	111.0
1289.16	111.0
1389.52	111.0
1416.48	111.0
1438.0	111.0
245.92	112.0
274.48	112.0
309.0	112.0
311.96	112.0
334.56	112.0
371.64	112.0
382.52	112.0
518.76	112.0
568.92	112.0
610.12	112.0
759.88	112.0
1077.48	112.0
1107.36	112.0
1247.96	112.0
315.52	113.0
324.44	113.0
335.72	113.0
348.04	113.0
359.88	113.0
374.8	113.0
386.36	113.0
417.24	113.0
443.24	113.0
454.16	113.0
479.6	113.0
511.6	113.0
545.08	113.0
705.48	113.0
302.92	114.0
314.4	114.0
319.68	114.0
340.96	114.0
348.08	114.0
357.6	114.0
371.6	114.0
416.68	114.0
1070.24	114.0
467.0	114.0
1008.72	114.0
321.48	115.0
545.32	115.0
118.48	115.0
262.28	115.0
315.4	115.0
325.08	115.0
335.16	115.0
387.6	115.0
413.72	115.0
446.6	115.0
467.12	115.0
500.24	115.0
621.44	115.0
646.72	115.0
668.08	115.0
708.6	115.0
729.36	115.0
766.36	115.0
977.04	115.0
1095.12	115.0
1203.28	115.0
1245.08	115.0
1369.24	115.0
327.8	116.0
338.12	116.0
348.68	116.0
368.8	116.0
392.56	116.0
39.28	116.0
86.48	116.0
137.68	116.0
173.52	116.0
310.56	116.0
313.44	116.0
316.92	116.0
319.76	116.0
324.36	116.0
342.64	116.0
345.16	116.0
351.32	116.0
357.08	116.0
365.76	116.0
373.96	116.0
384.52	116.0
811.52	116.0
877.24	116.0
908.68	116.0
934.08	116.0
962.16	116.0
987.64	116.0
1161.52	116.0
1192.76	116.0
1203.28	116.0
1235.68	116.0
1293.56	116.0
1320.36	116.0
1376.8	116.0
1419.56	116.0
335.24	117.0
310.56	117.0
314.0	117.0
323.96	117.0
351.88	117.0
394.2	117.0
702.08	117.0
1188.16	117.0
317.56	118.0
324.04	118.0
339.16	118.0
383.76	118.0
930.6	118.0
1001.64	118.0
1414.28	118.0
204.96	118.0
313.56	118.0
321.52	118.0
332.96	118.0
345.04	118.0
352.0	118.0
358.12	118.0
370.72	118.0
373.24	118.0
395.52	118.0
507.84	118.0
544.16	118.0
571.16	118.0
586.32	118.0
625.0	118.0
664.84	118.0
700.28	118.0
777.4	118.0
850.6	118.0
1114.88	118.0
1188.04	118.0
1255.04	118.0
1342.48	118.0
51.96	119.0
158.52	119.0
302.48	119.0
348.76	119.0
359.4	119.0
385.48	119.0
760.4	119.0
1190.88	119.0
121.32	120.0
160.96	120.0
210.04	120.0
325.56	120.0
337.72	120.0
344.28	120.0
382.0	120.0
412.88	120.0
485.24	120.0
498.92	120.0
783.6	120.0
856.56	120.0
892.04	120.0
1187.24	120.0
1283.76	120.0
