302.72	84.0
47.72	85.0
65.8	85.0
185.04	85.0
224.56	85.0
319.0	85.0
329.16	85.0
455.08	85.0
490.56	85.0
712.24	85.0
885.88	85.0
910.32	85.0
1040.68	85.0
22.48	86.0
63.36	86.0
93.88	86.0
119.4	86.0
135.52	86.0
161.32	86.0
184.4	86.0
222.12	86.0
229.56	86.0
256.96	86.0
287.72	86.0
310.24	86.0
328.8	86.0
336.28	86.0
354.24	86.0
368.0	86.0
386.0	86.0
410.4	86.0
457.2	86.0
466.6	86.0
490.08	86.0
575.12	86.0
615.4	86.0
641.16	86.0
658.4	86.0
680.28	86.0
705.68	86.0
718.2	86.0
774.2	86.0
781.76	86.0
824.04	86.0
872.36	86.0
894.16	86.0
908.72	86.0
926.64	86.0
988.08	86.0
1038.72	86.0
307.16	86.0
315.6	86.0
321.56	86.0
343.2	86.0
370.96	86.0
429.92	86.0
101.12	87.0
325.96	87.0
615.56	87.0
23.52	87.0
46.24	87.0
60.76	87.0
92.88	87.0
109.32	87.0
126.72	87.0
201.88	87.0
234.2	87.0
255.28	87.0
306.8	87.0
312.48	87.0
316.08	87.0
320.6	87.0
338.08	87.0
864.92	87.0
951.48	87.0
108.76	88.0
277.0	88.0
302.96	88.0
306.2	88.0
602.08	88.0
132.28	88.0
205.04	88.0
226.4	88.0
317.4	88.0
329.36	88.0
344.28	88.0
359.56	88.0
373.64	88.0
376.72	88.0
521.48	88.0
620.28	88.0
828.88	88.0
837.0	88.0
1033.8	88.0
1194.0	88.0
710.36	89.0
64.16	89.0
130.04	89.0
184.52	89.0
306.2	89.0
310.64	89.0
343.04	89.0
671.28	89.0
902.24	89.0
967.56	89.0
1174.72	89.0
328.56	90.0
129.72	90.0
310.32	90.0
322.76	90.0
901.92	90.0
306.28	91.0
308.88	92.0
314.92	92.0
354.04	92.0
731.6	92.0
10.4	92.0
319.96	92.0
324.24	92.0
330.12	92.0
334.2	92.0
342.48	92.0
358.52	92.0
766.72	92.0
769.96	92.0
812.16	92.0
903.0	92.0
1072.4	92.0
49.08	93.0
68.68	93.0
99.48	93.0
487.36	93.0
545.6	93.0
781.96	93.0
936.64	93.0
1025.6	93.0
183.0	94.0
7.08	94.0
34.92	94.0
130.76	94.0
307.56	94.0
342.0	94.0
303.0	95.0
33.96	95.0
72.8	95.0
111.2	95.0
157.16	95.0
184.56	95.0
211.32	95.0
244.72	95.0
260.8	95.0
387.96	95.0
463.36	95.0
557.24	95.0
629.92	95.0
711.2	95.0
802.68	95.0
851.04	95.0
948.96	95.0
1010.4	95.0
183.76	96.0
324.36	96.0
372.48	96.0
422.32	96.0
98.56	97.0
302.8	97.0
616.08	97.0
220.28	98.0
302.92	98.0
567.2	98.0
95.04	98.0
257.16	98.0
326.16	98.0
909.4	98.0
72.56	99.0
145.56	99.0
302.8	99.0
308.88	99.0
313.88	99.0
320.04	99.0
329.04	99.0
750.8	99.0
420.8	100.0
95.88	100.0
319.28	100.0
321.8	102.0
326.72	103.0
302.48	104.0
9.28	104.0
21.12	104.0
48.28	104.0
262.48	104.0
306.6	104.0
312.32	104.0
318.92	104.0
329.96	104.0
341.76	104.0
552.44	104.0
622.44	104.0
830.0	104.0
890.88	104.0
16.48	106.0
457.4	106.0
313.44	107.0
33.32	107.0
44.84	107.0
114.6	107.0
140.32	107.0
230.32	107.0
302.8	107.0
322.36	107.0
332.64	107.0
351.16	107.0
754.16	107.0
802.2	107.0
13.24	108.0
139.0	108.0
313.28	108.0
967.56	108.0
1055.2	108.0
183.72	109.0
322.56	109.0
139.56	109.0
302.48	109.0
700.96	109.0
310.56	110.0
366.88	110.0
222.12	110.0
465.0	110.0
862.48	110.0
310.76	111.0
7.88	111.0
50.56	111.0
94.2	111.0
138.16	111.0
160.92	111.0
171.52	111.0
187.32	111.0
222.08	111.0
231.88	111.0
249.12	111.0
282.96	111.0
314.36	111.0
321.8	111.0
341.32	111.0
358.56	111.0
395.28	111.0
422.76	111.0
458.4	111.0
496.84	111.0
582.12	111.0
610.68	111.0
631.44	111.0
650.52	111.0
663.12	111.0
732.64	111.0
747.4	111.0
785.44	111.0
808.6	111.0
883.16	111.0
891.84	111.0
938.6	111.0
986.88	111.0
996.52	111.0
1058.16	111.0
20.84	112.0
118.32	112.0
309.0	112.0
312.0	112.0
326.52	112.0
352.2	112.0
362.48	112.0
367.28	112.0
422.4	112.0
514.24	112.0
632.04	112.0
937.48	112.0
303.0	113.0
307.68	113.0
10.12	114.0
302.8	114.0
315.36	114.0
163.0	114.0
81.84	115.0
17.68	115.0
55.2	115.0
105.68	115.0
132.76	115.0
166.12	115.0
188.24	115.0
206.84	115.0
256.88	115.0
279.84	115.0
317.92	115.0
337.8	115.0
368.76	115.0
403.08	115.0
430.72	115.0
465.24	115.0
514.0	115.0
555.76	115.0
597.52	115.0
654.64	115.0
700.4	115.0
726.6	115.0
754.44	115.0
790.6	115.0
828.96	115.0
862.76	115.0
901.12	115.0
1004.68	115.0
1075.76	115.0
254.56	116.0
743.52	116.0
43.4	116.0
62.48	116.0
74.32	116.0
95.76	116.0
132.68	116.0
159.4	116.0
183.8	116.0
198.88	116.0
229.8	116.0
310.76	116.0
314.08	116.0
317.48	116.0
322.56	116.0
333.52	116.0
395.96	116.0
494.64	116.0
654.2	116.0
825.6	116.0
886.36	116.0
932.28	116.0
989.56	116.0
1014.0	116.0
315.8	117.0
310.52	117.0
324.52	117.0
334.4	117.0
220.4	118.0
311.28	118.0
320.84	118.0
332.2	118.0
339.8	118.0
362.0	118.0
13.24	119.0
41.4	119.0
70.16	119.0
87.12	119.0
110.24	119.0
134.84	119.0
158.2	119.0
204.04	119.0
255.08	119.0
313.28	119.0
373.6	119.0
415.52	119.0
702.6	119.0
841.0	119.0
62.96	120.0
71.52	120.0
137.72	120.0
156.96	120.0
191.2	120.0
283.72	120.0
343.08	120.0
366.84	120.0
590.88	120.0
640.72	120.0
716.64	120.0
887.6	120.0
1032.04	120.0
1141.76	120.0
