302.8	84.0
822.12	84.0
407.24	85.0
492.44	85.0
650.96	85.0
676.64	85.0
705.04	85.0
726.96	85.0
827.96	85.0
306.92	86.0
313.16	86.0
315.68	86.0
327.52	86.0
330.32	86.0
335.8	86.0
347.32	86.0
367.88	86.0
398.52	86.0
428.64	86.0
431.24	86.0
513.68	86.0
584.44	86.0
607.32	86.0
624.36	86.0
637.16	86.0
641.84	86.0
653.56	86.0
662.84	86.0
696.44	86.0
714.88	86.0
734.24	86.0
776.56	86.0
793.32	86.0
813.24	86.0
831.48	86.0
844.12	86.0
862.52	86.0
883.52	86.0
905.2	86.0
929.48	86.0
952.48	86.0
979.96	86.0
1358.92	86.0
321.64	86.0
350.72	86.0
353.72	86.0
356.52	86.0
492.24	86.0
673.68	86.0
737.76	86.0
764.08	86.0
306.4	87.0
401.0	87.0
10.84	87.0
121.92	87.0
312.28	87.0
320.8	87.0
325.88	87.0
332.08	87.0
357.04	87.0
640.8	87.0
717.52	87.0
738.08	87.0
746.72	87.0
755.76	87.0
823.36	87.0
1338.6	87.0
1388.04	87.0
1411.28	87.0
1433.36	87.0
1441.04	87.0
9.0	88.0
17.12	88.0
28.4	88.0
52.56	88.0
71.72	88.0
107.0	88.0
341.76	88.0
365.24	88.0
563.52	88.0
623.32	88.0
789.6	88.0
1189.68	88.0
1324.08	88.0
1378.44	88.0
1445.72	88.0
302.48	89.0
363.56	89.0
20.56	89.0
315.2	89.0
342.48	89.0
373.8	89.0
523.8	89.0
588.72	89.0
645.44	89.0
696.92	89.0
768.36	89.0
1182.6	89.0
1427.52	89.0
202.04	90.0
596.0	90.0
309.68	90.0
327.76	90.0
523.52	90.0
628.16	90.0
754.2	90.0
776.76	90.0
786.12	90.0
1295.76	90.0
364.08	91.0
1007.12	91.0
1187.92	91.0
312.96	92.0
321.56	92.0
342.48	92.0
367.2	92.0
414.0	92.0
646.92	92.0
741.92	92.0
766.84	92.0
866.36	92.0
939.84	92.0
1206.12	92.0
1276.76	92.0
1385.64	92.0
1429.84	92.0
32.76	92.0
45.08	92.0
62.88	92.0
127.72	92.0
217.48	92.0
345.48	92.0
355.76	92.0
370.04	92.0
390.6	92.0
605.0	92.0
680.04	92.0
708.6	92.0
745.76	92.0
787.84	92.0
803.8	92.0
809.92	92.0
819.76	92.0
884.48	92.0
907.8	92.0
925.32	92.0
954.16	92.0
1012.64	92.0
1184.36	92.0
1261.16	92.0
1301.92	92.0
1357.44	92.0
1389.08	92.0
1433.84	92.0
315.04	93.0
542.52	93.0
303.0	93.0
710.52	94.0
331.96	94.0
584.12	94.0
713.92	94.0
848.0	94.0
1339.08	94.0
302.48	95.0
609.28	95.0
715.92	95.0
746.88	95.0
811.52	95.0
1281.2	95.0
1442.12	95.0
763.88	96.0
841.36	96.0
302.48	97.0
308.44	97.0
416.56	97.0
647.84	97.0
674.32	97.0
700.72	97.0
726.0	97.0
768.04	97.0
847.04	97.0
867.96	97.0
951.64	97.0
308.64	98.0
302.88	99.0
309.88	99.0
315.24	99.0
322.12	99.0
332.8	99.0
540.92	99.0
670.2	99.0
682.8	99.0
711.84	99.0
742.8	99.0
1422.12	99.0
55.88	100.0
114.48	100.0
180.16	100.0
202.0	100.0
210.36	100.0
227.08	100.0
313.84	100.0
346.68	100.0
447.84	100.0
595.96	100.0
707.68	100.0
742.0	100.0
302.68	101.0
866.4	102.0
1429.92	102.0
302.52	104.0
7.24	104.0
48.0	104.0
160.08	104.0
247.4	104.0
306.36	104.0
313.36	104.0
319.04	104.0
326.48	104.0
335.2	104.0
348.56	104.0
376.48	104.0
384.28	104.0
419.12	104.0
439.24	104.0
451.28	104.0
525.56	104.0
626.4	104.0
665.32	104.0
718.28	104.0
744.92	104.0
748.24	104.0
762.24	104.0
796.84	104.0
820.76	104.0
872.84	104.0
124.28	106.0
612.36	106.0
676.8	106.0
703.84	106.0
770.0	106.0
257.0	107.0
319.48	107.0
332.56	107.0
373.84	107.0
764.2	107.0
963.72	107.0
1399.2	107.0
302.68	108.0
306.32	108.0
348.32	108.0
399.96	108.0
621.2	108.0
710.84	108.0
745.08	108.0
777.56	108.0
791.0	108.0
819.44	108.0
327.52	109.0
373.32	109.0
540.0	109.0
928.24	109.0
310.52	110.0
351.28	110.0
366.92	110.0
793.56	110.0
469.32	110.0
543.08	110.0
988.76	110.0
310.52	111.0
670.68	111.0
750.12	111.0
819.68	111.0
12.84	111.0
45.84	111.0
314.68	111.0
320.44	111.0
326.28	111.0
345.96	111.0
351.4	111.0
418.68	111.0
443.44	111.0
650.44	111.0
700.4	111.0
827.32	111.0
942.8	111.0
1026.72	111.0
1221.76	111.0
309.0	112.0
311.92	112.0
609.16	112.0
306.36	114.0
85.56	114.0
12.32	115.0
49.8	115.0
319.84	115.0
420.76	115.0
469.56	115.0
738.92	115.0
759.6	115.0
794.76	115.0
822.16	115.0
856.68	115.0
896.64	115.0
942.16	115.0
989.04	115.0
1277.4	115.0
1416.96	115.0
738.84	116.0
774.08	116.0
792.04	116.0
895.0	116.0
1246.44	116.0
1323.72	116.0
205.16	116.0
310.56	116.0
313.8	116.0
320.6	116.0
329.2	116.0
331.72	116.0
336.6	116.0
341.24	116.0
405.32	116.0
510.88	116.0
598.88	116.0
684.36	116.0
696.48	116.0
699.0	116.0
710.44	116.0
715.8	116.0
733.52	116.0
744.72	116.0
757.4	116.0
786.8	116.0
807.04	116.0
848.64	116.0
889.64	116.0
972.32	116.0
1151.76	116.0
1190.92	116.0
1227.76	116.0
1317.0	116.0
1365.16	116.0
1394.2	116.0
1428.04	116.0
320.28	117.0
328.72	117.0
670.68	117.0
721.88	117.0
750.2	117.0
794.0	117.0
86.44	118.0
137.84	118.0
313.16	118.0
320.12	118.0
333.96	118.0
347.08	118.0
377.6	118.0
383.8	118.0
446.48	118.0
519.76	118.0
522.36	118.0
735.08	118.0
760.36	118.0
787.76	118.0
871.16	118.0
1272.24	118.0
1340.0	118.0
522.4	119.0
687.0	119.0
334.76	119.0
759.24	119.0
1018.64	119.0
1219.24	119.0
1343.72	119.0
1395.12	119.0
302.48	120.0
29.24	120.0
102.72	120.0
322.4	120.0
404.64	120.0
425.32	120.0
668.24	120.0
738.64	120.0
783.12	120.0
798.6	120.0
1172.48	120.0
1271.68	120.0
