302.72	84.0
306.08	84.0
325.44	85.0
345.92	85.0
429.48	85.0
459.76	85.0
505.32	85.0
3.64	86.0
25.84	86.0
306.8	86.0
316.16	86.0
318.68	86.0
322.88	86.0
326.84	86.0
337.52	86.0
346.96	86.0
352.04	86.0
365.52	86.0
377.0	86.0
383.68	86.0
415.76	86.0
426.48	86.0
468.52	86.0
507.16	86.0
615.36	86.0
309.32	86.0
331.8	86.0
343.04	86.0
355.16	86.0
368.16	86.0
458.04	86.0
466.12	87.0
307.36	87.0
311.8	87.0
314.6	87.0
318.52	87.0
324.28	87.0
329.76	87.0
339.52	87.0
356.2	87.0
374.12	87.0
428.88	87.0
321.76	88.0
70.24	88.0
109.32	88.0
318.64	88.0
337.8	88.0
361.0	88.0
419.88	88.0
7.4	89.0
44.92	89.0
71.8	89.0
109.84	89.0
319.48	89.0
324.64	89.0
327.72	89.0
391.56	89.0
433.6	89.0
451.92	89.0
309.2	90.0
324.28	90.0
352.72	90.0
376.32	90.0
425.64	90.0
451.6	90.0
321.6	91.0
16.16	92.0
312.76	92.0
327.88	92.0
335.92	92.0
341.36	92.0
349.96	92.0
368.36	92.0
431.88	92.0
19.6	92.0
176.28	92.0
319.12	92.0
322.12	92.0
380.16	92.0
445.16	92.0
77.08	93.0
310.84	93.0
391.64	93.0
302.92	93.0
323.72	94.0
355.32	94.0
499.24	94.0
17.32	95.0
307.8	95.0
342.92	95.0
302.56	96.0
365.32	97.0
302.52	97.0
306.68	97.0
77.2	98.0
309.92	99.0
314.8	99.0
321.28	99.0
326.12	99.0
336.96	99.0
345.84	99.0
326.36	100.0
352.28	100.0
323.32	101.0
324.12	103.0
302.96	103.0
318.08	103.0
302.68	104.0
307.16	104.0
311.56	104.0
316.88	104.0
325.64	104.0
331.56	104.0
339.76	104.0
353.64	104.0
302.48	106.0
462.8	106.0
497.0	106.0
525.16	106.0
311.96	107.0
307.2	107.0
322.32	107.0
325.44	107.0
341.64	107.0
347.92	107.0
366.08	107.0
302.48	108.0
317.08	108.0
386.16	108.0
425.88	108.0
320.36	109.0
324.0	109.0
338.68	109.0
425.44	109.0
310.48	110.0
334.4	110.0
402.36	110.0
528.96	110.0
310.48	111.0
315.4	111.0
318.44	111.0
324.08	111.0
331.56	111.0
371.32	111.0
377.2	111.0
389.2	111.0
402.48	111.0
435.6	111.0
496.04	111.0
514.44	111.0
309.0	112.0
311.8	112.0
324.24	112.0
343.16	112.0
351.84	112.0
387.8	112.0
514.28	112.0
322.44	113.0
347.44	113.0
306.4	114.0
322.04	114.0
342.72	114.0
345.24	114.0
53.6	115.0
320.72	115.0
338.76	115.0
406.48	115.0
475.0	115.0
326.76	116.0
28.96	116.0
310.44	116.0
313.12	116.0
320.28	116.0
323.32	116.0
334.92	116.0
345.84	116.0
348.68	116.0
357.48	116.0
377.32	116.0
434.44	116.0
486.6	116.0
321.4	117.0
310.52	117.0
345.92	117.0
377.6	117.0
320.68	118.0
323.76	118.0
330.04	118.0
355.32	118.0
373.96	118.0
302.48	119.0
345.6	119.0
485.12	119.0
387.32	120.0
