302.76	84.0
318.24	84.0
334.04	84.0
1320.2	84.0
11.32	85.0
74.88	85.0
143.88	85.0
267.84	85.0
356.28	85.0
432.08	85.0
556.52	85.0
618.44	85.0
716.04	85.0
782.36	85.0
817.68	85.0
921.56	85.0
984.28	85.0
1030.04	85.0
1212.12	85.0
1308.96	85.0
35.64	86.0
267.76	86.0
307.48	86.0
334.16	86.0
350.84	86.0
365.4	86.0
391.4	86.0
418.76	86.0
453.88	86.0
488.92	86.0
606.0	86.0
694.72	86.0
745.56	86.0
759.16	86.0
833.72	86.0
873.2	86.0
891.88	86.0
920.64	86.0
1006.68	86.0
1053.36	86.0
1103.8	86.0
1143.52	86.0
1174.4	86.0
1242.68	86.0
1289.32	86.0
145.2	86.0
310.6	86.0
317.4	86.0
328.56	86.0
338.84	86.0
342.84	86.0
373.8	86.0
700.84	86.0
836.64	86.0
895.28	86.0
961.12	86.0
1010.76	86.0
1203.52	86.0
306.76	87.0
957.12	87.0
1005.88	87.0
1072.32	87.0
1103.0	87.0
1279.72	87.0
1303.96	87.0
4.88	87.0
145.4	87.0
269.84	87.0
326.56	87.0
374.28	87.0
462.08	87.0
505.52	87.0
671.24	87.0
676.08	87.0
724.0	87.0
760.16	87.0
771.48	87.0
871.04	87.0
883.64	87.0
921.36	87.0
949.48	87.0
971.68	87.0
991.04	87.0
1106.56	87.0
1258.2	87.0
1267.28	87.0
1297.56	87.0
796.6	88.0
887.0	88.0
1131.04	88.0
205.84	89.0
329.04	89.0
116.84	89.0
226.56	89.0
266.0	89.0
324.68	89.0
400.68	89.0
598.0	89.0
701.04	89.0
772.52	89.0
814.68	89.0
840.08	89.0
1181.92	89.0
579.52	90.0
979.8	90.0
1104.12	90.0
10.04	90.0
226.28	90.0
302.52	90.0
313.6	90.0
316.84	90.0
553.0	90.0
700.76	90.0
814.4	90.0
886.04	90.0
933.88	90.0
947.52	90.0
958.44	90.0
983.64	90.0
1048.2	90.0
1131.88	90.0
736.36	91.0
9.64	92.0
69.52	92.0
125.96	92.0
183.48	92.0
266.76	92.0
326.84	92.0
340.6	92.0
403.28	92.0
421.56	92.0
450.04	92.0
476.88	92.0
499.04	92.0
629.4	92.0
707.12	92.0
746.24	92.0
773.12	92.0
828.72	92.0
863.24	92.0
933.8	92.0
978.96	92.0
1173.28	92.0
13.68	92.0
73.92	92.0
212.56	92.0
234.96	92.0
249.92	92.0
271.52	92.0
306.8	92.0
335.68	92.0
384.36	92.0
455.32	92.0
503.0	92.0
659.24	92.0
712.8	92.0
839.28	92.0
883.96	92.0
919.48	92.0
937.68	92.0
1025.96	92.0
1048.48	92.0
1096.92	92.0
1132.92	92.0
1164.0	92.0
1210.72	92.0
1242.12	92.0
1261.2	92.0
1268.48	92.0
1293.48	92.0
1334.72	92.0
60.48	93.0
266.6	93.0
287.44	93.0
462.0	93.0
525.2	93.0
546.16	93.0
690.24	93.0
737.72	93.0
845.04	93.0
921.36	93.0
943.28	93.0
1027.92	93.0
1059.76	93.0
1082.96	93.0
8.76	93.0
645.48	94.0
845.72	94.0
268.2	94.0
311.56	94.0
329.08	94.0
343.72	94.0
382.48	94.0
557.0	94.0
648.8	94.0
850.8	94.0
869.52	94.0
921.16	94.0
981.12	94.0
995.2	94.0
1007.32	94.0
1026.88	94.0
1104.88	94.0
1130.12	94.0
1136.64	94.0
1180.0	94.0
136.4	95.0
464.24	95.0
491.0	95.0
804.48	95.0
957.44	95.0
1024.88	95.0
1242.64	95.0
1322.16	95.0
329.76	96.0
1007.92	96.0
317.88	97.0
911.24	97.0
1004.84	97.0
302.84	97.0
358.16	97.0
457.68	97.0
613.08	97.0
759.96	97.0
812.08	97.0
872.24	97.0
923.44	97.0
962.4	97.0
1059.04	97.0
1062.32	97.0
756.44	98.0
310.2	98.0
331.8	98.0
577.0	98.0
644.96	98.0
746.96	98.0
1238.84	98.0
605.32	99.0
17.84	99.0
79.32	99.0
144.76	99.0
247.12	99.0
302.76	99.0
308.88	99.0
314.64	99.0
320.44	99.0
326.52	99.0
335.52	99.0
773.6	99.0
854.04	99.0
889.96	99.0
952.96	99.0
1048.92	99.0
1079.84	99.0
1107.16	99.0
1137.16	99.0
124.48	100.0
255.24	100.0
319.2	100.0
418.48	100.0
462.36	100.0
519.92	100.0
622.56	100.0
717.2	100.0
817.32	100.0
859.44	100.0
908.96	100.0
950.0	100.0
1294.36	100.0
1308.16	100.0
704.32	101.0
302.48	104.0
342.12	104.0
111.6	104.0
235.8	104.0
309.84	104.0
314.48	104.0
319.84	104.0
325.68	104.0
332.2	104.0
520.12	104.0
650.48	104.0
718.04	104.0
792.24	104.0
877.04	104.0
939.16	104.0
1016.24	104.0
1042.64	104.0
1078.12	104.0
1223.16	104.0
1270.8	104.0
1310.56	104.0
1322.04	104.0
363.72	106.0
872.2	106.0
1261.56	107.0
171.92	107.0
235.88	107.0
262.92	107.0
310.52	107.0
317.08	107.0
653.32	107.0
700.56	107.0
756.96	107.0
845.44	107.0
873.76	107.0
954.76	107.0
962.08	107.0
987.2	107.0
1003.16	107.0
1009.68	107.0
1025.72	107.0
1069.72	107.0
1102.32	107.0
1134.04	107.0
1175.6	107.0
1200.84	107.0
1207.2	107.0
1257.84	107.0
1277.12	107.0
1300.92	107.0
52.28	108.0
118.64	108.0
130.4	108.0
261.76	108.0
302.64	108.0
313.88	108.0
330.16	108.0
422.68	108.0
466.08	108.0
524.44	108.0
610.96	108.0
626.52	108.0
645.52	108.0
726.68	108.0
862.88	108.0
914.72	108.0
954.96	108.0
957.84	108.0
983.44	108.0
1028.84	108.0
1106.64	108.0
1137.68	108.0
1179.32	108.0
1300.44	108.0
141.16	109.0
182.16	109.0
277.12	109.0
627.72	109.0
933.56	109.0
1130.16	109.0
310.48	110.0
322.12	110.0
336.28	110.0
233.52	110.0
408.64	110.0
1103.88	110.0
310.48	111.0
12.2	111.0
34.76	111.0
69.24	111.0
103.08	111.0
130.12	111.0
142.24	111.0
183.0	111.0
228.0	111.0
232.0	111.0
267.76	111.0
277.6	111.0
329.44	111.0
343.2	111.0
352.24	111.0
355.52	111.0
424.88	111.0
453.44	111.0
479.92	111.0
501.72	111.0
526.76	111.0
561.08	111.0
657.96	111.0
701.32	111.0
711.04	111.0
750.84	111.0
775.88	111.0
791.04	111.0
832.64	111.0
851.8	111.0
865.8	111.0
937.32	111.0
961.04	111.0
981.8	111.0
1026.28	111.0
1131.36	111.0
1134.28	111.0
1176.72	111.0
1212.12	111.0
1219.88	111.0
1271.24	111.0
1277.64	111.0
1301.28	111.0
1308.44	111.0
1320.52	111.0
10.96	112.0
231.56	112.0
309.0	112.0
312.2	112.0
336.72	112.0
376.24	112.0
403.96	112.0
851.6	112.0
944.6	112.0
1058.24	112.0
1077.12	112.0
1188.4	112.0
1246.12	112.0
302.96	114.0
315.48	114.0
318.44	114.0
1179.56	114.0
171.16	114.0
688.08	114.0
923.2	114.0
1007.28	114.0
327.88	115.0
343.32	115.0
233.76	115.0
366.96	115.0
782.68	115.0
1080.52	115.0
869.44	116.0
1130.52	116.0
1133.6	116.0
44.24	116.0
138.6	116.0
142.08	116.0
198.04	116.0
224.96	116.0
264.8	116.0
276.8	116.0
311.16	116.0
316.28	116.0
325.0	116.0
330.28	116.0
337.56	116.0
342.12	116.0
355.84	116.0
376.28	116.0
434.4	116.0
465.32	116.0
521.8	116.0
557.96	116.0
606.04	116.0
625.52	116.0
628.2	116.0
698.4	116.0
703.2	116.0
733.88	116.0
739.4	116.0
768.88	116.0
849.2	116.0
862.32	116.0
865.84	116.0
912.4	116.0
918.76	116.0
945.04	116.0
1029.48	116.0
1103.76	116.0
1138.24	116.0
1208.52	116.0
1231.96	116.0
1264.72	116.0
1297.24	116.0
1321.68	116.0
334.6	117.0
310.48	117.0
317.28	117.0
1087.8	117.0
1133.04	117.0
226.24	118.0
314.96	118.0
322.32	118.0
336.6	118.0
359.72	118.0
302.48	119.0
349.36	119.0
433.68	119.0
228.92	120.0
75.92	120.0
138.8	120.0
141.6	120.0
170.76	120.0
302.68	120.0
306.8	120.0
336.96	120.0
354.88	120.0
389.72	120.0
559.84	120.0
623.88	120.0
922.92	120.0
947.96	120.0
983.28	120.0
998.64	120.0
1076.48	120.0
1108.96	120.0
1215.4	120.0
1269.4	120.0
1276.2	120.0
