329.2	84.0
302.76	84.0
99.84	85.0
320.12	85.0
820.96	85.0
854.68	85.0
929.24	85.0
947.84	85.0
1021.24	85.0
1137.28	85.0
1169.76	85.0
1197.68	85.0
1324.04	85.0
10.68	86.0
43.92	86.0
48.32	86.0
64.08	86.0
101.4	86.0
130.28	86.0
136.12	86.0
166.84	86.0
215.36	86.0
221.76	86.0
228.04	86.0
250.4	86.0
270.08	86.0
299.6	86.0
343.2	86.0
371.0	86.0
439.08	86.0
454.6	86.0
471.28	86.0
497.44	86.0
583.2	86.0
592.44	86.0
611.04	86.0
625.84	86.0
726.08	86.0
748.44	86.0
774.12	86.0
789.4	86.0
814.76	86.0
859.56	86.0
867.16	86.0
883.28	86.0
904.8	86.0
952.52	86.0
972.52	86.0
982.08	86.0
1020.6	86.0
1041.0	86.0
1059.92	86.0
1077.0	86.0
1102.84	86.0
1125.4	86.0
1132.6	86.0
1141.08	86.0
1159.88	86.0
1192.28	86.0
1216.2	86.0
1227.88	86.0
1243.64	86.0
1292.88	86.0
309.72	86.0
313.16	86.0
316.24	86.0
324.96	86.0
332.0	86.0
525.0	86.0
961.52	86.0
859.88	87.0
77.4	87.0
98.56	87.0
110.52	87.0
134.28	87.0
142.68	87.0
193.68	87.0
240.6	87.0
248.0	87.0
307.28	87.0
321.4	87.0
330.36	87.0
339.52	87.0
361.44	87.0
428.28	87.0
520.92	87.0
640.6	87.0
812.52	87.0
905.84	87.0
911.48	87.0
930.56	87.0
967.12	87.0
982.88	87.0
1008.88	87.0
1081.32	87.0
1085.56	87.0
1161.12	87.0
1299.68	87.0
1328.88	87.0
915.64	88.0
946.48	88.0
9.08	88.0
59.32	88.0
123.64	88.0
133.36	88.0
296.2	88.0
308.4	88.0
316.8	88.0
338.36	88.0
396.76	88.0
423.48	88.0
442.72	88.0
489.08	88.0
569.48	88.0
625.72	88.0
731.12	88.0
770.8	88.0
836.16	88.0
966.24	88.0
1001.96	88.0
1033.6	88.0
1068.76	88.0
1079.6	88.0
1107.44	88.0
1140.92	88.0
1159.48	88.0
1192.56	88.0
1221.36	88.0
1280.72	88.0
1295.4	88.0
1336.2	88.0
203.6	89.0
425.68	89.0
12.0	89.0
263.56	89.0
340.44	89.0
369.64	89.0
396.52	89.0
652.84	89.0
1007.24	89.0
1037.32	89.0
1224.04	89.0
1305.56	89.0
299.84	90.0
315.56	90.0
573.32	90.0
746.04	90.0
901.52	90.0
1283.88	90.0
236.88	91.0
302.96	91.0
392.52	91.0
306.4	92.0
311.16	92.0
319.8	92.0
345.0	92.0
1223.52	92.0
54.2	92.0
332.0	92.0
348.68	92.0
826.88	92.0
1035.76	92.0
302.68	93.0
1035.4	94.0
1190.56	94.0
1195.12	94.0
107.0	94.0
306.64	94.0
751.56	94.0
76.88	95.0
89.48	95.0
178.32	95.0
206.04	95.0
291.8	95.0
302.6	95.0
314.92	95.0
583.76	95.0
729.6	95.0
794.0	95.0
912.24	95.0
966.48	95.0
1161.84	95.0
1204.96	95.0
1240.32	95.0
302.56	96.0
306.04	96.0
711.84	97.0
885.12	97.0
1021.36	97.0
1084.16	97.0
1152.88	97.0
1187.12	97.0
50.48	97.0
124.36	97.0
217.2	97.0
302.44	97.0
347.12	97.0
394.56	97.0
616.68	97.0
764.52	97.0
823.32	97.0
887.8	97.0
127.64	98.0
1103.96	98.0
302.8	98.0
440.8	98.0
691.4	98.0
211.44	99.0
239.2	99.0
302.92	99.0
309.08	99.0
316.2	99.0
322.48	99.0
333.76	99.0
735.44	99.0
1084.08	99.0
82.2	100.0
132.44	100.0
193.64	100.0
310.88	100.0
318.6	100.0
472.28	100.0
624.48	100.0
764.24	100.0
783.4	100.0
849.36	100.0
969.8	100.0
1072.24	100.0
1083.92	100.0
1160.84	100.0
147.4	103.0
302.52	104.0
93.2	104.0
108.76	104.0
162.88	104.0
237.64	104.0
260.64	104.0
310.28	104.0
320.84	104.0
330.24	104.0
383.24	104.0
427.52	104.0
446.6	104.0
532.4	104.0
810.12	104.0
886.2	104.0
961.96	104.0
988.12	104.0
1035.96	104.0
1079.08	104.0
1107.96	104.0
1135.64	104.0
1198.48	104.0
1224.76	104.0
64.92	106.0
104.2	106.0
1084.4	106.0
328.88	107.0
394.4	107.0
25.44	107.0
65.56	107.0
181.08	107.0
245.48	107.0
308.6	107.0
320.56	107.0
357.44	107.0
485.64	107.0
520.2	107.0
721.52	107.0
804.04	107.0
864.6	107.0
926.64	107.0
996.52	107.0
1043.16	107.0
87.44	108.0
207.88	108.0
302.52	108.0
314.04	108.0
487.36	108.0
816.48	108.0
853.4	108.0
1282.52	108.0
815.56	109.0
976.6	109.0
308.52	109.0
476.2	109.0
199.56	110.0
310.48	110.0
322.08	110.0
447.16	110.0
264.96	110.0
334.2	110.0
425.6	110.0
502.76	110.0
589.52	110.0
926.36	110.0
954.04	110.0
1046.64	110.0
1134.04	110.0
1224.08	110.0
310.52	111.0
30.72	111.0
354.12	111.0
370.16	111.0
507.12	111.0
775.4	111.0
810.68	111.0
854.84	111.0
862.8	111.0
953.72	111.0
1076.36	111.0
1083.52	111.0
1131.4	111.0
1175.28	111.0
1238.96	111.0
146.72	112.0
186.72	112.0
228.2	112.0
309.0	112.0
312.16	112.0
589.92	112.0
1197.28	112.0
313.6	113.0
302.96	114.0
306.0	114.0
314.6	114.0
583.36	114.0
649.16	114.0
1001.64	114.0
170.64	115.0
236.08	115.0
1134.0	115.0
1165.16	115.0
1177.8	115.0
60.2	115.0
136.08	115.0
265.2	115.0
319.84	115.0
372.52	115.0
403.16	115.0
487.84	115.0
503.04	115.0
546.0	115.0
626.48	115.0
662.24	115.0
717.08	115.0
887.92	115.0
926.6	115.0
954.28	115.0
989.0	115.0
1046.96	115.0
1224.4	115.0
1287.72	115.0
27.04	116.0
49.76	116.0
102.92	116.0
810.32	116.0
85.0	116.0
141.96	116.0
148.12	116.0
196.88	116.0
210.56	116.0
216.88	116.0
244.68	116.0
314.12	116.0
318.2	116.0
326.12	116.0
334.56	116.0
345.6	116.0
349.2	116.0
441.64	116.0
476.0	116.0
517.52	116.0
623.04	116.0
626.12	116.0
737.52	116.0
786.92	116.0
852.4	116.0
885.92	116.0
936.2	116.0
970.32	116.0
1003.48	116.0
1160.32	116.0
1164.64	116.0
1201.0	116.0
1223.4	116.0
1264.72	116.0
369.84	117.0
31.04	117.0
393.2	117.0
574.28	117.0
1223.32	117.0
321.0	118.0
311.64	118.0
326.92	118.0
1132.56	118.0
1228.4	118.0
1329.52	118.0
329.72	119.0
339.48	119.0
366.56	119.0
887.48	119.0
320.56	120.0
240.92	120.0
249.68	120.0
306.48	120.0
651.0	120.0
714.04	120.0
725.48	120.0
904.76	120.0
956.56	120.0
961.96	120.0
1159.12	120.0
1190.96	120.0
1227.84	120.0
1300.36	120.0
