302.76	84.0
321.72	84.0
354.6	84.0
48.48	85.0
68.88	85.0
179.28	85.0
437.04	85.0
752.16	85.0
965.4	85.0
1210.76	85.0
1378.04	85.0
24.28	86.0
37.4	86.0
71.16	86.0
115.2	86.0
141.08	86.0
192.88	86.0
213.36	86.0
230.72	86.0
259.6	86.0
279.28	86.0
293.28	86.0
307.68	86.0
317.84	86.0
335.28	86.0
343.16	86.0
354.96	86.0
518.0	86.0
521.92	86.0
545.04	86.0
637.04	86.0
711.56	86.0
751.0	86.0
765.88	86.0
775.16	86.0
798.4	86.0
832.84	86.0
853.6	86.0
926.16	86.0
937.8	86.0
958.6	86.0
972.72	86.0
987.52	86.0
992.4	86.0
1018.56	86.0
1043.48	86.0
1047.44	86.0
1067.36	86.0
1106.56	86.0
1124.28	86.0
1130.64	86.0
1163.0	86.0
1176.0	86.0
1178.68	86.0
1204.2	86.0
1227.92	86.0
1244.24	86.0
1273.52	86.0
1299.32	86.0
1314.28	86.0
1359.76	86.0
1414.08	86.0
1417.08	86.0
1425.44	86.0
1439.72	86.0
137.88	86.0
311.68	86.0
323.24	86.0
327.88	86.0
498.44	86.0
629.84	86.0
675.36	86.0
1147.68	86.0
1211.2	86.0
1382.32	86.0
307.48	87.0
322.36	87.0
28.16	87.0
55.32	87.0
76.08	87.0
104.0	87.0
150.24	87.0
162.2	87.0
177.76	87.0
206.32	87.0
252.24	87.0
328.84	87.0
337.8	87.0
360.68	87.0
416.36	87.0
431.92	87.0
466.96	87.0
505.96	87.0
549.12	87.0
584.72	87.0
784.6	87.0
799.48	87.0
881.28	87.0
924.96	87.0
1115.36	87.0
1178.16	87.0
1317.16	87.0
1425.44	87.0
303.0	88.0
310.44	88.0
59.32	88.0
76.16	88.0
192.56	88.0
318.72	88.0
343.08	88.0
366.08	88.0
386.8	88.0
428.04	88.0
482.32	88.0
624.64	88.0
688.0	88.0
822.56	88.0
914.52	88.0
1410.24	88.0
682.2	89.0
74.36	89.0
192.04	89.0
302.48	89.0
310.4	89.0
314.12	89.0
318.44	89.0
695.8	89.0
775.08	89.0
992.04	89.0
1023.24	89.0
1049.44	89.0
1145.48	89.0
1204.84	89.0
39.88	90.0
313.72	90.0
346.92	90.0
396.16	90.0
407.76	90.0
769.72	90.0
909.72	90.0
968.36	90.0
991.72	90.0
1000.56	90.0
1049.08	90.0
1085.44	90.0
1119.16	90.0
1145.12	90.0
1310.68	90.0
1427.28	90.0
91.68	91.0
1213.6	91.0
313.44	92.0
340.12	92.0
827.2	92.0
1033.6	92.0
1440.2	92.0
64.96	93.0
309.8	93.0
779.76	93.0
935.68	93.0
1038.92	93.0
1079.16	93.0
1149.44	93.0
1218.2	93.0
1264.96	93.0
252.8	93.0
1047.64	94.0
1101.68	94.0
1183.0	94.0
45.8	94.0
311.6	94.0
336.56	94.0
712.08	94.0
195.96	95.0
644.92	95.0
733.68	95.0
971.68	95.0
1079.4	95.0
1150.96	95.0
1286.32	95.0
1396.32	95.0
1402.4	95.0
338.08	97.0
799.32	97.0
116.32	97.0
302.44	97.0
390.72	97.0
659.72	97.0
17.28	98.0
25.52	98.0
10.12	99.0
32.72	99.0
297.12	99.0
302.84	99.0
308.8	99.0
314.4	99.0
320.4	99.0
329.68	99.0
339.12	99.0
578.4	99.0
1025.92	99.0
1041.28	99.0
60.44	100.0
298.88	100.0
332.6	100.0
564.28	100.0
681.04	100.0
813.6	100.0
974.32	100.0
1013.68	100.0
1221.36	100.0
1229.84	100.0
1434.08	100.0
1295.16	103.0
302.48	104.0
79.4	104.0
93.2	104.0
143.64	104.0
256.84	104.0
310.24	104.0
317.24	104.0
322.64	104.0
327.96	104.0
338.72	104.0
379.36	104.0
419.8	104.0
473.08	104.0
624.24	104.0
703.92	104.0
778.92	104.0
874.72	104.0
883.48	104.0
975.76	104.0
1034.8	104.0
1053.64	104.0
1104.6	104.0
1149.8	104.0
1237.52	104.0
1294.4	104.0
396.36	106.0
413.6	106.0
502.56	106.0
1330.08	106.0
1340.6	106.0
1363.0	106.0
77.04	107.0
147.48	107.0
172.64	107.0
310.24	107.0
325.2	107.0
337.04	107.0
349.64	107.0
600.2	107.0
634.44	107.0
755.08	107.0
799.72	107.0
932.4	107.0
960.68	107.0
1083.32	107.0
1145.88	107.0
1218.8	107.0
1243.92	107.0
1311.96	107.0
1394.24	107.0
1416.88	107.0
311.16	108.0
3.36	108.0
63.84	108.0
144.88	108.0
302.72	108.0
1223.92	108.0
1258.6	108.0
1365.64	108.0
91.08	109.0
356.92	109.0
929.72	109.0
1144.92	109.0
292.28	109.0
1074.92	109.0
310.48	110.0
338.52	110.0
992.76	110.0
1047.64	110.0
335.36	110.0
646.16	110.0
935.64	110.0
1086.16	110.0
1432.36	110.0
310.56	111.0
342.36	111.0
72.8	111.0
104.64	111.0
122.88	111.0
159.04	111.0
184.12	111.0
196.76	111.0
212.64	111.0
261.56	111.0
283.16	111.0
327.96	111.0
330.56	111.0
356.32	111.0
375.4	111.0
402.28	111.0
423.36	111.0
433.08	111.0
467.24	111.0
482.4	111.0
552.52	111.0
566.04	111.0
588.32	111.0
612.68	111.0
646.16	111.0
676.2	111.0
697.88	111.0
729.52	111.0
752.96	111.0
773.72	111.0
786.12	111.0
852.28	111.0
863.92	111.0
877.4	111.0
925.44	111.0
933.76	111.0
962.2	111.0
1002.44	111.0
1045.32	111.0
1047.84	111.0
1073.72	111.0
1079.92	111.0
1118.08	111.0
1121.6	111.0
1143.44	111.0
1160.6	111.0
1184.32	111.0
1215.64	111.0
1262.6	111.0
1267.6	111.0
1293.04	111.0
1341.0	111.0
1350.6	111.0
1400.96	111.0
1407.8	111.0
1432.28	111.0
289.92	112.0
309.0	112.0
312.28	112.0
554.12	112.0
700.0	112.0
1047.52	112.0
1088.52	112.0
1150.28	112.0
316.76	113.0
51.2	114.0
302.96	114.0
307.04	114.0
315.32	114.0
356.8	114.0
17.24	115.0
92.72	115.0
149.2	115.0
180.6	115.0
264.04	115.0
318.56	115.0
322.68	115.0
420.28	115.0
479.2	115.0
518.12	115.0
626.6	115.0
880.52	115.0
935.88	115.0
979.16	115.0
1026.56	115.0
1086.44	115.0
1124.56	115.0
1226.36	115.0
1306.4	115.0
1385.32	115.0
1409.32	115.0
1418.56	115.0
773.6	116.0
62.56	116.0
79.2	116.0
140.2	116.0
186.36	116.0
219.88	116.0
283.84	116.0
297.28	116.0
310.64	116.0
313.16	116.0
317.2	116.0
327.44	116.0
331.24	116.0
339.8	116.0
357.12	116.0
579.96	116.0
585.52	116.0
611.96	116.0
643.84	116.0
688.64	116.0
742.32	116.0
808.68	116.0
817.44	116.0
862.88	116.0
876.44	116.0
897.4	116.0
1015.92	116.0
1059.88	116.0
1128.24	116.0
1154.24	116.0
1205.28	116.0
1225.56	116.0
1232.44	116.0
1355.6	116.0
1411.76	116.0
1437.12	116.0
329.16	117.0
197.08	117.0
313.36	117.0
317.44	117.0
339.04	117.0
366.08	117.0
897.84	117.0
72.68	118.0
1071.8	118.0
1233.52	118.0
89.56	118.0
133.72	118.0
290.04	118.0
312.44	118.0
327.72	118.0
339.24	118.0
356.76	118.0
465.6	118.0
644.24	118.0
698.08	118.0
772.32	118.0
875.88	118.0
1046.36	118.0
1143.6	118.0
1430.56	118.0
52.4	119.0
143.8	119.0
747.32	119.0
853.6	119.0
1076.6	119.0
1147.12	119.0
1278.84	119.0
1372.52	119.0
1434.36	119.0
11.28	120.0
53.28	120.0
88.96	120.0
133.16	120.0
180.08	120.0
250.84	120.0
289.92	120.0
321.4	120.0
391.08	120.0
422.04	120.0
855.0	120.0
881.8	120.0
1088.04	120.0
1154.64	120.0
1312.28	120.0
1365.04	120.0
