302.72	84.0
319.84	84.0
329.36	84.0
427.56	85.0
46.04	85.0
274.76	85.0
323.96	85.0
343.48	85.0
392.64	85.0
775.2	85.0
5.28	86.0
41.88	86.0
74.04	86.0
116.08	86.0
123.68	86.0
153.16	86.0
156.28	86.0
203.4	86.0
217.28	86.0
253.68	86.0
258.2	86.0
279.88	86.0
310.36	86.0
315.56	86.0
324.92	86.0
334.32	86.0
346.2	86.0
361.6	86.0
368.0	86.0
379.44	86.0
392.04	86.0
401.64	86.0
409.12	86.0
421.36	86.0
452.96	86.0
503.32	86.0
776.4	86.0
812.52	86.0
837.24	86.0
854.36	86.0
868.2	86.0
900.24	86.0
911.12	86.0
923.08	86.0
968.56	86.0
1015.04	86.0
307.24	86.0
318.08	86.0
328.96	86.0
338.6	86.0
942.6	86.0
20.96	87.0
275.72	87.0
279.72	87.0
307.0	87.0
313.68	87.0
317.84	87.0
321.6	87.0
325.76	87.0
330.24	87.0
335.76	87.0
342.12	87.0
20.72	88.0
302.96	88.0
148.52	88.0
269.08	88.0
309.28	88.0
325.44	88.0
434.04	88.0
824.32	88.0
1129.16	88.0
314.76	89.0
80.44	89.0
256.28	89.0
323.52	89.0
331.96	89.0
359.56	89.0
612.8	89.0
860.32	89.0
881.0	89.0
194.76	90.0
41.2	90.0
318.8	90.0
329.68	90.0
333.76	90.0
359.2	90.0
533.96	90.0
809.88	90.0
831.72	90.0
854.36	90.0
906.48	90.0
1101.48	90.0
307.16	91.0
318.84	91.0
877.32	91.0
224.24	92.0
314.08	92.0
328.2	92.0
331.52	92.0
755.52	92.0
883.12	92.0
985.92	92.0
9.08	92.0
49.32	92.0
60.36	92.0
144.28	92.0
227.64	92.0
266.4	92.0
278.32	92.0
308.6	92.0
320.44	92.0
323.56	92.0
335.32	92.0
340.88	92.0
726.96	92.0
759.0	92.0
851.76	92.0
877.52	92.0
886.96	92.0
908.88	92.0
1073.84	92.0
1237.96	92.0
261.56	93.0
321.68	94.0
340.6	94.0
364.56	94.0
381.2	94.0
523.28	94.0
816.76	94.0
912.84	94.0
1074.76	94.0
19.76	95.0
158.96	95.0
226.72	95.0
323.32	95.0
334.28	95.0
815.72	95.0
972.04	95.0
350.76	96.0
392.48	96.0
419.6	96.0
452.08	96.0
501.08	96.0
833.4	96.0
860.44	96.0
883.12	96.0
920.32	96.0
968.6	96.0
1013.16	96.0
143.76	97.0
302.48	97.0
306.52	97.0
424.72	97.0
306.76	98.0
951.88	98.0
322.32	99.0
136.08	99.0
142.24	99.0
302.64	99.0
308.32	99.0
312.56	99.0
317.96	99.0
333.04	99.0
339.64	99.0
350.52	99.0
730.84	99.0
194.68	100.0
280.4	100.0
323.04	100.0
775.64	100.0
306.32	101.0
321.12	103.0
302.48	104.0
306.12	104.0
310.44	104.0
315.56	104.0
320.28	104.0
325.8	104.0
334.0	104.0
344.32	104.0
353.16	104.0
814.2	104.0
326.0	105.0
191.16	106.0
208.72	106.0
337.12	106.0
352.64	106.0
397.48	106.0
41.04	107.0
76.56	107.0
168.12	107.0
212.8	107.0
255.32	107.0
258.92	107.0
310.16	107.0
318.12	107.0
331.16	107.0
334.12	107.0
365.04	107.0
393.68	107.0
459.64	107.0
834.44	107.0
861.68	107.0
908.16	107.0
203.84	108.0
320.64	108.0
368.44	108.0
859.96	108.0
880.36	108.0
289.12	109.0
381.44	109.0
859.88	109.0
906.28	109.0
302.52	109.0
310.48	110.0
315.16	110.0
367.6	110.0
407.84	110.0
322.36	110.0
328.16	110.0
340.2	110.0
353.88	110.0
20.88	111.0
310.48	111.0
38.48	111.0
116.84	111.0
237.92	111.0
270.0	111.0
276.56	111.0
315.28	111.0
318.0	111.0
322.32	111.0
328.08	111.0
333.88	111.0
337.24	111.0
340.12	111.0
366.88	111.0
419.2	111.0
884.96	111.0
891.84	111.0
922.68	111.0
947.8	111.0
1008.56	111.0
1011.08	111.0
316.12	112.0
309.0	112.0
311.84	112.0
321.16	112.0
358.2	112.0
319.4	113.0
341.56	113.0
302.92	114.0
315.96	114.0
158.72	114.0
384.24	115.0
7.04	115.0
37.76	115.0
199.6	115.0
328.12	115.0
354.2	115.0
419.72	115.0
463.4	115.0
837.0	115.0
876.52	115.0
950.28	115.0
138.92	116.0
254.88	116.0
375.4	116.0
944.12	116.0
6.84	116.0
22.6	116.0
35.4	116.0
79.36	116.0
89.36	116.0
132.56	116.0
165.36	116.0
197.08	116.0
205.64	116.0
230.16	116.0
242.52	116.0
252.16	116.0
271.72	116.0
310.6	116.0
314.44	116.0
319.64	116.0
322.16	116.0
328.84	116.0
334.12	116.0
336.72	116.0
343.08	116.0
352.36	116.0
368.12	116.0
390.4	116.0
808.64	116.0
832.72	116.0
860.32	116.0
863.08	116.0
894.12	116.0
925.48	116.0
951.8	116.0
968.0	116.0
1100.64	116.0
315.2	117.0
20.96	117.0
310.64	117.0
318.36	117.0
348.68	118.0
38.6	118.0
313.48	118.0
316.28	118.0
320.08	118.0
337.16	118.0
38.64	119.0
967.76	119.0
210.24	119.0
299.32	119.0
343.4	119.0
771.6	119.0
320.64	120.0
327.68	120.0
338.4	120.0
343.12	120.0
991.44	120.0
