302.88	84.0
334.92	84.0
523.68	84.0
337.32	85.0
636.4	85.0
654.32	85.0
700.68	85.0
777.8	85.0
844.6	85.0
867.0	85.0
943.4	85.0
977.0	85.0
1247.8	85.0
319.88	86.0
323.32	86.0
333.64	86.0
339.68	86.0
347.52	86.0
371.88	86.0
390.72	86.0
402.08	86.0
416.68	86.0
430.04	86.0
436.0	86.0
444.04	86.0
460.44	86.0
468.44	86.0
484.64	86.0
496.4	86.0
505.96	86.0
524.6	86.0
539.28	86.0
548.24	86.0
567.72	86.0
586.8	86.0
628.48	86.0
635.36	86.0
650.44	86.0
664.96	86.0
672.8	86.0
695.6	86.0
717.52	86.0
745.92	86.0
756.84	86.0
775.32	86.0
788.88	86.0
804.68	86.0
827.44	86.0
865.12	86.0
905.4	86.0
917.04	86.0
934.76	86.0
943.84	86.0
968.84	86.0
1045.6	86.0
1097.16	86.0
1151.44	86.0
1252.16	86.0
1286.28	86.0
1312.36	86.0
309.52	86.0
328.36	86.0
364.2	86.0
379.72	86.0
328.48	87.0
332.36	87.0
353.04	87.0
309.32	87.0
312.72	87.0
319.08	87.0
322.44	87.0
336.92	87.0
343.88	87.0
348.56	87.0
360.96	87.0
375.4	87.0
382.48	87.0
391.52	87.0
403.92	87.0
419.76	87.0
446.32	87.0
505.88	87.0
534.28	87.0
558.56	87.0
599.56	87.0
620.24	87.0
777.8	87.0
833.24	87.0
997.56	87.0
319.4	88.0
327.4	88.0
447.88	88.0
302.48	88.0
309.44	88.0
332.48	88.0
351.2	88.0
354.08	88.0
602.52	88.0
649.16	88.0
660.16	88.0
850.0	88.0
1007.64	88.0
1066.0	88.0
1276.4	88.0
1288.2	88.0
319.0	89.0
324.84	89.0
690.76	89.0
1256.36	89.0
310.6	89.0
322.08	89.0
332.44	89.0
560.28	89.0
587.56	89.0
604.72	89.0
808.48	89.0
944.4	89.0
302.48	90.0
318.92	90.0
340.28	90.0
403.76	90.0
587.28	90.0
604.44	90.0
714.32	90.0
1014.64	90.0
302.8	91.0
313.68	91.0
325.16	91.0
312.6	92.0
322.28	92.0
348.96	92.0
686.72	92.0
882.6	92.0
920.0	92.0
327.4	92.0
525.16	92.0
690.52	92.0
911.08	92.0
1008.52	92.0
342.32	93.0
541.48	93.0
591.96	93.0
616.72	93.0
631.96	93.0
654.92	93.0
683.88	93.0
712.96	93.0
772.72	93.0
801.24	93.0
829.68	93.0
853.96	93.0
891.2	93.0
976.76	93.0
1013.4	93.0
1043.64	93.0
1111.76	93.0
302.68	93.0
318.28	94.0
330.48	94.0
313.28	94.0
326.72	94.0
380.72	94.0
419.0	94.0
486.16	94.0
556.56	94.0
703.52	94.0
1039.32	94.0
1111.52	94.0
318.72	95.0
335.44	95.0
534.24	95.0
645.76	95.0
696.68	95.0
736.96	95.0
778.16	95.0
893.16	95.0
943.0	95.0
1009.12	95.0
1100.44	95.0
1311.88	95.0
503.6	96.0
522.36	96.0
564.56	96.0
647.88	96.0
713.08	96.0
302.56	97.0
318.0	97.0
381.68	97.0
652.0	97.0
334.76	98.0
985.44	99.0
312.76	99.0
321.44	99.0
326.08	99.0
330.88	99.0
337.56	99.0
344.56	99.0
350.52	99.0
354.76	99.0
802.36	99.0
1084.44	99.0
312.52	100.0
321.96	100.0
327.52	100.0
522.48	100.0
808.28	100.0
943.92	100.0
959.68	100.0
302.76	101.0
312.88	101.0
326.12	101.0
302.52	103.0
318.52	103.0
322.72	103.0
336.4	103.0
302.52	104.0
310.16	104.0
319.0	104.0
323.2	104.0
329.36	104.0
333.28	104.0
341.96	104.0
351.4	104.0
356.92	104.0
418.52	104.0
569.36	104.0
665.36	104.0
805.12	104.0
858.84	104.0
913.08	104.0
981.68	104.0
322.92	106.0
252.12	106.0
275.76	106.0
501.6	106.0
302.72	107.0
587.4	107.0
310.16	107.0
318.32	107.0
326.96	107.0
338.44	107.0
342.52	107.0
349.36	107.0
359.92	107.0
376.6	107.0
379.48	107.0
438.56	107.0
508.84	107.0
525.36	107.0
558.76	107.0
632.0	107.0
654.24	107.0
777.76	107.0
897.36	107.0
916.04	107.0
945.52	107.0
974.6	107.0
1294.96	107.0
302.48	108.0
311.92	108.0
321.68	108.0
331.92	108.0
351.32	108.0
379.08	108.0
464.2	108.0
962.96	108.0
1003.36	108.0
313.36	109.0
318.72	109.0
544.52	109.0
604.2	109.0
331.2	109.0
466.44	109.0
310.52	110.0
498.88	110.0
326.64	110.0
484.96	110.0
548.6	110.0
897.4	110.0
310.48	111.0
313.64	111.0
318.6	111.0
322.28	111.0
326.56	111.0
330.32	111.0
340.92	111.0
347.72	111.0
387.12	111.0
396.32	111.0
452.24	111.0
465.96	111.0
476.48	111.0
487.56	111.0
547.8	111.0
552.2	111.0
596.96	111.0
607.12	111.0
620.72	111.0
631.24	111.0
647.8	111.0
669.76	111.0
675.48	111.0
696.88	111.0
715.4	111.0
746.44	111.0
769.76	111.0
782.2	111.0
803.16	111.0
810.76	111.0
833.32	111.0
862.88	111.0
884.56	111.0
911.64	111.0
946.52	111.0
955.04	111.0
980.92	111.0
1013.52	111.0
1044.72	111.0
1072.16	111.0
1124.68	111.0
1196.96	111.0
1244.76	111.0
1256.88	111.0
1329.88	111.0
1334.92	111.0
466.08	112.0
309.0	112.0
311.64	112.0
340.76	112.0
348.88	112.0
415.64	112.0
541.28	112.0
713.84	112.0
875.76	112.0
959.72	112.0
310.24	113.0
318.2	113.0
329.76	113.0
357.08	113.0
374.6	113.0
306.0	114.0
309.4	114.0
314.44	114.0
320.36	114.0
329.44	114.0
334.2	114.0
347.8	114.0
353.52	114.0
378.84	114.0
419.88	114.0
1283.16	115.0
313.76	115.0
323.4	115.0
336.12	115.0
343.52	115.0
352.04	115.0
365.52	115.0
396.48	115.0
434.36	115.0
455.6	115.0
468.04	115.0
485.24	115.0
502.04	115.0
527.96	115.0
548.84	115.0
571.12	115.0
589.24	115.0
597.12	115.0
613.48	115.0
631.56	115.0
669.36	115.0
684.92	115.0
744.36	115.0
777.8	115.0
833.6	115.0
857.84	115.0
897.64	115.0
923.6	115.0
987.96	115.0
1013.88	115.0
1187.52	115.0
313.64	116.0
804.48	116.0
1013.8	116.0
310.72	116.0
322.68	116.0
325.6	116.0
328.8	116.0
339.92	116.0
344.48	116.0
349.2	116.0
351.72	116.0
357.84	116.0
363.64	116.0
371.12	116.0
389.04	116.0
404.28	116.0
465.84	116.0
521.8	116.0
527.56	116.0
589.76	116.0
618.84	116.0
677.2	116.0
704.72	116.0
745.2	116.0
773.76	116.0
778.72	116.0
801.2	116.0
846.4	116.0
855.2	116.0
886.04	116.0
960.08	116.0
999.16	116.0
1126.24	116.0
1179.28	116.0
1222.96	116.0
333.32	117.0
352.64	117.0
368.0	117.0
431.08	117.0
831.32	117.0
984.6	117.0
310.44	117.0
313.08	117.0
341.2	117.0
715.72	117.0
310.44	118.0
314.88	118.0
321.6	118.0
332.52	118.0
339.84	118.0
344.76	118.0
1133.48	118.0
302.52	119.0
331.08	119.0
339.68	119.0
348.8	119.0
378.04	119.0
397.32	119.0
463.08	119.0
524.2	119.0
596.4	119.0
628.04	119.0
712.6	119.0
766.68	119.0
877.24	119.0
944.44	119.0
1296.16	119.0
314.6	120.0
320.48	120.0
323.24	120.0
380.76	120.0
442.32	120.0
569.56	120.0
608.76	120.0
832.24	120.0
861.04	120.0
897.72	120.0
949.04	120.0
1010.64	120.0
1061.44	120.0
1132.96	120.0
1310.36	120.0
