316.8	84.0
302.88	84.0
321.24	84.0
359.8	85.0
347.24	85.0
416.68	85.0
482.64	85.0
532.44	85.0
575.0	85.0
314.68	86.0
339.6	86.0
350.44	86.0
356.36	86.0
366.4	86.0
382.72	86.0
394.04	86.0
405.84	86.0
419.32	86.0
439.12	86.0
457.28	86.0
460.92	86.0
488.52	86.0
559.48	86.0
579.2	86.0
611.88	86.0
651.56	86.0
684.72	86.0
832.08	86.0
322.12	86.0
328.16	86.0
333.52	86.0
371.36	86.0
396.8	86.0
503.88	86.0
695.16	86.0
315.92	87.0
321.88	87.0
329.0	87.0
332.2	87.0
343.44	87.0
312.88	87.0
325.0	87.0
338.84	87.0
346.64	87.0
355.92	87.0
370.8	87.0
376.6	87.0
386.28	87.0
409.12	87.0
418.4	87.0
326.4	88.0
315.24	88.0
341.72	88.0
361.56	88.0
403.52	88.0
508.24	88.0
521.96	88.0
651.76	88.0
673.8	88.0
730.2	88.0
817.16	88.0
326.56	89.0
339.56	89.0
420.92	89.0
632.88	89.0
313.64	90.0
333.88	90.0
339.24	90.0
344.08	90.0
420.68	90.0
506.16	90.0
302.76	91.0
315.48	91.0
375.76	91.0
312.6	92.0
324.16	92.0
329.08	92.0
357.44	92.0
528.16	92.0
615.04	92.0
695.44	92.0
326.4	93.0
358.92	93.0
385.2	93.0
464.12	93.0
734.12	93.0
302.76	93.0
331.68	93.0
338.12	94.0
321.4	94.0
365.08	94.0
399.24	94.0
437.12	94.0
458.4	94.0
509.16	94.0
562.96	94.0
317.4	95.0
341.36	95.0
532.96	95.0
695.48	95.0
757.28	95.0
302.64	96.0
302.52	97.0
407.52	97.0
404.2	98.0
828.88	98.0
313.68	98.0
312.16	99.0
316.72	99.0
321.28	99.0
325.48	99.0
330.24	99.0
335.96	99.0
313.44	100.0
323.6	101.0
317.56	101.0
315.32	102.0
302.56	103.0
302.56	104.0
315.24	104.0
324.96	104.0
330.16	104.0
340.12	104.0
349.6	104.0
354.6	104.0
407.16	104.0
600.6	104.0
333.24	106.0
375.08	106.0
388.68	106.0
437.96	106.0
511.12	106.0
340.48	107.0
349.6	107.0
357.6	107.0
384.28	107.0
435.12	107.0
463.96	107.0
494.16	107.0
556.36	107.0
602.56	107.0
695.44	107.0
772.48	107.0
302.44	108.0
313.44	108.0
331.8	108.0
358.16	108.0
367.32	108.0
388.92	108.0
430.0	108.0
312.8	109.0
323.32	109.0
302.72	109.0
337.72	110.0
368.84	110.0
407.96	110.0
315.64	110.0
418.92	110.0
731.96	110.0
872.2	110.0
313.28	111.0
323.2	111.0
342.64	111.0
359.44	111.0
367.88	111.0
408.12	111.0
419.8	111.0
478.48	111.0
518.0	111.0
527.6	111.0
537.12	111.0
555.56	111.0
595.04	111.0
627.6	111.0
672.48	111.0
700.2	111.0
762.96	111.0
331.68	112.0
360.48	112.0
406.12	112.0
443.72	112.0
618.72	112.0
755.0	112.0
302.56	113.0
317.0	113.0
323.8	113.0
327.96	113.0
352.04	113.0
373.36	113.0
306.0	114.0
314.64	114.0
324.6	114.0
329.2	114.0
336.72	114.0
339.4	114.0
342.44	114.0
369.08	114.0
396.92	114.0
367.76	115.0
313.44	115.0
315.96	115.0
323.76	115.0
328.36	115.0
343.24	115.0
351.28	115.0
400.56	115.0
419.24	115.0
436.72	115.0
462.48	115.0
482.44	115.0
504.68	115.0
515.92	115.0
530.76	115.0
573.16	115.0
607.68	115.0
645.8	115.0
692.36	115.0
732.24	115.0
775.76	115.0
872.52	115.0
368.6	116.0
314.0	116.0
321.12	116.0
323.8	116.0
326.72	116.0
337.84	116.0
342.4	116.0
349.12	116.0
356.8	116.0
359.48	116.0
382.44	116.0
419.68	116.0
604.8	116.0
676.2	116.0
326.68	117.0
323.52	117.0
342.84	117.0
369.24	117.0
478.8	117.0
314.36	118.0
322.8	118.0
340.56	118.0
313.68	119.0
355.0	119.0
382.0	119.0
432.16	119.0
517.8	119.0
642.16	119.0
1334.24	119.0
313.08	120.0
323.12	120.0
347.08	120.0
694.92	120.0
723.12	120.0
754.56	120.0
