309.96	84.0
302.92	84.0
318.48	84.0
319.64	85.0
351.48	85.0
363.8	85.0
380.24	85.0
436.64	85.0
470.04	85.0
498.6	85.0
527.6	85.0
545.64	85.0
568.44	85.0
607.0	85.0
660.48	85.0
730.76	85.0
755.8	85.0
326.8	86.0
343.6	86.0
361.6	86.0
364.44	86.0
380.92	86.0
403.12	86.0
454.72	86.0
552.28	86.0
627.36	86.0
726.08	86.0
774.4	86.0
1088.72	86.0
1104.96	86.0
1116.0	86.0
1128.36	86.0
1136.04	86.0
1140.8	86.0
1158.72	86.0
1167.36	86.0
1171.84	86.0
1180.64	86.0
1225.16	86.0
1233.52	86.0
310.12	86.0
322.64	86.0
337.8	86.0
348.32	86.0
390.6	86.0
451.36	86.0
543.32	86.0
658.24	86.0
721.52	86.0
320.64	87.0
336.12	87.0
325.72	87.0
329.32	87.0
347.36	87.0
359.6	87.0
376.24	87.0
392.6	87.0
426.6	87.0
439.84	87.0
475.64	87.0
485.52	87.0
513.4	87.0
523.6	87.0
528.52	87.0
543.56	87.0
570.76	87.0
582.16	87.0
623.48	87.0
647.32	87.0
663.6	87.0
706.76	87.0
729.4	87.0
1047.48	87.0
313.84	88.0
346.96	88.0
370.28	88.0
409.96	88.0
510.92	88.0
534.52	88.0
548.04	88.0
575.44	88.0
624.2	88.0
661.4	88.0
723.4	88.0
763.16	88.0
1053.52	88.0
1075.32	88.0
1091.32	88.0
1119.0	88.0
321.36	88.0
471.88	88.0
599.52	88.0
645.08	88.0
670.8	88.0
686.08	88.0
709.08	88.0
837.88	88.0
1122.76	88.0
1166.96	88.0
1173.92	88.0
1233.0	88.0
327.88	89.0
599.52	89.0
672.6	89.0
852.4	89.0
330.72	89.0
359.6	89.0
394.16	89.0
550.56	89.0
614.32	89.0
1118.44	89.0
1152.68	89.0
1152.2	90.0
312.56	90.0
347.68	90.0
417.36	90.0
486.8	90.0
501.28	90.0
722.24	90.0
1118.12	90.0
440.32	91.0
496.56	91.0
726.08	91.0
910.88	91.0
1100.36	91.0
312.0	92.0
320.04	92.0
371.56	92.0
439.92	92.0
499.56	92.0
562.28	92.0
1073.6	92.0
1123.4	92.0
1192.84	92.0
326.72	92.0
338.68	92.0
354.28	92.0
443.72	92.0
565.48	92.0
691.96	92.0
1088.08	92.0
1109.72	92.0
1120.68	92.0
1151.96	92.0
1226.48	92.0
323.2	93.0
337.16	93.0
395.28	93.0
425.84	93.0
547.4	93.0
594.68	93.0
611.36	93.0
627.76	93.0
661.64	93.0
731.88	93.0
759.08	93.0
784.72	93.0
1261.56	93.0
309.68	94.0
324.76	94.0
380.04	94.0
419.72	94.0
439.48	94.0
509.0	94.0
567.92	94.0
596.08	94.0
1156.16	94.0
302.48	95.0
704.24	95.0
1086.4	95.0
1270.84	95.0
302.88	96.0
1101.48	97.0
302.52	97.0
338.24	97.0
406.32	97.0
453.8	97.0
499.76	97.0
578.32	97.0
338.48	98.0
319.72	98.0
312.16	99.0
320.08	99.0
324.92	99.0
329.64	99.0
334.84	99.0
341.56	99.0
1093.56	99.0
1122.16	99.0
1276.96	99.0
302.52	100.0
320.52	100.0
1152.16	100.0
313.0	101.0
321.84	102.0
1074.24	102.0
1192.96	102.0
302.52	103.0
302.52	104.0
726.4	104.0
312.32	104.0
321.16	104.0
327.48	104.0
334.6	104.0
345.76	104.0
355.2	104.0
370.32	104.0
424.32	104.0
461.48	104.0
480.36	104.0
511.44	104.0
533.36	104.0
575.6	104.0
624.08	104.0
1093.92	104.0
1100.32	104.0
1154.28	104.0
1181.76	104.0
256.88	106.0
272.76	106.0
322.6	106.0
371.36	106.0
410.96	106.0
501.0	106.0
310.2	107.0
314.28	107.0
343.56	107.0
351.0	107.0
361.36	107.0
364.36	107.0
369.2	107.0
552.72	107.0
1047.0	107.0
1122.04	107.0
1171.8	107.0
302.48	108.0
315.0	108.0
330.56	108.0
361.88	108.0
373.88	108.0
414.28	108.0
435.8	108.0
481.12	108.0
496.68	108.0
526.84	108.0
1121.4	108.0
1131.8	108.0
1149.72	108.0
312.32	109.0
320.8	109.0
333.36	109.0
393.76	109.0
501.12	109.0
1091.16	109.0
1117.88	109.0
310.48	110.0
370.2	110.0
432.52	110.0
323.92	110.0
334.44	110.0
381.8	110.0
423.68	110.0
451.44	110.0
573.36	110.0
626.92	110.0
1074.12	110.0
310.48	111.0
313.0	111.0
321.72	111.0
328.84	111.0
333.4	111.0
338.6	111.0
348.0	111.0
356.56	111.0
377.44	111.0
380.04	111.0
446.56	111.0
491.84	111.0
531.48	111.0
606.76	111.0
1063.48	111.0
1091.52	111.0
309.0	112.0
312.12	112.0
333.68	112.0
348.72	112.0
400.64	112.0
477.12	112.0
523.2	112.0
552.64	112.0
592.8	112.0
626.92	112.0
302.92	113.0
327.72	113.0
348.52	113.0
360.44	113.0
381.32	113.0
302.96	114.0
313.64	114.0
320.08	114.0
331.28	114.0
335.84	114.0
352.52	114.0
361.84	114.0
377.56	114.0
529.88	114.0
313.44	115.0
334.48	115.0
370.36	115.0
324.2	115.0
328.44	115.0
331.28	115.0
348.8	115.0
382.08	115.0
410.36	115.0
423.88	115.0
451.72	115.0
473.64	115.0
510.12	115.0
530.16	115.0
551.8	115.0
573.68	115.0
627.2	115.0
665.04	115.0
1075.76	115.0
1103.36	115.0
1150.64	115.0
1189.04	115.0
313.44	116.0
330.72	116.0
361.56	116.0
451.56	116.0
310.76	116.0
321.12	116.0
324.56	116.0
327.96	116.0
334.36	116.0
338.8	116.0
342.84	116.0
347.6	116.0
351.44	116.0
356.04	116.0
371.0	116.0
379.8	116.0
394.24	116.0
411.08	116.0
438.8	116.0
570.96	116.0
1025.88	116.0
1063.04	116.0
1086.4	116.0
1115.6	116.0
1122.08	116.0
1133.28	116.0
1143.04	116.0
1154.8	116.0
1172.8	116.0
1180.6	116.0
1239.76	116.0
332.64	117.0
529.28	117.0
313.44	117.0
408.88	117.0
446.8	117.0
533.76	117.0
310.96	118.0
331.76	118.0
350.92	118.0
354.52	118.0
1085.04	118.0
1100.0	118.0
1139.28	118.0
1180.84	118.0
361.0	119.0
1089.32	119.0
333.2	120.0
349.28	120.0
354.48	120.0
363.76	120.0
639.6	120.0
689.2	120.0
1036.76	120.0
1088.76	120.0
1143.72	120.0
1163.52	120.0
