359.6	84.0
302.8	84.0
1182.36	84.0
323.56	85.0
330.8	85.0
338.8	85.0
347.12	85.0
461.52	85.0
476.56	85.0
491.84	85.0
541.88	85.0
593.04	85.0
608.84	85.0
667.32	85.0
753.68	85.0
1017.52	85.0
1050.44	85.0
90.48	86.0
314.44	86.0
321.04	86.0
328.24	86.0
342.68	86.0
354.24	86.0
367.44	86.0
374.0	86.0
383.08	86.0
390.88	86.0
398.6	86.0
422.52	86.0
455.6	86.0
483.08	86.0
490.04	86.0
553.2	86.0
686.8	86.0
1149.8	86.0
1165.32	86.0
1177.6	86.0
1183.76	86.0
1195.76	86.0
1206.2	86.0
1218.88	86.0
1237.44	86.0
1265.0	86.0
1293.16	86.0
1306.96	86.0
309.76	86.0
334.28	86.0
337.76	86.0
347.48	86.0
357.88	86.0
360.4	86.0
439.36	86.0
534.64	86.0
558.16	86.0
597.88	86.0
640.92	86.0
657.96	86.0
794.44	86.0
848.64	86.0
873.24	86.0
978.04	86.0
1003.64	86.0
749.8	87.0
954.28	87.0
311.84	87.0
319.04	87.0
322.96	87.0
327.04	87.0
336.2	87.0
358.04	87.0
367.2	87.0
402.28	87.0
532.52	87.0
574.8	87.0
654.28	87.0
721.44	87.0
932.48	87.0
324.08	88.0
340.6	88.0
388.8	88.0
408.04	88.0
424.68	88.0
456.72	88.0
467.8	88.0
499.0	88.0
516.92	88.0
552.56	88.0
570.08	88.0
602.2	88.0
625.56	88.0
650.76	88.0
673.88	88.0
759.64	88.0
818.12	88.0
1136.16	88.0
1165.4	88.0
1204.24	88.0
1246.48	88.0
1298.8	88.0
1323.56	88.0
22.48	88.0
28.4	88.0
311.64	88.0
319.08	88.0
354.0	88.0
391.52	88.0
444.32	88.0
606.84	88.0
823.28	88.0
1209.64	88.0
1326.96	88.0
330.68	89.0
606.08	89.0
671.68	89.0
756.48	89.0
798.32	89.0
1166.28	89.0
319.32	89.0
384.96	89.0
402.36	89.0
412.72	89.0
468.24	89.0
490.36	89.0
523.84	89.0
546.16	89.0
321.2	90.0
342.96	90.0
373.8	90.0
467.96	90.0
504.48	90.0
545.84	90.0
590.48	90.0
704.68	90.0
1171.4	90.0
1207.72	90.0
1381.96	90.0
302.76	91.0
375.68	91.0
319.24	91.0
332.16	91.0
368.36	91.0
1162.64	91.0
1233.52	91.0
318.76	92.0
336.36	92.0
346.44	92.0
353.96	92.0
375.56	92.0
389.16	92.0
411.68	92.0
421.92	92.0
433.56	92.0
466.44	92.0
485.56	92.0
1151.68	92.0
1179.76	92.0
1224.28	92.0
1230.04	92.0
1326.2	92.0
309.12	92.0
367.64	92.0
383.12	92.0
392.44	92.0
408.28	92.0
439.8	92.0
512.36	92.0
541.28	92.0
630.88	92.0
648.36	92.0
678.8	92.0
702.08	92.0
721.28	92.0
746.96	92.0
771.52	92.0
809.68	92.0
883.0	92.0
935.84	92.0
950.4	92.0
970.4	92.0
1140.64	92.0
1145.72	92.0
1154.24	92.0
1164.04	92.0
1251.32	92.0
1263.44	92.0
1267.8	92.0
1283.36	92.0
1295.76	92.0
1314.24	92.0
1329.6	92.0
1384.6	92.0
12.52	93.0
309.8	93.0
319.16	93.0
348.92	93.0
389.6	93.0
518.44	93.0
600.48	93.0
704.96	93.0
819.36	93.0
1362.72	93.0
302.92	93.0
503.8	93.0
406.76	94.0
629.96	94.0
654.4	94.0
704.2	94.0
1425.28	94.0
336.28	94.0
356.08	94.0
367.88	94.0
374.56	94.0
420.88	94.0
557.08	94.0
1225.6	94.0
51.6	95.0
319.48	95.0
650.04	95.0
834.72	95.0
853.16	95.0
903.28	95.0
1005.12	95.0
1082.24	95.0
358.52	96.0
530.16	97.0
1180.64	97.0
302.48	97.0
338.8	97.0
377.4	97.0
87.4	98.0
318.96	99.0
310.68	99.0
313.32	99.0
322.04	99.0
326.68	99.0
331.32	99.0
338.8	99.0
357.12	99.0
374.44	99.0
391.92	99.0
395.04	99.0
411.12	99.0
424.24	99.0
442.56	99.0
467.0	99.0
489.36	99.0
510.68	99.0
532.48	99.0
550.36	99.0
554.52	99.0
572.64	99.0
600.2	99.0
621.08	99.0
668.36	99.0
671.56	99.0
677.56	99.0
683.36	99.0
726.64	99.0
849.24	99.0
1076.52	99.0
1184.84	99.0
1244.32	99.0
334.44	100.0
392.36	100.0
412.44	100.0
505.72	100.0
541.4	100.0
569.44	100.0
738.84	100.0
772.68	100.0
881.76	100.0
971.32	100.0
318.56	101.0
333.56	101.0
356.6	101.0
318.88	102.0
359.44	102.0
422.0	102.0
302.56	103.0
302.6	104.0
312.36	104.0
321.2	104.0
326.4	104.0
331.4	104.0
340.04	104.0
346.08	104.0
356.8	104.0
384.24	104.0
396.84	104.0
408.64	104.0
421.16	104.0
440.12	104.0
483.2	104.0
499.68	104.0
523.4	104.0
529.92	104.0
546.16	104.0
556.88	104.0
575.32	104.0
623.68	104.0
641.08	104.0
848.64	104.0
953.88	104.0
1081.56	104.0
1200.52	104.0
1223.76	104.0
1248.12	104.0
1292.4	104.0
1317.24	104.0
1331.4	104.0
339.88	107.0
604.84	107.0
320.24	107.0
324.96	107.0
359.52	107.0
362.08	107.0
378.08	107.0
388.44	107.0
397.92	107.0
524.0	107.0
1175.4	107.0
1210.56	107.0
1237.76	107.0
314.32	108.0
332.84	108.0
302.48	108.0
350.8	108.0
357.12	108.0
369.88	108.0
386.0	108.0
394.04	108.0
435.2	108.0
463.8	108.0
502.72	108.0
569.76	108.0
592.12	108.0
632.24	108.0
671.04	108.0
693.2	108.0
702.8	108.0
717.48	108.0
751.44	108.0
758.36	108.0
791.76	108.0
880.8	108.0
911.92	108.0
944.0	108.0
968.28	108.0
984.0	108.0
1019.28	108.0
1072.24	108.0
1223.52	108.0
1258.76	108.0
373.6	109.0
467.76	109.0
504.24	109.0
556.12	109.0
590.24	109.0
623.04	109.0
1197.72	109.0
322.36	109.0
310.48	110.0
365.48	110.0
403.12	110.0
636.32	110.0
358.56	110.0
438.56	110.0
442.48	110.0
460.08	110.0
578.2	110.0
702.76	110.0
1173.08	110.0
310.52	111.0
315.0	111.0
345.2	111.0
668.76	111.0
678.36	111.0
1013.32	111.0
1081.32	111.0
1210.08	111.0
318.24	111.0
326.84	111.0
341.08	111.0
354.8	111.0
360.04	111.0
365.6	111.0
373.88	111.0
381.36	111.0
384.96	111.0
424.76	111.0
438.52	111.0
452.44	111.0
488.24	111.0
508.0	111.0
523.04	111.0
538.16	111.0
555.08	111.0
570.88	111.0
578.16	111.0
586.8	111.0
598.68	111.0
603.32	111.0
618.68	111.0
636.48	111.0
640.52	111.0
648.16	111.0
661.48	111.0
673.12	111.0
700.4	111.0
703.28	111.0
707.16	111.0
715.24	111.0
723.92	111.0
747.52	111.0
784.44	111.0
820.52	111.0
865.76	111.0
875.44	111.0
880.92	111.0
897.88	111.0
940.24	111.0
971.04	111.0
981.96	111.0
1009.04	111.0
1031.44	111.0
1054.76	111.0
1075.0	111.0
1296.48	111.0
309.04	112.0
311.84	112.0
344.12	112.0
355.08	112.0
359.8	112.0
366.68	112.0
409.52	112.0
507.68	112.0
523.88	112.0
639.08	112.0
771.28	112.0
981.52	112.0
1002.4	112.0
1071.88	112.0
331.36	113.0
342.88	113.0
360.0	113.0
372.24	113.0
384.92	113.0
409.72	113.0
428.88	113.0
455.76	113.0
477.32	113.0
327.08	114.0
334.28	114.0
341.84	114.0
346.96	114.0
357.92	114.0
419.44	114.0
475.12	114.0
319.44	114.0
383.4	114.0
451.8	114.0
553.68	114.0
609.56	114.0
330.8	115.0
358.6	115.0
50.32	115.0
312.32	115.0
319.2	115.0
321.92	115.0
348.64	115.0
369.44	115.0
389.0	115.0
405.84	115.0
417.56	115.0
427.08	115.0
460.32	115.0
476.84	115.0
498.8	115.0
519.8	115.0
545.88	115.0
623.68	115.0
667.68	115.0
718.56	115.0
755.8	115.0
797.48	115.0
983.84	115.0
988.04	115.0
1173.36	115.0
1193.48	115.0
1218.0	115.0
1249.48	115.0
1272.56	115.0
1306.84	115.0
376.08	116.0
580.4	116.0
881.96	116.0
945.56	116.0
984.92	116.0
310.52	116.0
313.76	116.0
322.12	116.0
326.64	116.0
330.84	116.0
335.24	116.0
341.4	116.0
344.44	116.0
354.24	116.0
359.12	116.0
367.76	116.0
389.76	116.0
533.36	116.0
605.96	116.0
636.96	116.0
651.28	116.0
671.48	116.0
702.72	116.0
719.12	116.0
796.6	116.0
970.12	116.0
1150.96	116.0
1170.0	116.0
1184.6	116.0
1189.52	116.0
1209.6	116.0
1212.96	116.0
1216.56	116.0
1247.72	116.0
1296.8	116.0
331.4	117.0
342.76	117.0
703.64	117.0
310.48	117.0
322.36	117.0
338.56	117.0
370.64	117.0
386.2	117.0
427.4	117.0
438.8	117.0
603.6	117.0
678.48	117.0
716.08	117.0
1081.36	117.0
310.72	118.0
322.12	118.0
332.84	118.0
345.16	118.0
359.88	118.0
1174.56	118.0
1194.24	118.0
1213.76	118.0
1236.8	118.0
1263.76	118.0
434.76	119.0
302.48	119.0
322.32	119.0
327.8	119.0
346.52	119.0
302.52	120.0
323.96	120.0
343.68	120.0
363.84	120.0
368.96	120.0
422.0	120.0
432.76	120.0
460.2	120.0
481.48	120.0
570.36	120.0
594.92	120.0
600.68	120.0
619.44	120.0
638.52	120.0
655.36	120.0
662.36	120.0
677.56	120.0
701.96	120.0
750.84	120.0
762.48	120.0
770.76	120.0
788.28	120.0
847.44	120.0
866.12	120.0
