316.4	84.0
334.4	84.0
302.84	84.0
339.04	84.0
325.08	85.0
338.56	85.0
345.24	85.0
387.64	85.0
407.28	85.0
536.4	85.0
613.32	85.0
644.52	85.0
854.88	85.0
303.0	86.0
324.52	86.0
336.48	86.0
347.8	86.0
366.24	86.0
376.6	86.0
393.32	86.0
415.56	86.0
435.76	86.0
453.2	86.0
487.12	86.0
519.84	86.0
567.8	86.0
618.56	86.0
695.8	86.0
854.88	86.0
315.68	86.0
328.2	86.0
333.68	86.0
343.96	86.0
360.84	86.0
372.32	86.0
385.04	86.0
405.2	86.0
439.24	86.0
472.36	86.0
503.32	86.0
541.68	86.0
548.4	86.0
336.64	87.0
344.84	87.0
611.52	87.0
309.32	87.0
312.36	87.0
315.6	87.0
319.36	87.0
322.88	87.0
329.48	87.0
332.44	87.0
341.92	87.0
350.56	87.0
363.32	87.0
371.68	87.0
386.6	87.0
427.16	87.0
527.52	87.0
660.68	87.0
772.76	87.0
809.44	87.0
309.4	88.0
316.88	88.0
350.76	88.0
371.36	88.0
411.8	88.0
432.08	88.0
451.6	88.0
477.6	88.0
496.36	88.0
517.4	88.0
536.2	88.0
541.12	88.0
559.2	88.0
583.64	88.0
605.48	88.0
623.12	88.0
698.2	88.0
764.32	88.0
319.4	88.0
332.36	88.0
397.88	88.0
420.96	88.0
655.16	88.0
783.52	88.0
786.8	88.0
821.28	88.0
952.72	88.0
302.48	89.0
311.4	89.0
675.4	89.0
864.76	89.0
927.8	89.0
321.92	89.0
327.24	89.0
360.36	89.0
407.92	89.0
442.8	89.0
700.4	89.0
713.48	89.0
779.64	89.0
935.36	89.0
360.2	90.0
314.72	90.0
326.64	90.0
351.96	90.0
370.6	90.0
388.84	90.0
394.4	90.0
509.32	90.0
518.36	90.0
553.0	90.0
601.88	90.0
661.2	90.0
713.16	90.0
750.4	90.0
867.04	90.0
930.08	90.0
986.24	90.0
302.84	91.0
314.08	91.0
17.44	91.0
324.32	91.0
345.08	91.0
387.12	91.0
407.0	91.0
312.04	92.0
315.48	92.0
328.12	92.0
331.88	92.0
335.0	92.0
340.44	92.0
361.76	92.0
368.76	92.0
390.08	92.0
407.76	92.0
425.28	92.0
431.68	92.0
455.2	92.0
478.08	92.0
525.72	92.0
567.36	92.0
803.48	92.0
321.12	92.0
345.16	92.0
373.68	92.0
397.0	92.0
442.52	92.0
473.08	92.0
516.88	92.0
541.04	92.0
571.32	92.0
581.16	92.0
588.36	92.0
691.84	92.0
730.4	92.0
906.16	92.0
316.84	93.0
373.6	93.0
477.44	93.0
567.6	93.0
593.68	93.0
632.32	93.0
684.4	93.0
796.12	93.0
302.72	93.0
319.36	94.0
333.4	94.0
343.6	94.0
395.76	94.0
398.88	94.0
484.72	94.0
493.28	94.0
587.64	94.0
878.84	94.0
302.48	95.0
319.92	95.0
322.52	95.0
339.92	95.0
677.0	95.0
927.48	95.0
349.6	96.0
490.36	97.0
771.76	97.0
302.48	97.0
311.88	97.0
337.64	97.0
747.96	98.0
784.8	98.0
867.8	98.0
312.36	99.0
316.6	99.0
320.96	99.0
324.84	99.0
330.08	99.0
336.08	99.0
339.32	99.0
344.92	99.0
359.84	99.0
398.2	99.0
421.48	99.0
433.44	99.0
453.92	99.0
486.76	99.0
541.04	99.0
544.28	99.0
734.96	99.0
787.76	99.0
672.52	100.0
700.32	100.0
713.72	100.0
730.24	100.0
820.36	100.0
313.72	101.0
318.0	101.0
326.08	101.0
360.12	101.0
380.84	101.0
391.8	101.0
302.84	102.0
394.84	102.0
329.4	102.0
302.48	103.0
322.32	103.0
302.48	104.0
311.0	104.0
315.72	104.0
321.08	104.0
326.0	104.0
330.6	104.0
336.24	104.0
342.36	104.0
349.76	104.0
354.16	104.0
364.32	104.0
392.36	104.0
406.48	104.0
446.52	104.0
475.04	104.0
529.28	104.0
542.24	104.0
571.2	104.0
591.96	104.0
624.88	104.0
641.0	104.0
699.24	104.0
720.92	104.0
801.84	104.0
319.64	106.0
435.08	106.0
310.08	107.0
315.48	107.0
319.0	107.0
334.2	107.0
338.44	107.0
362.12	107.0
373.64	107.0
386.4	107.0
431.64	107.0
484.52	107.0
563.36	107.0
605.32	107.0
665.44	107.0
772.16	107.0
310.64	108.0
674.8	108.0
321.56	108.0
343.76	108.0
364.8	108.0
385.32	108.0
420.8	108.0
512.96	108.0
556.88	108.0
594.52	108.0
601.28	108.0
752.8	108.0
311.64	109.0
326.48	109.0
346.08	109.0
394.24	109.0
509.08	109.0
310.48	110.0
396.4	110.0
346.84	110.0
355.8	110.0
386.08	110.0
603.56	110.0
310.56	111.0
603.88	111.0
786.84	111.0
799.32	111.0
314.24	111.0
318.04	111.0
320.56	111.0
326.48	111.0
332.12	111.0
343.32	111.0
353.4	111.0
360.0	111.0
364.28	111.0
375.8	111.0
396.08	111.0
402.76	111.0
410.12	111.0
428.0	111.0
434.96	111.0
457.88	111.0
482.28	111.0
570.16	111.0
576.16	111.0
640.44	111.0
699.64	111.0
730.88	111.0
810.84	111.0
884.88	111.0
317.08	112.0
309.0	112.0
312.12	112.0
348.32	112.0
353.72	112.0
391.36	112.0
587.44	112.0
731.56	112.0
794.96	112.0
819.32	112.0
353.84	113.0
315.48	113.0
328.52	113.0
346.6	113.0
361.84	113.0
394.36	113.0
425.48	113.0
468.84	113.0
576.12	113.0
313.56	114.0
324.44	114.0
328.64	114.0
331.2	114.0
338.2	114.0
346.0	114.0
375.52	114.0
403.52	114.0
363.56	114.0
398.48	114.0
431.96	114.0
801.36	114.0
337.76	115.0
590.6	115.0
805.76	115.0
311.04	115.0
318.72	115.0
321.36	115.0
328.04	115.0
343.48	115.0
347.12	115.0
356.04	115.0
361.44	115.0
370.52	115.0
389.36	115.0
406.72	115.0
419.88	115.0
432.04	115.0
453.32	115.0
476.96	115.0
490.2	115.0
508.72	115.0
527.68	115.0
563.44	115.0
609.04	115.0
655.8	115.0
689.84	115.0
748.0	115.0
777.68	115.0
317.32	116.0
320.04	116.0
329.52	116.0
346.44	116.0
389.0	116.0
310.96	116.0
314.48	116.0
322.92	116.0
326.56	116.0
341.72	116.0
352.92	116.0
360.68	116.0
403.8	116.0
418.12	116.0
427.92	116.0
471.48	116.0
476.16	116.0
489.84	116.0
524.8	116.0
554.6	116.0
572.4	116.0
578.32	116.0
596.0	116.0
603.88	116.0
624.2	116.0
668.24	116.0
710.16	116.0
762.16	116.0
773.44	116.0
791.44	116.0
805.88	116.0
808.52	116.0
853.8	116.0
343.36	117.0
465.16	117.0
327.08	117.0
330.92	117.0
340.6	117.0
403.08	117.0
604.0	117.0
314.96	118.0
328.2	118.0
311.16	118.0
321.84	118.0
344.64	118.0
355.28	118.0
408.4	118.0
321.56	119.0
362.32	119.0
383.96	119.0
428.68	119.0
487.56	119.0
559.04	119.0
601.44	119.0
768.12	119.0
321.52	120.0
332.6	120.0
354.44	120.0
407.32	120.0
541.16	120.0
602.68	120.0
700.24	120.0
709.88	120.0
794.48	120.0
801.04	120.0
818.84	120.0
