1147.96	84.0
302.76	84.0
69.76	85.0
85.88	85.0
161.6	85.0
224.2	85.0
248.2	85.0
302.52	85.0
463.6	85.0
543.96	85.0
588.76	85.0
616.44	85.0
711.88	85.0
772.24	85.0
856.96	85.0
918.96	85.0
998.16	85.0
1116.6	85.0
1142.16	85.0
1181.6	85.0
12.52	86.0
23.88	86.0
63.16	86.0
79.4	86.0
98.56	86.0
114.52	86.0
121.88	86.0
143.48	86.0
188.6	86.0
197.28	86.0
200.8	86.0
220.2	86.0
278.96	86.0
307.12	86.0
340.16	86.0
351.2	86.0
373.56	86.0
392.72	86.0
403.44	86.0
433.96	86.0
462.28	86.0
490.6	86.0
519.72	86.0
559.36	86.0
609.96	86.0
657.2	86.0
704.48	86.0
733.6	86.0
746.04	86.0
768.88	86.0
847.08	86.0
860.04	86.0
863.44	86.0
879.76	86.0
893.44	86.0
915.8	86.0
931.36	86.0
939.56	86.0
962.6	86.0
988.28	86.0
1019.92	86.0
1031.12	86.0
1058.0	86.0
1104.36	86.0
1136.96	86.0
1148.32	86.0
1176.4	86.0
1254.56	86.0
1267.24	86.0
1306.36	86.0
157.76	86.0
311.04	86.0
316.72	86.0
323.44	86.0
331.68	86.0
335.52	86.0
975.24	86.0
1092.6	86.0
25.68	87.0
16.48	87.0
85.28	87.0
109.52	87.0
133.28	87.0
169.36	87.0
308.08	87.0
314.4	87.0
318.8	87.0
325.28	87.0
365.84	87.0
462.0	87.0
470.2	87.0
482.56	87.0
503.88	87.0
559.96	87.0
607.36	87.0
611.52	87.0
790.92	87.0
797.64	87.0
896.48	87.0
902.12	87.0
986.04	87.0
1030.68	87.0
1141.16	87.0
303.0	88.0
463.8	88.0
32.36	88.0
58.2	88.0
67.88	88.0
72.84	88.0
75.48	88.0
116.4	88.0
151.52	88.0
177.76	88.0
195.0	88.0
249.48	88.0
272.32	88.0
318.04	88.0
329.2	88.0
352.36	88.0
375.64	88.0
407.16	88.0
438.04	88.0
474.24	88.0
509.48	88.0
566.84	88.0
606.0	88.0
645.0	88.0
733.96	88.0
745.0	88.0
841.24	88.0
875.56	88.0
895.76	88.0
945.04	88.0
958.28	88.0
982.8	88.0
1005.0	88.0
1032.92	88.0
1068.32	88.0
1083.52	88.0
1087.92	88.0
1120.08	88.0
1195.4	88.0
1265.6	88.0
1285.8	88.0
152.52	89.0
159.64	89.0
329.56	89.0
839.04	89.0
961.8	89.0
1268.76	89.0
74.76	90.0
192.0	90.0
282.8	90.0
307.52	90.0
313.08	90.0
341.04	90.0
356.72	90.0
376.24	90.0
698.64	90.0
838.72	90.0
893.8	90.0
898.0	90.0
906.24	90.0
995.16	90.0
1055.08	90.0
1198.24	90.0
311.24	91.0
278.4	92.0
314.24	92.0
332.24	92.0
81.84	92.0
239.32	92.0
318.28	92.0
613.4	92.0
857.2	92.0
1062.76	92.0
337.12	93.0
617.08	93.0
960.28	93.0
1180.32	93.0
302.52	93.0
606.4	94.0
118.44	94.0
312.92	94.0
1178.44	94.0
126.64	95.0
172.04	95.0
526.92	95.0
661.12	95.0
791.52	95.0
838.4	95.0
1045.84	95.0
1249.96	95.0
10.44	97.0
233.16	97.0
415.76	97.0
537.76	97.0
920.76	97.0
1080.44	97.0
1198.36	97.0
1238.64	97.0
103.32	97.0
144.72	97.0
154.84	97.0
208.12	97.0
302.44	97.0
489.72	97.0
1024.12	97.0
1059.88	97.0
1146.04	97.0
1137.68	98.0
1254.04	98.0
153.52	99.0
309.4	99.0
316.32	99.0
327.76	99.0
373.32	99.0
701.84	99.0
927.04	99.0
16.76	100.0
199.44	100.0
225.32	100.0
273.72	100.0
317.48	100.0
375.2	100.0
438.4	100.0
492.16	100.0
695.24	100.0
813.12	100.0
920.72	100.0
1089.76	100.0
1164.16	100.0
1209.8	100.0
57.64	104.0
159.36	104.0
178.6	104.0
306.12	104.0
311.48	104.0
316.08	104.0
323.56	104.0
332.88	104.0
351.8	104.0
380.56	104.0
444.8	104.0
473.68	104.0
499.4	104.0
627.76	104.0
898.4	104.0
993.96	104.0
997.2	104.0
1062.48	104.0
1137.04	104.0
1140.48	104.0
1169.24	104.0
197.36	106.0
302.92	107.0
13.88	107.0
59.08	107.0
80.24	107.0
152.64	107.0
198.28	107.0
310.4	107.0
312.92	107.0
319.64	107.0
501.16	107.0
561.28	107.0
589.24	107.0
705.92	107.0
771.24	107.0
862.08	107.0
891.0	107.0
922.8	107.0
980.96	107.0
1067.88	107.0
1092.88	107.0
1241.6	107.0
41.6	108.0
302.48	108.0
311.56	108.0
333.24	108.0
912.16	108.0
944.52	108.0
961.32	109.0
1060.08	109.0
310.52	110.0
116.44	110.0
323.0	110.0
310.48	111.0
79.72	111.0
94.52	111.0
106.92	111.0
177.12	111.0
198.84	111.0
209.84	111.0
216.28	111.0
250.6	111.0
279.56	111.0
295.6	111.0
322.92	111.0
335.28	111.0
381.2	111.0
428.68	111.0
492.52	111.0
616.72	111.0
753.04	111.0
850.04	111.0
882.72	111.0
892.92	111.0
948.64	111.0
986.16	111.0
1029.72	111.0
1033.76	111.0
1062.08	111.0
1172.44	111.0
1238.16	111.0
1316.76	111.0
35.6	112.0
157.28	112.0
176.76	112.0
279.28	112.0
309.0	112.0
311.8	112.0
372.56	112.0
433.52	112.0
617.76	112.0
745.48	112.0
818.56	112.0
868.8	112.0
1064.32	112.0
1199.68	112.0
307.8	114.0
315.16	114.0
889.96	114.0
1148.16	114.0
1251.88	114.0
339.68	115.0
926.16	115.0
1174.36	115.0
116.68	115.0
214.44	115.0
290.92	115.0
376.08	115.0
416.28	115.0
462.76	115.0
504.08	115.0
579.12	115.0
630.96	115.0
702.04	115.0
861.96	115.0
995.76	115.0
1016.56	115.0
1068.6	115.0
1151.2	115.0
1207.16	115.0
339.84	116.0
348.76	116.0
967.04	116.0
19.48	116.0
163.24	116.0
279.92	116.0
310.88	116.0
313.48	116.0
327.84	116.0
375.44	116.0
464.6	116.0
600.32	116.0
630.8	116.0
698.52	116.0
701.84	116.0
901.08	116.0
915.76	116.0
926.44	116.0
981.28	116.0
993.16	116.0
1030.52	116.0
1093.28	116.0
1167.8	116.0
375.52	117.0
437.28	117.0
463.32	117.0
475.08	117.0
345.68	117.0
349.2	117.0
945.0	118.0
992.12	118.0
26.6	118.0
155.28	118.0
312.16	118.0
318.72	118.0
373.92	118.0
837.32	118.0
891.44	118.0
13.16	120.0
30.2	120.0
244.52	120.0
317.12	120.0
436.48	120.0
617.36	120.0
771.84	120.0
866.68	120.0
882.56	120.0
891.88	120.0
970.68	120.0
1031.52	120.0
1149.72	120.0
1247.4	120.0
