318.72	84.0
334.96	84.0
336.08	85.0
343.72	85.0
351.24	85.0
406.56	85.0
433.48	85.0
461.72	85.0
478.12	85.0
489.0	85.0
553.92	85.0
591.04	85.0
660.84	85.0
702.08	85.0
793.16	85.0
865.84	85.0
891.76	85.0
983.88	85.0
1081.24	85.0
1094.12	85.0
1115.4	85.0
1317.72	85.0
310.24	86.0
315.76	86.0
320.6	86.0
340.88	86.0
343.84	86.0
353.8	86.0
371.0	86.0
387.8	86.0
395.4	86.0
398.44	86.0
412.2	86.0
432.76	86.0
457.44	86.0
480.24	86.0
506.52	86.0
534.08	86.0
619.04	86.0
763.36	86.0
855.68	86.0
867.6	86.0
969.36	86.0
1033.32	86.0
1059.08	86.0
1146.12	86.0
1170.88	86.0
1178.2	86.0
1216.4	86.0
1235.24	86.0
1262.76	86.0
307.48	86.0
329.64	86.0
334.56	86.0
349.08	86.0
357.8	86.0
377.96	86.0
380.84	86.0
677.44	86.0
786.84	86.0
823.64	86.0
1037.08	86.0
1122.04	86.0
1159.4	86.0
1287.72	86.0
332.04	87.0
335.2	87.0
354.56	87.0
358.08	87.0
537.84	87.0
569.32	87.0
1089.16	87.0
307.28	87.0
320.56	87.0
324.48	87.0
329.16	87.0
340.92	87.0
362.8	87.0
368.68	87.0
373.6	87.0
378.44	87.0
386.12	87.0
418.48	87.0
455.68	87.0
469.32	87.0
489.16	87.0
517.92	87.0
545.2	87.0
562.12	87.0
574.92	87.0
593.92	87.0
608.88	87.0
623.44	87.0
636.2	87.0
646.76	87.0
657.08	87.0
682.88	87.0
710.2	87.0
723.96	87.0
737.04	87.0
780.28	87.0
813.32	87.0
950.12	87.0
1120.52	87.0
1228.0	87.0
442.16	88.0
1148.36	88.0
310.04	88.0
335.96	88.0
343.72	88.0
383.92	88.0
394.88	88.0
537.48	88.0
576.44	88.0
617.48	88.0
636.68	88.0
676.12	88.0
708.24	88.0
892.84	88.0
1065.8	88.0
318.0	89.0
322.08	89.0
350.56	89.0
852.68	89.0
980.12	89.0
1148.44	89.0
1195.48	89.0
1270.0	89.0
302.48	90.0
321.76	90.0
336.76	90.0
651.08	90.0
703.64	90.0
764.28	90.0
815.64	90.0
891.84	90.0
1089.96	90.0
1195.2	90.0
1229.44	90.0
317.44	91.0
320.16	91.0
302.48	91.0
306.92	91.0
320.16	92.0
324.32	92.0
329.6	92.0
338.0	92.0
356.76	92.0
367.08	92.0
441.32	92.0
496.0	92.0
894.12	92.0
1072.68	92.0
1125.96	92.0
1295.76	92.0
308.48	92.0
347.32	92.0
352.24	92.0
364.24	92.0
374.84	92.0
413.44	92.0
421.64	92.0
539.0	92.0
898.04	92.0
1038.76	92.0
1143.08	92.0
320.44	93.0
328.12	93.0
340.16	93.0
356.64	93.0
366.76	93.0
386.16	93.0
401.96	93.0
426.56	93.0
537.56	93.0
628.36	93.0
658.56	93.0
690.48	93.0
703.76	93.0
729.32	93.0
761.12	93.0
831.2	93.0
949.16	93.0
984.0	93.0
1001.04	93.0
1039.4	93.0
1064.96	93.0
1216.64	93.0
1243.6	93.0
1270.88	93.0
351.08	94.0
461.28	94.0
536.64	94.0
762.68	94.0
1265.44	94.0
310.0	94.0
318.2	94.0
323.72	94.0
328.36	94.0
337.24	94.0
378.32	94.0
387.08	94.0
443.72	94.0
867.36	94.0
963.44	94.0
968.4	94.0
1049.08	94.0
1145.64	94.0
1218.56	94.0
302.48	95.0
309.08	95.0
325.6	95.0
336.52	95.0
339.24	95.0
387.4	95.0
515.6	95.0
570.0	95.0
599.32	95.0
628.24	95.0
650.92	95.0
700.2	95.0
729.28	95.0
752.72	95.0
763.04	95.0
806.28	95.0
900.48	95.0
1036.32	95.0
1239.84	95.0
1309.96	95.0
303.0	96.0
759.72	96.0
828.76	96.0
852.52	96.0
888.84	96.0
1027.92	96.0
1072.44	96.0
1162.12	96.0
1232.92	96.0
1285.16	96.0
1313.92	96.0
302.68	97.0
308.88	97.0
335.72	97.0
354.52	97.0
628.88	97.0
650.88	97.0
702.28	97.0
909.32	97.0
1101.44	97.0
336.92	98.0
309.0	99.0
312.84	99.0
317.08	99.0
322.08	99.0
326.72	99.0
332.44	99.0
342.28	99.0
351.4	99.0
359.68	99.0
366.6	99.0
369.6	99.0
442.0	99.0
575.56	99.0
612.36	99.0
659.24	99.0
682.44	99.0
707.96	99.0
732.92	99.0
800.68	99.0
891.92	99.0
947.72	99.0
1119.92	99.0
1296.2	99.0
307.28	100.0
311.0	100.0
320.6	100.0
354.8	100.0
375.52	100.0
534.6	100.0
615.6	100.0
827.4	100.0
1149.16	100.0
1304.64	100.0
313.76	101.0
323.12	101.0
357.72	101.0
387.28	101.0
357.8	102.0
366.84	102.0
383.24	102.0
324.4	102.0
337.96	102.0
333.36	103.0
420.96	103.0
701.24	103.0
302.68	104.0
306.76	104.0
310.6	104.0
316.32	104.0
320.16	104.0
322.68	104.0
327.16	104.0
332.16	104.0
337.8	104.0
343.36	104.0
350.36	104.0
362.2	104.0
377.2	104.0
387.92	104.0
399.64	104.0
403.44	104.0
432.64	104.0
445.04	104.0
505.84	104.0
519.32	104.0
535.76	104.0
559.32	104.0
578.16	104.0
598.88	104.0
619.64	104.0
652.76	104.0
682.08	104.0
704.08	104.0
729.84	104.0
763.56	104.0
801.24	104.0
928.2	104.0
980.76	104.0
1009.44	104.0
1035.4	104.0
1065.24	104.0
1108.4	104.0
1148.8	104.0
1217.6	104.0
1248.36	104.0
399.6	106.0
422.92	106.0
605.8	106.0
788.8	106.0
310.64	107.0
325.0	107.0
390.52	107.0
700.8	107.0
308.12	107.0
348.6	107.0
355.8	107.0
367.4	107.0
375.68	107.0
380.08	107.0
406.44	107.0
409.04	107.0
429.48	107.0
522.0	107.0
855.44	107.0
1047.96	107.0
1083.48	107.0
1125.68	107.0
1152.24	107.0
1216.68	107.0
1224.64	107.0
308.2	108.0
302.48	108.0
315.84	108.0
325.08	108.0
343.92	108.0
348.8	108.0
366.16	108.0
385.48	108.0
409.52	108.0
440.16	108.0
525.76	108.0
584.4	108.0
645.16	108.0
675.76	108.0
719.28	108.0
744.28	108.0
806.0	108.0
832.12	108.0
879.92	108.0
961.92	108.0
1111.4	108.0
313.68	109.0
326.28	109.0
350.04	109.0
371.08	109.0
576.72	109.0
322.72	109.0
407.28	109.0
614.92	109.0
310.48	110.0
328.0	110.0
370.8	110.0
313.68	110.0
362.08	110.0
432.12	110.0
589.76	110.0
598.64	110.0
644.8	110.0
656.44	110.0
1001.88	110.0
1194.2	110.0
310.48	111.0
399.8	111.0
313.52	111.0
316.84	111.0
321.56	111.0
325.0	111.0
330.12	111.0
333.36	111.0
336.16	111.0
341.16	111.0
343.96	111.0
346.6	111.0
352.36	111.0
359.16	111.0
364.52	111.0
413.8	111.0
457.44	111.0
557.84	111.0
576.08	111.0
650.04	111.0
665.6	111.0
681.44	111.0
800.64	111.0
862.72	111.0
902.88	111.0
924.64	111.0
938.16	111.0
942.84	111.0
965.88	111.0
978.72	111.0
1005.84	111.0
1055.12	111.0
1077.48	111.0
1090.68	111.0
1097.76	111.0
1108.48	111.0
1126.32	111.0
1178.76	111.0
1228.88	111.0
1260.88	111.0
1264.92	111.0
1301.16	111.0
1305.2	111.0
334.28	112.0
1062.0	112.0
309.0	112.0
312.32	112.0
342.96	112.0
350.88	112.0
371.08	112.0
389.52	112.0
403.24	112.0
412.44	112.0
461.04	112.0
546.36	112.0
822.0	112.0
1109.96	112.0
315.56	113.0
322.8	113.0
330.12	113.0
343.48	113.0
357.44	113.0
384.72	113.0
408.12	113.0
423.48	113.0
443.72	113.0
461.2	113.0
493.76	113.0
513.6	113.0
536.52	113.0
567.44	113.0
306.08	114.0
314.72	114.0
320.24	114.0
328.6	114.0
333.12	114.0
341.16	114.0
352.04	114.0
360.92	114.0
372.64	114.0
495.64	114.0
678.88	114.0
324.64	114.0
355.28	114.0
382.12	114.0
389.32	114.0
701.92	114.0
354.04	115.0
370.92	115.0
308.96	115.0
324.72	115.0
331.48	115.0
386.8	115.0
406.76	115.0
476.72	115.0
514.64	115.0
535.6	115.0
553.44	115.0
583.16	115.0
598.96	115.0
615.0	115.0
620.12	115.0
656.72	115.0
680.8	115.0
707.84	115.0
748.56	115.0
834.4	115.0
895.88	115.0
969.24	115.0
981.16	115.0
1002.16	115.0
1067.52	115.0
1098.92	115.0
1141.72	115.0
1167.76	115.0
1173.8	115.0
1236.44	115.0
1245.52	115.0
1262.4	115.0
1265.0	115.0
1272.96	115.0
1315.08	115.0
313.72	116.0
325.4	116.0
342.8	116.0
371.52	116.0
317.8	116.0
322.2	116.0
329.64	116.0
339.4	116.0
350.08	116.0
354.56	116.0
360.56	116.0
368.76	116.0
376.68	116.0
386.52	116.0
398.44	116.0
406.76	116.0
419.56	116.0
484.16	116.0
677.2	116.0
796.68	116.0
860.32	116.0
889.16	116.0
893.52	116.0
962.92	116.0
1060.56	116.0
1068.52	116.0
1095.76	116.0
1124.36	116.0
1137.68	116.0
1147.88	116.0
1160.84	116.0
1202.0	116.0
1236.28	116.0
1264.84	116.0
1270.96	116.0
313.32	117.0
341.4	117.0
344.72	117.0
383.8	117.0
446.56	117.0
940.16	117.0
330.44	117.0
558.12	117.0
589.96	117.0
1013.56	117.0
1138.24	117.0
314.76	118.0
574.4	118.0
612.64	118.0
700.84	118.0
726.32	118.0
1192.16	118.0
310.8	118.0
319.84	118.0
323.68	118.0
334.64	118.0
342.4	118.0
353.36	118.0
361.04	118.0
377.44	118.0
457.6	118.0
527.52	118.0
556.2	118.0
679.8	118.0
761.16	118.0
924.44	118.0
977.48	118.0
1058.88	118.0
306.92	119.0
332.84	119.0
346.28	119.0
357.8	119.0
546.56	119.0
587.0	119.0
621.2	119.0
963.32	119.0
306.88	120.0
323.2	120.0
336.48	120.0
345.92	120.0
350.44	120.0
363.68	120.0
369.84	120.0
381.68	120.0
389.0	120.0
395.44	120.0
400.36	120.0
444.52	120.0
530.84	120.0
652.4	120.0
682.08	120.0
701.4	120.0
738.36	120.0
759.52	120.0
831.92	120.0
1090.12	120.0
1125.04	120.0
1150.84	120.0
