302.68	84.0
315.0	84.0
606.08	85.0
247.76	85.0
263.2	85.0
315.96	85.0
332.8	85.0
354.16	85.0
383.96	85.0
417.04	85.0
523.8	85.0
569.88	85.0
724.84	85.0
895.0	85.0
926.12	85.0
1037.4	85.0
1064.36	85.0
1154.88	85.0
1253.44	85.0
16.72	86.0
243.32	86.0
251.52	86.0
265.96	86.0
270.88	86.0
298.32	86.0
307.52	86.0
323.88	86.0
377.96	86.0
394.68	86.0
405.48	86.0
436.64	86.0
478.56	86.0
496.64	86.0
519.28	86.0
523.36	86.0
548.56	86.0
571.84	86.0
595.16	86.0
615.6	86.0
723.64	86.0
749.24	86.0
808.16	86.0
836.4	86.0
885.08	86.0
908.32	86.0
930.28	86.0
935.88	86.0
947.36	86.0
967.68	86.0
980.96	86.0
999.24	86.0
1036.12	86.0
1101.0	86.0
1114.32	86.0
1166.04	86.0
1263.32	86.0
311.72	86.0
315.68	86.0
318.56	86.0
321.08	86.0
326.44	86.0
331.04	86.0
335.52	86.0
344.72	86.0
353.52	86.0
366.92	86.0
371.64	86.0
457.04	86.0
933.08	86.0
1064.72	86.0
241.52	87.0
280.24	87.0
316.2	87.0
324.2	87.0
350.32	87.0
724.6	87.0
267.04	87.0
290.84	87.0
302.84	87.0
309.88	87.0
313.56	87.0
319.2	87.0
331.08	87.0
339.52	87.0
362.04	87.0
369.68	87.0
377.44	87.0
397.2	87.0
719.36	87.0
742.88	87.0
324.56	88.0
346.96	88.0
161.32	88.0
188.96	88.0
248.0	88.0
302.52	88.0
317.36	88.0
330.44	88.0
385.32	88.0
632.44	88.0
874.96	88.0
910.12	88.0
928.56	88.0
1106.24	88.0
1279.6	88.0
310.48	89.0
319.76	89.0
804.52	89.0
919.2	89.0
974.08	89.0
1014.92	89.0
1154.2	89.0
1200.04	89.0
323.04	90.0
193.56	90.0
272.24	90.0
278.12	90.0
307.56	90.0
311.36	90.0
328.04	90.0
418.4	90.0
433.48	90.0
519.08	90.0
559.0	90.0
589.8	90.0
632.28	90.0
754.24	90.0
853.44	90.0
907.32	90.0
963.08	90.0
1014.64	90.0
1119.24	90.0
321.52	91.0
339.8	91.0
231.12	91.0
314.8	91.0
810.6	91.0
178.0	92.0
313.32	92.0
326.52	92.0
350.52	92.0
385.04	92.0
455.16	92.0
752.72	92.0
798.76	92.0
866.84	92.0
1101.52	92.0
181.92	92.0
192.24	92.0
225.36	92.0
308.16	92.0
322.6	92.0
337.16	92.0
610.92	92.0
756.2	92.0
776.28	92.0
802.52	92.0
910.92	92.0
931.64	92.0
961.48	92.0
986.32	92.0
1105.04	92.0
1129.16	92.0
316.76	93.0
325.0	93.0
340.96	93.0
934.56	93.0
284.88	94.0
306.0	94.0
313.4	94.0
324.84	94.0
351.76	94.0
372.92	94.0
385.96	94.0
418.2	94.0
456.48	94.0
553.6	94.0
587.28	94.0
655.56	94.0
687.92	94.0
876.56	94.0
993.68	94.0
284.2	95.0
313.72	95.0
324.72	95.0
330.84	95.0
338.96	95.0
341.48	95.0
668.56	95.0
724.8	95.0
772.28	95.0
850.56	95.0
911.84	95.0
1115.76	95.0
1292.68	95.0
243.84	96.0
271.84	96.0
315.36	96.0
339.72	96.0
391.6	96.0
430.64	96.0
456.96	96.0
513.6	96.0
545.64	96.0
692.08	96.0
825.08	96.0
907.6	96.0
931.36	96.0
962.0	96.0
1000.52	96.0
1043.84	96.0
1109.4	96.0
1141.88	96.0
1286.52	96.0
314.32	97.0
976.16	97.0
302.44	97.0
368.64	97.0
383.64	97.0
482.48	97.0
1309.32	97.0
335.8	98.0
345.68	98.0
547.68	98.0
309.28	99.0
315.4	99.0
320.24	99.0
323.48	99.0
326.44	99.0
331.64	99.0
338.2	99.0
343.44	99.0
350.08	99.0
361.92	99.0
370.52	99.0
926.48	99.0
248.8	100.0
967.92	100.0
319.76	101.0
322.92	101.0
347.76	101.0
982.84	101.0
309.2	102.0
314.92	102.0
347.92	102.0
369.48	102.0
320.32	102.0
469.32	102.0
415.08	103.0
319.92	103.0
302.56	104.0
415.04	104.0
249.6	104.0
306.4	104.0
310.64	104.0
315.76	104.0
321.44	104.0
326.24	104.0
332.32	104.0
339.4	104.0
353.36	104.0
365.28	104.0
373.64	104.0
386.44	104.0
431.12	104.0
462.72	104.0
491.12	104.0
498.24	104.0
644.44	104.0
797.52	104.0
971.04	104.0
1143.28	104.0
302.52	106.0
327.48	106.0
331.92	106.0
344.28	106.0
424.96	106.0
652.6	106.0
1077.72	106.0
308.08	107.0
318.6	107.0
321.12	107.0
338.48	107.0
349.84	107.0
355.88	107.0
359.68	107.0
369.0	107.0
385.92	107.0
454.04	107.0
476.12	107.0
497.08	107.0
519.48	107.0
525.48	107.0
597.04	107.0
675.56	107.0
692.64	107.0
701.44	107.0
754.08	107.0
790.88	107.0
839.8	107.0
851.24	107.0
887.16	107.0
935.76	107.0
963.16	107.0
1003.2	107.0
1196.04	107.0
1234.4	107.0
332.92	108.0
23.64	108.0
66.2	108.0
302.48	108.0
311.72	108.0
322.92	108.0
375.96	108.0
327.8	109.0
338.12	109.0
418.24	109.0
1153.64	109.0
302.6	109.0
323.56	109.0
310.48	110.0
327.12	110.0
346.72	110.0
430.8	110.0
584.96	110.0
360.84	110.0
369.96	110.0
379.32	110.0
402.52	110.0
418.12	110.0
469.24	110.0
731.48	110.0
837.88	110.0
310.48	111.0
431.36	111.0
254.28	111.0
264.2	111.0
284.4	111.0
313.96	111.0
317.0	111.0
322.44	111.0
327.28	111.0
331.64	111.0
341.96	111.0
346.84	111.0
352.0	111.0
358.92	111.0
374.12	111.0
379.24	111.0
385.84	111.0
403.32	111.0
441.64	111.0
631.2	111.0
653.04	111.0
678.4	111.0
693.84	111.0
768.84	111.0
797.8	111.0
814.8	111.0
852.16	111.0
913.56	111.0
929.28	111.0
952.32	111.0
972.52	111.0
995.04	111.0
997.56	111.0
1028.76	111.0
1204.76	111.0
316.88	112.0
309.0	112.0
311.8	112.0
340.56	112.0
358.64	112.0
418.92	112.0
448.52	112.0
611.36	112.0
977.76	112.0
1192.24	112.0
302.96	113.0
314.64	113.0
324.16	113.0
338.96	113.0
353.48	113.0
384.68	113.0
410.16	113.0
1196.72	113.0
302.8	114.0
314.08	114.0
316.6	114.0
321.88	114.0
326.4	114.0
341.92	114.0
357.44	114.0
367.68	114.0
397.68	114.0
449.52	114.0
703.64	114.0
328.92	115.0
418.08	115.0
231.88	115.0
282.84	115.0
315.56	115.0
323.16	115.0
333.64	115.0
352.84	115.0
361.12	115.0
393.52	115.0
404.04	115.0
443.24	115.0
462.36	115.0
474.2	115.0
498.0	115.0
510.96	115.0
545.08	115.0
651.4	115.0
696.8	115.0
731.76	115.0
763.16	115.0
798.04	115.0
838.2	115.0
211.16	116.0
361.6	116.0
383.6	116.0
136.08	116.0
154.52	116.0
165.24	116.0
203.48	116.0
248.28	116.0
263.96	116.0
310.56	116.0
315.68	116.0
319.08	116.0
326.96	116.0
331.08	116.0
342.2	116.0
346.2	116.0
352.16	116.0
367.08	116.0
373.04	116.0
413.72	116.0
435.48	116.0
442.32	116.0
519.0	116.0
660.96	116.0
732.36	116.0
753.88	116.0
802.24	116.0
822.52	116.0
870.12	116.0
927.32	116.0
934.36	116.0
984.52	116.0
1087.48	116.0
1092.52	116.0
1190.6	116.0
1239.36	116.0
1315.44	116.0
328.72	117.0
372.0	117.0
322.8	117.0
337.96	117.0
395.04	117.0
442.0	117.0
469.4	117.0
366.28	118.0
430.28	118.0
262.72	118.0
310.72	118.0
314.08	118.0
324.0	118.0
329.24	118.0
332.12	118.0
343.32	118.0
359.04	118.0
386.44	118.0
408.96	118.0
466.36	118.0
498.08	118.0
519.04	118.0
542.76	118.0
565.24	118.0
593.28	118.0
629.48	118.0
702.44	118.0
850.48	118.0
80.32	119.0
205.92	119.0
221.08	119.0
302.64	119.0
316.68	119.0
325.04	119.0
385.76	119.0
471.68	119.0
497.52	119.0
617.2	119.0
1257.44	119.0
315.72	120.0
320.44	120.0
324.36	120.0
330.8	120.0
352.76	120.0
525.04	120.0
551.4	120.0
663.4	120.0
694.32	120.0
730.44	120.0
759.0	120.0
1292.56	120.0
