347.64	84.0
431.64	84.0
302.72	84.0
317.6	84.0
268.16	85.0
320.8	85.0
347.92	85.0
388.32	85.0
450.08	85.0
252.64	86.0
266.52	86.0
278.96	86.0
311.68	86.0
327.76	86.0
333.44	86.0
336.72	86.0
342.76	86.0
352.68	86.0
359.44	86.0
362.48	86.0
371.36	86.0
385.84	86.0
389.48	86.0
400.04	86.0
416.32	86.0
429.36	86.0
463.48	86.0
499.16	86.0
539.36	86.0
557.88	86.0
588.24	86.0
307.56	86.0
315.36	86.0
320.96	86.0
346.8	86.0
261.92	87.0
275.08	87.0
288.68	87.0
302.52	87.0
316.72	87.0
344.04	87.0
214.8	87.0
237.88	87.0
245.0	87.0
258.16	87.0
265.44	87.0
270.32	87.0
282.72	87.0
292.08	87.0
313.08	87.0
322.92	87.0
326.76	87.0
330.2	87.0
332.84	87.0
347.64	87.0
362.0	87.0
392.6	87.0
242.36	88.0
311.36	88.0
338.2	88.0
39.04	88.0
76.88	88.0
214.28	88.0
250.12	88.0
291.68	88.0
306.44	88.0
317.6	88.0
320.96	88.0
329.28	88.0
396.52	88.0
208.56	89.0
346.32	89.0
70.96	89.0
247.32	89.0
321.64	89.0
329.76	89.0
337.32	89.0
366.96	89.0
450.56	89.0
110.0	90.0
318.96	90.0
195.28	90.0
230.8	90.0
237.2	90.0
265.52	90.0
292.68	90.0
314.76	90.0
346.24	90.0
366.68	90.0
377.6	90.0
395.28	90.0
323.52	91.0
334.72	91.0
315.24	91.0
346.56	91.0
12.4	92.0
231.68	92.0
251.4	92.0
257.32	92.0
302.72	92.0
308.56	92.0
320.08	92.0
334.56	92.0
360.68	92.0
382.2	92.0
404.76	92.0
465.16	92.0
537.6	92.0
278.28	92.0
314.88	92.0
339.96	92.0
347.92	92.0
366.96	92.0
409.04	92.0
428.28	92.0
469.8	92.0
506.04	92.0
316.0	93.0
336.0	93.0
337.68	94.0
370.8	94.0
261.2	94.0
320.92	94.0
334.36	94.0
393.36	94.0
466.44	94.0
497.92	94.0
585.2	94.0
199.04	95.0
255.16	95.0
291.44	95.0
330.68	95.0
343.64	95.0
504.04	95.0
600.48	95.0
252.76	96.0
283.52	96.0
307.2	96.0
349.88	96.0
369.32	96.0
391.32	96.0
413.84	96.0
439.56	96.0
503.64	96.0
531.92	96.0
559.84	96.0
302.44	97.0
306.72	97.0
319.0	97.0
365.56	97.0
254.56	98.0
319.24	98.0
170.72	99.0
345.88	99.0
97.28	99.0
115.96	99.0
240.68	99.0
261.36	99.0
302.84	99.0
307.8	99.0
312.24	99.0
316.4	99.0
320.88	99.0
327.12	99.0
333.8	99.0
360.28	99.0
390.32	99.0
416.56	99.0
121.28	100.0
272.72	100.0
314.52	100.0
339.52	100.0
302.64	101.0
320.64	101.0
332.44	101.0
361.04	102.0
337.88	103.0
369.32	103.0
331.88	103.0
302.48	104.0
369.24	104.0
386.96	104.0
261.68	104.0
276.64	104.0
292.16	104.0
310.88	104.0
316.92	104.0
321.32	104.0
328.28	104.0
333.96	104.0
341.92	104.0
355.4	104.0
366.0	104.0
403.16	104.0
448.24	104.0
453.8	104.0
486.6	104.0
528.08	104.0
335.64	106.0
372.08	106.0
436.36	106.0
308.76	107.0
336.24	107.0
351.44	107.0
239.76	107.0
257.72	107.0
281.88	107.0
299.64	107.0
302.92	107.0
317.56	107.0
330.04	107.0
338.88	107.0
348.2	107.0
368.28	107.0
375.16	107.0
382.56	107.0
393.72	107.0
409.96	107.0
436.32	107.0
461.68	107.0
481.6	107.0
500.12	107.0
525.68	107.0
552.2	107.0
591.84	107.0
634.4	107.0
135.16	108.0
276.36	108.0
311.44	108.0
321.6	108.0
324.96	108.0
346.36	108.0
377.36	108.0
390.2	108.0
415.08	108.0
265.32	109.0
280.84	109.0
310.8	109.0
325.72	109.0
346.0	109.0
366.44	109.0
302.52	109.0
310.52	110.0
345.84	110.0
351.32	110.0
265.52	110.0
321.52	110.0
353.84	110.0
366.92	110.0
310.52	111.0
361.0	111.0
101.48	111.0
207.6	111.0
232.04	111.0
256.52	111.0
261.0	111.0
265.44	111.0
283.56	111.0
321.28	111.0
325.32	111.0
332.52	111.0
336.96	111.0
340.2	111.0
346.0	111.0
351.48	111.0
376.64	111.0
389.88	111.0
407.6	111.0
418.24	111.0
426.12	111.0
437.68	111.0
467.88	111.0
475.12	111.0
511.08	111.0
599.52	111.0
318.76	112.0
387.08	112.0
309.0	112.0
311.52	112.0
486.08	112.0
303.0	113.0
315.08	113.0
325.44	113.0
334.48	113.0
349.52	113.0
382.4	113.0
302.76	114.0
314.56	114.0
325.04	114.0
333.76	114.0
358.64	114.0
317.12	114.0
312.64	115.0
332.72	115.0
342.04	115.0
80.52	115.0
216.0	115.0
279.88	115.0
315.72	115.0
345.64	115.0
354.08	115.0
367.12	115.0
381.04	115.0
415.44	115.0
427.76	115.0
448.48	115.0
468.28	115.0
480.32	115.0
512.28	115.0
574.28	115.0
325.56	116.0
329.44	116.0
345.32	116.0
355.84	116.0
7.28	116.0
123.68	116.0
195.28	116.0
213.76	116.0
229.12	116.0
245.44	116.0
252.0	116.0
264.96	116.0
291.88	116.0
311.0	116.0
315.0	116.0
319.88	116.0
322.72	116.0
332.36	116.0
337.36	116.0
342.16	116.0
360.4	116.0
365.56	116.0
369.36	116.0
376.84	116.0
389.12	116.0
408.8	117.0
265.68	117.0
310.56	117.0
330.44	117.0
346.24	117.0
360.64	117.0
376.88	117.0
311.68	118.0
315.48	118.0
319.6	118.0
325.92	118.0
332.6	118.0
343.6	118.0
371.04	118.0
377.52	118.0
393.88	118.0
422.36	118.0
442.88	118.0
480.96	118.0
522.52	118.0
549.68	118.0
589.12	118.0
660.76	118.0
326.04	119.0
90.88	119.0
276.76	119.0
320.16	119.0
306.28	120.0
316.56	120.0
323.72	120.0
331.32	120.0
334.04	120.0
