302.88	84.0
315.72	84.0
318.24	84.0
322.24	85.0
336.8	85.0
411.72	85.0
462.72	85.0
608.6	85.0
316.36	86.0
320.36	86.0
323.76	86.0
335.32	86.0
337.84	86.0
342.4	86.0
350.32	86.0
358.4	86.0
365.32	86.0
376.48	86.0
390.88	86.0
400.28	86.0
417.32	86.0
428.72	86.0
479.24	86.0
491.12	86.0
519.64	86.0
536.28	86.0
557.08	86.0
626.68	86.0
655.6	86.0
309.44	86.0
327.48	86.0
370.48	86.0
459.16	86.0
483.24	86.0
511.52	86.0
599.92	86.0
401.52	87.0
309.2	87.0
311.96	87.0
319.2	87.0
322.0	87.0
329.0	87.0
332.12	87.0
336.56	87.0
340.8	87.0
346.2	87.0
351.88	87.0
360.84	87.0
368.56	87.0
378.92	87.0
446.08	87.0
560.32	87.0
303.0	88.0
317.32	88.0
330.28	88.0
669.08	88.0
309.2	88.0
313.64	88.0
358.68	88.0
367.08	88.0
398.24	88.0
479.76	88.0
513.44	88.0
611.08	88.0
674.96	88.0
814.08	88.0
849.12	88.0
937.12	88.0
522.08	89.0
733.32	89.0
315.28	89.0
445.56	89.0
318.44	90.0
302.52	90.0
314.96	90.0
326.12	90.0
367.92	90.0
323.28	91.0
571.36	91.0
312.4	92.0
319.6	92.0
329.84	92.0
338.12	92.0
416.32	92.0
420.04	92.0
309.4	93.0
346.64	93.0
358.44	93.0
672.68	93.0
317.44	93.0
383.2	94.0
309.84	94.0
321.92	94.0
338.2	94.0
403.48	94.0
436.96	94.0
472.32	94.0
483.4	94.0
526.68	94.0
571.4	94.0
317.96	95.0
334.76	95.0
570.64	95.0
674.56	95.0
729.2	95.0
319.24	96.0
327.24	96.0
318.8	97.0
321.96	97.0
542.0	97.0
302.56	97.0
338.16	97.0
343.8	97.0
367.56	97.0
358.88	98.0
825.24	98.0
401.8	98.0
519.0	98.0
312.12	99.0
315.92	99.0
320.4	99.0
325.56	99.0
330.96	99.0
336.64	99.0
633.36	99.0
331.6	100.0
322.52	101.0
319.72	102.0
338.2	102.0
416.48	102.0
302.52	103.0
315.6	103.0
336.24	103.0
302.52	104.0
328.0	104.0
311.2	104.0
315.36	104.0
319.24	104.0
324.04	104.0
335.8	104.0
351.92	104.0
380.16	104.0
420.52	104.0
686.4	104.0
208.16	106.0
232.16	106.0
281.0	106.0
310.24	107.0
319.4	107.0
325.12	107.0
336.56	107.0
363.88	107.0
369.84	107.0
410.12	107.0
422.2	107.0
428.44	107.0
466.64	107.0
521.52	107.0
615.08	107.0
675.24	107.0
724.6	107.0
302.48	108.0
312.48	108.0
319.16	108.0
333.88	108.0
378.36	108.0
390.8	108.0
426.2	108.0
322.4	109.0
367.72	109.0
319.24	109.0
334.44	109.0
310.48	110.0
329.08	110.0
338.48	110.0
367.2	110.0
449.64	110.0
504.76	110.0
509.32	110.0
543.0	110.0
605.8	110.0
310.6	111.0
336.04	111.0
492.56	111.0
318.16	111.0
321.44	111.0
329.2	111.0
333.04	111.0
436.36	111.0
449.56	111.0
502.44	111.0
510.96	111.0
537.84	111.0
586.76	111.0
637.04	111.0
666.52	111.0
673.12	111.0
682.84	111.0
776.44	111.0
877.56	111.0
317.44	112.0
309.0	112.0
311.92	112.0
329.48	112.0
335.0	112.0
412.64	112.0
584.52	112.0
588.56	112.0
315.16	113.0
330.24	113.0
342.48	113.0
377.64	113.0
314.48	114.0
320.68	114.0
325.08	114.0
365.04	114.0
368.24	114.0
328.48	114.0
331.0	114.0
380.76	114.0
532.4	114.0
383.12	115.0
311.12	115.0
316.72	115.0
323.04	115.0
334.28	115.0
344.48	115.0
357.92	115.0
369.4	115.0
403.52	115.0
419.16	115.0
450.52	115.0
476.04	115.0
509.6	115.0
543.28	115.0
578.56	115.0
606.04	115.0
639.16	115.0
683.36	115.0
710.0	115.0
733.96	115.0
769.16	115.0
828.12	115.0
334.52	116.0
492.04	116.0
311.16	116.0
314.88	116.0
319.6	116.0
322.44	116.0
325.56	116.0
329.64	116.0
339.16	116.0
345.36	116.0
351.2	116.0
356.2	116.0
367.76	116.0
404.6	116.0
625.04	116.0
323.76	117.0
365.28	117.0
406.96	117.0
318.36	117.0
329.56	117.0
504.96	117.0
321.6	118.0
310.72	118.0
318.32	118.0
324.52	118.0
361.28	119.0
521.08	119.0
532.72	119.0
723.48	119.0
313.88	120.0
319.12	120.0
322.12	120.0
328.56	120.0
597.24	120.0
680.28	120.0
734.6	120.0
