302.88	84.0
335.64	84.0
331.08	85.0
337.4	85.0
428.16	85.0
469.96	85.0
500.8	85.0
828.76	85.0
323.92	86.0
345.6	86.0
352.12	86.0
362.96	86.0
369.0	86.0
405.12	86.0
426.96	86.0
468.16	86.0
508.6	86.0
826.12	86.0
855.56	86.0
900.96	86.0
309.48	86.0
318.4	86.0
331.12	86.0
335.32	86.0
354.64	86.0
424.0	86.0
440.76	86.0
772.72	86.0
885.8	86.0
313.6	87.0
321.08	87.0
324.92	87.0
331.08	87.0
355.08	87.0
362.04	87.0
814.68	87.0
826.44	87.0
847.92	87.0
928.72	87.0
325.4	88.0
462.2	88.0
853.36	88.0
302.52	88.0
309.92	88.0
313.88	88.0
319.64	88.0
329.64	88.0
764.16	88.0
954.48	88.0
314.52	89.0
325.64	89.0
329.64	89.0
337.64	89.0
343.6	89.0
390.2	89.0
454.6	89.0
688.68	89.0
820.24	89.0
312.64	90.0
330.12	90.0
616.92	90.0
309.96	90.0
321.12	90.0
343.28	90.0
401.6	90.0
512.88	90.0
903.76	90.0
313.16	91.0
329.68	91.0
311.52	92.0
314.28	92.0
319.4	92.0
332.84	92.0
337.08	92.0
342.52	92.0
359.96	92.0
376.76	92.0
405.44	92.0
432.72	92.0
854.92	92.0
918.48	92.0
328.48	92.0
345.16	92.0
350.64	92.0
364.36	92.0
409.76	92.0
437.08	92.0
799.8	92.0
811.44	92.0
830.84	92.0
896.92	92.0
921.92	92.0
448.04	93.0
345.08	93.0
702.72	93.0
334.12	94.0
309.88	94.0
329.0	94.0
342.96	94.0
356.48	94.0
384.16	94.0
405.44	94.0
427.72	94.0
439.28	94.0
469.2	94.0
351.8	95.0
885.04	95.0
933.96	95.0
302.48	97.0
311.84	97.0
319.68	97.0
338.0	97.0
773.4	98.0
826.24	98.0
313.12	99.0
318.8	99.0
321.44	99.0
328.0	99.0
333.92	99.0
339.68	99.0
641.88	99.0
720.6	99.0
740.04	99.0
760.88	99.0
793.72	99.0
803.08	99.0
814.44	99.0
878.12	99.0
320.92	100.0
328.08	100.0
340.2	100.0
524.48	100.0
616.88	100.0
313.8	101.0
329.04	101.0
313.2	102.0
361.6	102.0
332.6	103.0
367.76	103.0
302.6	104.0
344.92	104.0
347.6	104.0
367.76	104.0
311.8	104.0
321.72	104.0
326.6	104.0
331.48	104.0
336.96	104.0
363.56	104.0
388.68	104.0
459.56	104.0
524.12	104.0
816.08	104.0
322.92	106.0
393.68	106.0
440.08	106.0
302.84	107.0
310.16	107.0
326.8	107.0
332.88	107.0
345.96	107.0
354.8	107.0
365.6	107.0
386.56	107.0
408.48	107.0
431.52	107.0
820.24	107.0
312.36	108.0
323.08	108.0
374.44	108.0
401.32	108.0
740.88	108.0
761.0	108.0
798.48	108.0
825.76	108.0
313.68	109.0
318.92	109.0
344.08	109.0
401.32	109.0
433.64	109.0
454.12	109.0
493.56	109.0
861.4	109.0
903.6	109.0
302.52	109.0
330.0	109.0
310.52	110.0
320.6	110.0
329.96	110.0
356.08	110.0
1229.52	110.0
363.36	110.0
425.12	110.0
310.48	111.0
335.84	111.0
757.4	111.0
831.28	111.0
313.8	111.0
321.96	111.0
329.36	111.0
344.64	111.0
349.32	111.0
356.2	111.0
380.64	111.0
407.28	111.0
435.04	111.0
761.56	111.0
799.24	111.0
815.72	111.0
839.12	111.0
968.92	111.0
312.32	112.0
349.64	112.0
366.52	112.0
373.28	112.0
406.88	112.0
457.68	112.0
500.4	112.0
327.68	113.0
342.8	113.0
360.2	113.0
303.0	114.0
313.76	114.0
324.64	114.0
332.76	114.0
346.24	114.0
342.08	114.0
359.76	114.0
329.28	115.0
312.08	115.0
320.96	115.0
338.96	115.0
350.56	115.0
363.64	115.0
375.28	115.0
387.48	115.0
413.24	115.0
469.12	115.0
923.52	115.0
314.64	116.0
319.84	116.0
329.92	116.0
384.44	116.0
439.8	116.0
443.76	116.0
759.04	116.0
801.6	116.0
310.88	116.0
324.24	116.0
335.44	116.0
343.44	116.0
349.08	116.0
359.8	116.0
379.04	116.0
401.32	116.0
431.92	116.0
469.0	116.0
620.56	116.0
653.2	116.0
768.28	116.0
804.68	116.0
815.28	116.0
833.4	116.0
873.24	116.0
313.8	117.0
329.8	117.0
370.32	117.0
831.36	117.0
862.0	117.0
1177.76	117.0
1247.8	117.0
314.76	118.0
318.84	118.0
327.12	118.0
340.12	118.0
346.96	118.0
302.64	119.0
318.56	119.0
347.96	119.0
362.24	119.0
381.52	119.0
791.52	119.0
816.64	119.0
334.04	120.0
345.52	120.0
830.52	120.0
894.32	120.0
