348.4	84.0
306.04	84.0
1300.44	84.0
126.72	85.0
166.48	85.0
307.56	85.0
323.64	85.0
357.44	85.0
393.08	85.0
527.28	85.0
1278.0	85.0
33.88	86.0
63.6	86.0
111.08	86.0
122.68	86.0
149.0	86.0
181.76	86.0
198.52	86.0
211.0	86.0
228.08	86.0
248.2	86.0
265.76	86.0
311.36	86.0
317.16	86.0
329.52	86.0
338.32	86.0
343.12	86.0
357.0	86.0
369.48	86.0
382.2	86.0
406.36	86.0
442.16	86.0
931.68	86.0
1232.8	86.0
1249.12	86.0
1255.4	86.0
1264.52	86.0
1278.36	86.0
1282.96	86.0
1288.12	86.0
1294.84	86.0
1298.6	86.0
1310.12	86.0
1318.28	86.0
1326.8	86.0
1342.24	86.0
1348.08	86.0
1360.12	86.0
1367.2	86.0
89.8	86.0
307.04	86.0
323.48	86.0
199.24	87.0
306.2	87.0
339.8	87.0
701.0	87.0
1293.96	87.0
104.6	87.0
311.6	87.0
315.2	87.0
319.48	87.0
323.56	87.0
327.08	87.0
331.76	87.0
345.84	87.0
359.32	87.0
453.48	87.0
703.6	87.0
772.4	87.0
924.2	87.0
1243.24	87.0
1272.04	87.0
1288.68	87.0
20.32	88.0
203.32	88.0
1275.6	88.0
1375.04	88.0
93.72	88.0
99.52	88.0
133.44	88.0
231.24	88.0
311.64	88.0
357.56	88.0
755.56	88.0
882.6	88.0
1079.12	88.0
1229.44	88.0
1250.08	88.0
1286.72	88.0
1227.16	89.0
359.92	89.0
793.32	89.0
952.76	89.0
1263.32	89.0
1286.2	89.0
1328.84	89.0
6.56	90.0
33.2	90.0
57.56	90.0
153.12	90.0
200.76	90.0
227.44	90.0
302.6	90.0
309.52	90.0
322.12	90.0
329.32	90.0
359.6	90.0
375.4	90.0
389.24	90.0
436.48	90.0
667.88	90.0
930.52	90.0
1231.92	90.0
1247.0	90.0
1263.04	90.0
1273.76	90.0
1295.76	90.0
1351.2	90.0
1283.64	91.0
74.56	92.0
186.48	92.0
329.36	92.0
362.52	92.0
402.92	92.0
509.12	92.0
737.52	92.0
951.8	92.0
1185.92	92.0
1229.76	92.0
1265.8	92.0
1294.28	92.0
1372.68	92.0
51.08	92.0
57.2	92.0
94.76	92.0
107.32	92.0
150.6	92.0
310.12	92.0
320.12	92.0
347.2	92.0
512.68	92.0
537.72	92.0
666.36	92.0
678.2	92.0
876.96	92.0
903.4	92.0
910.92	92.0
955.52	92.0
1145.08	92.0
1190.08	92.0
1220.24	92.0
1233.4	92.0
1272.8	92.0
1341.32	92.0
520.92	93.0
427.64	94.0
182.68	94.0
212.4	94.0
240.04	94.0
302.44	94.0
319.28	94.0
335.04	94.0
1317.88	94.0
1376.04	94.0
266.04	95.0
330.96	95.0
1278.4	95.0
1301.96	95.0
1313.16	95.0
96.12	96.0
1201.52	96.0
103.72	97.0
303.0	97.0
1274.52	97.0
1355.72	97.0
155.84	99.0
302.48	99.0
308.64	99.0
313.88	99.0
319.6	99.0
326.08	99.0
333.92	99.0
536.48	99.0
642.52	99.0
905.84	99.0
1354.24	99.0
233.08	100.0
313.8	100.0
601.08	100.0
644.0	100.0
952.52	100.0
1105.12	100.0
1144.84	100.0
309.0	102.0
311.68	102.0
951.84	102.0
276.4	104.0
302.64	104.0
307.88	104.0
313.84	104.0
318.96	104.0
330.28	104.0
337.72	104.0
358.56	104.0
373.96	104.0
1257.36	104.0
1277.52	104.0
1300.32	104.0
1334.4	104.0
1376.76	104.0
8.4	106.0
385.52	106.0
1232.96	107.0
61.24	107.0
120.48	107.0
134.72	107.0
194.96	107.0
257.8	107.0
312.96	107.0
316.28	107.0
318.84	107.0
347.56	107.0
367.36	107.0
537.88	107.0
681.96	107.0
910.84	107.0
1226.76	107.0
1253.52	107.0
1264.56	107.0
1279.6	107.0
1289.64	107.0
1296.2	107.0
1300.6	107.0
1324.36	107.0
1369.08	107.0
302.84	108.0
912.08	108.0
159.96	108.0
309.16	108.0
321.68	108.0
370.32	108.0
516.56	108.0
670.36	108.0
706.32	108.0
978.8	108.0
1003.24	108.0
1144.08	108.0
1280.52	108.0
1308.6	108.0
1362.88	108.0
32.96	109.0
96.44	109.0
321.88	109.0
388.96	109.0
436.28	109.0
667.56	109.0
930.28	109.0
1216.24	109.0
359.92	109.0
310.48	110.0
7.0	110.0
317.24	110.0
327.56	110.0
347.76	110.0
666.96	110.0
1337.16	110.0
219.52	111.0
303.0	111.0
662.76	111.0
951.96	111.0
1285.6	111.0
50.24	111.0
96.28	111.0
108.04	111.0
116.56	111.0
135.88	111.0
148.96	111.0
160.96	111.0
180.44	111.0
194.56	111.0
234.32	111.0
255.52	111.0
309.8	111.0
314.6	111.0
318.08	111.0
321.52	111.0
336.28	111.0
347.64	111.0
357.48	111.0
381.68	111.0
424.96	111.0
454.48	111.0
472.56	111.0
769.12	111.0
908.0	111.0
1231.16	111.0
1233.8	111.0
1259.96	111.0
1268.64	111.0
1296.12	111.0
1299.16	111.0
1315.12	111.0
1321.6	111.0
1363.4	111.0
1297.4	112.0
5.84	112.0
157.4	112.0
244.52	112.0
260.16	112.0
269.6	112.0
318.44	112.0
362.36	112.0
407.72	112.0
435.84	112.0
672.2	112.0
985.76	112.0
1250.24	112.0
1326.92	112.0
7.0	113.0
99.32	114.0
210.52	114.0
311.44	114.0
316.72	114.0
321.04	114.0
321.92	115.0
36.76	115.0
106.88	115.0
184.0	115.0
217.96	115.0
250.04	115.0
317.52	115.0
473.2	115.0
1262.64	115.0
1282.64	115.0
1307.84	115.0
1330.8	115.0
1336.44	115.0
310.6	116.0
350.12	116.0
1297.96	116.0
5.68	116.0
55.08	116.0
96.72	116.0
143.48	116.0
162.16	116.0
170.84	116.0
192.28	116.0
271.08	116.0
285.32	116.0
315.0	116.0
318.2	116.0
322.24	116.0
330.48	116.0
341.48	116.0
365.24	116.0
369.0	116.0
506.88	116.0
536.24	116.0
644.76	116.0
769.8	116.0
795.12	116.0
911.6	116.0
938.76	116.0
979.4	116.0
1041.08	116.0
1111.52	116.0
1145.16	116.0
1235.32	116.0
1242.2	116.0
1256.32	116.0
1262.48	116.0
1305.6	116.0
1352.2	116.0
309.88	117.0
318.0	117.0
95.24	117.0
110.12	117.0
219.72	117.0
314.96	117.0
327.76	117.0
337.44	117.0
455.52	117.0
472.88	117.0
644.92	117.0
662.8	117.0
909.84	117.0
1262.92	117.0
1285.68	117.0
1296.56	117.0
302.48	118.0
665.08	118.0
950.0	118.0
108.24	118.0
204.48	118.0
308.56	118.0
315.16	118.0
319.92	118.0
328.44	118.0
332.24	118.0
335.48	118.0
339.36	118.0
927.92	118.0
1229.68	118.0
1256.56	118.0
1275.36	118.0
1281.36	118.0
1297.52	118.0
1324.92	118.0
82.6	119.0
220.8	119.0
302.96	119.0
347.0	119.0
529.16	119.0
654.52	119.0
718.88	119.0
1256.48	119.0
1260.28	119.0
1352.56	119.0
1371.2	119.0
102.2	120.0
275.52	120.0
322.68	120.0
369.56	120.0
910.24	120.0
927.24	120.0
973.8	120.0
1263.72	120.0
1326.4	120.0
