316.88	84.0
302.92	84.0
306.0	84.0
317.44	85.0
329.96	85.0
339.16	85.0
387.28	85.0
403.32	85.0
484.44	85.0
498.72	85.0
530.24	85.0
600.4	85.0
625.92	85.0
730.08	85.0
763.56	85.0
14.52	86.0
306.84	86.0
327.04	86.0
333.84	86.0
355.08	86.0
365.44	86.0
376.28	86.0
390.4	86.0
403.24	86.0
416.48	86.0
427.68	86.0
496.0	86.0
310.96	86.0
317.2	86.0
321.64	86.0
329.56	86.0
337.12	86.0
350.84	86.0
360.6	86.0
379.92	86.0
387.24	86.0
435.36	86.0
451.16	86.0
456.2	86.0
466.4	86.0
528.64	86.0
552.8	86.0
577.04	86.0
583.96	86.0
599.04	86.0
625.04	86.0
674.92	86.0
322.16	87.0
338.56	87.0
52.08	87.0
307.12	87.0
313.32	87.0
317.4	87.0
341.76	87.0
354.12	87.0
360.88	87.0
366.48	87.0
380.96	87.0
389.84	87.0
446.84	87.0
513.68	87.0
667.36	87.0
382.24	88.0
510.36	88.0
579.16	88.0
616.24	88.0
738.12	88.0
801.48	88.0
855.88	88.0
17.48	88.0
58.08	88.0
63.0	88.0
308.64	88.0
319.92	88.0
327.88	88.0
331.88	88.0
337.24	88.0
360.88	88.0
385.08	88.0
441.76	88.0
461.44	88.0
478.76	88.0
501.16	88.0
789.08	88.0
804.56	88.0
874.88	88.0
878.6	88.0
34.04	89.0
327.0	89.0
669.88	89.0
331.6	89.0
342.56	89.0
372.84	89.0
398.68	89.0
419.24	89.0
441.52	89.0
476.2	89.0
508.76	89.0
522.88	89.0
605.56	89.0
619.72	89.0
681.92	89.0
769.08	89.0
405.0	90.0
15.92	90.0
320.68	90.0
326.4	90.0
334.28	90.0
353.84	90.0
359.12	90.0
367.68	90.0
387.4	90.0
418.96	90.0
424.2	90.0
445.0	90.0
477.92	90.0
495.28	90.0
605.24	90.0
315.32	91.0
339.88	91.0
327.28	91.0
369.4	91.0
390.6	91.0
4.6	92.0
33.2	92.0
68.96	92.0
88.04	92.0
312.88	92.0
319.76	92.0
325.44	92.0
343.72	92.0
361.72	92.0
365.4	92.0
396.6	92.0
407.2	92.0
440.68	92.0
465.08	92.0
523.96	92.0
58.96	92.0
73.76	92.0
119.72	92.0
308.6	92.0
317.12	92.0
356.52	92.0
400.12	92.0
413.84	92.0
437.8	92.0
456.88	92.0
545.44	92.0
579.48	92.0
601.28	92.0
612.64	92.0
682.0	92.0
705.24	92.0
763.96	92.0
780.12	92.0
815.52	92.0
18.48	93.0
344.44	93.0
485.36	93.0
535.12	93.0
556.12	93.0
709.48	93.0
456.56	93.0
503.2	93.0
719.12	93.0
314.36	94.0
323.56	94.0
335.72	94.0
343.68	94.0
383.48	94.0
402.48	94.0
420.12	94.0
439.36	94.0
302.48	95.0
340.68	95.0
363.84	95.0
622.68	95.0
678.92	95.0
843.52	95.0
302.92	96.0
339.16	96.0
302.48	97.0
306.96	97.0
319.88	97.0
337.6	97.0
362.36	97.0
384.44	97.0
451.92	97.0
476.84	97.0
530.56	97.0
824.44	97.0
337.88	98.0
512.2	98.0
310.44	99.0
316.24	99.0
322.48	99.0
328.56	99.0
336.12	99.0
342.72	99.0
345.24	99.0
369.24	99.0
376.72	99.0
405.0	99.0
437.36	99.0
461.96	99.0
489.88	99.0
501.44	99.0
511.72	99.0
582.96	99.0
605.6	99.0
663.12	99.0
787.04	99.0
307.24	100.0
329.12	100.0
668.52	100.0
875.12	100.0
313.2	101.0
315.76	101.0
325.4	101.0
342.92	101.0
365.32	101.0
389.48	101.0
424.56	101.0
443.44	101.0
313.44	103.0
342.08	103.0
355.08	103.0
387.76	103.0
307.4	104.0
22.68	104.0
70.36	104.0
311.24	104.0
315.44	104.0
322.0	104.0
327.4	104.0
333.84	104.0
340.2	104.0
346.76	104.0
350.28	104.0
365.36	104.0
384.28	104.0
421.44	104.0
496.44	104.0
510.16	104.0
549.84	104.0
582.08	104.0
620.24	104.0
664.0	104.0
686.84	104.0
717.48	104.0
499.08	106.0
309.4	107.0
327.84	107.0
318.84	107.0
335.96	107.0
349.96	107.0
359.8	107.0
384.64	107.0
420.84	107.0
425.32	107.0
454.68	107.0
566.4	107.0
803.12	107.0
7.68	108.0
302.44	108.0
316.96	108.0
370.76	108.0
399.12	108.0
416.56	108.0
435.96	108.0
456.96	108.0
481.44	108.0
528.12	108.0
552.44	108.0
609.2	108.0
642.6	108.0
669.0	108.0
708.72	108.0
767.32	108.0
802.52	108.0
879.2	108.0
320.36	109.0
334.04	109.0
372.28	109.0
387.16	109.0
317.52	109.0
310.56	110.0
361.04	110.0
478.36	110.0
493.88	110.0
674.56	110.0
318.56	110.0
327.76	110.0
338.12	110.0
343.48	110.0
357.28	110.0
377.2	110.0
423.4	110.0
460.28	110.0
565.44	110.0
642.24	110.0
66.72	111.0
310.48	111.0
717.84	111.0
35.88	111.0
72.36	111.0
90.64	111.0
313.4	111.0
316.24	111.0
328.12	111.0
341.12	111.0
347.52	111.0
354.88	111.0
359.56	111.0
363.96	111.0
368.16	111.0
381.88	111.0
416.6	111.0
427.84	111.0
444.52	111.0
467.8	111.0
508.04	111.0
527.32	111.0
548.04	111.0
552.8	111.0
571.08	111.0
584.8	111.0
602.04	111.0
608.4	111.0
617.64	111.0
632.88	111.0
637.36	111.0
663.16	111.0
674.72	111.0
677.24	111.0
696.44	111.0
704.32	111.0
706.96	111.0
730.76	111.0
796.24	111.0
800.32	111.0
852.48	111.0
309.0	112.0
312.32	112.0
320.88	112.0
334.76	112.0
365.8	112.0
410.4	112.0
419.24	112.0
428.44	112.0
444.32	112.0
484.4	112.0
508.84	112.0
544.72	112.0
548.52	112.0
583.76	112.0
613.2	112.0
628.24	112.0
675.52	112.0
700.96	112.0
724.12	112.0
839.24	112.0
317.96	113.0
335.28	113.0
354.12	113.0
369.12	113.0
383.84	113.0
409.92	113.0
445.52	113.0
306.0	114.0
315.88	114.0
326.28	114.0
351.64	114.0
363.88	114.0
388.2	114.0
377.92	114.0
314.24	115.0
377.28	115.0
803.8	115.0
309.64	115.0
328.12	115.0
338.32	115.0
346.88	115.0
357.52	115.0
390.4	115.0
401.96	115.0
423.64	115.0
444.52	115.0
460.52	115.0
478.2	115.0
495.24	115.0
519.84	115.0
582.28	115.0
607.68	115.0
664.68	115.0
684.2	115.0
311.6	116.0
361.0	116.0
669.72	116.0
803.68	116.0
315.44	116.0
322.08	116.0
327.12	116.0
329.64	116.0
332.96	116.0
336.2	116.0
339.48	116.0
342.16	116.0
353.84	116.0
357.88	116.0
369.08	116.0
373.24	116.0
399.4	116.0
439.08	116.0
508.64	116.0
548.24	116.0
582.04	116.0
609.0	116.0
618.28	116.0
657.96	116.0
675.44	116.0
768.52	116.0
807.2	116.0
878.0	116.0
316.2	117.0
324.28	117.0
378.28	117.0
500.28	117.0
310.48	117.0
327.96	117.0
334.76	117.0
398.88	117.0
585.96	117.0
679.56	117.0
369.96	118.0
99.12	118.0
310.84	118.0
313.36	118.0
316.68	118.0
324.04	118.0
346.2	118.0
357.64	118.0
378.76	118.0
404.08	118.0
302.64	119.0
327.76	119.0
382.08	119.0
420.48	119.0
302.52	120.0
589.84	120.0
323.48	120.0
413.8	120.0
444.8	120.0
454.08	120.0
507.92	120.0
529.68	120.0
548.0	120.0
565.8	120.0
570.04	120.0
583.28	120.0
639.4	120.0
696.6	120.0
723.6	120.0
802.52	120.0
