314.28	84.0
349.2	84.0
302.88	84.0
1139.08	84.0
326.16	85.0
340.4	85.0
619.56	85.0
718.72	85.0
1162.0	85.0
314.84	86.0
323.2	86.0
336.12	86.0
346.48	86.0
356.12	86.0
367.64	86.0
376.52	86.0
379.08	86.0
384.92	86.0
397.52	86.0
408.56	86.0
421.0	86.0
440.64	86.0
459.04	86.0
479.12	86.0
495.32	86.0
507.52	86.0
523.88	86.0
533.76	86.0
538.56	86.0
547.28	86.0
557.04	86.0
579.8	86.0
604.0	86.0
614.76	86.0
619.08	86.0
710.88	86.0
719.64	86.0
951.12	86.0
1008.72	86.0
1025.92	86.0
1033.52	86.0
1062.72	86.0
1089.28	86.0
1093.0	86.0
1108.84	86.0
1123.16	86.0
1134.0	86.0
1138.36	86.0
1145.24	86.0
1162.2	86.0
1174.92	86.0
1188.56	86.0
1198.88	86.0
1210.56	86.0
1219.8	86.0
1237.24	86.0
1259.04	86.0
1265.68	86.0
1287.08	86.0
1294.4	86.0
1310.12	86.0
310.36	86.0
326.8	86.0
330.0	86.0
341.8	86.0
426.24	86.0
466.32	86.0
572.36	86.0
1224.36	86.0
1245.76	86.0
1280.36	86.0
346.0	87.0
1049.28	87.0
315.56	87.0
329.72	87.0
333.68	87.0
337.36	87.0
340.64	87.0
349.96	87.0
354.32	87.0
364.2	87.0
370.28	87.0
377.4	87.0
384.84	87.0
415.76	87.0
466.96	87.0
554.96	87.0
1012.08	87.0
1058.96	87.0
1073.84	87.0
1126.96	87.0
1226.56	87.0
315.92	88.0
324.8	88.0
332.76	88.0
423.28	88.0
441.04	88.0
472.4	88.0
493.6	88.0
505.64	88.0
531.2	88.0
552.96	88.0
570.36	88.0
603.2	88.0
792.28	88.0
1000.36	88.0
1067.64	88.0
1090.24	88.0
1130.56	88.0
1195.32	88.0
1237.4	88.0
1290.4	88.0
335.76	88.0
360.96	88.0
392.24	88.0
458.6	88.0
557.32	88.0
627.84	88.0
661.28	88.0
691.24	88.0
897.48	88.0
924.84	88.0
979.36	88.0
1051.16	88.0
1104.64	88.0
1223.6	88.0
1259.0	88.0
1306.32	88.0
326.04	89.0
967.56	89.0
984.2	89.0
1142.64	89.0
315.96	89.0
338.28	89.0
462.36	89.0
488.44	89.0
526.68	89.0
588.88	89.0
755.12	89.0
946.76	89.0
970.2	89.0
1022.76	89.0
1099.16	89.0
1158.84	89.0
1179.52	89.0
1233.88	89.0
312.72	90.0
321.52	90.0
324.12	90.0
411.28	90.0
451.48	90.0
462.08	90.0
516.56	90.0
538.48	90.0
588.56	90.0
629.48	90.0
954.64	90.0
1032.4	90.0
1084.48	90.0
1120.72	90.0
1158.52	90.0
1181.36	90.0
1192.6	90.0
1209.08	90.0
1215.44	90.0
1262.44	90.0
1292.52	90.0
1305.48	90.0
330.12	91.0
312.04	91.0
315.32	91.0
326.76	91.0
516.88	91.0
1291.92	91.0
312.92	92.0
321.44	92.0
337.0	92.0
348.6	92.0
358.72	92.0
375.08	92.0
391.6	92.0
402.96	92.0
419.52	92.0
439.32	92.0
442.56	92.0
461.92	92.0
475.16	92.0
519.44	92.0
551.16	92.0
608.84	92.0
730.6	92.0
838.08	92.0
914.4	92.0
952.36	92.0
997.08	92.0
1003.12	92.0
1065.32	92.0
1122.16	92.0
1182.0	92.0
1223.48	92.0
1272.68	92.0
324.56	92.0
353.52	92.0
372.56	92.0
465.72	92.0
487.16	92.0
492.8	92.0
527.0	92.0
542.04	92.0
580.52	92.0
642.84	92.0
660.68	92.0
706.76	92.0
734.04	92.0
809.8	92.0
841.72	92.0
934.36	92.0
986.88	92.0
1011.96	92.0
1026.64	92.0
1041.4	92.0
1074.92	92.0
1095.48	92.0
1126.28	92.0
1135.64	92.0
1195.92	92.0
1207.08	92.0
1250.0	92.0
1254.32	92.0
1292.12	92.0
321.6	93.0
331.64	93.0
340.8	93.0
379.2	93.0
442.04	93.0
501.6	93.0
574.44	93.0
725.0	93.0
846.4	93.0
1066.84	93.0
1094.0	93.0
1109.88	93.0
1125.12	93.0
1140.64	93.0
1182.28	93.0
1203.6	93.0
1228.56	93.0
1279.44	93.0
1303.48	93.0
1163.56	94.0
312.24	94.0
321.04	94.0
329.88	94.0
341.68	94.0
359.56	94.0
389.28	94.0
406.24	94.0
419.52	94.0
480.6	94.0
576.12	94.0
595.96	94.0
1005.48	94.0
1025.4	94.0
1077.72	94.0
1140.64	94.0
1181.44	94.0
1204.04	94.0
1220.56	94.0
1244.08	94.0
324.32	95.0
551.92	95.0
643.24	95.0
958.2	95.0
1061.64	95.0
1263.68	95.0
315.24	97.0
1090.76	97.0
302.48	97.0
306.0	97.0
340.84	97.0
363.48	97.0
1075.28	97.0
947.24	98.0
677.4	98.0
783.44	98.0
1229.12	98.0
311.96	99.0
316.72	99.0
324.56	99.0
328.64	99.0
332.76	99.0
337.32	99.0
342.12	99.0
350.68	99.0
359.48	99.0
547.28	99.0
569.04	99.0
638.48	99.0
953.56	99.0
990.12	99.0
1024.8	99.0
1060.44	99.0
1079.08	99.0
1125.0	99.0
1213.6	99.0
1242.36	99.0
1258.96	99.0
306.0	100.0
315.4	100.0
327.08	100.0
461.44	100.0
899.64	100.0
983.72	100.0
1105.96	100.0
1257.64	100.0
313.08	101.0
324.48	101.0
311.56	102.0
324.64	102.0
338.4	102.0
359.12	102.0
1224.88	102.0
341.24	103.0
310.56	103.0
313.2	103.0
302.64	104.0
341.24	104.0
310.92	104.0
314.48	104.0
323.32	104.0
330.28	104.0
337.32	104.0
346.8	104.0
350.48	104.0
358.48	104.0
374.68	104.0
441.0	104.0
452.08	104.0
466.48	104.0
483.92	104.0
541.0	104.0
580.52	104.0
606.2	104.0
617.64	104.0
640.88	104.0
691.52	104.0
709.72	104.0
977.88	104.0
1009.08	104.0
1043.88	104.0
1077.96	104.0
1094.04	104.0
1109.68	104.0
1138.16	104.0
1142.28	104.0
1180.44	104.0
1200.44	104.0
1225.88	104.0
1246.52	104.0
1255.56	104.0
1283.84	104.0
1303.56	104.0
145.16	106.0
174.44	106.0
403.52	106.0
605.32	106.0
692.32	106.0
1168.36	106.0
1263.6	106.0
547.4	107.0
315.12	107.0
325.16	107.0
336.12	107.0
340.12	107.0
342.68	107.0
346.04	107.0
362.96	107.0
366.28	107.0
378.92	107.0
411.28	107.0
433.52	107.0
442.04	107.0
494.04	107.0
539.68	107.0
1097.88	107.0
324.64	108.0
1101.28	108.0
313.12	108.0
321.4	108.0
333.52	108.0
350.76	108.0
364.12	108.0
388.36	108.0
417.16	108.0
460.24	108.0
488.88	108.0
505.08	108.0
547.08	108.0
607.28	108.0
987.88	108.0
1076.6	108.0
1139.6	108.0
1157.04	108.0
1179.12	108.0
1196.76	108.0
312.52	109.0
315.56	109.0
337.6	109.0
366.6	109.0
487.92	109.0
588.32	109.0
1151.64	109.0
1192.4	109.0
1292.28	109.0
302.52	109.0
358.76	109.0
1262.68	109.0
310.48	110.0
332.2	110.0
422.56	110.0
401.84	110.0
608.16	110.0
1304.32	110.0
310.56	111.0
1036.96	111.0
1119.6	111.0
1219.24	111.0
1291.32	111.0
315.92	111.0
323.84	111.0
328.36	111.0
332.36	111.0
337.24	111.0
340.24	111.0
356.16	111.0
361.56	111.0
376.48	111.0
388.2	111.0
394.84	111.0
405.76	111.0
413.08	111.0
421.92	111.0
424.52	111.0
434.52	111.0
442.2	111.0
465.64	111.0
480.52	111.0
522.16	111.0
553.84	111.0
613.2	111.0
633.76	111.0
956.0	111.0
1008.52	111.0
1081.08	111.0
1106.68	111.0
1125.16	111.0
1185.4	111.0
1227.08	111.0
1246.08	111.0
1276.32	111.0
1303.88	111.0
309.0	112.0
311.96	112.0
321.64	112.0
331.36	112.0
347.44	112.0
362.6	112.0
395.36	112.0
409.2	112.0
474.44	112.0
494.76	112.0
546.6	112.0
619.24	112.0
716.08	112.0
1221.28	112.0
315.16	113.0
323.84	113.0
340.12	113.0
364.36	113.0
1225.32	113.0
303.0	114.0
312.88	114.0
316.4	114.0
325.04	114.0
328.36	114.0
336.72	114.0
341.36	114.0
387.92	114.0
423.48	114.0
707.76	114.0
1123.76	114.0
712.12	115.0
1067.32	115.0
313.48	115.0
316.16	115.0
321.08	115.0
341.12	115.0
351.4	115.0
360.4	115.0
380.68	115.0
412.48	115.0
438.76	115.0
456.28	115.0
474.44	115.0
519.8	115.0
538.08	115.0
560.28	115.0
595.0	115.0
608.4	115.0
640.36	115.0
666.32	115.0
692.64	115.0
987.68	115.0
1023.6	115.0
1052.52	115.0
1085.28	115.0
1105.8	115.0
1136.24	115.0
1169.04	115.0
1194.16	115.0
1225.0	115.0
1243.76	115.0
1266.32	115.0
1286.68	115.0
1304.6	115.0
312.8	116.0
1060.04	116.0
1067.16	116.0
316.4	116.0
321.6	116.0
324.64	116.0
332.68	116.0
335.52	116.0
338.52	116.0
341.04	116.0
346.4	116.0
358.6	116.0
365.88	116.0
375.32	116.0
387.4	116.0
409.4	116.0
446.08	116.0
475.32	116.0
497.36	116.0
589.32	116.0
635.56	116.0
668.04	116.0
748.4	116.0
846.48	116.0
902.36	116.0
1019.0	116.0
1022.16	116.0
1052.04	116.0
1076.4	116.0
1079.44	116.0
1103.96	116.0
1107.4	116.0
1111.24	116.0
1124.64	116.0
1134.08	116.0
1159.52	116.0
1222.0	116.0
1228.32	116.0
1244.0	116.0
1257.96	116.0
1291.8	116.0
341.32	117.0
354.88	117.0
376.44	117.0
399.64	117.0
316.2	117.0
328.6	117.0
634.48	117.0
1037.0	117.0
1219.24	117.0
316.44	118.0
337.12	118.0
444.0	118.0
323.12	118.0
341.2	118.0
350.96	118.0
370.32	118.0
1106.76	118.0
1153.24	118.0
1244.76	118.0
365.6	119.0
363.04	119.0
1095.24	119.0
1135.64	119.0
313.6	120.0
327.16	120.0
330.84	120.0
342.4	120.0
346.92	120.0
363.12	120.0
369.64	120.0
1021.36	120.0
1075.32	120.0
1106.2	120.0
1295.92	120.0
1307.56	120.0
