302.84	84.0
315.8	84.0
326.52	85.0
468.0	85.0
642.24	85.0
725.68	85.0
805.36	85.0
904.32	85.0
967.12	85.0
992.44	85.0
1062.44	85.0
1188.08	85.0
1248.96	85.0
1277.48	85.0
1302.8	85.0
314.72	86.0
324.08	86.0
333.8	86.0
338.36	86.0
342.32	86.0
345.36	86.0
353.28	86.0
366.64	86.0
373.68	86.0
386.72	86.0
404.44	86.0
420.36	86.0
441.32	86.0
484.92	86.0
538.28	86.0
560.72	86.0
587.0	86.0
621.2	86.0
639.84	86.0
655.0	86.0
699.48	86.0
721.2	86.0
738.28	86.0
773.16	86.0
783.72	86.0
818.52	86.0
830.28	86.0
838.36	86.0
854.08	86.0
874.56	86.0
881.36	86.0
896.08	86.0
901.64	86.0
904.4	86.0
913.92	86.0
935.2	86.0
937.88	86.0
955.92	86.0
994.6	86.0
1003.24	86.0
1008.24	86.0
1040.72	86.0
1133.8	86.0
1163.68	86.0
1186.12	86.0
1273.04	86.0
1337.52	86.0
307.16	86.0
326.6	86.0
359.92	86.0
378.88	86.0
428.0	86.0
575.28	86.0
617.16	86.0
821.04	86.0
824.56	86.0
942.48	86.0
1188.68	86.0
1196.6	86.0
317.0	87.0
325.96	87.0
334.44	87.0
362.0	87.0
451.24	87.0
882.76	87.0
903.4	87.0
309.0	87.0
322.56	87.0
330.4	87.0
339.88	87.0
343.12	87.0
359.4	87.0
372.6	87.0
378.32	87.0
383.64	87.0
390.76	87.0
408.16	87.0
419.72	87.0
433.88	87.0
559.28	87.0
775.68	87.0
829.12	87.0
840.0	87.0
939.24	87.0
1162.64	87.0
1214.92	87.0
1250.28	87.0
1306.08	87.0
1375.08	87.0
316.48	88.0
329.0	88.0
333.0	88.0
341.4	88.0
363.4	88.0
368.52	88.0
522.92	88.0
936.32	88.0
354.68	88.0
395.84	88.0
410.88	88.0
414.44	88.0
452.12	88.0
460.76	88.0
557.2	88.0
793.32	88.0
895.36	88.0
947.84	88.0
987.88	88.0
999.76	88.0
1006.68	88.0
1035.4	88.0
1038.08	88.0
1068.68	88.0
1285.4	88.0
324.96	89.0
627.4	89.0
713.64	89.0
835.52	89.0
1222.48	89.0
1347.28	89.0
628.56	90.0
726.08	90.0
1213.52	90.0
312.76	90.0
315.68	90.0
324.08	90.0
327.4	90.0
331.64	90.0
442.2	90.0
540.32	90.0
570.6	90.0
749.88	90.0
857.72	90.0
1055.2	90.0
1241.72	90.0
1255.56	90.0
1284.88	90.0
1306.24	90.0
1336.24	90.0
1347.0	90.0
482.92	91.0
516.36	91.0
723.68	91.0
749.8	91.0
1251.0	91.0
324.84	92.0
328.16	92.0
349.32	92.0
360.32	92.0
371.32	92.0
384.28	92.0
401.96	92.0
447.36	92.0
461.08	92.0
503.12	92.0
515.48	92.0
538.64	92.0
574.2	92.0
609.24	92.0
653.96	92.0
723.36	92.0
748.96	92.0
752.52	92.0
791.44	92.0
858.0	92.0
884.84	92.0
950.24	92.0
981.32	92.0
1025.44	92.0
1117.28	92.0
1211.6	92.0
1239.12	92.0
1289.12	92.0
1336.04	92.0
1359.88	92.0
308.56	92.0
341.0	92.0
352.32	92.0
374.64	92.0
387.32	92.0
416.12	92.0
437.28	92.0
494.2	92.0
561.6	92.0
624.08	92.0
641.56	92.0
743.04	92.0
777.24	92.0
818.4	92.0
843.64	92.0
861.52	92.0
896.04	92.0
916.92	92.0
934.24	92.0
1000.76	92.0
1029.12	92.0
1044.0	92.0
1064.32	92.0
1121.2	92.0
1154.08	92.0
1175.84	92.0
1190.12	92.0
1219.76	92.0
1244.6	92.0
1276.8	92.0
1310.0	92.0
1363.96	92.0
321.16	93.0
327.32	93.0
342.4	93.0
388.92	93.0
479.4	93.0
630.92	93.0
688.28	93.0
858.96	93.0
920.52	93.0
967.24	93.0
1160.12	93.0
302.92	93.0
316.96	93.0
1053.8	94.0
1161.32	94.0
1182.84	94.0
1185.52	94.0
308.88	94.0
328.04	94.0
342.0	94.0
371.72	94.0
504.2	94.0
568.88	94.0
624.08	94.0
804.6	94.0
937.92	94.0
1193.24	94.0
1292.36	94.0
313.48	95.0
334.92	95.0
340.04	95.0
591.92	95.0
695.48	95.0
822.92	95.0
1041.24	95.0
1133.56	95.0
1254.16	95.0
302.48	97.0
328.36	97.0
332.16	97.0
354.4	97.0
605.88	97.0
722.64	97.0
748.56	97.0
751.92	97.0
820.0	97.0
840.36	97.0
882.68	97.0
906.04	97.0
941.0	97.0
968.24	97.0
988.72	97.0
1058.96	97.0
1086.64	97.0
1095.8	97.0
1191.88	97.0
1247.24	97.0
1276.64	97.0
306.08	98.0
965.28	98.0
339.28	98.0
748.12	98.0
882.36	98.0
1338.92	98.0
308.2	99.0
315.6	99.0
323.4	99.0
327.44	99.0
331.2	99.0
336.88	99.0
342.08	99.0
359.2	99.0
368.48	99.0
557.76	99.0
576.44	99.0
631.72	99.0
660.12	99.0
726.76	99.0
805.12	99.0
822.36	99.0
856.84	99.0
907.28	99.0
964.96	99.0
1067.72	99.0
1168.24	99.0
1194.92	99.0
1250.76	99.0
1306.4	99.0
1377.08	99.0
321.04	100.0
312.56	100.0
342.44	100.0
347.36	100.0
353.44	100.0
584.16	100.0
628.56	100.0
726.04	100.0
772.04	100.0
794.52	100.0
1213.48	100.0
1289.28	100.0
302.72	101.0
321.12	101.0
887.88	102.0
331.88	102.0
408.52	102.0
503.2	102.0
302.52	103.0
316.84	103.0
307.56	103.0
302.52	104.0
306.8	104.0
315.56	104.0
326.0	104.0
331.04	104.0
341.16	104.0
349.48	104.0
369.8	104.0
379.96	104.0
388.8	104.0
401.36	104.0
437.4	104.0
449.72	104.0
485.52	104.0
503.24	104.0
516.28	104.0
537.88	104.0
554.08	104.0
577.24	104.0
643.44	104.0
660.92	104.0
689.12	104.0
742.44	104.0
764.0	104.0
786.12	104.0
813.2	104.0
866.76	104.0
884.16	104.0
895.56	104.0
908.8	104.0
981.0	104.0
1129.8	104.0
1135.24	104.0
1209.72	104.0
1299.84	104.0
1337.32	104.0
22.04	106.0
353.84	106.0
872.88	106.0
1135.0	106.0
1386.4	106.0
302.76	107.0
742.12	107.0
858.28	107.0
306.36	107.0
316.72	107.0
323.88	107.0
329.44	107.0
336.16	107.0
345.52	107.0
357.8	107.0
369.2	107.0
384.04	107.0
401.48	107.0
422.16	107.0
438.76	107.0
480.36	107.0
703.36	107.0
736.0	107.0
769.68	107.0
780.36	107.0
920.16	107.0
937.12	107.0
1096.36	107.0
1251.16	107.0
1336.84	107.0
1350.32	107.0
302.48	108.0
317.0	108.0
328.48	108.0
333.04	108.0
342.72	108.0
352.48	108.0
368.44	108.0
383.08	108.0
403.64	108.0
444.92	108.0
500.24	108.0
586.4	108.0
632.88	108.0
729.4	108.0
775.6	108.0
808.32	108.0
1216.44	108.0
1267.76	108.0
394.96	109.0
499.12	109.0
688.64	109.0
790.12	109.0
798.56	109.0
821.76	109.0
1306.0	109.0
337.56	109.0
343.44	109.0
1336.36	109.0
1354.52	109.0
323.84	110.0
408.24	110.0
584.92	110.0
1373.96	110.0
343.48	110.0
352.68	110.0
572.68	110.0
661.76	110.0
677.28	110.0
778.2	110.0
815.16	110.0
904.8	110.0
941.52	110.0
1160.36	110.0
1183.4	110.0
1310.72	110.0
343.64	111.0
349.68	111.0
313.08	111.0
316.44	111.0
323.12	111.0
331.68	111.0
334.32	111.0
340.32	111.0
352.32	111.0
362.8	111.0
373.72	111.0
387.16	111.0
394.4	111.0
401.64	111.0
404.64	111.0
450.08	111.0
464.8	111.0
496.56	111.0
507.08	111.0
542.08	111.0
576.68	111.0
611.48	111.0
677.24	111.0
731.24	111.0
741.56	111.0
755.36	111.0
777.92	111.0
795.24	111.0
865.08	111.0
887.16	111.0
953.0	111.0
1005.08	111.0
1054.6	111.0
1214.88	111.0
1242.72	111.0
1291.8	111.0
1301.32	111.0
1369.2	111.0
308.96	112.0
340.0	112.0
367.72	112.0
394.2	112.0
401.36	112.0
419.28	112.0
438.64	112.0
795.84	112.0
859.0	112.0
895.12	112.0
903.72	112.0
1223.32	112.0
1265.6	112.0
1352.56	112.0
316.12	113.0
325.96	113.0
340.16	113.0
344.12	113.0
349.16	113.0
353.84	113.0
386.36	113.0
306.56	114.0
317.16	114.0
324.32	114.0
328.76	114.0
337.2	114.0
340.08	114.0
365.76	114.0
383.88	114.0
954.0	114.0
368.76	115.0
417.0	115.0
750.36	115.0
914.64	115.0
306.0	115.0
324.6	115.0
332.4	115.0
340.76	115.0
343.76	115.0
352.52	115.0
382.28	115.0
436.6	115.0
459.88	115.0
501.36	115.0
531.6	115.0
558.16	115.0
589.0	115.0
615.08	115.0
637.48	115.0
663.56	115.0
710.4	115.0
740.76	115.0
778.48	115.0
790.32	115.0
815.44	115.0
842.52	115.0
880.52	115.0
906.04	115.0
941.76	115.0
1001.28	115.0
1033.44	115.0
1087.24	115.0
1132.64	115.0
1160.6	115.0
1195.28	115.0
1227.12	115.0
1340.0	115.0
325.4	116.0
777.84	116.0
904.48	116.0
314.04	116.0
316.56	116.0
322.84	116.0
331.96	116.0
335.92	116.0
339.88	116.0
349.04	116.0
353.16	116.0
358.0	116.0
363.16	116.0
368.52	116.0
371.2	116.0
377.04	116.0
386.24	116.0
394.92	116.0
403.28	116.0
414.8	116.0
418.24	116.0
432.84	116.0
436.72	116.0
556.2	116.0
586.56	116.0
592.8	116.0
627.76	116.0
631.0	116.0
693.96	116.0
774.92	116.0
791.04	116.0
820.08	116.0
836.52	116.0
851.0	116.0
884.84	116.0
935.28	116.0
943.48	116.0
953.16	116.0
1012.72	116.0
1105.6	116.0
1131.84	116.0
1182.4	116.0
1186.44	116.0
1190.36	116.0
1203.88	116.0
1216.2	116.0
1258.76	116.0
1296.28	116.0
1301.4	116.0
1375.08	116.0
316.6	117.0
328.96	117.0
342.92	117.0
1373.24	117.0
313.4	117.0
348.84	117.0
1336.24	117.0
321.72	118.0
331.28	118.0
339.08	118.0
370.24	118.0
390.28	118.0
462.6	118.0
520.92	118.0
581.52	118.0
966.44	118.0
1193.4	118.0
338.04	119.0
372.44	119.0
383.4	119.0
1248.84	119.0
347.56	120.0
321.24	120.0
325.12	120.0
328.6	120.0
339.24	120.0
897.44	120.0
905.88	120.0
943.36	120.0
971.52	120.0
1064.0	120.0
1207.92	120.0
1296.16	120.0
1352.08	120.0
