302.76	84.0
84.08	85.0
321.0	85.0
576.88	85.0
730.64	85.0
803.64	85.0
908.72	85.0
1071.44	85.0
1112.16	85.0
1130.08	85.0
1178.36	85.0
28.48	86.0
47.96	86.0
79.4	86.0
85.52	86.0
103.36	86.0
161.28	86.0
193.04	86.0
208.4	86.0
221.24	86.0
224.44	86.0
247.24	86.0
256.84	86.0
279.2	86.0
345.04	86.0
359.76	86.0
373.6	86.0
449.8	86.0
487.36	86.0
508.72	86.0
598.6	86.0
644.08	86.0
658.84	86.0
682.64	86.0
695.08	86.0
704.84	86.0
725.88	86.0
766.68	86.0
798.96	86.0
831.16	86.0
876.6	86.0
901.48	86.0
927.68	86.0
948.88	86.0
965.68	86.0
984.88	86.0
1001.2	86.0
1041.56	86.0
1070.76	86.0
1111.8	86.0
1152.88	86.0
1156.92	86.0
1191.92	86.0
1206.8	86.0
1220.28	86.0
1229.92	86.0
1242.44	86.0
1268.12	86.0
1290.28	86.0
1303.52	86.0
120.84	86.0
309.56	86.0
313.28	86.0
319.36	86.0
328.48	86.0
336.8	86.0
348.56	86.0
1029.04	86.0
1035.56	86.0
1087.92	86.0
37.56	87.0
53.76	87.0
121.04	87.0
219.0	87.0
227.56	87.0
267.24	87.0
307.44	87.0
311.44	87.0
315.4	87.0
330.2	87.0
339.64	87.0
350.48	87.0
382.56	87.0
418.96	87.0
520.6	87.0
699.68	87.0
928.48	87.0
1088.92	87.0
1124.68	87.0
1251.76	87.0
1266.32	87.0
302.96	88.0
308.08	88.0
329.52	88.0
339.36	88.0
347.32	88.0
396.08	88.0
490.88	88.0
520.28	88.0
561.36	88.0
574.0	88.0
683.12	88.0
719.2	88.0
756.4	88.0
829.96	88.0
906.24	88.0
1004.56	88.0
1022.16	88.0
1114.84	88.0
1254.08	88.0
342.6	89.0
29.36	89.0
82.44	89.0
356.84	89.0
462.0	89.0
1110.32	89.0
1113.28	89.0
1275.84	89.0
394.0	90.0
29.04	90.0
115.44	90.0
223.4	90.0
322.84	90.0
327.72	90.0
332.52	90.0
338.28	90.0
380.72	90.0
726.76	90.0
879.2	90.0
1049.2	90.0
1196.72	90.0
1275.56	90.0
321.0	91.0
343.88	91.0
606.0	91.0
319.4	92.0
338.36	92.0
355.64	92.0
1165.28	92.0
84.84	92.0
130.96	92.0
212.48	92.0
309.24	92.0
342.16	92.0
359.6	92.0
457.84	92.0
639.92	92.0
1215.68	92.0
1225.12	92.0
125.72	93.0
264.36	93.0
1113.52	93.0
1152.84	93.0
862.12	93.0
161.96	94.0
224.52	94.0
83.24	94.0
120.88	94.0
323.48	94.0
340.24	94.0
368.08	94.0
540.8	94.0
24.84	95.0
298.84	95.0
302.6	95.0
307.36	95.0
310.32	95.0
932.04	95.0
1004.48	95.0
1176.24	95.0
342.64	96.0
544.04	96.0
87.72	97.0
268.08	97.0
547.4	97.0
608.36	97.0
302.92	97.0
306.32	97.0
319.64	97.0
345.36	97.0
762.76	97.0
829.8	97.0
1149.36	98.0
302.68	98.0
306.8	98.0
5.04	99.0
88.52	99.0
309.28	99.0
315.08	99.0
321.92	99.0
333.12	99.0
493.88	99.0
556.92	99.0
784.68	99.0
1213.36	99.0
115.92	100.0
79.0	100.0
199.76	100.0
299.64	100.0
334.56	100.0
393.88	100.0
459.92	100.0
603.96	100.0
748.84	100.0
835.52	100.0
1075.08	100.0
1184.48	100.0
1245.92	100.0
881.36	102.0
338.44	102.0
1016.64	102.0
347.28	103.0
365.0	103.0
302.52	103.0
324.08	103.0
457.12	103.0
302.48	104.0
347.28	104.0
364.96	104.0
456.72	104.0
82.88	104.0
124.12	104.0
226.32	104.0
268.44	104.0
306.04	104.0
310.56	104.0
315.76	104.0
321.04	104.0
327.44	104.0
336.2	104.0
357.12	104.0
381.72	104.0
464.28	104.0
1088.28	104.0
1160.56	104.0
1190.48	104.0
39.64	106.0
1212.56	106.0
23.24	107.0
123.24	107.0
218.84	107.0
322.64	107.0
343.16	107.0
406.04	107.0
455.12	107.0
482.2	107.0
592.76	107.0
626.04	107.0
734.52	107.0
844.76	107.0
908.64	107.0
1110.24	107.0
1239.8	107.0
82.64	108.0
302.48	108.0
324.24	108.0
354.12	108.0
404.44	108.0
468.36	108.0
752.48	108.0
1086.64	108.0
1153.12	108.0
1208.36	108.0
28.84	109.0
380.52	109.0
393.6	109.0
726.56	109.0
1196.52	109.0
262.56	109.0
302.48	109.0
315.2	109.0
1227.16	109.0
310.56	110.0
474.8	110.0
424.08	110.0
621.2	110.0
840.04	110.0
1016.52	110.0
310.56	111.0
323.96	111.0
10.16	111.0
42.6	111.0
60.52	111.0
93.24	111.0
117.36	111.0
153.8	111.0
178.84	111.0
222.44	111.0
226.88	111.0
261.0	111.0
294.04	111.0
403.6	111.0
441.76	111.0
528.96	111.0
547.48	111.0
561.68	111.0
585.88	111.0
615.32	111.0
639.56	111.0
683.92	111.0
700.72	111.0
770.28	111.0
783.6	111.0
803.12	111.0
814.12	111.0
894.44	111.0
968.12	111.0
1003.56	111.0
1010.8	111.0
1071.16	111.0
1093.24	111.0
1116.72	111.0
1191.32	111.0
1201.96	111.0
1220.52	111.0
1236.96	111.0
1246.96	111.0
1272.84	112.0
162.44	112.0
222.64	112.0
252.88	112.0
265.92	112.0
309.04	112.0
312.0	112.0
519.92	112.0
622.12	112.0
1016.92	112.0
108.56	113.0
307.32	114.0
315.24	114.0
174.04	115.0
3.28	115.0
75.76	115.0
325.44	115.0
339.12	115.0
424.6	115.0
455.92	115.0
477.44	115.0
495.6	115.0
547.84	115.0
573.0	115.0
623.76	115.0
680.24	115.0
720.88	115.0
766.04	115.0
816.64	115.0
840.32	115.0
878.48	115.0
1046.08	115.0
1101.36	115.0
1224.36	115.0
27.16	116.0
115.36	116.0
722.6	116.0
1064.88	116.0
48.48	116.0
81.8	116.0
112.8	116.0
202.0	116.0
222.76	116.0
227.36	116.0
237.0	116.0
311.84	116.0
319.2	116.0
325.28	116.0
337.08	116.0
340.68	116.0
347.8	116.0
381.4	116.0
423.08	116.0
460.44	116.0
463.76	116.0
556.44	116.0
606.96	116.0
623.4	116.0
729.84	116.0
751.96	116.0
770.28	116.0
774.24	116.0
839.2	116.0
1001.28	116.0
1042.28	116.0
1077.68	116.0
1109.56	116.0
1155.92	116.0
1187.16	116.0
1195.76	116.0
1250.48	116.0
1278.28	116.0
321.24	117.0
330.92	117.0
324.96	118.0
220.72	118.0
310.44	118.0
321.24	118.0
339.52	118.0
379.68	118.0
620.28	118.0
1046.68	118.0
1111.08	118.0
1273.0	118.0
154.16	119.0
321.16	119.0
326.08	119.0
841.84	119.0
963.8	119.0
1037.24	119.0
1215.12	119.0
201.6	120.0
209.32	120.0
226.2	120.0
266.76	120.0
306.84	120.0
322.28	120.0
324.92	120.0
363.52	120.0
490.0	120.0
922.16	120.0
1158.76	120.0
1222.76	120.0
