302.88	84.0
321.56	84.0
334.84	84.0
306.8	85.0
580.48	85.0
318.6	85.0
343.84	85.0
358.04	85.0
460.8	85.0
526.56	85.0
554.84	85.0
600.6	85.0
629.56	85.0
649.96	85.0
735.68	85.0
763.0	85.0
834.32	85.0
979.12	85.0
1236.92	85.0
306.72	86.0
334.72	86.0
350.44	86.0
361.8	86.0
368.2	86.0
373.56	86.0
380.56	86.0
392.36	86.0
401.56	86.0
418.52	86.0
446.52	86.0
457.8	86.0
481.68	86.0
500.92	86.0
558.6	86.0
582.0	86.0
697.0	86.0
734.84	86.0
779.88	86.0
797.24	86.0
831.0	86.0
841.08	86.0
989.28	86.0
1027.28	86.0
1053.48	86.0
1185.88	86.0
1218.8	86.0
1231.08	86.0
1235.88	86.0
1258.4	86.0
1272.2	86.0
317.08	86.0
322.16	86.0
329.28	86.0
337.6	86.0
340.44	86.0
344.84	86.0
353.8	86.0
370.84	86.0
386.12	86.0
407.92	86.0
425.24	86.0
526.52	86.0
970.68	86.0
1008.24	86.0
333.4	87.0
722.8	87.0
747.96	87.0
848.04	87.0
307.12	87.0
309.88	87.0
313.84	87.0
316.68	87.0
323.44	87.0
326.36	87.0
337.0	87.0
344.48	87.0
355.4	87.0
366.84	87.0
379.2	87.0
413.2	87.0
425.24	87.0
479.24	87.0
501.84	87.0
509.36	87.0
522.64	87.0
539.52	87.0
583.52	87.0
593.84	87.0
603.44	87.0
629.72	87.0
646.08	87.0
736.24	87.0
753.48	87.0
774.64	87.0
830.76	87.0
841.0	87.0
877.36	87.0
934.44	87.0
311.64	88.0
302.72	88.0
309.04	88.0
315.44	88.0
318.6	88.0
323.92	88.0
335.52	88.0
350.48	88.0
539.36	88.0
944.36	88.0
961.16	88.0
1017.56	88.0
1108.28	88.0
1152.56	88.0
1282.6	88.0
350.52	89.0
353.84	89.0
370.72	89.0
528.52	89.0
650.0	89.0
714.48	89.0
757.2	89.0
960.88	89.0
1016.08	89.0
1299.04	89.0
302.48	90.0
320.6	90.0
324.04	90.0
333.96	90.0
339.12	90.0
347.76	90.0
365.12	90.0
507.72	90.0
543.92	90.0
558.32	90.0
601.24	90.0
756.92	90.0
782.04	90.0
835.8	90.0
989.4	90.0
1137.44	90.0
1164.08	90.0
1229.2	90.0
1258.92	90.0
314.28	91.0
319.4	91.0
302.48	91.0
331.2	91.0
357.36	91.0
373.36	91.0
401.36	91.0
711.04	91.0
322.84	92.0
332.8	92.0
963.64	92.0
967.32	92.0
1121.08	92.0
1230.32	92.0
317.84	92.0
367.52	92.0
386.56	92.0
486.56	92.0
675.68	92.0
794.28	92.0
311.56	93.0
316.8	93.0
357.0	93.0
374.24	93.0
485.48	93.0
557.44	93.0
658.28	93.0
694.08	93.0
733.16	93.0
761.32	93.0
822.08	93.0
859.96	93.0
878.84	93.0
903.88	93.0
927.36	93.0
946.36	93.0
970.08	93.0
999.4	93.0
1031.52	93.0
1074.28	93.0
1153.16	93.0
1214.96	93.0
1239.8	93.0
1272.76	93.0
1302.64	93.0
302.68	93.0
373.56	94.0
855.92	94.0
971.12	94.0
317.08	94.0
325.56	94.0
334.92	94.0
400.76	94.0
461.8	94.0
504.52	94.0
570.76	94.0
629.28	94.0
695.08	94.0
715.2	94.0
916.76	94.0
920.92	94.0
1016.12	94.0
1107.16	94.0
1153.36	94.0
321.8	95.0
357.64	95.0
608.6	95.0
641.36	95.0
737.16	95.0
796.92	95.0
846.84	95.0
893.48	95.0
1017.04	95.0
1220.88	95.0
1282.56	95.0
302.48	96.0
328.16	96.0
344.72	96.0
454.4	96.0
502.08	96.0
552.56	96.0
575.48	96.0
625.32	96.0
727.12	96.0
801.2	96.0
871.32	96.0
1024.6	96.0
1136.84	96.0
1182.12	96.0
1234.08	96.0
1236.84	96.0
1269.84	96.0
1168.8	97.0
302.8	97.0
307.08	97.0
331.16	97.0
373.24	97.0
409.24	97.0
877.56	97.0
957.0	97.0
1197.24	97.0
309.2	98.0
373.48	98.0
625.4	98.0
364.68	99.0
309.96	99.0
314.8	99.0
319.08	99.0
324.12	99.0
328.96	99.0
335.08	99.0
341.84	99.0
347.72	99.0
359.12	99.0
394.4	99.0
401.36	99.0
788.08	99.0
822.32	99.0
923.88	99.0
469.56	100.0
325.44	100.0
342.4	100.0
815.68	100.0
1008.72	100.0
1280.72	100.0
314.28	101.0
333.96	101.0
407.8	101.0
314.44	102.0
332.88	102.0
355.68	103.0
302.72	103.0
327.64	103.0
355.68	104.0
311.0	104.0
316.12	104.0
320.96	104.0
325.84	104.0
330.76	104.0
339.52	104.0
351.8	104.0
366.48	104.0
382.56	104.0
385.08	104.0
408.72	104.0
426.24	104.0
494.28	104.0
509.28	104.0
559.28	104.0
590.2	104.0
630.88	104.0
647.44	104.0
687.2	104.0
718.76	104.0
760.68	104.0
800.92	104.0
880.52	104.0
907.64	104.0
925.24	104.0
934.6	104.0
971.52	104.0
1000.2	104.0
1037.68	104.0
1243.4	104.0
327.84	106.0
357.84	106.0
525.16	106.0
621.0	106.0
1272.32	106.0
309.6	107.0
317.84	107.0
321.68	107.0
333.28	107.0
341.44	107.0
344.44	107.0
354.44	107.0
359.6	107.0
369.76	107.0
373.48	107.0
409.56	107.0
481.0	107.0
513.24	107.0
654.2	107.0
731.96	107.0
765.8	107.0
782.72	107.0
808.2	107.0
837.72	107.0
871.12	107.0
970.84	107.0
1055.44	107.0
1137.12	107.0
1160.24	107.0
1194.64	107.0
1215.36	107.0
1293.36	107.0
302.64	108.0
325.68	108.0
338.44	108.0
350.4	108.0
369.64	108.0
387.08	108.0
419.12	108.0
487.44	108.0
780.32	108.0
845.12	108.0
905.92	108.0
318.8	109.0
347.6	109.0
364.96	109.0
507.48	109.0
1298.4	109.0
326.32	109.0
310.48	110.0
379.2	110.0
480.4	110.0
314.6	110.0
337.88	110.0
393.48	110.0
1018.36	110.0
1143.12	110.0
310.56	111.0
315.08	111.0
322.16	111.0
336.96	111.0
342.44	111.0
347.44	111.0
355.0	111.0
357.8	111.0
471.96	111.0
541.88	111.0
572.04	111.0
599.6	111.0
680.08	111.0
710.04	111.0
780.96	111.0
851.92	111.0
858.92	111.0
911.08	111.0
920.12	111.0
924.2	111.0
961.64	111.0
972.6	111.0
1053.48	111.0
1058.84	111.0
1169.92	111.0
1195.08	111.0
1236.92	111.0
1267.24	111.0
1298.52	111.0
355.8	112.0
309.0	112.0
311.84	112.0
318.32	112.0
326.36	112.0
347.88	112.0
390.08	112.0
455.12	112.0
494.96	112.0
599.92	112.0
643.44	112.0
712.48	112.0
833.64	112.0
1117.84	112.0
631.68	113.0
317.2	113.0
327.6	113.0
342.48	113.0
354.08	113.0
368.64	113.0
383.8	113.0
422.12	113.0
435.72	113.0
455.64	113.0
480.64	113.0
504.0	113.0
544.44	113.0
306.16	114.0
314.96	114.0
325.8	114.0
335.24	114.0
340.4	114.0
348.28	114.0
355.08	114.0
368.16	114.0
386.0	114.0
461.68	114.0
315.04	115.0
370.24	115.0
461.92	115.0
907.56	115.0
323.32	115.0
329.44	115.0
338.16	115.0
350.64	115.0
356.72	115.0
359.44	115.0
385.76	115.0
409.04	115.0
426.88	115.0
447.44	115.0
482.32	115.0
526.88	115.0
554.44	115.0
600.36	115.0
681.0	115.0
688.52	115.0
724.48	115.0
755.84	115.0
807.08	115.0
835.04	115.0
973.28	115.0
1018.64	115.0
1060.52	115.0
1143.36	115.0
1214.16	115.0
1268.2	115.0
1298.56	115.0
317.4	116.0
329.12	116.0
346.32	116.0
541.76	116.0
311.32	116.0
314.44	116.0
320.84	116.0
326.16	116.0
333.28	116.0
336.6	116.0
343.52	116.0
358.92	116.0
364.96	116.0
369.96	116.0
383.92	116.0
389.48	116.0
399.48	116.0
593.28	116.0
700.76	116.0
803.4	116.0
906.04	116.0
1003.36	116.0
1083.04	116.0
1123.6	116.0
1198.56	116.0
1260.2	116.0
1283.08	116.0
353.08	117.0
310.56	117.0
314.68	117.0
341.88	117.0
852.2	117.0
1297.92	117.0
315.04	118.0
384.6	118.0
711.4	118.0
323.6	118.0
328.6	118.0
338.04	118.0
349.08	118.0
354.64	118.0
370.08	118.0
504.76	118.0
555.52	118.0
597.88	118.0
779.4	118.0
922.24	118.0
1057.16	118.0
1168.2	118.0
1256.04	118.0
1258.68	118.0
1296.04	118.0
318.92	119.0
327.52	119.0
341.0	119.0
419.08	119.0
556.56	119.0
597.0	119.0
624.56	119.0
651.12	119.0
685.56	119.0
710.2	119.0
752.08	119.0
807.24	119.0
828.6	119.0
1115.48	119.0
1214.4	119.0
306.88	120.0
317.04	120.0
340.52	120.0
358.8	120.0
518.44	120.0
650.04	120.0
675.44	120.0
731.24	120.0
833.16	120.0
