368.56	84.0
302.88	84.0
567.92	84.0
322.36	85.0
351.8	85.0
432.08	85.0
441.8	85.0
546.36	85.0
610.28	85.0
633.0	85.0
789.4	85.0
929.36	85.0
955.12	85.0
1058.36	85.0
1138.48	85.0
345.36	86.0
350.76	86.0
356.36	86.0
366.08	86.0
385.48	86.0
397.48	86.0
406.92	86.0
416.4	86.0
420.92	86.0
431.56	86.0
434.28	86.0
440.52	86.0
449.84	86.0
458.88	86.0
462.32	86.0
473.2	86.0
488.36	86.0
504.68	86.0
530.16	86.0
540.92	86.0
547.12	86.0
565.28	86.0
576.96	86.0
604.32	86.0
616.08	86.0
629.76	86.0
643.4	86.0
651.88	86.0
668.6	86.0
684.24	86.0
694.72	86.0
717.0	86.0
737.76	86.0
759.04	86.0
780.12	86.0
786.76	86.0
813.36	86.0
825.64	86.0
847.72	86.0
873.92	86.0
914.68	86.0
927.4	86.0
953.12	86.0
971.84	86.0
980.72	86.0
1056.92	86.0
1078.12	86.0
1086.52	86.0
1103.08	86.0
1130.88	86.0
1149.4	86.0
1159.84	86.0
1178.56	86.0
1184.64	86.0
1192.64	86.0
1207.0	86.0
1221.56	86.0
1235.4	86.0
1250.76	86.0
1269.32	86.0
1295.68	86.0
1310.08	86.0
1326.32	86.0
1348.68	86.0
1375.04	86.0
1378.32	86.0
310.28	86.0
323.4	86.0
328.44	86.0
331.76	86.0
339.72	86.0
362.4	86.0
372.04	86.0
391.2	86.0
481.72	86.0
525.76	86.0
590.28	86.0
903.28	86.0
1022.76	86.0
1134.0	86.0
328.84	87.0
436.24	87.0
499.92	87.0
524.68	87.0
545.72	87.0
950.4	87.0
1022.8	87.0
1379.88	87.0
309.6	87.0
321.36	87.0
324.24	87.0
332.28	87.0
335.0	87.0
338.32	87.0
341.84	87.0
348.84	87.0
352.48	87.0
356.88	87.0
360.88	87.0
364.72	87.0
368.68	87.0
372.64	87.0
377.48	87.0
382.8	87.0
404.36	87.0
413.8	87.0
423.52	87.0
653.16	87.0
716.96	87.0
741.4	87.0
903.28	87.0
1054.6	87.0
1076.2	87.0
337.08	88.0
508.04	88.0
310.04	88.0
324.44	88.0
330.8	88.0
359.08	88.0
361.64	88.0
375.08	88.0
521.48	88.0
624.76	88.0
644.4	88.0
691.84	88.0
727.4	88.0
768.68	88.0
785.6	88.0
965.6	88.0
330.64	89.0
381.88	89.0
338.8	89.0
345.04	89.0
411.04	89.0
522.56	89.0
586.84	89.0
899.12	89.0
329.96	90.0
302.48	90.0
313.16	90.0
334.32	90.0
338.36	90.0
344.68	90.0
522.28	90.0
631.48	90.0
1037.56	90.0
1099.8	90.0
1360.28	90.0
1382.92	90.0
302.48	91.0
309.16	91.0
333.08	91.0
831.68	91.0
311.72	92.0
322.04	92.0
329.4	92.0
342.12	92.0
355.96	92.0
367.36	92.0
403.44	92.0
412.88	92.0
416.96	92.0
479.6	92.0
523.08	92.0
565.88	92.0
610.08	92.0
655.28	92.0
788.64	92.0
844.08	92.0
884.24	92.0
954.36	92.0
990.8	92.0
1026.4	92.0
1073.96	92.0
1127.84	92.0
1165.68	92.0
1332.44	92.0
1349.04	92.0
1383.8	92.0
309.2	92.0
333.08	92.0
336.28	92.0
349.84	92.0
370.92	92.0
376.08	92.0
394.48	92.0
407.04	92.0
454.36	92.0
569.8	92.0
613.56	92.0
958.12	92.0
978.64	92.0
1082.68	92.0
1102.76	92.0
1131.2	92.0
1335.68	92.0
1355.24	92.0
332.76	93.0
345.44	93.0
352.4	93.0
371.8	93.0
653.52	93.0
769.56	93.0
863.2	93.0
910.84	93.0
1067.2	93.0
1119.52	93.0
1134.6	93.0
1242.12	93.0
1277.96	93.0
302.6	93.0
313.32	94.0
367.24	94.0
444.04	94.0
466.64	94.0
541.56	94.0
1037.76	94.0
333.84	95.0
342.16	95.0
465.64	95.0
520.2	95.0
567.28	95.0
609.68	95.0
642.12	95.0
697.2	95.0
746.64	95.0
798.24	95.0
856.72	95.0
910.76	95.0
963.32	95.0
1011.08	95.0
1037.08	95.0
1075.56	95.0
1095.44	95.0
1134.6	95.0
1167.44	95.0
1381.44	95.0
302.48	96.0
342.4	96.0
378.2	96.0
404.8	96.0
483.2	96.0
500.56	96.0
541.04	96.0
583.8	96.0
608.12	96.0
1156.56	96.0
314.64	97.0
353.48	97.0
692.64	97.0
1066.08	97.0
302.72	97.0
342.84	97.0
563.68	97.0
795.92	98.0
361.24	99.0
364.0	99.0
309.16	99.0
312.32	99.0
324.76	99.0
328.92	99.0
332.72	99.0
335.68	99.0
340.68	99.0
348.96	99.0
631.72	99.0
930.84	99.0
303.0	100.0
363.04	100.0
832.12	100.0
931.4	100.0
313.68	101.0
402.96	101.0
313.72	102.0
341.6	103.0
509.88	103.0
302.68	104.0
310.48	104.0
314.48	104.0
323.64	104.0
333.12	104.0
336.96	104.0
340.72	104.0
347.88	104.0
350.4	104.0
362.08	104.0
402.96	104.0
426.04	104.0
468.12	104.0
492.12	104.0
509.36	104.0
548.48	104.0
614.64	104.0
645.92	104.0
686.0	104.0
725.12	104.0
854.68	104.0
910.72	104.0
973.24	104.0
1039.12	104.0
1087.12	104.0
1108.28	104.0
1187.56	104.0
1282.16	104.0
1389.04	104.0
302.48	106.0
415.84	106.0
929.4	106.0
309.68	107.0
333.52	107.0
337.6	107.0
354.64	107.0
361.28	107.0
373.32	107.0
418.12	107.0
437.08	107.0
460.04	107.0
465.68	107.0
484.68	107.0
502.96	107.0
516.72	107.0
564.04	107.0
581.04	107.0
605.84	107.0
649.96	107.0
685.56	107.0
788.96	107.0
831.32	107.0
997.16	107.0
1055.28	107.0
1067.6	107.0
1113.72	107.0
1129.4	107.0
1195.32	107.0
1239.0	107.0
1271.52	107.0
1322.48	107.0
342.48	108.0
361.36	108.0
302.48	108.0
331.08	108.0
357.48	108.0
384.24	108.0
391.6	108.0
417.6	108.0
324.2	109.0
333.36	109.0
310.52	110.0
322.48	110.0
337.24	110.0
348.28	110.0
354.72	110.0
408.72	110.0
424.52	110.0
332.32	110.0
341.72	110.0
359.24	110.0
831.76	110.0
310.52	111.0
314.32	111.0
327.16	111.0
332.84	111.0
342.24	111.0
345.36	111.0
357.76	111.0
418.04	111.0
424.64	111.0
447.12	111.0
467.48	111.0
483.52	111.0
488.12	111.0
502.96	111.0
527.24	111.0
550.36	111.0
561.12	111.0
566.24	111.0
588.2	111.0
612.36	111.0
618.12	111.0
653.32	111.0
664.64	111.0
683.32	111.0
686.64	111.0
716.84	111.0
722.84	111.0
743.4	111.0
789.92	111.0
811.08	111.0
847.76	111.0
861.12	111.0
887.2	111.0
905.0	111.0
910.72	111.0
920.32	111.0
957.96	111.0
965.52	111.0
994.68	111.0
1017.12	111.0
1029.72	111.0
1049.52	111.0
1077.48	111.0
1095.16	111.0
1101.0	111.0
1131.08	111.0
1167.76	111.0
1215.2	111.0
1244.8	111.0
1269.16	111.0
1394.32	111.0
309.04	112.0
311.92	112.0
330.68	112.0
336.6	112.0
348.36	112.0
486.64	112.0
914.92	112.0
1036.84	112.0
1149.2	112.0
309.28	113.0
314.84	113.0
326.2	113.0
337.16	113.0
343.2	113.0
352.68	113.0
366.0	113.0
388.28	113.0
312.56	114.0
325.68	114.0
334.56	114.0
339.96	114.0
349.36	114.0
330.52	114.0
324.68	115.0
372.16	115.0
603.2	115.0
332.6	115.0
337.84	115.0
342.04	115.0
349.4	115.0
354.04	115.0
359.52	115.0
396.32	115.0
424.28	115.0
439.12	115.0
451.92	115.0
469.68	115.0
529.08	115.0
550.52	115.0
573.68	115.0
629.96	115.0
650.52	115.0
679.32	115.0
701.12	115.0
725.96	115.0
745.28	115.0
768.44	115.0
781.12	115.0
800.88	115.0
854.04	115.0
874.24	115.0
916.32	115.0
935.92	115.0
956.0	115.0
981.04	115.0
1000.84	115.0
1022.28	115.0
1050.24	115.0
1075.92	115.0
1099.12	115.0
1125.12	115.0
1144.12	115.0
1220.68	115.0
1245.24	115.0
1306.44	115.0
1341.2	115.0
1377.72	115.0
327.28	116.0
381.96	116.0
311.8	116.0
324.04	116.0
331.76	116.0
336.36	116.0
341.2	116.0
347.44	116.0
352.92	116.0
355.44	116.0
362.24	116.0
367.64	116.0
372.08	116.0
377.92	116.0
387.72	116.0
402.4	116.0
433.16	116.0
445.2	116.0
462.72	116.0
504.16	116.0
522.64	116.0
607.0	116.0
618.52	116.0
647.76	116.0
726.24	116.0
812.96	116.0
832.08	116.0
834.84	116.0
850.68	116.0
903.84	116.0
916.56	116.0
930.76	116.0
950.6	116.0
963.92	116.0
972.56	116.0
991.88	116.0
995.44	116.0
1000.56	116.0
1022.28	116.0
1067.92	116.0
1102.96	116.0
1165.64	116.0
1243.12	116.0
1301.16	116.0
1327.0	116.0
1335.68	116.0
1366.52	116.0
355.4	117.0
373.84	117.0
409.08	117.0
342.0	118.0
903.0	118.0
1379.8	118.0
314.52	118.0
323.12	118.0
327.36	118.0
334.92	118.0
360.56	118.0
446.0	118.0
488.28	118.0
504.92	118.0
537.4	118.0
545.12	118.0
555.88	118.0
604.96	118.0
610.4	118.0
681.68	118.0
751.88	118.0
1034.72	118.0
374.04	119.0
416.12	119.0
463.08	119.0
527.72	119.0
875.88	119.0
992.0	119.0
1164.68	119.0
309.96	120.0
325.52	120.0
331.8	120.0
363.6	120.0
372.88	120.0
399.8	120.0
562.0	120.0
701.84	120.0
783.76	120.0
809.72	120.0
880.16	120.0
1303.12	120.0
