345.16	84.0
360.88	84.0
540.36	84.0
302.72	84.0
322.28	85.0
332.12	85.0
340.72	85.0
346.16	85.0
354.72	85.0
373.76	85.0
387.6	85.0
411.08	85.0
430.6	85.0
466.96	85.0
500.0	85.0
557.08	85.0
732.08	85.0
745.24	85.0
781.2	85.0
1001.0	85.0
1033.68	85.0
1198.88	85.0
1308.52	85.0
1347.56	85.0
315.4	86.0
335.2	86.0
338.4	86.0
342.44	86.0
354.24	86.0
366.52	86.0
400.8	86.0
410.0	86.0
417.52	86.0
429.12	86.0
439.08	86.0
449.84	86.0
473.52	86.0
481.76	86.0
490.2	86.0
524.4	86.0
569.6	86.0
594.64	86.0
616.96	86.0
634.48	86.0
651.08	86.0
664.4	86.0
675.32	86.0
697.64	86.0
722.72	86.0
766.32	86.0
778.64	86.0
809.68	86.0
832.16	86.0
884.0	86.0
911.8	86.0
926.64	86.0
998.92	86.0
1032.72	86.0
1148.16	86.0
1172.12	86.0
1192.8	86.0
1250.32	86.0
1271.56	86.0
1318.08	86.0
1340.84	86.0
320.4	86.0
324.68	86.0
329.88	86.0
345.76	86.0
350.68	86.0
357.52	86.0
360.8	86.0
373.88	86.0
387.96	86.0
403.32	86.0
540.88	86.0
551.0	86.0
734.76	86.0
1222.16	86.0
1301.24	86.0
317.0	87.0
320.44	87.0
322.96	87.0
334.28	87.0
353.76	87.0
579.64	87.0
631.76	87.0
657.12	87.0
694.84	87.0
736.36	87.0
763.96	87.0
805.28	87.0
839.2	87.0
873.96	87.0
932.6	87.0
1325.68	87.0
313.36	87.0
330.92	87.0
338.52	87.0
341.64	87.0
345.56	87.0
348.8	87.0
358.24	87.0
366.96	87.0
371.48	87.0
388.84	87.0
396.68	87.0
407.88	87.0
751.84	87.0
789.48	87.0
922.4	87.0
1269.96	87.0
320.44	88.0
334.92	88.0
349.52	88.0
352.72	88.0
359.84	88.0
395.0	88.0
420.24	88.0
464.96	88.0
514.24	88.0
535.36	88.0
580.72	88.0
612.92	88.0
707.64	88.0
743.0	88.0
893.08	88.0
1120.76	88.0
1263.84	88.0
1278.96	88.0
1337.16	88.0
302.44	88.0
362.72	88.0
447.68	88.0
526.6	88.0
635.88	88.0
749.24	88.0
771.56	88.0
790.68	88.0
823.92	88.0
862.2	88.0
960.64	88.0
1145.92	88.0
1245.04	88.0
1295.52	88.0
1374.16	88.0
314.56	89.0
318.92	89.0
326.28	89.0
328.92	89.0
358.24	89.0
384.0	89.0
419.88	89.0
437.96	89.0
595.32	89.0
927.24	89.0
1216.24	89.0
1264.52	89.0
1341.68	89.0
314.24	90.0
343.12	90.0
348.12	90.0
363.68	90.0
389.4	90.0
409.76	90.0
437.64	90.0
728.68	90.0
934.48	90.0
1070.24	90.0
1113.32	90.0
1215.96	90.0
1250.36	90.0
1264.28	90.0
1348.28	90.0
333.12	91.0
368.4	91.0
314.52	92.0
339.04	92.0
352.76	92.0
373.4	92.0
393.84	92.0
397.28	92.0
437.44	92.0
481.4	92.0
523.64	92.0
538.2	92.0
564.8	92.0
617.8	92.0
747.84	92.0
804.64	92.0
874.8	92.0
1001.68	92.0
1303.36	92.0
318.6	92.0
321.96	92.0
326.52	92.0
329.84	92.0
346.52	92.0
383.44	92.0
453.36	92.0
469.56	92.0
484.88	92.0
527.16	92.0
550.76	92.0
568.64	92.0
621.88	92.0
724.56	92.0
751.6	92.0
776.48	92.0
878.68	92.0
913.2	92.0
1005.92	92.0
1058.68	92.0
1116.08	92.0
1184.72	92.0
1244.08	92.0
1370.0	92.0
312.64	93.0
332.56	93.0
947.2	93.0
1228.08	93.0
1300.08	93.0
1306.88	93.0
302.44	93.0
371.48	93.0
324.84	94.0
453.68	94.0
319.16	94.0
322.24	94.0
346.16	94.0
362.84	94.0
367.72	94.0
431.0	94.0
520.52	94.0
622.48	94.0
324.64	95.0
336.84	95.0
351.44	95.0
520.16	95.0
566.56	95.0
623.16	95.0
700.2	95.0
797.48	95.0
1005.68	95.0
1071.2	95.0
1160.6	95.0
1223.4	95.0
331.96	96.0
1251.28	96.0
1346.08	97.0
302.44	97.0
323.6	97.0
597.64	97.0
1304.32	97.0
1322.68	97.0
302.48	98.0
360.04	98.0
323.04	98.0
1176.0	98.0
315.68	99.0
378.32	99.0
312.64	99.0
321.48	99.0
327.32	99.0
331.68	99.0
335.8	99.0
343.36	99.0
349.56	99.0
360.84	99.0
726.32	99.0
1220.76	99.0
1247.8	99.0
1265.6	99.0
359.68	100.0
376.76	100.0
985.32	100.0
338.16	101.0
1370.0	102.0
312.12	102.0
338.72	102.0
333.04	103.0
371.36	103.0
314.08	103.0
347.72	103.0
302.84	104.0
313.0	104.0
317.32	104.0
322.8	104.0
328.84	104.0
335.16	104.0
337.72	104.0
342.6	104.0
351.72	104.0
358.04	104.0
361.0	104.0
369.84	104.0
402.12	104.0
412.16	104.0
431.04	104.0
469.56	104.0
486.48	104.0
509.12	104.0
580.76	104.0
595.16	104.0
618.2	104.0
635.52	104.0
730.68	104.0
769.56	104.0
786.2	104.0
856.4	104.0
1046.32	104.0
1121.92	104.0
1168.68	104.0
1268.04	104.0
1323.24	104.0
1330.28	104.0
1250.0	105.0
435.56	106.0
485.92	106.0
1218.8	107.0
302.44	107.0
313.36	107.0
316.44	107.0
325.36	107.0
334.32	107.0
341.32	107.0
359.52	107.0
363.92	107.0
372.72	107.0
389.52	107.0
431.84	107.0
481.48	107.0
522.6	107.0
543.04	107.0
569.84	107.0
598.4	107.0
602.8	107.0
614.24	107.0
632.08	107.0
670.76	107.0
724.2	107.0
764.08	107.0
835.32	107.0
937.4	107.0
1066.2	107.0
1191.64	107.0
1271.16	107.0
1300.0	107.0
345.92	108.0
325.56	108.0
340.0	108.0
358.56	108.0
372.04	108.0
394.28	108.0
425.76	108.0
466.56	108.0
676.64	108.0
692.84	108.0
1058.56	108.0
1086.0	108.0
1124.36	108.0
1164.72	108.0
323.0	109.0
347.88	109.0
383.48	109.0
419.4	109.0
540.6	109.0
689.92	109.0
774.36	109.0
1348.04	109.0
595.16	109.0
851.0	109.0
892.52	109.0
314.08	110.0
328.72	110.0
370.12	110.0
563.8	110.0
352.6	110.0
689.72	110.0
1192.48	110.0
1225.28	110.0
1291.64	110.0
329.12	111.0
357.96	111.0
1016.32	111.0
1268.4	111.0
333.0	111.0
338.44	111.0
343.56	111.0
352.36	111.0
355.08	111.0
370.2	111.0
378.4	111.0
395.12	111.0
419.32	111.0
431.12	111.0
441.16	111.0
459.24	111.0
482.08	111.0
500.16	111.0
505.36	111.0
518.0	111.0
525.72	111.0
528.4	111.0
545.52	111.0
573.44	111.0
621.44	111.0
658.2	111.0
690.36	111.0
750.96	111.0
762.88	111.0
766.08	111.0
776.92	111.0
807.48	111.0
834.12	111.0
857.36	111.0
872.92	111.0
945.8	111.0
1022.24	111.0
1041.24	111.0
1069.76	111.0
1078.92	111.0
1096.36	111.0
1129.64	111.0
1157.32	111.0
1170.2	111.0
1188.08	111.0
1225.16	111.0
1233.28	111.0
1291.56	111.0
1321.64	111.0
1336.88	111.0
1346.92	111.0
1370.4	111.0
1374.72	111.0
321.0	112.0
335.6	112.0
338.44	112.0
343.2	112.0
352.6	112.0
408.6	112.0
439.04	112.0
452.44	112.0
497.28	112.0
560.68	112.0
705.8	112.0
766.32	112.0
776.64	112.0
906.0	112.0
1170.48	112.0
1249.76	112.0
1326.16	112.0
1344.04	112.0
302.48	113.0
324.16	113.0
337.16	113.0
339.84	113.0
344.44	113.0
360.8	113.0
389.6	113.0
326.76	114.0
342.88	114.0
350.92	114.0
362.28	114.0
484.48	115.0
563.0	115.0
329.64	115.0
339.28	115.0
347.36	115.0
358.52	115.0
377.32	115.0
412.56	115.0
435.72	115.0
516.04	115.0
645.88	115.0
666.16	115.0
747.24	115.0
781.24	115.0
816.72	115.0
851.88	115.0
873.32	115.0
917.88	115.0
975.4	115.0
1004.92	115.0
1023.04	115.0
1045.16	115.0
1075.44	115.0
1128.48	115.0
1153.28	115.0
1225.6	115.0
1262.76	115.0
1301.24	115.0
1347.64	115.0
325.92	116.0
329.4	116.0
352.2	116.0
751.16	116.0
1224.56	116.0
1374.8	116.0
317.24	116.0
322.84	116.0
333.0	116.0
336.96	116.0
343.32	116.0
347.16	116.0
349.68	116.0
358.24	116.0
364.0	116.0
375.72	116.0
383.44	116.0
392.12	116.0
398.92	116.0
407.36	116.0
419.92	116.0
462.88	116.0
545.32	116.0
563.64	116.0
689.96	116.0
967.08	116.0
1001.24	116.0
1042.12	116.0
1070.64	116.0
1142.12	116.0
1249.68	116.0
1348.04	116.0
344.2	117.0
364.56	117.0
377.44	117.0
338.48	117.0
357.52	117.0
370.52	117.0
400.88	117.0
564.24	117.0
662.92	117.0
777.16	117.0
1016.32	117.0
1225.48	117.0
1268.44	117.0
302.64	118.0
328.88	118.0
407.04	118.0
857.32	118.0
1168.4	118.0
1247.76	118.0
313.56	118.0
322.32	118.0
333.28	118.0
337.12	118.0
344.96	118.0
355.08	118.0
362.8	118.0
368.12	118.0
394.56	118.0
411.36	118.0
435.28	118.0
574.24	118.0
696.68	118.0
764.4	118.0
932.4	118.0
1069.88	118.0
1345.36	118.0
364.24	119.0
347.2	119.0
370.76	119.0
375.08	119.0
410.56	119.0
432.4	119.0
474.12	119.0
501.64	119.0
524.32	119.0
1225.96	119.0
1257.68	119.0
336.04	120.0
331.64	120.0
344.8	120.0
390.84	120.0
420.36	120.0
694.92	120.0
834.8	120.0
1193.68	120.0
1259.92	120.0
1311.36	120.0
1344.4	120.0
