436.92	84.0
302.8	84.0
309.36	84.0
322.44	84.0
1232.16	84.0
328.2	85.0
335.44	85.0
359.6	85.0
447.48	85.0
876.24	85.0
901.72	85.0
1198.36	85.0
4.88	86.0
10.6	86.0
26.92	86.0
42.32	86.0
56.76	86.0
61.28	86.0
68.52	86.0
78.52	86.0
104.56	86.0
114.52	86.0
118.56	86.0
128.44	86.0
148.2	86.0
184.36	86.0
255.56	86.0
302.92	86.0
307.76	86.0
314.72	86.0
331.28	86.0
340.84	86.0
363.84	86.0
370.08	86.0
380.76	86.0
418.76	86.0
470.56	86.0
500.8	86.0
573.88	86.0
595.12	86.0
622.72	86.0
665.6	86.0
687.64	86.0
803.08	86.0
874.76	86.0
973.12	86.0
1183.32	86.0
1216.76	86.0
1235.96	86.0
1245.16	86.0
1258.96	86.0
1270.0	86.0
1290.08	86.0
1295.72	86.0
318.52	86.0
324.36	86.0
333.96	86.0
346.92	86.0
356.6	86.0
388.16	86.0
398.04	86.0
408.68	86.0
489.56	86.0
900.48	86.0
1198.56	86.0
1208.88	86.0
1222.52	86.0
4.68	87.0
77.0	87.0
683.88	87.0
748.04	87.0
816.6	87.0
840.52	87.0
1245.32	87.0
1273.2	87.0
23.2	87.0
306.76	87.0
317.24	87.0
320.52	87.0
324.28	87.0
327.28	87.0
333.28	87.0
339.0	87.0
393.12	87.0
397.64	87.0
419.88	87.0
445.76	87.0
522.6	87.0
593.96	87.0
625.16	87.0
634.24	87.0
669.44	87.0
689.48	87.0
707.48	87.0
715.12	87.0
729.64	87.0
791.12	87.0
1176.24	87.0
1194.56	87.0
1202.6	87.0
1219.4	87.0
1228.76	87.0
1234.08	87.0
1264.0	87.0
1276.44	87.0
303.0	88.0
359.68	88.0
1183.8	88.0
11.36	88.0
137.92	88.0
308.16	88.0
316.08	88.0
333.04	88.0
349.6	88.0
372.88	88.0
505.64	88.0
756.44	88.0
864.76	88.0
945.24	88.0
1188.12	88.0
1201.92	88.0
1210.32	88.0
342.96	89.0
1152.16	89.0
1162.84	89.0
30.12	89.0
308.28	89.0
313.88	89.0
326.96	89.0
330.16	89.0
441.0	89.0
457.0	89.0
1190.24	90.0
29.84	90.0
48.08	90.0
74.56	90.0
98.48	90.0
104.08	90.0
145.12	90.0
315.36	90.0
318.92	90.0
322.0	90.0
331.08	90.0
334.4	90.0
339.56	90.0
353.04	90.0
392.88	90.0
573.6	90.0
1169.16	90.0
1201.16	90.0
1235.2	90.0
1259.84	90.0
316.88	91.0
324.16	91.0
422.04	91.0
342.92	91.0
374.56	91.0
391.52	91.0
1204.52	91.0
16.44	92.0
77.28	92.0
137.72	92.0
313.44	92.0
325.04	92.0
332.12	92.0
336.8	92.0
368.72	92.0
379.2	92.0
391.16	92.0
408.84	92.0
423.64	92.0
442.28	92.0
462.8	92.0
471.4	92.0
489.76	92.0
503.56	92.0
521.28	92.0
539.96	92.0
558.68	92.0
568.32	92.0
594.32	92.0
625.2	92.0
635.32	92.0
638.36	92.0
667.48	92.0
674.12	92.0
702.2	92.0
724.04	92.0
758.72	92.0
901.68	92.0
1166.68	92.0
1204.52	92.0
1236.52	92.0
1239.12	92.0
1285.12	92.0
3.36	92.0
99.8	92.0
146.52	92.0
308.84	92.0
320.68	92.0
354.48	92.0
374.12	92.0
426.44	92.0
437.08	92.0
466.32	92.0
480.52	92.0
493.16	92.0
552.84	92.0
572.0	92.0
597.68	92.0
706.4	92.0
1147.32	92.0
1153.76	92.0
1190.04	92.0
1199.4	92.0
1216.72	92.0
1260.64	92.0
1268.64	92.0
1288.6	92.0
8.16	93.0
147.56	93.0
322.96	93.0
331.92	93.0
342.88	93.0
394.76	93.0
473.28	93.0
526.48	93.0
595.32	93.0
613.04	93.0
319.76	93.0
470.12	93.0
74.08	94.0
373.12	94.0
434.36	94.0
474.16	94.0
107.44	94.0
310.16	94.0
321.0	94.0
332.12	94.0
359.8	94.0
362.32	94.0
376.12	94.0
381.28	94.0
403.88	94.0
508.2	94.0
633.84	94.0
1189.68	94.0
1220.28	94.0
1258.64	94.0
1271.72	94.0
19.12	95.0
72.24	95.0
161.44	95.0
318.04	95.0
326.48	95.0
695.24	95.0
834.68	95.0
1185.84	95.0
1198.84	95.0
1221.48	95.0
1296.4	95.0
38.08	96.0
63.12	96.0
81.12	96.0
123.4	96.0
148.88	96.0
185.76	96.0
250.04	96.0
733.96	96.0
1208.12	96.0
1235.8	96.0
1257.88	96.0
353.56	97.0
1220.48	97.0
302.44	97.0
308.4	97.0
341.16	97.0
367.12	97.0
550.36	97.0
664.0	97.0
849.84	97.0
1192.64	97.0
1207.96	97.0
1235.32	97.0
1252.16	97.0
346.24	98.0
319.28	98.0
324.88	98.0
512.56	99.0
302.96	99.0
309.64	99.0
314.6	99.0
319.08	99.0
324.0	99.0
328.96	99.0
335.48	99.0
341.24	99.0
348.32	99.0
357.24	99.0
368.08	99.0
377.44	99.0
405.48	99.0
430.16	99.0
455.12	99.0
489.56	99.0
507.76	99.0
1178.84	99.0
1185.08	99.0
1197.6	99.0
1209.88	99.0
1223.4	99.0
1236.12	99.0
1255.76	99.0
434.72	100.0
317.52	100.0
342.24	100.0
379.64	100.0
512.64	100.0
582.48	100.0
613.44	100.0
320.76	101.0
326.6	101.0
333.8	101.0
343.0	101.0
373.64	101.0
376.4	101.0
411.68	101.0
1190.12	101.0
1221.16	101.0
317.2	102.0
320.84	102.0
376.6	102.0
392.28	102.0
411.0	102.0
1236.0	102.0
1238.56	102.0
635.4	102.0
320.8	103.0
1205.24	103.0
1261.92	103.0
393.04	103.0
435.04	103.0
341.32	104.0
377.96	104.0
392.04	104.0
469.96	104.0
565.56	104.0
593.16	104.0
8.64	104.0
86.48	104.0
306.0	104.0
309.88	104.0
314.2	104.0
319.4	104.0
325.48	104.0
330.88	104.0
337.24	104.0
350.36	104.0
364.4	104.0
371.56	104.0
386.12	104.0
402.76	104.0
414.8	104.0
432.52	104.0
446.0	104.0
487.2	104.0
505.96	104.0
530.84	104.0
555.52	104.0
600.92	104.0
611.32	104.0
647.36	104.0
720.6	104.0
789.4	104.0
1191.76	104.0
1207.08	104.0
1218.52	104.0
1228.88	104.0
1251.92	104.0
1273.24	104.0
1276.8	104.0
60.6	106.0
95.48	106.0
171.04	106.0
328.76	106.0
411.52	106.0
586.04	106.0
635.88	106.0
718.68	106.0
445.36	107.0
13.64	107.0
29.2	107.0
89.88	107.0
118.84	107.0
314.24	107.0
319.72	107.0
324.08	107.0
331.32	107.0
342.16	107.0
379.32	107.0
432.68	107.0
459.8	107.0
471.8	107.0
490.24	107.0
658.24	107.0
780.24	107.0
864.0	107.0
1224.96	107.0
1238.04	107.0
1252.2	107.0
325.04	108.0
302.48	108.0
310.52	108.0
321.36	108.0
377.8	108.0
394.48	108.0
407.6	108.0
423.84	108.0
450.48	108.0
475.4	108.0
1202.08	108.0
1235.88	108.0
1257.4	108.0
1279.48	108.0
1282.36	108.0
47.92	109.0
311.56	109.0
344.4	109.0
352.92	109.0
392.64	109.0
1209.32	109.0
310.48	110.0
368.68	110.0
401.0	110.0
458.08	110.0
334.16	110.0
344.68	110.0
360.24	110.0
363.04	110.0
394.64	110.0
434.44	110.0
525.44	110.0
1221.32	110.0
310.52	111.0
317.28	111.0
331.68	111.0
336.08	111.0
405.28	111.0
636.2	111.0
1267.88	111.0
8.68	111.0
21.4	111.0
52.2	111.0
56.48	111.0
140.32	111.0
168.0	111.0
328.28	111.0
341.0	111.0
346.2	111.0
362.08	111.0
368.76	111.0
377.4	111.0
394.2	111.0
401.12	111.0
412.08	111.0
494.84	111.0
507.52	111.0
532.24	111.0
571.8	111.0
597.92	111.0
704.64	111.0
767.88	111.0
901.28	111.0
1172.0	111.0
1189.04	111.0
1215.28	111.0
1241.04	111.0
1261.84	111.0
1291.32	111.0
1299.12	111.0
1187.4	112.0
309.0	112.0
311.72	112.0
357.92	112.0
363.36	112.0
376.88	112.0
388.8	112.0
445.64	112.0
822.92	112.0
1276.12	112.0
317.96	113.0
328.8	113.0
341.4	113.0
357.08	113.0
375.08	113.0
394.84	113.0
407.76	113.0
421.6	113.0
448.64	113.0
500.92	113.0
522.36	113.0
544.24	113.0
565.48	113.0
600.2	113.0
627.4	113.0
695.96	113.0
1213.76	113.0
315.16	114.0
320.56	114.0
325.72	114.0
332.96	114.0
340.28	114.0
355.8	114.0
377.44	114.0
1230.36	114.0
1264.64	114.0
460.8	114.0
344.64	115.0
361.44	115.0
1199.56	115.0
13.84	115.0
308.4	115.0
336.32	115.0
356.4	115.0
374.24	115.0
385.44	115.0
394.92	115.0
405.12	115.0
412.96	115.0
450.36	115.0
484.36	115.0
493.8	115.0
511.16	115.0
525.76	115.0
544.6	115.0
563.92	115.0
589.4	115.0
594.44	115.0
631.04	115.0
648.88	115.0
695.6	115.0
761.84	115.0
1203.72	115.0
1221.56	115.0
1238.12	115.0
1262.32	115.0
1281.28	115.0
317.72	116.0
388.96	116.0
1198.32	116.0
1236.0	116.0
1238.64	116.0
8.36	116.0
40.6	116.0
55.28	116.0
75.68	116.0
270.12	116.0
311.6	116.0
315.2	116.0
321.44	116.0
329.84	116.0
333.32	116.0
336.12	116.0
339.6	116.0
351.52	116.0
358.0	116.0
361.52	116.0
369.64	116.0
377.2	116.0
403.44	116.0
411.8	116.0
423.0	116.0
430.16	116.0
436.56	116.0
468.32	116.0
478.52	116.0
492.04	116.0
519.52	116.0
570.76	116.0
594.28	116.0
639.6	116.0
1161.44	116.0
1174.12	116.0
1189.32	116.0
1192.6	116.0
1203.24	116.0
1212.32	116.0
1220.28	116.0
1229.28	116.0
1252.68	116.0
1255.2	116.0
1279.84	116.0
1292.36	116.0
1270.2	117.0
316.08	117.0
325.96	117.0
356.48	117.0
636.24	117.0
1201.24	117.0
1259.6	117.0
12.04	118.0
313.48	118.0
324.68	118.0
330.12	118.0
344.28	118.0
348.56	118.0
382.6	118.0
399.08	118.0
431.72	118.0
470.72	118.0
498.28	118.0
532.44	118.0
566.88	118.0
590.4	118.0
669.88	118.0
699.52	118.0
747.84	118.0
777.88	118.0
810.52	118.0
858.12	118.0
923.72	118.0
1161.28	118.0
1187.56	118.0
1191.04	118.0
1203.48	118.0
1230.56	118.0
1255.12	118.0
1276.88	118.0
88.56	119.0
140.36	119.0
204.16	119.0
277.44	119.0
313.84	119.0
344.96	119.0
430.96	119.0
567.6	119.0
696.36	119.0
738.04	119.0
834.4	119.0
859.12	119.0
889.28	119.0
944.2	119.0
998.88	119.0
1031.08	119.0
53.32	120.0
309.84	120.0
327.28	120.0
433.12	120.0
526.84	120.0
548.48	120.0
1212.84	120.0
1230.28	120.0
1256.44	120.0
