382.76	84.0
302.92	84.0
384.44	85.0
324.12	85.0
337.6	85.0
466.2	85.0
493.12	85.0
930.04	85.0
951.16	85.0
1112.8	85.0
1291.28	85.0
320.72	86.0
333.72	86.0
343.12	86.0
350.92	86.0
358.88	86.0
364.16	86.0
374.4	86.0
401.6	86.0
432.12	86.0
467.48	86.0
515.88	86.0
540.0	86.0
565.92	86.0
592.56	86.0
614.92	86.0
654.92	86.0
689.52	86.0
705.08	86.0
733.6	86.0
776.88	86.0
804.44	86.0
809.8	86.0
839.4	86.0
854.4	86.0
876.32	86.0
905.88	86.0
937.68	86.0
950.68	86.0
1240.16	86.0
1261.24	86.0
1290.68	86.0
1316.48	86.0
1346.4	86.0
1385.88	86.0
1394.0	86.0
307.08	86.0
317.72	86.0
326.6	86.0
330.44	86.0
336.68	86.0
380.72	86.0
397.68	86.0
411.16	86.0
414.64	86.0
489.72	86.0
589.68	86.0
323.04	87.0
307.28	87.0
327.28	87.0
344.44	87.0
357.72	87.0
365.28	87.0
378.08	87.0
473.04	87.0
517.96	87.0
547.24	87.0
575.52	87.0
593.04	87.0
638.12	87.0
889.04	87.0
1137.36	87.0
319.16	88.0
323.0	88.0
455.92	88.0
471.6	88.0
645.08	88.0
479.2	88.0
554.16	88.0
634.52	88.0
662.6	88.0
719.0	88.0
906.04	88.0
1025.64	88.0
1315.84	88.0
1345.6	88.0
1372.0	88.0
445.32	89.0
314.92	89.0
319.12	89.0
333.2	89.0
362.88	89.0
371.52	89.0
405.32	89.0
454.24	89.0
1346.12	89.0
923.6	90.0
338.72	90.0
368.44	90.0
416.88	90.0
602.48	90.0
317.32	91.0
308.88	91.0
1205.96	91.0
312.32	92.0
324.52	92.0
337.52	92.0
350.6	92.0
368.48	92.0
391.44	92.0
421.96	92.0
430.36	92.0
463.84	92.0
668.24	92.0
791.84	92.0
945.04	92.0
1321.28	92.0
1354.36	92.0
321.24	92.0
353.8	92.0
357.4	92.0
795.48	92.0
1312.52	92.0
1324.8	92.0
1356.88	92.0
1374.12	92.0
322.36	93.0
353.68	93.0
495.32	93.0
593.96	93.0
646.6	93.0
912.28	93.0
1079.68	93.0
307.4	94.0
320.52	94.0
363.2	94.0
386.32	94.0
404.56	94.0
440.6	94.0
459.36	94.0
594.12	94.0
667.32	94.0
302.48	95.0
360.72	95.0
440.28	95.0
593.76	95.0
766.96	95.0
905.68	95.0
1140.52	95.0
1322.32	95.0
1388.72	95.0
317.52	96.0
342.28	96.0
371.76	96.0
398.16	96.0
450.88	96.0
506.88	96.0
566.76	96.0
775.72	96.0
863.4	96.0
1393.16	96.0
302.72	97.0
308.76	97.0
349.92	97.0
515.08	98.0
313.2	99.0
318.44	99.0
322.56	99.0
327.6	99.0
333.96	99.0
342.08	99.0
432.28	99.0
1181.44	99.0
1317.48	99.0
1346.84	99.0
319.76	100.0
591.32	100.0
923.56	100.0
1313.0	100.0
315.08	101.0
318.28	101.0
314.88	102.0
792.04	102.0
945.12	102.0
302.52	103.0
321.64	103.0
302.52	104.0
307.04	104.0
312.92	104.0
317.2	104.0
322.2	104.0
327.72	104.0
334.64	104.0
342.72	104.0
350.48	104.0
361.96	104.0
370.36	104.0
401.36	104.0
426.84	104.0
430.24	104.0
444.6	104.0
458.88	104.0
494.36	104.0
574.28	104.0
649.36	104.0
1371.4	104.0
386.68	106.0
772.48	106.0
822.84	106.0
302.76	107.0
326.88	107.0
401.56	107.0
318.04	107.0
321.76	107.0
341.48	107.0
373.92	107.0
380.04	107.0
384.6	107.0
436.24	107.0
494.72	107.0
568.04	107.0
589.84	107.0
635.12	107.0
684.68	107.0
735.56	107.0
850.36	107.0
854.76	107.0
934.4	107.0
992.76	107.0
1340.36	107.0
1355.44	107.0
318.2	108.0
302.44	108.0
341.36	108.0
372.6	108.0
385.08	108.0
408.96	108.0
434.6	108.0
481.8	108.0
1133.64	108.0
362.36	109.0
314.44	110.0
366.96	110.0
320.24	110.0
354.44	110.0
381.88	110.0
392.32	110.0
417.48	110.0
465.76	110.0
542.76	110.0
792.44	110.0
834.32	110.0
858.4	110.0
357.84	111.0
314.56	111.0
327.36	111.0
336.92	111.0
343.8	111.0
347.32	111.0
395.04	111.0
430.12	111.0
454.96	111.0
467.04	111.0
476.08	111.0
499.52	111.0
528.4	111.0
595.52	111.0
601.08	111.0
663.24	111.0
688.68	111.0
724.52	111.0
812.88	111.0
941.88	111.0
990.48	111.0
1021.56	111.0
1133.56	111.0
1262.72	111.0
1310.48	111.0
1325.48	111.0
1369.36	111.0
309.0	112.0
320.24	112.0
359.36	112.0
434.04	112.0
524.4	112.0
539.8	112.0
317.08	113.0
329.88	113.0
350.4	113.0
364.36	113.0
399.4	113.0
430.24	113.0
1366.48	113.0
314.76	114.0
324.72	114.0
331.36	114.0
341.64	114.0
347.92	114.0
352.36	114.0
360.72	114.0
384.72	114.0
392.28	115.0
417.52	115.0
945.52	115.0
314.88	115.0
321.8	115.0
331.64	115.0
338.36	115.0
354.72	115.0
365.96	115.0
371.56	115.0
382.16	115.0
406.52	115.0
431.08	115.0
454.6	115.0
479.88	115.0
495.4	115.0
513.2	115.0
543.0	115.0
595.92	115.0
631.12	115.0
660.0	115.0
746.2	115.0
792.72	115.0
834.6	115.0
858.64	115.0
978.72	115.0
1014.28	115.0
1314.64	115.0
941.6	116.0
314.76	116.0
317.96	116.0
325.88	116.0
330.36	116.0
337.76	116.0
342.68	116.0
349.56	116.0
363.04	116.0
365.8	116.0
376.64	116.0
391.32	116.0
399.64	116.0
424.68	116.0
443.56	116.0
577.08	116.0
744.92	116.0
907.84	116.0
926.32	116.0
1118.36	116.0
1138.28	116.0
1209.32	116.0
1315.4	116.0
1324.2	116.0
1339.32	116.0
1356.76	116.0
1366.6	116.0
1393.44	116.0
313.96	117.0
330.04	117.0
353.76	117.0
429.76	117.0
463.36	117.0
489.12	117.0
549.12	117.0
379.56	117.0
316.68	118.0
328.08	118.0
337.36	118.0
358.64	118.0
483.92	118.0
691.2	118.0
321.12	119.0
339.84	119.0
381.88	119.0
850.96	119.0
307.04	120.0
314.28	120.0
335.36	120.0
348.64	120.0
351.52	120.0
824.68	120.0
1021.2	120.0
1134.28	120.0
