346.56	84.0
302.76	84.0
352.92	85.0
394.04	85.0
306.36	86.0
309.4	86.0
313.2	86.0
325.04	86.0
335.68	86.0
344.52	86.0
351.56	86.0
365.08	86.0
372.52	86.0
381.6	86.0
392.32	86.0
423.36	86.0
468.6	86.0
492.68	86.0
567.84	86.0
663.6	86.0
708.64	86.0
809.52	86.0
839.8	86.0
855.28	86.0
863.92	86.0
897.36	86.0
955.16	86.0
997.84	86.0
1016.2	86.0
1021.28	86.0
1060.68	86.0
318.28	86.0
320.8	86.0
327.56	86.0
340.0	86.0
359.4	86.0
367.8	86.0
759.72	86.0
858.8	86.0
336.8	87.0
306.72	87.0
309.32	87.0
314.0	87.0
318.92	87.0
326.52	87.0
329.76	87.0
333.28	87.0
349.64	87.0
354.08	87.0
360.04	87.0
365.36	87.0
370.88	87.0
381.16	87.0
392.84	87.0
405.24	87.0
422.16	87.0
441.56	87.0
487.12	87.0
542.28	87.0
585.28	87.0
607.36	87.0
704.76	87.0
725.16	87.0
777.6	87.0
897.72	87.0
308.48	88.0
319.32	88.0
478.04	88.0
96.84	88.0
205.96	88.0
336.0	88.0
361.44	88.0
419.36	88.0
427.28	88.0
715.08	88.0
903.16	88.0
987.0	88.0
297.68	89.0
331.64	89.0
549.48	89.0
311.36	89.0
326.52	89.0
505.2	89.0
519.84	89.0
575.96	89.0
643.56	89.0
676.92	89.0
745.84	89.0
867.56	89.0
742.52	90.0
330.52	90.0
353.56	90.0
389.0	90.0
410.08	90.0
500.04	90.0
529.76	90.0
536.72	90.0
867.32	90.0
980.16	90.0
331.04	91.0
337.08	91.0
367.64	91.0
606.4	91.0
746.2	91.0
302.96	92.0
311.44	92.0
318.16	92.0
333.36	92.0
336.04	92.0
350.2	92.0
361.16	92.0
381.16	92.0
407.92	92.0
434.08	92.0
436.6	92.0
457.44	92.0
485.88	92.0
489.28	92.0
527.44	92.0
555.68	92.0
625.72	92.0
638.92	92.0
674.28	92.0
707.68	92.0
748.96	92.0
254.24	92.0
314.08	92.0
324.84	92.0
342.96	92.0
347.68	92.0
369.2	92.0
372.12	92.0
384.68	92.0
393.48	92.0
413.12	92.0
419.92	92.0
431.12	92.0
474.64	92.0
493.0	92.0
568.16	92.0
629.48	92.0
309.36	93.0
323.24	93.0
331.2	93.0
338.52	93.0
359.4	93.0
377.52	93.0
340.0	94.0
395.36	94.0
311.8	94.0
319.84	94.0
332.16	94.0
354.68	94.0
369.76	94.0
382.72	94.0
439.24	94.0
454.6	94.0
510.8	94.0
609.8	94.0
325.4	95.0
328.36	95.0
352.88	95.0
669.16	95.0
859.28	95.0
1052.64	95.0
319.2	96.0
505.64	96.0
564.76	96.0
393.04	97.0
302.48	97.0
321.28	97.0
333.04	97.0
358.44	97.0
413.28	97.0
570.4	97.0
619.2	97.0
637.96	97.0
657.04	98.0
995.84	98.0
309.92	98.0
320.32	98.0
860.88	98.0
319.04	99.0
508.96	99.0
308.2	99.0
311.92	99.0
324.76	99.0
329.52	99.0
335.36	99.0
341.32	99.0
347.84	99.0
350.76	99.0
354.6	99.0
363.76	99.0
377.48	99.0
436.56	99.0
616.6	99.0
753.08	99.0
764.68	99.0
559.52	100.0
319.64	100.0
647.36	100.0
704.04	100.0
742.48	100.0
748.16	100.0
313.0	101.0
318.4	101.0
364.84	101.0
367.52	101.0
816.08	101.0
435.64	102.0
748.44	102.0
319.2	102.0
336.0	102.0
164.32	103.0
318.76	103.0
359.28	103.0
379.56	103.0
472.84	103.0
359.24	104.0
379.52	104.0
431.84	104.0
434.68	104.0
472.8	104.0
208.52	104.0
306.52	104.0
310.56	104.0
314.48	104.0
318.64	104.0
322.96	104.0
328.96	104.0
334.68	104.0
347.04	104.0
355.32	104.0
365.04	104.0
390.8	104.0
421.96	104.0
440.36	104.0
469.68	104.0
478.2	104.0
493.72	104.0
501.24	104.0
531.16	104.0
539.12	104.0
566.76	104.0
644.68	104.0
703.08	104.0
319.64	105.0
86.6	106.0
105.28	106.0
314.04	106.0
337.96	106.0
356.04	106.0
404.2	106.0
462.92	106.0
553.96	106.0
660.68	106.0
307.68	107.0
310.2	107.0
325.16	107.0
331.72	107.0
340.24	107.0
348.04	107.0
358.52	107.0
376.88	107.0
389.36	107.0
426.72	107.0
467.28	107.0
524.32	107.0
581.08	107.0
620.4	107.0
643.0	107.0
749.32	107.0
789.92	107.0
843.32	107.0
336.44	108.0
302.48	108.0
308.2	108.0
346.8	108.0
364.64	108.0
393.12	108.0
411.52	108.0
440.12	108.0
310.8	109.0
330.28	109.0
436.64	109.0
536.52	109.0
686.4	109.0
979.96	109.0
323.36	109.0
310.48	110.0
314.64	110.0
352.8	110.0
389.52	110.0
330.2	110.0
430.88	110.0
456.68	110.0
701.28	110.0
935.16	110.0
310.52	111.0
326.36	111.0
399.64	111.0
537.2	111.0
164.12	111.0
321.08	111.0
329.92	111.0
338.92	111.0
345.56	111.0
352.92	111.0
363.88	111.0
374.12	111.0
381.84	111.0
389.64	111.0
467.28	111.0
477.4	111.0
530.84	111.0
540.12	111.0
584.72	111.0
655.28	111.0
779.96	111.0
364.0	112.0
309.0	112.0
312.36	112.0
351.64	112.0
410.28	112.0
452.24	112.0
968.36	112.0
325.12	113.0
337.08	113.0
348.04	113.0
368.84	113.0
390.64	113.0
404.08	113.0
425.84	113.0
446.64	113.0
303.0	114.0
307.44	114.0
314.84	114.0
324.96	114.0
329.88	114.0
336.28	114.0
354.04	114.0
418.12	114.0
432.32	114.0
354.12	115.0
436.92	115.0
504.72	115.0
307.44	115.0
311.16	115.0
330.44	115.0
335.6	115.0
340.8	115.0
361.88	115.0
376.96	115.0
401.44	115.0
456.96	115.0
480.4	115.0
525.6	115.0
551.36	115.0
577.2	115.0
649.28	115.0
665.76	115.0
701.56	115.0
750.44	115.0
790.0	115.0
868.52	115.0
935.44	115.0
311.52	116.0
343.4	116.0
1074.76	116.0
314.84	116.0
322.92	116.0
329.2	116.0
331.92	116.0
335.28	116.0
339.32	116.0
353.68	116.0
359.56	116.0
375.76	116.0
381.52	116.0
389.12	116.0
401.16	116.0
421.32	116.0
441.6	116.0
449.08	116.0
684.76	116.0
718.24	116.0
744.6	116.0
775.36	116.0
999.72	116.0
377.08	117.0
339.56	117.0
353.24	117.0
374.4	117.0
374.36	118.0
435.0	118.0
322.72	118.0
328.88	118.0
336.08	118.0
360.4	118.0
386.36	118.0
403.32	118.0
438.72	118.0
461.88	118.0
486.6	118.0
493.28	118.0
508.68	118.0
540.52	118.0
577.4	118.0
605.92	118.0
645.8	118.0
678.6	118.0
928.12	118.0
346.44	119.0
351.0	119.0
355.4	119.0
390.04	119.0
437.64	119.0
607.2	119.0
641.76	119.0
675.2	119.0
776.44	119.0
851.56	119.0
302.48	120.0
306.68	120.0
326.52	120.0
331.8	120.0
352.96	120.0
363.04	120.0
372.04	120.0
438.24	120.0
577.8	120.0
583.84	120.0
621.4	120.0
639.48	120.0
693.32	120.0
752.16	120.0
775.68	120.0
783.92	120.0
