302.88	84.0
334.24	84.0
354.36	84.0
347.24	85.0
552.0	85.0
563.4	85.0
582.52	85.0
608.92	85.0
628.32	85.0
658.24	85.0
682.16	85.0
721.92	85.0
1345.88	85.0
309.8	86.0
318.16	86.0
320.68	86.0
335.0	86.0
340.4	86.0
358.12	86.0
364.56	86.0
374.32	86.0
380.64	86.0
387.32	86.0
403.72	86.0
410.24	86.0
429.96	86.0
455.88	86.0
476.44	86.0
513.24	86.0
582.4	86.0
657.72	86.0
878.56	86.0
1214.04	86.0
1226.32	86.0
1235.2	86.0
1284.2	86.0
1290.44	86.0
1294.0	86.0
1307.2	86.0
1342.28	86.0
1350.16	86.0
1362.0	86.0
1373.4	86.0
325.48	86.0
330.52	86.0
344.52	86.0
367.96	86.0
398.8	86.0
420.28	86.0
471.4	86.0
492.36	86.0
549.88	86.0
565.96	86.0
585.76	86.0
608.84	86.0
719.68	86.0
1310.52	86.0
1313.04	86.0
1346.2	86.0
302.64	87.0
319.48	87.0
342.2	87.0
365.52	87.0
519.4	87.0
597.12	87.0
309.36	87.0
313.44	87.0
322.08	87.0
325.0	87.0
328.44	87.0
332.12	87.0
347.32	87.0
355.04	87.0
360.24	87.0
373.64	87.0
386.8	87.0
409.44	87.0
428.52	87.0
502.4	87.0
566.24	87.0
583.32	87.0
619.36	87.0
630.36	87.0
683.4	87.0
728.8	87.0
1183.32	87.0
1203.0	87.0
1214.72	87.0
1253.88	87.0
1319.84	87.0
336.12	88.0
381.36	88.0
425.16	88.0
462.08	88.0
488.08	88.0
507.32	88.0
567.16	88.0
590.32	88.0
613.6	88.0
668.08	88.0
715.68	88.0
1327.68	88.0
1352.68	88.0
320.12	88.0
325.4	88.0
329.96	88.0
430.32	88.0
467.16	88.0
527.84	88.0
551.88	88.0
576.96	88.0
643.24	88.0
773.2	88.0
1206.88	88.0
1218.48	88.0
1246.76	88.0
1263.08	88.0
1331.4	88.0
351.96	89.0
607.52	89.0
1135.76	89.0
1214.48	89.0
1231.48	89.0
310.08	89.0
314.84	89.0
331.52	89.0
389.08	89.0
417.84	89.0
477.24	89.0
491.76	89.0
496.6	89.0
526.72	89.0
550.28	89.0
587.92	89.0
626.12	89.0
718.88	89.0
1125.24	89.0
1128.92	89.0
1177.44	89.0
1195.08	89.0
1318.12	89.0
1326.64	89.0
324.48	90.0
309.76	90.0
312.96	90.0
331.24	90.0
335.28	90.0
346.24	90.0
405.36	90.0
469.32	90.0
605.12	90.0
672.6	90.0
1179.2	90.0
1194.84	90.0
1215.0	90.0
1233.64	90.0
1310.0	90.0
302.48	91.0
315.0	91.0
328.8	91.0
423.28	91.0
312.6	92.0
323.2	92.0
366.48	92.0
396.0	92.0
417.8	92.0
439.76	92.0
483.24	92.0
505.0	92.0
507.76	92.0
1139.64	92.0
1180.88	92.0
1216.04	92.0
1251.64	92.0
1278.12	92.0
1348.32	92.0
329.36	92.0
333.16	92.0
353.28	92.0
378.88	92.0
399.52	92.0
608.64	92.0
626.56	92.0
652.84	92.0
1101.48	92.0
1164.68	92.0
1171.32	92.0
1192.48	92.0
1195.96	92.0
1203.6	92.0
1226.72	92.0
1234.04	92.0
1255.12	92.0
1316.48	92.0
1328.64	92.0
1368.24	92.0
1394.36	92.0
326.48	93.0
399.0	93.0
553.36	93.0
592.48	93.0
669.28	93.0
787.48	93.0
302.56	93.0
302.6	94.0
352.44	94.0
384.0	94.0
312.88	94.0
320.84	94.0
347.72	94.0
392.24	94.0
417.8	94.0
439.76	94.0
476.08	94.0
511.24	94.0
667.6	94.0
1303.48	94.0
302.76	95.0
332.88	95.0
550.64	95.0
667.12	95.0
583.44	96.0
302.52	97.0
334.08	97.0
387.28	97.0
683.8	97.0
1193.84	97.0
1222.12	97.0
1317.12	97.0
334.28	98.0
622.88	98.0
839.72	98.0
312.44	99.0
320.52	99.0
324.48	99.0
328.68	99.0
333.68	99.0
339.6	99.0
346.2	99.0
385.0	99.0
619.48	99.0
1177.08	99.0
1197.48	99.0
1237.32	99.0
1265.76	99.0
328.8	100.0
324.0	100.0
626.12	100.0
312.52	101.0
325.84	101.0
1178.2	101.0
326.16	102.0
368.24	102.0
313.24	102.0
302.48	103.0
1219.28	103.0
326.48	103.0
302.52	104.0
310.8	104.0
314.76	104.0
320.0	104.0
324.2	104.0
329.36	104.0
332.2	104.0
341.4	104.0
349.88	104.0
362.68	104.0
392.28	104.0
409.28	104.0
491.96	104.0
514.04	104.0
528.68	104.0
543.96	104.0
568.8	104.0
593.52	104.0
626.48	104.0
671.44	104.0
701.84	104.0
716.28	104.0
764.96	104.0
1214.92	104.0
1274.28	104.0
1321.08	104.0
1356.28	104.0
1390.4	104.0
65.52	106.0
90.2	106.0
335.28	106.0
1253.08	106.0
309.0	107.0
322.32	107.0
326.28	107.0
357.28	107.0
372.52	107.0
388.92	107.0
399.56	107.0
426.8	107.0
510.56	107.0
584.72	107.0
628.08	107.0
1223.88	107.0
1236.72	107.0
1276.6	107.0
1295.52	107.0
1318.4	107.0
1347.44	107.0
326.32	108.0
302.48	108.0
312.96	108.0
354.08	108.0
361.48	108.0
369.36	108.0
384.24	108.0
401.72	108.0
423.04	108.0
507.32	108.0
540.32	108.0
563.36	108.0
607.52	108.0
1174.88	108.0
1232.6	108.0
1246.2	108.0
1275.84	108.0
1300.12	108.0
1313.64	108.0
369.6	109.0
432.08	109.0
549.84	109.0
587.4	109.0
604.88	109.0
607.72	109.0
672.4	109.0
310.48	110.0
319.8	110.0
358.08	110.0
361.16	110.0
689.44	110.0
310.64	111.0
345.88	111.0
604.68	111.0
707.52	111.0
1180.12	111.0
1292.84	111.0
313.52	111.0
324.68	111.0
338.4	111.0
358.2	111.0
393.64	111.0
415.24	111.0
446.44	111.0
474.2	111.0
533.12	111.0
568.16	111.0
576.12	111.0
585.92	111.0
601.2	111.0
627.28	111.0
692.64	111.0
750.08	111.0
1219.2	111.0
1325.2	111.0
533.32	112.0
311.84	112.0
321.08	112.0
374.92	112.0
595.92	112.0
705.64	112.0
324.56	113.0
332.52	113.0
345.88	113.0
357.88	113.0
378.52	113.0
407.04	113.0
435.84	113.0
314.92	114.0
321.76	114.0
325.32	114.0
333.04	114.0
339.12	114.0
344.76	114.0
362.28	114.0
401.76	114.0
397.68	114.0
511.04	114.0
648.6	114.0
1236.44	114.0
325.92	115.0
420.48	115.0
720.28	115.0
340.4	115.0
347.92	115.0
361.44	115.0
396.68	115.0
407.04	115.0
445.88	115.0
473.32	115.0
495.56	115.0
511.84	115.0
539.0	115.0
568.84	115.0
607.88	115.0
629.92	115.0
653.52	115.0
689.72	115.0
1147.04	115.0
1206.32	115.0
1227.96	115.0
1255.88	115.0
1293.32	115.0
1341.16	115.0
314.36	116.0
327.8	116.0
359.56	116.0
481.44	116.0
720.12	116.0
1181.64	116.0
1206.08	116.0
310.76	116.0
324.4	116.0
330.48	116.0
334.2	116.0
344.48	116.0
348.84	116.0
353.52	116.0
368.84	116.0
377.92	116.0
549.04	116.0
607.72	116.0
653.0	116.0
702.92	116.0
1139.16	116.0
1171.08	116.0
1194.4	116.0
1202.44	116.0
1217.64	116.0
1226.16	116.0
1273.6	116.0
1311.12	116.0
1315.08	116.0
1340.12	116.0
1355.88	116.0
1373.96	116.0
343.84	117.0
359.72	117.0
320.16	117.0
338.72	117.0
406.44	117.0
417.16	117.0
446.56	117.0
506.32	118.0
313.92	118.0
323.0	118.0
340.92	118.0
627.36	118.0
1067.6	118.0
1318.04	118.0
370.0	119.0
396.36	119.0
602.48	119.0
624.08	119.0
337.48	120.0
349.04	120.0
497.92	120.0
546.12	120.0
595.48	120.0
659.08	120.0
665.04	120.0
670.4	120.0
705.16	120.0
1200.04	120.0
1236.16	120.0
1314.36	120.0
1320.08	120.0
