1337.8	84.0
1343.0	84.0
302.76	84.0
540.72	84.0
322.92	85.0
478.96	85.0
500.64	85.0
549.0	85.0
582.36	85.0
625.68	85.0
649.24	85.0
688.6	85.0
730.84	85.0
1401.96	85.0
306.28	86.0
320.64	86.0
335.8	86.0
345.68	86.0
352.52	86.0
365.04	86.0
380.64	86.0
403.16	86.0
424.0	86.0
435.56	86.0
438.08	86.0
448.76	86.0
476.36	86.0
479.52	86.0
488.84	86.0
497.88	86.0
504.48	86.0
516.76	86.0
522.88	86.0
531.2	86.0
552.24	86.0
554.76	86.0
563.52	86.0
576.72	86.0
581.2	86.0
593.92	86.0
600.6	86.0
645.88	86.0
652.2	86.0
664.96	86.0
687.92	86.0
700.76	86.0
728.76	86.0
733.24	86.0
1267.68	86.0
1303.56	86.0
1313.24	86.0
1317.32	86.0
1324.36	86.0
1333.48	86.0
1347.28	86.0
1352.6	86.0
1359.48	86.0
1365.84	86.0
1371.52	86.0
1379.4	86.0
1391.8	86.0
1398.36	86.0
1402.64	86.0
1410.4	86.0
1419.68	86.0
1426.92	86.0
1438.36	86.0
1441.48	86.0
1448.08	86.0
1466.64	86.0
1478.48	86.0
1483.32	86.0
313.64	86.0
325.88	86.0
332.04	86.0
343.0	86.0
359.0	86.0
528.48	86.0
623.48	86.0
626.84	86.0
817.52	86.0
1100.28	86.0
1327.12	86.0
1342.84	86.0
1374.56	86.0
1389.24	86.0
256.68	87.0
277.84	87.0
328.52	87.0
339.16	87.0
430.12	87.0
1319.04	87.0
1364.56	87.0
312.88	87.0
319.52	87.0
322.32	87.0
324.84	87.0
332.6	87.0
336.08	87.0
346.92	87.0
352.76	87.0
358.72	87.0
364.6	87.0
380.48	87.0
388.2	87.0
400.04	87.0
459.52	87.0
466.64	87.0
538.28	87.0
577.2	87.0
650.24	87.0
1142.92	87.0
1292.44	87.0
1303.84	87.0
1309.96	87.0
1328.24	87.0
1342.16	87.0
1353.2	87.0
1376.4	87.0
1431.04	87.0
385.44	88.0
403.88	88.0
420.2	88.0
442.28	88.0
456.64	88.0
487.0	88.0
498.64	88.0
513.96	88.0
525.32	88.0
536.92	88.0
554.52	88.0
575.08	88.0
593.8	88.0
610.96	88.0
630.28	88.0
668.88	88.0
726.4	88.0
1133.28	88.0
1310.32	88.0
1321.32	88.0
1336.6	88.0
1350.68	88.0
1375.08	88.0
1389.36	88.0
1400.88	88.0
1428.8	88.0
1446.68	88.0
1466.44	88.0
1481.68	88.0
292.04	88.0
319.72	88.0
323.92	88.0
330.92	88.0
407.28	88.0
475.72	88.0
481.88	88.0
542.12	88.0
646.28	88.0
732.8	88.0
774.76	88.0
1105.68	88.0
1190.68	88.0
1303.56	88.0
1346.4	88.0
1363.84	88.0
1367.4	88.0
1392.2	88.0
322.72	89.0
663.28	89.0
1280.04	89.0
1318.04	89.0
1336.0	89.0
318.76	89.0
339.92	89.0
496.96	89.0
1091.52	89.0
1201.8	89.0
1307.24	89.0
1311.52	89.0
1343.08	89.0
1352.28	89.0
1467.6	89.0
841.12	90.0
302.52	90.0
313.24	90.0
318.48	90.0
326.4	90.0
329.72	90.0
412.16	90.0
555.8	90.0
1283.64	90.0
1306.96	90.0
1311.24	90.0
1323.52	90.0
1357.08	90.0
1365.48	90.0
1390.48	90.0
1401.08	90.0
1424.88	90.0
1490.32	90.0
1362.88	91.0
307.08	91.0
338.16	91.0
302.88	92.0
320.08	92.0
329.08	92.0
363.56	92.0
388.48	92.0
458.76	92.0
501.2	92.0
510.72	92.0
529.8	92.0
534.48	92.0
554.8	92.0
594.8	92.0
1149.36	92.0
1304.12	92.0
1308.36	92.0
1345.08	92.0
1350.2	92.0
1385.72	92.0
1418.24	92.0
1467.68	92.0
1491.08	92.0
324.72	92.0
339.2	92.0
493.04	92.0
517.36	92.0
561.32	92.0
603.08	92.0
613.04	92.0
667.2	92.0
686.52	92.0
750.16	92.0
794.88	92.0
1063.76	92.0
1077.36	92.0
1088.12	92.0
1152.52	92.0
1173.56	92.0
1283.96	92.0
1323.68	92.0
1332.32	92.0
1373.12	92.0
1393.2	92.0
1402.56	92.0
314.36	93.0
329.16	93.0
365.04	93.0
481.76	93.0
656.96	93.0
791.16	93.0
1302.32	93.0
1434.2	93.0
302.92	93.0
713.84	93.0
532.04	94.0
733.36	94.0
319.28	94.0
322.96	94.0
363.6	94.0
388.48	94.0
417.56	94.0
442.44	94.0
558.52	94.0
577.32	94.0
599.16	94.0
642.68	94.0
670.4	94.0
1317.28	94.0
1341.36	94.0
1356.92	94.0
1398.08	94.0
1419.64	94.0
1432.28	94.0
1461.56	94.0
338.52	95.0
295.68	95.0
325.08	95.0
334.36	95.0
365.12	95.0
1094.84	95.0
1342.84	95.0
1353.64	95.0
1387.72	95.0
1485.6	95.0
325.36	96.0
1366.52	96.0
302.6	96.0
597.68	96.0
580.92	97.0
1316.8	97.0
1360.04	97.0
1366.96	97.0
302.48	97.0
325.4	97.0
328.8	97.0
1342.24	97.0
1362.72	97.0
323.08	98.0
307.92	98.0
1332.24	98.0
302.8	99.0
307.76	99.0
319.76	99.0
324.08	99.0
328.6	99.0
333.52	99.0
340.44	99.0
521.56	99.0
615.92	99.0
669.36	99.0
1309.0	99.0
1321.96	99.0
1331.0	99.0
1339.88	99.0
1346.72	99.0
1353.28	99.0
1362.04	99.0
1440.44	99.0
1437.28	100.0
291.44	100.0
841.08	100.0
306.0	101.0
329.68	101.0
529.88	102.0
1338.6	102.0
313.12	103.0
326.16	103.0
308.6	103.0
503.36	103.0
1486.44	103.0
302.48	104.0
313.0	104.0
320.72	104.0
324.56	104.0
333.24	104.0
338.56	104.0
351.76	104.0
364.12	104.0
377.24	104.0
427.04	104.0
472.96	104.0
488.72	104.0
506.52	104.0
518.0	104.0
533.64	104.0
577.64	104.0
611.92	104.0
638.84	104.0
669.64	104.0
675.04	104.0
729.48	104.0
765.48	104.0
1313.24	104.0
1324.96	104.0
1335.88	104.0
1344.36	104.0
1352.28	104.0
1359.12	104.0
1370.32	104.0
1382.68	104.0
1397.56	104.0
1402.28	104.0
1420.04	104.0
1485.84	104.0
328.0	105.0
52.8	106.0
106.24	106.0
314.24	106.0
1418.24	106.0
1441.48	106.0
1459.16	106.0
249.88	107.0
296.2	107.0
324.64	107.0
341.12	107.0
353.76	107.0
411.88	107.0
430.24	107.0
433.68	107.0
462.08	107.0
491.56	107.0
502.32	107.0
605.56	107.0
996.92	107.0
1315.0	107.0
1343.2	107.0
1349.76	107.0
1369.52	107.0
1372.88	107.0
1397.16	107.0
322.12	108.0
329.12	108.0
357.92	108.0
369.64	108.0
385.08	108.0
418.2	108.0
460.44	108.0
484.52	108.0
507.92	108.0
537.12	108.0
575.2	108.0
624.44	108.0
797.68	108.0
1341.84	108.0
1347.0	108.0
1356.56	108.0
1362.8	108.0
1372.32	108.0
1393.72	108.0
1414.32	108.0
1437.44	108.0
1461.52	108.0
1484.8	108.0
344.28	109.0
541.8	109.0
1323.32	109.0
1356.68	109.0
1400.84	109.0
601.76	109.0
690.48	109.0
320.64	110.0
333.0	110.0
339.2	110.0
458.72	110.0
761.12	110.0
1093.36	110.0
1378.28	110.0
1394.4	110.0
1417.28	110.0
266.68	110.0
313.6	110.0
324.52	110.0
344.16	110.0
503.2	110.0
712.76	110.0
1327.36	110.0
1352.36	110.0
1457.92	110.0
362.0	111.0
1318.24	111.0
1326.88	111.0
1417.92	111.0
328.8	111.0
333.12	111.0
339.4	111.0
354.36	111.0
372.8	111.0
386.12	111.0
422.28	111.0
455.04	111.0
462.44	111.0
511.8	111.0
514.88	111.0
533.16	111.0
556.96	111.0
577.12	111.0
580.8	111.0
602.68	111.0
697.72	111.0
723.56	111.0
748.32	111.0
775.04	111.0
1288.8	111.0
1306.96	111.0
1352.84	111.0
1356.28	111.0
1366.12	111.0
1385.28	111.0
1426.68	111.0
472.92	112.0
309.0	112.0
322.12	112.0
328.88	112.0
372.44	112.0
512.96	112.0
555.36	112.0
595.12	112.0
690.44	112.0
1155.16	112.0
1328.36	112.0
1414.68	112.0
1417.88	112.0
1433.24	112.0
303.0	113.0
1335.76	113.0
325.08	113.0
338.12	113.0
361.52	113.0
1316.16	113.0
302.76	114.0
306.56	114.0
323.72	114.0
335.28	114.0
1350.76	114.0
327.32	114.0
555.2	114.0
324.52	115.0
266.88	115.0
313.52	115.0
330.08	115.0
337.52	115.0
344.44	115.0
352.6	115.0
356.88	115.0
381.68	115.0
427.04	115.0
465.44	115.0
491.64	115.0
519.52	115.0
563.72	115.0
588.92	115.0
617.88	115.0
677.48	115.0
713.04	115.0
760.04	115.0
1290.64	115.0
1302.4	115.0
1317.28	115.0
1327.56	115.0
1332.56	115.0
1346.12	115.0
1350.72	115.0
1403.4	115.0
1416.92	115.0
1429.72	115.0
1441.84	115.0
1458.2	115.0
1471.52	115.0
1485.68	115.0
321.48	116.0
327.48	116.0
460.44	116.0
665.72	116.0
1320.8	116.0
1334.32	116.0
1370.92	116.0
1398.24	116.0
1425.28	116.0
1437.6	116.0
253.96	116.0
284.12	116.0
291.4	116.0
297.8	116.0
313.52	116.0
324.48	116.0
333.32	116.0
337.12	116.0
340.4	116.0
344.28	116.0
350.88	116.0
357.44	116.0
361.12	116.0
363.64	116.0
367.96	116.0
379.08	116.0
390.04	116.0
401.28	116.0
414.56	116.0
417.2	116.0
437.76	116.0
476.0	116.0
486.04	116.0
488.72	116.0
509.72	116.0
512.88	116.0
535.92	116.0
564.64	116.0
608.6	116.0
617.96	116.0
702.6	116.0
844.04	116.0
1092.6	116.0
1101.28	116.0
1122.32	116.0
1188.52	116.0
1286.28	116.0
1308.0	116.0
1323.72	116.0
1327.56	116.0
1343.64	116.0
1347.24	116.0
1350.2	116.0
1353.96	116.0
1356.68	116.0
1360.24	116.0
1367.64	116.0
1401.0	116.0
1414.0	116.0
1418.84	116.0
1429.28	116.0
1467.08	116.0
1486.92	116.0
313.32	117.0
414.28	117.0
704.08	117.0
1307.24	117.0
1318.36	117.0
1358.56	117.0
321.84	118.0
339.04	118.0
364.28	118.0
486.16	118.0
507.16	118.0
1314.68	118.0
1327.6	118.0
1337.56	118.0
1346.84	118.0
1353.36	118.0
1356.72	118.0
1367.36	118.0
1381.88	118.0
1396.64	118.0
1349.96	119.0
1352.48	119.0
322.84	119.0
339.0	119.0
365.16	119.0
427.64	119.0
516.2	119.0
1091.2	119.0
1353.08	120.0
322.24	120.0
343.04	120.0
360.64	120.0
554.92	120.0
605.88	120.0
615.96	120.0
646.28	120.0
810.72	120.0
856.76	120.0
1328.32	120.0
1336.28	120.0
1342.68	120.0
1357.0	120.0
1426.36	120.0
