314.88	84.0
302.88	84.0
309.88	84.0
318.64	85.0
330.84	85.0
337.52	85.0
547.6	85.0
591.8	85.0
620.08	85.0
679.64	85.0
718.84	85.0
749.48	85.0
832.48	85.0
1150.8	85.0
1221.84	85.0
309.48	86.0
319.4	86.0
323.72	86.0
335.4	86.0
346.2	86.0
358.6	86.0
375.6	86.0
383.44	86.0
408.28	86.0
421.2	86.0
472.08	86.0
484.44	86.0
500.24	86.0
512.48	86.0
518.28	86.0
531.2	86.0
539.84	86.0
543.92	86.0
553.2	86.0
563.88	86.0
584.12	86.0
589.88	86.0
601.76	86.0
614.4	86.0
623.92	86.0
633.04	86.0
646.04	86.0
655.68	86.0
668.36	86.0
675.16	86.0
684.44	86.0
692.52	86.0
710.92	86.0
716.88	86.0
728.0	86.0
744.4	86.0
752.84	86.0
781.84	86.0
832.48	86.0
856.88	86.0
1041.4	86.0
1049.28	86.0
1060.24	86.0
1096.92	86.0
1119.04	86.0
1146.56	86.0
1156.76	86.0
1175.44	86.0
1194.24	86.0
1221.4	86.0
1245.88	86.0
1270.4	86.0
316.44	86.0
326.92	86.0
340.6	86.0
351.64	86.0
361.72	86.0
437.0	86.0
478.88	86.0
618.0	86.0
637.28	86.0
747.52	86.0
1198.04	86.0
315.72	87.0
327.16	87.0
573.72	87.0
719.6	87.0
1117.04	87.0
1221.56	87.0
320.48	87.0
323.84	87.0
336.16	87.0
339.52	87.0
342.56	87.0
350.04	87.0
357.92	87.0
362.2	87.0
365.36	87.0
370.76	87.0
388.96	87.0
398.12	87.0
506.84	87.0
590.16	87.0
691.48	87.0
744.8	87.0
752.64	87.0
956.96	87.0
976.68	87.0
1121.6	87.0
1138.12	87.0
1146.52	87.0
1170.36	87.0
310.32	88.0
328.72	88.0
355.24	88.0
368.48	88.0
390.52	88.0
405.96	88.0
418.52	88.0
437.04	88.0
465.4	88.0
481.12	88.0
498.92	88.0
513.4	88.0
530.52	88.0
549.48	88.0
569.92	88.0
583.16	88.0
631.68	88.0
654.28	88.0
676.48	88.0
697.6	88.0
712.6	88.0
735.16	88.0
1024.04	88.0
1072.68	88.0
1089.96	88.0
1107.24	88.0
1140.56	88.0
105.52	88.0
317.32	88.0
326.2	88.0
333.64	88.0
339.88	88.0
345.12	88.0
453.16	88.0
501.96	88.0
533.52	88.0
612.68	88.0
638.88	88.0
663.44	88.0
775.6	88.0
778.16	88.0
810.0	88.0
851.8	88.0
937.48	88.0
1005.36	88.0
1026.84	88.0
1029.64	88.0
1037.76	88.0
1179.0	88.0
1182.52	88.0
1291.76	88.0
325.68	89.0
936.28	89.0
309.84	89.0
332.32	89.0
341.68	89.0
529.6	89.0
629.48	89.0
638.04	89.0
718.84	89.0
778.4	89.0
1056.08	89.0
1218.96	89.0
325.24	90.0
340.44	90.0
413.68	90.0
457.44	90.0
470.48	90.0
519.16	90.0
529.36	90.0
557.36	90.0
563.2	90.0
602.4	90.0
629.2	90.0
663.08	90.0
677.92	90.0
706.8	90.0
785.24	90.0
831.72	90.0
874.32	90.0
985.56	90.0
1022.48	90.0
1055.8	90.0
1234.8	90.0
321.48	91.0
326.0	91.0
500.44	91.0
1127.48	91.0
311.6	92.0
316.92	92.0
325.56	92.0
334.76	92.0
349.52	92.0
371.12	92.0
374.56	92.0
410.12	92.0
450.72	92.0
455.72	92.0
482.32	92.0
503.72	92.0
519.4	92.0
547.84	92.0
1034.8	92.0
1122.44	92.0
321.2	92.0
362.32	92.0
396.12	92.0
413.8	92.0
426.04	92.0
443.32	92.0
459.76	92.0
467.16	92.0
490.32	92.0
535.4	92.0
626.88	92.0
633.44	92.0
642.12	92.0
663.4	92.0
668.8	92.0
683.56	92.0
693.96	92.0
698.04	92.0
719.52	92.0
744.28	92.0
778.28	92.0
796.44	92.0
856.04	92.0
978.56	92.0
1038.04	92.0
1115.6	92.0
1148.0	92.0
1161.68	92.0
1175.76	92.0
1209.4	92.0
314.72	93.0
339.56	93.0
350.44	93.0
415.52	93.0
481.64	93.0
632.8	93.0
656.16	93.0
764.88	93.0
785.52	93.0
829.24	93.0
1077.2	93.0
1136.64	93.0
1299.2	93.0
302.52	93.0
368.76	94.0
646.2	94.0
309.88	94.0
312.4	94.0
321.84	94.0
341.8	94.0
385.44	94.0
435.36	94.0
473.32	94.0
517.96	94.0
555.64	94.0
608.08	94.0
638.28	94.0
727.52	94.0
1124.52	94.0
1240.84	94.0
325.44	95.0
328.48	95.0
668.64	95.0
720.08	95.0
836.16	95.0
891.56	95.0
1005.16	95.0
1166.76	95.0
1252.12	95.0
829.88	96.0
302.56	97.0
309.16	97.0
339.56	97.0
394.92	97.0
438.6	97.0
547.72	97.0
635.48	97.0
849.2	97.0
1058.12	97.0
1144.32	97.0
1198.32	97.0
341.16	98.0
311.36	98.0
319.24	98.0
410.4	98.0
311.92	99.0
315.4	99.0
318.88	99.0
323.04	99.0
326.8	99.0
332.4	99.0
337.24	99.0
345.52	99.0
353.88	99.0
486.12	99.0
544.04	99.0
562.56	99.0
633.08	99.0
667.04	99.0
695.2	99.0
736.84	99.0
789.92	99.0
987.04	99.0
1088.16	99.0
1118.84	99.0
1142.12	99.0
1169.0	99.0
324.36	100.0
459.04	100.0
541.88	100.0
605.48	100.0
302.72	101.0
318.8	101.0
330.28	101.0
334.96	101.0
319.56	102.0
336.44	102.0
330.28	102.0
349.68	102.0
1034.88	102.0
320.2	103.0
325.16	103.0
1234.08	103.0
302.68	104.0
311.08	104.0
314.96	104.0
318.88	104.0
322.88	104.0
327.48	104.0
332.24	104.0
337.12	104.0
343.28	104.0
349.8	104.0
367.96	104.0
372.76	104.0
386.84	104.0
419.2	104.0
443.76	104.0
457.96	104.0
481.08	104.0
508.44	104.0
532.76	104.0
546.28	104.0
557.64	104.0
621.4	104.0
657.68	104.0
672.8	104.0
698.56	104.0
716.92	104.0
733.44	104.0
757.0	104.0
783.56	104.0
829.88	104.0
833.8	104.0
875.88	104.0
880.36	104.0
976.28	104.0
1039.8	104.0
1062.0	104.0
1119.2	104.0
1166.6	104.0
1187.28	104.0
1215.2	104.0
1228.72	104.0
319.16	106.0
381.84	106.0
619.4	106.0
1150.2	106.0
302.72	107.0
455.56	107.0
782.64	107.0
310.16	107.0
324.0	107.0
326.52	107.0
334.48	107.0
341.48	107.0
354.28	107.0
359.6	107.0
366.0	107.0
431.24	107.0
478.48	107.0
620.0	107.0
658.92	107.0
698.2	107.0
718.16	107.0
785.24	107.0
1009.84	107.0
1047.96	107.0
302.48	108.0
317.64	108.0
326.32	108.0
332.84	108.0
348.08	108.0
360.32	108.0
380.08	108.0
409.76	108.0
433.24	108.0
461.16	108.0
507.12	108.0
535.04	108.0
569.56	108.0
626.56	108.0
672.32	108.0
739.16	108.0
1141.56	108.0
1158.36	108.0
1218.68	108.0
397.04	109.0
470.28	109.0
529.2	109.0
758.8	109.0
985.36	109.0
1081.04	109.0
1116.96	109.0
1128.76	109.0
1150.4	109.0
1189.16	109.0
317.96	109.0
310.52	110.0
316.04	110.0
323.76	110.0
363.68	110.0
476.28	110.0
1022.08	110.0
1200.32	110.0
336.04	110.0
370.4	110.0
572.44	110.0
647.04	110.0
663.48	110.0
707.48	110.0
830.88	110.0
310.48	111.0
348.04	111.0
1141.12	111.0
1179.84	111.0
313.72	111.0
317.16	111.0
321.48	111.0
324.0	111.0
329.44	111.0
335.68	111.0
339.52	111.0
344.32	111.0
376.52	111.0
383.08	111.0
391.76	111.0
415.28	111.0
424.44	111.0
432.68	111.0
459.72	111.0
517.88	111.0
572.4	111.0
603.92	111.0
635.72	111.0
681.92	111.0
696.04	111.0
742.16	111.0
775.68	111.0
813.76	111.0
830.76	111.0
856.88	111.0
914.68	111.0
963.12	111.0
1028.68	111.0
1067.2	111.0
1104.96	111.0
1121.36	111.0
1237.88	111.0
415.4	112.0
309.0	112.0
311.52	112.0
316.56	112.0
358.96	112.0
646.2	112.0
657.24	112.0
664.84	112.0
767.12	112.0
829.88	112.0
889.08	112.0
1151.44	112.0
1159.68	112.0
314.88	113.0
323.44	113.0
337.96	113.0
350.68	113.0
371.56	113.0
392.04	113.0
302.92	114.0
313.12	114.0
316.52	114.0
322.76	114.0
328.64	114.0
334.6	114.0
348.72	114.0
360.36	114.0
341.64	114.0
632.8	114.0
788.68	114.0
1196.92	114.0
336.88	115.0
348.2	115.0
370.4	115.0
315.12	115.0
387.96	115.0
434.48	115.0
461.52	115.0
475.52	115.0
502.04	115.0
536.08	115.0
564.92	115.0
605.84	115.0
631.8	115.0
663.72	115.0
697.64	115.0
707.88	115.0
722.56	115.0
739.32	115.0
784.48	115.0
802.12	115.0
808.64	115.0
832.68	115.0
889.4	115.0
943.52	115.0
994.96	115.0
1037.4	115.0
1068.6	115.0
1111.32	115.0
1117.12	115.0
1151.36	115.0
1163.72	115.0
1170.44	115.0
1233.64	115.0
1266.84	115.0
1293.24	115.0
518.52	116.0
1065.84	116.0
311.0	116.0
314.48	116.0
317.0	116.0
321.48	116.0
325.2	116.0
331.92	116.0
334.88	116.0
338.72	116.0
344.84	116.0
347.44	116.0
353.12	116.0
357.28	116.0
363.92	116.0
371.04	116.0
376.72	116.0
384.12	116.0
397.08	116.0
413.24	116.0
434.08	116.0
458.32	116.0
477.64	116.0
501.4	116.0
515.4	116.0
542.76	116.0
550.32	116.0
564.56	116.0
573.4	116.0
583.36	116.0
601.32	116.0
622.52	116.0
629.12	116.0
636.76	116.0
655.0	116.0
661.24	116.0
681.92	116.0
693.44	116.0
711.68	116.0
717.44	116.0
739.28	116.0
764.4	116.0
776.4	116.0
786.8	116.0
810.08	116.0
820.08	116.0
831.16	116.0
852.52	116.0
960.72	116.0
976.48	116.0
1022.8	116.0
1091.8	116.0
1104.6	116.0
1133.96	116.0
1142.68	116.0
1163.92	116.0
1166.72	116.0
1233.84	116.0
1294.08	116.0
317.16	117.0
326.12	117.0
338.84	117.0
349.0	117.0
383.6	117.0
769.48	117.0
353.28	117.0
376.88	117.0
393.6	117.0
564.4	117.0
682.2	117.0
1141.16	117.0
1179.96	117.0
1116.56	118.0
310.6	118.0
314.04	118.0
317.4	118.0
322.88	118.0
334.88	118.0
359.16	118.0
372.04	118.0
426.84	118.0
502.2	118.0
1242.24	118.0
359.24	119.0
316.24	119.0
336.04	119.0
339.24	119.0
367.0	119.0
766.84	119.0
830.08	119.0
1057.36	119.0
317.08	120.0
322.4	120.0
326.08	120.0
338.52	120.0
341.4	120.0
358.52	120.0
366.32	120.0
384.04	120.0
575.0	120.0
658.72	120.0
682.44	120.0
719.48	120.0
809.64	120.0
888.64	120.0
943.08	120.0
975.64	120.0
1120.44	120.0
1161.6	120.0
