302.64	84.0
348.32	84.0
11.2	85.0
8.4	86.0
28.08	86.0
56.68	86.0
79.88	86.0
85.2	86.0
129.32	86.0
133.76	86.0
141.6	86.0
150.92	86.0
155.24	86.0
159.72	86.0
166.48	86.0
171.08	86.0
178.96	86.0
192.64	86.0
214.28	86.0
225.04	86.0
232.28	86.0
237.52	86.0
246.28	86.0
264.04	86.0
272.36	86.0
285.68	86.0
293.56	86.0
308.28	86.0
325.8	86.0
334.64	86.0
343.76	86.0
356.76	86.0
370.68	86.0
382.8	86.0
401.08	86.0
466.88	86.0
187.04	86.0
196.8	86.0
218.36	86.0
254.76	86.0
311.08	86.0
321.56	86.0
133.88	87.0
237.08	87.0
159.68	87.0
164.56	87.0
195.0	87.0
197.72	87.0
206.68	87.0
223.12	87.0
308.88	87.0
312.0	87.0
315.04	87.0
320.04	87.0
325.88	87.0
334.32	87.0
47.04	88.0
138.44	88.0
157.28	88.0
181.68	88.0
189.4	88.0
250.04	88.0
267.32	88.0
353.76	88.0
397.0	88.0
11.48	88.0
84.56	88.0
101.0	88.0
178.0	88.0
207.0	88.0
218.16	88.0
229.68	88.0
253.52	88.0
298.12	88.0
313.68	88.0
318.04	88.0
320.96	88.0
341.72	88.0
413.96	88.0
502.24	88.0
667.44	88.0
319.16	89.0
13.48	89.0
160.6	89.0
192.28	89.0
207.56	89.0
216.6	89.0
298.8	89.0
315.76	89.0
328.96	89.0
528.92	89.0
13.2	90.0
153.64	90.0
164.68	90.0
175.44	90.0
182.84	90.0
228.6	90.0
237.72	90.0
250.6	90.0
286.2	90.0
302.44	90.0
311.6	90.0
315.44	90.0
328.64	90.0
336.0	90.0
378.24	90.0
409.36	90.0
437.4	90.0
528.6	90.0
214.96	91.0
62.8	91.0
91.64	92.0
126.88	92.0
158.56	92.0
170.56	92.0
178.28	92.0
197.56	92.0
213.24	92.0
245.96	92.0
324.76	92.0
342.6	92.0
434.56	92.0
4.72	92.0
13.76	92.0
49.48	92.0
95.64	92.0
142.08	92.0
187.36	92.0
204.6	92.0
229.2	92.0
236.36	92.0
258.92	92.0
265.64	92.0
291.52	92.0
311.36	92.0
345.32	92.0
367.52	92.0
383.2	92.0
401.96	92.0
439.2	92.0
193.44	93.0
272.36	93.0
393.88	93.0
302.6	93.0
152.64	94.0
227.88	94.0
265.96	94.0
388.12	94.0
469.68	94.0
161.76	95.0
228.12	95.0
402.76	96.0
196.28	96.0
306.24	96.0
9.04	97.0
302.52	97.0
7.8	98.0
147.44	99.0
159.88	99.0
169.72	99.0
175.08	99.0
193.84	99.0
197.12	99.0
212.16	99.0
219.08	99.0
231.08	99.0
302.44	99.0
309.12	99.0
316.48	99.0
231.6	100.0
245.8	100.0
315.96	102.0
173.84	102.0
308.96	102.0
311.76	102.0
183.48	103.0
198.96	103.0
236.4	103.0
12.16	104.0
132.76	104.0
154.04	104.0
163.4	104.0
179.24	104.0
188.08	104.0
197.32	104.0
216.0	104.0
225.28	104.0
242.24	104.0
274.2	104.0
296.84	104.0
302.48	104.0
307.56	104.0
313.36	104.0
320.44	104.0
338.96	104.0
410.56	104.0
72.68	106.0
92.24	106.0
164.8	107.0
127.0	107.0
152.8	107.0
178.84	107.0
205.28	107.0
215.12	107.0
313.76	107.0
175.72	108.0
197.0	108.0
169.16	108.0
244.4	108.0
257.44	108.0
269.88	108.0
339.68	108.0
384.84	108.0
454.16	108.0
133.92	109.0
141.56	109.0
169.24	109.0
211.64	109.0
250.36	109.0
352.76	109.0
471.28	109.0
151.96	110.0
310.56	110.0
321.2	110.0
361.68	110.0
478.72	110.0
346.88	111.0
8.48	111.0
108.76	111.0
129.4	111.0
141.52	111.0
152.08	111.0
155.88	111.0
162.28	111.0
173.52	111.0
178.28	111.0
183.44	111.0
195.84	111.0
199.04	111.0
207.12	111.0
216.64	111.0
219.4	111.0
236.36	111.0
249.68	111.0
273.52	111.0
288.96	111.0
306.28	111.0
324.16	111.0
394.48	111.0
402.08	111.0
440.52	111.0
468.68	111.0
150.4	112.0
257.88	112.0
171.76	113.0
306.16	113.0
143.08	115.0
192.24	115.0
219.0	115.0
241.88	115.0
287.6	115.0
365.8	115.0
397.8	115.0
427.48	115.0
310.56	116.0
338.92	116.0
437.32	116.0
439.84	116.0
43.32	116.0
81.76	116.0
150.92	116.0
172.36	116.0
175.8	116.0
180.12	116.0
191.32	116.0
199.24	116.0
214.64	116.0
232.56	116.0
239.24	116.0
247.48	116.0
256.36	116.0
279.52	116.0
316.08	116.0
325.48	116.0
352.16	116.0
379.84	116.0
387.88	116.0
472.08	116.0
141.8	117.0
152.88	117.0
157.4	117.0
173.88	117.0
197.76	117.0
238.64	117.0
213.56	118.0
302.52	118.0
6.48	118.0
144.8	118.0
157.12	118.0
162.48	118.0
165.68	118.0
178.32	118.0
186.36	118.0
194.68	118.0
202.24	118.0
207.28	118.0
235.72	118.0
246.16	118.0
253.24	118.0
311.8	118.0
317.92	118.0
322.72	118.0
362.2	118.0
162.52	119.0
79.2	119.0
193.16	119.0
308.36	120.0
1133.04	120.0
97.52	120.0
169.56	120.0
