372.6	84.0
302.64	84.0
307.72	84.0
47.96	85.0
8.2	86.0
19.96	86.0
25.44	86.0
41.24	86.0
48.96	86.0
57.56	86.0
62.56	86.0
74.12	86.0
88.08	86.0
103.84	86.0
110.96	86.0
119.64	86.0
125.48	86.0
133.44	86.0
140.96	86.0
148.4	86.0
160.36	86.0
186.0	86.0
208.92	86.0
260.24	86.0
282.0	86.0
308.28	86.0
323.48	86.0
329.76	86.0
337.08	86.0
340.32	86.0
346.32	86.0
368.68	86.0
381.76	86.0
400.76	86.0
429.68	86.0
478.12	86.0
645.08	86.0
35.32	86.0
81.92	86.0
101.08	86.0
175.88	86.0
316.28	86.0
358.8	86.0
64.28	87.0
306.2	87.0
3.56	87.0
6.88	87.0
11.36	87.0
15.48	87.0
18.04	87.0
23.64	87.0
27.08	87.0
30.52	87.0
34.72	87.0
48.72	87.0
67.64	87.0
76.24	87.0
84.44	87.0
308.76	87.0
312.2	87.0
316.56	87.0
325.8	87.0
12.4	88.0
151.92	88.0
405.24	88.0
6.2	88.0
44.92	88.0
63.04	88.0
138.04	88.0
237.12	88.0
307.16	88.0
310.44	88.0
314.24	88.0
318.72	88.0
357.16	88.0
371.0	88.0
6.36	89.0
35.4	89.0
45.6	89.0
462.64	89.0
6.12	90.0
13.76	90.0
45.28	90.0
86.56	90.0
104.4	90.0
223.0	90.0
302.64	90.0
309.76	90.0
320.68	90.0
360.36	90.0
462.32	90.0
311.08	91.0
2.92	92.0
12.48	92.0
28.36	92.0
45.44	92.0
66.04	92.0
98.12	92.0
320.96	92.0
340.76	92.0
363.52	92.0
392.04	92.0
48.72	92.0
61.04	92.0
141.56	92.0
314.44	92.0
326.56	92.0
331.04	92.0
344.28	92.0
18.0	93.0
125.48	93.0
247.0	93.0
432.52	93.0
47.08	94.0
156.4	94.0
311.24	94.0
392.48	94.0
12.2	95.0
29.68	95.0
65.24	95.0
214.56	95.0
293.28	95.0
302.44	95.0
429.24	95.0
315.44	96.0
6.2	96.0
104.24	97.0
48.4	97.0
126.04	97.0
302.44	97.0
346.24	97.0
27.36	98.0
640.48	98.0
6.36	99.0
11.08	99.0
17.56	99.0
25.44	99.0
32.28	99.0
302.48	99.0
308.32	99.0
313.52	99.0
319.8	99.0
333.48	99.0
380.24	99.0
99.64	102.0
12.6	102.0
309.0	102.0
311.88	102.0
344.8	102.0
26.68	103.0
6.72	104.0
15.56	104.0
30.4	104.0
39.2	104.0
48.8	104.0
86.44	104.0
104.48	104.0
121.76	104.0
139.0	104.0
158.8	104.0
169.68	104.0
302.68	104.0
307.92	104.0
312.84	104.0
318.8	104.0
324.88	104.0
339.2	104.0
13.48	106.0
45.48	106.0
64.24	106.0
344.92	106.0
373.2	106.0
7.64	107.0
18.48	107.0
37.76	107.0
59.64	107.0
82.92	107.0
117.56	107.0
157.44	107.0
302.44	107.0
309.88	107.0
323.16	107.0
348.28	107.0
49.32	108.0
3.12	108.0
32.96	108.0
311.92	108.0
359.52	108.0
390.6	108.0
153.04	109.0
366.4	109.0
310.6	110.0
27.28	110.0
37.48	110.0
43.92	110.0
102.52	110.0
188.96	110.0
342.44	110.0
358.92	110.0
12.32	111.0
30.08	111.0
42.76	111.0
156.04	111.0
302.96	111.0
310.8	111.0
2.84	111.0
5.44	111.0
17.8	111.0
26.92	111.0
32.8	111.0
37.4	111.0
50.28	111.0
60.6	111.0
66.08	111.0
79.64	111.0
102.44	111.0
122.28	111.0
136.16	111.0
147.88	111.0
192.76	111.0
219.32	111.0
250.12	111.0
307.16	111.0
314.84	111.0
322.92	111.0
336.68	111.0
358.84	111.0
361.56	111.0
373.32	111.0
395.24	111.0
432.68	111.0
478.04	111.0
11.8	112.0
51.08	112.0
112.4	112.0
122.96	112.0
134.6	112.0
182.64	112.0
309.76	112.0
328.52	112.0
359.44	112.0
158.44	113.0
302.48	113.0
308.68	113.0
12.64	114.0
137.96	115.0
6.48	115.0
20.68	115.0
87.4	115.0
170.12	115.0
194.48	115.0
222.56	115.0
261.84	115.0
311.04	115.0
366.68	115.0
433.0	115.0
470.2	115.0
499.44	115.0
580.4	115.0
5.76	116.0
310.48	116.0
9.84	116.0
16.08	116.0
27.24	116.0
29.76	116.0
37.68	116.0
43.84	116.0
56.24	116.0
66.2	116.0
87.52	116.0
280.68	116.0
315.32	116.0
324.32	116.0
335.44	116.0
338.36	116.0
343.8	116.0
366.4	116.0
310.48	117.0
342.24	117.0
12.36	117.0
27.24	117.0
44.08	117.0
50.44	117.0
344.88	117.0
348.16	117.0
359.12	117.0
384.56	117.0
302.48	118.0
11.24	118.0
36.0	118.0
53.76	118.0
64.52	118.0
80.88	118.0
106.56	118.0
126.24	118.0
137.28	118.0
157.12	118.0
169.68	118.0
311.28	118.0
323.44	118.0
328.48	118.0
332.28	118.0
336.72	118.0
425.28	118.0
126.36	119.0
21.16	120.0
26.72	120.0
36.56	120.0
47.6	120.0
63.88	120.0
309.32	120.0
317.08	120.0
329.08	120.0
