335.96	84.0
302.56	84.0
191.8	85.0
250.8	85.0
118.12	86.0
127.48	86.0
134.56	86.0
141.28	86.0
150.12	86.0
157.52	86.0
164.48	86.0
171.84	86.0
185.68	86.0
193.36	86.0
204.04	86.0
218.2	86.0
231.04	86.0
242.28	86.0
246.52	86.0
257.08	86.0
274.12	86.0
291.68	86.0
297.52	86.0
308.36	86.0
314.52	86.0
329.28	86.0
342.0	86.0
354.88	86.0
366.64	86.0
375.28	86.0
390.44	86.0
402.16	86.0
415.04	86.0
442.08	86.0
461.96	86.0
531.76	86.0
538.16	86.0
576.28	86.0
955.08	86.0
988.04	86.0
1012.12	86.0
1022.24	86.0
1035.0	86.0
1041.28	86.0
1058.24	86.0
1065.04	86.0
1067.64	86.0
1075.16	86.0
1083.48	86.0
1094.0	86.0
1103.56	86.0
1113.48	86.0
1117.28	86.0
1120.72	86.0
1127.64	86.0
1138.88	86.0
1147.88	86.0
1161.88	86.0
1183.48	86.0
1189.6	86.0
1223.16	86.0
1280.8	86.0
1330.0	86.0
1371.08	86.0
209.12	86.0
320.04	86.0
337.56	86.0
1061.84	86.0
1254.4	86.0
131.6	87.0
134.64	87.0
141.72	87.0
145.88	87.0
173.68	87.0
187.56	87.0
306.44	87.0
320.04	87.0
106.92	87.0
114.88	87.0
118.88	87.0
123.32	87.0
148.88	87.0
153.2	87.0
157.96	87.0
164.76	87.0
169.28	87.0
202.68	87.0
216.44	87.0
267.88	87.0
311.4	87.0
315.16	87.0
325.2	87.0
335.12	87.0
340.84	87.0
970.04	87.0
1010.92	87.0
1115.2	87.0
1295.16	87.0
1335.0	87.0
265.96	88.0
292.0	88.0
110.84	88.0
114.16	88.0
141.68	88.0
157.4	88.0
235.48	88.0
273.08	88.0
313.2	88.0
865.36	88.0
940.44	88.0
984.12	88.0
1010.4	88.0
1028.96	88.0
1044.08	88.0
1084.88	88.0
1116.16	88.0
1260.32	88.0
1313.92	88.0
1365.0	88.0
107.48	89.0
785.48	89.0
971.4	89.0
119.96	89.0
127.12	89.0
307.48	89.0
315.24	89.0
940.12	89.0
1186.44	89.0
1335.96	89.0
108.4	90.0
119.68	90.0
138.16	90.0
200.76	90.0
302.6	90.0
307.12	90.0
345.2	90.0
391.04	90.0
968.84	90.0
1041.88	90.0
1058.04	90.0
1113.28	90.0
1350.2	90.0
420.36	91.0
1191.08	91.0
1352.64	91.0
114.12	92.0
117.12	92.0
128.12	92.0
139.56	92.0
155.48	92.0
188.72	92.0
316.44	92.0
366.36	92.0
394.04	92.0
962.72	92.0
985.08	92.0
1018.56	92.0
1042.6	92.0
1075.36	92.0
1117.72	92.0
159.8	92.0
167.4	92.0
245.76	92.0
298.12	92.0
306.48	92.0
310.32	92.0
321.12	92.0
943.56	92.0
966.48	92.0
991.08	92.0
1022.2	92.0
1049.28	92.0
1078.96	92.0
1089.28	92.0
114.24	93.0
139.56	93.0
194.64	93.0
375.04	93.0
658.88	93.0
1156.68	93.0
1238.56	93.0
155.88	93.0
1097.16	93.0
422.68	94.0
505.88	94.0
121.88	94.0
294.48	94.0
335.24	94.0
127.12	95.0
147.52	95.0
191.52	95.0
267.28	95.0
519.2	95.0
605.2	95.0
1014.48	95.0
1285.0	95.0
128.8	96.0
224.92	96.0
264.92	96.0
309.44	96.0
955.08	96.0
1253.48	96.0
395.04	97.0
1063.36	97.0
1111.44	97.0
302.64	97.0
321.4	97.0
1081.08	97.0
1107.52	97.0
1116.8	97.0
116.28	98.0
186.8	98.0
1117.04	98.0
1278.4	98.0
267.72	98.0
393.8	98.0
1281.8	98.0
109.44	99.0
119.08	99.0
127.4	99.0
132.6	99.0
139.08	99.0
147.96	99.0
156.92	99.0
302.48	99.0
308.32	99.0
313.6	99.0
321.36	99.0
1059.2	99.0
1333.12	99.0
323.32	100.0
726.4	100.0
999.2	100.0
1091.84	100.0
1097.52	100.0
309.0	102.0
312.08	102.0
962.96	102.0
1098.48	103.0
321.72	103.0
116.56	104.0
120.68	104.0
126.84	104.0
133.04	104.0
140.16	104.0
151.6	104.0
159.6	104.0
168.0	104.0
184.12	104.0
205.64	104.0
224.68	104.0
247.0	104.0
302.44	104.0
307.52	104.0
318.16	104.0
333.56	104.0
361.24	104.0
999.92	104.0
1030.72	104.0
1066.4	104.0
1091.64	104.0
1125.04	104.0
1065.16	105.0
149.04	106.0
165.04	106.0
239.32	106.0
1092.8	106.0
1187.32	106.0
1224.96	106.0
1271.24	106.0
128.2	107.0
169.32	107.0
173.16	107.0
212.52	107.0
228.12	107.0
269.68	107.0
284.64	107.0
302.68	107.0
309.0	107.0
344.2	107.0
365.8	107.0
411.28	107.0
431.6	107.0
465.84	107.0
578.64	107.0
1009.12	107.0
1093.48	107.0
1112.56	107.0
1122.32	107.0
1182.88	107.0
311.52	108.0
110.04	108.0
155.88	108.0
1102.12	108.0
155.6	109.0
345.0	109.0
460.92	109.0
1185.92	109.0
310.48	110.0
314.76	110.0
320.28	110.0
339.08	110.0
825.88	110.0
1069.28	110.0
1164.04	110.0
302.96	111.0
1107.84	111.0
104.32	111.0
115.08	111.0
119.72	111.0
128.24	111.0
133.88	111.0
138.84	111.0
141.4	111.0
158.16	111.0
163.36	111.0
178.36	111.0
207.08	111.0
222.12	111.0
235.04	111.0
306.52	111.0
311.84	111.0
320.44	111.0
323.44	111.0
334.28	111.0
347.08	111.0
360.16	111.0
369.36	111.0
376.04	111.0
396.08	111.0
425.8	111.0
429.28	111.0
451.24	111.0
511.04	111.0
520.36	111.0
741.92	111.0
995.48	111.0
1078.52	111.0
1115.96	111.0
1154.4	111.0
1171.64	111.0
1218.04	111.0
1243.8	111.0
1350.92	111.0
988.12	112.0
136.36	112.0
161.56	112.0
180.2	112.0
221.84	112.0
296.48	112.0
313.88	112.0
578.76	112.0
967.24	112.0
1059.68	112.0
1140.08	112.0
1155.2	112.0
314.36	113.0
307.56	114.0
1126.64	114.0
116.04	115.0
137.92	115.0
399.2	115.0
1022.72	115.0
1163.68	115.0
128.24	115.0
190.36	115.0
248.84	115.0
278.8	115.0
310.88	115.0
366.72	115.0
488.96	115.0
580.6	115.0
826.12	115.0
1100.88	115.0
1126.04	115.0
1259.76	115.0
1336.56	115.0
113.64	116.0
176.32	116.0
310.44	116.0
91.4	116.0
103.8	116.0
109.28	116.0
120.6	116.0
123.32	116.0
131.84	116.0
137.12	116.0
139.64	116.0
144.08	116.0
149.76	116.0
153.84	116.0
163.68	116.0
170.88	116.0
189.64	116.0
210.36	116.0
218.0	116.0
252.92	116.0
315.88	116.0
318.92	116.0
328.08	116.0
333.36	116.0
352.84	116.0
375.68	116.0
729.72	116.0
961.68	116.0
968.4	116.0
1001.56	116.0
1018.72	116.0
1050.4	116.0
1054.28	116.0
1070.64	116.0
1099.88	116.0
1109.64	116.0
1125.8	116.0
1257.2	116.0
1116.76	117.0
119.96	117.0
306.88	117.0
315.2	117.0
346.88	117.0
1107.88	117.0
302.48	118.0
988.0	118.0
1040.48	118.0
1062.32	118.0
117.04	118.0
134.48	118.0
151.48	118.0
170.52	118.0
306.96	118.0
313.4	118.0
323.44	118.0
332.16	118.0
1019.4	118.0
307.0	119.0
320.6	119.0
1250.04	119.0
1353.84	119.0
146.76	120.0
120.12	120.0
188.44	120.0
328.0	120.0
