176.52	84.0
302.68	84.0
307.6	84.0
334.48	84.0
36.04	85.0
93.4	85.0
110.44	85.0
225.28	85.0
353.08	85.0
486.56	85.0
531.16	85.0
588.44	85.0
599.84	85.0
670.64	85.0
687.48	85.0
819.04	85.0
897.8	85.0
980.08	85.0
990.68	85.0
1016.68	85.0
1045.68	85.0
1053.96	85.0
1221.28	85.0
1354.44	85.0
1417.56	85.0
1428.72	85.0
1468.32	85.0
308.36	86.0
318.64	86.0
330.72	86.0
342.36	86.0
347.92	86.0
393.8	86.0
588.32	86.0
804.48	86.0
809.8	86.0
856.24	86.0
868.72	86.0
891.4	86.0
914.32	86.0
952.28	86.0
1060.28	86.0
1074.12	86.0
1104.6	86.0
1128.96	86.0
1143.08	86.0
1154.72	86.0
1202.48	86.0
1378.2	86.0
1392.24	86.0
1431.76	86.0
1450.44	86.0
1460.44	86.0
1468.2	86.0
1479.04	86.0
5.64	86.0
31.24	86.0
38.36	86.0
49.84	86.0
67.72	86.0
97.2	86.0
118.92	86.0
172.6	86.0
191.24	86.0
205.48	86.0
290.76	86.0
328.2	86.0
357.56	86.0
381.48	86.0
531.44	86.0
543.36	86.0
584.96	86.0
729.36	86.0
822.16	86.0
849.36	86.0
881.12	86.0
888.84	86.0
1020.52	86.0
1085.44	86.0
1123.48	86.0
1170.88	86.0
1255.4	86.0
1413.56	86.0
1421.84	86.0
1440.56	86.0
1456.24	86.0
69.64	87.0
723.4	87.0
778.2	87.0
976.24	87.0
104.24	87.0
178.8	87.0
258.0	87.0
308.04	87.0
312.52	87.0
331.12	87.0
349.36	87.0
360.56	87.0
389.6	87.0
416.68	87.0
785.12	87.0
846.6	87.0
932.8	87.0
988.56	87.0
1042.24	87.0
1119.72	87.0
1258.68	87.0
1331.64	87.0
1346.16	87.0
1351.24	87.0
1363.2	87.0
1390.56	87.0
1401.96	87.0
1413.8	87.0
1429.88	87.0
1450.92	87.0
23.08	88.0
140.32	88.0
312.92	88.0
357.2	88.0
807.32	88.0
869.4	88.0
982.92	88.0
1223.48	88.0
1249.16	88.0
1411.4	88.0
201.64	88.0
307.4	88.0
318.32	88.0
321.4	88.0
330.0	88.0
547.8	88.0
781.6	88.0
1073.56	88.0
1086.72	88.0
1160.8	88.0
1443.36	88.0
1480.32	88.0
93.32	89.0
121.72	89.0
313.56	89.0
822.6	89.0
865.12	89.0
1022.12	89.0
1026.92	89.0
1160.4	89.0
249.96	90.0
41.88	90.0
310.52	90.0
315.32	90.0
320.04	90.0
329.68	90.0
341.08	90.0
428.36	90.0
451.12	90.0
469.6	90.0
518.56	90.0
647.16	90.0
681.76	90.0
791.52	90.0
822.28	90.0
983.08	90.0
1021.88	90.0
1051.8	90.0
1104.32	90.0
1141.44	90.0
1160.08	90.0
1211.76	90.0
1351.16	90.0
1361.0	90.0
1478.6	90.0
849.76	91.0
332.16	92.0
353.56	92.0
425.6	92.0
842.2	92.0
1143.36	92.0
20.04	92.0
292.24	92.0
310.8	92.0
325.36	92.0
339.04	92.0
403.12	92.0
542.24	92.0
641.36	92.0
728.32	92.0
793.48	92.0
801.08	92.0
832.36	92.0
865.92	92.0
897.96	92.0
941.52	92.0
988.96	92.0
1024.8	92.0
1054.88	92.0
1109.48	92.0
1129.36	92.0
1170.52	92.0
1180.08	92.0
1191.48	92.0
1215.84	92.0
1395.52	92.0
1429.96	92.0
1438.64	92.0
1453.36	92.0
1466.28	92.0
214.2	93.0
309.68	93.0
571.28	93.0
1024.16	93.0
1291.44	93.0
302.64	94.0
788.84	94.0
320.52	94.0
805.48	94.0
1118.44	94.0
1424.8	94.0
18.6	95.0
145.68	95.0
205.24	95.0
287.56	95.0
307.24	95.0
724.16	95.0
898.56	95.0
1106.4	95.0
1109.8	95.0
1225.44	95.0
1369.48	95.0
1429.6	96.0
321.72	97.0
449.92	97.0
543.84	97.0
1169.24	97.0
1439.6	97.0
1171.48	98.0
1327.16	98.0
1393.2	98.0
1195.04	99.0
25.64	99.0
91.76	99.0
308.92	99.0
314.4	99.0
320.52	99.0
328.4	99.0
337.48	99.0
644.04	99.0
780.8	99.0
823.68	99.0
860.96	99.0
863.64	99.0
1087.92	99.0
1120.92	99.0
1167.28	99.0
1191.32	99.0
1286.36	99.0
1424.56	99.0
22.88	100.0
69.72	100.0
249.92	100.0
302.96	100.0
323.12	100.0
471.28	100.0
650.12	100.0
777.88	100.0
840.2	100.0
1013.52	100.0
1021.68	100.0
1084.84	100.0
1124.2	100.0
1293.88	100.0
1354.24	100.0
1380.8	100.0
308.96	102.0
311.96	102.0
326.76	103.0
1103.6	103.0
326.76	104.0
25.16	104.0
95.44	104.0
170.28	104.0
302.64	104.0
308.04	104.0
315.24	104.0
321.8	104.0
329.56	104.0
336.6	104.0
360.08	104.0
410.44	104.0
450.52	104.0
541.32	104.0
795.84	104.0
814.36	104.0
854.0	104.0
867.6	104.0
1110.16	104.0
1160.6	104.0
1252.56	104.0
1433.28	104.0
1439.04	106.0
382.96	107.0
63.6	107.0
94.32	107.0
317.96	107.0
320.84	107.0
327.84	107.0
448.24	107.0
583.32	107.0
709.8	107.0
976.52	107.0
980.28	107.0
1020.16	107.0
1034.8	107.0
1170.24	107.0
1241.72	107.0
1325.68	107.0
1222.84	108.0
24.44	108.0
91.6	108.0
104.84	108.0
310.24	108.0
654.56	108.0
780.6	108.0
844.8	108.0
939.88	108.0
1031.84	108.0
1097.2	108.0
1253.8	108.0
1301.28	108.0
1390.56	108.0
322.92	109.0
329.44	109.0
584.72	109.0
646.96	109.0
65.76	109.0
257.72	109.0
450.68	109.0
310.48	110.0
334.64	110.0
344.88	110.0
792.6	110.0
1252.24	110.0
1433.0	110.0
303.0	111.0
544.28	111.0
1072.8	111.0
4.16	111.0
24.04	111.0
42.44	111.0
95.92	111.0
205.8	111.0
315.76	111.0
321.36	111.0
327.92	111.0
334.44	111.0
352.6	111.0
382.44	111.0
448.2	111.0
508.68	111.0
539.04	111.0
580.4	111.0
642.52	111.0
676.56	111.0
725.28	111.0
756.0	111.0
787.56	111.0
809.92	111.0
831.04	111.0
853.32	111.0
857.2	111.0
864.96	111.0
940.76	111.0
986.72	111.0
1018.0	111.0
1054.68	111.0
1089.8	111.0
1111.16	111.0
1118.44	111.0
1174.32	111.0
1192.08	111.0
1219.92	111.0
1230.72	111.0
1244.04	111.0
1287.44	111.0
1290.68	111.0
1350.08	111.0
1400.16	111.0
1471.36	111.0
326.96	112.0
1101.28	112.0
1348.36	112.0
294.84	112.0
339.96	112.0
365.76	112.0
430.36	112.0
537.48	112.0
853.16	112.0
864.44	112.0
923.4	112.0
1199.72	112.0
314.04	114.0
25.48	115.0
43.88	115.0
141.16	115.0
357.08	115.0
536.28	115.0
656.28	115.0
685.92	115.0
863.32	115.0
1027.56	115.0
1051.2	115.0
1289.4	115.0
1295.52	115.0
310.52	116.0
321.76	116.0
677.84	116.0
1012.52	116.0
124.36	116.0
140.52	116.0
251.96	116.0
295.36	116.0
316.08	116.0
318.88	116.0
326.0	116.0
334.04	116.0
338.8	116.0
352.44	116.0
378.48	116.0
382.92	116.0
447.48	116.0
537.76	116.0
545.2	116.0
590.52	116.0
652.48	116.0
685.92	116.0
714.68	116.0
781.48	116.0
817.88	116.0
872.56	116.0
937.52	116.0
983.56	116.0
989.4	116.0
1033.32	116.0
1084.2	116.0
1104.12	116.0
1114.76	116.0
1190.8	116.0
1205.36	116.0
1295.36	116.0
1360.88	116.0
1385.36	116.0
1395.28	116.0
1407.56	116.0
1450.12	116.0
317.2	117.0
334.32	117.0
353.24	117.0
44.12	117.0
206.12	117.0
344.96	117.0
383.4	117.0
820.96	117.0
1090.04	117.0
1190.44	117.0
1433.2	117.0
302.56	118.0
118.08	118.0
204.2	118.0
310.68	118.0
317.04	118.0
325.0	118.0
328.16	118.0
333.56	118.0
337.56	118.0
341.0	118.0
396.76	118.0
448.36	118.0
808.24	118.0
826.04	118.0
853.04	118.0
864.8	118.0
1048.72	118.0
1101.4	118.0
1120.12	118.0
1139.2	118.0
1165.36	118.0
1348.44	118.0
302.68	119.0
448.64	119.0
896.4	119.0
1116.68	119.0
5.52	120.0
91.08	120.0
205.0	120.0
291.16	120.0
307.44	120.0
581.8	120.0
1016.64	120.0
1209.04	120.0
1277.0	120.0
1333.56	120.0
