70.28	84.0
302.8	84.0
306.28	84.0
621.48	84.0
14.96	85.0
78.16	85.0
149.52	85.0
192.0	85.0
325.0	85.0
343.52	85.0
696.6	85.0
897.24	85.0
1003.8	85.0
1029.72	85.0
1110.68	85.0
1196.32	85.0
1299.76	85.0
1457.6	85.0
46.32	86.0
90.52	86.0
105.04	86.0
139.08	86.0
177.88	86.0
218.08	86.0
224.76	86.0
258.72	86.0
274.08	86.0
286.92	86.0
323.56	86.0
385.72	86.0
399.52	86.0
407.6	86.0
596.48	86.0
628.76	86.0
648.76	86.0
658.24	86.0
663.48	86.0
725.08	86.0
747.2	86.0
770.92	86.0
847.24	86.0
892.0	86.0
914.56	86.0
992.12	86.0
1068.56	86.0
1092.84	86.0
1108.96	86.0
1207.52	86.0
1211.16	86.0
1236.64	86.0
1291.92	86.0
1309.6	86.0
1329.88	86.0
1332.72	86.0
1359.92	86.0
1388.6	86.0
1419.08	86.0
23.36	86.0
68.0	86.0
110.4	86.0
148.44	86.0
183.0	86.0
235.2	86.0
318.4	86.0
329.24	86.0
343.68	86.0
687.88	86.0
690.68	86.0
713.24	86.0
731.4	86.0
821.0	86.0
850.8	86.0
876.52	86.0
921.76	86.0
942.16	86.0
968.04	86.0
1001.28	86.0
1111.48	86.0
1116.88	86.0
1146.44	86.0
1159.64	86.0
1278.68	86.0
1385.48	86.0
1428.16	86.0
1453.44	86.0
655.52	87.0
45.2	87.0
82.0	87.0
110.24	87.0
121.48	87.0
128.64	87.0
195.76	87.0
198.96	87.0
212.64	87.0
230.56	87.0
308.52	87.0
311.96	87.0
337.16	87.0
344.12	87.0
364.56	87.0
386.2	87.0
684.96	87.0
771.28	87.0
966.48	87.0
1003.84	87.0
1023.36	87.0
1069.32	87.0
1091.72	87.0
1166.12	87.0
1236.68	87.0
1277.0	87.0
1329.84	87.0
1391.64	87.0
1401.48	87.0
1433.6	87.0
1459.68	87.0
46.08	88.0
222.8	88.0
145.96	88.0
166.28	88.0
174.08	88.0
196.16	88.0
212.2	88.0
282.12	88.0
306.48	88.0
315.16	88.0
320.96	88.0
407.32	88.0
443.24	88.0
525.4	88.0
680.88	88.0
800.68	88.0
846.4	88.0
911.44	88.0
1012.68	88.0
1126.64	88.0
1144.92	88.0
1189.36	88.0
1192.44	88.0
1229.56	88.0
1281.08	88.0
1367.28	88.0
1383.04	88.0
1429.32	88.0
135.36	89.0
668.52	89.0
710.2	89.0
818.36	89.0
895.32	89.0
1116.44	89.0
1300.08	89.0
41.44	90.0
135.08	90.0
277.52	90.0
299.6	90.0
307.84	90.0
322.28	90.0
330.04	90.0
372.2	90.0
621.48	90.0
668.2	90.0
999.52	90.0
1079.52	90.0
1108.16	90.0
1146.08	90.0
1275.8	90.0
1336.8	90.0
1428.36	90.0
196.12	91.0
302.72	91.0
435.92	91.0
808.16	91.0
896.24	91.0
1048.96	91.0
315.44	92.0
325.88	92.0
19.36	92.0
75.44	92.0
131.32	92.0
189.52	92.0
196.76	92.0
205.24	92.0
224.52	92.0
306.6	92.0
318.56	92.0
330.96	92.0
346.28	92.0
378.96	92.0
621.0	92.0
661.64	92.0
691.96	92.0
890.08	92.0
949.72	92.0
975.28	92.0
1274.16	92.0
1370.16	92.0
1385.8	92.0
230.0	93.0
946.24	93.0
994.36	93.0
325.72	93.0
419.56	93.0
807.68	94.0
1081.72	94.0
325.12	94.0
347.84	94.0
854.48	94.0
1126.4	94.0
77.12	95.0
210.68	95.0
785.68	95.0
1102.56	95.0
1238.76	95.0
1116.32	96.0
310.96	97.0
745.8	97.0
302.6	97.0
315.6	97.0
322.28	97.0
365.68	97.0
712.24	97.0
760.12	97.0
322.52	98.0
620.6	98.0
124.32	99.0
302.44	99.0
307.68	99.0
312.64	99.0
317.84	99.0
327.56	99.0
342.04	99.0
623.52	99.0
654.0	99.0
724.8	99.0
760.68	99.0
973.72	99.0
1336.76	99.0
1393.0	99.0
37.68	100.0
72.48	100.0
124.0	100.0
171.04	100.0
216.72	100.0
590.84	100.0
653.64	100.0
682.36	100.0
707.44	100.0
720.84	100.0
732.56	100.0
753.84	100.0
873.16	100.0
1100.12	100.0
1123.12	100.0
1182.08	100.0
1253.32	100.0
1353.24	100.0
1367.2	100.0
1390.56	100.0
314.36	102.0
308.96	102.0
311.76	102.0
325.56	103.0
311.64	103.0
325.52	104.0
328.64	104.0
72.6	104.0
125.44	104.0
190.36	104.0
218.64	104.0
302.56	104.0
309.0	104.0
314.48	104.0
320.0	104.0
336.32	104.0
347.72	104.0
380.28	104.0
638.0	104.0
672.16	104.0
685.52	104.0
757.4	104.0
800.92	104.0
813.88	104.0
851.92	104.0
975.68	104.0
1000.2	104.0
1087.88	104.0
1109.04	104.0
1121.0	104.0
1151.16	104.0
1298.88	104.0
1395.4	104.0
1424.08	104.0
33.64	106.0
69.48	106.0
323.12	106.0
69.32	107.0
75.08	107.0
142.84	107.0
189.76	107.0
314.56	107.0
321.6	107.0
336.68	107.0
460.48	107.0
758.12	107.0
839.56	107.0
889.88	107.0
906.28	107.0
970.56	107.0
1002.32	107.0
1040.56	107.0
1185.16	107.0
1213.96	107.0
1238.6	107.0
1275.56	107.0
1421.12	107.0
22.2	108.0
43.32	108.0
110.56	108.0
124.88	108.0
179.0	108.0
311.2	108.0
332.6	108.0
669.76	108.0
714.04	108.0
757.04	108.0
1273.44	108.0
1392.52	108.0
1440.68	108.0
41.24	109.0
277.28	109.0
1051.96	109.0
310.52	110.0
624.56	110.0
340.04	110.0
419.92	110.0
773.68	110.0
968.36	110.0
1350.8	110.0
302.96	111.0
319.0	111.0
1032.28	111.0
67.72	111.0
125.8	111.0
188.04	111.0
210.6	111.0
340.08	111.0
346.88	111.0
372.96	111.0
420.68	111.0
436.6	111.0
500.8	111.0
568.88	111.0
590.44	111.0
624.68	111.0
656.0	111.0
673.88	111.0
683.32	111.0
773.68	111.0
896.68	111.0
921.56	111.0
968.08	111.0
977.48	111.0
1005.8	111.0
1057.68	111.0
1107.64	111.0
1123.36	111.0
1277.24	111.0
1393.4	111.0
1457.32	111.0
36.52	112.0
108.4	112.0
310.92	112.0
572.28	112.0
590.84	112.0
671.72	112.0
1107.52	112.0
1154.68	112.0
312.56	114.0
765.36	114.0
1086.52	114.0
24.08	114.0
1008.48	114.0
1111.8	114.0
523.96	115.0
112.36	115.0
148.08	115.0
279.84	115.0
828.08	115.0
67.8	116.0
310.52	116.0
324.4	116.0
326.92	116.0
1036.52	116.0
17.92	116.0
28.16	116.0
41.88	116.0
64.36	116.0
87.04	116.0
129.64	116.0
174.2	116.0
185.72	116.0
188.76	116.0
196.92	116.0
288.8	116.0
317.96	116.0
340.24	116.0
345.12	116.0
354.64	116.0
376.76	116.0
594.36	116.0
654.88	116.0
672.76	116.0
684.12	116.0
710.48	116.0
716.96	116.0
729.96	116.0
753.4	116.0
858.0	116.0
877.32	116.0
893.48	116.0
932.68	116.0
968.44	116.0
1005.04	116.0
1089.8	116.0
1103.32	116.0
1112.8	116.0
1185.76	116.0
1227.68	116.0
1234.6	116.0
1272.88	116.0
1311.12	116.0
1395.32	116.0
1425.96	116.0
1432.76	116.0
323.76	117.0
71.68	117.0
340.28	117.0
366.68	117.0
762.52	117.0
773.96	117.0
792.56	117.0
944.16	117.0
1032.32	117.0
1091.28	117.0
210.56	118.0
302.48	118.0
319.12	118.0
24.04	118.0
307.92	118.0
314.28	118.0
323.04	118.0
335.0	118.0
346.64	118.0
772.08	118.0
917.08	118.0
1105.44	118.0
1234.0	118.0
303.0	119.0
299.76	119.0
325.12	119.0
848.24	119.0
848.0	120.0
7.76	120.0
318.44	120.0
322.72	120.0
571.64	120.0
611.0	120.0
616.52	120.0
782.64	120.0
888.08	120.0
963.6	120.0
1065.6	120.0
1235.28	120.0
1345.8	120.0
1428.04	120.0
