247.84	84.0
1131.0	84.0
302.8	84.0
327.96	84.0
71.52	85.0
236.36	85.0
382.6	85.0
410.32	85.0
457.88	85.0
501.84	85.0
796.28	85.0
882.72	85.0
956.04	85.0
1067.08	85.0
1165.92	85.0
1248.56	85.0
28.88	86.0
79.0	86.0
102.68	86.0
108.68	86.0
167.8	86.0
197.16	86.0
217.32	86.0
243.16	86.0
306.6	86.0
334.64	86.0
352.28	86.0
480.04	86.0
543.56	86.0
557.32	86.0
618.2	86.0
633.72	86.0
697.76	86.0
839.16	86.0
867.2	86.0
938.0	86.0
945.36	86.0
970.6	86.0
983.16	86.0
1019.16	86.0
1049.48	86.0
1125.16	86.0
1150.04	86.0
1215.28	86.0
1243.0	86.0
1266.16	86.0
1283.16	86.0
1292.88	86.0
1353.68	86.0
222.16	86.0
269.4	86.0
316.36	86.0
325.12	86.0
347.4	86.0
693.68	86.0
729.32	86.0
964.16	86.0
967.4	86.0
1065.56	86.0
481.76	87.0
17.48	87.0
57.52	87.0
89.04	87.0
126.0	87.0
158.32	87.0
186.16	87.0
192.24	87.0
196.4	87.0
309.2	87.0
313.32	87.0
320.2	87.0
342.24	87.0
448.72	87.0
486.68	87.0
510.68	87.0
644.16	87.0
681.2	87.0
794.88	87.0
839.44	87.0
880.88	87.0
944.68	87.0
972.92	87.0
1025.4	87.0
1056.4	87.0
1064.44	87.0
1113.68	87.0
1154.92	87.0
1189.92	87.0
1235.92	87.0
1248.92	87.0
1267.04	87.0
1302.16	87.0
1325.72	87.0
1332.92	87.0
302.6	88.0
32.2	88.0
107.76	88.0
221.2	88.0
255.24	88.0
277.2	88.0
320.6	88.0
350.4	88.0
354.32	88.0
362.16	88.0
381.36	88.0
420.16	88.0
831.44	88.0
927.08	88.0
965.96	88.0
983.2	88.0
1100.72	88.0
1114.6	88.0
1229.8	88.0
1357.6	88.0
57.84	89.0
117.24	89.0
578.4	89.0
696.68	89.0
946.28	89.0
1048.56	89.0
1165.32	89.0
1225.88	89.0
1323.84	89.0
1348.28	89.0
234.0	90.0
248.24	90.0
306.08	90.0
315.6	90.0
356.96	90.0
446.52	90.0
671.92	90.0
696.4	90.0
723.8	90.0
763.2	90.0
772.04	90.0
1162.24	90.0
1244.72	90.0
1281.08	90.0
297.12	91.0
321.4	91.0
314.68	92.0
353.36	92.0
97.88	92.0
110.72	92.0
150.88	92.0
318.16	92.0
322.48	92.0
337.56	92.0
442.88	92.0
664.08	92.0
783.12	92.0
855.68	92.0
876.64	92.0
944.92	92.0
1009.2	92.0
1106.64	92.0
1271.8	92.0
119.48	93.0
176.16	93.0
736.04	93.0
804.88	93.0
1134.64	93.0
319.52	93.0
350.56	93.0
32.0	94.0
302.6	94.0
1032.08	94.0
1224.6	94.0
205.32	94.0
318.84	94.0
353.6	94.0
169.72	95.0
280.32	95.0
560.4	95.0
734.36	95.0
790.48	95.0
878.32	95.0
1070.2	95.0
1298.92	95.0
341.88	97.0
857.2	97.0
1146.6	97.0
223.6	97.0
321.0	97.0
1247.28	97.0
248.2	98.0
472.0	98.0
44.72	99.0
65.04	99.0
180.12	99.0
302.48	99.0
308.0	99.0
313.92	99.0
321.52	99.0
331.6	99.0
635.4	99.0
705.0	99.0
776.56	99.0
879.72	99.0
952.2	99.0
1079.0	99.0
1250.96	99.0
23.32	100.0
258.36	100.0
323.68	100.0
395.72	100.0
427.44	100.0
561.68	100.0
780.96	100.0
945.24	100.0
965.68	100.0
1101.4	100.0
1129.68	100.0
1229.84	100.0
1249.0	100.0
446.48	101.0
296.6	102.0
367.24	102.0
141.32	102.0
308.96	102.0
311.84	102.0
350.44	103.0
481.36	103.0
319.32	104.0
321.84	104.0
350.4	104.0
129.92	104.0
162.4	104.0
299.52	104.0
308.2	104.0
314.84	104.0
332.44	104.0
342.76	104.0
369.32	104.0
415.88	104.0
507.44	104.0
817.2	104.0
835.72	104.0
882.2	104.0
917.68	104.0
1022.56	104.0
1082.12	104.0
283.72	106.0
97.64	107.0
283.48	107.0
299.6	107.0
302.48	107.0
309.48	107.0
313.44	107.0
324.88	107.0
396.36	107.0
608.12	107.0
665.08	107.0
670.08	107.0
760.56	107.0
837.8	107.0
878.04	107.0
885.64	107.0
917.36	107.0
978.64	107.0
1015.12	107.0
1133.88	107.0
1240.68	107.0
1245.44	107.0
1291.08	107.0
1335.72	107.0
27.88	108.0
66.48	108.0
313.16	108.0
635.68	108.0
704.56	108.0
723.72	108.0
780.84	108.0
929.76	108.0
957.44	108.0
1103.96	108.0
1148.72	108.0
1323.28	108.0
116.64	109.0
696.16	109.0
771.84	109.0
577.08	109.0
310.44	110.0
375.6	110.0
185.2	110.0
944.24	110.0
1008.88	110.0
80.84	111.0
116.48	111.0
10.04	111.0
24.6	111.0
59.0	111.0
66.44	111.0
94.96	111.0
113.2	111.0
161.72	111.0
165.84	111.0
172.08	111.0
194.32	111.0
203.4	111.0
210.04	111.0
247.08	111.0
297.04	111.0
310.36	111.0
320.96	111.0
366.6	111.0
443.6	111.0
511.8	111.0
589.76	111.0
627.48	111.0
708.52	111.0
722.96	111.0
759.56	111.0
762.16	111.0
778.16	111.0
782.92	111.0
805.84	111.0
828.44	111.0
833.36	111.0
871.16	111.0
880.24	111.0
932.48	111.0
964.24	111.0
1088.28	111.0
1132.08	111.0
1236.68	111.0
1243.36	111.0
1250.92	111.0
1318.24	111.0
1341.0	111.0
1345.24	111.0
60.12	112.0
296.32	112.0
346.64	112.0
628.4	112.0
790.12	112.0
1002.52	112.0
1245.4	112.0
296.72	113.0
306.16	113.0
968.6	113.0
311.8	114.0
316.8	114.0
418.52	114.0
968.64	114.0
581.4	114.0
248.4	115.0
735.2	115.0
8.24	116.0
11.6	116.0
26.08	116.0
143.28	116.0
151.28	116.0
162.8	116.0
261.4	116.0
310.88	116.0
319.12	116.0
326.28	116.0
333.28	116.0
338.36	116.0
352.72	116.0
357.4	116.0
368.24	116.0
509.12	116.0
564.4	116.0
627.04	116.0
636.24	116.0
668.88	116.0
733.12	116.0
772.36	116.0
796.8	116.0
800.68	116.0
835.0	116.0
842.76	116.0
893.04	116.0
911.72	116.0
947.96	116.0
960.08	116.0
966.16	116.0
1063.36	116.0
1079.64	116.0
1104.16	116.0
1129.76	116.0
1343.76	116.0
307.8	117.0
320.96	117.0
80.92	117.0
312.08	117.0
316.2	117.0
355.84	117.0
1130.08	117.0
1293.88	117.0
302.6	118.0
778.08	118.0
921.76	118.0
22.92	118.0
114.44	118.0
245.44	118.0
294.28	118.0
309.28	118.0
320.88	118.0
342.2	118.0
364.92	118.0
443.8	118.0
574.68	118.0
694.2	118.0
760.44	118.0
962.44	118.0
1071.04	118.0
1105.28	118.0
1241.44	118.0
1345.6	118.0
35.96	119.0
324.88	119.0
665.64	119.0
964.96	119.0
968.28	119.0
1080.48	119.0
1244.68	119.0
248.44	120.0
324.28	120.0
346.08	120.0
418.8	120.0
443.52	120.0
791.2	120.0
831.92	120.0
877.88	120.0
1244.88	120.0
