344.36	84.0
350.68	84.0
307.32	85.0
323.96	85.0
1028.16	85.0
1062.84	85.0
1104.48	85.0
1126.28	85.0
1142.44	85.0
1180.56	85.0
1190.12	85.0
1233.56	85.0
29.16	86.0
101.28	86.0
152.08	86.0
312.64	86.0
319.96	86.0
340.76	86.0
352.88	86.0
360.24	86.0
377.2	86.0
388.72	86.0
406.24	86.0
429.28	86.0
461.04	86.0
989.32	86.0
1002.52	86.0
1020.04	86.0
1024.4	86.0
1051.04	86.0
1057.72	86.0
1065.4	86.0
1075.24	86.0
1084.72	86.0
1092.52	86.0
1104.56	86.0
1139.64	86.0
1150.64	86.0
1174.6	86.0
1223.04	86.0
1231.04	86.0
1241.68	86.0
1245.72	86.0
1259.16	86.0
1312.84	86.0
1335.64	86.0
1346.0	86.0
49.2	86.0
308.64	86.0
323.36	86.0
331.2	86.0
350.08	86.0
391.6	86.0
1037.28	86.0
1098.6	86.0
1109.96	86.0
1115.48	86.0
1130.16	86.0
1178.0	86.0
1181.56	86.0
1225.88	86.0
1288.08	86.0
308.32	87.0
546.08	87.0
1243.6	87.0
1274.48	87.0
5.0	87.0
56.2	87.0
317.56	87.0
326.64	87.0
331.0	87.0
337.64	87.0
344.08	87.0
353.44	87.0
374.8	87.0
383.24	87.0
424.0	87.0
497.16	87.0
992.36	87.0
1005.0	87.0
1011.96	87.0
1156.36	87.0
1172.12	87.0
1198.08	87.0
1223.76	87.0
1229.24	87.0
1249.16	87.0
1277.56	87.0
1296.76	87.0
1315.64	87.0
1321.48	87.0
1344.36	87.0
1358.6	87.0
90.72	88.0
431.88	88.0
955.64	88.0
33.88	88.0
311.56	88.0
328.68	88.0
333.16	88.0
354.88	88.0
373.6	88.0
544.56	88.0
589.08	88.0
893.24	88.0
993.68	88.0
1080.04	88.0
1082.68	88.0
1163.08	88.0
1196.84	88.0
1226.08	88.0
1242.6	88.0
1268.12	88.0
1297.28	88.0
1323.04	88.0
1349.24	88.0
52.4	89.0
322.2	89.0
1052.52	89.0
1347.84	89.0
1034.92	90.0
86.44	90.0
138.8	90.0
148.6	90.0
314.28	90.0
368.88	90.0
426.24	90.0
435.52	90.0
982.28	90.0
1003.32	90.0
1025.64	90.0
1052.24	90.0
1142.36	90.0
1192.88	90.0
1202.2	90.0
1291.2	90.0
1311.72	90.0
1347.52	90.0
340.16	91.0
315.96	92.0
306.16	92.0
319.8	92.0
345.64	92.0
359.48	92.0
373.52	92.0
394.0	92.0
909.52	92.0
950.16	92.0
973.04	92.0
1004.52	92.0
1016.12	92.0
1034.72	92.0
1197.76	92.0
371.68	93.0
586.76	93.0
998.16	93.0
302.64	94.0
328.12	94.0
1135.96	94.0
1342.52	94.0
318.32	94.0
360.6	94.0
385.24	94.0
54.92	95.0
310.04	95.0
522.68	95.0
1178.8	95.0
1277.28	95.0
32.88	96.0
567.32	96.0
968.36	96.0
1022.72	96.0
1066.52	96.0
1290.6	96.0
1339.4	96.0
1343.28	96.0
1091.56	97.0
32.6	97.0
302.44	97.0
324.52	97.0
343.92	97.0
400.48	97.0
1140.92	97.0
302.44	98.0
32.16	98.0
103.44	98.0
389.68	98.0
411.96	98.0
968.36	98.0
1114.36	98.0
1225.2	98.0
1276.48	98.0
142.92	99.0
302.56	99.0
310.04	99.0
316.0	99.0
323.16	99.0
333.04	99.0
344.4	99.0
376.16	99.0
592.36	99.0
954.6	99.0
985.6	99.0
1037.2	99.0
1066.92	99.0
322.16	100.0
539.92	100.0
669.32	100.0
1034.88	100.0
1245.76	100.0
314.28	102.0
308.96	102.0
311.72	102.0
307.76	103.0
1037.52	103.0
325.12	104.0
43.4	104.0
302.92	104.0
308.92	104.0
314.12	104.0
320.08	104.0
336.12	104.0
350.0	104.0
378.92	104.0
394.52	104.0
429.96	104.0
983.8	104.0
992.92	104.0
1038.08	104.0
1070.76	104.0
1113.8	104.0
1153.52	104.0
1200.44	104.0
1233.16	104.0
1261.96	104.0
1294.8	104.0
1343.68	104.0
224.56	106.0
1270.08	106.0
82.56	107.0
302.44	107.0
320.6	107.0
385.92	107.0
412.6	107.0
659.92	107.0
704.92	107.0
884.8	107.0
966.64	107.0
990.48	107.0
1019.72	107.0
1071.44	107.0
1085.48	107.0
1154.92	107.0
1159.84	107.0
1178.2	107.0
1222.76	107.0
1230.16	107.0
325.4	108.0
1240.56	108.0
310.84	108.0
321.44	108.0
331.64	108.0
343.68	108.0
360.6	108.0
400.88	108.0
432.24	108.0
497.12	108.0
983.88	108.0
1020.96	108.0
1036.64	108.0
1069.08	108.0
1133.48	108.0
1272.96	108.0
368.6	109.0
53.04	109.0
322.0	109.0
310.48	110.0
374.6	110.0
314.24	111.0
999.08	111.0
3.84	111.0
51.68	111.0
137.16	111.0
199.8	111.0
273.44	111.0
306.24	111.0
320.68	111.0
333.8	111.0
343.84	111.0
366.92	111.0
374.48	111.0
387.48	111.0
431.92	111.0
474.84	111.0
503.88	111.0
953.04	111.0
983.0	111.0
1031.44	111.0
1039.44	111.0
1046.6	111.0
1110.16	111.0
1121.04	111.0
1145.6	111.0
1166.44	111.0
1180.52	111.0
1191.68	111.0
1204.76	111.0
1231.96	111.0
1242.64	111.0
1273.88	111.0
1317.08	111.0
1319.68	111.0
1353.04	111.0
1357.32	111.0
37.68	112.0
69.84	112.0
324.04	112.0
383.2	112.0
1181.2	112.0
1187.88	112.0
1248.76	112.0
1257.36	112.0
1311.64	112.0
319.96	114.0
346.36	114.0
173.36	115.0
403.44	115.0
1008.76	115.0
310.48	116.0
1002.04	116.0
1036.32	116.0
1110.12	116.0
1340.48	116.0
6.88	116.0
52.76	116.0
246.28	116.0
314.12	116.0
320.76	116.0
340.92	116.0
349.52	116.0
359.84	116.0
395.16	116.0
742.12	116.0
966.12	116.0
1055.2	116.0
1074.12	116.0
1116.72	116.0
1230.16	116.0
1277.44	116.0
51.28	117.0
321.04	117.0
1141.8	117.0
1233.68	117.0
49.08	118.0
302.6	118.0
321.24	118.0
72.44	118.0
135.4	118.0
308.64	118.0
311.88	118.0
316.84	118.0
326.64	118.0
335.84	118.0
379.72	118.0
432.44	118.0
1001.04	118.0
1037.52	118.0
1072.76	118.0
1091.4	118.0
1116.0	118.0
1189.76	118.0
1229.92	118.0
1288.48	118.0
51.36	119.0
281.96	119.0
307.2	119.0
362.4	119.0
678.28	119.0
1066.56	119.0
395.28	120.0
8.96	120.0
37.2	120.0
53.6	120.0
85.44	120.0
323.56	120.0
341.48	120.0
349.28	120.0
411.96	120.0
1109.4	120.0
1149.8	120.0
1180.68	120.0
1248.24	120.0
1270.48	120.0
