335.48	84.0
312.08	84.0
324.16	84.0
701.56	84.0
388.4	85.0
325.12	85.0
336.12	85.0
345.44	85.0
356.16	85.0
376.52	85.0
384.2	85.0
405.8	85.0
414.68	85.0
497.96	85.0
557.48	85.0
644.76	85.0
680.52	85.0
696.6	85.0
725.6	85.0
767.16	85.0
816.0	85.0
919.76	85.0
1209.2	85.0
1245.68	85.0
329.24	86.0
335.12	86.0
340.88	86.0
349.64	86.0
390.04	86.0
402.92	86.0
429.92	86.0
442.08	86.0
448.96	86.0
465.32	86.0
530.72	86.0
548.52	86.0
560.04	86.0
583.68	86.0
678.6	86.0
691.56	86.0
699.96	86.0
719.64	86.0
736.76	86.0
750.0	86.0
761.0	86.0
766.36	86.0
780.12	86.0
786.68	86.0
799.08	86.0
804.28	86.0
820.88	86.0
869.68	86.0
898.16	86.0
913.44	86.0
940.68	86.0
967.52	86.0
998.28	86.0
1023.4	86.0
1098.0	86.0
1128.2	86.0
1148.32	86.0
1175.0	86.0
1198.96	86.0
1266.48	86.0
1278.2	86.0
1320.04	86.0
1333.76	86.0
309.0	86.0
319.04	86.0
324.44	86.0
345.48	86.0
356.32	86.0
365.68	86.0
373.8	86.0
383.4	86.0
411.68	86.0
479.6	86.0
609.72	86.0
625.96	86.0
640.88	86.0
668.36	86.0
1242.92	86.0
306.36	87.0
320.6	87.0
324.52	87.0
334.6	87.0
752.32	87.0
800.4	87.0
311.76	87.0
315.24	87.0
329.84	87.0
337.24	87.0
340.28	87.0
350.92	87.0
358.92	87.0
362.72	87.0
367.8	87.0
372.36	87.0
377.84	87.0
383.52	87.0
395.96	87.0
404.44	87.0
412.36	87.0
416.92	87.0
570.72	87.0
593.68	87.0
614.52	87.0
634.28	87.0
661.68	87.0
709.28	87.0
774.44	87.0
926.36	87.0
352.48	88.0
399.48	88.0
1352.32	88.0
310.44	88.0
329.64	88.0
369.6	88.0
396.96	88.0
415.04	88.0
446.12	88.0
471.76	88.0
511.6	88.0
534.0	88.0
579.76	88.0
625.2	88.0
654.92	88.0
661.12	88.0
693.92	88.0
703.0	88.0
746.12	88.0
770.24	88.0
779.48	88.0
783.36	88.0
816.48	88.0
839.28	88.0
865.04	88.0
885.44	88.0
918.4	88.0
922.2	88.0
944.04	88.0
1008.96	88.0
1213.56	88.0
1276.04	88.0
329.2	89.0
314.0	89.0
390.24	89.0
485.84	89.0
558.96	89.0
652.6	89.0
676.64	89.0
698.84	89.0
1077.44	89.0
1285.76	89.0
1355.8	89.0
326.24	90.0
309.2	90.0
321.24	90.0
329.12	90.0
332.96	90.0
341.76	90.0
364.92	90.0
379.4	90.0
389.96	90.0
475.44	90.0
620.28	90.0
652.28	90.0
698.56	90.0
729.0	90.0
768.96	90.0
871.48	90.0
920.88	90.0
1342.36	90.0
332.6	91.0
309.88	91.0
312.88	91.0
378.76	91.0
485.88	91.0
660.96	91.0
942.4	91.0
313.88	92.0
324.24	92.0
334.16	92.0
355.12	92.0
361.0	92.0
399.8	92.0
326.8	92.0
345.8	92.0
351.0	92.0
365.16	92.0
369.44	92.0
378.56	92.0
383.96	92.0
614.44	92.0
735.28	92.0
901.8	92.0
309.92	93.0
324.88	93.0
354.2	93.0
371.56	93.0
382.24	93.0
702.04	93.0
771.56	93.0
799.76	93.0
851.44	93.0
902.48	93.0
960.4	93.0
1121.16	93.0
1182.0	93.0
1214.12	93.0
1266.16	93.0
1321.04	93.0
302.72	94.0
335.08	94.0
453.88	94.0
321.24	94.0
329.6	94.0
346.4	94.0
349.84	94.0
365.84	94.0
393.68	94.0
397.6	94.0
450.88	94.0
520.92	94.0
586.84	94.0
622.76	94.0
735.64	94.0
767.4	94.0
796.48	94.0
801.4	94.0
831.84	94.0
1173.88	94.0
302.92	95.0
320.6	95.0
323.4	95.0
327.36	95.0
333.76	95.0
625.32	95.0
669.6	95.0
753.24	95.0
927.48	95.0
1074.68	95.0
1257.56	95.0
307.24	96.0
337.08	96.0
348.16	96.0
701.92	96.0
779.6	96.0
793.76	96.0
543.8	97.0
607.08	97.0
721.08	97.0
742.24	97.0
764.52	97.0
810.64	97.0
905.4	97.0
989.4	97.0
302.44	97.0
323.84	97.0
656.96	97.0
880.8	97.0
939.52	97.0
302.48	98.0
322.4	98.0
482.64	98.0
871.52	98.0
1210.08	98.0
309.2	99.0
313.12	99.0
317.52	99.0
323.84	99.0
328.68	99.0
334.36	99.0
340.0	99.0
349.28	99.0
354.92	99.0
678.4	99.0
725.72	99.0
781.56	99.0
796.28	99.0
830.04	99.0
316.92	100.0
417.68	100.0
718.32	100.0
1107.16	100.0
1217.28	100.0
320.48	101.0
314.84	101.0
326.12	101.0
330.56	101.0
351.76	101.0
315.08	102.0
309.0	102.0
311.84	102.0
324.36	102.0
341.0	102.0
361.12	102.0
326.36	103.0
326.08	104.0
337.2	104.0
379.0	104.0
302.8	104.0
308.44	104.0
313.68	104.0
318.12	104.0
323.24	104.0
333.96	104.0
344.44	104.0
349.64	104.0
354.96	104.0
363.36	104.0
372.68	104.0
385.96	104.0
395.6	104.0
414.12	104.0
452.8	104.0
465.52	104.0
485.88	104.0
509.0	104.0
528.96	104.0
620.12	104.0
698.52	104.0
738.92	104.0
777.28	104.0
796.12	104.0
829.52	104.0
890.24	104.0
916.84	104.0
937.32	104.0
1055.6	104.0
1070.04	104.0
1095.8	104.0
1126.96	104.0
1174.96	104.0
1282.4	104.0
1315.0	104.0
302.48	106.0
327.04	106.0
329.68	106.0
779.68	106.0
810.4	106.0
823.2	106.0
309.28	107.0
320.12	107.0
335.44	107.0
339.16	107.0
343.36	107.0
359.0	107.0
363.4	107.0
387.76	107.0
394.4	107.0
402.8	107.0
496.8	107.0
550.92	107.0
625.04	107.0
646.76	107.0
672.84	107.0
715.32	107.0
781.16	107.0
788.32	107.0
800.4	107.0
804.88	107.0
974.44	107.0
1015.36	107.0
1071.12	107.0
1270.64	107.0
329.08	108.0
340.76	108.0
350.56	108.0
356.56	108.0
380.36	108.0
399.24	108.0
426.68	108.0
852.4	108.0
328.96	109.0
332.8	109.0
351.88	109.0
365.12	109.0
666.32	109.0
310.48	110.0
351.12	110.0
366.6	110.0
472.56	110.0
780.16	110.0
317.48	111.0
346.88	111.0
367.28	111.0
395.8	111.0
308.96	111.0
314.32	111.0
325.6	111.0
328.84	111.0
333.08	111.0
340.52	111.0
358.04	111.0
371.56	111.0
384.44	111.0
392.8	111.0
400.2	111.0
416.8	111.0
440.24	111.0
448.28	111.0
485.8	111.0
515.52	111.0
533.72	111.0
552.0	111.0
562.6	111.0
588.32	111.0
623.24	111.0
664.8	111.0
701.68	111.0
722.72	111.0
731.36	111.0
745.32	111.0
768.72	111.0
798.12	111.0
810.64	111.0
854.96	111.0
925.84	111.0
933.56	111.0
964.12	111.0
1040.32	111.0
1098.72	111.0
1102.2	111.0
1139.4	111.0
1152.8	111.0
1215.68	111.0
1250.0	111.0
1308.88	111.0
1336.32	111.0
343.88	112.0
354.12	112.0
759.32	112.0
786.48	112.0
800.28	112.0
913.12	112.0
1332.24	112.0
302.48	113.0
309.64	113.0
319.44	113.0
330.72	113.0
335.2	113.0
353.8	113.0
367.0	113.0
379.6	113.0
385.24	113.0
397.96	113.0
415.36	113.0
442.4	113.0
316.48	114.0
326.2	114.0
334.76	114.0
338.64	114.0
350.56	114.0
364.36	114.0
377.68	114.0
401.72	114.0
331.6	114.0
345.84	114.0
329.04	115.0
333.28	115.0
385.48	115.0
829.4	115.0
987.48	115.0
1206.4	115.0
1356.16	115.0
315.92	115.0
337.0	115.0
341.52	115.0
354.76	115.0
367.2	115.0
379.24	115.0
393.08	115.0
430.92	115.0
470.88	115.0
502.44	115.0
559.2	115.0
600.24	115.0
653.88	115.0
719.84	115.0
752.08	115.0
859.24	115.0
936.44	115.0
991.48	115.0
1053.64	115.0
1096.8	115.0
1129.52	115.0
1180.64	115.0
1289.76	115.0
310.4	116.0
319.8	116.0
327.8	116.0
371.64	116.0
399.8	116.0
633.44	116.0
1217.28	116.0
1265.4	116.0
322.76	116.0
335.92	116.0
340.2	116.0
343.52	116.0
351.4	116.0
355.4	116.0
361.2	116.0
364.92	116.0
379.08	116.0
384.16	116.0
408.2	116.0
425.28	116.0
440.28	116.0
451.96	116.0
535.32	116.0
557.28	116.0
622.88	116.0
680.68	116.0
718.36	116.0
775.48	116.0
860.32	116.0
1008.8	116.0
1234.24	116.0
1335.72	116.0
375.88	117.0
378.88	117.0
398.36	117.0
414.68	117.0
459.92	117.0
308.2	117.0
351.56	117.0
389.52	117.0
393.04	117.0
440.48	117.0
448.04	117.0
477.88	117.0
302.68	118.0
313.52	118.0
316.52	118.0
310.64	118.0
322.44	118.0
325.24	118.0
337.56	118.0
347.8	118.0
354.04	118.0
359.32	118.0
365.44	118.0
697.76	118.0
1330.4	118.0
365.6	119.0
401.8	119.0
479.36	119.0
698.12	119.0
1051.24	119.0
1176.08	119.0
1267.32	119.0
302.68	120.0
309.16	120.0
323.44	120.0
331.32	120.0
337.8	120.0
343.44	120.0
353.64	120.0
363.76	120.0
384.12	120.0
431.76	120.0
667.64	120.0
835.84	120.0
877.16	120.0
907.32	120.0
1052.68	120.0
1292.96	120.0
