219.08	84.0
302.64	84.0
98.16	85.0
224.2	85.0
394.72	85.0
414.68	85.0
454.52	85.0
991.68	85.0
1129.12	85.0
1135.52	85.0
1152.4	85.0
3.72	86.0
31.2	86.0
48.24	86.0
80.28	86.0
86.88	86.0
94.52	86.0
125.76	86.0
146.76	86.0
215.92	86.0
232.28	86.0
257.24	86.0
265.56	86.0
293.56	86.0
308.48	86.0
313.68	86.0
328.04	86.0
334.88	86.0
346.6	86.0
413.96	86.0
434.8	86.0
461.84	86.0
927.48	86.0
976.92	86.0
999.76	86.0
1020.32	86.0
1069.2	86.0
1124.28	86.0
1178.04	86.0
1196.52	86.0
1203.4	86.0
1217.52	86.0
1259.12	86.0
1290.48	86.0
237.48	86.0
246.12	86.0
278.2	86.0
299.68	86.0
316.92	86.0
337.76	86.0
366.32	86.0
389.96	86.0
410.4	86.0
448.44	86.0
871.28	86.0
883.04	86.0
899.08	86.0
920.48	86.0
951.68	86.0
968.72	86.0
1042.44	86.0
1057.4	86.0
1100.92	86.0
1130.12	86.0
1146.16	86.0
1200.04	86.0
234.04	87.0
879.92	87.0
1200.64	87.0
62.2	87.0
83.84	87.0
94.96	87.0
179.12	87.0
313.32	87.0
320.32	87.0
325.88	87.0
345.68	87.0
884.88	87.0
889.72	87.0
943.56	87.0
980.12	87.0
1006.28	87.0
1054.52	87.0
1092.08	87.0
1166.0	87.0
266.04	88.0
335.64	88.0
997.4	88.0
1195.84	88.0
1229.68	88.0
1267.64	88.0
6.84	88.0
145.36	88.0
177.04	88.0
249.52	88.0
314.76	88.0
379.36	88.0
901.64	88.0
1204.16	88.0
1306.2	88.0
312.44	89.0
925.32	89.0
88.04	89.0
116.24	89.0
138.0	89.0
153.08	89.0
202.76	89.0
255.44	89.0
266.6	89.0
281.8	89.0
318.52	89.0
347.2	89.0
355.16	89.0
401.2	89.0
869.48	89.0
1223.84	89.0
1288.44	89.0
152.72	90.0
202.48	90.0
255.16	90.0
281.48	90.0
302.44	90.0
312.32	90.0
318.12	90.0
346.88	90.0
371.24	90.0
400.88	90.0
469.76	90.0
830.88	90.0
923.96	90.0
947.92	90.0
956.64	90.0
979.68	90.0
1004.28	90.0
1256.56	90.0
1288.16	90.0
4.56	91.0
303.0	91.0
60.72	92.0
84.28	92.0
150.92	92.0
382.52	92.0
925.32	92.0
1021.16	92.0
22.72	92.0
39.4	92.0
45.16	92.0
63.48	92.0
111.92	92.0
121.64	92.0
138.36	92.0
181.28	92.0
189.6	92.0
214.96	92.0
218.96	92.0
224.4	92.0
239.72	92.0
261.28	92.0
271.88	92.0
290.24	92.0
306.96	92.0
310.76	92.0
324.0	92.0
330.68	92.0
344.16	92.0
360.28	92.0
385.2	92.0
403.96	92.0
836.56	92.0
859.36	92.0
867.28	92.0
873.68	92.0
887.08	92.0
892.72	92.0
898.32	92.0
980.16	92.0
998.08	92.0
1074.04	92.0
1122.76	92.0
1298.36	92.0
400.4	93.0
302.52	93.0
216.28	94.0
382.24	94.0
1091.2	94.0
114.76	94.0
189.28	94.0
260.32	94.0
925.16	94.0
3.04	95.0
87.04	95.0
954.6	95.0
1044.8	95.0
1239.88	95.0
184.2	96.0
1150.68	97.0
68.0	97.0
217.2	97.0
222.4	97.0
1258.2	97.0
503.52	98.0
179.16	98.0
901.88	98.0
1023.24	98.0
45.08	99.0
148.64	99.0
234.72	99.0
287.4	99.0
302.48	99.0
309.28	99.0
317.32	99.0
329.44	99.0
880.32	99.0
901.08	99.0
931.84	99.0
958.92	99.0
998.8	99.0
1034.6	99.0
37.96	100.0
88.12	100.0
141.4	100.0
596.16	100.0
309.0	102.0
312.28	102.0
302.8	103.0
22.76	104.0
64.88	104.0
74.08	104.0
117.88	104.0
185.92	104.0
228.04	104.0
302.44	104.0
306.08	104.0
309.64	104.0
316.96	104.0
344.08	104.0
365.68	104.0
404.36	104.0
868.92	104.0
889.64	104.0
898.96	104.0
939.44	104.0
964.36	104.0
1011.88	104.0
1041.96	104.0
173.92	106.0
302.48	106.0
43.96	107.0
147.44	107.0
316.32	107.0
440.92	107.0
895.88	107.0
904.28	107.0
1046.08	107.0
1195.64	107.0
1220.76	107.0
41.48	108.0
155.4	108.0
402.88	108.0
426.68	108.0
497.4	108.0
869.56	108.0
883.84	108.0
898.36	108.0
985.52	108.0
1002.24	108.0
1025.16	108.0
1122.6	108.0
1194.2	108.0
202.24	109.0
219.84	109.0
311.92	109.0
317.92	109.0
988.52	109.0
310.48	110.0
436.88	110.0
962.88	110.0
76.4	111.0
171.4	111.0
276.8	111.0
319.16	111.0
851.96	111.0
905.88	111.0
940.8	111.0
970.44	111.0
1271.32	111.0
8.48	111.0
33.28	111.0
95.56	111.0
112.44	111.0
152.92	111.0
158.28	111.0
168.36	111.0
193.88	111.0
227.8	111.0
257.8	111.0
267.8	111.0
293.72	111.0
312.16	111.0
350.12	111.0
360.24	111.0
388.56	111.0
448.52	111.0
509.48	111.0
861.12	111.0
868.32	111.0
897.68	111.0
928.08	111.0
962.8	111.0
987.04	111.0
990.52	111.0
1024.16	111.0
1078.72	111.0
1112.36	111.0
1167.96	111.0
1205.04	111.0
1283.48	111.0
87.0	112.0
221.52	112.0
863.2	112.0
895.4	112.0
925.76	112.0
949.04	112.0
1224.2	112.0
302.56	113.0
368.84	114.0
252.32	115.0
289.32	115.0
371.76	115.0
922.44	115.0
1119.72	115.0
41.72	115.0
63.84	115.0
91.0	115.0
124.0	115.0
153.16	115.0
174.44	115.0
229.28	115.0
256.72	115.0
318.68	115.0
398.64	115.0
861.48	115.0
868.4	115.0
909.36	115.0
928.92	115.0
1073.12	115.0
310.44	116.0
441.84	116.0
1203.44	116.0
40.76	116.0
79.68	116.0
113.0	116.0
146.76	116.0
184.8	116.0
208.36	116.0
230.12	116.0
324.84	116.0
334.52	116.0
344.8	116.0
370.84	116.0
857.64	116.0
868.52	116.0
888.76	116.0
922.96	116.0
972.44	116.0
1004.28	116.0
1008.2	116.0
1044.68	116.0
1059.64	116.0
1099.44	116.0
171.52	117.0
318.68	117.0
411.0	117.0
454.04	117.0
851.96	117.0
889.16	117.0
905.96	117.0
956.08	117.0
970.48	117.0
1226.52	117.0
302.64	118.0
861.04	118.0
113.08	118.0
142.32	118.0
170.16	118.0
197.52	118.0
215.4	118.0
281.2	118.0
311.76	118.0
780.2	118.0
805.92	118.0
827.12	118.0
948.16	118.0
1040.4	118.0
286.16	119.0
341.52	119.0
370.96	119.0
612.64	119.0
712.16	119.0
923.04	119.0
1015.64	119.0
1157.88	119.0
286.68	120.0
302.76	120.0
944.4	120.0
78.68	120.0
174.6	120.0
254.76	120.0
269.36	120.0
309.44	120.0
326.32	120.0
358.84	120.0
820.24	120.0
865.72	120.0
900.96	120.0
925.24	120.0
988.24	120.0
1070.28	120.0
1279.56	120.0
