319.04	84.0
306.56	84.0
1034.76	84.0
1176.96	85.0
29.76	86.0
52.68	86.0
77.56	86.0
98.04	86.0
122.28	86.0
156.68	86.0
179.8	86.0
188.08	86.0
201.88	86.0
215.4	86.0
224.88	86.0
235.76	86.0
260.0	86.0
280.6	86.0
337.8	86.0
340.36	86.0
372.56	86.0
389.56	86.0
411.52	86.0
430.56	86.0
450.24	86.0
534.52	86.0
828.52	86.0
853.56	86.0
888.68	86.0
903.28	86.0
933.84	86.0
950.28	86.0
1004.4	86.0
1027.36	86.0
1044.6	86.0
1082.24	86.0
1123.4	86.0
1139.8	86.0
1189.36	86.0
1213.64	86.0
1248.44	86.0
1267.8	86.0
1288.6	86.0
1306.2	86.0
1355.68	86.0
148.32	86.0
175.32	86.0
308.4	86.0
312.4	86.0
317.88	86.0
321.0	86.0
328.24	86.0
333.36	86.0
347.56	86.0
352.84	86.0
365.2	86.0
395.76	86.0
876.32	86.0
153.72	87.0
307.8	87.0
983.64	87.0
1024.96	87.0
31.48	87.0
94.92	87.0
311.52	87.0
314.92	87.0
322.48	87.0
325.44	87.0
329.76	87.0
335.12	87.0
343.44	87.0
355.36	87.0
368.4	87.0
412.2	87.0
1022.44	87.0
1067.04	87.0
1123.2	87.0
335.24	88.0
393.2	88.0
21.88	88.0
147.32	88.0
307.28	88.0
319.64	88.0
323.76	88.0
328.08	88.0
345.56	88.0
364.24	88.0
417.84	88.0
1082.84	88.0
1117.56	88.0
1165.6	88.0
1183.0	88.0
1253.96	88.0
1290.12	88.0
1325.12	88.0
65.68	89.0
137.4	89.0
320.28	89.0
364.88	89.0
395.44	89.0
1283.72	89.0
1332.36	89.0
156.72	90.0
163.28	90.0
216.08	90.0
265.96	90.0
302.48	90.0
307.08	90.0
310.28	90.0
314.32	90.0
329.76	90.0
334.36	90.0
346.76	90.0
352.56	90.0
364.52	90.0
395.12	90.0
887.12	90.0
1294.44	90.0
1332.08	90.0
319.92	91.0
116.92	91.0
44.52	92.0
102.0	92.0
135.04	92.0
153.6	92.0
212.24	92.0
314.36	92.0
343.92	92.0
375.92	92.0
410.76	92.0
457.4	92.0
543.48	92.0
887.84	92.0
1011.16	92.0
1078.6	92.0
1151.6	92.0
1204.08	92.0
1235.16	92.0
1304.0	92.0
48.52	92.0
87.24	92.0
104.72	92.0
118.32	92.0
121.36	92.0
131.32	92.0
157.2	92.0
167.52	92.0
188.32	92.0
232.44	92.0
238.2	92.0
280.48	92.0
306.2	92.0
329.32	92.0
337.36	92.0
368.84	92.0
414.72	92.0
827.96	92.0
838.4	92.0
895.04	92.0
1112.04	92.0
1143.84	92.0
1196.08	92.0
1339.76	92.0
65.24	93.0
134.96	93.0
198.64	93.0
344.68	93.0
879.56	93.0
302.6	94.0
308.48	94.0
344.64	94.0
55.32	94.0
312.96	94.0
320.76	94.0
324.24	94.0
348.52	94.0
375.48	94.0
436.64	94.0
1007.12	94.0
63.56	95.0
269.24	95.0
302.44	95.0
428.2	95.0
998.72	95.0
1224.0	95.0
1329.2	95.0
103.44	97.0
320.44	97.0
321.84	98.0
1032.68	98.0
1079.56	98.0
1219.84	98.0
306.64	98.0
220.56	99.0
65.16	99.0
104.28	99.0
136.8	99.0
236.36	99.0
302.48	99.0
306.56	99.0
311.92	99.0
318.16	99.0
326.04	99.0
337.64	99.0
347.64	99.0
89.12	100.0
119.36	100.0
322.92	100.0
571.32	100.0
1306.08	102.0
308.96	102.0
311.84	102.0
348.96	102.0
887.92	102.0
310.68	103.0
134.64	104.0
154.12	104.0
261.68	104.0
302.56	104.0
307.52	104.0
312.76	104.0
317.76	104.0
324.44	104.0
336.08	104.0
345.48	104.0
354.76	104.0
907.56	104.0
955.36	104.0
1123.24	104.0
1171.12	104.0
1297.24	104.0
341.24	106.0
353.2	106.0
553.88	106.0
316.32	107.0
319.32	107.0
63.76	107.0
106.36	107.0
160.12	107.0
202.0	107.0
302.48	107.0
909.44	107.0
936.28	107.0
1115.6	107.0
95.28	108.0
312.88	108.0
325.48	108.0
407.72	108.0
65.12	109.0
367.24	109.0
496.92	109.0
886.92	109.0
1152.44	109.0
1331.88	109.0
314.48	109.0
310.48	110.0
334.52	110.0
388.56	110.0
216.4	110.0
252.84	110.0
313.36	110.0
381.24	110.0
528.48	110.0
1270.88	110.0
90.08	111.0
303.0	111.0
310.76	111.0
325.52	111.0
55.88	111.0
65.28	111.0
102.68	111.0
114.08	111.0
156.6	111.0
195.6	111.0
214.24	111.0
257.16	111.0
313.32	111.0
318.28	111.0
331.76	111.0
334.68	111.0
346.16	111.0
379.28	111.0
388.72	111.0
416.16	111.0
466.16	111.0
507.68	111.0
948.16	111.0
1084.64	111.0
1101.16	111.0
1159.44	111.0
1178.56	111.0
1210.72	111.0
1326.56	111.0
1337.28	111.0
313.4	112.0
868.48	112.0
306.48	113.0
306.92	114.0
311.2	114.0
326.28	114.0
214.04	114.0
314.84	114.0
861.12	115.0
4.4	115.0
43.88	115.0
72.44	115.0
110.92	115.0
143.44	115.0
166.4	115.0
216.68	115.0
290.92	115.0
321.96	115.0
370.6	115.0
393.36	115.0
418.36	115.0
442.92	115.0
471.72	115.0
528.76	115.0
600.28	115.0
975.6	115.0
1006.16	115.0
1040.72	115.0
1080.8	115.0
1119.4	115.0
1200.32	115.0
1271.16	115.0
1302.28	115.0
1334.0	115.0
310.44	116.0
49.92	116.0
91.6	116.0
122.68	116.0
141.96	116.0
314.16	116.0
319.24	116.0
325.36	116.0
330.44	116.0
338.08	116.0
375.28	116.0
379.92	116.0
417.12	116.0
431.2	116.0
535.28	116.0
909.72	116.0
994.64	116.0
1107.0	116.0
1176.68	116.0
1255.32	116.0
1257.84	116.0
1316.0	116.0
1326.68	116.0
202.72	117.0
341.16	117.0
50.44	117.0
310.6	117.0
338.32	117.0
302.52	118.0
139.56	118.0
189.76	118.0
311.36	118.0
319.56	118.0
324.64	118.0
333.16	118.0
340.24	118.0
348.24	118.0
352.6	118.0
364.76	118.0
402.48	118.0
524.4	118.0
823.44	118.0
1355.76	118.0
333.12	119.0
320.48	119.0
1179.96	119.0
1288.12	119.0
50.76	120.0
75.4	120.0
192.96	120.0
319.92	120.0
365.96	120.0
810.12	120.0
887.72	120.0
1090.72	120.0
1128.92	120.0
1292.6	120.0
