345.12	84.0
302.68	84.0
320.96	84.0
229.16	85.0
353.16	85.0
386.08	85.0
765.64	85.0
1137.24	85.0
1351.12	85.0
30.24	86.0
50.24	86.0
97.24	86.0
106.72	86.0
120.6	86.0
191.72	86.0
224.8	86.0
249.96	86.0
286.04	86.0
308.36	86.0
312.96	86.0
326.04	86.0
355.56	86.0
381.84	86.0
501.04	86.0
571.52	86.0
660.4	86.0
691.04	86.0
699.24	86.0
720.36	86.0
743.76	86.0
751.6	86.0
791.56	86.0
807.92	86.0
898.08	86.0
908.08	86.0
928.48	86.0
954.04	86.0
968.24	86.0
975.08	86.0
996.12	86.0
1045.32	86.0
1060.4	86.0
1084.28	86.0
1099.4	86.0
1136.84	86.0
1164.04	86.0
1180.04	86.0
1216.8	86.0
1250.16	86.0
1289.08	86.0
1311.88	86.0
1331.6	86.0
1356.24	86.0
1390.08	86.0
79.72	86.0
114.68	86.0
159.4	86.0
167.36	86.0
318.2	86.0
337.72	86.0
359.4	86.0
385.0	86.0
414.4	86.0
417.96	86.0
676.52	86.0
725.64	86.0
736.12	86.0
1035.92	86.0
1148.08	86.0
117.32	87.0
626.52	87.0
1393.8	87.0
25.52	87.0
45.8	87.0
121.32	87.0
143.84	87.0
165.08	87.0
285.88	87.0
309.64	87.0
313.8	87.0
318.52	87.0
324.56	87.0
364.56	87.0
538.4	87.0
603.8	87.0
641.96	87.0
675.84	87.0
683.92	87.0
697.04	87.0
738.92	87.0
834.12	87.0
866.28	87.0
1028.16	87.0
1040.52	87.0
1111.8	87.0
1127.24	87.0
1180.52	87.0
1240.04	87.0
1270.96	87.0
1303.6	87.0
1330.28	87.0
1359.44	87.0
2.52	88.0
195.16	88.0
348.08	88.0
590.92	88.0
710.92	88.0
1021.96	88.0
1161.56	88.0
57.44	88.0
92.0	88.0
251.64	88.0
311.68	88.0
320.36	88.0
338.04	88.0
433.32	88.0
472.76	88.0
654.52	88.0
715.68	88.0
742.16	88.0
882.72	88.0
990.2	88.0
1372.68	88.0
170.72	89.0
327.64	89.0
621.44	89.0
740.88	89.0
1025.68	89.0
1050.8	89.0
1209.28	89.0
93.6	90.0
127.84	90.0
216.64	90.0
287.52	90.0
309.32	90.0
314.0	90.0
327.28	90.0
343.4	90.0
475.28	90.0
621.96	90.0
650.44	90.0
741.28	90.0
764.48	90.0
799.68	90.0
874.44	90.0
1016.88	90.0
1125.0	90.0
1372.68	90.0
302.64	91.0
715.72	91.0
316.52	92.0
355.52	92.0
393.24	92.0
650.68	92.0
688.96	92.0
734.92	92.0
999.24	92.0
10.56	92.0
59.36	92.0
118.36	92.0
151.4	92.0
156.76	92.0
269.48	92.0
306.52	92.0
310.76	92.0
330.0	92.0
335.32	92.0
359.24	92.0
617.04	92.0
622.16	92.0
670.28	92.0
739.48	92.0
783.76	92.0
951.48	92.0
977.32	92.0
1008.56	92.0
1168.24	92.0
1212.28	92.0
1334.52	92.0
264.96	93.0
315.2	93.0
472.72	93.0
950.28	93.0
1089.56	93.0
93.12	94.0
302.64	94.0
473.44	94.0
226.24	94.0
312.12	94.0
332.72	94.0
60.28	95.0
264.84	95.0
312.4	95.0
663.4	95.0
974.04	95.0
1124.6	95.0
1192.2	95.0
1300.08	95.0
302.68	96.0
322.44	97.0
326.32	97.0
726.24	97.0
1166.4	97.0
302.44	98.0
313.52	98.0
318.6	98.0
313.88	99.0
272.08	99.0
302.48	99.0
307.84	99.0
311.12	99.0
319.28	99.0
329.6	99.0
337.88	99.0
669.36	99.0
740.52	99.0
1050.12	99.0
1224.6	99.0
91.8	100.0
228.96	100.0
236.48	100.0
466.8	100.0
571.64	100.0
653.88	100.0
1050.48	100.0
1184.28	100.0
1365.8	100.0
1050.08	102.0
309.0	102.0
311.84	102.0
316.64	102.0
314.2	103.0
302.96	103.0
61.32	104.0
149.28	104.0
272.36	104.0
302.76	104.0
308.84	104.0
314.04	104.0
319.56	104.0
330.16	104.0
361.16	104.0
478.72	104.0
676.4	104.0
690.84	104.0
739.48	104.0
765.88	104.0
1052.0	104.0
1135.36	104.0
1190.88	104.0
1378.76	104.0
651.12	106.0
655.36	106.0
670.08	106.0
12.88	107.0
115.24	107.0
120.56	107.0
142.88	107.0
196.16	107.0
228.2	107.0
258.28	107.0
302.44	107.0
309.76	107.0
328.4	107.0
359.0	107.0
624.0	107.0
664.64	107.0
733.84	107.0
770.64	107.0
868.2	107.0
914.6	107.0
968.92	107.0
1058.72	107.0
1161.76	107.0
1182.52	107.0
1211.2	107.0
1214.64	107.0
1247.24	107.0
154.24	108.0
271.96	108.0
310.48	108.0
368.12	108.0
625.96	108.0
673.48	108.0
1055.76	108.0
1125.8	108.0
1193.28	108.0
1312.24	108.0
1370.0	108.0
593.72	109.0
1135.84	109.0
1247.72	109.0
1372.48	109.0
674.24	109.0
1117.04	109.0
310.56	110.0
30.56	110.0
425.48	110.0
670.92	110.0
704.44	110.0
949.76	110.0
317.16	111.0
743.68	111.0
1133.2	111.0
20.64	111.0
26.72	111.0
92.52	111.0
95.8	111.0
117.96	111.0
132.52	111.0
154.6	111.0
167.16	111.0
215.4	111.0
258.32	111.0
264.08	111.0
308.76	111.0
314.0	111.0
321.16	111.0
332.36	111.0
335.24	111.0
344.28	111.0
353.52	111.0
365.04	111.0
425.4	111.0
438.36	111.0
536.48	111.0
599.08	111.0
621.48	111.0
646.64	111.0
649.32	111.0
657.16	111.0
687.92	111.0
699.72	111.0
734.04	111.0
780.88	111.0
827.6	111.0
834.44	111.0
873.48	111.0
929.12	111.0
953.96	111.0
960.0	111.0
980.96	111.0
1009.16	111.0
1021.96	111.0
1049.56	111.0
1062.28	111.0
1123.16	111.0
1184.44	111.0
1306.84	111.0
1328.44	111.0
1357.28	111.0
1368.64	111.0
1133.44	112.0
150.36	112.0
215.68	112.0
474.88	112.0
541.0	112.0
649.48	112.0
738.44	112.0
763.56	112.0
811.72	112.0
153.84	115.0
599.76	115.0
650.0	115.0
883.08	115.0
950.04	115.0
1062.04	115.0
1096.48	115.0
1192.24	115.0
1387.84	115.0
310.56	116.0
402.88	116.0
977.56	116.0
50.04	116.0
68.04	116.0
96.4	116.0
151.0	116.0
194.56	116.0
243.16	116.0
257.72	116.0
323.12	116.0
328.12	116.0
331.36	116.0
345.56	116.0
365.48	116.0
621.4	116.0
677.36	116.0
713.24	116.0
748.44	116.0
964.36	116.0
1022.84	116.0
1030.92	116.0
1089.44	116.0
1116.24	116.0
1125.04	116.0
1192.0	116.0
1294.32	116.0
322.24	117.0
309.04	117.0
425.68	117.0
681.92	117.0
1166.36	117.0
1192.24	117.0
68.4	118.0
167.16	118.0
302.52	118.0
686.08	118.0
871.48	118.0
1047.56	118.0
1133.36	118.0
1182.48	118.0
26.96	118.0
90.92	118.0
213.76	118.0
310.6	118.0
313.72	118.0
321.24	118.0
331.96	118.0
365.52	118.0
590.72	118.0
647.44	118.0
761.88	118.0
981.12	118.0
1291.72	118.0
1369.96	118.0
955.56	119.0
71.6	120.0
325.36	120.0
656.88	120.0
1042.12	120.0
1114.44	120.0
1187.12	120.0
