389.96	84.0
28.92	84.0
309.08	84.0
325.72	84.0
319.4	85.0
337.12	85.0
361.44	85.0
18.16	86.0
42.76	86.0
57.64	86.0
110.2	86.0
310.84	86.0
332.96	86.0
346.64	86.0
358.08	86.0
375.64	86.0
387.96	86.0
439.84	86.0
255.28	86.0
281.8	86.0
307.08	86.0
315.6	86.0
320.24	86.0
326.44	86.0
339.16	86.0
351.92	86.0
247.2	87.0
259.84	87.0
286.68	87.0
34.92	87.0
131.16	87.0
212.92	87.0
221.08	87.0
230.48	87.0
257.32	87.0
268.56	87.0
293.92	87.0
307.52	87.0
310.92	87.0
314.44	87.0
317.68	87.0
336.32	87.0
342.04	87.0
373.92	87.0
398.28	87.0
315.4	88.0
10.64	88.0
308.36	88.0
318.2	88.0
323.16	88.0
331.48	88.0
352.84	88.0
415.28	89.0
20.88	89.0
32.44	89.0
242.12	89.0
307.96	89.0
324.4	89.0
341.68	89.0
363.32	89.0
462.92	89.0
470.04	89.0
324.68	90.0
32.16	90.0
106.8	90.0
272.48	90.0
286.32	90.0
302.6	90.0
307.68	90.0
311.64	90.0
315.28	90.0
331.88	90.0
341.36	90.0
384.76	90.0
422.08	90.0
313.72	91.0
363.32	91.0
113.72	92.0
273.24	92.0
314.72	92.0
321.76	92.0
325.52	92.0
379.0	92.0
422.84	92.0
51.8	92.0
102.16	92.0
105.04	92.0
117.72	92.0
276.72	92.0
329.84	92.0
335.72	92.0
346.8	92.0
358.08	92.0
395.16	92.0
427.08	92.0
363.12	93.0
113.88	94.0
302.56	94.0
467.28	94.0
278.88	94.0
296.44	94.0
319.56	94.0
362.08	94.0
442.68	94.0
457.0	94.0
302.56	95.0
86.0	95.0
313.64	95.0
108.12	96.0
308.52	96.0
317.28	97.0
407.64	98.0
56.72	99.0
255.84	99.0
302.44	99.0
306.76	99.0
312.08	99.0
317.24	99.0
323.0	99.0
328.84	99.0
335.24	99.0
354.76	99.0
9.92	100.0
309.68	100.0
319.52	100.0
332.48	100.0
444.4	100.0
544.88	100.0
311.16	101.0
309.0	102.0
311.84	102.0
314.88	103.0
26.16	104.0
23.32	104.0
264.32	104.0
302.48	104.0
307.4	104.0
312.76	104.0
317.44	104.0
323.44	104.0
328.8	104.0
337.2	104.0
349.4	104.0
391.28	104.0
416.52	104.0
461.64	104.0
306.28	106.0
355.68	106.0
306.4	107.0
444.64	107.0
30.0	107.0
108.76	107.0
217.48	107.0
226.72	107.0
252.0	107.0
257.12	107.0
260.08	107.0
269.08	107.0
272.64	107.0
284.04	107.0
299.16	107.0
309.4	107.0
316.56	107.0
320.36	107.0
323.04	107.0
349.32	107.0
408.24	107.0
312.0	108.0
296.28	108.0
319.32	108.0
333.28	108.0
356.52	108.0
388.32	108.0
461.32	108.0
241.6	109.0
319.48	109.0
351.28	109.0
407.52	109.0
310.52	110.0
366.2	110.0
318.04	110.0
444.88	110.0
302.68	111.0
316.56	111.0
250.6	111.0
310.2	111.0
322.08	111.0
326.6	111.0
329.12	111.0
333.24	111.0
348.2	111.0
359.48	111.0
366.4	111.0
409.92	111.0
424.96	111.0
108.72	112.0
309.88	112.0
313.0	112.0
321.8	112.0
363.32	112.0
309.08	113.0
306.84	114.0
319.92	114.0
327.84	114.0
336.68	115.0
1307.24	115.0
1419.84	115.0
66.64	115.0
125.92	115.0
259.88	115.0
310.88	115.0
318.36	115.0
409.88	115.0
421.28	115.0
490.16	115.0
310.48	116.0
313.76	116.0
318.44	116.0
407.4	116.0
16.76	116.0
54.2	116.0
239.68	116.0
250.28	116.0
289.36	116.0
323.12	116.0
326.04	116.0
328.56	116.0
342.04	116.0
351.32	116.0
363.96	116.0
377.0	116.0
400.96	116.0
468.0	116.0
548.72	116.0
319.8	117.0
3.08	117.0
113.32	117.0
302.72	117.0
333.48	117.0
302.52	118.0
324.76	118.0
110.12	118.0
313.2	118.0
331.04	118.0
346.12	118.0
363.76	118.0
366.4	118.0
425.6	118.0
337.96	119.0
106.76	120.0
42.92	120.0
226.08	120.0
251.4	120.0
259.48	120.0
282.32	120.0
291.8	120.0
306.28	120.0
319.76	120.0
330.6	120.0
362.8	120.0
385.28	120.0
407.64	120.0
