306.12	84.0
321.44	84.0
400.8	84.0
1148.64	84.0
1199.48	84.0
1241.96	84.0
1325.52	84.0
45.88	85.0
109.24	85.0
211.24	85.0
320.16	85.0
326.72	85.0
344.48	85.0
636.76	85.0
789.32	85.0
1095.88	85.0
1126.16	85.0
1196.8	85.0
3.0	86.0
44.2	86.0
62.88	86.0
77.32	86.0
86.32	86.0
103.04	86.0
113.84	86.0
145.92	86.0
182.88	86.0
196.04	86.0
206.72	86.0
222.28	86.0
243.4	86.0
254.4	86.0
273.96	86.0
294.84	86.0
307.92	86.0
333.28	86.0
353.68	86.0
359.96	86.0
377.36	86.0
425.16	86.0
446.04	86.0
467.68	86.0
496.56	86.0
507.32	86.0
555.24	86.0
575.84	86.0
598.0	86.0
623.44	86.0
636.72	86.0
659.72	86.0
683.08	86.0
692.96	86.0
737.88	86.0
762.04	86.0
820.76	86.0
879.6	86.0
906.84	86.0
923.2	86.0
950.68	86.0
957.4	86.0
980.76	86.0
1003.36	86.0
1073.8	86.0
1096.16	86.0
1130.36	86.0
1143.92	86.0
1149.44	86.0
1162.68	86.0
1187.8	86.0
1193.8	86.0
1196.48	86.0
1206.84	86.0
1236.28	86.0
1242.64	86.0
1265.2	86.0
1283.2	86.0
1305.04	86.0
1322.28	86.0
48.64	86.0
315.32	86.0
321.92	86.0
326.96	86.0
339.12	86.0
344.56	86.0
369.16	86.0
883.8	86.0
1222.0	86.0
307.76	87.0
60.68	87.0
83.68	87.0
101.88	87.0
117.44	87.0
130.48	87.0
141.16	87.0
162.52	87.0
207.44	87.0
312.6	87.0
319.56	87.0
327.28	87.0
431.88	87.0
467.16	87.0
631.16	87.0
697.76	87.0
748.0	87.0
974.68	87.0
1046.72	87.0
1110.08	87.0
1155.8	87.0
1280.04	87.0
394.88	88.0
636.36	88.0
652.68	88.0
830.08	88.0
885.16	88.0
1116.44	88.0
4.32	88.0
18.6	88.0
22.2	88.0
51.12	88.0
65.48	88.0
145.04	88.0
153.56	88.0
164.64	88.0
194.4	88.0
285.16	88.0
303.0	88.0
352.36	88.0
397.52	88.0
435.6	88.0
449.52	88.0
455.88	88.0
459.24	88.0
485.12	88.0
530.92	88.0
561.92	88.0
580.0	88.0
685.72	88.0
760.6	88.0
855.48	88.0
872.84	88.0
993.2	88.0
1038.28	88.0
1143.08	88.0
1335.96	88.0
26.88	89.0
209.92	89.0
321.64	89.0
24.2	89.0
194.12	89.0
274.64	89.0
335.8	89.0
654.24	89.0
682.84	89.0
1187.04	89.0
683.0	90.0
868.96	90.0
23.92	90.0
103.36	90.0
153.88	90.0
183.36	90.0
246.88	90.0
283.24	90.0
302.56	90.0
310.64	90.0
315.4	90.0
361.8	90.0
477.24	90.0
511.52	90.0
561.2	90.0
610.48	90.0
636.28	90.0
857.88	90.0
873.12	90.0
906.92	90.0
947.08	90.0
969.92	90.0
989.68	90.0
1012.4	90.0
1089.32	90.0
1119.84	90.0
1178.36	90.0
1244.0	90.0
1292.36	90.0
1323.16	90.0
1215.24	91.0
15.44	92.0
52.52	92.0
90.12	92.0
113.16	92.0
158.2	92.0
185.6	92.0
229.0	92.0
249.32	92.0
274.0	92.0
392.64	92.0
416.16	92.0
512.56	92.0
543.16	92.0
596.84	92.0
654.32	92.0
703.04	92.0
737.72	92.0
755.48	92.0
775.92	92.0
800.8	92.0
834.36	92.0
869.44	92.0
921.28	92.0
946.08	92.0
963.28	92.0
1032.8	92.0
1072.92	92.0
1112.76	92.0
1173.0	92.0
1233.72	92.0
1247.88	92.0
1275.6	92.0
1305.04	92.0
28.0	92.0
40.68	92.0
64.04	92.0
96.04	92.0
165.76	92.0
196.6	92.0
241.64	92.0
253.04	92.0
256.72	92.0
277.48	92.0
286.8	92.0
302.48	92.0
313.8	92.0
331.16	92.0
355.8	92.0
362.96	92.0
371.2	92.0
382.6	92.0
443.4	92.0
456.12	92.0
494.72	92.0
515.08	92.0
547.12	92.0
556.76	92.0
564.12	92.0
577.76	92.0
587.52	92.0
668.96	92.0
684.12	92.0
690.6	92.0
715.48	92.0
726.84	92.0
765.52	92.0
810.36	92.0
845.2	92.0
873.96	92.0
901.44	92.0
967.32	92.0
971.0	92.0
995.0	92.0
1000.08	92.0
1005.88	92.0
1016.2	92.0
1037.0	92.0
1046.72	92.0
1060.0	92.0
1099.88	92.0
1119.04	92.0
1125.52	92.0
1135.2	92.0
1161.44	92.0
1251.64	92.0
1261.88	92.0
1309.04	92.0
1337.6	92.0
1342.2	92.0
16.72	93.0
55.0	93.0
114.64	93.0
154.64	93.0
185.56	93.0
206.4	93.0
284.08	93.0
400.96	93.0
422.16	93.0
479.48	93.0
519.56	93.0
548.12	93.0
643.52	93.0
664.0	93.0
727.76	93.0
808.2	93.0
908.76	93.0
936.16	93.0
1026.76	93.0
1046.24	93.0
1098.6	93.0
1125.08	93.0
1154.96	93.0
1232.44	93.0
153.44	94.0
473.36	94.0
1100.16	94.0
90.96	94.0
123.64	94.0
147.92	94.0
321.52	94.0
374.32	94.0
447.72	94.0
494.52	94.0
499.56	94.0
545.8	94.0
566.52	94.0
596.16	94.0
655.52	94.0
681.32	94.0
806.0	94.0
856.68	94.0
895.36	94.0
922.32	94.0
1014.04	94.0
1057.28	94.0
1096.8	94.0
1194.6	94.0
1246.16	94.0
1266.92	94.0
1284.76	94.0
27.52	95.0
92.36	95.0
199.92	95.0
268.6	95.0
302.44	95.0
434.88	95.0
499.04	95.0
624.84	95.0
695.52	95.0
916.76	95.0
983.52	95.0
1151.64	95.0
1332.4	95.0
616.56	96.0
882.48	96.0
1266.64	96.0
205.68	97.0
284.08	97.0
302.44	97.0
318.44	97.0
566.92	97.0
694.12	97.0
743.24	97.0
1090.16	97.0
401.12	98.0
943.4	98.0
81.68	99.0
122.2	99.0
215.72	99.0
302.48	99.0
308.2	99.0
313.52	99.0
320.72	99.0
458.88	99.0
577.68	99.0
872.4	99.0
889.44	99.0
1015.04	99.0
1074.44	99.0
1145.6	99.0
1186.6	99.0
114.04	100.0
199.2	100.0
247.56	100.0
298.96	100.0
487.44	100.0
635.96	100.0
820.28	100.0
868.92	100.0
946.8	100.0
1108.04	100.0
308.96	102.0
312.04	102.0
13.52	104.0
40.6	104.0
59.96	104.0
113.52	104.0
122.24	104.0
148.2	104.0
180.2	104.0
199.88	104.0
256.36	104.0
267.04	104.0
277.16	104.0
302.8	104.0
308.88	104.0
315.16	104.0
323.04	104.0
333.28	104.0
354.64	104.0
391.16	104.0
439.28	104.0
478.12	104.0
514.36	104.0
534.56	104.0
601.92	104.0
623.28	104.0
678.76	104.0
787.36	104.0
813.24	104.0
876.48	104.0
918.4	104.0
956.92	104.0
1013.2	104.0
1051.72	104.0
1088.64	104.0
1121.4	104.0
1159.44	104.0
1196.28	104.0
1259.96	104.0
1280.84	104.0
302.48	106.0
389.08	106.0
510.08	106.0
762.64	106.0
1230.52	106.0
677.12	107.0
189.92	107.0
316.72	107.0
538.88	107.0
634.92	107.0
711.32	107.0
876.72	107.0
884.6	107.0
1117.72	108.0
7.08	108.0
108.56	108.0
204.64	108.0
251.88	108.0
312.96	108.0
375.72	108.0
398.44	108.0
421.92	108.0
479.16	108.0
513.64	108.0
671.28	108.0
691.24	108.0
838.28	108.0
1090.48	108.0
705.56	109.0
1322.88	109.0
310.44	110.0
459.48	110.0
1052.6	110.0
1100.72	110.0
1263.36	110.0
75.36	111.0
254.96	111.0
302.92	111.0
442.44	111.0
767.04	111.0
3.32	111.0
25.76	111.0
38.2	111.0
51.6	111.0
114.8	111.0
133.84	111.0
147.12	111.0
160.8	111.0
178.88	111.0
231.24	111.0
277.6	111.0
288.36	111.0
310.48	111.0
316.84	111.0
345.16	111.0
349.4	111.0
378.76	111.0
394.84	111.0
419.6	111.0
439.52	111.0
459.6	111.0
478.72	111.0
493.72	111.0
514.84	111.0
545.52	111.0
582.84	111.0
597.72	111.0
615.36	111.0
656.36	111.0
687.96	111.0
728.32	111.0
777.8	111.0
791.4	111.0
804.04	111.0
810.84	111.0
813.4	111.0
837.04	111.0
871.04	111.0
903.56	111.0
923.72	111.0
949.36	111.0
965.2	111.0
995.8	111.0
1035.6	111.0
1066.8	111.0
1090.52	111.0
1115.28	111.0
1154.84	111.0
1175.68	111.0
1237.36	111.0
1264.52	111.0
1278.32	111.0
1294.4	111.0
1308.0	111.0
324.28	112.0
342.48	112.0
676.4	112.0
753.0	112.0
1105.32	112.0
1181.2	112.0
343.0	113.0
422.48	114.0
513.64	114.0
13.24	115.0
82.96	115.0
157.88	115.0
231.4	115.0
327.76	115.0
364.72	115.0
502.32	115.0
548.24	115.0
580.44	115.0
600.56	115.0
654.08	115.0
684.44	115.0
713.24	115.0
771.04	115.0
825.28	115.0
921.12	115.0
1052.88	115.0
1094.84	115.0
1146.08	115.0
1167.16	115.0
1236.44	115.0
1263.6	115.0
310.52	116.0
461.28	116.0
29.24	116.0
136.44	116.0
154.2	116.0
187.84	116.0
205.44	116.0
208.68	116.0
314.64	116.0
318.28	116.0
336.08	116.0
379.48	116.0
411.08	116.0
490.56	116.0
600.88	116.0
617.6	116.0
634.6	116.0
685.48	116.0
843.2	116.0
869.64	116.0
901.2	116.0
924.28	116.0
1036.52	116.0
1052.68	116.0
1110.6	116.0
1138.16	116.0
1185.28	116.0
1191.76	116.0
1242.92	116.0
1259.56	116.0
1262.08	116.0
1278.6	116.0
1324.16	116.0
564.88	117.0
75.48	117.0
185.6	117.0
310.76	117.0
442.52	117.0
459.92	117.0
767.16	117.0
1215.4	117.0
302.6	118.0
574.44	118.0
87.04	118.0
123.12	118.0
203.68	118.0
209.0	118.0
251.12	118.0
311.6	118.0
318.96	118.0
324.96	118.0
336.64	118.0
349.6	118.0
392.56	118.0
401.88	118.0
493.04	118.0
547.96	118.0
630.04	118.0
663.88	118.0
777.56	118.0
871.68	118.0
894.76	118.0
995.84	118.0
1120.6	118.0
1165.68	118.0
1290.16	118.0
306.76	119.0
176.48	120.0
205.12	120.0
397.4	120.0
422.12	120.0
537.16	120.0
675.96	120.0
708.88	120.0
813.84	120.0
872.16	120.0
956.56	120.0
1095.64	120.0
1325.68	120.0
