111.68	84.0
140.2	84.0
213.88	84.0
319.68	84.0
335.44	84.0
362.92	84.0
394.24	84.0
457.72	84.0
485.28	84.0
538.12	84.0
948.0	84.0
1035.44	84.0
1069.48	84.0
234.08	85.0
447.64	85.0
719.56	85.0
893.16	85.0
64.72	86.0
80.56	86.0
115.44	86.0
137.32	86.0
165.32	86.0
192.08	86.0
204.12	86.0
223.08	86.0
262.4	86.0
284.0	86.0
307.68	86.0
319.28	86.0
344.56	86.0
366.48	86.0
378.0	86.0
380.76	86.0
390.16	86.0
406.88	86.0
504.28	86.0
865.6	86.0
889.36	86.0
898.52	86.0
911.28	86.0
942.48	86.0
950.28	86.0
961.12	86.0
981.0	86.0
987.36	86.0
1021.24	86.0
1039.16	86.0
1061.96	86.0
1076.52	86.0
1095.2	86.0
1126.72	86.0
1249.8	86.0
1319.08	86.0
209.24	86.0
266.68	86.0
313.2	86.0
323.36	86.0
335.0	86.0
341.4	86.0
347.16	86.0
358.52	86.0
445.24	86.0
516.56	86.0
521.76	86.0
968.88	86.0
999.08	86.0
1051.96	86.0
1079.12	86.0
1106.2	86.0
1143.88	86.0
1163.84	86.0
1200.88	86.0
1333.24	86.0
210.36	87.0
317.08	87.0
320.36	87.0
346.24	87.0
971.8	87.0
71.68	87.0
113.36	87.0
138.24	87.0
309.24	87.0
312.72	87.0
357.52	87.0
890.92	87.0
1037.16	87.0
1074.8	87.0
1210.76	87.0
88.24	88.0
129.4	88.0
184.0	88.0
211.6	88.0
243.2	88.0
890.8	88.0
935.6	88.0
978.36	88.0
1015.16	88.0
1097.92	88.0
1218.6	88.0
1280.48	88.0
92.28	88.0
113.56	88.0
149.48	88.0
186.96	88.0
316.32	88.0
319.56	88.0
337.52	88.0
381.48	88.0
544.44	88.0
693.08	88.0
786.92	88.0
799.28	88.0
833.76	88.0
844.6	88.0
878.76	88.0
953.8	88.0
961.72	88.0
1071.36	88.0
1074.64	88.0
1165.28	88.0
1192.76	88.0
116.36	89.0
223.4	89.0
579.64	89.0
1007.72	89.0
1068.92	89.0
28.84	90.0
139.88	90.0
187.92	90.0
250.72	90.0
269.96	90.0
302.48	90.0
322.8	90.0
346.44	90.0
357.16	90.0
382.32	90.0
391.88	90.0
408.44	90.0
423.92	90.0
486.64	90.0
513.24	90.0
579.28	90.0
751.2	90.0
871.92	90.0
944.28	90.0
979.4	90.0
1037.36	90.0
1043.96	90.0
1068.64	90.0
302.56	91.0
42.12	92.0
808.68	92.0
869.52	92.0
21.64	92.0
45.52	92.0
62.56	92.0
82.12	92.0
93.96	92.0
121.88	92.0
134.84	92.0
143.12	92.0
157.44	92.0
178.2	92.0
204.32	92.0
210.04	92.0
228.68	92.0
256.32	92.0
287.6	92.0
302.48	92.0
307.28	92.0
336.4	92.0
370.28	92.0
381.44	92.0
390.2	92.0
776.04	92.0
802.52	92.0
844.2	92.0
876.84	92.0
898.8	92.0
913.16	92.0
932.6	92.0
962.2	92.0
977.92	92.0
989.04	92.0
1020.16	92.0
1038.68	92.0
1062.52	92.0
1074.92	92.0
1095.68	92.0
1117.64	92.0
1124.64	92.0
1159.68	92.0
1167.0	92.0
1190.92	92.0
1197.0	92.0
1211.88	92.0
1283.2	92.0
1336.64	92.0
419.44	93.0
450.28	93.0
488.8	93.0
530.8	93.0
607.84	93.0
645.32	93.0
913.0	93.0
943.68	93.0
979.68	93.0
1016.96	93.0
1047.56	93.0
1165.48	93.0
302.44	93.0
219.68	94.0
318.88	94.0
940.36	94.0
983.12	94.0
1159.0	94.0
1212.0	94.0
135.12	94.0
296.12	94.0
324.92	94.0
943.32	94.0
1043.64	94.0
1113.76	94.0
264.16	95.0
302.44	95.0
316.52	95.0
363.88	95.0
548.2	95.0
905.28	95.0
1197.84	95.0
1290.44	95.0
21.52	96.0
93.64	96.0
230.08	96.0
306.32	96.0
577.4	96.0
637.48	96.0
726.36	96.0
804.16	96.0
905.24	96.0
983.44	96.0
187.24	97.0
313.48	97.0
326.68	97.0
357.72	97.0
524.56	97.0
906.8	97.0
948.4	97.0
1242.88	97.0
231.64	98.0
494.44	98.0
1043.48	98.0
1068.44	98.0
95.32	99.0
126.12	99.0
230.4	99.0
302.44	99.0
307.56	99.0
315.32	99.0
323.88	99.0
336.2	99.0
349.08	99.0
471.32	99.0
543.24	99.0
852.08	99.0
894.48	99.0
910.96	99.0
939.2	99.0
979.24	99.0
1148.4	99.0
1170.4	99.0
1193.0	99.0
53.96	100.0
94.8	100.0
128.28	100.0
163.88	100.0
204.68	100.0
260.16	100.0
323.96	100.0
783.52	100.0
826.36	100.0
996.56	100.0
1331.84	100.0
398.12	101.0
308.96	102.0
311.76	102.0
879.84	103.0
1031.56	103.0
302.44	103.0
309.8	103.0
95.04	104.0
133.28	104.0
166.76	104.0
181.2	104.0
225.24	104.0
302.64	104.0
308.72	104.0
315.72	104.0
324.56	104.0
333.2	104.0
347.28	104.0
356.52	104.0
428.72	104.0
453.88	104.0
473.6	104.0
521.52	104.0
846.48	104.0
905.64	104.0
945.84	104.0
964.64	104.0
1031.88	104.0
1078.96	104.0
1112.24	104.0
1140.92	104.0
1177.76	104.0
1200.48	104.0
1233.2	104.0
1252.12	104.0
1286.2	104.0
63.72	106.0
306.4	106.0
339.08	106.0
369.04	106.0
522.76	107.0
207.72	107.0
314.76	107.0
325.0	107.0
1024.0	107.0
1079.56	107.0
1102.92	107.0
1197.4	107.0
1270.84	107.0
302.96	108.0
58.36	108.0
128.56	108.0
311.4	108.0
443.04	108.0
449.24	108.0
871.44	108.0
905.56	108.0
999.32	108.0
139.68	109.0
250.56	109.0
408.24	109.0
412.84	109.0
512.92	109.0
1334.4	109.0
323.12	109.0
310.44	110.0
335.52	110.0
577.08	110.0
914.12	110.0
72.24	111.0
532.8	111.0
654.76	111.0
972.88	111.0
49.12	111.0
90.16	111.0
134.6	111.0
161.6	111.0
168.32	111.0
179.4	111.0
204.84	111.0
269.32	111.0
296.44	111.0
309.68	111.0
318.04	111.0
335.56	111.0
339.6	111.0
348.8	111.0
391.08	111.0
394.4	111.0
420.44	111.0
438.08	111.0
474.2	111.0
547.6	111.0
879.76	111.0
929.4	111.0
952.08	111.0
967.0	111.0
982.44	111.0
1014.04	111.0
1028.2	111.0
1031.52	111.0
1042.52	111.0
1068.8	111.0
1155.16	111.0
1181.84	111.0
1197.92	111.0
1202.4	111.0
1241.24	111.0
166.4	112.0
522.0	112.0
836.84	112.0
907.04	112.0
928.6	112.0
978.76	112.0
1010.72	112.0
1140.36	112.0
1227.8	112.0
1288.16	112.0
302.48	113.0
163.4	114.0
79.12	115.0
57.88	115.0
157.88	115.0
168.24	115.0
316.6	115.0
324.0	115.0
374.96	115.0
444.88	115.0
577.44	115.0
610.48	115.0
914.44	115.0
943.52	115.0
985.4	115.0
1018.08	115.0
1165.28	115.0
310.56	116.0
317.92	116.0
381.64	116.0
444.44	116.0
57.08	116.0
79.36	116.0
136.2	116.0
166.8	116.0
315.32	116.0
323.8	116.0
332.88	116.0
347.76	116.0
512.24	116.0
829.28	116.0
875.28	116.0
878.24	116.0
930.48	116.0
999.16	116.0
1009.12	116.0
1044.84	116.0
1099.6	116.0
1148.76	116.0
1161.0	116.0
1201.0	116.0
127.64	117.0
302.56	117.0
365.68	117.0
654.76	117.0
972.96	117.0
996.88	117.0
1148.44	117.0
1166.52	117.0
1227.88	117.0
311.36	118.0
134.28	118.0
181.24	118.0
225.92	118.0
268.08	118.0
308.24	118.0
319.8	118.0
328.4	118.0
333.24	118.0
348.68	118.0
367.88	118.0
408.52	118.0
879.4	118.0
952.72	118.0
1027.64	118.0
1058.2	118.0
1149.52	118.0
307.68	119.0
336.32	119.0
855.2	119.0
307.28	120.0
346.4	120.0
206.88	120.0
450.2	120.0
906.6	120.0
928.16	120.0
1025.28	120.0
1079.0	120.0
1097.88	120.0
1157.88	120.0
1220.04	120.0
1334.04	120.0
