321.28	84.0
732.24	84.0
302.68	84.0
348.16	84.0
510.6	84.0
568.24	84.0
650.12	84.0
678.24	84.0
334.48	85.0
322.12	85.0
343.44	85.0
351.8	85.0
369.72	85.0
415.84	85.0
445.48	85.0
586.88	85.0
795.36	85.0
877.8	85.0
902.56	85.0
930.72	85.0
1139.84	85.0
1327.0	85.0
334.76	86.0
342.68	86.0
351.88	86.0
366.0	86.0
377.8	86.0
387.28	86.0
406.4	86.0
416.92	86.0
426.8	86.0
447.48	86.0
468.04	86.0
476.72	86.0
487.52	86.0
502.32	86.0
509.92	86.0
522.44	86.0
530.64	86.0
546.36	86.0
553.0	86.0
563.68	86.0
571.36	86.0
582.28	86.0
594.2	86.0
608.08	86.0
632.64	86.0
649.92	86.0
662.88	86.0
675.12	86.0
712.44	86.0
734.0	86.0
747.28	86.0
760.52	86.0
790.64	86.0
808.04	86.0
838.04	86.0
847.8	86.0
866.24	86.0
874.76	86.0
901.36	86.0
925.44	86.0
942.8	86.0
973.12	86.0
1013.52	86.0
1038.56	86.0
1050.4	86.0
1105.76	86.0
1118.2	86.0
1129.4	86.0
1141.36	86.0
1160.84	86.0
1179.68	86.0
1217.92	86.0
1225.88	86.0
1239.48	86.0
1246.8	86.0
1276.92	86.0
1290.6	86.0
1301.76	86.0
1315.48	86.0
1324.48	86.0
314.48	86.0
321.6	86.0
338.64	86.0
348.08	86.0
358.88	86.0
370.52	86.0
394.08	86.0
414.36	86.0
457.16	86.0
620.92	86.0
691.52	86.0
775.4	86.0
1199.32	86.0
341.52	87.0
358.16	87.0
375.24	87.0
713.72	87.0
313.0	87.0
323.56	87.0
331.84	87.0
334.64	87.0
344.24	87.0
347.8	87.0
351.36	87.0
355.16	87.0
362.24	87.0
366.2	87.0
370.64	87.0
379.68	87.0
394.28	87.0
399.4	87.0
405.4	87.0
412.6	87.0
419.88	87.0
429.72	87.0
457.96	87.0
486.24	87.0
515.56	87.0
546.88	87.0
562.56	87.0
644.96	87.0
670.48	87.0
1054.64	87.0
1129.2	87.0
1286.0	87.0
331.92	88.0
363.48	88.0
401.84	88.0
444.12	88.0
501.2	88.0
532.64	88.0
561.88	88.0
606.12	88.0
640.96	88.0
660.6	88.0
748.64	88.0
775.32	88.0
920.8	88.0
302.44	88.0
334.52	88.0
337.36	88.0
340.48	88.0
343.84	88.0
347.76	88.0
350.28	88.0
353.52	88.0
374.76	88.0
423.6	88.0
449.52	88.0
460.56	88.0
491.68	88.0
581.56	88.0
630.12	88.0
686.08	88.0
688.6	88.0
705.56	88.0
778.0	88.0
953.0	88.0
1135.68	88.0
1171.0	88.0
1190.8	88.0
1250.08	88.0
1260.96	88.0
1340.24	88.0
345.48	89.0
358.4	89.0
373.88	89.0
431.84	89.0
450.36	89.0
775.12	89.0
1090.76	89.0
1146.52	89.0
1300.6	90.0
302.6	90.0
320.64	90.0
342.84	90.0
367.92	90.0
373.56	90.0
431.52	90.0
450.04	90.0
474.68	90.0
482.16	90.0
569.12	90.0
645.56	90.0
801.04	90.0
896.16	90.0
951.0	90.0
1047.48	90.0
1073.48	90.0
1090.44	90.0
1146.24	90.0
1202.88	90.0
1254.12	90.0
1270.64	90.0
1320.04	90.0
321.64	91.0
318.76	91.0
346.76	92.0
350.0	92.0
378.84	92.0
424.68	92.0
450.52	92.0
591.2	92.0
647.12	92.0
748.76	92.0
314.52	92.0
318.44	92.0
336.44	92.0
344.12	92.0
355.76	92.0
374.6	92.0
400.0	92.0
437.04	92.0
468.6	92.0
478.8	92.0
492.84	92.0
501.72	92.0
515.52	92.0
550.6	92.0
558.28	92.0
579.72	92.0
608.0	92.0
628.8	92.0
663.84	92.0
736.0	92.0
765.16	92.0
824.8	92.0
849.16	92.0
880.08	92.0
895.92	92.0
1031.48	92.0
1035.52	92.0
1044.04	92.0
1145.16	92.0
1177.92	92.0
1229.76	92.0
1289.6	92.0
1302.96	92.0
323.84	93.0
330.2	93.0
335.52	93.0
342.28	93.0
350.56	93.0
363.16	93.0
381.76	93.0
398.48	93.0
418.84	93.0
435.52	93.0
455.76	93.0
483.36	93.0
515.6	93.0
568.88	93.0
631.44	93.0
905.24	93.0
989.8	93.0
1179.76	93.0
1305.6	93.0
302.48	93.0
332.16	94.0
350.2	94.0
1149.68	94.0
322.6	94.0
338.92	94.0
344.04	94.0
361.84	94.0
374.64	94.0
446.76	94.0
501.36	94.0
610.64	94.0
752.64	94.0
841.32	94.0
964.28	94.0
993.36	94.0
1200.68	94.0
1254.44	94.0
318.96	95.0
334.68	95.0
516.4	95.0
612.12	95.0
688.72	95.0
772.6	95.0
820.0	95.0
857.52	95.0
903.92	95.0
931.28	95.0
985.2	95.0
1060.8	95.0
1150.36	95.0
1253.2	95.0
549.28	96.0
900.76	96.0
1010.28	96.0
1178.4	96.0
1246.2	96.0
1249.16	96.0
1320.52	97.0
302.44	97.0
319.52	97.0
335.96	97.0
339.32	97.0
878.16	97.0
1182.32	98.0
323.84	98.0
330.92	98.0
338.76	98.0
674.92	98.0
1021.36	98.0
1134.24	98.0
320.4	99.0
334.8	99.0
339.08	99.0
343.4	99.0
357.44	99.0
630.96	99.0
873.4	99.0
1020.28	99.0
1188.16	99.0
1271.8	99.0
337.64	100.0
392.16	100.0
436.88	100.0
469.32	100.0
646.52	100.0
1121.04	100.0
1300.52	100.0
318.56	101.0
339.28	101.0
350.88	101.0
353.96	101.0
1264.2	102.0
309.0	102.0
312.52	102.0
375.0	102.0
372.52	103.0
343.72	103.0
1177.92	103.0
336.48	104.0
372.52	104.0
734.48	104.0
302.8	104.0
312.48	104.0
318.4	104.0
323.0	104.0
342.2	104.0
391.12	104.0
394.48	104.0
413.84	104.0
485.48	104.0
497.4	104.0
515.4	104.0
533.12	104.0
584.32	104.0
599.16	104.0
612.0	104.0
640.64	104.0
647.16	104.0
667.92	104.0
693.72	104.0
774.28	104.0
811.24	104.0
832.8	104.0
903.48	104.0
927.88	104.0
932.84	104.0
976.04	104.0
1133.84	104.0
1225.04	104.0
1339.96	104.0
243.84	106.0
302.64	106.0
411.8	106.0
319.84	107.0
322.76	107.0
339.44	107.0
345.88	107.0
349.16	107.0
359.4	107.0
372.8	107.0
380.28	107.0
395.52	107.0
441.4	107.0
453.72	107.0
470.44	107.0
546.76	107.0
809.36	107.0
401.6	108.0
333.84	108.0
341.68	108.0
347.4	108.0
363.64	108.0
376.08	108.0
381.24	108.0
416.16	108.0
499.0	108.0
517.48	108.0
560.48	108.0
985.56	108.0
1203.24	108.0
380.36	109.0
408.04	109.0
582.64	109.0
690.76	109.0
1145.96	109.0
1253.92	109.0
1319.76	109.0
341.64	110.0
334.68	110.0
630.12	110.0
1059.64	110.0
303.0	111.0
312.68	111.0
339.2	111.0
456.32	111.0
821.0	111.0
920.72	111.0
1050.76	111.0
1134.52	111.0
1151.36	111.0
1224.32	111.0
318.28	111.0
323.92	111.0
334.32	111.0
341.72	111.0
346.44	111.0
349.96	111.0
358.28	111.0
362.56	111.0
365.28	111.0
372.36	111.0
385.32	111.0
390.92	111.0
419.04	111.0
452.12	111.0
488.04	111.0
514.88	111.0
526.92	111.0
565.48	111.0
574.28	111.0
587.12	111.0
598.32	111.0
617.2	111.0
628.52	111.0
645.84	111.0
665.92	111.0
691.24	111.0
736.24	111.0
761.8	111.0
806.8	111.0
837.52	111.0
867.32	111.0
902.76	111.0
928.24	111.0
948.24	111.0
966.0	111.0
984.36	111.0
1002.52	111.0
1031.84	111.0
1059.2	111.0
1102.88	111.0
1169.76	111.0
1203.24	111.0
1228.12	111.0
1243.0	111.0
1266.04	111.0
1288.24	111.0
1302.88	111.0
372.52	112.0
385.12	112.0
454.64	112.0
468.0	112.0
561.24	112.0
1177.44	112.0
1243.8	112.0
306.0	113.0
332.8	113.0
347.36	113.0
357.24	113.0
313.48	114.0
323.12	114.0
335.04	114.0
344.88	114.0
359.68	114.0
374.0	114.0
413.12	115.0
874.2	115.0
335.04	115.0
352.28	115.0
374.96	115.0
401.36	115.0
461.68	115.0
504.76	115.0
645.96	115.0
666.8	115.0
709.96	115.0
766.16	115.0
817.72	115.0
843.08	115.0
930.04	115.0
956.24	115.0
1019.72	115.0
1072.96	115.0
1091.56	115.0
1119.72	115.0
1148.36	115.0
1178.36	115.0
1211.64	115.0
1229.52	115.0
1246.96	115.0
1272.28	115.0
1339.24	115.0
335.76	116.0
345.56	116.0
374.0	116.0
901.64	116.0
1151.16	116.0
320.48	116.0
323.64	116.0
332.04	116.0
339.6	116.0
348.08	116.0
359.04	116.0
363.0	116.0
367.36	116.0
379.72	116.0
384.96	116.0
391.88	116.0
398.4	116.0
408.0	116.0
413.0	116.0
424.52	116.0
437.64	116.0
447.88	116.0
463.64	116.0
470.32	116.0
510.24	116.0
514.08	116.0
544.36	116.0
581.64	116.0
925.32	116.0
1010.2	116.0
1109.08	116.0
1123.96	116.0
1148.2	116.0
1303.04	116.0
354.48	117.0
339.16	117.0
391.12	117.0
407.8	117.0
821.12	117.0
1050.8	117.0
378.8	118.0
302.44	118.0
313.48	118.0
320.4	118.0
331.6	118.0
340.16	118.0
348.8	118.0
351.88	118.0
357.64	118.0
363.2	118.0
376.16	118.0
400.88	118.0
427.76	118.0
435.92	118.0
457.04	118.0
468.56	118.0
481.6	118.0
511.68	118.0
519.56	118.0
531.8	118.0
534.68	118.0
548.52	118.0
579.04	118.0
596.16	118.0
637.48	118.0
660.56	118.0
665.08	118.0
682.8	118.0
705.24	118.0
732.6	118.0
754.2	118.0
760.76	118.0
787.36	118.0
813.56	118.0
871.0	118.0
922.44	118.0
964.76	118.0
1007.12	118.0
1063.4	118.0
1150.72	118.0
1207.28	118.0
1274.6	118.0
1283.36	118.0
339.8	119.0
372.16	119.0
379.6	119.0
394.6	119.0
437.68	119.0
364.64	120.0
322.2	120.0
331.56	120.0
336.0	120.0
338.8	120.0
341.76	120.0
351.52	120.0
356.96	120.0
359.68	120.0
372.0	120.0
380.16	120.0
404.44	120.0
419.32	120.0
546.12	120.0
622.12	120.0
752.72	120.0
945.92	120.0
1070.68	120.0
