1345.12	84.0
323.84	84.0
253.32	85.0
294.24	85.0
359.04	85.0
393.0	85.0
425.52	85.0
680.52	85.0
731.08	85.0
878.56	85.0
968.88	85.0
1099.12	85.0
1209.2	85.0
1253.16	85.0
33.16	86.0
47.28	86.0
87.4	86.0
123.4	86.0
137.52	86.0
187.4	86.0
209.08	86.0
213.64	86.0
248.4	86.0
313.2	86.0
341.2	86.0
370.32	86.0
378.8	86.0
422.04	86.0
540.76	86.0
563.08	86.0
601.44	86.0
643.04	86.0
660.32	86.0
674.76	86.0
736.32	86.0
769.28	86.0
945.6	86.0
988.0	86.0
1038.28	86.0
1086.92	86.0
1103.96	86.0
1123.52	86.0
1148.28	86.0
1185.92	86.0
1225.12	86.0
1379.84	86.0
253.88	86.0
278.6	86.0
307.84	86.0
320.6	86.0
329.52	86.0
655.6	87.0
1093.2	87.0
1317.72	87.0
10.8	87.0
60.72	87.0
93.12	87.0
147.6	87.0
168.4	87.0
254.68	87.0
343.72	87.0
358.72	87.0
522.72	87.0
602.04	87.0
678.44	87.0
692.0	87.0
782.12	87.0
920.24	87.0
957.56	87.0
969.72	87.0
986.08	87.0
1012.88	87.0
1020.28	87.0
1035.72	87.0
1057.36	87.0
1132.84	87.0
1197.04	87.0
1220.2	87.0
1282.36	87.0
1291.28	87.0
11.8	88.0
99.04	88.0
67.88	88.0
126.92	88.0
159.96	88.0
205.12	88.0
209.64	88.0
245.28	88.0
287.32	88.0
307.32	88.0
314.16	88.0
317.12	88.0
341.44	88.0
363.56	88.0
548.8	88.0
565.52	88.0
597.52	88.0
631.36	88.0
654.08	88.0
698.44	88.0
754.68	88.0
772.32	88.0
786.52	88.0
864.32	88.0
937.8	88.0
1004.08	88.0
1006.72	88.0
1035.12	88.0
1072.88	88.0
1101.72	88.0
1150.24	88.0
1203.04	88.0
1249.4	88.0
1348.88	88.0
180.44	89.0
225.84	89.0
351.12	89.0
366.92	89.0
420.92	89.0
762.68	89.0
966.16	89.0
1070.36	89.0
1093.64	89.0
1174.32	89.0
1253.2	89.0
1287.12	89.0
180.16	90.0
420.64	90.0
589.32	90.0
622.64	90.0
965.84	90.0
1070.04	90.0
1225.48	90.0
315.24	92.0
351.12	92.0
306.36	92.0
319.6	92.0
335.84	92.0
1238.84	92.0
49.68	93.0
131.64	93.0
586.76	93.0
1232.88	93.0
1136.72	94.0
302.64	94.0
313.12	94.0
339.56	94.0
372.44	94.0
31.12	95.0
222.16	95.0
288.84	95.0
527.76	95.0
611.92	95.0
661.96	95.0
949.36	95.0
1066.44	95.0
1257.92	95.0
1354.72	95.0
869.92	97.0
918.32	97.0
322.56	97.0
775.76	97.0
5.48	98.0
121.52	99.0
302.48	99.0
308.84	99.0
315.68	99.0
323.32	99.0
361.36	99.0
389.84	99.0
608.4	99.0
654.0	99.0
656.8	99.0
1060.44	99.0
1138.48	99.0
1174.56	99.0
1201.52	99.0
1326.2	99.0
37.84	100.0
200.24	100.0
349.44	100.0
565.52	100.0
630.36	100.0
883.64	100.0
1278.24	100.0
1301.36	100.0
309.0	102.0
312.2	102.0
694.24	103.0
15.52	104.0
158.08	104.0
182.36	104.0
209.36	104.0
256.64	104.0
302.56	104.0
307.92	104.0
313.32	104.0
320.76	104.0
332.32	104.0
422.04	104.0
484.72	104.0
553.32	104.0
565.92	104.0
671.08	104.0
732.8	104.0
813.28	104.0
1022.96	104.0
1065.56	104.0
1069.08	104.0
1094.08	104.0
1125.72	104.0
1204.28	104.0
1226.08	107.0
45.04	107.0
74.68	107.0
107.52	107.0
181.68	107.0
209.08	107.0
212.64	107.0
307.6	107.0
311.16	107.0
476.92	107.0
585.16	107.0
890.64	107.0
893.6	107.0
974.0	107.0
1020.92	107.0
1052.72	107.0
1132.12	107.0
1229.96	107.0
1250.44	107.0
1270.28	107.0
1313.72	107.0
302.72	108.0
205.36	108.0
310.44	108.0
354.28	108.0
653.76	108.0
1104.48	108.0
1330.8	108.0
1225.28	109.0
310.44	110.0
704.0	110.0
1143.32	110.0
1224.0	110.0
302.8	111.0
6.12	111.0
57.96	111.0
71.6	111.0
94.36	111.0
102.68	111.0
117.84	111.0
162.16	111.0
178.8	111.0
191.2	111.0
202.36	111.0
230.64	111.0
255.72	111.0
306.36	111.0
315.44	111.0
352.72	111.0
369.64	111.0
384.04	111.0
419.64	111.0
556.84	111.0
563.48	111.0
672.48	111.0
695.24	111.0
702.44	111.0
760.84	111.0
764.64	111.0
783.52	111.0
820.4	111.0
885.04	111.0
890.32	111.0
914.12	111.0
955.16	111.0
958.76	111.0
1004.56	111.0
1014.12	111.0
1059.16	111.0
1171.88	111.0
1218.48	111.0
1285.32	111.0
1344.08	111.0
1356.76	111.0
72.0	112.0
292.36	112.0
675.84	112.0
800.56	112.0
917.0	112.0
1220.56	112.0
1260.92	112.0
1314.48	112.0
302.56	113.0
704.04	113.0
292.12	114.0
309.0	114.0
330.64	114.0
682.4	114.0
1097.96	114.0
1232.96	114.0
67.76	115.0
245.96	115.0
310.4	115.0
341.68	115.0
351.64	115.0
447.64	115.0
529.72	115.0
577.24	115.0
661.2	115.0
769.08	115.0
1014.6	115.0
5.88	116.0
310.44	116.0
359.92	116.0
40.0	116.0
59.2	116.0
72.56	116.0
103.28	116.0
126.16	116.0
189.64	116.0
203.44	116.0
266.92	116.0
323.08	116.0
327.88	116.0
330.88	116.0
352.08	116.0
366.96	116.0
399.72	116.0
484.56	116.0
529.04	116.0
560.64	116.0
569.32	116.0
607.84	116.0
614.28	116.0
914.32	116.0
937.16	116.0
959.28	116.0
1010.52	116.0
1036.72	116.0
1070.88	116.0
1081.84	116.0
1099.24	116.0
1115.2	116.0
1128.04	116.0
1143.96	116.0
1156.04	116.0
1158.92	116.0
1195.12	116.0
1224.36	116.0
1283.96	116.0
1315.12	116.0
397.56	117.0
45.16	117.0
179.12	117.0
220.92	117.0
483.52	117.0
682.4	117.0
759.4	117.0
1253.2	117.0
176.64	118.0
302.52	118.0
1090.36	118.0
1153.2	118.0
1345.04	118.0
43.08	118.0
69.76	118.0
315.24	118.0
321.2	118.0
324.8	118.0
417.8	118.0
481.16	118.0
589.92	118.0
619.52	118.0
700.4	118.0
758.76	118.0
914.28	118.0
956.96	118.0
1057.44	118.0
804.4	119.0
1014.48	119.0
899.56	120.0
178.04	120.0
208.44	120.0
222.72	120.0
308.56	120.0
324.04	120.0
386.08	120.0
417.24	120.0
420.84	120.0
522.6	120.0
589.24	120.0
626.6	120.0
685.68	120.0
708.4	120.0
889.76	120.0
954.52	120.0
1148.88	120.0
1249.24	120.0
1252.16	120.0
1359.44	120.0
