25.12	85.0
110.52	85.0
172.92	85.0
227.08	85.0
332.04	85.0
847.16	85.0
1025.04	85.0
1081.92	85.0
3.36	86.0
55.68	86.0
69.44	86.0
95.68	86.0
111.88	86.0
132.52	86.0
169.88	86.0
208.0	86.0
262.04	86.0
276.8	86.0
308.48	86.0
345.16	86.0
415.92	86.0
444.68	86.0
478.72	86.0
494.6	86.0
530.68	86.0
580.48	86.0
619.56	86.0
735.48	86.0
767.96	86.0
786.48	86.0
821.04	86.0
904.24	86.0
925.76	86.0
969.24	86.0
1023.36	86.0
1042.04	86.0
1051.88	86.0
1077.76	86.0
1123.6	86.0
1142.68	86.0
1171.04	86.0
1177.88	86.0
1294.32	86.0
1309.72	86.0
8.0	86.0
312.76	86.0
321.36	86.0
604.72	86.0
1108.4	86.0
1128.84	87.0
5.84	87.0
70.48	87.0
155.36	87.0
170.76	87.0
181.76	87.0
185.68	87.0
223.36	87.0
266.64	87.0
285.36	87.0
313.12	87.0
318.36	87.0
324.2	87.0
356.92	87.0
377.8	87.0
389.48	87.0
421.88	87.0
455.04	87.0
493.44	87.0
621.2	87.0
645.36	87.0
683.36	87.0
750.04	87.0
787.0	87.0
863.96	87.0
930.88	87.0
947.08	87.0
959.72	87.0
983.12	87.0
1021.0	87.0
1063.88	87.0
1105.0	87.0
1110.08	87.0
1178.96	87.0
1336.16	87.0
733.84	88.0
842.32	88.0
1047.72	88.0
29.64	88.0
45.44	88.0
91.92	88.0
170.32	88.0
247.32	88.0
315.2	88.0
325.4	88.0
335.96	88.0
368.08	88.0
401.96	88.0
454.92	88.0
490.92	88.0
556.16	88.0
605.48	88.0
694.36	88.0
891.12	88.0
966.44	88.0
1124.72	88.0
1133.16	88.0
1308.28	88.0
315.28	89.0
39.32	89.0
104.56	89.0
170.04	89.0
210.88	89.0
297.68	89.0
391.64	89.0
416.36	89.0
485.96	89.0
573.92	89.0
621.68	89.0
723.44	89.0
955.56	89.0
993.76	89.0
1177.48	89.0
1288.48	89.0
1336.2	89.0
1110.4	90.0
90.76	90.0
175.04	90.0
193.36	90.0
210.6	90.0
241.84	90.0
337.24	90.0
391.28	90.0
444.48	90.0
471.32	90.0
555.08	90.0
573.6	90.0
638.76	90.0
822.0	90.0
875.72	90.0
955.24	90.0
1107.52	90.0
1177.16	90.0
218.6	91.0
302.84	91.0
509.92	91.0
218.24	92.0
318.56	92.0
66.84	92.0
91.28	92.0
141.92	92.0
167.96	92.0
223.6	92.0
241.6	92.0
306.88	92.0
333.56	92.0
587.0	92.0
847.8	92.0
901.76	92.0
998.68	92.0
1186.96	92.0
1262.76	92.0
1312.32	92.0
274.04	93.0
318.0	93.0
631.92	93.0
116.16	94.0
995.12	94.0
58.24	94.0
307.88	94.0
174.4	95.0
248.28	95.0
628.64	95.0
785.44	95.0
988.4	95.0
1113.36	95.0
1332.64	95.0
63.6	96.0
841.48	96.0
847.16	96.0
306.84	97.0
376.72	97.0
154.84	97.0
302.44	97.0
325.56	97.0
420.32	97.0
644.88	97.0
660.76	97.0
697.16	97.0
307.24	98.0
320.48	98.0
376.48	98.0
847.84	98.0
89.96	99.0
302.48	99.0
308.44	99.0
317.24	99.0
335.24	99.0
491.12	99.0
554.92	99.0
578.84	99.0
611.6	99.0
617.0	99.0
776.16	99.0
838.84	99.0
891.52	99.0
957.08	99.0
1110.16	99.0
1141.84	99.0
1184.64	99.0
104.6	100.0
295.24	100.0
551.24	100.0
736.64	100.0
911.12	100.0
1110.32	100.0
309.0	102.0
312.16	102.0
302.92	103.0
11.6	104.0
46.88	104.0
91.56	104.0
129.4	104.0
177.84	104.0
276.72	104.0
302.72	104.0
307.4	104.0
313.2	104.0
318.08	104.0
327.0	104.0
345.16	104.0
374.0	104.0
447.48	104.0
581.56	104.0
788.8	104.0
878.72	104.0
1110.56	104.0
1141.24	104.0
1181.68	104.0
1224.32	104.0
1241.12	104.0
302.44	106.0
348.36	106.0
454.72	106.0
18.08	107.0
59.24	107.0
241.32	107.0
302.48	107.0
313.6	107.0
321.92	107.0
574.08	107.0
578.24	107.0
740.32	107.0
922.08	107.0
982.92	107.0
1045.92	107.0
1108.0	107.0
1315.28	107.0
1109.56	108.0
89.88	108.0
192.08	108.0
312.28	108.0
496.24	108.0
558.16	108.0
578.92	108.0
644.76	108.0
758.48	108.0
825.28	108.0
895.6	108.0
921.84	108.0
952.56	108.0
1141.32	108.0
1185.76	108.0
1210.6	108.0
1327.96	108.0
739.92	109.0
821.72	109.0
1335.6	109.0
555.16	109.0
669.52	109.0
872.84	109.0
1108.12	109.0
310.48	110.0
19.36	110.0
116.88	110.0
376.04	110.0
736.8	110.0
873.72	110.0
302.96	111.0
1179.88	111.0
1314.28	111.0
19.28	111.0
38.52	111.0
77.24	111.0
113.68	111.0
174.68	111.0
192.08	111.0
205.32	111.0
241.0	111.0
269.0	111.0
429.32	111.0
443.28	111.0
455.96	111.0
471.32	111.0
484.2	111.0
494.04	111.0
505.52	111.0
580.32	111.0
612.04	111.0
618.04	111.0
662.24	111.0
685.56	111.0
722.4	111.0
750.6	111.0
767.76	111.0
788.84	111.0
801.76	111.0
820.92	111.0
860.8	111.0
873.68	111.0
893.96	111.0
897.12	111.0
909.96	111.0
957.52	111.0
978.56	111.0
999.8	111.0
1024.28	111.0
1104.4	111.0
1112.12	111.0
1142.24	111.0
1171.92	111.0
1185.8	111.0
1268.56	111.0
1334.08	111.0
177.56	112.0
192.36	112.0
217.44	112.0
341.4	112.0
373.16	112.0
484.6	112.0
578.84	112.0
1072.28	112.0
1139.96	112.0
118.88	113.0
1141.12	114.0
117.12	115.0
536.52	115.0
737.04	115.0
876.12	115.0
1060.16	115.0
310.44	116.0
1151.72	116.0
1154.56	116.0
35.12	116.0
178.88	116.0
191.04	116.0
199.32	116.0
203.28	116.0
218.8	116.0
241.08	116.0
321.0	116.0
339.88	116.0
346.76	116.0
375.04	116.0
459.68	116.0
495.28	116.0
630.08	116.0
733.68	116.0
739.92	116.0
785.04	116.0
818.4	116.0
907.72	116.0
949.92	116.0
1102.52	116.0
1112.8	116.0
1131.0	116.0
1175.4	116.0
1258.0	116.0
1263.2	116.0
1326.0	116.0
205.92	117.0
317.84	117.0
330.6	117.0
342.36	117.0
19.6	117.0
38.28	117.0
218.32	117.0
308.4	117.0
789.16	117.0
820.6	117.0
861.36	117.0
1179.96	117.0
1314.32	117.0
190.0	118.0
302.56	118.0
388.48	118.0
720.28	118.0
1104.36	118.0
1139.32	118.0
1284.72	118.0
1332.08	118.0
111.84	118.0
164.6	118.0
239.4	118.0
313.76	118.0
338.88	118.0
375.28	118.0
441.56	118.0
482.56	118.0
552.48	118.0
635.56	118.0
766.0	118.0
818.48	118.0
871.96	118.0
922.56	118.0
976.8	118.0
1218.88	118.0
202.52	120.0
50.4	120.0
193.24	120.0
794.84	120.0
1058.76	120.0
1128.0	120.0
1177.48	120.0
