302.76	84.0
905.56	85.0
959.96	85.0
1004.4	85.0
138.16	86.0
150.32	86.0
184.48	86.0
209.0	86.0
223.6	86.0
302.56	86.0
308.6	86.0
331.84	86.0
341.32	86.0
363.32	86.0
381.32	86.0
396.64	86.0
430.92	86.0
489.84	86.0
522.96	86.0
806.08	86.0
812.96	86.0
836.16	86.0
861.52	86.0
878.32	86.0
885.64	86.0
905.76	86.0
922.88	86.0
934.4	86.0
940.36	86.0
952.48	86.0
957.96	86.0
972.04	86.0
983.8	86.0
1014.28	86.0
102.16	86.0
134.96	86.0
166.76	86.0
312.64	86.0
322.44	86.0
344.6	86.0
400.48	86.0
403.12	86.0
410.52	86.0
765.88	86.0
897.28	86.0
925.4	86.0
943.08	86.0
965.2	86.0
977.8	86.0
921.68	87.0
949.64	87.0
36.28	87.0
66.36	87.0
107.44	87.0
138.8	87.0
149.92	87.0
178.96	87.0
268.0	87.0
309.16	87.0
312.76	87.0
320.52	87.0
325.56	87.0
332.36	87.0
358.88	87.0
474.08	87.0
797.72	87.0
807.36	87.0
830.36	87.0
862.04	87.0
944.72	87.0
92.44	88.0
141.8	88.0
868.92	88.0
889.12	88.0
921.08	88.0
951.16	88.0
8.04	88.0
177.2	88.0
317.72	88.0
335.08	88.0
344.8	88.0
362.72	88.0
698.08	88.0
924.36	88.0
958.96	88.0
992.64	88.0
130.44	89.0
263.2	89.0
346.56	89.0
366.32	89.0
760.64	89.0
781.6	89.0
857.56	89.0
869.76	89.0
885.48	89.0
930.4	89.0
941.88	89.0
959.56	89.0
78.68	90.0
91.6	90.0
157.88	90.0
302.6	90.0
307.88	90.0
320.16	90.0
350.44	90.0
491.32	90.0
511.92	90.0
857.28	90.0
864.72	90.0
894.64	90.0
900.24	90.0
922.96	90.0
941.6	90.0
971.72	90.0
986.04	90.0
330.48	92.0
84.68	92.0
101.92	92.0
165.24	92.0
275.24	92.0
306.64	92.0
310.28	92.0
356.52	92.0
420.48	92.0
669.24	92.0
731.76	92.0
767.48	92.0
783.96	92.0
820.68	92.0
836.72	92.0
853.32	92.0
897.56	92.0
909.24	92.0
919.88	92.0
926.6	92.0
955.84	92.0
311.24	93.0
261.96	94.0
321.6	94.0
344.28	94.0
351.2	94.0
459.08	94.0
863.92	94.0
946.76	94.0
117.04	95.0
237.24	95.0
765.8	95.0
307.88	96.0
485.76	96.0
644.4	96.0
752.56	96.0
901.48	96.0
327.36	97.0
302.44	97.0
313.88	97.0
323.48	97.0
882.24	97.0
926.28	97.0
867.96	98.0
158.04	99.0
199.48	99.0
281.4	99.0
308.8	99.0
314.04	99.0
323.68	99.0
730.84	99.0
758.68	99.0
901.84	99.0
904.76	99.0
960.76	99.0
19.28	100.0
97.68	100.0
135.72	100.0
263.2	100.0
272.92	100.0
461.64	100.0
568.64	100.0
711.88	100.0
907.56	100.0
1101.8	100.0
838.16	102.0
309.0	102.0
312.24	102.0
950.52	103.0
159.6	104.0
302.84	104.0
308.96	104.0
315.92	104.0
326.2	104.0
337.64	104.0
356.32	104.0
781.04	104.0
814.28	104.0
882.04	104.0
907.44	104.0
919.76	104.0
927.0	104.0
961.48	104.0
983.12	104.0
866.8	106.0
79.72	107.0
96.88	107.0
99.6	107.0
311.08	107.0
383.64	107.0
787.36	107.0
806.52	107.0
956.84	107.0
1020.6	107.0
158.32	108.0
86.32	108.0
102.12	108.0
141.64	108.0
210.36	108.0
233.68	108.0
280.6	108.0
311.16	108.0
759.88	108.0
796.36	108.0
848.76	108.0
949.28	108.0
971.72	108.0
1012.64	108.0
339.04	109.0
838.04	109.0
905.6	109.0
346.24	109.0
157.76	110.0
310.48	110.0
340.64	110.0
781.88	110.0
884.52	110.0
158.6	111.0
310.48	111.0
313.76	111.0
759.16	111.0
35.6	111.0
91.8	111.0
178.12	111.0
191.36	111.0
196.76	111.0
229.16	111.0
241.28	111.0
316.52	111.0
379.08	111.0
390.28	111.0
439.72	111.0
669.48	111.0
731.32	111.0
742.12	111.0
752.24	111.0
782.56	111.0
799.0	111.0
805.2	111.0
845.6	111.0
863.08	111.0
883.0	111.0
903.16	111.0
922.0	111.0
925.92	111.0
934.48	111.0
950.52	111.0
962.76	111.0
996.56	111.0
309.8	112.0
782.92	112.0
986.92	112.0
862.36	113.0
952.32	113.0
308.2	114.0
311.8	114.0
949.84	114.0
321.4	115.0
413.48	115.0
554.12	115.0
925.64	115.0
113.4	115.0
504.68	115.0
779.6	115.0
903.6	115.0
958.44	115.0
154.4	116.0
191.16	116.0
310.48	116.0
351.88	116.0
805.28	116.0
23.4	116.0
37.8	116.0
70.08	116.0
114.24	116.0
140.84	116.0
158.68	116.0
162.8	116.0
277.8	116.0
314.32	116.0
319.28	116.0
322.08	116.0
329.72	116.0
339.16	116.0
354.6	116.0
358.32	116.0
590.56	116.0
722.44	116.0
734.64	116.0
764.76	116.0
789.16	116.0
875.44	116.0
886.0	116.0
987.92	116.0
1021.72	116.0
968.44	117.0
229.52	117.0
513.64	117.0
733.36	117.0
742.4	117.0
759.36	117.0
302.56	118.0
779.52	118.0
88.12	118.0
314.8	118.0
323.6	118.0
329.32	118.0
739.88	118.0
783.36	118.0
882.92	118.0
924.88	118.0
948.96	118.0
980.92	118.0
579.24	119.0
930.4	119.0
889.0	120.0
310.36	120.0
411.28	120.0
491.28	120.0
801.36	120.0
930.24	120.0
