341.0	84.0
402.52	84.0
302.76	84.0
641.08	84.0
1050.84	84.0
1170.8	84.0
323.96	85.0
333.88	85.0
361.28	85.0
380.52	85.0
411.44	85.0
420.2	85.0
466.76	85.0
477.28	85.0
508.04	85.0
515.56	85.0
567.48	85.0
585.96	85.0
610.36	85.0
623.04	85.0
684.36	85.0
782.12	85.0
871.12	85.0
881.12	85.0
901.96	85.0
936.76	85.0
963.6	85.0
1011.72	85.0
1077.12	85.0
1114.12	85.0
1217.28	85.0
1235.16	85.0
347.76	86.0
351.2	86.0
376.12	86.0
384.52	86.0
387.36	86.0
402.92	86.0
412.16	86.0
419.04	86.0
435.16	86.0
452.92	86.0
459.44	86.0
473.84	86.0
488.6	86.0
543.24	86.0
563.76	86.0
574.32	86.0
589.28	86.0
599.92	86.0
627.4	86.0
641.96	86.0
658.76	86.0
670.04	86.0
729.0	86.0
766.32	86.0
790.6	86.0
816.92	86.0
874.0	86.0
926.88	86.0
953.52	86.0
964.88	86.0
982.92	86.0
1024.32	86.0
1050.04	86.0
1106.72	86.0
1149.84	86.0
1169.84	86.0
1209.52	86.0
1304.84	86.0
307.84	86.0
320.36	86.0
327.08	86.0
337.2	86.0
343.36	86.0
361.08	86.0
370.6	86.0
407.04	86.0
421.64	86.0
445.88	86.0
462.44	86.0
612.28	86.0
999.24	86.0
1158.28	86.0
1230.56	86.0
1240.96	86.0
353.2	87.0
394.92	87.0
308.48	87.0
311.76	87.0
321.16	87.0
327.48	87.0
336.44	87.0
341.76	87.0
344.96	87.0
349.72	87.0
370.68	87.0
403.6	87.0
409.16	87.0
449.12	87.0
459.16	87.0
489.12	87.0
548.36	87.0
596.52	87.0
608.12	87.0
627.2	87.0
684.48	87.0
739.48	87.0
846.24	87.0
874.52	87.0
951.16	87.0
1011.44	87.0
1263.48	87.0
1213.48	88.0
302.48	88.0
322.4	88.0
332.36	88.0
342.48	88.0
350.08	88.0
352.6	88.0
365.76	88.0
378.0	88.0
408.68	88.0
425.52	88.0
455.0	88.0
503.36	88.0
527.0	88.0
566.32	88.0
593.56	88.0
627.64	88.0
647.12	88.0
710.88	88.0
728.4	88.0
770.8	88.0
843.56	88.0
846.12	88.0
896.96	88.0
912.32	88.0
964.72	88.0
974.08	88.0
997.6	88.0
1062.64	88.0
1081.0	88.0
1100.32	88.0
1105.52	88.0
1130.0	88.0
1191.2	88.0
1299.72	88.0
1319.4	88.0
352.6	89.0
313.52	89.0
355.28	89.0
392.72	89.0
399.96	89.0
469.24	89.0
751.92	89.0
851.52	89.0
883.2	89.0
1145.04	89.0
1192.92	89.0
308.92	90.0
323.52	90.0
352.04	90.0
371.68	90.0
384.84	90.0
708.24	90.0
954.96	90.0
313.88	91.0
353.16	91.0
658.92	91.0
314.96	92.0
322.04	92.0
324.88	92.0
337.36	92.0
384.2	92.0
306.12	92.0
309.6	92.0
331.0	92.0
344.88	92.0
352.04	92.0
370.24	92.0
393.08	92.0
409.88	92.0
463.36	92.0
477.56	92.0
537.72	92.0
608.44	92.0
658.0	92.0
709.24	92.0
733.84	92.0
791.2	92.0
818.04	92.0
1001.28	92.0
1051.6	92.0
1174.48	92.0
1191.52	92.0
1230.92	92.0
329.96	93.0
342.12	93.0
355.0	93.0
365.8	93.0
388.76	93.0
406.4	93.0
417.28	93.0
541.16	93.0
615.84	93.0
661.56	93.0
699.32	93.0
1089.48	93.0
1108.88	93.0
1253.28	93.0
425.24	93.0
324.88	94.0
344.28	94.0
377.0	94.0
842.16	94.0
859.0	94.0
329.24	94.0
337.36	94.0
355.36	94.0
389.0	94.0
418.4	94.0
460.84	94.0
318.8	95.0
323.28	95.0
341.4	95.0
351.08	95.0
546.2	95.0
615.4	95.0
701.24	95.0
913.36	95.0
331.88	96.0
413.24	96.0
790.72	96.0
394.16	97.0
451.36	97.0
560.76	97.0
611.68	97.0
640.08	97.0
691.76	97.0
786.92	97.0
857.48	97.0
892.76	97.0
906.48	97.0
944.56	97.0
1048.68	97.0
1082.96	97.0
1146.6	97.0
1230.72	97.0
1317.0	97.0
302.52	97.0
489.68	97.0
719.04	97.0
816.4	97.0
642.68	98.0
308.68	99.0
312.64	99.0
321.4	99.0
326.48	99.0
331.76	99.0
337.48	99.0
344.16	99.0
352.08	99.0
361.08	99.0
504.88	99.0
654.12	99.0
662.52	99.0
686.32	99.0
707.84	99.0
822.4	99.0
832.64	99.0
856.48	99.0
890.96	99.0
954.2	99.0
1000.96	99.0
1132.84	99.0
1165.68	99.0
1194.16	99.0
1226.92	99.0
318.56	100.0
325.56	100.0
390.6	100.0
445.8	100.0
719.68	100.0
820.24	100.0
900.04	100.0
992.64	100.0
311.24	101.0
314.24	101.0
321.68	101.0
327.6	101.0
339.56	101.0
356.32	101.0
372.4	101.0
388.52	101.0
412.84	101.0
473.04	101.0
533.32	101.0
595.32	101.0
346.04	102.0
309.0	102.0
312.04	102.0
314.96	103.0
322.96	103.0
356.64	103.0
328.88	103.0
434.08	103.0
302.88	104.0
308.64	104.0
313.52	104.0
321.76	104.0
325.28	104.0
329.32	104.0
334.8	104.0
343.24	104.0
354.04	104.0
361.96	104.0
375.56	104.0
386.24	104.0
393.24	104.0
421.72	104.0
473.36	104.0
481.64	104.0
494.12	104.0
501.64	104.0
552.64	104.0
572.0	104.0
590.64	104.0
594.44	104.0
619.84	104.0
639.84	104.0
665.24	104.0
683.76	104.0
709.92	104.0
755.96	104.0
760.88	104.0
769.84	104.0
780.36	104.0
822.72	104.0
855.88	104.0
862.84	104.0
879.52	104.0
900.0	104.0
928.68	104.0
931.64	104.0
960.24	104.0
992.0	104.0
1030.24	104.0
1087.32	104.0
1105.28	104.0
1134.0	104.0
1151.08	104.0
1173.96	104.0
1195.84	104.0
1217.6	104.0
1236.6	104.0
1303.64	104.0
324.04	106.0
357.8	106.0
308.56	107.0
489.28	107.0
533.2	107.0
238.12	107.0
320.0	107.0
334.0	107.0
358.2	107.0
375.12	107.0
386.36	107.0
408.52	107.0
417.28	107.0
435.64	107.0
465.0	107.0
476.2	107.0
555.2	107.0
601.76	107.0
684.32	107.0
841.72	107.0
928.12	107.0
1205.64	107.0
302.64	108.0
307.84	108.0
320.76	108.0
325.92	108.0
335.12	108.0
350.92	108.0
365.64	108.0
381.08	108.0
412.64	108.0
708.32	108.0
1133.24	108.0
318.44	109.0
328.48	109.0
351.12	109.0
371.44	109.0
399.48	109.0
708.04	109.0
1039.6	109.0
310.44	110.0
326.72	110.0
434.88	110.0
610.76	110.0
627.6	110.0
458.28	110.0
1193.0	110.0
1319.72	110.0
318.44	111.0
322.88	111.0
326.32	111.0
332.68	111.0
338.44	111.0
342.64	111.0
356.24	111.0
361.76	111.0
366.64	111.0
383.4	111.0
386.92	111.0
403.72	111.0
413.2	111.0
458.76	111.0
472.8	111.0
488.52	111.0
547.8	111.0
620.84	111.0
633.88	111.0
682.4	111.0
707.16	111.0
741.2	111.0
750.88	111.0
856.88	111.0
873.88	111.0
891.96	111.0
954.36	111.0
967.16	111.0
997.08	111.0
1089.24	111.0
1111.6	111.0
1166.4	111.0
1176.6	111.0
1195.2	111.0
1227.52	111.0
349.6	112.0
360.2	112.0
421.16	112.0
449.84	112.0
767.12	112.0
921.24	112.0
1054.76	112.0
1084.4	112.0
311.8	113.0
319.68	113.0
331.32	113.0
342.52	113.0
351.8	113.0
372.16	113.0
402.48	113.0
309.44	114.0
315.0	114.0
320.28	114.0
329.8	114.0
337.12	114.0
342.16	114.0
351.48	114.0
362.44	114.0
372.04	114.0
392.84	114.0
407.48	114.0
417.72	114.0
332.8	114.0
433.4	114.0
535.04	114.0
994.48	114.0
342.6	115.0
365.76	115.0
407.44	115.0
319.32	115.0
328.56	115.0
351.88	115.0
354.96	115.0
386.12	115.0
436.08	115.0
493.48	115.0
536.36	115.0
542.16	115.0
618.96	115.0
654.68	115.0
709.76	115.0
733.64	115.0
812.0	115.0
859.68	115.0
891.28	115.0
997.48	115.0
1157.0	115.0
1205.96	115.0
310.44	116.0
322.92	116.0
332.32	116.0
339.4	116.0
388.6	116.0
319.6	116.0
326.04	116.0
336.52	116.0
341.92	116.0
346.84	116.0
354.76	116.0
362.08	116.0
380.12	116.0
395.44	116.0
402.52	116.0
414.24	116.0
420.48	116.0
446.76	116.0
458.96	116.0
493.04	116.0
585.08	116.0
591.28	116.0
654.8	116.0
750.92	116.0
763.2	116.0
881.92	116.0
896.04	116.0
912.12	116.0
985.56	116.0
1061.88	116.0
356.32	117.0
318.72	117.0
342.36	117.0
386.96	117.0
402.8	117.0
611.2	117.0
664.04	117.0
891.64	117.0
302.6	118.0
321.24	118.0
349.08	118.0
1111.72	118.0
311.52	118.0
324.28	118.0
331.08	118.0
335.8	118.0
353.68	118.0
359.84	118.0
882.08	118.0
325.84	119.0
337.48	119.0
341.28	119.0
352.36	119.0
361.04	119.0
368.52	119.0
310.04	120.0
321.16	120.0
324.24	120.0
331.4	120.0
336.24	120.0
341.36	120.0
349.08	120.0
359.76	120.0
363.56	120.0
514.16	120.0
589.32	120.0
613.48	120.0
647.72	120.0
683.76	120.0
698.72	120.0
740.76	120.0
835.72	120.0
965.36	120.0
1034.68	120.0
