302.84	84.0
21.76	85.0
55.4	85.0
72.2	85.0
80.24	85.0
118.28	85.0
155.4	85.0
194.08	85.0
214.16	85.0
330.36	85.0
351.4	85.0
418.2	85.0
441.28	85.0
542.68	85.0
565.36	85.0
734.6	85.0
763.24	85.0
1047.2	85.0
1262.04	85.0
20.08	86.0
40.32	86.0
89.32	86.0
117.4	86.0
143.68	86.0
166.44	86.0
216.44	86.0
229.96	86.0
278.32	86.0
322.12	86.0
328.44	86.0
364.4	86.0
373.44	86.0
396.32	86.0
420.72	86.0
438.4	86.0
552.2	86.0
585.44	86.0
617.36	86.0
629.08	86.0
644.36	86.0
662.92	86.0
692.28	86.0
731.04	86.0
789.08	86.0
909.76	86.0
928.56	86.0
955.68	86.0
982.28	86.0
1004.2	86.0
1033.44	86.0
1060.64	86.0
1107.8	86.0
1157.88	86.0
1210.0	86.0
1219.6	86.0
1238.4	86.0
1257.28	86.0
1291.48	86.0
1317.08	86.0
33.2	86.0
233.6	86.0
306.36	86.0
316.76	86.0
777.32	86.0
996.72	86.0
655.16	87.0
960.24	87.0
1103.24	87.0
25.0	88.0
44.72	88.0
91.44	88.0
145.56	88.0
171.08	88.0
552.32	88.0
694.04	88.0
754.72	88.0
889.52	88.0
1024.32	88.0
1057.04	88.0
1111.76	88.0
325.12	89.0
63.92	89.0
89.56	89.0
134.0	89.0
760.44	89.0
913.04	89.0
1286.92	89.0
319.68	90.0
325.24	90.0
684.48	90.0
760.16	90.0
777.88	90.0
818.92	90.0
946.68	90.0
957.0	90.0
980.16	90.0
1253.96	90.0
232.96	92.0
306.2	92.0
321.36	92.0
442.72	92.0
1126.28	92.0
112.2	93.0
150.2	93.0
258.44	93.0
291.32	93.0
308.12	93.0
626.8	93.0
795.36	93.0
821.32	93.0
1019.96	93.0
1037.24	93.0
1283.96	93.0
435.8	93.0
276.44	94.0
987.76	94.0
302.8	94.0
52.48	95.0
210.96	95.0
463.52	95.0
895.16	95.0
1172.68	95.0
162.36	97.0
458.36	97.0
1035.52	97.0
1134.48	97.0
116.64	97.0
302.44	97.0
500.24	97.0
581.92	97.0
589.0	97.0
971.76	97.0
1161.44	97.0
1264.8	97.0
552.2	98.0
735.84	98.0
1285.12	98.0
888.12	99.0
85.04	99.0
104.12	99.0
152.68	99.0
234.76	99.0
268.4	99.0
302.48	99.0
308.64	99.0
321.76	99.0
348.6	99.0
557.84	99.0
682.56	99.0
710.28	99.0
733.64	99.0
951.0	99.0
1251.84	99.0
205.08	100.0
218.88	100.0
379.8	100.0
481.2	100.0
908.28	100.0
924.24	100.0
1036.28	100.0
1313.4	100.0
184.4	101.0
308.96	102.0
312.12	102.0
150.28	103.0
302.96	103.0
320.72	103.0
890.96	104.0
12.48	104.0
29.24	104.0
49.16	104.0
66.12	104.0
82.64	104.0
93.64	104.0
136.28	104.0
145.28	104.0
171.8	104.0
186.76	104.0
197.92	104.0
232.76	104.0
260.76	104.0
268.52	104.0
279.4	104.0
302.48	104.0
308.44	104.0
315.04	104.0
324.24	104.0
364.04	104.0
367.8	104.0
395.12	104.0
400.12	104.0
425.88	104.0
437.52	104.0
454.92	104.0
492.0	104.0
509.52	104.0
528.92	104.0
560.4	104.0
581.12	104.0
633.48	104.0
680.36	104.0
685.08	104.0
741.92	104.0
763.28	104.0
819.84	104.0
840.8	104.0
986.6	104.0
1044.32	104.0
1162.72	104.0
1174.0	104.0
1251.6	104.0
1264.2	104.0
1331.56	104.0
3.28	107.0
24.32	107.0
286.24	107.0
318.12	107.0
458.08	107.0
552.96	107.0
590.16	107.0
718.88	107.0
791.56	107.0
1141.52	107.0
1185.96	107.0
1212.08	107.0
1242.4	107.0
1287.2	107.0
185.68	108.0
325.0	109.0
458.2	109.0
310.56	110.0
917.4	110.0
1033.96	110.0
1121.36	110.0
1162.44	110.0
363.08	111.0
15.56	111.0
115.52	111.0
208.8	111.0
237.24	111.0
277.8	111.0
319.28	111.0
349.88	111.0
408.56	111.0
439.8	111.0
489.08	111.0
575.68	111.0
601.6	111.0
604.64	111.0
634.52	111.0
713.12	111.0
952.68	111.0
972.12	111.0
1033.92	111.0
1038.44	111.0
1187.96	111.0
1244.04	111.0
1281.64	111.0
1305.88	111.0
3.2	112.0
46.72	112.0
618.32	112.0
790.2	112.0
844.04	112.0
1008.76	112.0
1255.12	112.0
87.08	114.0
307.0	114.0
913.6	114.0
71.52	115.0
150.16	115.0
202.72	115.0
263.2	115.0
326.88	115.0
362.96	115.0
375.48	115.0
403.24	115.0
591.08	115.0
633.28	115.0
803.76	115.0
877.04	115.0
917.68	115.0
1060.48	115.0
1121.6	115.0
1245.28	115.0
310.56	116.0
48.84	116.0
133.12	116.0
218.48	116.0
267.16	116.0
315.36	116.0
325.4	116.0
358.88	116.0
435.32	116.0
496.2	116.0
868.64	116.0
1005.12	116.0
1059.88	116.0
1178.36	116.0
1290.4	117.0
28.48	117.0
220.52	117.0
342.8	117.0
820.24	117.0
1253.84	117.0
1264.76	117.0
302.48	118.0
314.4	118.0
66.24	120.0
551.2	120.0
992.0	120.0
2.72	120.0
34.04	120.0
233.68	120.0
309.88	120.0
795.52	120.0
913.36	120.0
1037.12	120.0
1106.8	120.0
