302.68	84.0
306.6	84.0
1127.88	84.0
176.4	85.0
335.6	85.0
362.96	85.0
463.08	85.0
1088.16	85.0
1160.8	85.0
1323.88	85.0
26.96	86.0
68.6	86.0
78.0	86.0
84.0	86.0
116.68	86.0
128.24	86.0
148.24	86.0
154.6	86.0
174.76	86.0
192.96	86.0
211.2	86.0
230.64	86.0
239.8	86.0
308.48	86.0
315.76	86.0
342.8	86.0
357.12	86.0
360.48	86.0
372.44	86.0
386.48	86.0
408.32	86.0
424.28	86.0
428.16	86.0
455.0	86.0
459.88	86.0
519.2	86.0
1086.24	86.0
1103.44	86.0
1153.28	86.0
1166.16	86.0
1182.56	86.0
1189.68	86.0
1207.24	86.0
1219.32	86.0
1238.48	86.0
1250.48	86.0
1286.04	86.0
1293.04	86.0
1319.56	86.0
1328.72	86.0
5.72	86.0
98.76	86.0
102.12	86.0
121.12	86.0
138.08	86.0
322.16	86.0
334.6	86.0
337.4	86.0
1117.96	86.0
1127.04	86.0
1159.36	86.0
1214.68	86.0
1301.04	86.0
1153.56	87.0
64.16	87.0
72.2	87.0
98.6	87.0
105.08	87.0
124.4	87.0
176.36	87.0
245.76	87.0
308.28	87.0
312.24	87.0
316.56	87.0
325.16	87.0
332.2	87.0
386.84	87.0
428.8	87.0
1080.44	87.0
1092.16	87.0
1102.12	87.0
1127.96	87.0
1159.92	87.0
1164.92	87.0
1193.56	87.0
1200.32	87.0
1206.64	87.0
1222.08	87.0
1265.68	87.0
1290.28	87.0
1305.72	87.0
72.92	88.0
183.64	88.0
235.32	88.0
158.32	88.0
242.68	88.0
302.44	88.0
320.44	88.0
348.4	88.0
557.44	88.0
710.8	88.0
978.08	88.0
999.48	88.0
1013.68	88.0
1033.16	88.0
1063.12	88.0
1083.96	88.0
1100.92	88.0
1120.4	88.0
1139.52	88.0
1166.56	88.0
1172.56	88.0
1187.08	88.0
1204.2	88.0
1245.2	88.0
1283.44	88.0
1285.96	88.0
1320.08	88.0
313.2	89.0
78.64	89.0
117.64	89.0
351.48	89.0
394.32	89.0
1003.44	89.0
1026.04	89.0
1033.88	89.0
1101.48	89.0
1111.72	89.0
1155.64	89.0
1169.56	89.0
1221.44	89.0
1258.64	89.0
1307.72	89.0
102.52	90.0
119.8	90.0
129.96	90.0
262.68	90.0
302.72	90.0
306.32	90.0
309.4	90.0
319.96	90.0
349.52	90.0
431.72	90.0
1033.6	90.0
1101.24	90.0
1111.44	90.0
1115.32	90.0
1143.56	90.0
1191.2	90.0
1218.56	90.0
1234.56	90.0
1258.4	90.0
1307.44	90.0
1098.6	91.0
1203.92	91.0
69.2	92.0
157.64	92.0
306.2	92.0
310.28	92.0
332.2	92.0
1085.28	92.0
1167.8	92.0
1310.04	92.0
158.52	93.0
279.4	93.0
397.0	93.0
1169.32	93.0
1323.12	93.0
302.44	93.0
1261.2	93.0
302.64	94.0
478.04	94.0
1202.36	94.0
1241.08	94.0
1320.08	94.0
331.36	94.0
481.6	94.0
1040.88	94.0
1191.64	94.0
1100.04	95.0
1222.6	95.0
448.84	97.0
1068.88	97.0
1095.4	97.0
1128.48	97.0
1198.52	97.0
1219.44	97.0
1236.84	97.0
1301.92	97.0
92.6	97.0
302.48	97.0
324.0	97.0
1151.72	97.0
1166.96	97.0
1169.48	97.0
1115.12	98.0
1169.52	98.0
42.96	98.0
1240.96	98.0
151.0	99.0
302.48	99.0
309.68	99.0
319.44	99.0
333.52	99.0
347.12	99.0
1067.64	99.0
1108.92	99.0
1173.68	99.0
1237.88	99.0
1252.64	99.0
332.48	100.0
450.8	100.0
1113.8	100.0
1143.0	100.0
1220.68	100.0
1191.2	101.0
1258.52	101.0
102.96	102.0
1254.0	102.0
308.96	102.0
311.64	102.0
275.6	103.0
302.92	103.0
1229.6	103.0
1180.12	104.0
11.88	104.0
77.32	104.0
80.96	104.0
91.0	104.0
103.32	104.0
132.6	104.0
150.08	104.0
197.04	104.0
215.68	104.0
242.76	104.0
302.64	104.0
308.36	104.0
314.2	104.0
321.32	104.0
336.04	104.0
357.16	104.0
431.12	104.0
479.96	104.0
1038.0	104.0
1086.4	104.0
1105.04	104.0
1155.32	104.0
1177.52	104.0
1199.92	104.0
1219.64	104.0
1233.24	104.0
1253.56	104.0
1257.56	104.0
1273.92	104.0
1284.28	104.0
1294.2	104.0
1322.6	104.0
1152.84	106.0
1166.68	107.0
13.56	107.0
102.56	107.0
144.08	107.0
279.84	107.0
306.68	107.0
317.48	107.0
325.56	107.0
363.16	107.0
394.92	107.0
506.28	107.0
1067.64	107.0
1105.92	107.0
1146.8	107.0
1208.4	107.0
1238.48	107.0
1257.04	107.0
1289.6	107.0
1321.48	107.0
302.48	108.0
331.2	108.0
316.32	108.0
378.96	109.0
1025.52	109.0
1101.0	109.0
1123.92	109.0
1191.0	109.0
1203.4	109.0
1218.32	109.0
1307.24	109.0
310.8	109.0
1109.28	109.0
310.48	110.0
1161.28	110.0
327.24	110.0
1203.2	110.0
1230.08	110.0
1248.6	110.0
1328.84	110.0
302.88	111.0
1145.52	111.0
9.56	111.0
15.64	111.0
90.84	111.0
118.32	111.0
123.16	111.0
158.64	111.0
174.12	111.0
246.16	111.0
309.88	111.0
317.32	111.0
327.2	111.0
333.12	111.0
371.12	111.0
382.2	111.0
429.68	111.0
433.96	111.0
1012.44	111.0
1022.12	111.0
1037.72	111.0
1087.12	111.0
1103.08	111.0
1133.72	111.0
1150.92	111.0
1208.4	111.0
1258.44	111.0
1272.96	111.0
1276.08	111.0
1299.24	111.0
1323.92	111.0
143.96	112.0
177.08	112.0
429.32	112.0
479.52	112.0
1180.72	112.0
1236.88	112.0
306.2	113.0
1324.64	114.0
1170.44	115.0
20.6	115.0
134.48	115.0
201.72	115.0
328.84	115.0
561.4	115.0
1057.6	115.0
1074.48	115.0
1083.96	115.0
1124.04	115.0
1282.72	115.0
1329.12	115.0
310.64	116.0
324.2	116.0
1012.36	116.0
1021.96	116.0
1034.24	116.0
9.44	116.0
88.44	116.0
101.6	116.0
118.72	116.0
140.2	116.0
176.36	116.0
315.04	116.0
321.36	116.0
331.44	116.0
359.36	116.0
378.56	116.0
496.2	116.0
995.72	116.0
1088.96	116.0
1101.48	116.0
1109.08	116.0
1186.12	116.0
1219.04	116.0
1245.44	116.0
1259.08	116.0
1273.16	116.0
1290.16	116.0
1309.64	116.0
1321.92	116.0
92.88	117.0
309.92	117.0
69.76	117.0
85.0	117.0
200.4	117.0
215.44	117.0
315.28	117.0
1053.48	117.0
1103.44	117.0
1192.4	117.0
1321.44	117.0
302.48	118.0
313.64	118.0
324.64	118.0
1265.76	119.0
16.36	120.0
42.04	120.0
211.64	120.0
306.36	120.0
323.68	120.0
333.56	120.0
527.76	120.0
1106.4	120.0
1188.76	120.0
1206.84	120.0
1237.6	120.0
1240.12	120.0
1252.68	120.0
1266.88	120.0
1274.64	120.0
1285.24	120.0
