311.88	84.0
318.08	84.0
1013.0	85.0
164.88	85.0
221.12	85.0
287.24	85.0
333.16	85.0
344.12	85.0
356.6	85.0
382.76	85.0
409.36	85.0
559.08	85.0
575.04	85.0
599.92	85.0
658.68	85.0
742.56	85.0
850.88	85.0
1118.88	85.0
1177.44	85.0
1246.24	85.0
10.04	86.0
40.64	86.0
44.4	86.0
71.08	86.0
99.36	86.0
107.72	86.0
190.36	86.0
218.32	86.0
253.12	86.0
288.56	86.0
296.84	86.0
317.16	86.0
350.44	86.0
362.8	86.0
379.88	86.0
401.0	86.0
433.92	86.0
465.68	86.0
502.64	86.0
533.28	86.0
541.64	86.0
578.08	86.0
633.28	86.0
655.52	86.0
677.96	86.0
708.64	86.0
716.12	86.0
749.0	86.0
800.24	86.0
825.32	86.0
852.96	86.0
934.68	86.0
969.24	86.0
983.48	86.0
1056.08	86.0
1123.8	86.0
1134.36	86.0
1165.68	86.0
1186.52	86.0
1196.84	86.0
1209.36	86.0
1226.04	86.0
1282.24	86.0
162.08	86.0
309.48	86.0
312.16	86.0
320.56	86.0
329.04	86.0
347.04	86.0
598.64	86.0
637.0	86.0
1127.92	86.0
1147.48	86.0
1171.48	86.0
1190.64	86.0
1206.56	86.0
1246.36	86.0
1270.2	86.0
1288.36	86.0
633.28	87.0
161.84	87.0
307.96	87.0
316.32	87.0
324.56	87.0
349.8	87.0
480.4	87.0
602.76	87.0
1089.72	87.0
1113.6	87.0
1134.68	87.0
1150.08	87.0
1156.2	87.0
1179.52	87.0
1207.12	87.0
1213.52	87.0
1268.76	87.0
314.44	88.0
477.88	88.0
624.44	88.0
1132.64	88.0
1149.4	88.0
44.88	88.0
71.96	88.0
184.44	88.0
342.96	88.0
354.8	88.0
365.56	88.0
647.88	88.0
788.24	88.0
826.52	88.0
964.08	88.0
1073.56	88.0
1199.8	88.0
1207.76	88.0
269.2	89.0
46.88	89.0
315.32	89.0
376.44	89.0
1074.04	89.0
1204.96	89.0
1215.48	90.0
103.92	90.0
208.96	90.0
310.56	90.0
323.6	90.0
335.88	90.0
342.6	90.0
357.6	90.0
376.16	90.0
384.96	90.0
400.32	90.0
510.08	90.0
675.16	90.0
685.84	90.0
791.24	90.0
799.0	90.0
823.72	90.0
869.36	90.0
932.68	90.0
1009.16	90.0
1103.88	90.0
1147.96	90.0
1194.44	90.0
1204.64	90.0
1229.04	90.0
1276.28	90.0
1297.0	90.0
1311.04	90.0
332.16	91.0
744.48	91.0
1295.4	91.0
270.56	92.0
319.8	92.0
340.64	92.0
382.76	92.0
647.68	92.0
47.24	92.0
92.96	92.0
284.28	92.0
309.84	92.0
313.76	92.0
324.72	92.0
347.8	92.0
396.6	92.0
659.76	92.0
707.36	92.0
711.72	92.0
739.16	92.0
764.52	92.0
800.8	92.0
974.68	92.0
999.36	92.0
1006.36	92.0
1025.96	92.0
1030.96	92.0
1067.76	92.0
1111.84	92.0
1155.6	92.0
1188.36	92.0
1207.08	92.0
1240.6	92.0
171.96	93.0
217.6	93.0
241.84	93.0
658.48	93.0
716.4	93.0
750.16	93.0
1017.44	93.0
155.12	93.0
798.8	94.0
1294.88	94.0
18.76	94.0
132.96	94.0
167.92	94.0
316.36	94.0
329.6	94.0
352.2	94.0
560.68	94.0
1136.92	94.0
1160.28	94.0
1178.16	94.0
1197.52	94.0
1208.4	94.0
1229.52	94.0
303.0	95.0
72.96	95.0
193.76	95.0
240.76	95.0
575.64	95.0
669.96	95.0
853.92	95.0
968.08	95.0
1015.32	95.0
279.48	96.0
541.64	96.0
824.0	96.0
999.8	96.0
1104.88	96.0
1230.24	96.0
1243.6	97.0
62.8	97.0
315.88	97.0
319.72	97.0
824.48	97.0
1150.28	97.0
1225.84	97.0
822.76	98.0
268.92	98.0
738.84	98.0
1270.96	98.0
302.44	99.0
309.2	99.0
315.6	99.0
321.2	99.0
336.0	99.0
716.72	99.0
833.28	99.0
1109.76	99.0
1114.96	99.0
1180.76	99.0
1209.24	99.0
258.12	100.0
288.8	100.0
318.92	100.0
479.68	100.0
487.68	100.0
780.88	100.0
858.88	100.0
871.68	100.0
1033.04	100.0
1161.4	100.0
1215.4	100.0
384.56	101.0
272.76	102.0
702.32	102.0
308.96	102.0
312.0	102.0
340.72	102.0
306.56	103.0
314.84	103.0
340.48	103.0
522.76	103.0
1184.24	103.0
340.44	104.0
864.36	104.0
34.0	104.0
68.88	104.0
173.28	104.0
250.48	104.0
270.64	104.0
302.6	104.0
308.52	104.0
314.64	104.0
322.16	104.0
330.52	104.0
342.96	104.0
363.56	104.0
387.72	104.0
593.44	104.0
702.36	104.0
1122.6	104.0
1148.68	104.0
1205.44	104.0
1241.16	104.0
363.56	106.0
521.76	106.0
1209.84	107.0
22.0	107.0
37.48	107.0
47.36	107.0
66.96	107.0
73.96	107.0
105.76	107.0
311.2	107.0
315.96	107.0
337.88	107.0
380.44	107.0
383.08	107.0
557.12	107.0
602.08	107.0
633.08	107.0
822.6	107.0
828.36	107.0
993.56	107.0
1111.4	107.0
1114.08	107.0
1152.84	107.0
1157.88	107.0
12.36	108.0
310.92	108.0
342.08	108.0
363.08	108.0
934.84	108.0
1215.28	108.0
1242.4	108.0
431.04	109.0
947.76	109.0
1172.44	109.0
384.92	109.0
520.84	109.0
310.44	110.0
31.68	110.0
197.0	110.0
315.72	110.0
412.08	110.0
436.84	110.0
302.6	111.0
342.8	111.0
5.6	111.0
45.72	111.0
77.72	111.0
101.6	111.0
114.6	111.0
118.08	111.0
147.32	111.0
162.44	111.0
237.28	111.0
268.32	111.0
277.48	111.0
310.52	111.0
315.6	111.0
323.64	111.0
383.96	111.0
509.32	111.0
565.6	111.0
641.88	111.0
670.4	111.0
686.44	111.0
692.44	111.0
764.08	111.0
825.24	111.0
872.32	111.0
1031.2	111.0
1054.72	111.0
1086.16	111.0
1100.72	111.0
1110.08	111.0
1114.44	111.0
1153.44	111.0
1170.68	111.0
1197.28	111.0
1205.8	111.0
1230.24	111.0
1266.68	111.0
315.0	112.0
340.56	112.0
8.12	112.0
19.64	112.0
319.0	112.0
425.28	112.0
632.64	112.0
709.64	112.0
846.92	112.0
1209.4	112.0
1243.92	112.0
302.48	113.0
306.16	114.0
315.64	114.0
664.12	114.0
1268.48	114.0
960.88	115.0
31.96	115.0
69.88	115.0
135.52	115.0
456.36	115.0
563.84	115.0
606.68	115.0
627.32	115.0
998.04	115.0
1153.52	115.0
1245.0	115.0
275.64	116.0
310.48	116.0
316.04	116.0
322.76	116.0
700.0	116.0
782.96	116.0
906.48	116.0
1152.56	116.0
45.16	116.0
70.24	116.0
260.6	116.0
327.68	116.0
332.16	116.0
346.28	116.0
351.8	116.0
402.6	116.0
431.24	116.0
490.8	116.0
517.12	116.0
599.52	116.0
689.12	116.0
797.72	116.0
861.84	116.0
1058.28	116.0
1109.56	116.0
1129.0	116.0
1133.28	116.0
1159.4	116.0
1175.28	116.0
1178.08	116.0
1184.28	116.0
1196.76	116.0
1217.68	116.0
101.92	117.0
315.96	117.0
362.04	117.0
383.0	117.0
412.32	117.0
432.12	117.0
516.92	117.0
302.48	118.0
970.2	118.0
195.2	118.0
312.44	118.0
316.56	118.0
325.84	118.0
343.32	118.0
644.8	118.0
1194.92	118.0
303.0	119.0
192.12	119.0
553.84	119.0
557.12	119.0
902.04	119.0
1078.28	119.0
1179.04	120.0
221.2	120.0
307.12	120.0
340.24	120.0
593.76	120.0
671.92	120.0
686.64	120.0
759.36	120.0
1120.76	120.0
1133.0	120.0
1158.44	120.0
1198.44	120.0
1268.12	120.0
1311.32	120.0
