302.8	84.0
385.08	85.0
422.6	85.0
577.96	85.0
930.08	85.0
308.32	86.0
311.96	86.0
314.52	86.0
317.04	86.0
339.04	86.0
390.68	86.0
417.32	86.0
868.04	86.0
957.64	86.0
1132.24	86.0
1378.56	86.0
320.96	86.0
331.4	86.0
341.72	86.0
353.8	86.0
385.44	86.0
924.32	86.0
1003.4	86.0
315.92	87.0
1254.76	87.0
1318.84	87.0
1340.28	87.0
26.64	87.0
66.28	87.0
125.68	87.0
308.68	87.0
312.88	87.0
747.28	87.0
855.76	87.0
896.16	87.0
902.72	87.0
918.2	87.0
965.0	87.0
1026.4	87.0
1047.84	87.0
1086.24	87.0
1102.84	87.0
1133.32	87.0
1227.16	87.0
1264.96	87.0
1314.88	87.0
1352.76	87.0
1363.76	87.0
1033.32	88.0
1185.88	88.0
1356.0	88.0
73.6	88.0
127.68	88.0
217.64	88.0
311.0	88.0
316.36	88.0
325.8	88.0
356.48	88.0
511.76	88.0
514.52	88.0
577.48	88.0
669.92	88.0
754.36	88.0
1009.04	88.0
1013.48	88.0
1069.12	88.0
1124.8	88.0
1252.76	88.0
277.36	89.0
342.92	89.0
829.24	89.0
1044.32	89.0
1104.24	89.0
1189.44	89.0
1204.76	89.0
80.08	90.0
315.56	90.0
342.6	90.0
828.92	90.0
868.72	90.0
1008.12	90.0
1035.44	90.0
1044.04	90.0
1082.8	90.0
1136.12	90.0
1189.16	90.0
628.96	91.0
309.92	91.0
320.88	91.0
1101.28	91.0
176.32	92.0
339.64	92.0
357.72	92.0
396.92	92.0
416.2	92.0
4.76	92.0
114.72	92.0
139.2	92.0
179.88	92.0
277.48	92.0
324.4	92.0
361.72	92.0
375.92	92.0
408.28	92.0
447.08	92.0
938.32	92.0
956.12	92.0
1059.24	92.0
1237.28	92.0
28.8	93.0
118.28	93.0
211.68	93.0
284.08	93.0
315.64	93.0
415.68	93.0
717.68	93.0
963.28	93.0
1183.24	93.0
218.6	94.0
310.4	94.0
320.24	94.0
353.0	94.0
25.0	95.0
113.56	95.0
199.72	95.0
285.52	95.0
302.44	95.0
421.88	95.0
566.44	95.0
636.6	95.0
740.4	95.0
962.0	95.0
1085.92	95.0
1195.04	95.0
1352.0	95.0
150.4	97.0
302.44	97.0
323.44	97.0
922.92	97.0
1006.48	97.0
1130.56	97.0
1227.2	97.0
1337.72	97.0
283.4	98.0
1226.64	98.0
964.68	99.0
302.48	99.0
308.44	99.0
314.92	99.0
324.44	99.0
332.28	99.0
341.0	99.0
631.2	99.0
946.92	99.0
957.12	99.0
1141.2	99.0
1199.52	99.0
1338.56	99.0
21.08	100.0
116.04	100.0
171.48	100.0
242.4	100.0
428.64	100.0
486.96	100.0
558.56	100.0
600.0	100.0
631.84	100.0
703.8	100.0
954.48	100.0
1081.08	100.0
1168.0	100.0
1276.64	100.0
308.96	102.0
311.84	102.0
246.32	104.0
413.16	104.0
119.4	104.0
286.48	104.0
302.84	104.0
307.92	104.0
313.4	104.0
321.12	104.0
365.0	104.0
393.52	104.0
540.64	104.0
578.24	104.0
739.2	104.0
884.04	104.0
923.48	104.0
955.92	104.0
1041.0	104.0
1280.92	104.0
233.16	106.0
250.72	106.0
363.6	106.0
133.0	107.0
246.0	107.0
253.0	107.0
259.04	107.0
302.48	107.0
313.72	107.0
323.08	107.0
343.92	107.0
396.72	107.0
425.52	107.0
566.84	107.0
704.64	107.0
875.08	107.0
925.28	107.0
963.72	107.0
1112.04	107.0
1149.64	107.0
302.64	108.0
313.84	108.0
962.52	108.0
1204.12	108.0
319.92	109.0
828.72	109.0
1007.88	109.0
1035.2	109.0
1043.84	109.0
1391.52	109.0
310.48	110.0
919.72	110.0
956.88	110.0
1042.64	110.0
1390.32	110.0
322.28	110.0
625.6	110.0
658.6	110.0
868.2	110.0
971.04	110.0
309.84	111.0
998.12	111.0
30.88	111.0
76.72	111.0
132.52	111.0
226.08	111.0
312.36	111.0
315.6	111.0
321.84	111.0
379.96	111.0
533.64	111.0
572.92	111.0
599.88	111.0
625.16	111.0
650.0	111.0
721.36	111.0
795.68	111.0
852.36	111.0
882.84	111.0
919.88	111.0
931.2	111.0
987.56	111.0
1006.84	111.0
1018.6	111.0
1039.24	111.0
1044.2	111.0
1058.92	111.0
1072.4	111.0
1106.44	111.0
1134.6	111.0
1218.48	111.0
1233.28	111.0
1270.28	111.0
1278.08	111.0
1328.56	111.0
1353.76	111.0
1357.04	111.0
910.08	112.0
1120.2	112.0
1390.76	112.0
314.04	114.0
1007.84	115.0
48.64	115.0
354.04	115.0
310.48	116.0
856.88	116.0
75.72	116.0
130.96	116.0
141.36	116.0
175.04	116.0
249.52	116.0
281.04	116.0
321.16	116.0
329.68	116.0
342.12	116.0
367.4	116.0
381.72	116.0
465.52	116.0
512.96	116.0
562.72	116.0
632.56	116.0
635.36	116.0
677.96	116.0
760.44	116.0
784.2	116.0
797.72	116.0
862.32	116.0
887.8	116.0
919.16	116.0
922.04	116.0
957.68	116.0
967.24	116.0
981.2	116.0
991.64	116.0
1032.2	116.0
1068.0	116.0
1084.16	116.0
1101.96	116.0
1175.68	116.0
1183.32	116.0
1258.48	116.0
1280.88	116.0
1332.12	116.0
76.4	117.0
138.76	117.0
1018.88	117.0
1081.96	117.0
76.2	118.0
302.52	118.0
531.28	118.0
570.72	118.0
1326.16	118.0
1388.0	118.0
17.32	118.0
135.36	118.0
315.52	118.0
339.88	118.0
610.92	118.0
762.88	118.0
825.76	118.0
1005.16	118.0
3.8	119.0
98.08	119.0
118.12	119.0
923.32	119.0
986.08	119.0
1342.0	119.0
73.48	120.0
131.4	120.0
138.0	120.0
141.4	120.0
155.8	120.0
176.24	120.0
258.44	120.0
316.24	120.0
395.76	120.0
412.44	120.0
489.76	120.0
613.4	120.0
857.0	120.0
957.52	120.0
1042.88	120.0
1212.6	120.0
1359.56	120.0
