104.48	84.0
302.72	84.0
306.6	84.0
311.92	84.0
320.32	84.0
339.52	84.0
141.8	85.0
165.6	85.0
321.84	85.0
339.24	85.0
378.16	85.0
54.24	86.0
128.92	86.0
141.52	86.0
215.56	86.0
231.72	86.0
295.56	86.0
316.2	86.0
319.2	86.0
335.96	86.0
344.76	86.0
349.44	86.0
362.04	86.0
369.28	86.0
372.0	86.0
377.24	86.0
387.36	86.0
394.84	86.0
405.52	86.0
428.6	86.0
435.28	86.0
437.92	86.0
453.52	86.0
467.96	86.0
492.64	86.0
573.68	86.0
620.44	86.0
309.0	86.0
324.08	86.0
333.36	86.0
353.0	86.0
356.32	86.0
415.48	86.0
598.64	86.0
175.6	87.0
315.88	87.0
160.76	87.0
307.84	87.0
321.48	87.0
325.96	87.0
329.8	87.0
333.76	87.0
346.04	87.0
353.24	87.0
359.68	87.0
370.12	87.0
381.6	87.0
431.48	87.0
245.04	88.0
320.36	88.0
327.04	88.0
435.2	88.0
150.84	88.0
174.2	88.0
254.52	88.0
302.6	88.0
354.76	88.0
834.8	88.0
1170.44	88.0
1252.72	88.0
1260.84	88.0
19.72	89.0
254.0	89.0
347.0	89.0
356.72	89.0
1227.48	89.0
308.72	89.0
315.92	89.0
325.04	89.0
336.04	89.0
350.72	89.0
372.64	89.0
396.28	89.0
485.48	89.0
551.68	89.0
562.88	89.0
746.64	89.0
1174.72	89.0
1246.44	89.0
145.6	90.0
195.24	90.0
302.64	90.0
319.68	90.0
331.16	90.0
343.96	90.0
377.28	90.0
410.4	90.0
417.24	90.0
438.52	90.0
551.36	90.0
1150.28	90.0
1174.4	90.0
325.84	91.0
352.64	91.0
215.24	91.0
405.92	91.0
1152.76	91.0
1198.4	91.0
127.16	92.0
207.08	92.0
311.44	92.0
322.76	92.0
333.96	92.0
344.84	92.0
361.48	92.0
401.92	92.0
520.28	92.0
551.36	92.0
621.52	92.0
1104.96	92.0
1125.76	92.0
1150.44	92.0
1226.24	92.0
18.48	92.0
146.2	92.0
164.36	92.0
176.68	92.0
180.0	92.0
314.8	92.0
340.44	92.0
353.56	92.0
384.64	92.0
445.32	92.0
494.24	92.0
528.32	92.0
555.12	92.0
566.68	92.0
691.8	92.0
1156.0	92.0
1175.44	92.0
1190.64	92.0
1206.16	92.0
1257.88	92.0
302.52	93.0
321.12	94.0
325.52	94.0
337.48	94.0
354.04	94.0
360.64	94.0
404.0	94.0
437.92	94.0
484.08	94.0
568.0	94.0
322.96	95.0
74.88	95.0
249.76	95.0
302.48	95.0
28.64	96.0
100.04	96.0
220.24	96.0
574.32	96.0
665.64	96.0
1145.36	96.0
1239.68	96.0
217.48	97.0
310.8	97.0
339.16	97.0
112.28	97.0
302.68	97.0
313.84	97.0
321.64	97.0
139.24	98.0
302.44	98.0
179.24	99.0
302.56	99.0
307.76	99.0
313.68	99.0
320.52	99.0
327.08	99.0
334.6	99.0
343.12	99.0
356.2	99.0
1154.96	99.0
145.36	100.0
169.2	100.0
256.36	100.0
319.0	100.0
385.64	100.0
549.84	100.0
645.6	100.0
1147.56	100.0
1179.56	100.0
1240.68	100.0
1290.32	100.0
1296.64	100.0
345.52	101.0
394.24	101.0
127.28	102.0
309.0	102.0
311.68	102.0
350.24	103.0
302.76	104.0
308.88	104.0
313.72	104.0
318.84	104.0
322.84	104.0
325.48	104.0
333.48	104.0
340.2	104.0
348.4	104.0
361.96	104.0
375.32	104.0
403.44	104.0
458.96	104.0
1288.76	104.0
387.32	106.0
436.4	107.0
302.64	107.0
313.32	107.0
317.76	107.0
320.72	107.0
336.12	107.0
375.64	107.0
623.32	107.0
302.84	108.0
321.52	108.0
310.08	108.0
316.76	108.0
334.72	108.0
357.72	108.0
383.24	108.0
416.04	108.0
477.48	108.0
512.32	108.0
540.92	108.0
1244.6	108.0
1295.2	108.0
194.96	109.0
207.08	109.0
410.16	109.0
1149.96	109.0
361.56	109.0
310.48	110.0
314.88	110.0
350.6	110.0
497.88	110.0
380.64	110.0
387.64	110.0
335.56	111.0
700.0	111.0
1184.88	111.0
32.64	111.0
106.84	111.0
135.52	111.0
165.48	111.0
181.04	111.0
213.92	111.0
309.88	111.0
313.48	111.0
325.16	111.0
343.72	111.0
347.52	111.0
350.72	111.0
357.88	111.0
364.4	111.0
398.56	111.0
403.08	111.0
420.36	111.0
428.84	111.0
445.76	111.0
473.04	111.0
498.0	111.0
507.92	111.0
525.32	111.0
551.96	111.0
625.72	111.0
668.68	111.0
1157.28	111.0
1228.88	111.0
398.36	112.0
430.4	112.0
320.88	113.0
307.72	114.0
321.08	114.0
345.8	114.0
31.92	115.0
67.52	115.0
129.16	115.0
175.28	115.0
250.36	115.0
343.68	115.0
380.88	115.0
1189.48	115.0
1243.88	115.0
1293.32	115.0
1302.24	115.0
310.52	116.0
319.4	116.0
322.04	116.0
338.52	116.0
1244.2	116.0
176.72	116.0
203.44	116.0
210.92	116.0
314.28	116.0
325.44	116.0
330.48	116.0
343.24	116.0
350.28	116.0
366.2	116.0
378.32	116.0
386.32	116.0
401.92	116.0
465.12	116.0
529.8	116.0
561.6	116.0
1140.24	116.0
1149.96	116.0
1178.84	116.0
1184.04	116.0
1209.16	116.0
1293.72	116.0
474.2	117.0
333.6	117.0
369.36	117.0
377.2	117.0
446.08	117.0
552.32	117.0
700.16	117.0
1184.88	117.0
302.48	118.0
311.36	118.0
358.48	118.0
1251.84	118.0
308.52	118.0
317.36	118.0
324.0	118.0
330.76	118.0
340.2	118.0
374.28	118.0
393.04	118.0
308.52	119.0
22.08	119.0
101.96	119.0
171.64	119.0
212.4	119.0
283.08	119.0
335.68	119.0
375.2	119.0
752.0	119.0
21.88	120.0
52.8	120.0
69.56	120.0
105.72	120.0
169.96	120.0
229.84	120.0
306.28	120.0
314.48	120.0
321.28	120.0
327.8	120.0
387.44	120.0
416.88	120.0
483.92	120.0
666.04	120.0
1199.8	120.0
1316.4	120.0
