302.56	84.0
315.76	84.0
989.4	84.0
1010.84	84.0
1035.68	84.0
323.24	85.0
343.08	85.0
47.4	86.0
76.68	86.0
83.24	86.0
114.64	86.0
122.72	86.0
135.08	86.0
153.84	86.0
163.56	86.0
170.0	86.0
179.44	86.0
195.96	86.0
207.56	86.0
210.52	86.0
215.68	86.0
229.36	86.0
235.44	86.0
242.88	86.0
256.16	86.0
294.32	86.0
311.04	86.0
334.36	86.0
336.96	86.0
346.76	86.0
370.0	86.0
378.36	86.0
407.12	86.0
433.84	86.0
439.56	86.0
509.6	86.0
975.12	86.0
987.4	86.0
999.48	86.0
1005.32	86.0
1010.88	86.0
1017.96	86.0
1021.8	86.0
1029.6	86.0
1036.0	86.0
1039.8	86.0
1054.88	86.0
1067.12	86.0
1076.4	86.0
1083.88	86.0
1090.32	86.0
1093.64	86.0
1097.92	86.0
1105.28	86.0
1115.28	86.0
1127.04	86.0
1171.8	86.0
1285.56	86.0
30.88	86.0
314.96	86.0
320.68	86.0
328.72	86.0
351.12	86.0
990.0	86.0
994.36	86.0
1025.32	86.0
1149.56	86.0
1000.84	87.0
14.36	87.0
70.64	87.0
95.76	87.0
111.56	87.0
118.84	87.0
151.96	87.0
162.8	87.0
186.92	87.0
310.88	87.0
314.52	87.0
317.84	87.0
320.96	87.0
324.4	87.0
328.76	87.0
332.0	87.0
337.8	87.0
347.0	87.0
948.96	87.0
975.72	87.0
990.2	87.0
1009.36	87.0
1022.32	87.0
1137.68	87.0
322.92	88.0
960.88	88.0
973.32	88.0
1018.52	88.0
1046.68	88.0
1064.08	88.0
145.88	88.0
243.76	88.0
262.72	88.0
309.08	88.0
312.68	88.0
365.36	88.0
385.44	88.0
986.56	88.0
1004.8	88.0
1011.52	88.0
1094.68	88.0
1278.72	88.0
313.72	89.0
101.92	89.0
111.24	89.0
194.36	89.0
271.84	89.0
306.44	89.0
323.28	89.0
327.44	89.0
451.92	89.0
475.44	89.0
997.8	89.0
1003.52	89.0
1053.56	89.0
1077.48	89.0
1115.88	89.0
111.48	90.0
323.48	90.0
85.92	90.0
124.96	90.0
179.76	90.0
194.04	90.0
209.48	90.0
222.72	90.0
233.56	90.0
309.64	90.0
313.52	90.0
328.92	90.0
343.44	90.0
350.36	90.0
475.12	90.0
997.48	90.0
1006.6	90.0
1049.56	90.0
1130.96	90.0
1142.84	90.0
1317.04	90.0
326.64	91.0
979.84	91.0
51.48	92.0
93.4	92.0
103.44	92.0
160.4	92.0
234.52	92.0
270.56	92.0
315.2	92.0
340.68	92.0
383.84	92.0
405.24	92.0
428.0	92.0
504.44	92.0
962.8	92.0
982.8	92.0
993.04	92.0
1009.64	92.0
1040.44	92.0
1047.48	92.0
1103.2	92.0
1145.36	92.0
1178.32	92.0
1228.8	92.0
1308.44	92.0
20.48	92.0
31.56	92.0
55.64	92.0
100.8	92.0
117.8	92.0
133.12	92.0
143.6	92.0
146.96	92.0
164.24	92.0
224.2	92.0
242.4	92.0
253.64	92.0
317.92	92.0
350.44	92.0
365.88	92.0
387.68	92.0
435.72	92.0
975.32	92.0
988.16	92.0
1019.4	92.0
1033.4	92.0
1065.36	92.0
1086.44	92.0
1095.44	92.0
1123.2	92.0
1129.52	92.0
1149.2	92.0
1208.8	92.0
115.96	93.0
238.52	93.0
319.84	93.0
340.84	93.0
1126.24	93.0
302.68	94.0
147.36	94.0
311.76	94.0
327.12	94.0
389.2	94.0
458.6	94.0
984.0	94.0
1050.24	94.0
1090.56	94.0
1111.6	94.0
1131.64	94.0
1215.96	94.0
251.92	95.0
1037.12	95.0
1178.0	95.0
114.76	96.0
988.44	96.0
1010.44	96.0
1227.72	96.0
992.2	97.0
1034.72	97.0
210.4	97.0
313.52	97.0
319.44	97.0
323.2	97.0
1010.12	97.0
28.68	98.0
31.48	98.0
75.64	99.0
151.92	99.0
183.28	99.0
219.0	99.0
302.44	99.0
306.72	99.0
311.92	99.0
319.2	99.0
326.2	99.0
329.68	99.0
334.76	99.0
987.32	99.0
1006.44	99.0
1017.56	99.0
1032.0	99.0
1043.28	99.0
1076.2	99.0
1130.04	99.0
1180.32	99.0
34.16	100.0
111.4	100.0
147.92	100.0
173.92	100.0
194.56	100.0
323.32	100.0
473.6	100.0
987.68	100.0
1038.84	100.0
1051.44	100.0
1293.08	100.0
311.92	101.0
344.6	101.0
1022.0	101.0
235.96	102.0
335.52	102.0
308.92	102.0
312.08	102.0
82.36	103.0
315.12	103.0
340.6	103.0
113.76	104.0
164.64	104.0
201.04	104.0
226.68	104.0
302.76	104.0
307.6	104.0
313.92	104.0
318.84	104.0
325.0	104.0
332.2	104.0
341.24	104.0
362.44	104.0
403.84	104.0
987.2	104.0
999.8	104.0
1012.52	104.0
1021.2	104.0
1034.08	104.0
1049.04	104.0
1077.2	104.0
1097.04	104.0
1237.72	104.0
119.8	106.0
291.36	106.0
322.56	106.0
423.52	106.0
467.64	106.0
72.92	107.0
120.4	107.0
207.76	107.0
309.08	107.0
316.0	107.0
320.2	107.0
327.16	107.0
336.12	107.0
340.72	107.0
368.44	107.0
957.08	107.0
996.52	107.0
1000.12	107.0
1010.64	107.0
1031.36	107.0
1065.6	107.0
1173.12	107.0
1043.0	108.0
114.16	108.0
310.96	108.0
319.52	108.0
336.0	108.0
357.2	108.0
1029.84	108.0
1036.36	108.0
1048.56	108.0
1069.2	108.0
1088.84	108.0
1126.72	108.0
24.68	109.0
322.64	109.0
343.24	109.0
1006.4	109.0
1232.56	109.0
1317.24	109.0
310.48	110.0
369.24	110.0
452.72	110.0
1117.12	110.0
241.56	110.0
328.12	110.0
343.64	110.0
349.28	110.0
998.28	110.0
126.32	111.0
5.24	111.0
55.36	111.0
97.96	111.0
114.52	111.0
163.88	111.0
238.12	111.0
273.36	111.0
309.0	111.0
314.04	111.0
321.6	111.0
327.88	111.0
334.88	111.0
342.88	111.0
349.2	111.0
353.24	111.0
387.4	111.0
395.24	111.0
407.6	111.0
430.2	111.0
452.88	111.0
479.16	111.0
508.04	111.0
977.68	111.0
986.56	111.0
996.52	111.0
1010.96	111.0
1015.0	111.0
1031.72	111.0
1046.32	111.0
1050.04	111.0
1066.12	111.0
1068.8	111.0
1088.12	111.0
1102.4	111.0
1106.32	111.0
1131.32	111.0
1149.04	111.0
1164.64	111.0
1177.08	111.0
1233.12	111.0
162.76	112.0
195.28	112.0
224.32	112.0
235.28	112.0
309.28	112.0
316.8	112.0
328.2	112.0
339.72	112.0
358.6	112.0
1044.64	112.0
133.84	113.0
302.48	113.0
306.32	113.0
321.48	113.0
1107.88	113.0
302.48	114.0
317.48	114.0
238.52	115.0
323.56	115.0
1010.64	115.0
1151.32	115.0
44.28	115.0
132.96	115.0
168.32	115.0
202.96	115.0
343.96	115.0
380.0	115.0
426.68	115.0
485.28	115.0
1003.08	115.0
1022.76	115.0
1038.04	115.0
1068.96	115.0
1123.76	115.0
1236.76	115.0
1310.56	115.0
136.12	116.0
310.48	116.0
1304.32	116.0
24.68	116.0
64.88	116.0
78.48	116.0
112.64	116.0
117.88	116.0
145.68	116.0
190.12	116.0
197.4	116.0
207.28	116.0
220.88	116.0
314.24	116.0
317.92	116.0
320.6	116.0
325.52	116.0
331.2	116.0
335.88	116.0
351.64	116.0
367.92	116.0
388.08	116.0
476.76	116.0
990.12	116.0
995.96	116.0
1009.2	116.0
1021.24	116.0
1036.52	116.0
1054.2	116.0
1088.44	116.0
1148.2	116.0
1150.72	116.0
1235.0	116.0
1295.32	116.0
315.04	117.0
348.36	117.0
126.32	117.0
317.6	117.0
322.84	117.0
369.6	117.0
995.88	117.0
1008.96	117.0
1045.24	117.0
302.48	118.0
321.52	118.0
348.08	118.0
66.28	118.0
146.32	118.0
194.88	118.0
197.48	118.0
266.84	118.0
310.96	118.0
317.64	118.0
331.68	118.0
338.64	118.0
355.24	118.0
397.68	118.0
523.52	118.0
975.44	118.0
979.68	118.0
994.32	118.0
1000.2	118.0
1008.88	118.0
1011.52	118.0
1017.72	118.0
1030.04	118.0
1040.04	118.0
1050.92	118.0
1068.96	118.0
1080.04	118.0
1101.8	118.0
1051.12	119.0
302.72	119.0
332.64	119.0
339.28	119.0
999.28	119.0
1064.04	119.0
1223.68	119.0
1274.56	119.0
40.76	120.0
122.32	120.0
162.28	120.0
194.8	120.0
215.48	120.0
316.24	120.0
326.84	120.0
339.24	120.0
1018.48	120.0
1066.36	120.0
1185.76	120.0
