302.52	84.0
311.8	84.0
325.04	84.0
356.4	84.0
285.08	85.0
336.32	85.0
349.4	85.0
240.04	86.0
251.24	86.0
289.44	86.0
293.68	86.0
303.0	86.0
338.44	86.0
343.52	86.0
350.88	86.0
363.08	86.0
368.56	86.0
380.08	86.0
404.76	86.0
417.44	86.0
440.8	86.0
458.88	86.0
486.32	86.0
539.08	86.0
569.76	86.0
743.56	86.0
278.96	86.0
296.68	86.0
312.32	86.0
320.6	86.0
328.96	86.0
334.04	86.0
354.76	86.0
374.28	86.0
389.36	86.0
512.24	86.0
238.6	87.0
255.64	87.0
267.76	87.0
290.24	87.0
311.84	87.0
314.68	87.0
317.88	87.0
321.0	87.0
325.44	87.0
329.32	87.0
332.88	87.0
347.04	87.0
355.28	87.0
367.4	87.0
388.52	87.0
422.08	87.0
188.84	88.0
251.12	88.0
314.44	88.0
333.96	88.0
394.96	88.0
429.56	88.0
504.64	88.0
566.68	88.0
213.32	88.0
268.12	88.0
302.8	88.0
323.92	88.0
342.08	88.0
359.6	88.0
370.76	88.0
465.0	88.0
640.92	88.0
689.12	88.0
710.6	88.0
314.88	89.0
239.32	89.0
256.92	89.0
267.72	89.0
286.2	89.0
346.8	89.0
366.76	89.0
449.56	89.0
467.88	89.0
523.48	89.0
282.52	90.0
53.16	90.0
90.04	90.0
246.64	90.0
256.6	90.0
267.44	90.0
285.88	90.0
294.2	90.0
302.48	90.0
310.44	90.0
319.52	90.0
323.72	90.0
346.52	90.0
418.48	90.0
449.24	90.0
469.4	90.0
506.88	90.0
517.68	90.0
323.36	91.0
187.12	92.0
211.32	92.0
249.76	92.0
265.4	92.0
321.04	92.0
338.32	92.0
406.56	92.0
467.2	92.0
636.68	92.0
718.56	92.0
184.6	92.0
195.56	92.0
219.76	92.0
222.64	92.0
240.2	92.0
281.32	92.0
311.16	92.0
347.0	92.0
363.52	92.0
374.16	92.0
419.92	92.0
451.4	92.0
472.56	92.0
482.68	92.0
514.12	92.0
540.44	92.0
598.64	92.0
270.6	93.0
315.28	93.0
302.64	94.0
351.04	94.0
627.48	94.0
272.16	94.0
295.96	94.0
324.32	94.0
356.84	94.0
381.0	94.0
407.04	94.0
431.96	94.0
498.48	94.0
521.32	94.0
277.96	95.0
335.92	95.0
579.44	95.0
250.08	96.0
293.24	97.0
315.4	97.0
326.28	97.0
339.24	97.0
436.72	97.0
380.24	98.0
302.44	99.0
311.92	99.0
316.72	99.0
321.92	99.0
326.4	99.0
334.36	99.0
341.04	99.0
348.68	99.0
251.92	100.0
467.72	100.0
520.8	100.0
319.96	101.0
358.72	101.0
320.36	102.0
249.88	102.0
311.76	102.0
233.8	103.0
302.48	103.0
259.16	104.0
284.96	104.0
302.48	104.0
313.24	104.0
318.2	104.0
324.28	104.0
330.88	104.0
341.0	104.0
348.12	104.0
355.64	104.0
367.76	104.0
390.96	104.0
426.56	104.0
448.88	104.0
517.32	104.0
542.24	104.0
357.08	106.0
314.44	107.0
321.68	107.0
249.84	107.0
291.56	107.0
302.84	107.0
318.48	107.0
330.68	107.0
335.16	107.0
374.8	107.0
417.72	107.0
590.68	107.0
294.44	108.0
254.68	108.0
310.84	108.0
324.2	108.0
343.36	108.0
353.04	108.0
376.56	108.0
401.88	108.0
433.24	108.0
501.24	108.0
253.32	109.0
256.44	109.0
314.48	109.0
333.04	109.0
380.24	109.0
324.12	109.0
365.64	109.0
310.52	110.0
314.12	110.0
447.0	110.0
470.12	110.0
324.8	110.0
338.16	110.0
379.88	110.0
653.68	110.0
251.64	111.0
302.88	111.0
233.76	111.0
237.16	111.0
248.04	111.0
263.92	111.0
266.76	111.0
270.24	111.0
282.96	111.0
314.24	111.0
318.6	111.0
323.56	111.0
328.84	111.0
333.56	111.0
338.12	111.0
342.52	111.0
349.48	111.0
352.2	111.0
356.84	111.0
378.0	111.0
389.96	111.0
394.44	111.0
399.64	111.0
423.64	111.0
450.68	111.0
513.64	111.0
534.56	111.0
554.16	111.0
592.32	111.0
640.28	111.0
330.84	112.0
228.88	112.0
265.2	112.0
316.12	112.0
324.44	112.0
339.44	112.0
364.04	112.0
371.04	112.0
443.32	112.0
634.96	112.0
330.84	113.0
315.72	113.0
336.56	113.0
415.16	113.0
313.2	114.0
324.32	114.0
339.4	114.0
399.48	114.0
459.92	114.0
284.84	115.0
653.64	115.0
254.44	115.0
258.08	115.0
271.24	115.0
294.72	115.0
348.0	115.0
364.96	115.0
380.32	115.0
471.04	115.0
597.44	115.0
271.16	116.0
310.44	116.0
335.56	116.0
517.12	116.0
219.24	116.0
251.52	116.0
257.48	116.0
268.64	116.0
282.16	116.0
293.32	116.0
313.6	116.0
317.88	116.0
320.4	116.0
323.4	116.0
328.52	116.0
343.36	116.0
347.36	116.0
356.72	116.0
373.4	116.0
379.0	116.0
387.64	116.0
535.4	116.0
322.68	117.0
355.56	117.0
378.6	117.0
251.72	117.0
270.52	117.0
314.56	117.0
333.84	117.0
338.36	117.0
342.84	117.0
352.44	117.0
390.28	117.0
231.0	118.0
302.52	118.0
310.12	118.0
378.8	118.0
261.32	118.0
293.8	118.0
315.92	118.0
318.64	118.0
331.68	118.0
336.52	118.0
346.52	118.0
360.16	118.0
375.24	118.0
382.24	118.0
389.36	118.0
407.44	118.0
433.36	118.0
462.0	118.0
471.2	118.0
494.32	118.0
647.56	118.0
724.6	118.0
262.92	119.0
294.68	119.0
314.28	119.0
357.92	119.0
371.32	119.0
593.16	119.0
249.28	120.0
264.76	120.0
284.68	120.0
323.96	120.0
337.56	120.0
344.16	120.0
353.32	120.0
372.64	120.0
399.76	120.0
426.32	120.0
