348.24	84.0
302.72	84.0
321.96	84.0
324.92	84.0
321.6	85.0
329.72	85.0
342.52	85.0
389.96	85.0
659.12	85.0
681.76	85.0
866.56	85.0
314.08	86.0
317.12	86.0
329.32	86.0
334.0	86.0
341.44	86.0
360.6	86.0
364.8	86.0
377.04	86.0
381.88	86.0
387.72	86.0
395.2	86.0
405.56	86.0
411.88	86.0
419.84	86.0
431.8	86.0
440.16	86.0
455.88	86.0
465.36	86.0
477.96	86.0
494.24	86.0
503.12	86.0
513.72	86.0
525.04	86.0
538.12	86.0
557.64	86.0
575.36	86.0
586.76	86.0
598.4	86.0
620.44	86.0
641.16	86.0
671.56	86.0
711.6	86.0
733.0	86.0
779.76	86.0
809.56	86.0
826.6	86.0
839.84	86.0
928.44	86.0
938.28	86.0
1005.16	86.0
1019.52	86.0
1057.32	86.0
1084.48	86.0
1112.88	86.0
1185.44	86.0
1252.28	86.0
1326.2	86.0
1423.32	86.0
322.8	86.0
338.0	86.0
345.04	86.0
356.96	86.0
371.12	86.0
1036.4	86.0
1069.76	86.0
1242.72	86.0
1291.56	86.0
315.32	87.0
324.08	87.0
344.24	87.0
363.0	87.0
329.6	87.0
332.68	87.0
336.28	87.0
354.36	87.0
358.28	87.0
367.04	87.0
372.32	87.0
379.6	87.0
384.44	87.0
391.08	87.0
447.84	87.0
509.28	87.0
614.92	87.0
666.08	87.0
695.24	87.0
821.12	87.0
1005.52	87.0
1099.56	87.0
1180.16	87.0
1378.44	87.0
1423.84	87.0
317.08	88.0
351.48	88.0
360.4	88.0
367.2	88.0
381.2	88.0
401.56	88.0
442.84	88.0
458.52	88.0
532.4	88.0
568.48	88.0
571.2	88.0
618.96	88.0
641.96	88.0
685.8	88.0
859.6	88.0
946.0	88.0
1060.96	88.0
1283.0	88.0
1299.32	88.0
1340.84	88.0
1365.4	88.0
1406.04	88.0
302.48	88.0
324.36	88.0
328.24	88.0
417.6	88.0
420.76	88.0
474.36	88.0
479.88	88.0
646.64	88.0
667.16	88.0
806.24	88.0
999.84	88.0
1070.08	88.0
1184.6	88.0
1301.96	88.0
1372.72	88.0
371.28	89.0
863.92	89.0
349.76	89.0
354.52	89.0
359.6	89.0
721.12	89.0
968.6	89.0
1256.28	89.0
302.48	90.0
312.8	90.0
324.8	90.0
335.96	90.0
403.08	90.0
584.2	90.0
720.84	90.0
968.32	90.0
1142.68	90.0
1188.0	90.0
1291.48	90.0
312.56	91.0
321.64	91.0
342.48	91.0
386.12	91.0
317.44	92.0
371.36	92.0
389.8	92.0
442.52	92.0
527.12	92.0
557.76	92.0
591.6	92.0
620.56	92.0
690.72	92.0
800.56	92.0
1010.0	92.0
1215.28	92.0
1259.48	92.0
1342.04	92.0
323.64	92.0
350.48	92.0
379.48	92.0
383.72	92.0
407.48	92.0
418.92	92.0
435.0	92.0
446.64	92.0
457.84	92.0
498.0	92.0
572.56	92.0
608.0	92.0
637.6	92.0
644.6	92.0
672.08	92.0
739.36	92.0
744.36	92.0
804.76	92.0
838.72	92.0
892.08	92.0
907.24	92.0
921.36	92.0
928.56	92.0
948.0	92.0
990.48	92.0
1000.28	92.0
1025.24	92.0
1046.0	92.0
1095.84	92.0
1105.48	92.0
1134.76	92.0
1171.0	92.0
1196.04	92.0
1202.08	92.0
1240.36	92.0
1281.76	92.0
1304.84	92.0
1320.76	92.0
1326.64	92.0
1367.28	92.0
1391.56	92.0
1403.6	92.0
319.48	93.0
330.4	93.0
356.92	93.0
381.32	93.0
482.64	93.0
540.28	93.0
864.64	93.0
932.92	93.0
1379.0	93.0
302.48	93.0
302.84	94.0
337.64	94.0
320.08	94.0
325.84	94.0
329.24	94.0
342.2	94.0
443.8	94.0
531.4	94.0
561.12	94.0
315.32	95.0
326.64	95.0
349.32	95.0
364.0	95.0
505.36	95.0
557.08	95.0
600.24	95.0
660.12	95.0
698.48	95.0
760.64	95.0
782.28	95.0
839.36	95.0
897.44	95.0
1062.36	95.0
1243.36	95.0
1418.0	95.0
347.44	96.0
316.48	96.0
597.0	96.0
302.44	97.0
316.76	97.0
333.72	97.0
346.6	97.0
471.08	97.0
842.08	97.0
302.44	98.0
756.56	98.0
896.8	98.0
303.0	99.0
316.2	99.0
320.88	99.0
325.56	99.0
329.28	99.0
334.04	99.0
347.08	99.0
354.68	99.0
357.2	99.0
480.44	99.0
639.72	99.0
751.28	99.0
809.52	99.0
956.96	99.0
1001.28	99.0
1073.76	99.0
1190.24	99.0
1404.52	99.0
312.76	100.0
325.48	100.0
330.2	100.0
354.24	100.0
1365.44	100.0
335.88	101.0
312.48	101.0
321.56	101.0
326.16	101.0
332.72	101.0
355.0	101.0
381.44	101.0
309.0	102.0
341.44	103.0
302.88	104.0
312.4	104.0
316.48	104.0
320.92	104.0
326.56	104.0
335.52	104.0
346.36	104.0
356.52	104.0
374.72	104.0
383.08	104.0
433.92	104.0
446.52	104.0
498.72	104.0
524.6	104.0
549.2	104.0
557.0	104.0
578.72	104.0
597.52	104.0
627.28	104.0
655.52	104.0
671.48	104.0
808.6	104.0
872.76	104.0
1074.88	104.0
1383.16	104.0
281.48	106.0
321.32	106.0
348.48	106.0
495.8	106.0
533.8	106.0
618.08	106.0
1077.84	106.0
302.44	107.0
315.56	107.0
320.32	107.0
327.24	107.0
329.76	107.0
341.44	107.0
346.24	107.0
349.84	107.0
365.52	107.0
392.92	107.0
806.24	107.0
1243.36	107.0
316.16	108.0
356.64	108.0
326.6	108.0
335.36	108.0
344.6	108.0
348.56	108.0
368.36	108.0
385.24	108.0
409.76	108.0
446.08	108.0
500.4	108.0
324.64	109.0
340.68	109.0
489.68	109.0
746.12	109.0
1374.08	109.0
317.8	109.0
336.64	109.0
325.4	110.0
339.96	110.0
355.04	110.0
369.16	110.0
404.28	110.0
317.04	110.0
388.6	110.0
558.64	110.0
998.32	110.0
1227.68	110.0
1352.12	110.0
1418.24	110.0
350.76	111.0
930.4	111.0
1049.92	111.0
1386.0	111.0
317.6	111.0
322.24	111.0
324.96	111.0
328.32	111.0
333.12	111.0
336.52	111.0
340.04	111.0
354.56	111.0
371.52	111.0
379.56	111.0
387.24	111.0
395.68	111.0
419.92	111.0
434.72	111.0
442.08	111.0
445.76	111.0
473.72	111.0
496.6	111.0
514.8	111.0
558.72	111.0
570.48	111.0
591.36	111.0
607.88	111.0
641.4	111.0
660.8	111.0
675.68	111.0
687.92	111.0
703.36	111.0
719.88	111.0
756.52	111.0
777.28	111.0
842.0	111.0
888.64	111.0
924.28	111.0
949.64	111.0
987.28	111.0
1012.44	111.0
1023.24	111.0
1030.28	111.0
1043.56	111.0
1067.36	111.0
1081.84	111.0
1121.2	111.0
1158.2	111.0
1212.84	111.0
1238.8	111.0
1261.92	111.0
1344.8	111.0
1416.0	111.0
325.8	112.0
336.36	112.0
380.44	112.0
577.4	112.0
1126.92	112.0
314.48	113.0
322.92	113.0
336.12	113.0
340.36	113.0
347.28	113.0
376.16	113.0
315.2	114.0
323.36	114.0
333.2	114.0
336.8	114.0
344.8	114.0
350.56	114.0
368.92	114.0
616.16	114.0
442.32	115.0
539.16	115.0
345.12	115.0
358.08	115.0
368.88	115.0
476.56	115.0
500.16	115.0
558.84	115.0
628.72	115.0
684.2	115.0
724.84	115.0
779.96	115.0
808.68	115.0
839.28	115.0
1031.8	115.0
1070.68	115.0
1114.92	115.0
1154.88	115.0
1228.0	115.0
1256.72	115.0
1327.32	115.0
1418.52	115.0
336.44	116.0
314.08	116.0
316.84	116.0
324.64	116.0
327.92	116.0
330.44	116.0
353.4	116.0
356.08	116.0
364.04	116.0
368.6	116.0
374.44	116.0
379.08	116.0
385.24	116.0
396.56	116.0
409.84	116.0
419.32	116.0
423.48	116.0
430.76	116.0
442.44	116.0
458.0	116.0
471.96	116.0
571.52	116.0
589.92	116.0
618.6	116.0
806.64	116.0
861.52	116.0
984.6	116.0
1052.2	116.0
1088.16	116.0
1102.48	116.0
1120.52	116.0
1234.68	116.0
315.12	117.0
322.52	117.0
364.04	117.0
388.76	117.0
442.44	117.0
1049.92	117.0
1386.08	117.0
302.4	118.0
314.44	118.0
321.68	118.0
328.32	118.0
335.84	118.0
344.08	118.0
346.6	118.0
350.0	118.0
359.28	118.0
375.6	118.0
394.72	118.0
424.8	118.0
430.44	118.0
444.8	118.0
470.2	118.0
472.92	118.0
497.88	118.0
534.64	118.0
584.08	118.0
628.36	118.0
674.12	118.0
744.92	118.0
1060.2	118.0
1144.52	118.0
313.84	119.0
326.64	119.0
331.04	119.0
369.8	119.0
397.08	119.0
333.76	120.0
350.0	120.0
387.92	120.0
482.12	120.0
936.56	120.0
1121.0	120.0
1222.36	120.0
