369.12	84.0
302.64	84.0
306.56	84.0
315.36	84.0
325.44	84.0
346.56	84.0
29.56	85.0
745.76	85.0
2.52	86.0
30.24	86.0
41.4	86.0
67.44	86.0
92.96	86.0
104.6	86.0
120.48	86.0
146.48	86.0
153.72	86.0
174.08	86.0
181.48	86.0
187.8	86.0
207.28	86.0
260.72	86.0
272.12	86.0
284.96	86.0
308.44	86.0
318.24	86.0
327.44	86.0
334.16	86.0
337.08	86.0
339.6	86.0
343.68	86.0
349.32	86.0
356.68	86.0
363.0	86.0
370.64	86.0
377.32	86.0
390.32	86.0
411.8	86.0
425.56	86.0
446.6	86.0
473.8	86.0
663.96	86.0
873.12	86.0
978.16	86.0
1006.96	86.0
314.4	86.0
320.8	86.0
346.24	86.0
503.36	86.0
22.44	87.0
89.12	87.0
169.64	87.0
210.6	87.0
281.32	87.0
307.28	87.0
310.28	87.0
314.76	87.0
323.6	87.0
328.52	87.0
340.8	87.0
850.56	87.0
111.08	88.0
261.76	88.0
407.4	88.0
434.4	88.0
458.08	88.0
559.32	88.0
811.92	88.0
986.36	88.0
1017.0	88.0
1130.72	88.0
1223.64	88.0
14.68	88.0
72.52	88.0
137.12	88.0
178.72	88.0
302.8	88.0
352.84	88.0
364.32	88.0
376.72	88.0
414.64	88.0
441.64	88.0
514.92	88.0
638.76	88.0
838.84	88.0
865.08	88.0
1249.36	88.0
111.76	89.0
862.64	89.0
900.16	89.0
31.4	89.0
329.36	89.0
381.32	89.0
390.84	89.0
399.8	89.0
414.28	89.0
630.04	89.0
781.4	89.0
805.84	89.0
837.76	89.0
971.6	89.0
321.04	90.0
553.64	90.0
31.12	90.0
157.52	90.0
173.8	90.0
280.72	90.0
302.76	90.0
331.96	90.0
337.24	90.0
342.48	90.0
355.24	90.0
390.52	90.0
399.52	90.0
432.24	90.0
448.28	90.0
492.24	90.0
504.88	90.0
781.08	90.0
837.44	90.0
882.72	90.0
902.44	90.0
940.72	90.0
971.28	90.0
1169.72	90.0
905.6	91.0
144.48	92.0
331.28	92.0
569.28	92.0
865.6	92.0
1113.56	92.0
1188.88	92.0
1251.68	92.0
14.28	92.0
28.2	92.0
58.0	92.0
79.12	92.0
87.08	92.0
113.44	92.0
165.72	92.0
189.56	92.0
194.12	92.0
210.28	92.0
216.48	92.0
248.72	92.0
263.36	92.0
286.96	92.0
292.0	92.0
296.56	92.0
317.12	92.0
326.12	92.0
350.4	92.0
369.16	92.0
395.68	92.0
443.32	92.0
457.28	92.0
529.96	92.0
545.32	92.0
661.4	92.0
692.64	92.0
776.28	92.0
815.16	92.0
841.64	92.0
895.56	92.0
920.84	92.0
928.52	92.0
951.84	92.0
997.6	92.0
1072.48	92.0
24.6	93.0
133.76	93.0
236.56	93.0
691.8	93.0
915.92	93.0
231.32	93.0
1166.6	94.0
11.88	94.0
109.4	94.0
232.16	94.0
317.84	94.0
338.68	94.0
374.2	94.0
418.28	94.0
511.84	94.0
64.0	95.0
157.0	95.0
222.56	95.0
817.36	95.0
968.0	95.0
960.24	96.0
160.0	97.0
10.24	97.0
191.28	97.0
307.6	97.0
318.84	97.0
324.08	97.0
419.16	97.0
548.8	97.0
957.36	97.0
174.4	98.0
306.88	98.0
711.32	98.0
92.12	99.0
188.28	99.0
292.84	99.0
302.44	99.0
307.4	99.0
314.16	99.0
320.48	99.0
323.12	99.0
328.68	99.0
341.6	99.0
930.88	99.0
1224.36	99.0
307.08	100.0
323.44	100.0
418.72	100.0
553.6	100.0
921.0	100.0
1132.24	100.0
321.2	101.0
326.84	101.0
321.36	102.0
308.96	102.0
312.04	102.0
505.48	102.0
317.8	103.0
336.08	103.0
414.52	103.0
27.04	104.0
134.0	104.0
189.0	104.0
230.92	104.0
302.72	104.0
308.88	104.0
315.4	104.0
322.04	104.0
329.36	104.0
338.36	104.0
355.12	104.0
397.56	104.0
491.12	104.0
714.16	104.0
818.8	104.0
890.64	104.0
182.92	107.0
294.12	107.0
306.08	107.0
309.24	107.0
318.28	107.0
325.44	107.0
174.52	108.0
312.0	108.0
84.52	108.0
119.72	108.0
191.92	108.0
259.96	108.0
295.04	108.0
322.92	108.0
326.4	108.0
351.72	108.0
384.84	108.0
428.8	108.0
475.24	108.0
501.2	108.0
549.88	108.0
744.6	108.0
895.24	108.0
935.4	108.0
1028.36	108.0
102.6	109.0
316.8	109.0
347.64	109.0
380.72	109.0
310.48	110.0
348.32	110.0
505.32	110.0
939.72	110.0
302.72	111.0
355.36	111.0
12.52	111.0
28.44	111.0
46.92	111.0
74.56	111.0
114.64	111.0
131.84	111.0
148.04	111.0
182.52	111.0
216.52	111.0
235.6	111.0
299.44	111.0
310.04	111.0
317.76	111.0
320.4	111.0
336.08	111.0
346.6	111.0
361.84	111.0
400.28	111.0
414.48	111.0
432.96	111.0
477.6	111.0
500.84	111.0
580.44	111.0
622.44	111.0
643.64	111.0
720.04	111.0
772.48	111.0
781.36	111.0
815.28	111.0
843.68	111.0
885.28	111.0
938.28	111.0
1008.56	111.0
1179.56	111.0
1204.52	111.0
302.48	112.0
22.96	112.0
51.44	112.0
121.28	112.0
234.24	112.0
420.32	112.0
307.48	113.0
210.16	114.0
362.92	115.0
33.92	115.0
86.36	115.0
121.84	115.0
178.32	115.0
286.44	115.0
320.56	115.0
372.36	115.0
435.8	115.0
568.84	115.0
588.84	115.0
808.92	115.0
903.68	115.0
310.48	116.0
315.96	116.0
360.12	116.0
406.52	116.0
659.36	116.0
1179.44	116.0
24.48	116.0
102.68	116.0
145.96	116.0
168.08	116.0
171.68	116.0
319.6	116.0
325.52	116.0
331.04	116.0
336.6	116.0
345.36	116.0
349.68	116.0
389.36	116.0
426.8	116.0
433.92	116.0
555.56	116.0
856.68	116.0
901.88	116.0
923.24	116.0
933.32	116.0
1135.6	116.0
394.4	117.0
1301.16	117.0
1315.84	117.0
320.64	117.0
328.68	117.0
336.0	117.0
400.6	117.0
854.96	117.0
258.4	118.0
302.52	118.0
452.96	118.0
1285.6	118.0
18.6	118.0
31.2	118.0
55.0	118.0
109.12	118.0
150.2	118.0
203.72	118.0
284.64	118.0
310.16	118.0
321.0	118.0
330.08	118.0
336.88	118.0
340.6	118.0
350.56	118.0
363.44	118.0
393.84	118.0
448.64	118.0
868.16	118.0
325.12	119.0
361.6	119.0
302.68	120.0
19.76	120.0
50.96	120.0
111.36	120.0
233.76	120.0
361.28	120.0
