332.2	84.0
344.12	84.0
378.28	84.0
302.64	84.0
314.24	84.0
324.04	84.0
337.4	84.0
350.76	84.0
425.76	84.0
450.72	84.0
290.36	85.0
310.6	85.0
328.44	85.0
245.36	86.0
279.32	86.0
295.12	86.0
313.72	86.0
326.92	86.0
336.48	86.0
340.24	86.0
344.16	86.0
347.84	86.0
355.92	86.0
366.0	86.0
372.96	86.0
379.88	86.0
399.52	86.0
408.8	86.0
423.12	86.0
438.12	86.0
463.04	86.0
479.28	86.0
483.4	86.0
497.68	86.0
519.36	86.0
669.12	86.0
309.96	86.0
320.32	86.0
332.32	86.0
350.36	86.0
361.64	86.0
388.04	86.0
261.28	87.0
290.92	87.0
311.24	87.0
318.0	87.0
322.24	87.0
325.96	87.0
329.48	87.0
334.36	87.0
339.16	87.0
346.56	87.0
351.32	87.0
359.84	87.0
365.4	87.0
375.72	87.0
385.32	87.0
415.04	87.0
66.0	88.0
87.08	88.0
287.24	88.0
316.96	88.0
336.84	88.0
340.44	88.0
516.04	88.0
564.4	88.0
18.24	88.0
222.6	88.0
302.72	88.0
313.0	88.0
357.04	88.0
361.48	88.0
385.16	88.0
402.8	88.0
426.84	88.0
433.16	88.0
484.24	88.0
519.48	88.0
581.36	88.0
302.72	89.0
134.2	89.0
192.48	89.0
277.24	89.0
309.8	89.0
313.48	89.0
337.8	89.0
351.28	89.0
355.96	89.0
401.84	89.0
406.2	89.0
440.08	89.0
453.04	89.0
145.12	90.0
192.16	90.0
276.96	90.0
302.48	90.0
309.44	90.0
324.56	90.0
328.44	90.0
351.88	90.0
355.6	90.0
376.12	90.0
383.8	90.0
401.44	90.0
405.92	90.0
439.76	90.0
485.88	90.0
521.52	90.0
601.48	90.0
619.88	90.0
314.88	91.0
34.72	92.0
42.12	92.0
79.2	92.0
149.56	92.0
202.76	92.0
260.28	92.0
275.2	92.0
332.08	92.0
369.92	92.0
534.88	92.0
84.76	92.0
134.08	92.0
166.32	92.0
178.88	92.0
207.2	92.0
285.68	92.0
291.96	92.0
310.64	92.0
321.68	92.0
326.96	92.0
351.28	92.0
359.68	92.0
378.76	92.0
392.64	92.0
413.64	92.0
443.08	92.0
463.64	92.0
467.96	92.0
487.08	92.0
514.96	92.0
520.44	92.0
538.48	92.0
318.32	93.0
385.4	93.0
628.8	93.0
302.64	94.0
312.84	94.0
318.48	94.0
328.16	94.0
393.52	94.0
428.28	94.0
499.4	94.0
519.28	94.0
551.92	94.0
597.0	94.0
240.56	95.0
329.96	95.0
369.88	95.0
595.56	95.0
699.64	95.0
309.0	96.0
302.44	97.0
314.48	97.0
318.56	97.0
322.16	97.0
329.44	97.0
338.48	97.0
341.8	97.0
87.0	99.0
156.76	99.0
209.56	99.0
270.6	99.0
302.44	99.0
311.8	99.0
317.64	99.0
323.2	99.0
328.72	99.0
334.32	99.0
349.36	99.0
358.32	99.0
391.16	99.0
402.28	99.0
464.36	99.0
194.72	100.0
313.04	100.0
333.2	100.0
359.36	100.0
429.0	100.0
456.92	100.0
627.36	100.0
311.12	101.0
315.08	101.0
319.92	101.0
334.84	101.0
311.68	102.0
325.6	102.0
662.4	102.0
335.88	103.0
351.72	103.0
326.48	103.0
302.72	104.0
335.88	104.0
313.4	104.0
317.96	104.0
325.12	104.0
330.76	104.0
347.68	104.0
355.56	104.0
362.16	104.0
377.0	104.0
391.12	104.0
417.16	104.0
431.08	104.0
443.16	104.0
590.96	104.0
710.0	104.0
346.8	106.0
420.76	106.0
592.72	106.0
619.92	106.0
328.56	107.0
302.44	107.0
309.08	107.0
314.44	107.0
319.96	107.0
343.44	107.0
362.6	107.0
373.48	107.0
391.88	107.0
302.76	108.0
350.12	108.0
313.84	108.0
323.88	108.0
336.24	108.0
370.0	108.0
391.0	108.0
463.88	108.0
524.4	108.0
355.36	109.0
396.6	109.0
439.48	109.0
310.52	110.0
352.24	110.0
360.6	110.0
427.72	110.0
302.8	111.0
315.36	111.0
37.88	111.0
83.92	111.0
152.16	111.0
164.32	111.0
205.2	111.0
230.0	111.0
319.12	111.0
325.8	111.0
333.8	111.0
339.56	111.0
355.92	111.0
360.6	111.0
369.04	111.0
389.0	111.0
406.04	111.0
425.76	111.0
477.04	111.0
575.76	111.0
669.64	111.0
336.12	112.0
325.84	112.0
426.12	112.0
462.96	112.0
317.16	113.0
328.0	113.0
338.8	113.0
362.12	113.0
311.96	114.0
315.68	114.0
326.44	114.0
330.32	114.0
337.44	114.0
361.88	114.0
426.88	114.0
151.2	115.0
279.28	115.0
316.56	115.0
336.48	115.0
350.16	115.0
388.56	115.0
459.88	115.0
484.64	115.0
502.68	115.0
514.96	115.0
562.68	115.0
651.32	115.0
83.08	116.0
161.0	116.0
272.44	116.0
310.48	116.0
317.4	116.0
44.88	116.0
154.12	116.0
197.24	116.0
200.0	116.0
209.08	116.0
225.0	116.0
239.0	116.0
261.4	116.0
274.96	116.0
314.6	116.0
320.84	116.0
324.84	116.0
335.04	116.0
341.52	116.0
348.04	116.0
350.68	116.0
361.36	116.0
368.8	116.0
371.68	116.0
376.76	116.0
387.0	116.0
398.88	116.0
401.44	116.0
406.6	116.0
416.56	116.0
459.4	116.0
545.44	116.0
314.32	117.0
330.64	117.0
358.44	117.0
341.68	117.0
380.24	117.0
389.28	117.0
408.2	117.0
302.52	118.0
335.84	118.0
240.0	118.0
280.72	118.0
311.12	118.0
314.84	118.0
317.4	118.0
322.08	118.0
327.44	118.0
330.8	118.0
340.52	118.0
350.92	118.0
358.96	118.0
361.56	118.0
365.76	118.0
368.68	118.0
378.2	118.0
391.72	118.0
401.52	118.0
419.76	118.0
445.6	118.0
502.52	118.0
545.32	118.0
596.64	118.0
351.04	119.0
330.04	119.0
425.64	119.0
567.8	119.0
310.48	120.0
245.52	120.0
298.8	120.0
318.76	120.0
325.4	120.0
339.12	120.0
341.76	120.0
379.16	120.0
