381.24	84.0
73.56	84.0
302.72	84.0
317.8	84.0
321.08	84.0
338.96	84.0
355.96	84.0
416.72	84.0
1156.44	84.0
141.52	85.0
1049.04	85.0
21.84	86.0
28.52	86.0
46.44	86.0
66.56	86.0
77.88	86.0
92.52	86.0
103.88	86.0
121.96	86.0
173.2	86.0
205.32	86.0
323.76	86.0
326.88	86.0
336.64	86.0
339.6	86.0
345.48	86.0
351.48	86.0
360.36	86.0
365.52	86.0
375.32	86.0
388.16	86.0
404.0	86.0
414.84	86.0
430.6	86.0
449.16	86.0
465.16	86.0
483.24	86.0
982.12	86.0
997.12	86.0
1023.2	86.0
1041.8	86.0
1065.16	86.0
1076.08	86.0
1106.16	86.0
1120.32	86.0
1147.6	86.0
1154.96	86.0
1182.68	86.0
1200.24	86.0
1207.24	86.0
1230.32	86.0
1256.48	86.0
1276.16	86.0
96.72	86.0
155.44	86.0
314.68	86.0
317.24	86.0
320.76	86.0
395.04	86.0
397.8	86.0
422.28	86.0
1099.28	86.0
1305.64	86.0
314.8	87.0
317.4	87.0
322.16	87.0
326.4	87.0
329.24	87.0
348.92	87.0
944.48	87.0
1001.36	87.0
1049.76	87.0
1072.36	87.0
1119.6	87.0
1188.16	87.0
1317.04	87.0
8.56	88.0
69.36	88.0
123.84	88.0
153.36	88.0
315.64	88.0
323.32	88.0
348.4	88.0
357.48	88.0
1131.76	88.0
1314.84	88.0
12.52	88.0
92.96	88.0
128.0	88.0
195.6	88.0
302.76	88.0
413.24	88.0
435.68	88.0
463.08	88.0
969.0	88.0
1046.56	88.0
1112.36	88.0
1119.64	88.0
1199.48	88.0
25.84	89.0
106.8	89.0
208.92	89.0
310.6	89.0
462.32	89.0
492.36	89.0
935.72	89.0
1133.6	89.0
1197.2	89.0
1199.92	89.0
372.4	90.0
952.36	90.0
5.8	90.0
25.52	90.0
33.6	90.0
52.04	90.0
74.88	90.0
122.52	90.0
185.44	90.0
302.48	90.0
320.96	90.0
337.56	90.0
348.44	90.0
365.52	90.0
390.6	90.0
434.4	90.0
492.0	90.0
935.4	90.0
1014.4	90.0
1114.84	90.0
1148.48	90.0
1165.08	90.0
1196.92	90.0
1314.0	90.0
1045.52	91.0
165.28	92.0
260.88	92.0
914.72	92.0
927.36	92.0
958.56	92.0
1066.68	92.0
1180.36	92.0
1222.2	92.0
1244.68	92.0
41.4	92.0
72.56	92.0
91.92	92.0
108.84	92.0
190.96	92.0
198.52	92.0
265.24	92.0
342.64	92.0
368.64	92.0
378.6	92.0
398.36	92.0
407.16	92.0
452.8	92.0
545.96	92.0
939.08	92.0
963.88	92.0
976.04	92.0
990.56	92.0
1001.72	92.0
1018.04	92.0
1040.56	92.0
1044.92	92.0
1050.24	92.0
1150.44	92.0
1195.84	92.0
1225.88	92.0
1305.36	92.0
51.12	93.0
310.8	93.0
343.68	93.0
1046.12	93.0
237.08	94.0
279.68	94.0
1219.96	94.0
84.12	94.0
191.92	94.0
318.08	94.0
323.92	94.0
341.76	94.0
344.68	94.0
366.48	94.0
497.24	94.0
1067.44	94.0
302.44	95.0
604.2	95.0
1003.56	95.0
1129.76	95.0
1236.84	95.0
1310.16	95.0
1064.0	97.0
172.88	97.0
302.68	97.0
326.8	97.0
343.76	97.0
468.72	97.0
1184.88	97.0
1211.6	97.0
1064.36	98.0
1286.16	98.0
302.48	99.0
310.16	99.0
317.44	99.0
325.44	99.0
332.08	99.0
341.16	99.0
348.16	99.0
368.96	99.0
994.44	99.0
1026.68	99.0
1052.56	99.0
248.56	100.0
319.88	100.0
372.32	100.0
463.44	100.0
552.64	100.0
952.28	100.0
1052.96	100.0
1171.32	100.0
1199.88	100.0
331.64	102.0
916.6	102.0
121.56	102.0
309.0	102.0
311.84	102.0
322.08	103.0
341.56	103.0
302.88	103.0
33.84	104.0
93.12	104.0
144.8	104.0
302.8	104.0
314.0	104.0
322.56	104.0
332.68	104.0
351.24	104.0
365.76	104.0
378.92	104.0
388.12	104.0
413.8	104.0
1004.04	104.0
1051.0	104.0
1083.04	104.0
1119.56	104.0
1284.48	104.0
1207.08	106.0
248.76	107.0
326.08	107.0
391.28	107.0
963.24	107.0
954.92	108.0
3.16	108.0
39.44	108.0
311.16	108.0
323.04	108.0
376.44	108.0
1060.44	108.0
1077.32	108.0
51.72	109.0
249.64	109.0
315.64	109.0
375.92	109.0
410.0	109.0
1045.04	109.0
1291.0	109.0
310.48	110.0
207.96	110.0
316.44	110.0
340.76	110.0
1051.52	110.0
1055.16	110.0
314.36	111.0
344.84	111.0
377.44	111.0
1029.32	111.0
1066.64	111.0
1099.68	111.0
35.88	111.0
74.72	111.0
195.32	111.0
270.36	111.0
309.76	111.0
320.36	111.0
331.6	111.0
341.16	111.0
348.28	111.0
352.2	111.0
359.4	111.0
931.2	111.0
956.68	111.0
981.8	111.0
1045.68	111.0
1051.48	111.0
1134.8	111.0
1201.44	111.0
1231.96	111.0
1248.0	111.0
1306.0	111.0
96.0	112.0
237.8	112.0
258.6	112.0
324.6	115.0
979.64	115.0
1026.6	115.0
1108.8	115.0
21.08	115.0
101.12	115.0
124.48	115.0
149.56	115.0
338.48	115.0
341.04	115.0
382.28	115.0
441.44	115.0
474.44	115.0
494.92	115.0
503.12	115.0
554.64	115.0
623.48	115.0
987.24	115.0
1048.04	115.0
1068.36	115.0
1102.6	115.0
1171.0	115.0
1305.08	115.0
310.48	116.0
998.72	116.0
1225.48	116.0
67.8	116.0
84.6	116.0
102.8	116.0
121.72	116.0
125.68	116.0
251.92	116.0
285.84	116.0
315.08	116.0
325.96	116.0
331.12	116.0
340.28	116.0
374.36	116.0
407.44	116.0
410.72	116.0
433.88	116.0
463.28	116.0
948.8	116.0
955.0	116.0
977.32	116.0
1025.04	116.0
1031.96	116.0
1050.2	116.0
1055.56	116.0
1066.4	116.0
1086.96	116.0
1132.52	116.0
1174.64	116.0
1259.76	116.0
1264.92	116.0
1290.32	116.0
121.56	117.0
331.92	117.0
1029.36	117.0
385.04	118.0
1317.2	118.0
13.44	118.0
53.76	118.0
136.88	118.0
302.44	118.0
313.96	118.0
320.72	118.0
336.92	118.0
350.08	118.0
368.44	118.0
410.0	118.0
465.08	118.0
600.68	118.0
1035.68	118.0
1048.08	118.0
1086.36	118.0
1154.72	118.0
1260.08	118.0
18.0	119.0
33.64	119.0
155.92	119.0
221.28	119.0
30.12	120.0
99.68	120.0
258.12	120.0
312.48	120.0
355.96	120.0
1114.76	120.0
