339.52	84.0
48.08	84.0
80.96	84.0
164.12	84.0
302.68	84.0
315.36	84.0
345.48	84.0
369.64	84.0
232.08	85.0
318.28	85.0
4.64	86.0
16.4	86.0
30.2	86.0
43.68	86.0
59.32	86.0
74.8	86.0
82.68	86.0
91.84	86.0
129.04	86.0
148.64	86.0
168.36	86.0
194.36	86.0
204.64	86.0
228.04	86.0
294.12	86.0
326.12	86.0
342.88	86.0
358.56	86.0
361.84	86.0
369.12	86.0
386.48	86.0
421.72	86.0
433.04	86.0
484.24	86.0
33.56	86.0
199.72	86.0
260.68	86.0
274.0	86.0
312.48	86.0
315.96	86.0
320.52	86.0
336.52	86.0
348.16	86.0
37.24	87.0
96.68	87.0
132.76	87.0
276.08	87.0
311.12	87.0
316.8	87.0
319.64	87.0
324.36	87.0
330.52	87.0
334.96	87.0
342.36	87.0
353.36	87.0
374.84	87.0
5.36	88.0
64.48	88.0
196.16	88.0
314.08	88.0
385.2	88.0
82.96	88.0
98.76	88.0
249.4	88.0
270.0	88.0
302.68	88.0
320.68	88.0
330.48	88.0
341.72	88.0
374.0	88.0
302.68	89.0
22.12	89.0
119.76	89.0
164.16	89.0
198.2	89.0
260.12	89.0
342.56	89.0
350.76	89.0
366.16	89.0
260.8	90.0
7.12	90.0
29.4	90.0
46.72	90.0
75.88	90.0
90.84	90.0
111.08	90.0
157.32	90.0
180.4	90.0
271.0	90.0
315.08	90.0
319.12	90.0
335.96	90.0
342.2	90.0
365.84	90.0
372.84	90.0
450.76	90.0
16.16	91.0
107.36	91.0
19.04	92.0
74.92	92.0
153.64	92.0
218.36	92.0
9.88	92.0
23.76	92.0
31.28	92.0
36.36	92.0
43.16	92.0
63.56	92.0
83.0	92.0
97.08	92.0
107.24	92.0
110.16	92.0
137.68	92.0
170.0	92.0
229.12	92.0
255.68	92.0
282.32	92.0
298.72	92.0
317.48	92.0
327.76	92.0
359.08	92.0
409.28	92.0
444.08	92.0
317.04	93.0
86.12	93.0
162.52	93.0
302.48	93.0
89.56	94.0
320.88	94.0
339.68	94.0
417.96	94.0
79.68	94.0
224.36	94.0
317.4	94.0
121.52	95.0
322.24	96.0
119.88	96.0
302.52	96.0
273.16	97.0
317.12	97.0
366.12	97.0
312.44	98.0
27.96	99.0
46.28	99.0
97.56	99.0
258.76	99.0
302.48	99.0
312.0	99.0
317.52	99.0
322.68	99.0
329.24	99.0
339.64	99.0
260.72	100.0
318.88	100.0
567.4	100.0
311.96	102.0
337.28	102.0
367.96	102.0
336.68	103.0
302.92	103.0
23.88	104.0
28.68	104.0
44.52	104.0
68.92	104.0
89.48	104.0
107.24	104.0
118.4	104.0
162.0	104.0
196.52	104.0
302.56	104.0
314.76	104.0
318.04	104.0
330.08	104.0
337.36	104.0
346.04	104.0
366.6	104.0
202.4	107.0
224.36	107.0
259.16	107.0
293.16	107.0
302.52	107.0
309.16	107.0
317.8	107.0
321.04	107.0
347.52	107.0
626.04	107.0
666.24	107.0
165.64	108.0
311.32	108.0
349.8	108.0
384.48	108.0
350.08	109.0
196.8	109.0
310.48	110.0
261.24	110.0
318.32	110.0
432.8	110.0
269.92	111.0
302.88	111.0
319.8	111.0
329.48	111.0
10.88	111.0
125.92	111.0
193.72	111.0
256.64	111.0
259.56	111.0
291.64	111.0
298.72	111.0
310.68	111.0
336.52	111.0
350.64	111.0
359.2	111.0
401.04	111.0
413.92	111.0
451.16	111.0
463.04	111.0
554.0	111.0
653.88	111.0
321.68	112.0
129.0	112.0
242.8	112.0
336.12	112.0
358.04	112.0
367.12	112.0
388.48	112.0
500.52	112.0
302.48	113.0
314.6	114.0
317.72	114.0
328.2	114.0
16.68	115.0
27.32	115.0
48.2	115.0
64.4	115.0
114.92	115.0
119.04	115.0
194.64	115.0
341.04	115.0
433.04	115.0
58.16	116.0
77.72	116.0
204.4	116.0
257.6	116.0
310.48	116.0
315.28	116.0
24.52	116.0
29.52	116.0
64.16	116.0
75.0	116.0
86.4	116.0
154.0	116.0
196.84	116.0
215.88	116.0
260.28	116.0
271.48	116.0
292.68	116.0
300.0	116.0
320.04	116.0
324.44	116.0
330.16	116.0
344.88	116.0
351.6	116.0
374.36	116.0
418.84	116.0
251.48	117.0
319.32	117.0
324.88	117.0
337.36	117.0
368.04	117.0
381.92	117.0
3.8	118.0
31.32	118.0
119.12	118.0
201.08	118.0
269.32	118.0
293.52	118.0
309.44	118.0
316.72	118.0
321.44	118.0
326.24	118.0
334.8	118.0
344.12	118.0
347.04	118.0
358.08	118.0
371.04	118.0
467.88	118.0
316.68	119.0
118.56	119.0
225.28	119.0
254.36	119.0
302.44	119.0
313.72	119.0
344.84	119.0
408.64	119.0
498.76	119.0
557.48	119.0
593.28	119.0
622.08	119.0
648.76	119.0
61.68	120.0
192.32	120.0
238.0	120.0
257.0	120.0
262.76	120.0
