302.8	84.0
29.24	85.0
99.36	85.0
306.64	85.0
360.76	85.0
518.24	85.0
774.96	85.0
870.32	85.0
963.96	85.0
990.0	85.0
1127.12	85.0
327.24	86.0
343.84	86.0
397.4	86.0
726.68	86.0
857.68	86.0
885.8	86.0
901.12	86.0
911.12	86.0
932.48	86.0
943.32	86.0
966.4	86.0
1004.0	86.0
1068.88	86.0
1112.92	86.0
312.96	86.0
320.72	86.0
331.08	86.0
357.72	86.0
364.72	86.0
747.24	86.0
1031.04	86.0
777.92	87.0
309.08	87.0
330.48	87.0
343.12	87.0
379.28	87.0
423.16	87.0
444.92	87.0
465.8	87.0
493.6	87.0
577.68	87.0
598.36	87.0
697.36	87.0
715.76	87.0
735.64	87.0
755.88	87.0
764.44	87.0
799.92	87.0
812.28	87.0
872.64	87.0
910.08	87.0
999.2	87.0
1036.4	87.0
1057.24	87.0
1110.24	87.0
1139.2	87.0
1180.56	87.0
1193.6	87.0
1349.4	87.0
31.0	88.0
160.64	88.0
194.2	88.0
230.96	88.0
453.16	88.0
820.08	88.0
1049.8	88.0
1054.6	88.0
1211.76	88.0
950.88	89.0
302.48	89.0
490.72	89.0
508.16	89.0
819.96	89.0
871.68	89.0
907.76	89.0
1302.6	89.0
40.28	90.0
302.76	90.0
307.44	90.0
317.44	90.0
348.24	90.0
418.48	90.0
773.52	90.0
833.28	90.0
863.88	90.0
907.48	90.0
953.2	90.0
1005.44	90.0
1089.72	90.0
1097.4	90.0
1118.72	90.0
1291.16	90.0
1302.28	90.0
360.72	91.0
24.84	92.0
103.28	92.0
182.92	92.0
215.04	92.0
276.08	92.0
331.04	92.0
348.92	92.0
403.76	92.0
480.16	92.0
518.92	92.0
648.68	92.0
806.88	92.0
865.36	92.0
926.16	92.0
953.12	92.0
996.16	92.0
1036.16	92.0
1133.6	92.0
1197.84	92.0
1260.6	92.0
9.8	92.0
30.96	92.0
45.36	92.0
60.36	92.0
83.56	92.0
86.6	92.0
135.6	92.0
153.84	92.0
195.76	92.0
286.08	92.0
319.44	92.0
386.24	92.0
392.64	92.0
431.52	92.0
522.24	92.0
529.16	92.0
558.52	92.0
614.96	92.0
655.52	92.0
670.68	92.0
686.56	92.0
720.68	92.0
738.08	92.0
749.56	92.0
885.28	92.0
902.92	92.0
908.84	92.0
956.8	92.0
980.6	92.0
1000.28	92.0
1010.2	92.0
1015.6	92.0
1055.32	92.0
1060.8	92.0
1090.28	92.0
1099.2	92.0
1120.6	92.0
1138.16	92.0
1150.12	92.0
1176.2	92.0
1202.12	92.0
1213.0	92.0
1290.88	92.0
27.56	93.0
313.04	93.0
330.24	93.0
358.96	93.0
401.52	93.0
464.56	93.0
912.16	93.0
314.0	94.0
360.24	94.0
452.68	94.0
463.36	94.0
478.04	94.0
513.4	94.0
843.16	94.0
889.16	94.0
961.44	94.0
1196.6	94.0
30.24	95.0
491.0	95.0
723.84	95.0
998.08	95.0
320.8	96.0
1004.56	96.0
315.36	97.0
82.12	97.0
164.76	97.0
207.76	97.0
302.44	97.0
324.8	97.0
377.28	97.0
483.16	97.0
602.88	97.0
893.0	97.0
948.24	97.0
985.36	97.0
1072.16	97.0
1258.68	97.0
3.32	99.0
194.64	99.0
302.48	99.0
311.76	99.0
318.16	99.0
324.84	99.0
465.6	99.0
704.52	99.0
986.88	99.0
1330.16	99.0
172.08	100.0
209.32	100.0
461.36	100.0
497.44	100.0
554.6	100.0
961.92	100.0
980.0	100.0
1034.28	100.0
1202.88	100.0
1281.04	100.0
1295.64	100.0
942.76	102.0
309.0	102.0
312.12	102.0
399.64	104.0
302.72	104.0
310.72	104.0
318.72	104.0
327.28	104.0
349.36	104.0
407.48	104.0
490.16	104.0
817.24	104.0
873.88	104.0
980.48	104.0
1011.32	104.0
302.44	106.0
912.8	107.0
280.4	107.0
289.28	107.0
302.44	107.0
309.36	107.0
319.92	107.0
338.48	107.0
759.12	107.0
818.72	107.0
917.8	107.0
1063.08	107.0
318.16	108.0
704.2	108.0
761.52	108.0
811.52	108.0
826.4	108.0
1005.24	109.0
1089.44	109.0
310.52	110.0
324.44	110.0
346.92	110.0
490.4	110.0
825.8	110.0
677.36	111.0
752.88	111.0
1025.2	111.0
29.68	111.0
114.12	111.0
217.88	111.0
281.44	111.0
311.96	111.0
347.04	111.0
351.24	111.0
408.36	111.0
414.76	111.0
490.24	111.0
501.68	111.0
743.96	111.0
798.48	111.0
829.6	111.0
856.76	111.0
862.2	111.0
901.0	111.0
929.8	111.0
957.28	111.0
998.44	111.0
1059.8	111.0
1126.52	111.0
1301.56	111.0
804.16	112.0
52.84	112.0
317.64	112.0
323.4	112.0
417.28	112.0
489.84	112.0
843.12	112.0
959.4	112.0
717.52	114.0
39.16	115.0
429.28	115.0
1030.72	115.0
310.56	116.0
378.6	116.0
21.24	116.0
196.92	116.0
319.0	116.0
321.56	116.0
333.12	116.0
345.0	116.0
354.28	116.0
362.72	116.0
398.92	116.0
458.08	116.0
502.32	116.0
769.88	116.0
779.68	116.0
788.32	116.0
817.28	116.0
846.64	116.0
912.24	116.0
934.76	116.0
981.96	116.0
1032.84	116.0
1038.44	116.0
1102.0	116.0
1116.96	116.0
1185.04	116.0
1228.68	116.0
677.4	117.0
1025.24	117.0
302.56	118.0
197.0	118.0
311.08	118.0
322.68	118.0
345.48	118.0
348.0	118.0
414.92	118.0
487.44	118.0
763.28	118.0
804.36	118.0
821.84	118.0
860.16	118.0
953.36	118.0
1057.6	118.0
1299.6	118.0
141.96	119.0
383.16	119.0
569.32	119.0
658.72	119.0
756.6	119.0
844.36	119.0
1085.96	119.0
1220.92	119.0
1251.96	119.0
1339.84	119.0
98.12	120.0
310.52	120.0
505.72	120.0
786.36	120.0
809.32	120.0
821.28	120.0
1095.08	120.0
1107.8	120.0
1199.0	120.0
1303.12	120.0
