323.2	84.0
5.48	84.0
9.12	84.0
49.08	84.0
319.6	84.0
339.76	84.0
1227.44	84.0
343.92	85.0
274.96	85.0
676.24	85.0
724.44	85.0
976.48	85.0
1002.64	85.0
1037.04	85.0
1107.04	85.0
1260.2	85.0
18.12	86.0
36.16	86.0
45.84	86.0
51.84	86.0
63.6	86.0
73.24	86.0
84.04	86.0
107.32	86.0
131.68	86.0
154.72	86.0
173.04	86.0
202.44	86.0
210.32	86.0
219.72	86.0
252.48	86.0
292.48	86.0
319.36	86.0
336.2	86.0
347.28	86.0
354.44	86.0
434.64	86.0
505.2	86.0
598.4	86.0
723.08	86.0
773.28	86.0
783.6	86.0
820.12	86.0
973.68	86.0
976.84	86.0
1001.56	86.0
1111.44	86.0
1135.24	86.0
1155.52	86.0
1168.6	86.0
1195.16	86.0
1206.2	86.0
1244.28	86.0
1253.0	86.0
1267.56	86.0
1293.2	86.0
1312.6	86.0
117.04	86.0
271.4	86.0
306.76	86.0
309.28	86.0
315.24	86.0
329.88	86.0
338.72	86.0
378.08	86.0
410.92	86.0
643.44	86.0
1040.4	86.0
1223.68	86.0
250.16	87.0
311.56	87.0
318.36	87.0
321.28	87.0
331.52	87.0
338.52	87.0
354.08	87.0
615.2	87.0
1010.28	87.0
1142.16	87.0
1168.12	87.0
1196.68	87.0
1212.04	87.0
642.76	88.0
1158.28	88.0
46.72	88.0
67.72	88.0
116.68	88.0
155.44	88.0
209.2	88.0
264.08	88.0
302.72	88.0
442.52	88.0
704.0	88.0
849.68	88.0
1180.92	88.0
302.72	89.0
81.88	89.0
132.04	89.0
252.96	89.0
306.8	89.0
320.56	89.0
325.8	89.0
704.36	89.0
872.6	89.0
1194.84	89.0
1203.48	89.0
1290.44	89.0
1157.76	90.0
7.16	90.0
48.84	90.0
81.52	90.0
131.76	90.0
252.68	90.0
302.56	90.0
320.2	90.0
341.16	90.0
350.88	90.0
435.52	90.0
767.52	90.0
860.52	90.0
977.04	90.0
1107.8	90.0
1129.48	90.0
1169.44	90.0
1209.4	90.0
1258.68	90.0
1310.32	90.0
67.48	92.0
310.2	92.0
324.56	92.0
342.16	92.0
378.48	92.0
1220.48	92.0
46.52	92.0
50.64	92.0
88.68	92.0
133.04	92.0
217.6	92.0
328.16	92.0
332.68	92.0
367.4	92.0
416.84	92.0
456.92	92.0
730.6	92.0
763.48	92.0
878.8	92.0
926.0	92.0
957.72	92.0
992.2	92.0
1009.76	92.0
1133.16	92.0
1202.24	92.0
1209.28	92.0
1223.92	92.0
1229.2	92.0
1236.12	92.0
1250.52	92.0
1254.96	92.0
1290.0	92.0
347.64	93.0
66.96	94.0
87.44	94.0
310.64	94.0
325.92	94.0
341.8	94.0
139.64	95.0
228.76	95.0
309.24	95.0
603.56	95.0
824.92	95.0
1017.8	95.0
1297.88	95.0
1224.88	97.0
1093.56	98.0
153.04	99.0
302.52	99.0
307.92	99.0
312.76	99.0
318.96	99.0
326.88	99.0
332.52	99.0
343.28	99.0
871.08	99.0
1177.44	99.0
1235.24	99.0
1294.04	99.0
64.36	100.0
181.36	100.0
302.92	100.0
615.2	100.0
722.8	100.0
842.6	100.0
880.56	100.0
1157.72	100.0
308.96	102.0
312.24	102.0
378.84	102.0
323.56	103.0
340.4	103.0
1160.72	103.0
315.24	103.0
325.52	104.0
328.24	104.0
10.24	104.0
66.96	104.0
253.4	104.0
302.52	104.0
308.36	104.0
313.88	104.0
321.12	104.0
333.84	104.0
341.48	104.0
354.4	104.0
381.76	104.0
828.48	104.0
1047.96	104.0
1197.64	104.0
1244.08	104.0
52.44	106.0
69.6	106.0
95.76	106.0
330.92	106.0
542.0	106.0
1271.2	106.0
132.72	107.0
32.36	107.0
225.0	107.0
271.4	107.0
309.16	107.0
319.08	107.0
363.68	107.0
957.12	107.0
1040.92	107.0
1060.04	107.0
29.36	108.0
40.2	108.0
74.12	108.0
307.96	108.0
321.72	108.0
339.72	108.0
873.0	108.0
887.0	108.0
192.36	109.0
376.6	109.0
821.72	109.0
1169.08	109.0
7.2	109.0
326.76	109.0
310.48	110.0
378.56	110.0
1225.4	110.0
220.56	110.0
325.04	110.0
408.8	110.0
1216.68	110.0
75.8	111.0
107.88	111.0
315.2	111.0
1223.04	111.0
3.8	111.0
6.56	111.0
24.88	111.0
31.64	111.0
35.96	111.0
67.96	111.0
130.8	111.0
139.36	111.0
323.48	111.0
328.16	111.0
331.24	111.0
345.96	111.0
487.72	111.0
558.24	111.0
643.08	111.0
743.52	111.0
859.36	111.0
978.4	111.0
1010.68	111.0
1149.52	111.0
1160.72	111.0
1181.16	111.0
1193.48	111.0
1225.6	111.0
1257.96	111.0
1166.6	112.0
225.28	112.0
328.6	112.0
455.84	112.0
891.16	112.0
975.68	112.0
1011.2	112.0
1225.16	112.0
1309.68	112.0
302.48	113.0
308.88	114.0
1226.24	114.0
266.4	115.0
658.4	115.0
1194.76	115.0
1216.92	115.0
1312.4	115.0
3.68	116.0
35.84	116.0
68.0	116.0
310.52	116.0
325.08	116.0
450.48	116.0
49.6	116.0
131.6	116.0
147.04	116.0
252.72	116.0
314.88	116.0
319.12	116.0
344.32	116.0
352.0	116.0
363.72	116.0
369.48	116.0
385.2	116.0
395.0	116.0
713.36	116.0
766.84	116.0
846.2	116.0
859.0	116.0
884.2	116.0
1160.16	116.0
1164.48	116.0
1181.88	116.0
1190.44	116.0
1258.72	116.0
1284.08	116.0
1287.56	116.0
1299.84	116.0
331.16	117.0
75.92	117.0
192.28	117.0
341.48	117.0
364.68	117.0
890.88	117.0
975.64	117.0
1192.64	117.0
1223.0	117.0
1225.88	117.0
4.96	118.0
302.52	118.0
741.32	118.0
857.4	118.0
40.24	118.0
84.48	118.0
129.04	118.0
190.2	118.0
249.6	118.0
312.24	118.0
323.44	118.0
330.84	118.0
344.6	118.0
374.28	118.0
407.24	118.0
449.12	118.0
641.44	118.0
888.92	118.0
973.6	118.0
1036.76	118.0
1166.8	118.0
1184.84	118.0
1191.8	118.0
1223.48	118.0
1258.08	118.0
1270.68	118.0
1307.72	118.0
376.44	119.0
414.72	119.0
583.52	119.0
703.24	119.0
914.76	119.0
1001.44	119.0
1211.24	119.0
1222.2	119.0
1278.04	119.0
302.68	120.0
146.48	120.0
205.28	120.0
308.56	120.0
313.52	120.0
361.2	120.0
418.12	120.0
455.36	120.0
537.48	120.0
602.04	120.0
881.28	120.0
950.64	120.0
956.44	120.0
969.16	120.0
1094.84	120.0
1281.44	120.0
