313.68	84.0
176.76	84.0
271.04	84.0
293.52	84.0
302.64	84.0
328.28	84.0
357.84	84.0
382.44	84.0
860.8	84.0
1167.64	84.0
83.48	85.0
155.52	85.0
182.0	85.0
318.8	85.0
328.16	85.0
342.08	85.0
635.6	85.0
847.16	85.0
1054.44	85.0
25.56	86.0
44.96	86.0
79.16	86.0
106.16	86.0
113.8	86.0
135.36	86.0
154.04	86.0
169.8	86.0
189.2	86.0
210.64	86.0
217.28	86.0
229.36	86.0
263.24	86.0
269.36	86.0
293.84	86.0
308.44	86.0
312.16	86.0
318.88	86.0
326.2	86.0
340.36	86.0
349.2	86.0
359.32	86.0
385.0	86.0
415.32	86.0
559.0	86.0
712.96	86.0
876.32	86.0
945.92	86.0
1036.92	86.0
1082.08	86.0
1110.16	86.0
1142.4	86.0
1148.44	86.0
1154.92	86.0
1167.8	86.0
1181.28	86.0
1204.48	86.0
1223.2	86.0
1235.52	86.0
1249.6	86.0
1262.92	86.0
1267.68	86.0
1286.32	86.0
1297.0	86.0
315.04	86.0
322.04	86.0
332.44	86.0
344.44	86.0
397.36	86.0
434.92	86.0
1127.6	86.0
1171.24	86.0
1280.44	86.0
321.4	87.0
17.92	87.0
45.64	87.0
76.56	87.0
217.56	87.0
286.96	87.0
314.84	87.0
325.36	87.0
329.48	87.0
332.6	87.0
339.12	87.0
347.12	87.0
359.08	87.0
369.56	87.0
635.68	87.0
948.16	87.0
1011.52	87.0
1168.56	87.0
1267.96	87.0
127.2	88.0
283.8	88.0
748.44	88.0
1018.72	88.0
1148.72	88.0
64.88	88.0
70.04	88.0
220.52	88.0
289.92	88.0
295.76	88.0
302.76	88.0
318.32	88.0
652.48	88.0
882.6	88.0
996.84	88.0
1066.96	88.0
1076.6	88.0
1108.44	88.0
1112.28	88.0
148.84	89.0
259.84	89.0
290.72	89.0
302.68	89.0
263.4	89.0
311.32	89.0
442.12	89.0
499.4	89.0
567.64	89.0
857.64	89.0
868.0	89.0
1158.68	89.0
1208.16	89.0
1222.32	89.0
11.96	90.0
36.4	90.0
51.4	90.0
86.96	90.0
97.92	90.0
125.56	90.0
193.0	90.0
211.92	90.0
237.56	90.0
307.08	90.0
310.8	90.0
321.24	90.0
434.88	90.0
499.04	90.0
867.64	90.0
1058.16	90.0
1114.04	90.0
1126.04	90.0
1130.28	90.0
1142.52	90.0
1168.24	90.0
1192.6	90.0
1252.0	90.0
283.28	91.0
286.88	91.0
307.52	91.0
53.2	92.0
98.72	92.0
129.64	92.0
168.04	92.0
210.48	92.0
263.2	92.0
298.88	92.0
331.24	92.0
405.6	92.0
424.68	92.0
455.68	92.0
531.44	92.0
647.12	92.0
692.56	92.0
729.76	92.0
813.04	92.0
840.16	92.0
882.24	92.0
929.6	92.0
970.68	92.0
1077.0	92.0
1140.88	92.0
1164.72	92.0
1211.76	92.0
1260.12	92.0
1305.92	92.0
56.88	92.0
135.88	92.0
177.88	92.0
246.2	92.0
255.08	92.0
282.16	92.0
287.36	92.0
311.88	92.0
321.96	92.0
349.04	92.0
363.84	92.0
380.16	92.0
409.56	92.0
497.88	92.0
535.72	92.0
651.36	92.0
696.88	92.0
735.48	92.0
775.84	92.0
817.2	92.0
822.0	92.0
844.64	92.0
858.4	92.0
1010.24	92.0
1044.76	92.0
1059.68	92.0
1084.4	92.0
1112.56	92.0
1117.64	92.0
1127.52	92.0
1156.32	92.0
1169.12	92.0
1179.44	92.0
1186.48	92.0
1196.52	92.0
1216.4	92.0
1263.08	92.0
191.08	93.0
248.2	93.0
328.04	93.0
345.08	93.0
505.56	93.0
942.64	93.0
1250.24	93.0
838.28	93.0
166.16	94.0
282.84	94.0
309.2	94.0
154.28	94.0
292.08	94.0
328.12	94.0
358.24	94.0
361.92	94.0
418.36	94.0
439.88	94.0
1119.64	94.0
1148.96	94.0
1246.8	94.0
61.24	95.0
137.16	95.0
653.84	95.0
931.32	95.0
1176.28	95.0
1084.4	96.0
82.08	96.0
310.12	96.0
312.8	97.0
319.8	97.0
418.8	97.0
439.24	97.0
590.56	97.0
313.0	98.0
864.68	98.0
1194.24	98.0
244.0	99.0
283.6	99.0
302.44	99.0
306.12	99.0
311.48	99.0
317.56	99.0
324.6	99.0
331.6	99.0
340.56	99.0
762.6	99.0
1001.32	99.0
85.16	100.0
281.52	100.0
340.28	100.0
497.8	100.0
531.76	100.0
621.88	100.0
734.52	100.0
791.84	100.0
802.92	100.0
853.12	100.0
860.6	100.0
1027.92	100.0
1125.4	100.0
1198.2	100.0
330.76	101.0
905.16	102.0
930.64	102.0
308.96	102.0
311.76	102.0
701.52	102.0
289.96	103.0
353.96	103.0
838.16	103.0
315.24	104.0
325.96	104.0
421.56	104.0
838.16	104.0
107.12	104.0
250.76	104.0
283.48	104.0
302.52	104.0
307.44	104.0
312.24	104.0
323.36	104.0
331.08	104.0
338.64	104.0
350.56	104.0
391.52	104.0
443.4	104.0
806.52	104.0
863.92	104.0
1089.56	104.0
1219.24	104.0
1225.64	104.0
1276.24	104.0
274.72	106.0
371.96	106.0
530.68	106.0
1226.72	106.0
215.04	107.0
287.04	107.0
319.72	107.0
338.08	107.0
871.52	107.0
1290.56	107.0
246.48	108.0
284.44	108.0
328.76	108.0
358.6	108.0
388.8	108.0
739.48	108.0
798.76	108.0
855.96	108.0
927.88	108.0
1033.28	108.0
1137.64	108.0
1209.6	108.0
125.28	109.0
192.76	109.0
349.16	109.0
1207.52	109.0
218.8	109.0
310.52	110.0
353.32	110.0
10.6	110.0
326.92	110.0
331.84	110.0
361.6	110.0
441.0	110.0
1089.36	110.0
47.56	111.0
302.88	111.0
788.16	111.0
1154.04	111.0
11.28	111.0
50.16	111.0
57.6	111.0
92.48	111.0
99.44	111.0
133.44	111.0
152.44	111.0
217.6	111.0
267.96	111.0
289.92	111.0
311.56	111.0
314.84	111.0
326.56	111.0
331.8	111.0
338.96	111.0
351.28	111.0
353.96	111.0
387.08	111.0
391.08	111.0
430.88	111.0
440.88	111.0
459.52	111.0
471.76	111.0
701.28	111.0
733.0	111.0
770.36	111.0
815.12	111.0
842.76	111.0
1051.0	111.0
1081.08	111.0
1089.28	111.0
1127.84	111.0
1144.24	111.0
1169.08	111.0
1181.12	111.0
1184.28	111.0
1215.28	111.0
1270.44	111.0
1309.6	111.0
48.04	112.0
61.76	112.0
152.72	112.0
486.92	112.0
669.68	112.0
820.8	112.0
1051.24	112.0
1142.56	112.0
73.92	114.0
755.16	114.0
36.68	115.0
262.56	115.0
343.44	115.0
774.04	115.0
793.68	115.0
962.52	115.0
1025.44	115.0
1128.2	115.0
1172.08	115.0
1237.76	115.0
1302.64	115.0
310.56	116.0
440.48	116.0
835.92	116.0
1282.56	116.0
1311.96	116.0
8.68	116.0
14.68	116.0
50.44	116.0
73.4	116.0
87.68	116.0
99.08	116.0
105.44	116.0
128.48	116.0
149.48	116.0
193.36	116.0
215.8	116.0
253.8	116.0
260.84	116.0
278.72	116.0
285.6	116.0
290.0	116.0
316.16	116.0
318.68	116.0
321.68	116.0
327.88	116.0
332.12	116.0
337.56	116.0
351.36	116.0
361.92	116.0
366.0	116.0
380.88	116.0
387.4	116.0
420.28	116.0
427.32	116.0
477.04	116.0
535.04	116.0
722.96	116.0
737.32	116.0
752.16	116.0
794.08	116.0
814.64	116.0
878.04	116.0
932.0	116.0
1064.84	116.0
1127.72	116.0
1144.32	116.0
1153.68	116.0
1202.0	116.0
1237.92	116.0
314.4	117.0
330.16	117.0
1149.64	117.0
311.88	117.0
317.2	117.0
83.8	118.0
112.6	118.0
302.48	118.0
338.68	118.0
1125.72	118.0
1204.92	118.0
8.84	118.0
48.2	118.0
150.72	118.0
215.92	118.0
284.96	118.0
292.84	118.0
298.56	118.0
307.68	118.0
315.04	118.0
333.44	118.0
342.8	118.0
355.52	118.0
365.64	118.0
389.68	118.0
419.56	118.0
435.6	118.0
439.36	118.0
452.88	118.0
482.76	118.0
511.36	118.0
541.28	118.0
578.08	118.0
605.64	118.0
676.2	118.0
719.24	118.0
758.84	118.0
786.52	118.0
818.6	118.0
849.6	118.0
902.76	118.0
1037.04	118.0
1049.32	118.0
1071.48	118.0
1239.56	118.0
1267.8	118.0
1293.52	118.0
90.32	119.0
335.04	119.0
542.92	119.0
632.72	119.0
1072.12	119.0
1143.8	119.0
61.24	120.0
179.36	120.0
471.44	120.0
501.8	120.0
595.88	120.0
754.88	120.0
899.36	120.0
927.92	120.0
1010.64	120.0
1288.88	120.0
