302.88	84.0
318.12	84.0
322.56	84.0
344.56	84.0
15.2	85.0
53.88	85.0
211.4	85.0
250.6	85.0
743.68	85.0
767.4	85.0
862.28	85.0
1286.0	85.0
42.96	86.0
60.08	86.0
76.0	86.0
103.52	86.0
122.2	86.0
125.44	86.0
153.56	86.0
163.4	86.0
245.12	86.0
294.56	86.0
308.4	86.0
324.28	86.0
329.84	86.0
351.92	86.0
384.28	86.0
393.8	86.0
438.44	86.0
595.72	86.0
707.56	86.0
730.68	86.0
759.32	86.0
802.88	86.0
828.24	86.0
864.16	86.0
939.44	86.0
1048.32	86.0
1062.44	86.0
1085.48	86.0
1093.04	86.0
1129.12	86.0
1178.6	86.0
1241.52	86.0
1298.88	86.0
1370.88	86.0
1397.4	86.0
1403.44	86.0
13.72	86.0
22.0	86.0
27.0	86.0
141.44	86.0
174.52	86.0
313.36	86.0
318.24	86.0
341.8	86.0
399.28	86.0
545.92	86.0
614.36	86.0
681.84	86.0
765.16	86.0
867.2	86.0
969.76	86.0
1016.0	86.0
1099.44	86.0
1270.88	86.0
1393.48	86.0
10.2	87.0
26.56	87.0
954.88	87.0
1090.24	87.0
16.84	87.0
102.52	87.0
132.12	87.0
151.36	87.0
180.88	87.0
241.72	87.0
308.68	87.0
320.0	87.0
328.0	87.0
334.28	87.0
353.88	87.0
415.12	87.0
562.64	87.0
632.28	87.0
744.2	87.0
773.04	87.0
852.8	87.0
1160.88	87.0
1265.76	87.0
1291.0	87.0
1409.56	87.0
45.92	88.0
106.6	88.0
130.36	88.0
132.88	88.0
167.96	88.0
336.6	88.0
410.08	88.0
638.24	88.0
711.4	88.0
1035.36	88.0
1100.4	88.0
1150.6	88.0
1392.92	88.0
88.8	88.0
171.08	88.0
267.4	88.0
302.92	88.0
308.2	88.0
361.16	88.0
475.12	88.0
802.08	88.0
1178.0	88.0
1195.92	88.0
1239.96	88.0
85.52	89.0
144.56	89.0
164.6	89.0
307.92	89.0
319.68	89.0
382.84	89.0
427.8	89.0
554.4	89.0
820.52	89.0
1083.32	89.0
1161.48	89.0
1284.04	89.0
1355.0	89.0
9.04	90.0
204.04	90.0
309.0	90.0
314.2	90.0
319.28	90.0
345.16	90.0
353.88	90.0
396.48	90.0
417.64	90.0
440.56	90.0
491.44	90.0
525.96	90.0
554.8	90.0
718.64	90.0
746.76	90.0
828.28	90.0
925.16	90.0
944.48	90.0
994.76	90.0
1083.04	90.0
1161.16	90.0
1283.68	90.0
1401.84	90.0
315.36	92.0
333.44	92.0
794.48	92.0
15.48	92.0
23.56	92.0
34.56	92.0
124.84	92.0
134.64	92.0
162.16	92.0
169.92	92.0
190.08	92.0
215.84	92.0
274.36	92.0
319.56	92.0
345.0	92.0
364.04	92.0
412.04	92.0
545.24	92.0
590.8	92.0
601.48	92.0
650.76	92.0
772.88	92.0
803.0	92.0
865.64	92.0
976.0	92.0
1016.72	92.0
1081.0	92.0
1086.64	92.0
1121.12	92.0
1197.84	92.0
1236.88	92.0
1265.36	92.0
5.76	93.0
345.08	93.0
561.16	93.0
727.52	93.0
774.52	93.0
931.04	93.0
169.08	94.0
416.36	94.0
865.8	94.0
158.4	94.0
302.44	94.0
323.8	94.0
348.52	94.0
21.72	95.0
172.84	95.0
682.48	95.0
1015.28	95.0
1261.16	95.0
1406.2	95.0
306.2	96.0
302.64	97.0
313.36	97.0
319.6	97.0
61.28	98.0
831.08	98.0
13.32	99.0
138.28	99.0
181.0	99.0
202.2	99.0
214.28	99.0
302.52	99.0
308.24	99.0
313.2	99.0
320.48	99.0
330.92	99.0
340.56	99.0
649.92	99.0
768.32	99.0
1078.52	99.0
1196.8	99.0
1235.08	99.0
168.84	100.0
254.44	100.0
307.96	100.0
323.04	100.0
639.16	100.0
649.12	100.0
763.48	100.0
769.28	100.0
861.92	100.0
874.32	100.0
1079.04	100.0
1330.36	100.0
1389.04	100.0
1394.72	100.0
1188.88	101.0
308.96	102.0
312.04	102.0
322.2	102.0
16.64	104.0
64.36	104.0
124.84	104.0
182.44	104.0
221.36	104.0
302.76	104.0
309.2	104.0
315.12	104.0
321.28	104.0
328.68	104.0
340.04	104.0
357.68	104.0
406.8	104.0
661.24	104.0
748.96	104.0
778.4	104.0
823.12	104.0
873.4	104.0
923.36	104.0
1023.64	104.0
1115.72	104.0
1189.04	104.0
1400.56	104.0
322.52	105.0
731.64	105.0
338.16	106.0
321.24	107.0
42.44	107.0
296.32	107.0
318.44	107.0
336.52	107.0
709.08	107.0
830.24	107.0
897.76	107.0
952.72	107.0
1063.76	107.0
1094.92	107.0
1124.8	107.0
1127.32	107.0
1189.4	107.0
1201.96	107.0
1343.16	107.0
13.52	108.0
82.64	108.0
168.68	108.0
181.56	108.0
216.4	108.0
310.64	108.0
325.68	108.0
387.52	108.0
688.6	108.0
770.96	108.0
829.84	108.0
924.52	108.0
967.6	108.0
1082.68	108.0
1264.24	108.0
1392.56	108.0
343.44	109.0
353.64	109.0
491.16	109.0
915.92	109.0
924.92	109.0
1283.44	109.0
310.48	110.0
323.04	110.0
394.04	110.0
781.56	110.0
880.96	111.0
1060.56	111.0
1280.88	111.0
1400.76	111.0
7.48	111.0
17.6	111.0
63.4	111.0
126.4	111.0
171.28	111.0
179.88	111.0
229.8	111.0
311.08	111.0
314.92	111.0
321.92	111.0
329.12	111.0
355.84	111.0
394.2	111.0
453.36	111.0
554.0	111.0
641.52	111.0
650.0	111.0
683.68	111.0
731.2	111.0
753.12	111.0
763.4	111.0
799.76	111.0
867.36	111.0
872.76	111.0
910.36	111.0
916.24	111.0
943.2	111.0
1010.08	111.0
1016.6	111.0
1050.32	111.0
1087.28	111.0
1091.32	111.0
1113.24	111.0
1166.32	111.0
1243.08	111.0
1262.4	111.0
1265.04	111.0
1296.2	111.0
1302.16	111.0
82.8	112.0
174.16	112.0
228.0	112.0
320.24	112.0
458.52	112.0
660.12	112.0
792.16	112.0
837.04	112.0
865.68	112.0
1112.68	112.0
1196.96	112.0
1206.48	112.0
1221.6	112.0
25.12	114.0
645.16	114.0
909.44	114.0
122.52	115.0
234.52	115.0
339.48	115.0
626.48	115.0
781.84	115.0
968.36	115.0
31.76	116.0
310.44	116.0
323.76	116.0
13.64	116.0
53.48	116.0
77.48	116.0
86.4	116.0
170.84	116.0
315.2	116.0
320.44	116.0
333.32	116.0
342.56	116.0
355.68	116.0
375.64	116.0
426.48	116.0
648.48	116.0
685.0	116.0
716.56	116.0
731.6	116.0
765.84	116.0
772.52	116.0
786.6	116.0
802.88	116.0
864.96	116.0
868.48	116.0
876.4	116.0
915.92	116.0
947.36	116.0
965.44	116.0
986.64	116.0
1015.08	116.0
1052.28	116.0
1062.84	116.0
1124.92	116.0
1167.32	116.0
1265.52	116.0
1283.76	116.0
1333.32	116.0
1353.56	116.0
1392.2	116.0
1402.2	116.0
13.56	117.0
130.2	117.0
309.4	117.0
942.32	117.0
1113.16	117.0
1400.84	117.0
302.56	118.0
275.36	118.0
310.08	118.0
316.6	118.0
321.44	118.0
324.64	118.0
331.88	118.0
350.48	118.0
354.28	118.0
520.28	118.0
789.88	118.0
865.68	118.0
941.52	118.0
1089.32	118.0
1399.48	118.0
121.88	119.0
250.64	119.0
337.16	119.0
722.84	119.0
744.76	119.0
966.52	119.0
1010.72	119.0
1353.72	119.0
669.48	120.0
15.76	120.0
43.52	120.0
89.96	120.0
166.8	120.0
754.12	120.0
828.84	120.0
865.12	120.0
909.04	120.0
944.64	120.0
1112.2	120.0
1211.52	120.0
1394.0	120.0
