302.72	84.0
48.64	85.0
621.64	85.0
667.36	85.0
685.96	85.0
788.8	85.0
810.56	85.0
846.0	85.0
1275.16	85.0
1345.84	85.0
83.6	86.0
93.4	86.0
115.84	86.0
123.44	86.0
149.96	86.0
167.64	86.0
180.04	86.0
220.8	86.0
336.2	86.0
362.04	86.0
435.16	86.0
548.8	86.0
642.68	86.0
652.36	86.0
667.56	86.0
688.96	86.0
742.48	86.0
747.68	86.0
783.76	86.0
792.04	86.0
865.36	86.0
882.8	86.0
1044.44	86.0
1055.56	86.0
1084.92	86.0
1110.2	86.0
1143.28	86.0
1210.72	86.0
1236.28	86.0
1344.44	86.0
1347.08	86.0
1361.76	86.0
1390.52	86.0
229.2	86.0
248.72	86.0
270.76	86.0
309.56	86.0
318.0	86.0
327.52	86.0
338.72	86.0
358.92	86.0
634.88	86.0
686.32	86.0
694.6	86.0
719.32	86.0
731.0	86.0
787.84	86.0
846.2	86.0
1130.28	86.0
1161.68	86.0
1315.68	86.0
1331.4	86.0
10.92	87.0
617.04	87.0
961.12	87.0
1346.32	87.0
110.28	87.0
142.76	87.0
178.84	87.0
208.04	87.0
253.84	87.0
274.0	87.0
308.64	87.0
312.36	87.0
323.56	87.0
333.08	87.0
361.76	87.0
633.64	87.0
673.12	87.0
765.04	87.0
828.52	87.0
839.8	87.0
931.24	87.0
949.8	87.0
1032.56	87.0
1079.84	87.0
1161.36	87.0
1270.48	87.0
1286.64	87.0
1329.72	87.0
1353.2	87.0
1403.92	87.0
109.04	88.0
131.52	88.0
338.44	88.0
9.32	88.0
22.12	88.0
176.08	88.0
181.04	88.0
184.44	88.0
237.24	88.0
302.72	88.0
323.08	88.0
491.48	88.0
582.84	88.0
685.64	88.0
923.52	88.0
983.4	88.0
1189.84	88.0
1201.76	88.0
1278.52	88.0
1333.16	88.0
1383.64	88.0
302.76	89.0
104.4	89.0
170.6	89.0
184.32	89.0
188.68	89.0
520.04	89.0
547.84	89.0
741.88	89.0
764.04	89.0
690.88	90.0
109.92	90.0
136.16	90.0
170.32	90.0
188.32	90.0
233.8	90.0
302.48	90.0
337.68	90.0
365.84	90.0
400.4	90.0
633.2	90.0
717.12	90.0
777.92	90.0
809.08	90.0
1063.96	90.0
1117.56	90.0
1128.56	90.0
1274.32	90.0
1378.36	90.0
369.6	91.0
552.12	91.0
322.64	92.0
69.8	92.0
143.32	92.0
185.04	92.0
307.12	92.0
314.56	92.0
345.36	92.0
554.48	92.0
573.92	92.0
711.28	92.0
773.28	92.0
793.4	92.0
919.24	92.0
981.24	92.0
1024.76	92.0
1072.24	92.0
1154.92	92.0
1233.04	92.0
1281.44	92.0
1324.48	92.0
1338.44	92.0
1399.28	92.0
37.92	93.0
1057.84	93.0
1278.68	93.0
302.48	93.0
1046.96	94.0
204.2	94.0
312.2	94.0
343.28	94.0
364.96	94.0
1144.4	94.0
310.36	95.0
15.68	95.0
665.68	95.0
833.8	95.0
1049.92	95.0
1141.68	95.0
1229.32	95.0
1348.56	95.0
306.4	97.0
1132.2	97.0
1344.48	97.0
114.16	97.0
117.2	97.0
322.92	97.0
665.6	97.0
792.48	97.0
1310.64	97.0
302.48	98.0
1342.28	98.0
1401.76	98.0
9.92	99.0
302.48	99.0
308.08	99.0
314.28	99.0
322.08	99.0
334.76	99.0
557.36	99.0
579.32	99.0
616.32	99.0
716.28	99.0
743.72	99.0
846.52	99.0
851.04	99.0
909.24	99.0
980.32	99.0
1147.44	99.0
1200.56	99.0
1274.32	99.0
163.16	100.0
324.4	100.0
497.88	100.0
548.68	100.0
556.0	100.0
673.36	100.0
690.8	100.0
741.96	100.0
964.24	100.0
1200.48	100.0
1274.12	102.0
309.0	102.0
311.92	102.0
341.12	104.0
19.96	104.0
132.2	104.0
280.32	104.0
302.84	104.0
307.92	104.0
313.2	104.0
318.92	104.0
325.6	104.0
337.64	104.0
367.36	104.0
382.68	104.0
556.64	104.0
577.44	104.0
657.24	104.0
718.2	104.0
743.88	104.0
781.68	104.0
794.48	104.0
1032.32	104.0
1062.12	104.0
1082.36	104.0
1225.84	104.0
1277.16	104.0
1322.0	104.0
1341.6	104.0
93.76	106.0
113.72	106.0
200.76	106.0
1132.48	106.0
1211.64	106.0
1224.6	106.0
93.48	107.0
146.72	107.0
186.08	107.0
302.44	107.0
315.52	107.0
318.88	107.0
350.08	107.0
363.88	107.0
451.48	107.0
529.48	107.0
833.4	107.0
843.88	107.0
959.16	107.0
1017.28	107.0
1170.44	107.0
1269.96	107.0
1273.24	107.0
1321.28	107.0
1342.24	107.0
578.64	108.0
9.92	108.0
170.88	108.0
217.96	108.0
310.84	108.0
327.4	108.0
369.12	108.0
524.96	108.0
556.28	108.0
742.84	108.0
805.4	108.0
848.16	108.0
917.0	108.0
982.08	108.0
1019.68	108.0
1202.76	108.0
1274.08	108.0
1301.56	108.0
658.52	109.0
310.48	110.0
314.92	110.0
408.32	110.0
546.2	110.0
797.52	110.0
1310.2	110.0
20.28	111.0
25.6	111.0
127.96	111.0
171.04	111.0
183.64	111.0
189.24	111.0
285.84	111.0
310.76	111.0
321.04	111.0
327.48	111.0
617.6	111.0
626.44	111.0
657.36	111.0
661.24	111.0
680.72	111.0
692.56	111.0
716.36	111.0
743.76	111.0
918.32	111.0
952.32	111.0
981.2	111.0
1017.44	111.0
1049.08	111.0
1129.76	111.0
1148.4	111.0
1201.6	111.0
1204.36	111.0
1231.8	111.0
1275.52	111.0
1281.28	111.0
1303.8	111.0
1311.72	111.0
1343.12	111.0
1401.68	111.0
341.2	112.0
1050.2	112.0
27.24	112.0
244.96	112.0
579.64	112.0
1061.04	112.0
1303.28	112.0
302.48	113.0
1001.4	113.0
111.68	114.0
306.16	114.0
312.56	114.0
1047.32	114.0
1346.8	115.0
259.92	115.0
310.84	115.0
614.6	115.0
743.88	115.0
981.64	115.0
1316.28	115.0
310.44	116.0
692.44	116.0
846.56	116.0
895.92	116.0
1395.44	116.0
24.72	116.0
53.56	116.0
84.84	116.0
134.84	116.0
167.04	116.0
179.0	116.0
200.04	116.0
214.8	116.0
221.92	116.0
313.12	116.0
319.4	116.0
326.64	116.0
332.16	116.0
344.28	116.0
364.44	116.0
381.08	116.0
521.52	116.0
576.24	116.0
585.6	116.0
671.72	116.0
721.48	116.0
733.04	116.0
786.4	116.0
1041.16	116.0
1093.8	116.0
1133.0	116.0
1163.32	116.0
1179.12	116.0
1202.72	116.0
1211.28	116.0
1240.44	116.0
1278.92	116.0
1288.56	116.0
1316.52	116.0
1337.4	116.0
320.96	117.0
255.6	117.0
286.12	117.0
307.84	117.0
342.76	117.0
742.92	117.0
1204.76	117.0
302.52	118.0
308.8	118.0
315.08	118.0
322.6	118.0
330.8	118.0
544.16	118.0
655.8	118.0
998.84	118.0
1047.28	118.0
302.92	119.0
327.32	119.0
955.96	119.0
1025.88	119.0
1089.2	119.0
28.28	120.0
132.6	120.0
186.08	120.0
206.44	120.0
253.36	120.0
302.44	120.0
307.16	120.0
616.12	120.0
623.92	120.0
629.32	120.0
698.44	120.0
719.52	120.0
796.0	120.0
1302.68	120.0
1310.8	120.0
