175.52	84.0
311.8	84.0
481.96	84.0
25.16	85.0
37.44	85.0
186.44	85.0
221.0	85.0
694.4	85.0
742.92	85.0
895.96	85.0
1049.44	85.0
26.2	86.0
70.16	86.0
126.84	86.0
146.2	86.0
174.08	86.0
209.88	86.0
214.52	86.0
238.88	86.0
275.24	86.0
308.4	86.0
318.04	86.0
325.44	86.0
336.64	86.0
363.6	86.0
386.16	86.0
397.92	86.0
423.16	86.0
631.84	86.0
660.4	86.0
689.52	86.0
710.08	86.0
731.16	86.0
739.92	86.0
758.48	86.0
854.76	86.0
943.84	86.0
975.44	86.0
1017.08	86.0
1019.6	86.0
1039.4	86.0
1105.6	86.0
1119.8	86.0
1168.4	86.0
1295.2	86.0
1393.24	86.0
32.2	86.0
72.68	86.0
105.92	86.0
186.88	86.0
251.64	86.0
311.48	86.0
321.16	86.0
329.12	86.0
348.72	86.0
614.24	86.0
1126.44	86.0
1197.68	86.0
1245.2	86.0
182.72	87.0
674.28	87.0
1036.64	87.0
1077.64	87.0
26.28	87.0
42.36	87.0
91.28	87.0
115.96	87.0
148.32	87.0
210.64	87.0
254.16	87.0
308.56	87.0
312.44	87.0
326.44	87.0
345.56	87.0
535.44	87.0
549.64	87.0
596.56	87.0
615.24	87.0
680.48	87.0
711.04	87.0
744.92	87.0
761.16	87.0
808.24	87.0
825.08	87.0
902.24	87.0
953.16	87.0
995.36	87.0
1042.0	87.0
1056.08	87.0
1067.6	87.0
1095.04	87.0
1165.52	87.0
1208.32	87.0
1218.92	87.0
1247.08	87.0
1257.32	87.0
1296.96	87.0
223.84	88.0
298.92	88.0
308.12	88.0
312.96	88.0
324.16	88.0
364.76	88.0
395.8	88.0
475.04	88.0
611.92	88.0
633.24	88.0
707.76	88.0
736.04	88.0
766.72	88.0
825.76	88.0
891.0	88.0
951.0	88.0
977.68	88.0
1042.36	88.0
1053.08	88.0
1081.88	88.0
1131.6	88.0
1174.92	88.0
1198.28	88.0
1210.28	88.0
1261.28	88.0
1276.68	88.0
1291.52	88.0
1298.96	88.0
1322.16	88.0
1374.52	88.0
1392.32	88.0
325.88	89.0
1081.96	89.0
192.2	89.0
306.6	89.0
336.52	89.0
350.88	89.0
367.04	89.0
482.76	89.0
790.36	89.0
1104.84	89.0
1293.12	89.0
1352.92	89.0
134.32	90.0
191.92	90.0
200.4	90.0
237.24	90.0
293.2	90.0
306.28	90.0
350.56	90.0
366.76	90.0
381.4	90.0
398.16	90.0
482.44	90.0
598.52	90.0
817.2	90.0
829.44	90.0
873.92	90.0
1037.52	90.0
1079.52	90.0
1104.52	90.0
1117.72	90.0
309.96	91.0
322.4	92.0
347.84	92.0
40.6	92.0
272.12	92.0
310.04	92.0
314.4	92.0
622.6	92.0
709.08	92.0
759.32	92.0
851.36	92.0
871.64	92.0
958.2	92.0
969.84	92.0
1002.08	92.0
1017.04	92.0
1037.12	92.0
1119.08	92.0
1124.4	92.0
1148.72	92.0
1197.08	92.0
1350.08	92.0
18.08	93.0
313.36	93.0
376.72	93.0
393.96	93.0
487.12	93.0
539.52	93.0
96.76	93.0
79.76	94.0
326.68	94.0
453.04	94.0
788.52	94.0
314.16	94.0
332.96	94.0
989.76	94.0
97.56	95.0
154.12	95.0
234.48	95.0
850.64	95.0
989.88	95.0
1062.08	95.0
1141.88	95.0
1173.76	95.0
625.76	96.0
308.24	97.0
20.28	97.0
39.08	97.0
312.36	97.0
325.16	97.0
358.24	97.0
634.12	97.0
678.48	97.0
689.6	97.0
1271.16	97.0
158.44	98.0
400.56	98.0
40.68	99.0
208.16	99.0
261.04	99.0
299.48	99.0
302.56	99.0
306.08	99.0
312.44	99.0
323.76	99.0
690.68	99.0
743.8	99.0
840.64	99.0
1000.52	99.0
1044.52	99.0
1074.56	99.0
1116.88	99.0
1146.8	99.0
1385.84	99.0
31.44	100.0
63.12	100.0
189.2	100.0
343.24	100.0
947.76	100.0
1032.4	100.0
1171.8	100.0
1353.96	100.0
309.0	102.0
311.76	102.0
1175.24	102.0
270.84	103.0
334.04	104.0
9.2	104.0
38.92	104.0
83.88	104.0
262.92	104.0
302.44	104.0
307.52	104.0
312.8	104.0
318.68	104.0
327.84	104.0
386.64	104.0
416.68	104.0
551.48	104.0
685.44	104.0
740.92	104.0
875.84	104.0
949.84	104.0
983.2	104.0
1081.64	104.0
1102.36	104.0
1144.44	104.0
1150.08	104.0
1244.16	104.0
1261.32	104.0
1369.92	104.0
20.96	106.0
361.8	106.0
156.68	107.0
228.88	107.0
307.92	107.0
1170.36	107.0
187.36	107.0
269.16	107.0
316.6	107.0
360.44	107.0
580.08	107.0
601.24	107.0
607.04	107.0
641.8	107.0
672.0	107.0
711.4	107.0
753.68	107.0
815.44	107.0
937.56	107.0
1075.16	107.0
1084.04	107.0
1190.8	107.0
1211.28	107.0
1243.12	107.0
1325.8	107.0
6.08	108.0
70.16	108.0
199.44	108.0
311.8	108.0
358.8	108.0
581.44	108.0
689.92	108.0
870.84	108.0
1001.44	108.0
1037.4	108.0
1044.96	108.0
1073.16	108.0
1084.2	108.0
1146.68	108.0
1175.56	108.0
1199.4	108.0
873.72	109.0
104.44	109.0
329.36	109.0
1043.12	109.0
310.48	110.0
1174.88	110.0
1396.12	110.0
191.2	110.0
351.92	110.0
453.72	110.0
729.2	110.0
948.76	110.0
302.88	111.0
32.84	111.0
85.76	111.0
116.92	111.0
150.72	111.0
191.56	111.0
213.12	111.0
228.16	111.0
235.88	111.0
247.44	111.0
268.84	111.0
310.96	111.0
324.28	111.0
352.24	111.0
395.92	111.0
399.04	111.0
476.04	111.0
481.72	111.0
527.92	111.0
539.16	111.0
600.92	111.0
605.8	111.0
679.44	111.0
725.64	111.0
839.96	111.0
923.32	111.0
948.6	111.0
969.08	111.0
1001.6	111.0
1011.16	111.0
1064.52	111.0
1076.8	111.0
1108.36	111.0
1115.68	111.0
1118.24	111.0
1145.0	111.0
1148.04	111.0
1194.04	111.0
1252.56	111.0
1268.64	111.0
1280.36	111.0
1354.52	111.0
10.8	112.0
34.64	112.0
185.4	112.0
227.84	112.0
347.4	112.0
369.8	112.0
481.96	112.0
757.56	112.0
977.24	112.0
1355.56	112.0
702.24	113.0
311.92	114.0
320.28	114.0
1035.92	114.0
863.2	115.0
270.44	115.0
847.32	115.0
1066.12	115.0
14.4	116.0
310.52	116.0
1252.28	116.0
42.0	116.0
66.24	116.0
76.2	116.0
236.52	116.0
269.4	116.0
320.96	116.0
324.96	116.0
327.96	116.0
340.24	116.0
345.16	116.0
355.96	116.0
380.16	116.0
426.04	116.0
456.44	116.0
576.28	116.0
581.52	116.0
592.96	116.0
602.24	116.0
716.48	116.0
741.96	116.0
859.76	116.0
872.32	116.0
905.48	116.0
951.8	116.0
965.24	116.0
1034.68	116.0
1070.28	116.0
1085.12	116.0
1117.16	116.0
1129.72	116.0
1163.04	116.0
1174.04	116.0
1188.72	116.0
1278.84	116.0
236.2	117.0
460.08	117.0
840.28	117.0
1280.4	117.0
302.48	118.0
378.44	118.0
33.04	118.0
131.4	118.0
234.44	118.0
289.84	118.0
311.88	118.0
322.72	118.0
479.48	118.0
599.12	118.0
755.56	118.0
814.52	118.0
871.68	118.0
1077.04	118.0
1102.0	118.0
1139.04	118.0
152.68	119.0
156.12	119.0
325.72	119.0
688.96	119.0
1272.64	119.0
82.24	120.0
143.28	120.0
194.04	120.0
333.8	120.0
393.08	120.0
672.88	120.0
762.44	120.0
842.72	120.0
897.16	120.0
1083.92	120.0
1138.48	120.0
1249.8	120.0
1316.44	120.0
