302.68	84.0
21.88	85.0
92.48	85.0
154.96	85.0
188.64	85.0
213.44	85.0
330.84	85.0
358.12	85.0
381.12	85.0
503.28	85.0
19.28	86.0
22.04	86.0
33.96	86.0
46.48	86.0
71.4	86.0
86.48	86.0
99.76	86.0
105.08	86.0
124.24	86.0
169.96	86.0
180.72	86.0
198.28	86.0
308.44	86.0
327.84	86.0
376.8	86.0
5.28	86.0
61.0	86.0
75.56	86.0
153.48	86.0
201.64	86.0
320.44	86.0
332.84	86.0
23.84	87.0
36.76	87.0
57.08	87.0
62.12	87.0
72.76	87.0
144.48	87.0
227.64	87.0
308.96	87.0
314.68	87.0
325.44	87.0
381.76	87.0
201.28	88.0
302.64	88.0
14.72	88.0
26.72	88.0
56.72	88.0
74.4	88.0
104.32	88.0
114.2	88.0
142.64	88.0
178.68	88.0
185.2	88.0
215.6	88.0
307.0	88.0
318.2	88.0
325.6	88.0
375.92	88.0
403.88	88.0
444.04	88.0
496.16	88.0
401.44	89.0
111.52	89.0
239.32	89.0
30.8	90.0
222.6	90.0
302.52	90.0
313.96	90.0
348.24	90.0
409.24	90.0
238.8	91.0
314.12	91.0
380.0	92.0
21.76	92.0
39.8	92.0
211.2	92.0
268.6	92.0
306.44	92.0
310.36	92.0
318.08	92.0
336.64	92.0
521.88	92.0
530.32	92.0
107.56	93.0
118.92	93.0
283.04	93.0
308.6	93.0
105.96	94.0
198.6	94.0
282.04	94.0
406.8	94.0
125.88	95.0
241.16	95.0
302.48	95.0
202.92	96.0
70.88	97.0
101.16	97.0
233.52	97.0
316.52	97.0
329.08	97.0
370.96	97.0
457.72	97.0
42.52	97.0
137.08	97.0
169.36	97.0
199.92	97.0
213.92	97.0
302.44	97.0
324.48	97.0
396.88	97.0
32.16	99.0
325.88	99.0
25.28	99.0
162.08	99.0
183.28	99.0
302.48	99.0
308.68	99.0
317.44	99.0
521.0	99.0
9.24	100.0
25.96	100.0
32.28	100.0
108.56	100.0
239.2	100.0
14.64	101.0
175.48	101.0
204.76	101.0
75.76	102.0
308.96	102.0
311.88	102.0
408.12	102.0
302.96	103.0
21.8	104.0
49.64	104.0
106.2	104.0
120.08	104.0
122.88	104.0
165.4	104.0
185.56	104.0
222.8	104.0
278.64	104.0
302.44	104.0
309.24	104.0
315.28	104.0
327.36	104.0
354.16	104.0
379.6	104.0
181.88	106.0
316.24	107.0
48.44	107.0
58.16	107.0
73.36	107.0
78.48	107.0
128.36	107.0
250.6	107.0
259.88	107.0
346.92	107.0
518.36	107.0
531.72	107.0
310.72	108.0
221.24	109.0
348.0	109.0
59.68	110.0
310.48	110.0
108.6	110.0
122.68	110.0
441.48	110.0
309.64	111.0
4.36	111.0
14.76	111.0
28.16	111.0
49.2	111.0
51.92	111.0
58.76	111.0
88.88	111.0
103.64	111.0
108.56	111.0
118.32	111.0
123.48	111.0
126.04	111.0
140.44	111.0
143.2	111.0
171.52	111.0
186.48	111.0
196.96	111.0
200.12	111.0
241.88	111.0
285.24	111.0
312.48	111.0
355.08	111.0
361.72	111.0
378.84	111.0
383.52	111.0
407.88	111.0
467.56	111.0
20.32	112.0
23.8	112.0
103.36	112.0
176.6	112.0
249.8	112.0
260.0	112.0
302.56	112.0
354.0	112.0
279.84	113.0
306.28	113.0
306.44	114.0
23.12	114.0
123.8	114.0
320.08	114.0
152.88	115.0
122.92	115.0
373.52	115.0
469.24	115.0
8.68	116.0
310.44	116.0
370.6	116.0
12.56	116.0
57.96	116.0
105.16	116.0
151.32	116.0
162.64	116.0
173.0	116.0
184.4	116.0
264.8	116.0
290.2	116.0
313.24	116.0
320.8	116.0
332.28	116.0
408.96	116.0
118.68	117.0
240.16	117.0
309.72	117.0
321.64	117.0
408.12	117.0
302.48	118.0
316.4	118.0
326.12	118.0
19.72	120.0
49.24	120.0
155.0	120.0
306.28	120.0
