302.8	84.0
1297.12	84.0
317.76	85.0
331.52	85.0
336.68	85.0
477.2	85.0
565.64	85.0
577.04	85.0
652.84	85.0
719.2	85.0
781.84	85.0
818.88	85.0
852.08	85.0
867.04	85.0
895.44	85.0
968.6	85.0
999.04	85.0
1068.08	85.0
1084.88	85.0
1172.24	85.0
1252.52	85.0
1275.96	85.0
306.68	86.0
316.76	86.0
327.8	86.0
338.04	86.0
357.52	86.0
367.4	86.0
390.64	86.0
410.6	86.0
422.84	86.0
438.24	86.0
450.12	86.0
507.16	86.0
523.44	86.0
552.52	86.0
605.68	86.0
748.0	86.0
896.88	86.0
927.64	86.0
947.6	86.0
959.12	86.0
987.16	86.0
1007.24	86.0
1021.72	86.0
1034.4	86.0
1079.12	86.0
1105.48	86.0
1163.88	86.0
1175.44	86.0
1198.16	86.0
1218.28	86.0
1242.92	86.0
1271.68	86.0
1294.52	86.0
1298.24	86.0
312.96	86.0
324.0	86.0
332.32	86.0
345.16	86.0
352.08	86.0
360.48	86.0
372.16	86.0
381.36	86.0
394.48	86.0
404.72	86.0
427.28	86.0
462.28	86.0
482.2	86.0
532.16	86.0
579.24	86.0
594.44	86.0
659.44	86.0
706.32	86.0
1024.8	86.0
1049.56	86.0
1064.32	86.0
1083.2	86.0
1128.44	86.0
1146.52	86.0
1185.92	86.0
1245.48	86.0
1255.52	86.0
316.24	87.0
332.04	87.0
307.84	87.0
313.52	87.0
321.88	87.0
327.52	87.0
342.04	87.0
363.88	87.0
368.88	87.0
372.28	87.0
383.0	87.0
386.92	87.0
389.52	87.0
394.08	87.0
401.32	87.0
408.6	87.0
413.64	87.0
419.24	87.0
425.4	87.0
435.52	87.0
450.96	87.0
453.64	87.0
460.44	87.0
469.24	87.0
476.44	87.0
482.6	87.0
490.08	87.0
517.44	87.0
528.6	87.0
560.08	87.0
593.04	87.0
609.44	87.0
727.6	87.0
799.0	87.0
828.12	87.0
846.32	87.0
894.6	87.0
929.96	87.0
1015.04	87.0
1112.48	87.0
452.92	88.0
665.48	88.0
322.96	88.0
334.76	88.0
342.2	88.0
354.04	88.0
358.28	88.0
374.68	88.0
382.88	88.0
399.36	88.0
415.72	88.0
422.76	88.0
431.64	88.0
445.24	88.0
465.36	88.0
475.8	88.0
487.52	88.0
494.64	88.0
510.16	88.0
547.16	88.0
587.68	88.0
609.88	88.0
994.36	88.0
1018.0	88.0
1078.56	88.0
1083.0	88.0
1128.52	88.0
1159.68	88.0
1215.84	88.0
1288.48	88.0
1301.6	88.0
322.88	89.0
355.52	89.0
312.88	89.0
317.08	89.0
329.24	89.0
336.64	89.0
342.56	89.0
867.6	89.0
354.08	90.0
356.64	90.0
306.4	90.0
333.08	90.0
336.32	90.0
342.28	90.0
369.36	90.0
533.32	90.0
1030.8	90.0
322.8	91.0
312.6	91.0
332.68	91.0
343.68	91.0
354.68	91.0
1237.6	91.0
313.08	92.0
316.08	92.0
330.96	92.0
346.68	92.0
370.56	92.0
302.88	92.0
334.36	92.0
352.56	92.0
361.68	92.0
365.68	92.0
393.52	92.0
403.88	92.0
445.68	92.0
480.64	92.0
496.04	92.0
516.48	92.0
532.72	92.0
543.44	92.0
573.48	92.0
592.88	92.0
601.2	92.0
605.0	92.0
624.84	92.0
643.44	92.0
647.12	92.0
665.64	92.0
677.12	92.0
682.76	92.0
688.28	92.0
716.76	92.0
734.96	92.0
766.76	92.0
775.08	92.0
793.16	92.0
845.92	92.0
955.04	92.0
985.2	92.0
1029.84	92.0
1033.88	92.0
1050.44	92.0
1064.8	92.0
1106.12	92.0
1201.08	92.0
1239.48	92.0
1247.96	92.0
1288.68	92.0
315.88	93.0
334.0	93.0
338.84	93.0
351.48	93.0
358.36	93.0
362.8	93.0
369.68	93.0
375.0	93.0
381.4	93.0
389.64	93.0
396.2	93.0
409.8	93.0
420.96	93.0
430.92	93.0
440.04	93.0
449.96	93.0
461.6	93.0
467.24	93.0
474.0	93.0
486.84	93.0
502.76	93.0
520.12	93.0
531.16	93.0
538.56	93.0
549.64	93.0
564.36	93.0
576.36	93.0
594.12	93.0
601.84	93.0
615.56	93.0
669.32	93.0
716.08	93.0
798.4	93.0
1252.64	93.0
1277.64	93.0
302.56	93.0
1035.6	93.0
1133.36	93.0
346.48	94.0
369.08	94.0
397.04	94.0
343.96	94.0
363.92	94.0
435.96	94.0
536.84	94.0
917.32	94.0
1107.92	94.0
1169.64	94.0
359.76	95.0
314.72	95.0
336.24	95.0
352.32	95.0
376.96	95.0
395.48	95.0
487.32	95.0
541.8	95.0
583.88	95.0
648.0	95.0
944.6	95.0
1216.44	95.0
323.72	96.0
853.84	97.0
903.4	97.0
992.4	97.0
1027.88	97.0
1047.12	97.0
1161.88	97.0
1203.84	97.0
302.44	97.0
327.04	97.0
334.4	97.0
352.8	97.0
369.48	97.0
926.6	97.0
954.84	97.0
964.12	97.0
1034.44	97.0
1061.76	97.0
1078.96	97.0
1230.08	97.0
1248.2	97.0
1296.2	97.0
307.2	98.0
1248.96	98.0
348.24	99.0
308.8	99.0
312.08	99.0
315.12	99.0
323.4	99.0
331.64	99.0
337.48	99.0
345.68	99.0
356.12	99.0
359.36	99.0
366.24	99.0
373.28	99.0
416.16	99.0
432.28	99.0
451.84	99.0
495.32	99.0
537.36	99.0
555.16	99.0
599.12	99.0
626.16	99.0
1025.84	99.0
1055.04	99.0
1086.92	99.0
1164.4	99.0
322.64	100.0
331.68	100.0
434.92	100.0
498.72	100.0
552.28	100.0
568.0	100.0
601.76	100.0
630.84	100.0
670.2	100.0
817.08	100.0
912.8	100.0
968.56	100.0
990.84	100.0
1026.68	100.0
1053.24	100.0
333.6	101.0
354.0	101.0
374.2	101.0
425.76	101.0
450.92	101.0
484.36	101.0
676.32	101.0
1066.04	101.0
1108.24	101.0
1160.76	101.0
1197.36	101.0
1246.84	101.0
327.4	102.0
619.28	102.0
308.96	102.0
328.2	103.0
313.2	103.0
404.44	103.0
541.4	103.0
682.64	103.0
348.08	104.0
352.24	104.0
368.52	104.0
382.04	104.0
302.76	104.0
308.44	104.0
312.36	104.0
314.88	104.0
323.12	104.0
329.12	104.0
332.72	104.0
335.32	104.0
365.88	104.0
374.84	104.0
387.36	104.0
394.08	104.0
413.36	104.0
420.96	104.0
437.36	104.0
450.04	104.0
522.6	104.0
582.4	104.0
605.2	104.0
721.68	104.0
990.12	104.0
1015.6	104.0
1030.64	104.0
1044.64	104.0
1071.96	104.0
1085.76	104.0
1104.68	104.0
1137.6	104.0
1148.04	104.0
1165.96	104.0
1183.6	104.0
1249.28	104.0
1263.0	104.0
1292.36	104.0
147.68	106.0
328.36	106.0
373.8	106.0
550.08	106.0
675.24	106.0
594.96	107.0
309.0	107.0
329.32	107.0
343.32	107.0
353.56	107.0
357.44	107.0
391.64	107.0
404.24	107.0
410.24	107.0
427.0	107.0
475.56	107.0
493.6	107.0
498.88	107.0
509.8	107.0
542.84	107.0
830.96	107.0
907.88	107.0
1116.6	107.0
1166.88	107.0
1249.28	107.0
316.6	108.0
327.08	108.0
334.48	108.0
342.32	108.0
352.16	108.0
366.72	108.0
377.72	108.0
393.64	108.0
400.44	108.0
978.8	108.0
1087.44	108.0
1269.2	108.0
349.68	109.0
356.88	109.0
336.6	109.0
413.56	109.0
321.4	110.0
332.28	110.0
336.56	110.0
352.48	110.0
367.76	110.0
373.16	110.0
399.68	110.0
988.64	110.0
313.48	110.0
323.96	110.0
345.28	110.0
355.0	110.0
409.0	110.0
462.88	110.0
634.64	110.0
999.32	110.0
1045.8	110.0
1106.84	110.0
1258.6	110.0
313.4	111.0
306.6	111.0
329.08	111.0
331.72	111.0
336.96	111.0
345.56	111.0
348.72	111.0
355.6	111.0
363.92	111.0
368.92	111.0
372.76	111.0
383.16	111.0
393.56	111.0
401.6	111.0
408.92	111.0
415.16	111.0
417.8	111.0
428.4	111.0
437.84	111.0
443.08	111.0
455.76	111.0
464.04	111.0
474.68	111.0
486.72	111.0
496.24	111.0
505.88	111.0
509.64	111.0
532.4	111.0
553.12	111.0
562.36	111.0
600.12	111.0
602.72	111.0
606.36	111.0
611.6	111.0
620.76	111.0
628.56	111.0
646.64	111.0
666.12	111.0
686.08	111.0
716.8	111.0
731.76	111.0
769.96	111.0
807.44	111.0
820.16	111.0
912.56	111.0
955.4	111.0
1016.28	111.0
1057.76	111.0
1105.12	111.0
1135.28	111.0
1148.52	111.0
1173.8	111.0
1181.04	111.0
1245.6	111.0
1255.52	111.0
1255.68	112.0
316.12	112.0
329.88	112.0
335.88	112.0
345.32	112.0
352.32	112.0
356.16	112.0
394.4	112.0
578.92	112.0
655.28	112.0
692.08	112.0
706.72	112.0
1013.8	112.0
327.08	113.0
334.48	113.0
436.32	113.0
450.64	113.0
307.76	114.0
331.16	114.0
338.24	114.0
346.0	114.0
348.84	114.0
352.68	114.0
362.32	114.0
370.0	114.0
381.96	114.0
343.4	114.0
659.16	114.0
1096.24	115.0
1280.04	115.0
328.36	115.0
345.52	115.0
352.8	115.0
368.44	115.0
376.16	115.0
379.8	115.0
389.24	115.0
394.16	115.0
420.36	115.0
510.84	115.0
537.76	115.0
652.64	115.0
676.56	115.0
697.4	115.0
717.4	115.0
775.4	115.0
808.48	115.0
885.88	115.0
924.6	115.0
1189.84	115.0
1219.64	115.0
1251.48	115.0
344.4	116.0
313.48	116.0
317.76	116.0
323.64	116.0
328.92	116.0
335.08	116.0
347.24	116.0
351.2	116.0
355.12	116.0
368.6	116.0
372.72	116.0
379.44	116.0
385.2	116.0
389.36	116.0
426.88	116.0
447.96	116.0
477.28	116.0
495.92	116.0
505.92	116.0
517.2	116.0
530.2	116.0
542.32	116.0
554.16	116.0
593.52	116.0
602.44	116.0
610.84	116.0
657.08	116.0
1016.52	116.0
1029.56	116.0
1040.08	116.0
1072.64	116.0
1113.96	116.0
1139.24	116.0
1178.2	116.0
1206.6	116.0
1269.68	116.0
1273.0	116.0
1294.52	116.0
353.76	117.0
373.92	117.0
417.64	117.0
460.12	117.0
522.84	117.0
302.68	117.0
312.44	117.0
327.92	117.0
344.52	117.0
356.48	117.0
361.6	117.0
428.64	117.0
438.08	117.0
1206.76	117.0
1237.2	117.0
1301.04	117.0
302.56	118.0
328.8	118.0
307.24	118.0
313.92	118.0
357.36	118.0
365.76	118.0
381.08	118.0
385.76	118.0
604.96	118.0
630.4	118.0
684.8	118.0
725.2	118.0
772.48	118.0
810.8	118.0
860.32	118.0
930.4	118.0
307.08	119.0
411.32	119.0
306.64	120.0
317.84	120.0
330.64	120.0
343.12	120.0
348.08	120.0
351.76	120.0
361.44	120.0
389.48	120.0
399.08	120.0
428.04	120.0
438.4	120.0
467.68	120.0
483.08	120.0
492.92	120.0
503.76	120.0
508.8	120.0
540.04	120.0
544.4	120.0
687.76	120.0
784.4	120.0
1164.2	120.0
