815.04	84.0
302.8	84.0
115.08	85.0
145.12	85.0
339.2	85.0
363.48	85.0
819.36	85.0
830.6	85.0
885.12	85.0
908.56	85.0
946.56	85.0
1037.8	85.0
1161.04	85.0
1222.52	85.0
1296.52	85.0
23.44	86.0
30.76	86.0
75.04	86.0
89.76	86.0
128.48	86.0
131.72	86.0
181.64	86.0
211.72	86.0
217.08	86.0
244.48	86.0
262.92	86.0
276.6	86.0
314.2	86.0
327.92	86.0
335.24	86.0
351.08	86.0
401.4	86.0
433.24	86.0
796.68	86.0
813.84	86.0
836.56	86.0
849.68	86.0
858.0	86.0
860.8	86.0
887.12	86.0
897.96	86.0
905.0	86.0
943.08	86.0
979.76	86.0
1000.32	86.0
1079.68	86.0
1132.6	86.0
36.96	86.0
49.04	86.0
78.76	86.0
102.32	86.0
135.36	86.0
147.76	86.0
307.52	86.0
310.32	86.0
319.84	86.0
337.96	86.0
801.8	86.0
808.96	86.0
817.52	86.0
824.88	86.0
829.6	86.0
845.84	86.0
870.88	86.0
882.16	86.0
920.48	86.0
947.04	86.0
1005.52	86.0
1041.32	86.0
1098.56	86.0
1154.72	86.0
1170.36	86.0
870.08	87.0
22.88	87.0
32.96	87.0
52.2	87.0
102.12	87.0
110.8	87.0
119.08	87.0
131.56	87.0
225.88	87.0
235.2	87.0
282.72	87.0
308.24	87.0
312.2	87.0
317.68	87.0
324.44	87.0
363.76	87.0
381.48	87.0
784.52	87.0
790.72	87.0
797.2	87.0
827.52	87.0
831.8	87.0
837.96	87.0
843.2	87.0
853.0	87.0
858.88	87.0
893.2	87.0
997.08	87.0
1031.6	87.0
1107.72	87.0
1151.8	87.0
1170.24	87.0
1198.52	87.0
316.12	88.0
55.6	88.0
102.2	88.0
123.92	88.0
150.56	88.0
199.64	88.0
224.2	88.0
268.4	88.0
302.44	88.0
307.4	88.0
323.84	88.0
339.28	88.0
371.52	88.0
483.04	88.0
771.6	88.0
797.24	88.0
827.48	88.0
851.0	88.0
858.36	88.0
893.84	88.0
956.44	88.0
965.68	88.0
982.92	88.0
1007.08	88.0
1033.84	88.0
1052.48	88.0
1058.76	88.0
1085.24	88.0
1100.56	88.0
1144.52	88.0
1165.4	88.0
1184.48	88.0
1200.56	88.0
1244.76	88.0
1276.88	88.0
24.92	89.0
94.52	89.0
177.84	89.0
203.44	89.0
231.36	89.0
820.32	89.0
925.52	89.0
995.08	89.0
1211.52	89.0
30.64	90.0
39.72	90.0
62.28	90.0
126.24	90.0
177.56	90.0
302.48	90.0
314.88	90.0
329.04	90.0
392.88	90.0
769.44	90.0
787.76	90.0
814.48	90.0
820.04	90.0
826.16	90.0
836.84	90.0
960.36	90.0
1018.88	90.0
1052.96	90.0
126.6	91.0
784.8	91.0
829.16	91.0
966.84	91.0
316.84	92.0
834.28	92.0
34.44	92.0
101.08	92.0
105.2	92.0
134.4	92.0
198.2	92.0
306.32	92.0
310.16	92.0
321.56	92.0
350.2	92.0
744.28	92.0
773.72	92.0
784.28	92.0
792.32	92.0
872.52	92.0
897.08	92.0
904.96	92.0
994.84	92.0
1158.72	92.0
1248.28	92.0
37.56	93.0
405.8	93.0
826.88	93.0
861.48	93.0
912.92	93.0
949.16	93.0
1011.32	93.0
1147.04	93.0
61.36	94.0
793.48	94.0
41.44	94.0
86.76	94.0
108.44	94.0
796.4	94.0
815.96	94.0
828.24	94.0
869.52	94.0
894.24	94.0
257.12	95.0
321.12	95.0
404.2	95.0
873.88	95.0
1053.44	95.0
1239.24	95.0
60.28	97.0
124.48	97.0
143.16	97.0
215.32	97.0
460.08	97.0
898.12	97.0
973.96	97.0
1043.44	97.0
1076.92	97.0
1126.2	97.0
1202.16	97.0
1236.4	97.0
75.08	97.0
302.44	97.0
317.0	97.0
381.96	97.0
813.4	97.0
815.92	97.0
819.52	97.0
828.36	97.0
835.08	97.0
860.44	97.0
871.2	97.0
923.48	97.0
1181.76	97.0
1277.08	97.0
351.24	98.0
307.04	98.0
889.16	98.0
771.8	99.0
38.28	99.0
120.16	99.0
199.52	99.0
302.48	99.0
308.76	99.0
315.96	99.0
324.56	99.0
781.44	99.0
788.0	99.0
802.16	99.0
814.44	99.0
825.32	99.0
839.56	99.0
856.56	99.0
873.56	99.0
896.2	99.0
1158.8	99.0
9.56	100.0
511.48	100.0
768.2	100.0
816.08	100.0
842.4	100.0
873.24	100.0
1103.68	100.0
1203.0	100.0
818.2	101.0
854.08	101.0
889.12	101.0
928.2	101.0
175.44	102.0
309.0	102.0
312.24	102.0
176.32	103.0
302.96	103.0
350.92	103.0
36.2	104.0
80.2	104.0
115.08	104.0
189.68	104.0
215.68	104.0
252.96	104.0
284.36	104.0
302.84	104.0
308.96	104.0
316.6	104.0
325.32	104.0
352.24	104.0
419.48	104.0
785.36	104.0
801.16	104.0
825.8	104.0
839.64	104.0
861.6	104.0
873.4	104.0
897.68	104.0
914.92	104.0
939.12	104.0
978.4	104.0
1039.56	104.0
1084.68	104.0
1121.72	104.0
1153.2	104.0
1247.68	104.0
40.8	107.0
71.32	107.0
78.4	107.0
108.88	107.0
125.44	107.0
136.36	107.0
222.76	107.0
241.04	107.0
295.32	107.0
318.04	107.0
376.04	107.0
451.52	107.0
497.04	107.0
538.08	107.0
826.8	107.0
854.44	107.0
869.84	107.0
880.8	107.0
891.88	107.0
949.0	107.0
972.28	107.0
982.56	107.0
1003.36	107.0
1030.12	107.0
1162.48	107.0
1209.52	107.0
35.68	108.0
56.28	108.0
311.72	108.0
810.52	108.0
898.04	108.0
814.28	109.0
859.96	109.0
1158.56	109.0
200.56	109.0
399.92	109.0
1172.0	109.0
310.56	110.0
347.8	110.0
797.68	110.0
813.36	110.0
977.68	110.0
44.4	111.0
303.0	111.0
779.88	111.0
824.92	111.0
35.92	111.0
40.72	111.0
49.08	111.0
78.84	111.0
102.56	111.0
105.4	111.0
134.72	111.0
155.24	111.0
175.08	111.0
200.32	111.0
226.84	111.0
405.48	111.0
435.76	111.0
791.16	111.0
794.8	111.0
799.36	111.0
813.28	111.0
838.52	111.0
866.92	111.0
873.96	111.0
882.12	111.0
897.64	111.0
1018.04	111.0
1028.76	111.0
1160.04	111.0
1226.08	111.0
1243.04	111.0
1274.8	111.0
30.88	112.0
870.32	112.0
873.6	112.0
911.28	112.0
1006.48	112.0
828.12	113.0
302.52	113.0
827.96	114.0
874.44	114.0
922.2	114.0
322.92	115.0
403.56	115.0
848.88	115.0
40.56	115.0
114.04	115.0
201.68	115.0
282.96	115.0
339.0	115.0
518.08	115.0
797.92	115.0
811.72	115.0
927.8	115.0
1038.56	115.0
16.04	116.0
310.48	116.0
417.4	116.0
836.4	116.0
11.96	116.0
40.44	116.0
51.04	116.0
57.28	116.0
84.4	116.0
148.36	116.0
161.84	116.0
176.12	116.0
199.8	116.0
226.72	116.0
280.12	116.0
291.72	116.0
315.48	116.0
321.56	116.0
350.8	116.0
387.12	116.0
436.72	116.0
770.08	116.0
782.28	116.0
800.44	116.0
807.2	116.0
811.48	116.0
814.36	116.0
819.2	116.0
827.64	116.0
849.28	116.0
864.56	116.0
875.8	116.0
886.48	116.0
961.4	116.0
1181.36	116.0
44.44	117.0
93.84	117.0
125.32	117.0
282.4	117.0
321.92	117.0
329.92	117.0
437.0	117.0
488.8	117.0
827.52	117.0
875.24	117.0
907.52	117.0
1225.68	117.0
302.48	118.0
309.12	118.0
81.96	118.0
313.68	118.0
323.36	118.0
790.48	118.0
812.48	118.0
848.84	118.0
947.64	118.0
780.12	119.0
791.84	119.0
108.96	120.0
837.36	120.0
75.12	120.0
88.48	120.0
306.76	120.0
844.2	120.0
883.96	120.0
1241.52	120.0
