330.36	84.0
302.8	84.0
315.56	84.0
319.24	84.0
338.44	84.0
740.4	84.0
819.32	84.0
323.8	85.0
317.12	85.0
577.6	85.0
607.96	85.0
691.88	85.0
720.96	85.0
799.44	85.0
819.52	85.0
851.2	85.0
861.28	85.0
1113.88	85.0
1130.64	85.0
1149.36	85.0
1326.12	85.0
314.12	86.0
317.04	86.0
326.08	86.0
332.96	86.0
337.84	86.0
369.96	86.0
403.08	86.0
412.4	86.0
415.32	86.0
422.56	86.0
435.12	86.0
473.72	86.0
485.36	86.0
501.04	86.0
535.92	86.0
556.96	86.0
570.24	86.0
591.68	86.0
604.2	86.0
628.68	86.0
645.32	86.0
664.12	86.0
695.44	86.0
741.52	86.0
784.96	86.0
790.48	86.0
850.96	86.0
869.36	86.0
893.48	86.0
913.76	86.0
926.68	86.0
949.12	86.0
980.48	86.0
992.84	86.0
1009.2	86.0
1034.48	86.0
1061.8	86.0
1072.04	86.0
1103.4	86.0
1141.28	86.0
1169.0	86.0
1187.16	86.0
1214.84	86.0
1236.12	86.0
1248.08	86.0
1267.08	86.0
1300.52	86.0
1314.56	86.0
1336.32	86.0
1366.36	86.0
1388.28	86.0
1396.84	86.0
1418.24	86.0
1436.12	86.0
1467.4	86.0
322.96	86.0
330.12	86.0
340.76	86.0
345.6	86.0
354.68	86.0
362.28	86.0
372.48	86.0
380.68	86.0
397.32	86.0
440.36	86.0
463.44	86.0
477.16	86.0
518.48	86.0
559.76	86.0
615.16	86.0
831.96	86.0
314.56	87.0
329.44	87.0
599.6	87.0
320.8	87.0
323.32	87.0
334.04	87.0
351.44	87.0
362.68	87.0
367.4	87.0
370.96	87.0
379.36	87.0
391.84	87.0
397.6	87.0
419.08	87.0
438.0	87.0
443.32	87.0
454.76	87.0
459.4	87.0
465.44	87.0
474.6	87.0
486.16	87.0
491.8	87.0
542.72	87.0
550.28	87.0
562.36	87.0
568.32	87.0
580.64	87.0
615.52	87.0
629.48	87.0
668.72	87.0
686.28	87.0
702.72	87.0
713.96	87.0
773.6	87.0
778.28	87.0
791.36	87.0
799.48	87.0
866.04	87.0
921.88	87.0
948.84	87.0
963.04	87.0
987.52	87.0
1027.2	87.0
1047.76	87.0
1085.56	87.0
1103.32	87.0
1118.04	87.0
1348.64	87.0
1429.2	87.0
1449.8	87.0
312.84	88.0
330.56	88.0
337.24	88.0
492.16	88.0
529.76	88.0
603.36	88.0
634.12	88.0
660.16	88.0
752.24	88.0
832.24	88.0
1181.52	88.0
1415.8	88.0
315.48	88.0
342.12	88.0
351.52	88.0
358.64	88.0
374.04	88.0
377.08	88.0
388.16	88.0
427.44	88.0
446.04	88.0
476.24	88.0
496.28	88.0
514.36	88.0
538.84	88.0
554.24	88.0
590.2	88.0
612.6	88.0
625.2	88.0
654.2	88.0
665.36	88.0
695.84	88.0
702.92	88.0
728.8	88.0
738.36	88.0
756.44	88.0
783.4	88.0
806.96	88.0
835.12	88.0
911.88	88.0
946.8	88.0
970.72	88.0
1021.32	88.0
1081.88	88.0
1127.56	88.0
1407.68	88.0
1419.68	88.0
1444.0	88.0
1460.68	88.0
323.24	89.0
462.04	89.0
314.2	89.0
330.8	89.0
341.72	89.0
349.44	89.0
366.56	89.0
395.52	89.0
1116.44	89.0
1153.36	89.0
325.04	90.0
405.4	90.0
302.68	90.0
314.6	90.0
321.88	90.0
333.2	90.0
341.4	90.0
363.92	90.0
932.2	90.0
990.4	90.0
1007.0	90.0
1204.8	90.0
1321.12	90.0
1357.68	90.0
1441.8	90.0
325.96	91.0
313.72	91.0
513.2	91.0
317.2	92.0
396.28	92.0
461.36	92.0
525.44	92.0
555.4	92.0
614.64	92.0
313.56	92.0
319.88	92.0
325.36	92.0
332.88	92.0
342.68	92.0
346.2	92.0
350.08	92.0
377.44	92.0
380.76	92.0
401.88	92.0
409.16	92.0
422.12	92.0
430.92	92.0
453.08	92.0
467.08	92.0
469.8	92.0
476.04	92.0
484.72	92.0
492.96	92.0
517.6	92.0
528.68	92.0
563.48	92.0
579.48	92.0
592.4	92.0
600.12	92.0
638.68	92.0
657.56	92.0
676.52	92.0
751.6	92.0
784.2	92.0
812.6	92.0
855.0	92.0
890.36	92.0
896.2	92.0
900.44	92.0
912.8	92.0
953.64	92.0
973.96	92.0
1004.68	92.0
1039.32	92.0
1064.44	92.0
1079.2	92.0
1104.6	92.0
1151.48	92.0
1162.68	92.0
1166.2	92.0
1181.88	92.0
1187.12	92.0
1227.92	92.0
1236.4	92.0
1249.76	92.0
1281.4	92.0
1299.28	92.0
1333.28	92.0
1350.84	92.0
1360.4	92.0
1467.24	92.0
315.68	93.0
324.4	93.0
328.92	93.0
344.0	93.0
351.92	93.0
359.32	93.0
367.56	93.0
379.72	93.0
404.16	93.0
408.64	93.0
426.28	93.0
440.52	93.0
464.84	93.0
476.6	93.0
516.24	93.0
544.56	93.0
569.96	93.0
668.88	93.0
724.12	93.0
1030.36	93.0
1050.2	93.0
1108.68	93.0
1149.2	93.0
1211.92	93.0
1263.8	93.0
1339.84	93.0
1362.72	93.0
1391.04	93.0
1434.96	93.0
337.24	93.0
319.36	94.0
368.48	94.0
437.92	94.0
670.44	94.0
979.36	94.0
315.56	94.0
323.52	94.0
337.8	94.0
340.88	94.0
345.52	94.0
358.16	94.0
378.04	94.0
408.96	94.0
464.76	94.0
1057.44	94.0
1147.88	94.0
1152.12	94.0
1191.92	94.0
1198.96	94.0
1276.8	94.0
1318.88	94.0
1336.68	94.0
1339.24	94.0
1409.12	94.0
368.8	95.0
319.72	95.0
328.44	95.0
340.24	95.0
356.28	95.0
388.92	95.0
395.8	95.0
438.92	95.0
465.36	95.0
501.6	95.0
569.56	95.0
653.44	95.0
707.12	95.0
743.52	95.0
785.44	95.0
814.2	95.0
843.16	95.0
945.44	95.0
1002.64	95.0
1049.4	95.0
1085.32	95.0
1136.8	95.0
1182.12	95.0
1238.6	95.0
1283.76	95.0
1347.28	95.0
1418.36	95.0
1449.12	95.0
1484.64	95.0
302.76	96.0
667.28	96.0
302.44	97.0
316.28	97.0
322.96	97.0
329.72	97.0
345.72	97.0
502.68	97.0
560.56	97.0
605.04	97.0
651.8	97.0
718.24	97.0
736.84	97.0
836.24	97.0
874.8	97.0
302.48	98.0
319.88	98.0
1446.2	98.0
323.52	99.0
316.04	99.0
320.16	99.0
329.56	99.0
334.04	99.0
340.48	99.0
405.0	99.0
416.72	99.0
428.08	99.0
435.16	99.0
453.16	99.0
476.28	99.0
492.56	99.0
528.12	99.0
570.16	99.0
589.92	99.0
624.96	99.0
670.96	99.0
763.12	99.0
766.32	99.0
903.04	99.0
944.2	99.0
970.92	99.0
1020.72	99.0
1044.84	99.0
1055.32	99.0
1164.92	99.0
1426.28	99.0
312.88	100.0
323.0	100.0
343.56	100.0
361.68	100.0
405.36	100.0
448.52	100.0
512.92	100.0
520.36	100.0
580.92	100.0
623.4	100.0
665.96	100.0
797.84	100.0
884.84	100.0
952.0	100.0
956.88	100.0
1020.52	100.0
1214.68	100.0
1253.64	100.0
1330.76	100.0
1384.76	100.0
1387.56	100.0
1428.12	100.0
1481.0	100.0
826.16	101.0
322.24	101.0
324.76	101.0
350.52	101.0
368.04	101.0
398.08	101.0
439.8	101.0
489.44	101.0
529.08	101.0
737.76	101.0
324.84	102.0
440.28	102.0
319.4	103.0
325.64	103.0
337.0	104.0
350.12	104.0
625.32	104.0
1336.24	104.0
1444.44	104.0
302.72	104.0
313.56	104.0
317.96	104.0
323.76	104.0
328.76	104.0
344.44	104.0
365.12	104.0
377.28	104.0
389.48	104.0
410.92	104.0
426.56	104.0
489.48	104.0
530.0	104.0
613.6	104.0
628.8	104.0
657.36	104.0
762.64	104.0
783.96	104.0
843.4	104.0
884.36	104.0
891.2	104.0
980.68	104.0
1024.96	104.0
1064.24	104.0
1114.52	104.0
1213.44	104.0
1221.12	104.0
1278.84	104.0
1344.72	104.0
1475.68	104.0
319.52	106.0
346.04	106.0
384.0	106.0
445.4	106.0
680.92	106.0
1272.36	106.0
327.72	107.0
302.44	107.0
306.0	107.0
315.0	107.0
318.52	107.0
321.68	107.0
337.96	107.0
354.88	107.0
360.76	107.0
380.2	107.0
409.36	107.0
416.24	107.0
439.76	107.0
641.52	107.0
669.32	107.0
794.64	107.0
884.96	107.0
950.32	107.0
1030.76	107.0
1171.2	107.0
1207.04	107.0
1334.04	107.0
1389.8	107.0
1489.04	107.0
313.28	108.0
321.96	108.0
326.4	108.0
340.08	108.0
353.12	108.0
358.84	108.0
366.32	108.0
383.96	108.0
608.88	108.0
625.0	108.0
944.64	108.0
1020.16	108.0
1030.44	108.0
1141.6	108.0
1215.12	108.0
1266.56	108.0
314.36	109.0
349.0	109.0
477.16	109.0
591.88	109.0
328.88	110.0
345.16	110.0
367.56	110.0
373.68	110.0
439.96	110.0
313.68	110.0
320.84	110.0
335.84	110.0
341.28	110.0
349.24	110.0
355.64	110.0
359.16	110.0
465.2	110.0
327.96	111.0
330.84	111.0
407.52	111.0
547.88	111.0
964.96	111.0
1021.76	111.0
1087.08	111.0
1155.72	111.0
1359.84	111.0
312.68	111.0
319.36	111.0
336.24	111.0
345.28	111.0
350.28	111.0
357.92	111.0
367.64	111.0
383.84	111.0
390.16	111.0
415.44	111.0
417.96	111.0
441.68	111.0
462.24	111.0
477.16	111.0
490.04	111.0
510.8	111.0
517.56	111.0
534.28	111.0
543.64	111.0
557.12	111.0
576.52	111.0
594.56	111.0
607.96	111.0
615.48	111.0
659.68	111.0
679.4	111.0
687.76	111.0
704.72	111.0
739.64	111.0
768.48	111.0
804.84	111.0
815.44	111.0
825.08	111.0
834.56	111.0
897.04	111.0
908.08	111.0
957.64	111.0
968.16	111.0
1007.64	111.0
1071.92	111.0
1144.4	111.0
1159.2	111.0
1187.6	111.0
1344.16	111.0
1390.44	111.0
1399.48	111.0
1423.4	111.0
1456.32	111.0
345.44	112.0
350.48	112.0
320.92	112.0
328.8	112.0
332.8	112.0
360.28	112.0
374.2	112.0
379.28	112.0
394.84	112.0
439.72	112.0
652.92	112.0
958.08	112.0
314.24	113.0
317.88	113.0
326.52	113.0
338.2	113.0
358.56	113.0
407.92	113.0
423.68	113.0
437.2	113.0
462.6	113.0
474.44	113.0
974.48	113.0
315.72	114.0
318.68	114.0
326.52	114.0
332.56	114.0
337.56	114.0
345.6	114.0
360.12	114.0
380.0	114.0
351.56	114.0
384.32	114.0
1192.08	114.0
322.36	115.0
317.0	115.0
329.64	115.0
332.72	115.0
351.36	115.0
382.92	115.0
428.56	115.0
441.0	115.0
615.12	115.0
686.56	115.0
740.36	115.0
836.84	115.0
892.08	115.0
937.24	115.0
958.0	115.0
1029.44	115.0
1140.76	115.0
1235.2	115.0
1251.0	115.0
1279.16	115.0
1340.32	115.0
1472.84	115.0
1360.0	116.0
316.76	116.0
320.48	116.0
325.12	116.0
328.8	116.0
337.84	116.0
345.16	116.0
356.28	116.0
358.8	116.0
364.36	116.0
368.88	116.0
378.96	116.0
388.56	116.0
400.24	116.0
408.08	116.0
424.32	116.0
434.6	116.0
440.08	116.0
454.24	116.0
471.2	116.0
486.24	116.0
499.4	116.0
550.32	116.0
591.92	116.0
598.52	116.0
607.36	116.0
624.0	116.0
640.8	116.0
656.92	116.0
675.52	116.0
680.32	116.0
722.72	116.0
732.6	116.0
804.0	116.0
846.76	116.0
921.4	116.0
953.0	116.0
968.96	116.0
982.44	116.0
997.96	116.0
1024.2	116.0
1030.0	116.0
1080.8	116.0
1093.52	116.0
1124.24	116.0
1146.44	116.0
1157.08	116.0
1218.88	116.0
1257.16	116.0
1279.64	116.0
1295.68	116.0
1314.04	116.0
1332.84	116.0
318.48	117.0
356.68	117.0
798.6	117.0
1031.04	117.0
1274.2	117.0
323.68	117.0
329.28	117.0
349.24	117.0
363.96	117.0
407.36	117.0
415.24	117.0
440.32	117.0
462.52	117.0
592.76	117.0
965.0	117.0
1087.2	117.0
1155.8	117.0
302.6	118.0
361.88	118.0
314.84	118.0
322.56	118.0
328.04	118.0
337.84	118.0
346.2	118.0
359.24	118.0
370.4	118.0
380.44	118.0
387.12	118.0
414.64	118.0
438.6	118.0
462.16	118.0
478.0	118.0
496.56	118.0
512.28	118.0
531.8	118.0
557.28	118.0
579.8	118.0
611.2	118.0
640.72	118.0
668.44	118.0
707.4	118.0
733.68	118.0
759.96	118.0
782.24	118.0
832.36	118.0
876.0	118.0
903.12	118.0
929.08	118.0
965.84	118.0
1044.24	118.0
1109.16	118.0
1218.04	118.0
1344.24	118.0
1472.52	118.0
328.8	119.0
354.4	119.0
410.64	119.0
444.76	119.0
488.32	119.0
558.56	119.0
776.84	119.0
319.0	120.0
324.44	120.0
332.24	120.0
335.36	120.0
353.28	120.0
373.68	120.0
425.92	120.0
455.52	120.0
464.48	120.0
499.96	120.0
547.68	120.0
559.76	120.0
601.56	120.0
673.4	120.0
676.36	120.0
743.04	120.0
805.96	120.0
820.4	120.0
879.12	120.0
957.6	120.0
982.2	120.0
988.84	120.0
1018.36	120.0
1046.88	120.0
1087.88	120.0
1154.32	120.0
1171.44	120.0
1218.84	120.0
1462.8	120.0
