302.84	84.0
331.72	85.0
410.36	85.0
439.4	85.0
551.36	85.0
574.12	85.0
615.08	85.0
626.36	85.0
733.68	85.0
893.76	85.0
918.92	85.0
976.12	85.0
994.44	85.0
1185.92	85.0
1218.16	85.0
313.2	86.0
322.6	86.0
366.44	86.0
380.36	86.0
396.64	86.0
413.28	86.0
420.72	86.0
433.04	86.0
465.2	86.0
481.36	86.0
490.68	86.0
497.56	86.0
511.84	86.0
524.84	86.0
535.68	86.0
545.52	86.0
560.48	86.0
568.72	86.0
585.12	86.0
599.52	86.0
603.56	86.0
629.72	86.0
682.24	86.0
687.08	86.0
706.52	86.0
734.4	86.0
756.2	86.0
795.92	86.0
809.0	86.0
861.44	86.0
881.48	86.0
894.6	86.0
914.72	86.0
1015.56	86.0
1112.48	86.0
1133.12	86.0
1219.28	86.0
309.4	86.0
318.84	86.0
331.12	86.0
347.52	86.0
353.0	86.0
369.88	86.0
385.36	86.0
401.16	86.0
437.08	86.0
669.92	86.0
759.08	86.0
850.04	86.0
897.12	86.0
968.2	86.0
1037.76	86.0
313.08	87.0
308.72	87.0
316.4	87.0
320.08	87.0
325.76	87.0
336.76	87.0
340.8	87.0
349.2	87.0
359.64	87.0
380.56	87.0
387.52	87.0
396.96	87.0
405.64	87.0
421.24	87.0
438.92	87.0
451.08	87.0
474.0	87.0
510.64	87.0
536.24	87.0
564.52	87.0
678.2	87.0
338.36	88.0
487.96	88.0
1033.4	88.0
302.48	88.0
316.72	88.0
322.64	88.0
347.08	88.0
364.28	88.0
384.48	88.0
404.6	88.0
439.32	88.0
452.12	88.0
497.2	88.0
533.56	88.0
588.32	88.0
601.92	88.0
633.52	88.0
665.08	88.0
738.4	88.0
778.0	88.0
780.76	88.0
794.36	88.0
819.08	88.0
866.88	88.0
918.76	88.0
934.36	88.0
955.36	88.0
978.16	88.0
994.64	88.0
1055.08	88.0
1080.24	88.0
1104.0	88.0
1130.36	88.0
1218.08	88.0
1258.12	88.0
1296.32	88.0
329.4	89.0
306.44	89.0
318.12	89.0
339.6	89.0
423.6	89.0
980.84	89.0
306.12	90.0
370.76	90.0
398.84	90.0
535.72	90.0
890.56	90.0
1133.0	90.0
399.2	91.0
439.32	91.0
725.12	91.0
1156.68	91.0
319.16	92.0
347.96	92.0
535.16	92.0
309.64	92.0
322.96	92.0
334.96	92.0
371.28	92.0
407.96	92.0
488.96	92.0
931.72	92.0
1259.68	92.0
325.44	93.0
455.88	93.0
571.24	93.0
800.24	93.0
1031.32	93.0
1102.8	93.0
302.6	93.0
635.6	93.0
302.8	94.0
364.28	94.0
521.08	94.0
1031.16	94.0
319.2	94.0
343.48	94.0
398.08	94.0
435.0	94.0
483.88	94.0
537.28	94.0
570.0	94.0
309.64	95.0
462.64	95.0
522.32	95.0
728.28	95.0
1131.28	95.0
309.04	96.0
366.72	97.0
453.88	97.0
496.96	97.0
553.56	97.0
595.08	97.0
795.8	97.0
908.56	97.0
928.56	97.0
1028.64	97.0
1229.28	97.0
302.64	97.0
320.8	97.0
345.88	97.0
350.64	97.0
538.08	97.0
572.8	97.0
617.12	97.0
734.24	97.0
831.64	97.0
860.44	97.0
1010.24	97.0
1082.52	97.0
1086.24	97.0
1129.88	97.0
381.52	98.0
883.24	98.0
309.96	99.0
316.08	99.0
322.04	99.0
330.88	99.0
338.68	99.0
349.04	99.0
359.48	99.0
399.52	99.0
445.84	99.0
455.48	99.0
571.28	99.0
619.32	99.0
728.56	99.0
854.56	99.0
910.08	99.0
999.84	99.0
1033.04	99.0
1159.76	99.0
500.96	100.0
570.92	100.0
871.12	100.0
1158.4	100.0
1260.08	100.0
425.88	101.0
426.04	102.0
309.0	102.0
312.04	102.0
345.6	104.0
308.84	104.0
315.12	104.0
321.84	104.0
326.72	104.0
329.84	104.0
337.8	104.0
350.4	104.0
365.08	104.0
374.92	104.0
385.96	104.0
399.48	104.0
428.2	104.0
460.6	104.0
533.04	104.0
571.96	104.0
624.88	104.0
627.4	104.0
672.44	104.0
749.8	104.0
804.24	104.0
876.52	104.0
892.44	104.0
936.92	104.0
989.12	104.0
1033.28	104.0
1082.16	104.0
1107.92	104.0
1118.44	104.0
1170.68	104.0
428.44	106.0
308.76	107.0
318.52	107.0
348.32	107.0
357.36	107.0
371.52	107.0
383.4	107.0
400.44	107.0
412.04	107.0
414.68	107.0
466.72	107.0
514.44	107.0
572.28	107.0
891.32	107.0
1060.28	107.0
1170.44	107.0
336.88	108.0
358.8	108.0
405.96	108.0
419.36	108.0
312.12	109.0
321.68	109.0
335.12	109.0
938.6	109.0
310.48	110.0
957.76	110.0
323.88	110.0
350.56	110.0
454.72	110.0
466.96	110.0
519.84	110.0
547.12	110.0
739.4	110.0
919.12	110.0
953.04	110.0
321.72	111.0
325.16	111.0
330.4	111.0
335.12	111.0
340.96	111.0
350.92	111.0
369.36	111.0
383.44	111.0
389.92	111.0
398.04	111.0
419.2	111.0
434.2	111.0
523.56	111.0
587.6	111.0
594.4	111.0
725.84	111.0
781.52	111.0
829.24	111.0
909.4	111.0
916.56	111.0
923.4	111.0
953.48	111.0
962.6	111.0
1013.28	111.0
1031.92	111.0
1082.96	111.0
1160.88	111.0
1204.28	111.0
345.8	112.0
383.16	112.0
537.08	112.0
896.76	112.0
931.76	112.0
1170.36	112.0
419.84	113.0
376.12	114.0
601.92	114.0
896.56	114.0
345.32	115.0
371.32	115.0
420.88	115.0
496.24	115.0
310.4	115.0
322.24	115.0
350.8	115.0
374.92	115.0
413.0	115.0
466.64	115.0
520.48	115.0
547.36	115.0
575.32	115.0
660.8	115.0
695.4	115.0
728.48	115.0
755.92	115.0
828.72	115.0
985.24	115.0
1016.44	115.0
1108.8	115.0
1250.68	115.0
310.52	116.0
386.0	116.0
439.64	116.0
317.16	116.0
321.64	116.0
324.4	116.0
327.28	116.0
330.2	116.0
341.24	116.0
348.44	116.0
356.16	116.0
383.16	116.0
419.8	116.0
467.2	116.0
516.36	116.0
533.16	116.0
569.44	116.0
639.84	116.0
736.0	116.0
798.28	116.0
1001.48	116.0
1104.24	116.0
805.8	117.0
308.32	117.0
341.6	117.0
302.56	118.0
313.2	118.0
323.56	118.0
336.6	118.0
308.84	119.0
326.68	119.0
561.48	119.0
386.4	120.0
817.96	120.0
311.16	120.0
356.8	120.0
360.56	120.0
414.04	120.0
420.96	120.0
431.32	120.0
494.48	120.0
561.36	120.0
572.6	120.0
606.24	120.0
1001.0	120.0
1114.84	120.0
1147.6	120.0
1169.84	120.0
