302.72	84.0
316.0	84.0
1030.08	84.0
9.24	85.0
165.48	85.0
306.48	85.0
326.48	85.0
368.2	85.0
436.4	85.0
457.8	85.0
606.76	85.0
1061.68	85.0
1095.44	85.0
1136.88	85.0
1286.72	85.0
17.2	86.0
24.12	86.0
35.52	86.0
41.56	86.0
49.0	86.0
64.0	86.0
98.24	86.0
108.12	86.0
120.28	86.0
137.2	86.0
160.8	86.0
179.2	86.0
222.6	86.0
308.44	86.0
312.0	86.0
320.52	86.0
324.6	86.0
337.16	86.0
348.08	86.0
353.84	86.0
361.8	86.0
365.12	86.0
371.6	86.0
381.12	86.0
388.52	86.0
406.12	86.0
425.48	86.0
432.12	86.0
442.76	86.0
454.88	86.0
477.0	86.0
491.52	86.0
508.44	86.0
518.76	86.0
574.12	86.0
660.28	86.0
678.44	86.0
718.64	86.0
979.96	86.0
990.48	86.0
1003.16	86.0
1024.08	86.0
1037.04	86.0
1040.44	86.0
1046.04	86.0
1056.36	86.0
1078.44	86.0
1085.28	86.0
1099.96	86.0
1109.48	86.0
1119.12	86.0
1127.76	86.0
1152.92	86.0
1161.36	86.0
1168.44	86.0
1205.76	86.0
1226.96	86.0
1239.44	86.0
1262.6	86.0
1277.2	86.0
1308.64	86.0
1343.04	86.0
19.72	86.0
315.56	86.0
327.56	86.0
342.0	86.0
358.52	86.0
393.92	86.0
447.28	86.0
1009.52	86.0
1015.92	86.0
1051.92	86.0
1063.24	86.0
1071.64	86.0
1092.76	86.0
1149.08	86.0
1181.12	86.0
957.92	87.0
973.8	87.0
32.08	87.0
85.92	87.0
308.2	87.0
311.4	87.0
314.92	87.0
319.0	87.0
324.92	87.0
330.48	87.0
344.8	87.0
983.44	87.0
1054.2	87.0
1064.24	87.0
1096.16	87.0
1110.28	87.0
11.04	88.0
42.56	88.0
99.52	88.0
129.4	88.0
312.72	88.0
356.84	88.0
378.76	88.0
408.64	88.0
507.36	88.0
653.52	88.0
988.16	88.0
1002.24	88.0
1016.68	88.0
1033.96	88.0
1042.96	88.0
1068.72	88.0
1090.84	88.0
1104.2	88.0
1122.24	88.0
1130.96	88.0
1188.88	88.0
1305.28	88.0
31.32	88.0
108.0	88.0
133.08	88.0
190.0	88.0
321.8	88.0
346.56	88.0
385.84	88.0
427.48	88.0
567.0	88.0
656.6	88.0
736.72	88.0
1005.84	88.0
1029.12	88.0
1046.24	88.0
1137.32	88.0
1150.0	88.0
1210.44	88.0
1241.04	88.0
1252.56	88.0
1308.36	88.0
323.8	89.0
331.68	89.0
90.68	89.0
315.0	89.0
336.04	89.0
364.96	89.0
510.84	89.0
1015.84	89.0
1070.76	89.0
1086.88	89.0
1117.16	89.0
1255.76	89.0
1306.0	89.0
290.28	90.0
789.4	90.0
116.36	90.0
169.64	90.0
310.4	90.0
326.44	90.0
335.72	90.0
353.84	90.0
400.28	90.0
438.32	90.0
605.08	90.0
648.88	90.0
1025.76	90.0
1037.52	90.0
1051.6	90.0
1071.12	90.0
1086.6	90.0
1091.16	90.0
1100.84	90.0
1140.64	90.0
1182.44	90.0
1194.0	90.0
1255.44	90.0
1275.32	90.0
1305.72	90.0
302.8	91.0
1009.2	91.0
314.84	92.0
353.92	92.0
1009.12	92.0
1046.56	92.0
1107.68	92.0
124.24	92.0
309.0	92.0
319.08	92.0
325.36	92.0
342.44	92.0
385.56	92.0
424.16	92.0
669.84	92.0
725.32	92.0
1012.84	92.0
1019.04	92.0
1026.64	92.0
1031.16	92.0
1050.08	92.0
1069.24	92.0
1092.72	92.0
1102.96	92.0
1118.0	92.0
1134.2	92.0
1054.16	93.0
302.68	93.0
51.56	94.0
144.96	94.0
302.8	94.0
317.08	94.0
1254.04	94.0
37.76	94.0
80.56	94.0
115.12	94.0
321.8	94.0
357.48	94.0
369.24	94.0
403.48	94.0
471.32	94.0
1045.52	94.0
1073.8	94.0
1087.56	94.0
1214.4	94.0
1242.72	94.0
302.84	95.0
203.48	95.0
393.64	95.0
1034.24	95.0
1073.44	95.0
1370.08	95.0
269.44	96.0
306.48	96.0
559.76	96.0
671.8	96.0
1119.68	96.0
1241.56	96.0
314.28	97.0
1174.36	97.0
302.44	97.0
345.24	97.0
366.16	97.0
411.16	97.0
393.4	98.0
1031.28	98.0
2.64	99.0
302.68	99.0
311.04	99.0
320.04	99.0
392.88	99.0
1030.32	99.0
1043.96	99.0
1064.76	99.0
1099.88	99.0
21.44	100.0
290.24	100.0
789.36	100.0
1096.72	100.0
115.76	102.0
308.96	102.0
311.68	102.0
1141.64	102.0
60.4	104.0
302.84	104.0
306.56	104.0
309.48	104.0
316.88	104.0
336.84	104.0
357.2	104.0
425.2	104.0
457.76	104.0
1031.56	104.0
1051.68	104.0
1060.24	104.0
1075.08	104.0
1096.24	104.0
1109.48	104.0
1132.32	104.0
1138.08	104.0
1214.44	104.0
326.6	106.0
1094.4	106.0
13.88	107.0
316.68	107.0
376.88	107.0
606.6	107.0
1009.56	107.0
1092.6	107.0
1125.4	107.0
1218.88	107.0
1343.2	107.0
45.84	108.0
97.96	108.0
137.84	108.0
210.8	108.0
314.36	108.0
324.76	108.0
393.48	108.0
419.84	108.0
468.12	108.0
1045.48	108.0
1056.28	108.0
1095.72	108.0
1118.28	108.0
1185.32	108.0
1275.36	108.0
13.16	109.0
90.2	109.0
343.08	109.0
486.96	109.0
996.36	109.0
1045.04	109.0
1255.2	109.0
1241.12	109.0
310.48	110.0
314.84	110.0
335.16	110.0
377.28	110.0
447.24	110.0
1141.48	110.0
302.48	111.0
331.12	111.0
1031.84	111.0
1050.64	111.0
1097.8	111.0
23.92	111.0
39.44	111.0
68.08	111.0
70.88	111.0
96.68	111.0
119.08	111.0
136.16	111.0
154.28	111.0
164.0	111.0
213.16	111.0
247.36	111.0
289.72	111.0
314.96	111.0
334.92	111.0
366.8	111.0
381.16	111.0
389.8	111.0
439.44	111.0
452.4	111.0
470.88	111.0
496.0	111.0
517.76	111.0
521.8	111.0
554.4	111.0
681.0	111.0
772.6	111.0
1011.44	111.0
1026.84	111.0
1043.6	111.0
1071.8	111.0
1093.44	111.0
1106.44	111.0
1117.52	111.0
1141.44	111.0
1144.56	111.0
1161.44	111.0
1176.52	111.0
1205.84	111.0
1214.08	111.0
1225.68	111.0
1239.36	111.0
1292.56	111.0
1361.48	111.0
1393.16	111.0
1421.48	111.0
471.08	112.0
3.92	112.0
37.64	112.0
86.84	112.0
451.64	112.0
518.84	112.0
1029.16	112.0
1069.72	112.0
1145.64	112.0
1464.88	112.0
306.72	113.0
1051.44	113.0
306.08	114.0
315.84	114.0
1075.2	114.0
21.72	115.0
158.32	115.0
1084.12	115.0
39.52	115.0
70.88	115.0
104.76	115.0
316.52	115.0
325.32	115.0
328.04	115.0
359.04	115.0
498.0	115.0
683.88	115.0
730.68	115.0
1016.24	115.0
1024.56	115.0
1058.16	115.0
1100.2	115.0
1161.8	115.0
1167.4	115.0
1183.56	115.0
1248.72	115.0
1352.88	115.0
154.24	116.0
310.48	116.0
425.68	116.0
1115.2	116.0
1142.16	116.0
18.6	116.0
293.44	116.0
313.16	116.0
316.36	116.0
319.16	116.0
323.8	116.0
327.36	116.0
334.52	116.0
411.0	116.0
459.76	116.0
1028.48	116.0
1040.84	116.0
1045.0	116.0
1053.44	116.0
1056.36	116.0
1061.52	116.0
1075.96	116.0
1084.96	116.0
1094.0	116.0
1161.44	116.0
1263.2	116.0
21.92	117.0
306.84	117.0
326.48	117.0
390.12	117.0
1141.64	117.0
1175.6	117.0
302.48	118.0
1091.8	118.0
314.96	118.0
326.16	118.0
349.56	118.0
1018.8	118.0
1033.32	118.0
1042.4	118.0
1051.92	118.0
1086.04	118.0
1159.88	118.0
54.32	119.0
352.88	119.0
397.48	119.0
556.0	119.0
670.08	119.0
1157.48	119.0
87.44	120.0
125.4	120.0
310.92	120.0
695.72	120.0
721.72	120.0
734.24	120.0
833.8	120.0
1015.28	120.0
1051.48	120.0
1060.52	120.0
1070.36	120.0
1074.92	120.0
1091.6	120.0
1166.64	120.0
