181.92	84.0
485.0	84.0
163.84	84.0
207.04	84.0
302.6	84.0
306.8	85.0
615.92	85.0
542.64	85.0
1450.76	85.0
131.68	86.0
140.92	86.0
151.16	86.0
154.68	86.0
159.16	86.0
161.68	86.0
165.6	86.0
177.76	86.0
180.52	86.0
187.16	86.0
200.12	86.0
205.76	86.0
216.8	86.0
226.52	86.0
231.64	86.0
234.44	86.0
241.48	86.0
249.24	86.0
253.48	86.0
259.0	86.0
273.36	86.0
282.12	86.0
285.32	86.0
289.56	86.0
296.64	86.0
308.28	86.0
316.08	86.0
328.92	86.0
331.68	86.0
344.28	86.0
354.04	86.0
357.44	86.0
368.88	86.0
379.96	86.0
389.8	86.0
410.76	86.0
437.72	86.0
451.8	86.0
468.24	86.0
481.04	86.0
493.92	86.0
514.64	86.0
521.84	86.0
551.88	86.0
570.84	86.0
586.64	86.0
603.8	86.0
636.48	86.0
668.52	86.0
810.84	86.0
935.44	86.0
1052.48	86.0
1074.04	86.0
1089.72	86.0
1095.28	86.0
1122.52	86.0
1136.72	86.0
1145.84	86.0
1169.76	86.0
1183.72	86.0
1206.4	86.0
1219.24	86.0
1249.12	86.0
1268.52	86.0
1309.56	86.0
1386.32	86.0
1409.84	86.0
146.52	86.0
169.6	86.0
172.2	86.0
191.8	86.0
195.76	86.0
211.68	86.0
323.0	86.0
335.04	86.0
402.64	86.0
897.8	86.0
150.64	87.0
176.4	87.0
193.36	87.0
212.36	87.0
231.88	87.0
254.2	87.0
157.6	87.0
161.84	87.0
167.52	87.0
171.52	87.0
184.64	87.0
201.36	87.0
310.56	87.0
315.76	87.0
922.6	87.0
159.72	88.0
169.44	88.0
183.6	88.0
209.52	88.0
219.48	88.0
231.96	88.0
254.92	88.0
265.16	88.0
296.96	88.0
380.16	88.0
403.44	88.0
418.96	88.0
438.52	88.0
444.76	88.0
458.96	88.0
511.72	88.0
539.28	88.0
592.24	88.0
664.48	88.0
695.0	88.0
776.0	88.0
841.0	88.0
884.24	88.0
957.28	88.0
1019.16	88.0
1155.04	88.0
1310.72	88.0
1489.32	88.0
52.88	88.0
133.08	88.0
147.84	88.0
162.92	88.0
188.76	88.0
315.72	88.0
338.2	88.0
352.04	88.0
367.76	88.0
384.08	88.0
489.84	88.0
517.52	88.0
558.28	88.0
599.2	88.0
603.28	88.0
627.4	88.0
698.44	88.0
847.96	88.0
1181.12	88.0
1195.12	88.0
1257.6	88.0
1285.96	88.0
1355.4	88.0
1364.72	88.0
1367.4	88.0
1414.12	88.0
164.44	89.0
1057.24	89.0
140.0	89.0
145.72	89.0
173.64	89.0
199.68	89.0
204.04	89.0
209.32	89.0
287.56	89.0
315.96	89.0
331.76	89.0
466.96	89.0
560.04	89.0
666.4	89.0
734.12	89.0
887.72	89.0
1222.52	89.0
130.08	90.0
145.44	90.0
162.24	90.0
173.36	90.0
179.28	90.0
227.48	90.0
287.32	90.0
295.2	90.0
302.6	90.0
425.4	90.0
515.44	90.0
526.44	90.0
605.44	90.0
632.32	90.0
702.44	90.0
792.4	90.0
798.72	90.0
1117.2	90.0
1165.6	90.0
1248.12	90.0
331.6	91.0
719.72	91.0
784.24	91.0
1321.04	91.0
1422.12	91.0
146.92	92.0
150.2	92.0
155.84	92.0
165.04	92.0
177.92	92.0
181.36	92.0
199.6	92.0
248.88	92.0
276.48	92.0
311.04	92.0
342.64	92.0
368.8	92.0
810.44	92.0
970.12	92.0
1119.4	92.0
1175.64	92.0
1375.36	92.0
131.08	92.0
136.36	92.0
141.24	92.0
160.24	92.0
174.36	92.0
223.88	92.0
324.92	92.0
476.0	92.0
530.72	92.0
573.64	92.0
813.92	92.0
856.4	92.0
897.96	92.0
973.84	92.0
1088.96	92.0
1116.2	92.0
1122.8	92.0
1179.2	92.0
1213.0	92.0
1254.08	92.0
1392.92	92.0
1447.88	92.0
170.44	93.0
180.6	93.0
730.28	93.0
975.6	93.0
1070.24	93.0
232.48	94.0
302.68	94.0
1345.2	94.0
146.96	94.0
177.8	94.0
208.12	94.0
253.08	94.0
350.56	94.0
375.04	94.0
477.8	94.0
501.6	94.0
162.88	95.0
183.0	95.0
309.72	95.0
499.16	95.0
613.68	95.0
674.64	95.0
791.84	95.0
864.04	95.0
935.48	95.0
1011.24	95.0
1106.56	95.0
1206.76	95.0
1259.48	95.0
1359.88	95.0
1460.84	95.0
140.2	96.0
137.4	96.0
162.12	96.0
1073.48	96.0
151.28	97.0
501.56	97.0
640.0	97.0
145.6	99.0
161.2	99.0
168.12	99.0
178.36	99.0
186.6	99.0
194.6	99.0
202.64	99.0
302.44	99.0
308.64	99.0
315.36	99.0
1276.8	99.0
302.8	100.0
151.84	100.0
924.84	100.0
1003.72	100.0
1082.4	100.0
1391.24	100.0
1441.32	100.0
199.04	101.0
146.4	102.0
786.56	102.0
308.92	102.0
311.8	102.0
180.84	103.0
309.04	103.0
147.36	104.0
158.76	104.0
168.72	104.0
178.36	104.0
185.6	104.0
192.52	104.0
207.48	104.0
219.8	104.0
231.56	104.0
263.48	104.0
277.76	104.0
302.48	104.0
309.92	104.0
315.84	104.0
337.0	104.0
390.64	104.0
461.12	104.0
613.08	104.0
802.88	104.0
889.4	104.0
1060.12	104.0
1097.08	104.0
1359.36	104.0
1472.48	104.0
139.48	106.0
152.0	107.0
157.44	107.0
160.32	107.0
171.4	107.0
174.28	107.0
214.52	107.0
250.32	107.0
272.6	107.0
318.6	107.0
330.32	107.0
358.08	107.0
405.48	107.0
427.52	107.0
480.64	107.0
528.28	107.0
643.84	107.0
197.08	108.0
171.12	108.0
176.2	108.0
188.92	108.0
206.28	108.0
220.36	108.0
235.56	108.0
247.84	108.0
270.76	108.0
286.84	108.0
311.4	108.0
438.8	108.0
462.8	108.0
562.48	108.0
619.8	108.0
713.28	108.0
788.8	108.0
833.92	108.0
349.0	109.0
559.56	109.0
934.32	109.0
1222.0	109.0
334.04	109.0
310.44	110.0
194.0	110.0
332.96	110.0
390.36	110.0
147.08	111.0
165.28	111.0
174.2	111.0
302.48	111.0
311.24	111.0
143.76	111.0
153.72	111.0
158.12	111.0
169.44	111.0
180.84	111.0
183.44	111.0
200.64	111.0
207.92	111.0
223.04	111.0
230.24	111.0
249.52	111.0
279.64	111.0
327.44	111.0
357.32	111.0
371.16	111.0
390.2	111.0
392.84	111.0
415.56	111.0
427.68	111.0
476.84	111.0
492.76	111.0
499.6	111.0
524.84	111.0
548.52	111.0
561.88	111.0
582.56	111.0
597.56	111.0
613.2	111.0
623.64	111.0
640.0	111.0
701.88	111.0
928.44	111.0
973.32	111.0
976.04	111.0
1009.2	111.0
1133.52	111.0
1140.44	111.0
1205.68	111.0
1216.0	111.0
1256.12	111.0
1327.32	111.0
1343.76	111.0
1419.36	111.0
1442.12	111.0
170.76	112.0
181.48	112.0
307.32	112.0
315.52	112.0
646.76	112.0
1117.0	112.0
146.52	113.0
159.44	113.0
178.44	113.0
302.48	113.0
306.2	113.0
160.28	114.0
182.04	114.0
452.92	114.0
168.52	114.0
201.8	114.0
290.16	114.0
194.0	115.0
243.48	115.0
1412.6	115.0
146.56	115.0
160.48	115.0
180.12	115.0
201.2	115.0
207.48	115.0
220.2	115.0
234.92	115.0
274.96	115.0
310.76	115.0
336.72	115.0
391.96	115.0
425.0	115.0
437.52	115.0
579.6	115.0
647.44	115.0
724.24	115.0
751.56	115.0
1008.28	115.0
1054.36	115.0
1184.52	115.0
1361.04	115.0
1423.16	115.0
165.32	116.0
310.76	116.0
669.56	116.0
139.64	116.0
147.0	116.0
157.64	116.0
160.84	116.0
169.6	116.0
174.96	116.0
178.4	116.0
182.52	116.0
185.12	116.0
193.56	116.0
199.76	116.0
207.76	116.0
232.44	116.0
315.4	116.0
322.04	116.0
348.36	116.0
360.6	116.0
367.2	116.0
382.6	116.0
403.08	116.0
424.24	116.0
525.6	116.0
636.52	116.0
925.6	116.0
1085.04	116.0
1117.52	116.0
1443.48	116.0
409.2	117.0
174.24	117.0
231.16	117.0
357.68	117.0
424.72	117.0
499.92	117.0
525.6	117.0
148.56	118.0
302.48	118.0
139.24	118.0
152.96	118.0
159.96	118.0
170.32	118.0
175.24	118.0
196.48	118.0
208.44	118.0
218.96	118.0
230.76	118.0
290.52	118.0
312.8	118.0
326.04	118.0
333.76	118.0
159.36	119.0
181.08	119.0
194.32	119.0
302.88	119.0
427.28	119.0
524.08	119.0
566.28	119.0
968.84	119.0
1280.76	119.0
162.2	120.0
170.12	120.0
201.48	120.0
218.6	120.0
289.84	120.0
674.44	120.0
788.04	120.0
827.88	120.0
1011.0	120.0
1038.92	120.0
1224.2	120.0
1425.72	120.0
