339.72	84.0
370.56	84.0
302.64	84.0
309.56	84.0
313.64	84.0
322.88	84.0
328.4	84.0
325.92	85.0
333.36	85.0
353.0	85.0
360.92	85.0
379.52	85.0
2.76	86.0
12.32	86.0
79.12	86.0
93.6	86.0
136.48	86.0
189.16	86.0
311.2	86.0
316.84	86.0
325.56	86.0
349.68	86.0
358.6	86.0
364.32	86.0
369.6	86.0
376.84	86.0
391.56	86.0
405.92	86.0
420.48	86.0
429.08	86.0
450.56	86.0
462.36	86.0
471.08	86.0
491.56	86.0
510.84	86.0
525.12	86.0
541.12	86.0
577.8	86.0
637.0	86.0
669.6	86.0
703.36	86.0
765.24	86.0
322.04	86.0
328.08	86.0
335.36	86.0
342.96	86.0
353.36	86.0
399.84	86.0
639.52	86.0
323.12	87.0
341.08	87.0
79.44	87.0
311.48	87.0
314.72	87.0
318.44	87.0
331.96	87.0
335.24	87.0
345.2	87.0
348.44	87.0
353.96	87.0
359.68	87.0
372.04	87.0
379.32	87.0
387.2	87.0
393.16	87.0
421.04	87.0
517.84	87.0
628.08	87.0
33.36	88.0
338.92	88.0
344.28	88.0
351.36	88.0
398.12	88.0
39.36	88.0
47.28	88.0
89.68	88.0
248.16	88.0
317.16	88.0
324.04	88.0
330.68	88.0
367.76	88.0
468.04	88.0
538.92	88.0
937.4	88.0
302.68	89.0
577.16	89.0
54.16	89.0
336.12	89.0
359.08	89.0
368.72	89.0
387.64	89.0
405.28	89.0
579.76	89.0
110.4	90.0
338.0	90.0
143.4	90.0
302.56	90.0
321.92	90.0
330.52	90.0
333.52	90.0
341.88	90.0
345.32	90.0
348.8	90.0
366.48	90.0
399.68	90.0
422.32	90.0
444.64	90.0
478.72	90.0
528.44	90.0
579.48	90.0
621.72	90.0
813.64	90.0
85.8	91.0
309.12	91.0
328.36	91.0
350.12	91.0
388.56	91.0
26.12	92.0
107.24	92.0
312.8	92.0
320.4	92.0
324.64	92.0
332.92	92.0
345.36	92.0
374.4	92.0
399.52	92.0
437.44	92.0
440.4	92.0
475.04	92.0
487.12	92.0
507.88	92.0
538.96	92.0
546.0	92.0
565.2	92.0
594.24	92.0
616.08	92.0
619.16	92.0
655.36	92.0
704.04	92.0
744.32	92.0
12.68	92.0
73.88	92.0
135.12	92.0
309.28	92.0
317.72	92.0
339.8	92.0
362.52	92.0
365.4	92.0
370.4	92.0
382.44	92.0
389.32	92.0
458.16	92.0
490.8	92.0
549.56	92.0
568.2	92.0
579.32	92.0
643.68	92.0
659.36	92.0
672.04	92.0
719.04	92.0
315.76	93.0
329.88	93.0
338.44	93.0
539.92	93.0
618.92	93.0
758.52	93.0
302.52	93.0
812.72	94.0
318.92	94.0
329.72	94.0
338.24	94.0
361.96	94.0
387.84	94.0
400.52	94.0
469.84	94.0
553.48	94.0
587.8	94.0
626.08	94.0
745.72	94.0
401.16	95.0
147.2	95.0
319.48	95.0
329.0	95.0
334.12	95.0
346.16	95.0
358.84	95.0
466.56	95.0
677.04	95.0
852.72	95.0
312.04	96.0
83.96	96.0
329.52	97.0
371.12	97.0
322.8	97.0
338.4	97.0
383.72	97.0
435.2	97.0
489.72	97.0
585.2	97.0
649.88	97.0
55.6	98.0
330.44	98.0
3.68	99.0
302.52	99.0
311.8	99.0
317.6	99.0
322.92	99.0
328.84	99.0
333.84	99.0
338.68	99.0
344.2	99.0
351.84	99.0
360.6	99.0
367.92	99.0
314.16	100.0
317.72	100.0
321.68	100.0
330.32	100.0
345.08	100.0
368.32	100.0
868.12	100.0
338.04	101.0
350.88	101.0
402.36	101.0
311.8	102.0
345.0	102.0
319.04	103.0
326.92	103.0
359.16	103.0
373.36	103.0
326.92	104.0
373.08	104.0
242.4	104.0
302.68	104.0
313.4	104.0
317.96	104.0
323.96	104.0
330.4	104.0
335.52	104.0
341.2	104.0
347.76	104.0
354.76	104.0
361.04	104.0
369.16	104.0
375.92	104.0
380.36	104.0
387.08	104.0
397.72	104.0
407.96	104.0
431.52	104.0
447.12	104.0
458.2	104.0
484.44	104.0
519.56	104.0
551.2	104.0
575.12	104.0
601.0	104.0
263.36	106.0
328.08	106.0
344.4	106.0
443.08	106.0
551.96	106.0
311.6	107.0
325.24	107.0
61.24	107.0
318.16	107.0
322.04	107.0
334.6	107.0
338.56	107.0
342.24	107.0
352.08	107.0
362.76	107.0
385.32	107.0
409.72	107.0
314.84	108.0
324.4	108.0
337.88	108.0
343.84	108.0
353.32	108.0
362.12	108.0
375.52	108.0
394.96	108.0
411.8	108.0
433.84	108.0
485.84	108.0
654.4	108.0
314.24	109.0
321.56	109.0
813.4	109.0
508.0	109.0
310.52	110.0
313.36	110.0
353.6	110.0
371.84	110.0
379.52	110.0
339.84	110.0
344.84	110.0
365.96	110.0
376.16	110.0
403.48	110.0
434.24	110.0
493.08	110.0
303.0	111.0
313.64	111.0
321.08	111.0
36.76	111.0
73.92	111.0
84.56	111.0
146.12	111.0
310.0	111.0
316.72	111.0
327.32	111.0
329.84	111.0
335.68	111.0
339.08	111.0
347.64	111.0
350.92	111.0
354.72	111.0
359.08	111.0
365.84	111.0
378.36	111.0
386.0	111.0
389.92	111.0
402.36	111.0
412.12	111.0
416.24	111.0
430.52	111.0
455.16	111.0
459.28	111.0
465.56	111.0
485.8	111.0
493.0	111.0
497.36	111.0
510.52	111.0
518.64	111.0
531.56	111.0
549.6	111.0
568.0	111.0
581.96	111.0
597.48	111.0
618.88	111.0
634.72	111.0
658.56	111.0
689.28	111.0
710.52	111.0
748.08	111.0
795.84	111.0
331.6	112.0
348.8	112.0
355.24	112.0
375.04	112.0
397.16	112.0
439.08	112.0
575.6	112.0
319.56	113.0
335.52	113.0
350.88	113.0
375.48	113.0
389.2	113.0
311.96	114.0
319.4	114.0
338.16	114.0
342.44	114.0
352.64	114.0
331.32	114.0
633.36	114.0
419.92	115.0
46.76	115.0
162.44	115.0
171.32	115.0
194.68	115.0
310.64	115.0
329.08	115.0
336.52	115.0
340.08	115.0
360.48	115.0
379.56	115.0
412.88	115.0
502.0	115.0
539.64	115.0
580.24	115.0
672.72	115.0
16.6	116.0
310.48	116.0
316.68	116.0
527.64	116.0
618.16	116.0
53.36	116.0
242.12	116.0
313.84	116.0
322.04	116.0
324.96	116.0
327.48	116.0
334.16	116.0
338.84	116.0
344.88	116.0
349.36	116.0
352.2	116.0
354.96	116.0
357.48	116.0
360.24	116.0
362.92	116.0
366.48	116.0
385.48	116.0
388.2	116.0
399.84	116.0
414.12	116.0
419.56	116.0
439.84	116.0
459.16	116.0
580.4	116.0
751.28	116.0
370.84	117.0
302.6	117.0
325.8	117.0
331.28	117.0
340.68	117.0
345.08	117.0
349.48	117.0
385.8	117.0
393.92	117.0
340.28	118.0
9.04	118.0
302.92	118.0
309.2	118.0
315.08	118.0
320.44	118.0
325.36	118.0
334.76	118.0
337.76	118.0
348.48	118.0
351.0	118.0
359.44	118.0
364.4	118.0
368.16	118.0
386.8	118.0
396.08	118.0
460.32	118.0
485.04	118.0
507.08	118.0
544.28	118.0
563.2	118.0
591.88	118.0
614.36	118.0
641.08	118.0
684.16	118.0
734.92	118.0
780.96	118.0
321.64	119.0
342.16	119.0
355.0	119.0
359.92	119.0
374.52	119.0
572.28	119.0
311.08	120.0
326.16	120.0
329.64	120.0
341.64	120.0
354.76	120.0
363.84	120.0
369.96	120.0
383.64	120.0
389.36	120.0
