302.64	84.0
320.16	84.0
344.16	84.0
1187.6	84.0
1228.08	84.0
10.08	85.0
309.52	85.0
325.08	85.0
345.2	85.0
963.4	85.0
311.84	86.0
321.96	86.0
332.76	86.0
341.68	86.0
344.48	86.0
347.36	86.0
357.92	86.0
375.2	86.0
379.64	86.0
389.64	86.0
395.68	86.0
407.68	86.0
410.68	86.0
422.28	86.0
455.72	86.0
471.68	86.0
497.84	86.0
528.04	86.0
592.6	86.0
684.8	86.0
884.92	86.0
891.44	86.0
957.64	86.0
967.56	86.0
1007.64	86.0
1025.72	86.0
1044.2	86.0
1051.32	86.0
1057.24	86.0
1069.12	86.0
1096.48	86.0
1110.2	86.0
1149.96	86.0
1155.16	86.0
1160.8	86.0
1165.88	86.0
1189.32	86.0
1217.52	86.0
1224.04	86.0
1235.12	86.0
1244.64	86.0
1247.6	86.0
1252.52	86.0
1264.08	86.0
1279.88	86.0
1289.56	86.0
1295.44	86.0
1309.84	86.0
1324.8	86.0
1352.64	86.0
1362.68	86.0
1370.96	86.0
1384.68	86.0
307.56	86.0
318.28	86.0
328.36	86.0
335.28	86.0
368.64	86.0
1137.8	86.0
1204.16	86.0
306.72	87.0
311.04	87.0
315.32	87.0
317.88	87.0
320.76	87.0
329.52	87.0
334.84	87.0
338.28	87.0
353.88	87.0
377.56	87.0
969.72	87.0
1017.28	87.0
1159.64	87.0
1174.64	87.0
1212.76	87.0
1226.08	87.0
1254.64	87.0
1269.84	87.0
1293.04	87.0
1333.4	87.0
1387.56	87.0
334.52	88.0
432.12	88.0
1390.28	88.0
76.16	88.0
107.4	88.0
302.88	88.0
313.84	88.0
325.84	88.0
337.04	88.0
435.92	88.0
562.92	88.0
766.88	88.0
839.4	88.0
964.72	88.0
1035.08	88.0
1048.6	88.0
1130.6	88.0
1170.32	88.0
1188.72	88.0
1260.56	88.0
1269.8	88.0
1328.0	88.0
820.16	89.0
298.76	89.0
307.16	89.0
533.44	89.0
593.64	89.0
1000.44	89.0
1192.76	89.0
1217.96	89.0
1356.6	89.0
1372.8	89.0
302.48	90.0
319.52	90.0
323.56	90.0
332.0	90.0
336.32	90.0
346.24	90.0
367.92	90.0
388.76	90.0
437.92	90.0
466.88	90.0
593.36	90.0
659.2	90.0
852.84	90.0
890.68	90.0
894.92	90.0
1106.56	90.0
1117.68	90.0
1161.84	90.0
1261.0	90.0
1350.44	90.0
1356.28	90.0
316.0	91.0
330.4	91.0
12.2	92.0
80.12	92.0
315.36	92.0
334.12	92.0
397.6	92.0
414.2	92.0
434.44	92.0
459.92	92.0
489.4	92.0
513.68	92.0
559.32	92.0
612.88	92.0
690.8	92.0
744.92	92.0
802.04	92.0
829.92	92.0
869.0	92.0
894.4	92.0
965.08	92.0
1011.84	92.0
1085.28	92.0
1111.76	92.0
1154.08	92.0
1185.52	92.0
1208.4	92.0
1235.0	92.0
1268.44	92.0
1384.12	92.0
22.96	92.0
293.8	92.0
296.44	92.0
306.84	92.0
325.52	92.0
328.48	92.0
341.92	92.0
347.0	92.0
354.16	92.0
363.56	92.0
386.2	92.0
401.76	92.0
475.0	92.0
493.44	92.0
583.92	92.0
732.2	92.0
791.8	92.0
854.92	92.0
874.92	92.0
918.92	92.0
925.96	92.0
1004.68	92.0
1043.4	92.0
1133.52	92.0
1192.08	92.0
1195.92	92.0
1213.08	92.0
1222.12	92.0
1277.44	92.0
1311.6	92.0
1328.52	92.0
1334.52	92.0
1354.84	92.0
1358.36	92.0
1388.0	92.0
311.16	93.0
335.0	93.0
839.64	93.0
1132.04	93.0
319.32	93.0
96.56	94.0
1136.4	94.0
317.68	94.0
331.8	94.0
370.8	94.0
410.16	94.0
1334.6	94.0
1386.56	94.0
322.4	95.0
425.64	95.0
503.48	95.0
856.4	95.0
934.08	95.0
1013.68	95.0
1196.32	95.0
1252.32	95.0
1294.2	95.0
1371.2	95.0
308.44	96.0
312.32	97.0
1232.8	97.0
302.44	97.0
320.2	97.0
377.6	97.0
1124.6	97.0
1319.52	97.0
307.16	98.0
357.48	98.0
558.12	98.0
290.72	99.0
293.24	99.0
302.48	99.0
307.92	99.0
312.36	99.0
317.8	99.0
324.64	99.0
330.08	99.0
337.08	99.0
344.76	99.0
936.56	99.0
1012.52	99.0
1092.08	99.0
1155.96	99.0
1223.04	99.0
1283.64	99.0
286.44	100.0
1127.16	100.0
1199.52	100.0
1292.28	100.0
317.36	102.0
309.0	102.0
311.8	102.0
337.64	103.0
360.84	103.0
387.56	103.0
302.6	104.0
307.92	104.0
312.44	104.0
317.08	104.0
321.84	104.0
327.44	104.0
335.56	104.0
344.0	104.0
351.6	104.0
369.32	104.0
423.88	104.0
461.04	104.0
476.24	104.0
573.96	104.0
860.48	104.0
1014.8	104.0
1059.52	104.0
1122.44	104.0
1154.2	104.0
1206.0	104.0
1231.8	104.0
1269.72	104.0
1308.84	104.0
1339.28	104.0
1370.08	104.0
1389.0	104.0
320.56	105.0
368.44	106.0
302.48	106.0
322.04	106.0
415.0	106.0
519.84	106.0
1208.8	106.0
1232.84	106.0
1344.2	106.0
1340.88	107.0
299.56	107.0
306.2	107.0
308.88	107.0
311.48	107.0
316.2	107.0
320.2	107.0
334.12	107.0
336.84	107.0
346.72	107.0
1056.68	107.0
1061.8	107.0
1139.12	107.0
311.92	108.0
331.72	108.0
364.36	108.0
401.56	108.0
1254.84	108.0
1343.56	108.0
1384.12	108.0
298.2	109.0
311.16	109.0
314.88	109.0
331.8	109.0
336.08	109.0
341.32	109.0
360.0	109.0
822.12	109.0
1285.92	109.0
310.52	110.0
315.48	110.0
393.76	110.0
1285.52	110.0
1194.44	111.0
1325.72	111.0
17.16	111.0
310.04	111.0
313.92	111.0
318.52	111.0
322.88	111.0
337.48	111.0
360.84	111.0
365.6	111.0
380.56	111.0
384.44	111.0
393.72	111.0
401.68	111.0
417.2	111.0
437.08	111.0
455.24	111.0
461.76	111.0
470.6	111.0
492.88	111.0
514.32	111.0
536.8	111.0
560.88	111.0
592.24	111.0
618.08	111.0
695.92	111.0
827.08	111.0
832.4	111.0
897.08	111.0
1014.92	111.0
1060.0	111.0
1088.56	111.0
1115.0	111.0
1157.64	111.0
1188.56	111.0
1210.96	111.0
1237.24	111.0
1271.12	111.0
1290.96	111.0
1309.04	111.0
1352.76	111.0
1387.12	111.0
313.64	112.0
323.76	112.0
463.4	112.0
567.88	112.0
628.28	112.0
1058.8	112.0
1123.84	112.0
1270.48	112.0
1356.6	112.0
302.52	113.0
316.2	113.0
320.52	113.0
312.12	114.0
319.28	114.0
343.64	114.0
349.84	114.0
365.12	114.0
1145.2	114.0
565.24	115.0
611.32	115.0
1214.52	115.0
310.88	115.0
318.6	115.0
331.52	115.0
338.68	115.0
381.08	115.0
426.96	115.0
446.96	115.0
762.24	115.0
885.16	115.0
964.68	115.0
1220.36	115.0
310.48	116.0
315.52	116.0
289.12	116.0
320.16	116.0
327.48	116.0
332.12	116.0
336.12	116.0
342.6	116.0
360.04	116.0
371.52	116.0
381.48	116.0
398.2	116.0
415.96	116.0
544.44	116.0
806.4	116.0
852.12	116.0
876.92	116.0
1106.96	116.0
1110.4	116.0
1129.68	116.0
1138.56	116.0
1160.16	116.0
1201.76	116.0
1213.16	116.0
1216.36	116.0
1228.44	116.0
1237.36	116.0
1285.88	116.0
1324.92	116.0
311.32	117.0
332.56	117.0
393.96	117.0
1194.44	117.0
310.08	118.0
312.88	118.0
320.0	118.0
325.04	118.0
337.56	118.0
345.2	118.0
352.04	118.0
367.76	118.0
373.68	118.0
381.88	118.0
404.52	118.0
441.0	118.0
459.0	118.0
1146.0	118.0
1169.28	118.0
1187.84	118.0
1219.52	118.0
1247.6	118.0
1260.08	118.0
1265.44	118.0
1322.24	118.0
1368.76	118.0
311.08	119.0
320.48	119.0
323.16	119.0
336.32	119.0
365.6	119.0
319.16	120.0
348.84	120.0
431.52	120.0
529.92	120.0
723.48	120.0
794.64	120.0
931.28	120.0
1185.04	120.0
1201.44	120.0
1230.84	120.0
1270.04	120.0
1281.16	120.0
1356.16	120.0
