302.68	84.0
317.8	84.0
340.8	84.0
1031.16	84.0
298.36	85.0
307.52	85.0
769.8	85.0
907.92	85.0
26.96	86.0
69.56	86.0
81.76	86.0
119.0	86.0
127.0	86.0
174.08	86.0
194.16	86.0
217.88	86.0
241.2	86.0
287.68	86.0
308.48	86.0
312.2	86.0
323.64	86.0
327.64	86.0
353.0	86.0
360.64	86.0
368.48	86.0
395.04	86.0
419.52	86.0
453.76	86.0
631.84	86.0
705.12	86.0
727.68	86.0
762.4	86.0
767.56	86.0
788.32	86.0
818.24	86.0
840.28	86.0
854.48	86.0
867.2	86.0
894.0	86.0
901.96	86.0
916.8	86.0
946.76	86.0
962.24	86.0
981.36	86.0
990.16	86.0
1043.92	86.0
1056.92	86.0
1083.4	86.0
1123.76	86.0
1129.76	86.0
1138.0	86.0
1150.48	86.0
1220.84	86.0
1248.12	86.0
1258.04	86.0
1270.12	86.0
1285.56	86.0
1327.32	86.0
317.32	86.0
338.4	86.0
343.52	86.0
356.48	86.0
435.36	86.0
772.8	86.0
999.28	86.0
307.84	87.0
903.44	87.0
312.12	87.0
316.8	87.0
327.76	87.0
339.0	87.0
363.44	87.0
781.96	87.0
973.28	87.0
995.84	87.0
1023.28	87.0
1041.16	87.0
1063.24	87.0
1117.96	87.0
1212.64	87.0
1252.64	87.0
1263.84	87.0
1383.4	87.0
1086.72	88.0
1250.8	88.0
1300.12	88.0
24.24	88.0
83.4	88.0
222.36	88.0
251.8	88.0
331.28	88.0
352.24	88.0
360.32	88.0
371.76	88.0
485.12	88.0
588.08	88.0
683.08	88.0
790.16	88.0
843.16	88.0
865.36	88.0
999.84	88.0
1196.6	88.0
1209.08	88.0
1386.88	88.0
811.76	89.0
965.88	89.0
90.88	89.0
134.24	89.0
178.52	89.0
218.76	89.0
289.6	89.0
292.32	89.0
315.0	89.0
321.16	89.0
333.72	89.0
339.08	89.0
976.12	89.0
1065.88	89.0
1161.24	89.0
1252.92	89.0
43.44	90.0
57.56	90.0
120.88	90.0
133.96	90.0
187.52	90.0
218.48	90.0
233.8	90.0
309.52	90.0
314.6	90.0
366.16	90.0
402.96	90.0
547.72	90.0
560.6	90.0
744.76	90.0
747.76	90.0
869.88	90.0
914.76	90.0
952.16	90.0
991.76	90.0
1001.88	90.0
1013.24	90.0
1021.88	90.0
1038.28	90.0
1160.92	90.0
1252.6	90.0
38.4	92.0
43.0	92.0
62.96	92.0
177.2	92.0
205.16	92.0
226.6	92.0
257.2	92.0
281.84	92.0
338.32	92.0
395.72	92.0
470.48	92.0
548.28	92.0
574.84	92.0
717.72	92.0
745.12	92.0
956.32	92.0
1112.52	92.0
1148.56	92.0
1378.2	92.0
127.4	92.0
165.52	92.0
207.92	92.0
306.6	92.0
331.76	92.0
345.8	92.0
379.28	92.0
431.44	92.0
447.68	92.0
499.6	92.0
642.56	92.0
663.6	92.0
681.68	92.0
698.64	92.0
722.8	92.0
822.12	92.0
860.72	92.0
879.08	92.0
886.84	92.0
935.92	92.0
978.0	92.0
1004.76	92.0
1035.68	92.0
1056.8	92.0
1139.68	92.0
1152.76	92.0
1207.2	92.0
1223.2	92.0
1243.56	92.0
1272.32	92.0
1307.24	92.0
354.28	93.0
868.12	93.0
1062.48	93.0
711.04	94.0
23.44	94.0
39.76	94.0
102.08	94.0
210.4	94.0
336.88	94.0
346.64	94.0
401.32	94.0
866.92	94.0
960.44	94.0
1020.4	94.0
1023.04	94.0
299.68	95.0
302.92	95.0
134.8	95.0
189.24	95.0
259.16	95.0
384.32	95.0
457.72	95.0
517.68	95.0
643.96	95.0
740.16	95.0
838.52	95.0
1112.76	95.0
1216.76	95.0
302.48	96.0
307.64	97.0
317.44	97.0
349.36	97.0
908.8	97.0
961.12	97.0
981.92	97.0
1196.48	98.0
93.32	99.0
302.44	99.0
308.28	99.0
314.56	99.0
320.36	99.0
329.6	99.0
748.0	99.0
785.72	99.0
818.76	99.0
1002.12	99.0
1019.92	99.0
1030.72	99.0
273.68	100.0
421.96	100.0
452.04	100.0
747.52	100.0
1001.64	100.0
1085.2	100.0
1206.24	100.0
493.2	102.0
1016.88	102.0
308.96	102.0
312.16	102.0
41.28	104.0
66.16	104.0
104.04	104.0
144.56	104.0
210.64	104.0
230.76	104.0
270.32	104.0
302.6	104.0
310.92	104.0
317.28	104.0
333.36	104.0
375.24	104.0
452.08	104.0
693.8	104.0
721.6	104.0
764.0	104.0
816.08	104.0
851.64	104.0
894.36	104.0
963.08	104.0
1007.16	104.0
1041.8	104.0
1066.2	104.0
1187.4	104.0
1250.36	104.0
1387.28	104.0
33.04	106.0
302.48	106.0
953.8	106.0
1070.24	106.0
308.52	107.0
1030.92	107.0
182.76	107.0
213.32	107.0
283.36	107.0
317.12	107.0
1042.04	107.0
20.04	108.0
136.32	108.0
310.68	108.0
321.56	108.0
353.96	108.0
398.96	108.0
751.92	108.0
1055.48	108.0
1090.32	108.0
1148.08	108.0
1261.8	108.0
218.24	109.0
365.8	109.0
560.44	109.0
715.64	109.0
894.08	109.0
1055.12	109.0
1123.36	109.0
1297.84	109.0
310.52	110.0
322.44	110.0
93.24	110.0
283.84	110.0
333.6	110.0
374.32	110.0
560.4	110.0
1215.48	110.0
302.84	111.0
764.72	111.0
960.32	111.0
1019.6	111.0
1109.0	111.0
23.28	111.0
45.52	111.0
62.76	111.0
73.32	111.0
90.76	111.0
114.28	111.0
154.28	111.0
180.16	111.0
208.04	111.0
225.28	111.0
284.32	111.0
322.52	111.0
331.92	111.0
357.8	111.0
383.32	111.0
397.64	111.0
457.48	111.0
474.08	111.0
547.72	111.0
577.52	111.0
606.92	111.0
623.76	111.0
697.44	111.0
720.04	111.0
747.88	111.0
775.28	111.0
841.68	111.0
867.64	111.0
904.44	111.0
933.52	111.0
938.76	111.0
1004.96	111.0
1036.8	111.0
1058.28	111.0
1090.96	111.0
1124.28	111.0
1150.4	111.0
1191.0	111.0
1221.64	111.0
1245.24	111.0
1275.92	111.0
1347.28	111.0
333.44	112.0
1019.84	112.0
48.28	112.0
173.04	112.0
370.8	112.0
860.32	112.0
1096.68	112.0
1111.88	112.0
1153.0	112.0
686.84	113.0
306.2	113.0
1251.24	113.0
221.28	114.0
306.08	114.0
851.96	114.0
67.12	115.0
93.52	115.0
179.72	115.0
218.96	115.0
254.52	115.0
353.44	115.0
448.84	115.0
486.76	115.0
560.68	115.0
642.88	115.0
694.2	115.0
776.96	115.0
840.44	115.0
985.4	115.0
1263.76	115.0
310.56	116.0
333.4	116.0
383.4	116.0
1041.36	116.0
241.6	116.0
275.92	116.0
285.08	116.0
313.56	116.0
329.24	116.0
343.0	116.0
345.72	116.0
348.68	116.0
398.28	116.0
455.28	116.0
640.76	116.0
748.8	116.0
863.52	116.0
958.36	116.0
1003.44	116.0
1006.16	116.0
1018.56	116.0
1209.08	116.0
1240.88	116.0
1273.64	116.0
306.8	117.0
320.4	117.0
1022.48	117.0
333.84	117.0
389.12	117.0
764.8	117.0
1019.04	117.0
16.52	118.0
44.12	118.0
88.72	118.0
183.4	118.0
232.8	118.0
307.0	118.0
312.48	118.0
323.2	118.0
329.08	118.0
334.44	118.0
345.24	118.0
356.88	118.0
359.72	118.0
418.16	118.0
742.84	118.0
842.48	118.0
845.4	118.0
944.64	118.0
1003.48	118.0
1019.92	118.0
1026.88	118.0
1065.68	118.0
1112.56	118.0
1178.92	118.0
1211.12	118.0
1294.92	118.0
338.0	119.0
97.28	120.0
244.24	120.0
249.12	120.0
283.92	120.0
677.76	120.0
893.4	120.0
968.12	120.0
1093.96	120.0
1112.48	120.0
1194.88	120.0
1382.8	120.0
