358.76	84.0
202.44	84.0
224.0	84.0
256.52	84.0
293.12	84.0
302.64	84.0
314.72	84.0
336.96	84.0
440.92	84.0
999.32	84.0
1090.96	84.0
1145.4	84.0
1219.24	84.0
25.6	85.0
115.16	85.0
320.92	85.0
936.44	85.0
1149.92	85.0
1351.44	85.0
147.44	86.0
161.56	86.0
184.56	86.0
211.8	86.0
223.2	86.0
233.68	86.0
239.92	86.0
259.32	86.0
268.2	86.0
274.8	86.0
324.64	86.0
338.08	86.0
345.96	86.0
354.32	86.0
368.24	86.0
395.04	86.0
438.76	86.0
468.88	86.0
892.04	86.0
928.96	86.0
949.28	86.0
963.24	86.0
996.76	86.0
1007.48	86.0
1021.4	86.0
1032.04	86.0
1048.8	86.0
1055.88	86.0
1070.76	86.0
1112.08	86.0
1121.56	86.0
1128.28	86.0
1141.96	86.0
1145.56	86.0
1172.48	86.0
1177.8	86.0
1185.24	86.0
1191.24	86.0
1203.08	86.0
1219.6	86.0
1231.76	86.0
1245.2	86.0
1264.72	86.0
1276.48	86.0
1323.92	86.0
1338.64	86.0
89.72	86.0
92.24	86.0
198.4	86.0
312.32	86.0
318.92	86.0
329.4	86.0
359.44	86.0
376.96	86.0
984.24	86.0
1092.32	86.0
1100.32	86.0
1149.16	86.0
1303.8	86.0
62.08	87.0
81.92	87.0
96.44	87.0
118.16	87.0
138.32	87.0
150.84	87.0
178.92	87.0
210.4	87.0
278.76	87.0
308.92	87.0
312.12	87.0
316.48	87.0
321.6	87.0
328.48	87.0
868.56	87.0
904.4	87.0
953.92	87.0
964.08	87.0
981.08	87.0
990.8	87.0
1020.0	87.0
1035.12	87.0
1057.8	87.0
1083.2	87.0
1095.8	87.0
1188.0	87.0
1242.8	87.0
1325.8	87.0
386.6	88.0
1026.0	88.0
58.88	88.0
95.32	88.0
129.92	88.0
145.84	88.0
200.52	88.0
233.08	88.0
381.84	88.0
475.88	88.0
563.92	88.0
618.2	88.0
744.04	88.0
858.72	88.0
1063.88	88.0
1116.36	88.0
1150.64	88.0
1189.2	88.0
1337.04	88.0
1340.96	88.0
204.2	89.0
245.92	89.0
302.6	89.0
315.96	89.0
331.44	89.0
337.28	89.0
356.16	89.0
416.92	89.0
1060.56	89.0
1112.6	89.0
1059.64	90.0
50.28	90.0
81.8	90.0
217.84	90.0
322.2	90.0
355.84	90.0
370.52	90.0
394.2	90.0
436.12	90.0
888.76	90.0
948.88	90.0
1112.28	90.0
1151.96	90.0
1166.96	90.0
1274.96	90.0
1305.2	90.0
1323.24	90.0
256.36	91.0
1190.4	91.0
833.96	92.0
927.68	92.0
56.96	92.0
63.84	92.0
127.4	92.0
203.76	92.0
242.6	92.0
251.96	92.0
276.76	92.0
292.92	92.0
320.48	92.0
357.16	92.0
386.88	92.0
422.72	92.0
509.08	92.0
549.6	92.0
859.84	92.0
910.24	92.0
941.84	92.0
963.0	92.0
1017.64	92.0
1047.48	92.0
1064.12	92.0
1093.2	92.0
1127.56	92.0
1133.48	92.0
1159.0	92.0
1187.76	92.0
1190.28	92.0
1214.6	92.0
1245.64	92.0
1257.36	92.0
1301.64	92.0
1338.76	92.0
1359.16	92.0
1381.4	92.0
21.92	93.0
84.92	93.0
118.96	93.0
256.68	93.0
878.36	93.0
955.24	93.0
1022.92	93.0
1042.76	93.0
1308.16	93.0
179.88	94.0
371.48	94.0
384.72	94.0
395.96	94.0
979.36	94.0
1023.96	94.0
1269.4	94.0
128.8	94.0
196.28	94.0
230.56	94.0
240.8	94.0
254.4	94.0
320.12	94.0
1008.16	94.0
1098.4	94.0
1131.52	94.0
1186.56	94.0
97.0	95.0
302.44	95.0
934.52	95.0
1065.4	95.0
1128.64	95.0
1220.88	95.0
302.52	96.0
5.12	97.0
182.08	97.0
248.12	97.0
317.68	97.0
325.64	97.0
947.88	97.0
1037.0	97.0
1103.96	97.0
1140.88	97.0
1251.76	97.0
325.96	98.0
306.84	98.0
424.8	98.0
589.32	98.0
676.48	98.0
1035.88	98.0
132.0	99.0
147.52	99.0
181.64	99.0
235.12	99.0
309.4	99.0
317.32	99.0
330.64	99.0
359.52	99.0
884.64	99.0
904.48	99.0
947.84	99.0
971.6	99.0
997.24	99.0
1028.4	99.0
1151.76	99.0
81.4	100.0
127.8	100.0
182.52	100.0
206.04	100.0
222.24	100.0
255.12	100.0
259.12	100.0
322.04	100.0
369.8	100.0
437.28	100.0
498.04	100.0
874.36	100.0
906.36	100.0
1059.56	100.0
1124.72	100.0
1176.12	100.0
1190.24	100.0
1233.4	100.0
1290.12	100.0
1353.64	100.0
310.72	101.0
936.28	101.0
308.96	102.0
312.16	102.0
949.88	103.0
122.56	104.0
192.36	104.0
219.56	104.0
265.0	104.0
302.8	104.0
309.08	104.0
315.24	104.0
326.2	104.0
343.04	104.0
367.32	104.0
907.52	104.0
946.36	104.0
966.2	104.0
1011.44	104.0
1069.0	104.0
1141.12	104.0
1197.56	104.0
1281.8	104.0
1308.36	104.0
238.64	106.0
293.72	106.0
302.64	106.0
1183.12	106.0
963.72	107.0
260.0	107.0
309.28	107.0
317.04	107.0
1075.2	107.0
1088.0	107.0
1222.16	107.0
261.76	108.0
131.2	108.0
161.28	108.0
185.88	108.0
224.96	108.0
241.4	108.0
274.52	108.0
311.2	108.0
326.96	108.0
372.44	108.0
431.88	108.0
946.32	108.0
966.08	108.0
990.6	108.0
1025.6	108.0
1066.52	108.0
1095.16	108.0
1128.52	108.0
1143.76	108.0
1223.52	108.0
1238.92	108.0
81.52	109.0
315.36	109.0
1129.8	109.0
310.48	110.0
322.12	110.0
1175.32	110.0
62.52	110.0
355.8	110.0
1157.0	110.0
1185.0	110.0
302.8	111.0
910.28	111.0
1139.56	111.0
12.04	111.0
110.24	111.0
143.0	111.0
167.48	111.0
198.36	111.0
205.12	111.0
259.6	111.0
277.64	111.0
292.68	111.0
322.24	111.0
331.68	111.0
335.64	111.0
339.28	111.0
427.8	111.0
445.48	111.0
477.92	111.0
896.16	111.0
915.16	111.0
925.96	111.0
947.4	111.0
949.92	111.0
985.68	111.0
1021.6	111.0
1050.52	111.0
1094.32	111.0
1099.8	111.0
1153.2	111.0
1175.44	111.0
1246.12	111.0
1250.04	111.0
1274.88	111.0
1381.88	111.0
281.88	112.0
1005.12	112.0
1227.76	112.0
332.08	114.0
62.76	115.0
109.16	115.0
149.12	115.0
193.88	115.0
223.88	115.0
289.2	115.0
325.08	115.0
908.6	115.0
964.12	115.0
996.88	115.0
1047.44	115.0
1072.36	115.0
1128.08	115.0
1346.44	115.0
310.52	116.0
5.28	116.0
84.4	116.0
93.2	116.0
105.24	116.0
126.12	116.0
129.36	116.0
137.2	116.0
168.12	116.0
182.4	116.0
202.16	116.0
219.32	116.0
224.76	116.0
249.16	116.0
262.68	116.0
269.52	116.0
288.72	116.0
293.84	116.0
315.32	116.0
321.28	116.0
325.24	116.0
335.2	116.0
366.76	116.0
372.32	116.0
479.44	116.0
878.4	116.0
894.24	116.0
908.8	116.0
914.32	116.0
920.48	116.0
930.56	116.0
949.84	116.0
974.88	116.0
996.68	116.0
1003.64	116.0
1017.88	116.0
1061.44	116.0
1099.56	116.0
1131.0	116.0
1179.6	116.0
1182.48	116.0
1185.0	116.0
1236.36	116.0
1246.12	116.0
1294.16	116.0
321.68	117.0
170.6	117.0
221.72	117.0
332.0	117.0
910.36	117.0
1139.6	117.0
4.76	118.0
143.8	118.0
185.64	118.0
203.84	118.0
223.32	118.0
234.64	118.0
249.96	118.0
271.28	118.0
297.8	118.0
312.48	118.0
323.68	118.0
340.72	118.0
359.52	118.0
384.28	118.0
924.88	118.0
938.0	118.0
942.64	118.0
953.36	118.0
978.12	118.0
981.2	118.0
995.84	118.0
1019.88	118.0
1025.92	118.0
1065.92	118.0
1099.76	118.0
1155.0	118.0
1181.24	118.0
1186.44	118.0
1219.52	118.0
1244.72	118.0
1339.64	118.0
237.72	119.0
1066.32	119.0
1145.04	119.0
1243.64	119.0
1338.04	119.0
25.24	120.0
142.44	120.0
239.64	120.0
298.68	120.0
303.0	120.0
316.72	120.0
331.68	120.0
379.48	120.0
434.88	120.0
874.36	120.0
1047.8	120.0
1079.32	120.0
1087.4	120.0
1147.16	120.0
1204.08	120.0
1368.8	120.0
