350.36	84.0
370.0	84.0
388.6	84.0
469.52	84.0
302.8	84.0
316.6	84.0
328.68	84.0
341.56	84.0
546.4	84.0
602.4	84.0
657.6	84.0
682.0	84.0
746.24	84.0
780.56	84.0
821.96	84.0
904.96	84.0
931.4	84.0
990.16	84.0
1029.76	84.0
1080.64	84.0
1153.04	84.0
1243.6	84.0
1291.28	84.0
1317.84	84.0
330.6	85.0
451.6	85.0
563.16	85.0
682.0	85.0
760.08	85.0
849.32	85.0
1169.24	85.0
327.16	86.0
334.08	86.0
339.64	86.0
350.36	86.0
353.68	86.0
363.72	86.0
371.96	86.0
378.52	86.0
381.32	86.0
396.2	86.0
404.32	86.0
415.36	86.0
432.04	86.0
438.84	86.0
460.36	86.0
473.32	86.0
483.4	86.0
492.12	86.0
505.36	86.0
512.44	86.0
527.08	86.0
540.88	86.0
550.48	86.0
576.0	86.0
579.92	86.0
603.76	86.0
618.36	86.0
629.16	86.0
638.52	86.0
656.48	86.0
672.04	86.0
681.48	86.0
696.6	86.0
699.2	86.0
712.76	86.0
724.44	86.0
730.4	86.0
744.16	86.0
753.72	86.0
759.28	86.0
794.28	86.0
829.84	86.0
849.2	86.0
865.68	86.0
889.88	86.0
939.4	86.0
959.12	86.0
977.04	86.0
988.88	86.0
1007.36	86.0
1028.12	86.0
1063.32	86.0
1077.52	86.0
1097.32	86.0
1135.6	86.0
1151.56	86.0
1166.16	86.0
1205.32	86.0
1223.48	86.0
1250.04	86.0
1272.12	86.0
1286.04	86.0
1297.04	86.0
1326.0	86.0
1340.88	86.0
1363.16	86.0
317.8	86.0
323.24	86.0
330.72	86.0
342.96	86.0
359.48	86.0
368.2	86.0
392.52	86.0
407.84	86.0
445.52	86.0
562.44	86.0
593.36	86.0
782.28	86.0
868.36	86.0
330.24	87.0
709.56	87.0
323.64	87.0
327.08	87.0
338.32	87.0
350.48	87.0
353.32	87.0
360.72	87.0
367.72	87.0
375.68	87.0
379.84	87.0
385.0	87.0
389.92	87.0
395.48	87.0
400.44	87.0
405.56	87.0
440.24	87.0
446.52	87.0
453.68	87.0
495.56	87.0
509.84	87.0
525.8	87.0
552.0	87.0
584.56	87.0
618.8	87.0
740.52	87.0
845.12	87.0
892.52	87.0
998.2	87.0
1097.32	87.0
1145.56	87.0
1175.68	87.0
1297.76	87.0
359.32	88.0
369.6	88.0
403.2	88.0
446.48	88.0
462.08	88.0
503.52	88.0
525.32	88.0
556.32	88.0
573.76	88.0
590.92	88.0
633.8	88.0
660.16	88.0
678.48	88.0
733.92	88.0
754.48	88.0
847.68	88.0
1185.64	88.0
302.44	88.0
315.36	88.0
327.84	88.0
338.28	88.0
343.96	88.0
348.8	88.0
364.24	88.0
420.36	88.0
449.72	88.0
471.88	88.0
488.48	88.0
528.44	88.0
531.72	88.0
576.28	88.0
594.6	88.0
613.76	88.0
617.2	88.0
670.48	88.0
697.24	88.0
714.24	88.0
717.64	88.0
744.36	88.0
762.12	88.0
894.24	88.0
902.68	88.0
921.52	88.0
937.56	88.0
943.88	88.0
1019.16	88.0
1063.84	88.0
1068.56	88.0
1109.12	88.0
1152.52	88.0
1252.32	88.0
1257.72	88.0
1296.76	88.0
1299.64	88.0
1334.72	88.0
1337.92	88.0
1372.04	88.0
720.96	89.0
322.8	89.0
332.44	89.0
373.0	89.0
451.64	89.0
461.56	89.0
478.88	89.0
870.92	89.0
934.96	89.0
1112.52	89.0
1364.48	89.0
302.68	90.0
315.44	90.0
325.52	90.0
333.68	90.0
348.12	90.0
355.28	90.0
363.16	90.0
372.72	90.0
1028.08	90.0
1113.32	90.0
1195.28	90.0
1383.68	90.0
316.68	91.0
328.72	91.0
334.0	91.0
351.0	91.0
413.36	91.0
736.16	92.0
1057.28	92.0
1170.64	92.0
1290.24	92.0
317.68	92.0
327.44	92.0
332.16	92.0
347.28	92.0
351.8	92.0
357.64	92.0
372.28	92.0
395.32	92.0
418.24	92.0
424.76	92.0
452.48	92.0
515.2	92.0
534.8	92.0
550.04	92.0
560.32	92.0
567.68	92.0
630.72	92.0
641.68	92.0
660.04	92.0
672.0	92.0
678.12	92.0
719.28	92.0
740.72	92.0
772.16	92.0
778.0	92.0
799.76	92.0
811.36	92.0
834.76	92.0
861.44	92.0
884.8	92.0
914.76	92.0
934.64	92.0
959.12	92.0
968.88	92.0
978.52	92.0
991.76	92.0
1012.64	92.0
1070.36	92.0
1089.56	92.0
1109.12	92.0
1151.16	92.0
1162.6	92.0
1184.12	92.0
1213.52	92.0
1220.6	92.0
1276.4	92.0
1347.68	92.0
1360.6	92.0
326.88	93.0
335.24	93.0
347.96	93.0
358.08	93.0
391.88	93.0
406.28	93.0
644.12	93.0
679.68	93.0
846.0	93.0
914.2	93.0
1087.12	93.0
1193.44	93.0
1348.04	93.0
302.52	93.0
480.04	93.0
528.52	93.0
563.72	94.0
316.68	94.0
329.48	94.0
338.8	94.0
358.08	94.0
363.8	94.0
374.32	94.0
451.2	94.0
508.0	94.0
582.88	94.0
610.96	94.0
722.4	94.0
806.88	94.0
938.64	94.0
1102.44	94.0
1222.56	94.0
1293.64	94.0
1312.56	94.0
1387.08	94.0
388.92	95.0
322.8	95.0
334.32	95.0
339.08	95.0
344.32	95.0
356.44	95.0
565.32	95.0
604.52	95.0
720.76	95.0
937.88	95.0
1005.44	95.0
1082.48	95.0
319.32	96.0
528.84	96.0
739.44	96.0
784.96	96.0
1024.4	96.0
1132.48	96.0
1217.16	96.0
1269.96	96.0
1360.0	96.0
302.44	97.0
317.36	97.0
321.68	97.0
330.92	97.0
343.28	97.0
362.36	97.0
392.96	97.0
659.64	97.0
1268.16	97.0
322.56	98.0
336.12	98.0
348.96	98.0
372.8	98.0
518.96	98.0
577.76	98.0
1050.4	98.0
1377.6	98.0
317.44	99.0
322.24	99.0
326.28	99.0
331.32	99.0
336.72	99.0
349.88	99.0
479.04	99.0
542.88	99.0
682.6	99.0
920.68	99.0
1175.84	99.0
1309.92	99.0
1336.0	99.0
1362.48	99.0
320.6	100.0
330.16	100.0
334.8	100.0
343.08	100.0
357.72	100.0
369.64	100.0
403.44	100.0
634.52	100.0
705.12	100.0
735.88	100.0
823.88	100.0
953.8	100.0
993.6	100.0
1019.28	100.0
1112.48	100.0
1207.08	100.0
1249.24	100.0
1306.2	100.0
1334.32	100.0
1360.56	100.0
317.2	101.0
328.88	101.0
335.36	101.0
349.88	101.0
473.8	101.0
337.36	102.0
343.12	103.0
448.8	103.0
321.52	103.0
364.56	103.0
513.24	103.0
623.88	103.0
1362.04	103.0
365.0	104.0
389.52	104.0
528.32	104.0
1309.96	104.0
303.0	104.0
318.0	104.0
321.04	104.0
325.4	104.0
331.0	104.0
337.68	104.0
341.16	104.0
347.36	104.0
359.64	104.0
369.8	104.0
381.96	104.0
491.0	104.0
542.96	104.0
577.36	104.0
592.68	104.0
603.44	104.0
607.56	104.0
623.28	104.0
650.8	104.0
697.84	104.0
718.84	104.0
722.8	104.0
765.6	104.0
806.6	104.0
833.52	104.0
855.2	104.0
914.04	104.0
944.68	104.0
1028.64	104.0
1049.84	104.0
1217.56	104.0
1362.6	104.0
470.44	105.0
316.72	106.0
330.84	106.0
368.68	106.0
416.4	106.0
512.88	106.0
658.6	106.0
1324.08	106.0
640.4	107.0
316.32	107.0
321.4	107.0
327.8	107.0
331.96	107.0
341.72	107.0
349.8	107.0
363.72	107.0
382.52	107.0
400.24	107.0
413.64	107.0
435.2	107.0
480.36	107.0
529.56	107.0
533.08	107.0
547.56	107.0
566.64	107.0
622.32	107.0
679.4	107.0
741.8	107.0
986.92	107.0
1065.0	107.0
1121.84	107.0
1275.48	107.0
318.8	108.0
332.72	108.0
343.6	108.0
350.12	108.0
354.44	108.0
371.4	108.0
383.24	108.0
398.44	108.0
412.08	108.0
427.44	108.0
452.08	108.0
497.84	108.0
514.2	108.0
581.04	108.0
600.44	108.0
637.36	108.0
663.48	108.0
700.28	108.0
974.04	108.0
1003.24	108.0
1087.4	108.0
1159.68	108.0
1214.56	108.0
315.2	109.0
321.48	109.0
1115.48	109.0
325.6	109.0
344.32	109.0
369.48	109.0
330.44	110.0
396.76	110.0
450.44	110.0
757.68	110.0
497.6	110.0
525.12	110.0
833.92	110.0
1177.6	110.0
1260.76	110.0
373.84	111.0
433.0	111.0
315.68	111.0
319.16	111.0
324.4	111.0
330.56	111.0
337.52	111.0
341.92	111.0
346.88	111.0
358.04	111.0
380.08	111.0
395.48	111.0
425.56	111.0
439.92	111.0
443.76	111.0
450.56	111.0
495.2	111.0
510.28	111.0
599.8	111.0
623.52	111.0
637.36	111.0
645.64	111.0
658.64	111.0
677.08	111.0
697.2	111.0
731.72	111.0
750.32	111.0
757.8	111.0
765.04	111.0
780.92	111.0
795.8	111.0
804.16	111.0
821.68	111.0
873.52	111.0
916.8	111.0
950.8	111.0
977.56	111.0
1023.92	111.0
1057.48	111.0
1086.44	111.0
1115.96	111.0
1143.52	111.0
1164.72	111.0
1269.2	111.0
1290.52	111.0
1311.92	111.0
1332.16	111.0
1381.76	111.0
1388.24	111.0
342.0	112.0
319.88	112.0
323.28	112.0
330.44	112.0
354.92	112.0
382.76	112.0
397.32	112.0
421.44	112.0
561.8	112.0
317.36	113.0
327.16	113.0
344.4	113.0
357.92	113.0
367.4	113.0
392.16	113.0
419.84	113.0
319.8	114.0
331.08	114.0
337.32	114.0
341.64	114.0
349.44	114.0
358.08	114.0
367.96	114.0
391.12	114.0
469.76	114.0
498.0	115.0
1002.48	115.0
317.44	115.0
326.28	115.0
334.72	115.0
350.08	115.0
437.16	115.0
450.44	115.0
472.08	115.0
525.36	115.0
547.8	115.0
566.48	115.0
623.6	115.0
766.36	115.0
793.28	115.0
935.56	115.0
1090.4	115.0
1121.12	115.0
1164.16	115.0
1177.88	115.0
1364.76	115.0
317.76	116.0
336.04	116.0
383.48	116.0
398.92	116.0
480.48	116.0
321.2	116.0
324.56	116.0
327.08	116.0
333.04	116.0
338.68	116.0
341.48	116.0
349.92	116.0
355.4	116.0
360.8	116.0
367.84	116.0
371.92	116.0
396.24	116.0
402.8	116.0
414.76	116.0
449.52	116.0
457.72	116.0
470.52	116.0
487.68	116.0
494.44	116.0
504.4	116.0
513.68	116.0
521.0	116.0
589.2	116.0
614.52	116.0
629.96	116.0
637.44	116.0
663.88	116.0
671.24	116.0
675.32	116.0
722.04	116.0
764.88	116.0
778.2	116.0
807.68	116.0
827.04	116.0
844.92	116.0
849.32	116.0
867.52	116.0
877.28	116.0
910.12	116.0
963.56	116.0
1023.0	116.0
1043.36	116.0
1115.56	116.0
1144.84	116.0
1170.2	116.0
1209.84	116.0
1216.92	116.0
1239.92	116.0
1251.88	116.0
1289.8	116.0
1293.32	116.0
1337.2	116.0
1340.96	116.0
1363.84	116.0
1386.88	116.0
373.0	117.0
330.8	117.0
334.16	117.0
344.4	117.0
380.4	117.0
790.68	117.0
302.44	118.0
318.92	118.0
323.36	118.0
332.72	118.0
341.48	118.0
344.08	118.0
347.56	118.0
351.36	118.0
358.68	118.0
371.4	118.0
385.08	118.0
390.8	118.0
406.68	118.0
409.56	118.0
423.96	118.0
433.6	118.0
442.4	118.0
461.6	118.0
483.12	118.0
521.76	118.0
600.04	118.0
642.48	118.0
750.48	118.0
786.24	118.0
844.88	118.0
891.0	118.0
926.64	118.0
973.08	118.0
1005.84	118.0
1049.32	118.0
1103.2	118.0
1141.04	118.0
1275.84	118.0
1315.84	118.0
1357.6	118.0
1379.48	118.0
351.48	119.0
372.2	119.0
435.12	119.0
509.16	119.0
514.24	119.0
529.36	119.0
322.16	120.0
343.6	120.0
346.4	120.0
363.68	120.0
371.76	120.0
383.72	120.0
480.24	120.0
508.2	120.0
546.96	120.0
600.52	120.0
676.36	120.0
1300.4	120.0
1341.76	120.0
