316.56	84.0
338.52	84.0
342.08	84.0
383.64	84.0
387.72	84.0
775.12	84.0
832.04	84.0
59.84	85.0
107.92	85.0
137.76	85.0
161.44	85.0
197.92	85.0
326.0	85.0
624.2	85.0
652.0	85.0
699.72	85.0
752.56	85.0
795.0	85.0
1009.28	85.0
1050.48	85.0
1259.4	85.0
1369.44	85.0
1396.24	85.0
79.28	86.0
104.24	86.0
129.0	86.0
151.36	86.0
197.92	86.0
261.2	86.0
287.12	86.0
308.52	86.0
332.44	86.0
341.04	86.0
361.32	86.0
387.24	86.0
402.2	86.0
429.48	86.0
478.76	86.0
549.4	86.0
652.96	86.0
673.2	86.0
697.12	86.0
701.04	86.0
721.72	86.0
742.32	86.0
754.88	86.0
770.12	86.0
780.44	86.0
790.84	86.0
807.16	86.0
821.04	86.0
835.72	86.0
846.76	86.0
874.72	86.0
895.76	86.0
958.48	86.0
986.32	86.0
1058.92	86.0
1107.92	86.0
1134.84	86.0
1194.12	86.0
1199.0	86.0
1211.72	86.0
1232.72	86.0
1248.64	86.0
1282.96	86.0
1303.32	86.0
1325.24	86.0
1338.72	86.0
1397.6	86.0
1435.64	86.0
29.96	86.0
56.92	86.0
133.32	86.0
182.12	86.0
202.24	86.0
277.16	86.0
317.0	86.0
324.56	86.0
336.8	86.0
348.48	86.0
667.52	86.0
708.52	86.0
758.64	86.0
775.2	86.0
793.68	86.0
860.84	86.0
880.0	86.0
1243.76	86.0
733.8	87.0
145.36	87.0
265.56	87.0
282.48	87.0
291.6	87.0
308.24	87.0
312.96	87.0
326.28	87.0
335.44	87.0
349.04	87.0
359.2	87.0
377.72	87.0
471.72	87.0
658.76	87.0
676.8	87.0
774.24	87.0
1050.2	87.0
1121.72	87.0
1148.52	87.0
1206.48	87.0
1212.6	87.0
1251.24	87.0
1349.2	87.0
1387.24	87.0
1403.72	87.0
1431.2	87.0
7.6	88.0
59.6	88.0
78.76	88.0
364.72	88.0
705.48	88.0
1440.48	88.0
23.76	88.0
173.6	88.0
294.8	88.0
326.28	88.0
383.08	88.0
605.56	88.0
637.08	88.0
723.76	88.0
766.76	88.0
807.04	88.0
859.96	88.0
1032.08	88.0
1214.68	88.0
1230.96	88.0
1286.44	88.0
1332.96	88.0
73.92	89.0
308.84	89.0
402.44	89.0
426.72	89.0
722.68	89.0
733.12	89.0
790.68	89.0
995.6	89.0
1197.96	89.0
1230.88	89.0
1255.8	89.0
198.24	90.0
283.36	90.0
314.72	90.0
337.36	90.0
344.48	90.0
355.56	90.0
371.72	90.0
387.72	90.0
426.4	90.0
662.6	90.0
703.8	90.0
732.8	90.0
770.72	90.0
849.72	90.0
933.76	90.0
1025.24	90.0
1185.2	90.0
1249.16	90.0
1255.48	90.0
1368.92	90.0
302.56	91.0
310.44	91.0
315.2	92.0
28.12	92.0
71.0	92.0
126.84	92.0
142.28	92.0
183.84	92.0
230.72	92.0
289.84	92.0
302.44	92.0
306.84	92.0
310.44	92.0
344.88	92.0
358.64	92.0
373.52	92.0
391.16	92.0
444.2	92.0
675.76	92.0
706.48	92.0
721.04	92.0
752.52	92.0
755.84	92.0
771.68	92.0
793.28	92.0
824.48	92.0
847.16	92.0
855.0	92.0
955.72	92.0
985.84	92.0
1163.12	92.0
1167.96	92.0
1186.24	92.0
1373.4	92.0
1388.56	92.0
1467.68	92.0
79.48	93.0
404.12	93.0
974.24	93.0
1385.36	93.0
302.84	93.0
315.8	93.0
33.64	94.0
834.92	94.0
185.16	94.0
325.6	94.0
430.4	94.0
1194.84	94.0
1288.44	95.0
31.24	95.0
302.44	95.0
312.88	95.0
315.52	95.0
711.4	95.0
977.64	95.0
1050.2	95.0
1234.88	95.0
1260.76	95.0
1389.36	95.0
308.12	96.0
956.16	96.0
343.96	96.0
320.64	97.0
341.68	97.0
381.4	97.0
1112.0	97.0
813.48	98.0
141.0	99.0
302.84	99.0
308.2	99.0
313.36	99.0
318.92	99.0
325.32	99.0
328.12	99.0
331.28	99.0
340.6	99.0
712.68	99.0
781.72	99.0
836.88	99.0
984.68	99.0
1192.96	99.0
1223.32	99.0
1257.2	99.0
1372.28	99.0
7.32	100.0
573.36	100.0
995.48	100.0
1143.88	100.0
1181.4	100.0
1424.56	100.0
308.96	102.0
311.72	102.0
345.32	102.0
483.4	102.0
315.64	103.0
322.72	103.0
744.84	103.0
315.64	104.0
344.88	104.0
423.88	104.0
37.24	104.0
255.12	104.0
302.44	104.0
307.48	104.0
312.84	104.0
318.8	104.0
324.04	104.0
332.84	104.0
339.64	104.0
355.88	104.0
374.48	104.0
746.2	104.0
770.76	104.0
804.88	104.0
849.32	104.0
1166.4	104.0
1225.04	104.0
1257.12	104.0
1328.32	104.0
1158.96	105.0
302.6	106.0
323.56	106.0
427.6	106.0
526.24	106.0
222.56	107.0
25.48	107.0
155.08	107.0
182.08	107.0
185.08	107.0
298.32	107.0
322.12	107.0
356.56	107.0
484.2	107.0
675.8	107.0
769.72	107.0
822.64	107.0
850.64	107.0
1163.24	107.0
1177.64	107.0
1304.88	107.0
1440.36	107.0
141.48	108.0
284.96	108.0
310.56	108.0
322.4	108.0
710.32	108.0
797.52	108.0
1222.56	108.0
1443.84	108.0
131.4	109.0
325.16	109.0
1054.96	109.0
1184.88	109.0
310.48	110.0
744.32	110.0
1161.44	110.0
1292.16	110.0
283.8	111.0
712.52	111.0
803.12	111.0
14.92	111.0
24.48	111.0
33.44	111.0
53.76	111.0
86.32	111.0
136.6	111.0
141.32	111.0
154.08	111.0
236.32	111.0
256.32	111.0
272.16	111.0
306.24	111.0
320.36	111.0
323.24	111.0
331.64	111.0
354.72	111.0
381.64	111.0
409.32	111.0
483.24	111.0
664.96	111.0
687.4	111.0
732.32	111.0
745.4	111.0
828.48	111.0
848.76	111.0
852.92	111.0
894.56	111.0
931.44	111.0
1007.28	111.0
1074.92	111.0
1158.44	111.0
1165.96	111.0
1184.12	111.0
1195.96	111.0
1208.52	111.0
1246.64	111.0
1252.6	111.0
1272.48	111.0
1288.56	111.0
1292.68	111.0
1345.52	111.0
1386.64	111.0
1409.48	111.0
1451.96	111.0
1480.68	111.0
21.0	112.0
59.32	112.0
148.16	112.0
185.0	112.0
323.52	112.0
430.8	112.0
551.48	112.0
648.28	112.0
849.12	112.0
960.12	112.0
1046.68	112.0
1226.08	112.0
1461.88	112.0
302.48	113.0
1201.16	114.0
87.6	115.0
391.32	115.0
744.52	115.0
821.72	115.0
850.08	115.0
1061.72	115.0
1223.4	115.0
1292.36	115.0
310.48	116.0
320.48	116.0
828.56	116.0
1254.48	116.0
1272.36	116.0
1452.84	116.0
14.52	116.0
52.6	116.0
62.6	116.0
85.48	116.0
141.64	116.0
228.68	116.0
262.76	116.0
283.56	116.0
314.4	116.0
324.84	116.0
332.4	116.0
351.64	116.0
359.12	116.0
460.32	116.0
657.92	116.0
696.84	116.0
715.8	116.0
726.84	116.0
813.72	116.0
839.44	116.0
843.96	116.0
858.64	116.0
967.72	116.0
1123.56	116.0
1150.6	116.0
1184.24	116.0
1213.32	116.0
1223.6	116.0
1251.08	116.0
1284.0	116.0
1354.2	116.0
1427.8	116.0
306.48	117.0
429.52	117.0
409.56	117.0
483.68	117.0
732.64	117.0
761.6	117.0
302.6	118.0
206.32	118.0
309.68	118.0
317.32	118.0
321.56	118.0
324.6	118.0
335.76	118.0
343.4	118.0
360.64	118.0
368.96	118.0
714.0	118.0
730.28	118.0
773.64	118.0
847.24	118.0
1160.28	118.0
1196.16	118.0
1259.4	118.0
1366.36	118.0
78.24	119.0
120.44	119.0
626.2	119.0
735.8	119.0
679.72	120.0
230.24	120.0
237.0	120.0
264.84	120.0
276.6	120.0
284.4	120.0
342.36	120.0
710.0	120.0
768.88	120.0
808.2	120.0
816.4	120.0
849.72	120.0
1120.92	120.0
1145.52	120.0
1303.28	120.0
