302.92	84.0
74.0	85.0
266.16	85.0
330.44	85.0
539.2	85.0
665.96	85.0
736.68	85.0
905.8	85.0
1220.12	85.0
1280.0	85.0
34.84	86.0
42.36	86.0
74.28	86.0
124.64	86.0
268.6	86.0
334.76	86.0
344.24	86.0
363.12	86.0
443.92	86.0
474.72	86.0
487.24	86.0
534.36	86.0
538.64	86.0
541.72	86.0
552.24	86.0
664.04	86.0
706.12	86.0
777.28	86.0
781.8	86.0
801.4	86.0
829.8	86.0
1063.24	86.0
1134.2	86.0
1203.64	86.0
1239.44	86.0
1269.08	86.0
1279.96	86.0
1317.4	86.0
1356.2	86.0
1406.0	86.0
1418.28	86.0
1453.36	86.0
1473.36	86.0
79.96	86.0
307.2	86.0
311.08	86.0
319.4	86.0
323.76	86.0
327.48	86.0
348.68	86.0
365.76	86.0
617.12	86.0
674.04	86.0
876.24	86.0
1055.76	86.0
1075.04	86.0
1212.2	86.0
1229.2	86.0
1235.84	86.0
1293.2	86.0
1312.28	86.0
1364.08	86.0
35.08	87.0
880.36	87.0
1284.28	87.0
41.8	87.0
79.0	87.0
83.84	87.0
93.12	87.0
97.64	87.0
137.92	87.0
309.12	87.0
320.56	87.0
339.76	87.0
442.04	87.0
463.64	87.0
500.28	87.0
514.8	87.0
550.68	87.0
574.92	87.0
624.72	87.0
635.0	87.0
665.16	87.0
671.2	87.0
683.0	87.0
713.72	87.0
789.64	87.0
918.72	87.0
978.52	87.0
985.96	87.0
1016.32	87.0
1023.4	87.0
1049.12	87.0
1228.32	87.0
1294.04	87.0
1340.04	87.0
1364.16	87.0
1391.6	87.0
1448.28	87.0
1477.24	87.0
516.96	88.0
820.68	88.0
1173.84	88.0
167.16	88.0
200.2	88.0
293.6	88.0
309.76	88.0
315.8	88.0
621.16	88.0
725.4	88.0
793.04	88.0
866.48	88.0
952.08	88.0
1009.72	88.0
1081.24	88.0
1275.48	88.0
1281.84	88.0
1337.68	88.0
1417.44	88.0
1437.4	88.0
1440.72	88.0
326.64	89.0
369.8	89.0
701.0	89.0
1256.52	89.0
1286.08	89.0
1308.28	89.0
1383.64	89.0
146.92	90.0
120.64	90.0
315.12	90.0
320.56	90.0
326.28	90.0
341.2	90.0
514.36	90.0
592.56	90.0
624.72	90.0
814.24	90.0
1066.88	90.0
1177.44	90.0
1383.32	90.0
1412.92	90.0
1425.92	90.0
311.96	91.0
341.0	92.0
72.08	92.0
127.72	92.0
150.6	92.0
204.8	92.0
255.8	92.0
302.48	92.0
309.32	92.0
316.24	92.0
344.72	92.0
404.6	92.0
424.92	92.0
615.72	92.0
659.36	92.0
730.32	92.0
791.68	92.0
804.52	92.0
869.76	92.0
875.32	92.0
1004.24	92.0
1061.52	92.0
1136.08	92.0
1175.36	92.0
1211.2	92.0
1246.76	92.0
1257.56	92.0
1426.4	92.0
102.64	93.0
152.0	93.0
1398.12	93.0
307.6	93.0
308.52	94.0
948.4	94.0
313.08	94.0
367.28	94.0
92.24	95.0
323.28	95.0
614.32	95.0
791.24	95.0
1068.28	95.0
1357.52	95.0
1218.0	96.0
541.64	96.0
1242.8	96.0
46.56	97.0
598.32	97.0
302.44	97.0
322.12	97.0
1109.56	97.0
71.44	99.0
203.12	99.0
267.2	99.0
302.48	99.0
309.88	99.0
316.44	99.0
324.8	99.0
346.84	99.0
518.8	99.0
553.8	99.0
594.72	99.0
657.84	99.0
729.48	99.0
868.64	99.0
1005.44	99.0
1209.72	99.0
1315.84	99.0
1366.12	99.0
1415.32	99.0
146.84	100.0
309.0	100.0
372.16	100.0
518.68	100.0
593.2	100.0
616.72	100.0
702.8	100.0
748.04	100.0
790.44	100.0
1182.6	100.0
1317.6	100.0
1365.56	100.0
314.64	102.0
445.0	102.0
309.0	102.0
311.88	102.0
341.16	102.0
303.0	103.0
1107.68	104.0
74.44	104.0
166.0	104.0
206.96	104.0
289.64	104.0
297.32	104.0
302.8	104.0
306.8	104.0
311.88	104.0
317.56	104.0
326.56	104.0
341.4	104.0
374.88	104.0
451.08	104.0
635.04	104.0
707.72	104.0
794.72	104.0
876.8	104.0
1099.76	104.0
1160.96	104.0
1217.28	104.0
1371.32	104.0
1423.04	104.0
166.72	106.0
657.28	106.0
682.56	106.0
91.76	107.0
190.04	107.0
302.44	107.0
317.44	107.0
327.56	107.0
351.84	107.0
449.92	107.0
489.12	107.0
707.96	107.0
794.52	107.0
906.16	107.0
987.4	107.0
1006.28	107.0
1067.44	107.0
1246.84	107.0
1253.72	107.0
1281.28	107.0
877.16	108.0
93.32	108.0
149.76	108.0
207.32	108.0
265.72	108.0
310.08	108.0
326.28	108.0
553.88	108.0
593.68	108.0
621.0	108.0
656.4	108.0
792.76	108.0
1101.0	108.0
1215.08	108.0
1367.6	108.0
1411.64	108.0
1421.76	108.0
520.2	109.0
310.44	110.0
325.32	110.0
263.12	110.0
462.92	110.0
1182.16	110.0
1256.8	110.0
1366.68	111.0
23.92	111.0
71.76	111.0
90.4	111.0
138.6	111.0
143.48	111.0
152.36	111.0
204.64	111.0
207.4	111.0
227.72	111.0
267.28	111.0
274.12	111.0
283.44	111.0
302.84	111.0
311.16	111.0
323.56	111.0
327.56	111.0
332.44	111.0
354.32	111.0
471.4	111.0
520.04	111.0
594.48	111.0
621.8	111.0
637.16	111.0
659.2	111.0
699.36	111.0
730.08	111.0
790.6	111.0
830.64	111.0
869.0	111.0
880.88	111.0
898.32	111.0
993.6	111.0
1003.72	111.0
1092.84	111.0
1107.32	111.0
1211.36	111.0
1256.68	111.0
1262.88	111.0
1307.16	111.0
1316.44	111.0
1381.28	111.0
1397.88	111.0
1421.68	111.0
1444.16	111.0
1480.08	111.0
1105.36	112.0
138.8	112.0
495.8	112.0
754.32	112.0
804.2	112.0
1123.88	112.0
623.84	113.0
307.28	114.0
1208.72	114.0
263.08	114.0
795.76	114.0
1192.76	114.0
1370.6	114.0
148.32	115.0
11.96	115.0
266.12	115.0
421.56	115.0
463.2	115.0
582.72	115.0
601.96	115.0
704.4	115.0
739.6	115.0
814.52	115.0
886.6	115.0
1087.4	115.0
1215.44	115.0
1368.28	115.0
44.76	116.0
310.6	116.0
323.44	116.0
794.4	116.0
90.6	116.0
201.68	116.0
223.6	116.0
261.68	116.0
277.08	116.0
316.64	116.0
328.96	116.0
331.48	116.0
339.56	116.0
367.88	116.0
385.0	116.0
619.68	116.0
658.68	116.0
707.08	116.0
723.2	116.0
876.2	116.0
898.2	116.0
1006.8	116.0
1139.76	116.0
1230.6	116.0
1252.44	116.0
1292.92	116.0
1345.24	116.0
1368.76	116.0
1424.28	116.0
1446.48	116.0
1460.32	116.0
306.76	117.0
325.24	117.0
801.68	117.0
1455.52	117.0
281.56	118.0
302.6	118.0
327.72	118.0
697.32	118.0
896.08	118.0
1422.72	118.0
1444.2	118.0
88.4	118.0
136.92	118.0
161.8	118.0
312.4	118.0
318.88	118.0
345.72	118.0
442.08	118.0
502.0	118.0
621.92	118.0
811.72	118.0
1064.36	118.0
1105.56	118.0
1198.44	118.0
1305.32	118.0
1380.76	118.0
323.64	119.0
121.2	119.0
490.04	119.0
538.0	119.0
622.96	119.0
1136.48	119.0
1367.4	120.0
2.6	120.0
69.8	120.0
73.44	120.0
330.72	120.0
625.52	120.0
874.72	120.0
1107.52	120.0
1218.16	120.0
1318.2	120.0
1374.88	120.0
1405.04	120.0
