302.68	84.0
51.64	85.0
68.64	85.0
128.64	85.0
161.6	85.0
202.28	85.0
662.8	85.0
809.92	85.0
1085.96	85.0
1124.04	85.0
1461.32	85.0
16.28	86.0
37.28	86.0
62.8	86.0
77.32	86.0
117.48	86.0
134.0	86.0
150.08	86.0
168.76	86.0
191.32	86.0
245.0	86.0
259.36	86.0
283.92	86.0
308.4	86.0
325.96	86.0
353.48	86.0
367.0	86.0
413.68	86.0
460.36	86.0
548.24	86.0
598.76	86.0
636.16	86.0
678.72	86.0
720.6	86.0
765.08	86.0
773.68	86.0
809.04	86.0
857.76	86.0
925.92	86.0
978.96	86.0
1025.64	86.0
1037.36	86.0
1066.96	86.0
1102.12	86.0
1137.48	86.0
1183.24	86.0
1220.16	86.0
1279.92	86.0
1364.6	86.0
1398.32	86.0
1425.56	86.0
1439.44	86.0
65.52	86.0
128.36	86.0
316.68	86.0
329.68	86.0
438.12	86.0
1107.72	86.0
1317.12	86.0
807.16	87.0
1073.0	87.0
1097.72	87.0
25.68	87.0
43.0	87.0
68.92	87.0
90.68	87.0
107.72	87.0
128.44	87.0
193.8	87.0
284.84	87.0
321.0	87.0
328.0	87.0
355.84	87.0
412.8	87.0
476.2	87.0
486.6	87.0
503.04	87.0
528.48	87.0
621.84	87.0
658.52	87.0
701.6	87.0
726.48	87.0
774.2	87.0
791.72	87.0
833.92	87.0
872.96	87.0
890.52	87.0
940.36	87.0
1025.4	87.0
1085.44	87.0
1205.28	87.0
1258.08	87.0
1267.56	87.0
1316.24	87.0
1327.84	87.0
1400.16	87.0
1405.0	87.0
1423.2	87.0
1440.96	87.0
1467.76	87.0
312.36	88.0
957.84	88.0
1455.48	88.0
116.64	88.0
181.2	88.0
216.64	88.0
265.88	88.0
307.56	88.0
335.56	88.0
366.36	88.0
734.96	88.0
800.6	88.0
914.92	88.0
1212.24	88.0
1215.2	88.0
1362.96	88.0
1380.2	88.0
216.72	89.0
64.0	89.0
1118.12	89.0
1147.08	89.0
1224.36	89.0
1326.44	89.0
6.8	90.0
63.72	90.0
97.24	90.0
317.88	90.0
321.48	90.0
327.84	90.0
344.52	90.0
580.12	90.0
772.0	90.0
787.92	90.0
1054.48	90.0
1076.36	90.0
1146.8	90.0
1187.0	90.0
1400.92	90.0
316.44	91.0
306.52	92.0
315.32	92.0
324.4	92.0
745.36	92.0
1009.28	92.0
1077.68	92.0
1168.76	92.0
1403.76	92.0
16.92	93.0
280.44	93.0
794.76	93.0
1154.52	93.0
302.52	93.0
346.16	94.0
317.4	94.0
321.16	94.0
1086.12	94.0
46.88	95.0
117.8	95.0
531.16	95.0
644.16	95.0
809.76	95.0
900.92	95.0
1044.88	95.0
1106.08	95.0
1335.08	95.0
1424.52	95.0
302.72	96.0
128.76	97.0
323.0	97.0
1332.64	99.0
302.52	99.0
308.44	99.0
315.32	99.0
329.84	99.0
359.84	99.0
813.68	99.0
888.6	99.0
1152.96	99.0
1190.52	99.0
1461.96	99.0
144.64	100.0
302.48	100.0
422.68	100.0
430.56	100.0
557.72	100.0
700.6	100.0
971.32	100.0
1075.72	100.0
1325.08	100.0
317.68	102.0
38.92	102.0
309.0	102.0
312.0	102.0
302.68	103.0
753.0	103.0
17.16	104.0
74.88	104.0
132.84	104.0
287.32	104.0
302.84	104.0
308.24	104.0
314.76	104.0
322.12	104.0
329.96	104.0
364.12	104.0
485.8	104.0
664.68	104.0
734.16	104.0
805.32	104.0
812.36	104.0
882.28	104.0
965.52	104.0
1088.44	104.0
1153.24	104.0
1363.92	104.0
899.08	106.0
60.4	107.0
111.4	107.0
140.52	107.0
315.88	107.0
330.08	107.0
702.08	107.0
734.36	107.0
799.44	107.0
806.84	107.0
905.72	107.0
1004.84	107.0
1069.64	107.0
1179.88	107.0
1283.52	107.0
1288.84	107.0
1329.28	107.0
1451.6	107.0
310.6	108.0
331.44	108.0
653.24	108.0
1071.56	108.0
1151.6	108.0
1336.56	108.0
1433.72	108.0
787.64	109.0
510.44	109.0
753.44	109.0
1154.56	109.0
310.44	110.0
578.68	110.0
788.32	110.0
838.12	110.0
39.16	111.0
302.56	111.0
321.6	111.0
1111.56	111.0
15.16	111.0
96.36	111.0
170.96	111.0
214.56	111.0
247.44	111.0
258.16	111.0
324.96	111.0
336.28	111.0
355.6	111.0
378.8	111.0
392.68	111.0
437.16	111.0
652.84	111.0
703.08	111.0
788.24	111.0
801.72	111.0
814.04	111.0
831.52	111.0
838.12	111.0
855.28	111.0
894.6	111.0
909.0	111.0
973.16	111.0
1052.16	111.0
1072.96	111.0
1089.72	111.0
1129.28	111.0
1155.04	111.0
1193.56	111.0
1212.6	111.0
1238.8	111.0
1319.88	111.0
1329.68	111.0
1359.48	111.0
1399.76	111.0
1414.4	111.0
1463.16	111.0
339.52	112.0
1146.12	112.0
1269.72	112.0
1418.64	112.0
632.04	113.0
148.6	113.0
696.08	114.0
1082.8	114.0
18.12	115.0
105.56	115.0
162.24	115.0
310.56	115.0
357.84	115.0
408.04	115.0
726.12	115.0
816.16	115.0
848.56	115.0
881.76	115.0
895.44	115.0
1100.04	115.0
1455.92	115.0
310.44	116.0
727.28	116.0
801.76	116.0
1212.36	116.0
66.04	116.0
79.4	116.0
147.8	116.0
171.04	116.0
232.52	116.0
235.4	116.0
253.64	116.0
272.04	116.0
318.64	116.0
321.16	116.0
331.52	116.0
349.44	116.0
366.88	116.0
425.76	116.0
572.32	116.0
640.4	116.0
662.12	116.0
703.2	116.0
1020.8	116.0
1040.96	116.0
1078.32	116.0
1112.04	116.0
1190.4	116.0
1238.24	116.0
1389.24	116.0
1414.08	116.0
1428.64	116.0
1474.32	116.0
147.36	117.0
330.04	117.0
803.56	117.0
894.76	117.0
1111.6	117.0
1155.28	117.0
302.56	118.0
353.76	118.0
715.12	118.0
801.04	118.0
836.08	118.0
13.32	118.0
114.68	118.0
256.24	118.0
310.8	118.0
323.24	118.0
476.2	118.0
576.32	118.0
892.6	118.0
916.96	118.0
1033.16	118.0
1266.76	118.0
1397.72	118.0
1455.8	118.0
323.32	119.0
355.16	119.0
762.72	119.0
892.04	119.0
1075.08	119.0
1134.36	119.0
1296.96	119.0
1320.68	119.0
1452.44	119.0
46.84	120.0
49.76	120.0
69.56	120.0
128.72	120.0
132.08	120.0
155.28	120.0
246.72	120.0
263.08	120.0
306.72	120.0
448.32	120.0
477.84	120.0
531.16	120.0
584.4	120.0
615.0	120.0
658.6	120.0
695.72	120.0
727.64	120.0
761.24	120.0
865.96	120.0
916.44	120.0
955.96	120.0
1003.72	120.0
1202.52	120.0
1260.88	120.0
1357.16	120.0
1395.8	120.0
1430.56	120.0
