302.6	84.0
135.56	85.0
573.64	85.0
619.56	85.0
882.6	85.0
938.04	85.0
1200.64	85.0
91.32	86.0
125.36	86.0
178.32	86.0
218.52	86.0
360.0	86.0
374.84	86.0
408.84	86.0
427.76	86.0
648.68	86.0
899.4	86.0
927.84	86.0
1087.4	86.0
1104.4	86.0
4.84	86.0
194.36	86.0
307.96	86.0
316.44	86.0
329.6	86.0
333.2	86.0
348.32	86.0
366.28	86.0
458.36	86.0
1014.36	86.0
1304.24	86.0
1332.04	86.0
1349.16	86.0
661.36	87.0
968.68	87.0
1055.32	87.0
1341.76	87.0
88.0	87.0
96.92	87.0
107.76	87.0
148.24	87.0
189.56	87.0
195.0	87.0
262.36	87.0
283.32	87.0
312.92	87.0
317.96	87.0
322.8	87.0
334.84	87.0
349.44	87.0
375.68	87.0
433.16	87.0
456.72	87.0
605.8	87.0
768.48	87.0
783.96	87.0
856.04	87.0
877.44	87.0
912.0	87.0
944.72	87.0
985.76	87.0
1229.36	87.0
1253.88	87.0
1332.36	87.0
1366.52	87.0
368.48	88.0
5.24	88.0
81.08	88.0
109.92	88.0
165.96	88.0
316.72	88.0
327.48	88.0
333.0	88.0
354.76	88.0
400.16	88.0
429.72	88.0
449.52	88.0
494.92	88.0
506.92	88.0
636.96	88.0
1013.16	88.0
1070.6	88.0
1106.84	88.0
1119.56	88.0
1145.56	88.0
1238.32	88.0
1336.4	88.0
339.2	89.0
139.2	89.0
186.96	89.0
318.6	89.0
526.64	89.0
894.24	89.0
951.6	89.0
983.96	89.0
1049.28	89.0
1169.24	89.0
1355.4	89.0
146.28	90.0
310.28	90.0
339.12	90.0
365.16	90.0
614.28	90.0
893.92	90.0
977.12	90.0
983.68	90.0
1168.96	90.0
331.84	91.0
848.52	91.0
179.8	92.0
306.48	92.0
310.36	92.0
337.96	92.0
868.8	92.0
876.12	92.0
906.92	92.0
954.52	92.0
1319.48	92.0
1375.56	92.0
302.44	93.0
350.12	94.0
425.36	94.0
848.04	94.0
865.12	94.0
973.68	94.0
326.92	94.0
631.48	94.0
144.88	95.0
294.16	95.0
302.48	95.0
873.92	95.0
990.8	95.0
1184.72	95.0
130.48	97.0
302.44	97.0
322.32	97.0
352.56	97.0
1281.92	97.0
320.32	98.0
127.12	99.0
170.04	99.0
192.04	99.0
258.88	99.0
302.56	99.0
309.28	99.0
319.32	99.0
327.76	99.0
520.72	99.0
632.76	99.0
701.32	99.0
786.04	99.0
869.84	99.0
942.12	99.0
1007.84	99.0
1150.88	99.0
1312.6	99.0
1376.64	99.0
130.32	100.0
134.28	100.0
185.0	100.0
716.0	100.0
932.64	100.0
1129.36	100.0
1377.16	100.0
375.88	101.0
308.96	102.0
311.96	102.0
911.64	103.0
36.48	104.0
42.48	104.0
176.24	104.0
299.08	104.0
308.96	104.0
315.4	104.0
322.08	104.0
331.44	104.0
350.92	104.0
379.12	104.0
403.32	104.0
617.88	104.0
876.68	104.0
932.92	104.0
941.76	104.0
978.56	104.0
999.04	104.0
1102.32	104.0
1113.04	104.0
1130.88	104.0
1332.76	104.0
1358.92	104.0
314.04	106.0
1155.2	106.0
1197.32	106.0
306.04	107.0
2.84	107.0
98.92	107.0
302.96	107.0
321.12	107.0
327.84	107.0
360.08	107.0
495.76	107.0
516.16	107.0
519.92	107.0
561.56	107.0
645.84	107.0
659.08	107.0
721.16	107.0
796.64	107.0
862.08	107.0
938.6	107.0
1008.52	107.0
1016.0	107.0
1074.48	107.0
1214.0	107.0
1299.8	107.0
7.64	108.0
172.72	108.0
310.36	108.0
324.2	108.0
343.72	108.0
792.6	108.0
866.0	108.0
881.64	108.0
937.2	108.0
1011.48	108.0
1198.32	108.0
56.2	109.0
429.72	109.0
614.0	109.0
976.84	109.0
1012.16	109.0
1351.04	109.0
310.56	110.0
325.76	110.0
1008.24	110.0
350.8	110.0
492.6	110.0
526.0	110.0
579.2	110.0
647.52	110.0
699.44	110.0
877.0	110.0
901.4	110.0
1043.88	110.0
1137.44	110.0
101.68	111.0
191.96	111.0
285.52	111.0
310.36	111.0
320.52	111.0
332.72	111.0
395.24	111.0
450.84	111.0
474.04	111.0
525.72	111.0
634.6	111.0
645.36	111.0
718.48	111.0
772.76	111.0
817.28	111.0
876.96	111.0
897.6	111.0
900.44	111.0
950.56	111.0
1007.56	111.0
1057.48	111.0
1082.96	111.0
1093.44	111.0
1145.8	111.0
1280.2	111.0
1321.64	111.0
1333.48	111.0
1363.64	111.0
1375.4	111.0
302.6	112.0
423.64	112.0
1127.88	112.0
311.88	114.0
335.32	114.0
282.28	114.0
1056.0	115.0
289.28	115.0
636.96	115.0
920.8	115.0
310.44	116.0
826.92	116.0
8.6	116.0
102.88	116.0
174.32	116.0
191.92	116.0
316.8	116.0
321.92	116.0
330.28	116.0
344.0	116.0
381.32	116.0
646.12	116.0
727.84	116.0
783.12	116.0
817.8	116.0
850.52	116.0
862.84	116.0
877.44	116.0
889.6	116.0
955.84	116.0
972.76	116.0
993.48	116.0
1008.96	116.0
1181.08	116.0
1350.64	116.0
333.12	117.0
350.96	117.0
901.6	117.0
302.56	118.0
317.16	118.0
142.24	118.0
311.52	118.0
321.52	118.0
332.52	118.0
611.08	118.0
697.56	118.0
875.04	118.0
903.96	118.0
948.6	118.0
1009.04	118.0
43.32	119.0
235.24	119.0
547.2	119.0
811.48	119.0
904.28	120.0
966.88	120.0
3.24	120.0
182.24	120.0
491.72	120.0
519.16	120.0
623.12	120.0
721.44	120.0
883.84	120.0
917.8	120.0
933.72	120.0
975.56	120.0
1011.6	120.0
1075.96	120.0
1308.52	120.0
1334.8	120.0
1344.48	120.0
