722.16	84.0
302.72	84.0
309.96	84.0
192.0	85.0
318.52	85.0
714.36	85.0
725.24	85.0
764.04	85.0
969.92	85.0
1018.76	85.0
1137.16	85.0
1204.0	85.0
47.92	86.0
107.08	86.0
125.4	86.0
143.92	86.0
176.0	86.0
310.84	86.0
318.04	86.0
337.2	86.0
358.64	86.0
716.64	86.0
722.4	86.0
724.96	86.0
729.72	86.0
761.96	86.0
789.12	86.0
829.24	86.0
1224.28	86.0
1284.48	86.0
1318.4	86.0
1322.36	86.0
1341.28	86.0
64.56	86.0
288.2	86.0
307.68	86.0
313.84	86.0
321.96	86.0
329.08	86.0
688.92	86.0
692.0	86.0
700.2	86.0
706.6	86.0
712.28	86.0
732.32	86.0
744.16	86.0
752.68	86.0
768.08	86.0
838.24	86.0
901.24	86.0
943.4	86.0
1026.36	86.0
1050.48	86.0
1092.6	86.0
1166.68	86.0
1210.6	86.0
1164.72	87.0
75.48	87.0
84.36	87.0
133.64	87.0
145.76	87.0
318.32	87.0
324.92	87.0
331.24	87.0
687.96	87.0
692.52	87.0
695.44	87.0
703.04	87.0
717.52	87.0
725.48	87.0
736.44	87.0
751.32	87.0
758.28	87.0
789.72	87.0
1057.28	87.0
1075.76	87.0
1107.64	87.0
1115.4	87.0
1156.68	87.0
1238.76	87.0
1244.16	87.0
1258.72	87.0
1321.92	87.0
187.36	88.0
682.72	88.0
727.64	88.0
15.6	88.0
125.28	88.0
184.52	88.0
234.16	88.0
240.28	88.0
296.08	88.0
334.72	88.0
339.04	88.0
355.2	88.0
411.76	88.0
685.96	88.0
694.52	88.0
720.48	88.0
730.92	88.0
742.16	88.0
794.76	88.0
898.04	88.0
1067.8	88.0
1252.4	88.0
1284.68	88.0
706.68	89.0
40.48	89.0
306.72	89.0
320.92	89.0
588.2	89.0
596.68	89.0
710.44	89.0
1291.36	89.0
707.84	90.0
1232.4	90.0
40.16	90.0
87.0	90.0
128.24	90.0
278.44	90.0
306.4	90.0
310.36	90.0
328.48	90.0
338.48	90.0
372.28	90.0
596.36	90.0
680.92	90.0
697.64	90.0
719.88	90.0
748.24	90.0
907.28	90.0
1045.8	90.0
326.36	91.0
695.04	91.0
707.92	91.0
711.0	91.0
309.16	92.0
318.88	92.0
701.72	92.0
151.36	92.0
184.56	92.0
249.88	92.0
328.76	92.0
369.96	92.0
582.64	92.0
676.76	92.0
692.56	92.0
711.24	92.0
732.28	92.0
737.36	92.0
742.96	92.0
750.4	92.0
998.68	92.0
1050.32	92.0
1164.08	92.0
1209.44	92.0
1300.84	92.0
313.12	93.0
358.6	93.0
772.56	93.0
793.32	93.0
99.52	94.0
218.12	94.0
809.64	94.0
20.0	94.0
152.64	94.0
324.92	94.0
696.16	94.0
710.44	94.0
721.88	94.0
736.28	94.0
771.96	94.0
819.56	94.0
1284.04	94.0
1318.12	94.0
1357.76	94.0
691.8	95.0
708.08	95.0
712.2	95.0
721.96	95.0
736.68	95.0
763.48	95.0
1066.04	95.0
1152.32	95.0
1193.4	95.0
1243.04	95.0
1362.76	96.0
357.68	97.0
696.68	97.0
811.56	97.0
42.6	97.0
136.68	97.0
302.44	97.0
329.28	97.0
702.84	97.0
727.2	97.0
730.88	97.0
880.68	97.0
1136.44	97.0
1344.48	97.0
1360.0	97.0
739.24	99.0
19.52	99.0
31.0	99.0
302.56	99.0
308.68	99.0
313.52	99.0
320.6	99.0
331.64	99.0
341.24	99.0
696.8	99.0
706.44	99.0
714.48	99.0
719.88	99.0
728.08	99.0
745.68	99.0
841.88	99.0
904.32	99.0
1208.04	99.0
1321.12	99.0
337.92	100.0
593.32	100.0
712.44	100.0
1232.4	100.0
1240.28	100.0
1346.2	100.0
322.76	101.0
709.28	101.0
738.96	101.0
323.08	102.0
708.6	102.0
721.92	102.0
901.48	102.0
309.04	102.0
312.0	102.0
322.96	103.0
713.04	103.0
322.96	104.0
110.0	104.0
302.8	104.0
309.36	104.0
316.84	104.0
332.48	104.0
358.0	104.0
698.56	104.0
710.08	104.0
716.84	104.0
723.36	104.0
737.0	104.0
750.44	104.0
770.4	104.0
849.68	104.0
902.96	104.0
1051.68	104.0
1251.64	104.0
1287.92	104.0
1352.68	104.0
357.96	106.0
1326.84	106.0
1346.08	106.0
51.84	107.0
120.96	107.0
140.6	107.0
289.52	107.0
317.88	107.0
327.6	107.0
360.76	107.0
489.72	107.0
550.24	107.0
710.04	107.0
730.56	107.0
768.12	107.0
814.8	107.0
867.8	107.0
870.36	107.0
910.16	107.0
980.8	107.0
1009.12	107.0
1041.56	107.0
1079.56	107.0
1132.92	107.0
1136.84	107.0
1164.44	107.0
1230.08	107.0
1259.88	107.0
1280.84	107.0
1287.96	107.0
1358.16	107.0
719.0	108.0
313.08	108.0
340.12	108.0
763.6	108.0
774.36	108.0
797.0	108.0
1050.24	108.0
1140.16	108.0
1193.52	108.0
1242.92	108.0
1330.16	108.0
372.08	109.0
680.6	109.0
709.84	109.0
748.0	109.0
800.76	109.0
311.2	109.0
310.48	110.0
409.28	110.0
697.0	110.0
703.72	110.0
793.32	110.0
309.6	111.0
701.48	111.0
1051.84	111.0
1078.44	111.0
1173.44	111.0
27.2	111.0
66.64	111.0
105.52	111.0
115.32	111.0
178.4	111.0
230.24	111.0
274.0	111.0
316.92	111.0
321.84	111.0
327.4	111.0
376.8	111.0
404.28	111.0
434.96	111.0
694.04	111.0
708.04	111.0
715.52	111.0
725.48	111.0
735.24	111.0
742.68	111.0
759.44	111.0
771.32	111.0
793.32	111.0
814.88	111.0
817.4	111.0
837.96	111.0
899.64	111.0
921.32	111.0
990.24	111.0
1011.72	111.0
1046.28	111.0
1097.8	111.0
1148.04	111.0
1209.88	111.0
1240.24	111.0
1280.76	111.0
1322.48	111.0
1338.48	111.0
1353.2	111.0
1358.36	111.0
1366.6	111.0
358.72	112.0
706.28	112.0
812.88	112.0
1241.4	112.0
1356.08	112.0
343.24	113.0
697.88	113.0
700.56	113.0
708.56	113.0
723.64	113.0
740.56	113.0
711.08	114.0
714.88	114.0
723.48	114.0
727.72	114.0
735.8	114.0
203.92	114.0
358.48	114.0
1323.56	114.0
717.24	115.0
138.36	115.0
310.64	115.0
344.28	115.0
703.96	115.0
808.16	115.0
1150.24	115.0
310.48	116.0
672.48	116.0
1106.32	116.0
101.52	116.0
110.6	116.0
175.28	116.0
321.16	116.0
325.56	116.0
340.12	116.0
346.16	116.0
354.76	116.0
413.52	116.0
707.28	116.0
714.68	116.0
718.96	116.0
721.76	116.0
728.16	116.0
741.52	116.0
1054.2	116.0
1079.88	116.0
1100.4	116.0
1175.8	116.0
1196.72	116.0
1210.12	116.0
1236.32	116.0
1243.36	116.0
1293.2	116.0
1363.12	116.0
321.36	117.0
756.84	117.0
818.24	117.0
307.32	117.0
356.04	117.0
377.0	117.0
405.56	117.0
760.72	117.0
793.56	117.0
1051.92	117.0
1078.56	117.0
302.52	118.0
310.48	118.0
322.08	118.0
332.72	118.0
697.96	118.0
713.68	118.0
723.08	118.0
735.12	118.0
854.16	118.0
99.72	119.0
868.72	119.0
1007.64	119.0
1284.32	119.0
1323.72	119.0
333.72	120.0
463.84	120.0
486.16	120.0
710.64	120.0
736.44	120.0
903.2	120.0
1026.36	120.0
1046.88	120.0
1052.08	120.0
1110.96	120.0
1182.68	120.0
1237.84	120.0
1241.32	120.0
1244.12	120.0
1286.8	120.0
1323.24	120.0
1355.52	120.0
