307.48	84.0
19.28	84.0
302.76	84.0
306.16	85.0
190.24	85.0
302.88	85.0
37.6	86.0
80.96	86.0
127.32	86.0
164.56	86.0
179.72	86.0
196.84	86.0
221.56	86.0
252.6	86.0
308.52	86.0
313.4	86.0
403.36	86.0
449.4	86.0
504.56	86.0
510.6	86.0
555.72	86.0
55.72	86.0
200.68	86.0
285.56	86.0
316.96	86.0
323.96	86.0
326.88	86.0
413.56	86.0
308.04	87.0
69.92	87.0
228.68	87.0
310.76	87.0
315.2	87.0
323.8	87.0
201.8	88.0
291.04	88.0
63.92	88.0
83.44	88.0
119.92	88.0
141.4	88.0
176.36	88.0
228.0	88.0
237.56	88.0
247.88	88.0
270.0	88.0
337.48	88.0
345.4	88.0
377.68	88.0
380.2	88.0
404.6	88.0
421.36	88.0
439.72	88.0
510.92	88.0
587.64	88.0
145.28	89.0
339.24	89.0
345.96	89.0
595.36	89.0
240.68	90.0
302.56	90.0
315.2	90.0
338.96	90.0
34.88	91.0
339.32	91.0
32.04	92.0
41.32	92.0
52.32	92.0
219.76	92.0
225.68	92.0
244.72	92.0
287.12	92.0
306.96	92.0
318.4	92.0
413.44	92.0
451.76	92.0
273.2	93.0
341.56	93.0
533.88	94.0
100.56	94.0
302.84	94.0
506.36	94.0
224.24	95.0
302.8	96.0
33.84	97.0
57.36	97.0
117.72	97.0
176.08	97.0
198.96	97.0
220.04	97.0
251.68	97.0
443.16	97.0
479.68	97.0
544.88	97.0
12.36	97.0
73.68	97.0
148.84	97.0
201.84	97.0
314.56	97.0
325.0	97.0
451.72	97.0
580.0	97.0
252.04	98.0
302.88	98.0
196.4	99.0
237.6	99.0
302.48	99.0
307.72	99.0
315.72	99.0
330.48	99.0
86.96	100.0
123.32	100.0
196.32	100.0
219.88	100.0
251.88	100.0
322.2	100.0
487.72	100.0
583.08	101.0
177.52	102.0
308.96	102.0
311.72	102.0
346.36	102.0
366.08	102.0
315.24	103.0
339.12	103.0
46.08	104.0
65.8	104.0
74.12	104.0
125.92	104.0
147.8	104.0
222.84	104.0
246.6	104.0
289.88	104.0
302.44	104.0
308.56	104.0
315.32	104.0
324.2	104.0
339.56	104.0
367.0	104.0
451.96	104.0
50.48	105.0
201.44	106.0
302.44	106.0
421.08	107.0
302.44	107.0
309.04	107.0
326.6	107.0
339.8	107.0
416.4	107.0
469.96	107.0
237.36	108.0
325.56	108.0
338.72	109.0
535.6	109.0
310.48	110.0
346.72	110.0
15.76	110.0
123.92	110.0
258.44	110.0
359.32	110.0
15.68	111.0
33.84	111.0
63.24	111.0
68.44	111.0
88.32	111.0
102.6	111.0
108.16	111.0
142.96	111.0
156.16	111.0
177.28	111.0
201.16	111.0
204.96	111.0
225.92	111.0
258.44	111.0
272.96	111.0
286.8	111.0
309.96	111.0
324.8	111.0
339.52	111.0
346.08	111.0
349.04	111.0
365.76	111.0
373.36	111.0
390.36	111.0
407.68	111.0
511.32	111.0
3.96	112.0
48.76	112.0
196.92	112.0
287.16	112.0
457.64	112.0
313.4	114.0
335.44	115.0
129.04	115.0
166.16	115.0
281.0	115.0
345.76	115.0
363.12	115.0
396.92	115.0
399.76	115.0
494.72	115.0
15.6	116.0
310.44	116.0
455.6	116.0
102.64	116.0
139.2	116.0
232.76	116.0
245.24	116.0
317.92	116.0
324.16	116.0
332.08	116.0
346.44	116.0
422.2	116.0
451.88	116.0
16.04	117.0
18.96	117.0
102.84	117.0
315.0	117.0
324.56	117.0
373.64	117.0
302.52	118.0
311.84	118.0
325.52	118.0
302.84	119.0
269.68	120.0
454.44	120.0
3.48	120.0
203.6	120.0
226.88	120.0
251.16	120.0
325.16	120.0
377.36	120.0
457.12	120.0
