96.36	84.0
148.96	84.0
322.68	84.0
77.64	85.0
87.08	85.0
127.08	85.0
138.16	85.0
1106.72	85.0
1160.0	85.0
1357.72	85.0
1417.68	85.0
35.8	86.0
48.64	86.0
67.44	86.0
70.28	86.0
76.0	86.0
78.88	86.0
92.88	86.0
102.08	86.0
125.64	86.0
130.4	86.0
156.6	86.0
166.64	86.0
178.2	86.0
189.12	86.0
198.28	86.0
206.48	86.0
228.88	86.0
245.8	86.0
268.6	86.0
292.44	86.0
308.44	86.0
323.12	86.0
330.32	86.0
341.88	86.0
364.72	86.0
384.44	86.0
413.52	86.0
429.24	86.0
457.32	86.0
490.28	86.0
1075.16	86.0
1087.68	86.0
1116.72	86.0
1129.96	86.0
1136.76	86.0
1149.28	86.0
1159.88	86.0
1181.96	86.0
1189.12	86.0
1197.6	86.0
1202.64	86.0
1227.12	86.0
1235.2	86.0
1243.8	86.0
1255.32	86.0
1273.36	86.0
1288.76	86.0
1309.04	86.0
1323.84	86.0
1341.16	86.0
1387.04	86.0
1404.12	86.0
1465.76	86.0
60.28	86.0
87.88	86.0
95.4	86.0
107.16	86.0
113.88	86.0
133.08	86.0
147.32	86.0
236.92	86.0
319.12	86.0
333.4	86.0
370.32	86.0
393.8	86.0
1090.6	86.0
1103.32	86.0
1107.12	86.0
1120.52	86.0
1153.32	86.0
1170.92	86.0
1259.44	86.0
1364.44	86.0
1158.68	87.0
64.24	87.0
71.56	87.0
85.4	87.0
138.8	87.0
308.96	87.0
316.32	87.0
331.6	87.0
1062.12	87.0
1105.4	87.0
1141.36	87.0
1148.96	87.0
1175.6	87.0
1184.4	87.0
1192.6	87.0
1204.12	87.0
1208.84	87.0
1231.36	87.0
1260.04	87.0
112.2	88.0
126.4	88.0
165.8	88.0
920.56	88.0
1033.44	88.0
1215.48	88.0
9.8	88.0
17.12	88.0
52.76	88.0
61.04	88.0
72.84	88.0
76.76	88.0
100.28	88.0
116.56	88.0
151.68	88.0
162.72	88.0
214.36	88.0
247.04	88.0
317.56	88.0
344.8	88.0
422.04	88.0
632.76	88.0
963.04	88.0
1012.44	88.0
1027.0	88.0
1063.08	88.0
1111.92	88.0
1167.92	88.0
1174.4	88.0
1198.6	88.0
1202.92	88.0
1225.76	88.0
1255.4	88.0
1267.92	88.0
1285.52	88.0
1295.72	88.0
1337.76	88.0
1362.52	88.0
1366.36	88.0
1378.52	88.0
1391.2	88.0
1409.32	88.0
1425.68	88.0
1454.0	88.0
1473.24	88.0
907.68	89.0
919.48	89.0
40.2	89.0
137.92	89.0
179.88	89.0
211.32	89.0
327.4	89.0
391.4	89.0
412.92	89.0
866.2	89.0
942.84	89.0
1066.16	89.0
1114.96	89.0
1199.48	89.0
1367.8	89.0
1411.16	89.0
1440.04	89.0
24.72	90.0
78.04	90.0
98.88	90.0
104.68	90.0
119.8	90.0
137.6	90.0
145.08	90.0
152.88	90.0
234.76	90.0
327.12	90.0
412.6	90.0
502.6	90.0
1006.44	90.0
1017.2	90.0
1029.08	90.0
1049.64	90.0
1065.84	90.0
1094.6	90.0
1101.24	90.0
1138.24	90.0
1159.56	90.0
1180.12	90.0
1202.4	90.0
1298.6	90.0
1367.52	90.0
1395.12	90.0
1412.0	90.0
81.6	91.0
115.4	91.0
147.96	91.0
1073.24	91.0
1407.2	91.0
318.2	92.0
1100.64	92.0
22.44	92.0
26.6	92.0
32.56	92.0
44.4	92.0
50.84	92.0
66.6	92.0
93.96	92.0
110.12	92.0
115.2	92.0
119.56	92.0
147.96	92.0
306.2	92.0
310.2	92.0
324.76	92.0
917.24	92.0
987.84	92.0
1127.72	92.0
1156.8	92.0
367.76	93.0
1227.0	93.0
1415.2	93.0
302.6	93.0
1366.8	93.0
71.44	94.0
103.44	94.0
976.16	94.0
1259.96	94.0
95.32	94.0
107.16	94.0
137.08	94.0
1046.0	94.0
1100.76	94.0
1015.72	95.0
1042.72	95.0
1173.96	95.0
988.6	96.0
1255.64	96.0
79.36	97.0
102.48	97.0
206.8	97.0
450.24	97.0
1067.96	97.0
1152.36	97.0
1158.28	97.0
1174.92	97.0
1181.08	97.0
1207.48	97.0
1220.84	97.0
1290.56	97.0
1324.4	97.0
1384.76	97.0
1402.32	97.0
1421.4	97.0
1467.08	97.0
115.36	97.0
246.2	97.0
302.44	97.0
341.72	97.0
1089.64	97.0
1136.2	97.0
1223.44	97.0
1357.4	98.0
27.56	99.0
61.0	99.0
71.08	99.0
79.96	99.0
136.68	99.0
302.52	99.0
308.28	99.0
315.2	99.0
337.12	99.0
352.48	99.0
947.92	99.0
1016.24	99.0
1067.4	99.0
1102.8	99.0
1117.08	99.0
1141.84	99.0
1155.12	99.0
1179.28	99.0
1225.04	99.0
1294.0	99.0
147.8	100.0
205.32	100.0
210.88	100.0
365.88	100.0
939.72	100.0
1067.2	100.0
1197.32	100.0
1428.16	100.0
379.68	101.0
27.52	102.0
182.84	102.0
308.96	102.0
311.84	102.0
1429.04	102.0
302.68	103.0
307.56	104.0
310.16	104.0
43.92	104.0
67.56	104.0
70.12	104.0
80.56	104.0
92.48	104.0
97.64	104.0
104.84	104.0
119.04	104.0
156.72	104.0
183.6	104.0
204.2	104.0
302.68	104.0
315.52	104.0
323.24	104.0
346.72	104.0
379.72	104.0
463.2	104.0
1075.04	104.0
1102.96	104.0
1106.84	104.0
1121.24	104.0
1132.56	104.0
1147.44	104.0
1163.56	104.0
1185.0	104.0
1248.68	104.0
1259.0	104.0
1290.4	104.0
1298.68	104.0
1325.04	104.0
1339.28	104.0
1368.96	104.0
1440.8	104.0
1352.28	106.0
57.92	106.0
118.52	106.0
1170.68	106.0
1192.64	106.0
366.4	107.0
75.92	107.0
92.44	107.0
135.8	107.0
155.4	107.0
317.12	107.0
348.56	107.0
396.64	107.0
1138.04	107.0
1160.32	107.0
1173.6	107.0
1200.32	107.0
1222.96	107.0
1246.84	107.0
1274.56	107.0
1292.84	107.0
1332.48	107.0
1391.44	107.0
66.08	108.0
75.36	108.0
104.28	108.0
142.92	108.0
207.92	108.0
1108.44	108.0
1134.44	108.0
1141.36	108.0
1165.6	108.0
24.48	109.0
67.28	109.0
310.56	110.0
1428.64	110.0
122.6	110.0
191.44	110.0
313.48	110.0
1129.52	110.0
61.08	111.0
92.04	111.0
148.36	111.0
302.76	111.0
70.2	111.0
98.28	111.0
119.28	111.0
181.04	111.0
202.08	111.0
244.0	111.0
340.56	111.0
351.04	111.0
404.88	111.0
432.72	111.0
1005.4	111.0
1015.76	111.0
1065.92	111.0
1101.88	111.0
1114.96	111.0
1120.72	111.0
1124.76	111.0
1155.0	111.0
1158.04	111.0
1194.04	111.0
1202.68	111.0
1209.68	111.0
1227.28	111.0
1259.6	111.0
1275.8	111.0
1367.16	111.0
1389.12	111.0
1428.76	111.0
1431.68	111.0
1453.2	111.0
114.08	112.0
424.32	112.0
1067.0	112.0
1293.76	112.0
127.04	113.0
1138.24	113.0
1161.28	114.0
1210.12	114.0
33.24	114.0
66.88	114.0
104.16	114.0
1169.72	114.0
97.56	115.0
337.32	115.0
1171.56	115.0
60.92	115.0
81.04	115.0
83.68	115.0
120.0	115.0
141.16	115.0
161.16	115.0
345.68	115.0
958.92	115.0
1030.2	115.0
1102.52	115.0
1265.28	115.0
1382.16	115.0
147.6	116.0
310.48	116.0
983.44	116.0
1031.56	116.0
1034.56	116.0
1064.92	116.0
28.28	116.0
44.92	116.0
54.08	116.0
68.64	116.0
91.36	116.0
102.32	116.0
315.36	116.0
318.56	116.0
325.36	116.0
349.24	116.0
470.72	116.0
942.4	116.0
955.72	116.0
967.64	116.0
987.6	116.0
1007.76	116.0
1067.92	116.0
1085.72	116.0
1102.0	116.0
1119.72	116.0
1156.32	116.0
1168.4	116.0
1184.56	116.0
1188.84	116.0
1212.56	116.0
1260.16	116.0
1295.2	116.0
1292.16	117.0
54.2	117.0
61.04	117.0
70.36	117.0
351.36	117.0
365.68	117.0
1103.48	117.0
1194.28	117.0
1202.32	117.0
1288.56	117.0
1429.08	117.0
39.0	118.0
181.32	118.0
302.48	118.0
53.92	118.0
75.4	118.0
85.32	118.0
98.64	118.0
119.92	118.0
134.08	118.0
311.28	118.0
324.84	118.0
998.84	118.0
1210.96	118.0
1218.2	118.0
120.2	119.0
307.32	119.0
1197.8	119.0
54.96	120.0
32.96	120.0
96.48	120.0
113.64	120.0
120.8	120.0
140.44	120.0
306.12	120.0
948.64	120.0
1003.4	120.0
1106.96	120.0
1112.32	120.0
1144.36	120.0
1159.08	120.0
1247.64	120.0
