11.72	84.0
71.52	84.0
221.4	84.0
271.6	84.0
302.76	84.0
313.6	84.0
341.48	84.0
379.72	84.0
464.0	84.0
644.4	84.0
696.52	84.0
784.96	84.0
841.72	84.0
1241.92	84.0
93.6	85.0
406.32	85.0
771.88	85.0
841.96	85.0
874.04	85.0
1154.08	85.0
8.96	86.0
25.32	86.0
47.88	86.0
95.08	86.0
101.2	86.0
117.88	86.0
133.92	86.0
196.8	86.0
220.64	86.0
252.16	86.0
275.48	86.0
293.16	86.0
312.16	86.0
323.36	86.0
332.24	86.0
337.72	86.0
343.76	86.0
362.72	86.0
378.32	86.0
402.16	86.0
432.6	86.0
469.12	86.0
490.72	86.0
573.48	86.0
596.04	86.0
619.72	86.0
662.16	86.0
695.44	86.0
708.52	86.0
751.36	86.0
774.28	86.0
787.2	86.0
799.28	86.0
833.88	86.0
873.88	86.0
907.6	86.0
929.88	86.0
982.92	86.0
1032.4	86.0
1097.2	86.0
1124.12	86.0
1150.16	86.0
1167.48	86.0
1186.08	86.0
1208.48	86.0
1214.36	86.0
1229.8	86.0
1245.04	86.0
1290.64	86.0
1295.0	86.0
1310.0	86.0
1343.68	86.0
1361.0	86.0
1368.52	86.0
318.8	86.0
348.84	86.0
32.36	87.0
50.76	87.0
86.48	87.0
156.88	87.0
221.52	87.0
273.6	87.0
308.92	87.0
313.24	87.0
317.6	87.0
365.92	87.0
414.52	87.0
439.76	87.0
693.16	87.0
753.56	87.0
764.96	87.0
842.0	87.0
938.8	87.0
1152.92	87.0
12.84	88.0
50.92	88.0
119.0	88.0
189.36	88.0
1333.52	88.0
57.56	88.0
84.2	88.0
95.32	88.0
145.92	88.0
213.52	88.0
238.28	88.0
255.6	88.0
289.96	88.0
307.4	88.0
310.04	88.0
315.6	88.0
362.28	88.0
422.2	88.0
482.4	88.0
541.04	88.0
691.76	88.0
697.12	88.0
745.6	88.0
824.88	88.0
883.0	88.0
986.8	88.0
1168.84	88.0
774.44	89.0
783.72	89.0
1105.72	89.0
1333.16	89.0
191.52	90.0
1333.68	90.0
32.72	90.0
152.6	90.0
267.48	90.0
302.84	90.0
323.36	90.0
351.44	90.0
430.84	90.0
603.0	90.0
1095.48	90.0
1290.36	90.0
1356.16	90.0
1177.88	91.0
49.32	92.0
223.2	92.0
443.92	92.0
14.76	92.0
38.56	92.0
64.36	92.0
95.88	92.0
107.44	92.0
130.56	92.0
143.24	92.0
151.48	92.0
167.44	92.0
181.24	92.0
189.48	92.0
232.84	92.0
244.4	92.0
264.68	92.0
269.88	92.0
285.08	92.0
293.16	92.0
309.08	92.0
314.2	92.0
337.52	92.0
348.48	92.0
356.68	92.0
367.6	92.0
397.92	92.0
416.28	92.0
432.68	92.0
438.84	92.0
452.48	92.0
501.12	92.0
511.52	92.0
535.64	92.0
543.12	92.0
579.36	92.0
594.16	92.0
619.16	92.0
642.08	92.0
679.8	92.0
701.6	92.0
710.16	92.0
735.4	92.0
738.8	92.0
755.28	92.0
780.96	92.0
787.64	92.0
814.08	92.0
823.68	92.0
851.64	92.0
911.08	92.0
928.88	92.0
948.48	92.0
981.6	92.0
1020.4	92.0
1052.96	92.0
1073.8	92.0
1097.92	92.0
1122.08	92.0
1148.28	92.0
1165.88	92.0
1183.6	92.0
1211.24	92.0
1219.32	92.0
1249.08	92.0
1267.2	92.0
1330.0	92.0
1336.44	92.0
1344.92	92.0
1364.44	92.0
11.4	93.0
159.68	93.0
223.92	93.0
252.64	93.0
295.76	93.0
405.6	93.0
580.96	93.0
624.28	93.0
993.08	93.0
1041.52	93.0
1147.84	93.0
1214.08	93.0
1353.76	93.0
303.0	93.0
302.68	94.0
1152.08	94.0
12.64	94.0
83.08	94.0
320.52	94.0
339.36	94.0
356.36	94.0
378.96	94.0
639.2	94.0
838.84	94.0
881.44	94.0
1069.12	94.0
1112.88	94.0
1288.72	94.0
1364.88	94.0
95.12	95.0
169.96	95.0
198.6	95.0
280.76	95.0
302.44	95.0
446.84	95.0
624.8	95.0
719.96	95.0
754.44	95.0
906.08	95.0
1056.72	95.0
1168.8	95.0
1318.4	95.0
45.44	96.0
91.76	96.0
130.08	96.0
194.12	96.0
221.0	96.0
249.76	96.0
324.84	96.0
362.32	96.0
403.32	96.0
491.48	96.0
570.24	96.0
614.0	96.0
643.88	96.0
714.92	96.0
748.44	96.0
807.2	96.0
845.28	96.0
894.96	96.0
1072.4	96.0
1121.52	96.0
1189.92	96.0
1265.68	96.0
1329.68	96.0
222.44	97.0
340.48	97.0
365.64	97.0
426.48	97.0
518.28	97.0
573.16	97.0
638.24	97.0
717.88	97.0
751.76	97.0
840.68	97.0
869.96	97.0
1148.6	97.0
1292.32	97.0
84.92	98.0
369.36	98.0
14.8	99.0
39.12	99.0
76.04	99.0
100.04	99.0
144.4	99.0
302.92	99.0
309.8	99.0
319.4	99.0
612.92	99.0
701.52	99.0
1078.2	99.0
1152.64	99.0
21.92	100.0
80.84	100.0
94.12	100.0
139.6	100.0
191.44	100.0
268.64	100.0
271.44	100.0
290.44	100.0
302.56	100.0
349.4	100.0
359.52	100.0
610.44	100.0
690.24	100.0
803.2	100.0
910.8	100.0
953.68	100.0
993.8	100.0
1070.4	100.0
1137.64	100.0
1333.6	100.0
308.92	102.0
311.72	102.0
11.76	104.0
24.76	104.0
35.48	104.0
81.44	104.0
133.8	104.0
165.24	104.0
257.12	104.0
276.88	104.0
302.6	104.0
309.6	104.0
318.04	104.0
335.48	104.0
353.64	104.0
372.12	104.0
415.92	104.0
445.8	104.0
451.24	104.0
618.84	104.0
730.52	104.0
841.96	104.0
927.04	104.0
1144.0	104.0
1167.16	104.0
1267.2	104.0
1292.68	104.0
874.08	106.0
1245.92	106.0
314.08	107.0
326.52	107.0
342.16	107.0
1181.36	107.0
39.28	108.0
335.24	108.0
377.0	108.0
631.92	108.0
654.12	108.0
766.32	108.0
818.68	108.0
872.76	108.0
921.16	108.0
1127.28	108.0
1142.2	108.0
1184.64	108.0
1290.24	108.0
1363.92	108.0
351.24	109.0
310.48	110.0
359.16	110.0
617.84	110.0
1355.2	110.0
24.44	111.0
1183.96	111.0
6.16	111.0
38.8	111.0
57.44	111.0
71.68	111.0
104.12	111.0
117.76	111.0
169.92	111.0
197.56	111.0
222.52	111.0
245.76	111.0
268.92	111.0
287.48	111.0
313.56	111.0
320.96	111.0
336.04	111.0
364.04	111.0
389.48	111.0
403.36	111.0
444.16	111.0
464.44	111.0
499.88	111.0
525.48	111.0
570.72	111.0
619.48	111.0
653.68	111.0
705.2	111.0
749.36	111.0
766.12	111.0
817.52	111.0
891.84	111.0
918.2	111.0
932.44	111.0
1016.76	111.0
1063.24	111.0
1081.6	111.0
1124.76	111.0
1150.84	111.0
1187.48	111.0
1235.6	111.0
1333.44	111.0
1372.36	111.0
327.36	112.0
358.8	112.0
1289.44	112.0
323.92	113.0
895.72	114.0
6.88	115.0
84.64	115.0
105.32	115.0
338.32	115.0
359.48	115.0
645.64	115.0
652.88	115.0
734.2	115.0
934.08	115.0
1058.0	115.0
1188.32	115.0
1314.6	115.0
1355.44	115.0
310.52	116.0
24.48	116.0
49.08	116.0
153.4	116.0
163.56	116.0
218.16	116.0
270.72	116.0
273.68	116.0
314.12	116.0
320.72	116.0
324.2	116.0
351.92	116.0
380.04	116.0
403.0	116.0
461.48	116.0
465.96	116.0
492.8	116.0
604.08	116.0
613.32	116.0
632.4	116.0
686.84	116.0
714.96	116.0
750.6	116.0
777.68	116.0
800.24	116.0
806.32	116.0
841.52	116.0
913.92	116.0
1038.96	116.0
1073.2	116.0
1095.16	116.0
1103.6	116.0
1134.08	116.0
1185.92	116.0
1222.2	116.0
1269.2	116.0
1337.0	116.0
1380.12	116.0
256.72	117.0
160.92	117.0
689.48	117.0
1184.04	117.0
30.92	118.0
44.36	118.0
54.88	118.0
77.64	118.0
95.52	118.0
118.04	118.0
160.6	118.0
199.0	118.0
223.0	118.0
271.2	118.0
312.72	118.0
331.72	118.0
338.96	118.0
356.44	118.0
367.6	118.0
397.6	118.0
469.56	118.0
520.48	118.0
565.96	118.0
746.8	118.0
861.36	118.0
870.76	118.0
921.08	118.0
1000.04	118.0
1043.44	118.0
1065.28	118.0
1166.56	118.0
1169.28	118.0
1264.88	118.0
1315.16	118.0
1381.4	118.0
302.44	119.0
45.56	120.0
72.92	120.0
183.28	120.0
227.6	120.0
879.6	120.0
927.52	120.0
1057.04	120.0
1083.0	120.0
