309.36	84.0
351.28	84.0
302.64	84.0
319.24	85.0
360.32	85.0
787.32	85.0
904.24	85.0
1177.56	85.0
1294.44	85.0
1329.84	85.0
16.56	86.0
56.44	86.0
89.36	86.0
137.6	86.0
180.16	86.0
244.4	86.0
267.64	86.0
312.4	86.0
327.28	86.0
337.92	86.0
349.28	86.0
369.44	86.0
373.48	86.0
389.64	86.0
404.96	86.0
420.32	86.0
426.36	86.0
477.16	86.0
479.8	86.0
562.24	86.0
641.92	86.0
734.32	86.0
777.72	86.0
782.72	86.0
800.4	86.0
813.12	86.0
823.4	86.0
830.28	86.0
853.88	86.0
881.64	86.0
922.48	86.0
935.68	86.0
955.96	86.0
965.32	86.0
1003.52	86.0
1076.0	86.0
1111.84	86.0
1119.2	86.0
1135.36	86.0
1168.4	86.0
1216.52	86.0
1271.24	86.0
1299.48	86.0
1335.84	86.0
1343.84	86.0
1355.52	86.0
1365.52	86.0
308.84	86.0
314.92	86.0
321.8	86.0
340.44	86.0
360.44	86.0
803.16	86.0
847.56	86.0
867.28	86.0
905.0	86.0
176.44	87.0
307.76	87.0
311.08	87.0
315.28	87.0
325.04	87.0
340.68	87.0
346.4	87.0
774.92	87.0
792.04	87.0
843.12	87.0
896.44	87.0
905.92	87.0
934.0	87.0
1335.68	87.0
1367.44	87.0
385.84	88.0
771.44	88.0
1035.36	88.0
48.64	88.0
94.76	88.0
122.8	88.0
169.28	88.0
193.68	88.0
307.12	88.0
313.48	88.0
320.64	88.0
335.16	88.0
401.96	88.0
443.56	88.0
466.16	88.0
681.84	88.0
805.52	88.0
851.72	88.0
865.8	88.0
881.44	88.0
898.52	88.0
929.84	88.0
971.68	88.0
1280.96	88.0
1365.72	88.0
380.0	89.0
1340.32	89.0
299.08	89.0
325.0	89.0
329.96	89.0
339.24	89.0
345.92	89.0
407.0	89.0
452.6	89.0
648.16	89.0
679.88	89.0
800.4	89.0
825.48	89.0
933.12	89.0
942.68	89.0
976.4	89.0
1084.0	89.0
1229.12	89.0
309.44	90.0
320.04	90.0
324.6	90.0
345.68	90.0
445.76	90.0
479.8	90.0
538.16	90.0
618.28	90.0
671.0	90.0
698.24	90.0
724.56	90.0
800.12	90.0
883.6	90.0
899.12	90.0
1228.8	90.0
1249.52	90.0
1267.16	90.0
1339.36	90.0
1347.68	90.0
1363.56	90.0
1369.4	90.0
798.92	91.0
310.96	92.0
327.72	92.0
368.6	92.0
1273.44	92.0
1365.68	92.0
101.16	92.0
170.76	92.0
252.24	92.0
306.56	92.0
314.12	92.0
330.92	92.0
410.32	92.0
615.16	92.0
623.84	92.0
628.76	92.0
633.48	92.0
726.08	92.0
741.48	92.0
777.84	92.0
851.84	92.0
867.92	92.0
967.4	92.0
1080.8	92.0
1206.76	92.0
1309.08	92.0
1341.24	92.0
1369.88	92.0
322.8	93.0
982.44	93.0
308.64	93.0
725.16	94.0
1015.04	94.0
1352.24	94.0
311.12	94.0
319.8	94.0
360.24	94.0
838.08	94.0
1302.68	94.0
1325.36	94.0
1337.32	94.0
1348.52	94.0
102.24	95.0
687.68	95.0
782.6	95.0
1117.44	95.0
589.68	96.0
624.2	96.0
37.6	97.0
149.8	97.0
198.64	97.0
796.52	97.0
840.6	97.0
863.04	97.0
976.52	97.0
1138.32	97.0
1362.0	97.0
302.44	97.0
317.68	97.0
327.0	97.0
352.72	97.0
355.24	97.0
850.32	97.0
938.04	97.0
1013.96	97.0
355.32	98.0
1041.68	98.0
1210.16	98.0
1268.68	98.0
425.12	98.0
93.88	99.0
48.04	99.0
188.68	99.0
302.48	99.0
311.76	99.0
319.72	99.0
329.16	99.0
338.0	99.0
765.56	99.0
843.2	99.0
866.36	99.0
891.96	99.0
1088.28	99.0
1366.12	99.0
139.4	100.0
311.2	100.0
324.12	100.0
470.84	100.0
564.28	100.0
655.28	100.0
724.08	100.0
840.4	100.0
852.6	100.0
963.44	100.0
1056.84	100.0
1099.8	100.0
1181.56	100.0
1218.92	100.0
1266.88	100.0
1299.92	100.0
360.48	101.0
386.0	101.0
360.68	102.0
480.92	102.0
308.92	102.0
311.84	102.0
328.52	102.0
308.52	103.0
366.04	103.0
770.44	103.0
366.0	104.0
175.68	104.0
291.2	104.0
302.48	104.0
308.24	104.0
313.68	104.0
319.32	104.0
325.0	104.0
331.4	104.0
342.52	104.0
358.52	104.0
408.0	104.0
487.32	104.0
821.4	104.0
870.36	104.0
910.52	104.0
1169.92	104.0
1275.48	104.0
1302.68	104.0
1357.16	104.0
347.36	106.0
355.48	106.0
491.04	106.0
1358.96	106.0
148.48	107.0
313.24	107.0
330.6	107.0
336.72	107.0
375.96	107.0
481.44	107.0
562.36	107.0
711.68	107.0
735.32	107.0
754.68	107.0
785.96	107.0
826.04	107.0
840.88	107.0
898.88	107.0
942.48	107.0
1063.72	107.0
1089.04	107.0
1271.56	107.0
1301.2	107.0
326.28	108.0
740.68	108.0
147.56	108.0
311.64	108.0
380.4	108.0
481.6	108.0
663.24	108.0
784.48	108.0
865.8	108.0
1060.76	108.0
1104.36	108.0
1249.92	108.0
1269.16	108.0
1303.56	108.0
1333.4	108.0
100.64	109.0
171.68	109.0
385.44	109.0
579.52	109.0
618.04	109.0
647.56	109.0
697.96	109.0
1058.48	109.0
739.88	109.0
310.44	110.0
322.36	110.0
373.6	110.0
302.48	111.0
309.32	111.0
19.84	111.0
24.2	111.0
101.4	111.0
138.88	111.0
214.88	111.0
322.16	111.0
328.28	111.0
338.6	111.0
373.44	111.0
393.6	111.0
403.92	111.0
419.28	111.0
793.72	111.0
798.04	111.0
857.12	111.0
874.0	111.0
885.76	111.0
903.04	111.0
930.28	111.0
979.0	111.0
1007.56	111.0
1194.48	111.0
1317.8	111.0
1333.84	111.0
1341.68	111.0
1369.32	111.0
99.36	112.0
335.56	112.0
373.04	112.0
585.16	112.0
600.64	112.0
725.04	112.0
781.12	112.0
870.32	112.0
1122.28	112.0
1166.48	112.0
302.52	113.0
316.0	113.0
436.48	113.0
314.84	114.0
780.92	114.0
393.72	115.0
564.12	115.0
668.8	115.0
680.36	115.0
857.36	115.0
61.4	115.0
372.88	115.0
717.92	115.0
816.6	115.0
830.16	115.0
834.92	115.0
310.44	116.0
735.8	116.0
867.52	116.0
157.96	116.0
202.92	116.0
313.44	116.0
316.44	116.0
325.16	116.0
330.72	116.0
336.52	116.0
358.72	116.0
425.92	116.0
473.72	116.0
513.44	116.0
624.6	116.0
677.56	116.0
703.88	116.0
728.48	116.0
799.48	116.0
830.96	116.0
851.0	116.0
906.36	116.0
938.24	116.0
966.52	116.0
1059.92	116.0
1089.52	116.0
1103.08	116.0
1154.2	116.0
1186.0	116.0
1223.04	116.0
1272.0	116.0
1299.72	116.0
1303.12	116.0
1306.76	116.0
1312.92	116.0
315.28	117.0
306.76	117.0
309.8	117.0
335.52	117.0
385.64	117.0
810.36	117.0
874.32	117.0
302.48	118.0
75.16	118.0
310.8	118.0
318.28	118.0
326.16	118.0
343.2	118.0
885.16	118.0
310.88	119.0
295.56	119.0
317.68	119.0
342.68	119.0
1157.28	119.0
1338.44	119.0
150.52	120.0
323.76	120.0
436.12	120.0
489.44	120.0
622.08	120.0
711.08	120.0
754.04	120.0
839.16	120.0
869.8	120.0
1156.12	120.0
1295.36	120.0
1340.8	120.0
