345.36	84.0
302.68	84.0
313.48	84.0
323.32	84.0
337.48	84.0
356.96	84.0
378.84	84.0
292.88	85.0
302.92	85.0
315.88	85.0
323.08	85.0
12.84	86.0
113.52	86.0
295.24	86.0
312.44	86.0
327.92	86.0
343.32	86.0
347.88	86.0
365.16	86.0
371.8	86.0
381.64	86.0
391.8	86.0
400.12	86.0
407.0	86.0
417.0	86.0
467.76	86.0
279.0	86.0
315.8	86.0
321.92	86.0
337.32	86.0
350.92	86.0
359.8	86.0
395.92	86.0
362.96	87.0
315.04	87.0
318.84	87.0
321.72	87.0
333.04	87.0
343.6	87.0
348.88	87.0
357.88	87.0
370.4	87.0
382.36	87.0
48.44	88.0
286.24	88.0
342.72	88.0
478.0	88.0
589.16	88.0
623.44	88.0
705.96	88.0
110.92	88.0
174.48	88.0
299.8	88.0
302.92	88.0
321.6	88.0
327.64	88.0
352.16	88.0
427.96	88.0
447.16	88.0
501.48	88.0
528.68	88.0
559.16	88.0
594.2	88.0
143.44	89.0
302.92	89.0
310.04	89.0
196.6	89.0
296.04	89.0
328.16	89.0
341.76	89.0
357.52	89.0
362.96	89.0
437.48	89.0
465.28	89.0
535.24	89.0
105.0	90.0
146.48	90.0
196.32	90.0
287.52	90.0
295.72	90.0
314.8	90.0
327.76	90.0
331.8	90.0
341.44	90.0
347.36	90.0
352.56	90.0
373.92	90.0
464.92	90.0
477.76	90.0
534.96	90.0
323.08	92.0
357.76	92.0
406.12	92.0
21.52	92.0
57.48	92.0
96.12	92.0
133.92	92.0
177.64	92.0
281.4	92.0
289.28	92.0
302.44	92.0
336.8	92.0
341.96	92.0
371.0	92.0
378.24	92.0
392.44	92.0
430.32	92.0
514.76	92.0
534.96	92.0
538.68	92.0
560.12	92.0
628.12	92.0
262.04	93.0
302.48	93.0
302.68	94.0
315.84	94.0
371.2	94.0
407.64	94.0
424.28	94.0
449.12	94.0
481.32	94.0
59.8	95.0
347.36	95.0
327.76	96.0
302.44	97.0
323.92	97.0
352.56	97.0
287.76	99.0
302.44	99.0
314.72	99.0
320.68	99.0
327.44	99.0
334.84	99.0
341.04	99.0
354.32	99.0
362.4	99.0
409.92	99.0
294.56	100.0
317.24	100.0
486.88	100.0
739.32	100.0
795.08	100.0
322.92	101.0
352.12	101.0
367.92	101.0
309.0	102.0
311.96	102.0
480.52	102.0
380.08	103.0
318.56	103.0
302.56	104.0
313.8	104.0
319.4	104.0
326.6	104.0
333.16	104.0
340.88	104.0
350.68	104.0
357.6	104.0
368.24	104.0
394.84	104.0
420.84	104.0
450.84	104.0
557.6	104.0
469.16	106.0
454.56	107.0
302.48	107.0
318.12	107.0
320.84	107.0
345.36	107.0
291.12	108.0
312.32	108.0
325.08	108.0
343.08	108.0
362.12	108.0
369.04	108.0
395.88	108.0
433.84	108.0
466.92	108.0
500.72	108.0
589.72	108.0
287.24	109.0
318.44	109.0
324.08	109.0
327.32	109.0
335.64	109.0
342.16	109.0
373.56	109.0
394.96	109.0
481.16	109.0
310.52	110.0
324.4	110.0
592.68	110.0
362.2	110.0
1039.56	110.0
1147.76	110.0
302.92	111.0
8.84	111.0
12.0	111.0
86.48	111.0
255.8	111.0
287.36	111.0
311.36	111.0
317.0	111.0
319.84	111.0
324.6	111.0
327.56	111.0
330.16	111.0
337.36	111.0
341.32	111.0
344.6	111.0
347.12	111.0
359.12	111.0
368.24	111.0
380.08	111.0
390.16	111.0
393.32	111.0
398.2	111.0
407.04	111.0
421.4	111.0
426.48	111.0
721.6	111.0
316.72	112.0
408.4	112.0
357.28	113.0
314.72	114.0
319.08	115.0
362.0	115.0
553.6	115.0
8.56	115.0
225.12	115.0
310.64	115.0
342.4	115.0
352.96	115.0
427.48	115.0
490.92	115.0
519.76	115.0
310.48	116.0
315.2	116.0
368.52	116.0
167.76	116.0
178.56	116.0
200.08	116.0
220.76	116.0
248.8	116.0
292.8	116.0
297.36	116.0
318.44	116.0
320.96	116.0
324.96	116.0
328.8	116.0
331.36	116.0
342.16	116.0
352.84	116.0
358.76	116.0
361.4	116.0
414.2	116.0
489.76	116.0
605.36	116.0
341.28	117.0
368.8	117.0
310.24	117.0
319.16	117.0
327.92	117.0
347.36	117.0
353.16	117.0
299.88	118.0
302.52	118.0
311.04	118.0
48.2	118.0
320.88	118.0
324.76	118.0
334.2	118.0
338.08	118.0
353.6	118.0
372.8	118.0
382.6	118.0
405.68	118.0
423.88	118.0
432.12	118.0
458.92	118.0
497.08	118.0
533.32	118.0
586.76	118.0
622.16	118.0
703.32	118.0
9.64	119.0
118.6	119.0
302.8	119.0
476.88	119.0
504.72	119.0
608.88	119.0
314.08	120.0
345.44	120.0
621.64	120.0
