312.92	84.0
302.6	84.0
318.44	84.0
335.76	84.0
322.72	85.0
349.04	85.0
231.88	86.0
256.68	86.0
272.72	86.0
288.04	86.0
311.0	86.0
317.84	86.0
320.4	86.0
323.4	86.0
337.6	86.0
340.84	86.0
348.8	86.0
353.72	86.0
378.8	86.0
390.32	86.0
411.12	86.0
424.44	86.0
443.76	86.0
451.48	86.0
538.92	86.0
1037.52	86.0
1046.04	86.0
1061.6	86.0
1065.32	86.0
1081.84	86.0
1088.72	86.0
1101.48	86.0
1109.68	86.0
1121.8	86.0
1135.32	86.0
1165.32	86.0
1179.6	86.0
1185.0	86.0
1218.56	86.0
1231.76	86.0
1254.4	86.0
1264.44	86.0
1338.08	86.0
1356.8	86.0
313.88	86.0
330.28	86.0
400.76	86.0
318.52	87.0
340.76	87.0
344.12	87.0
1028.24	87.0
1063.68	87.0
1085.32	87.0
39.08	87.0
261.48	87.0
273.76	87.0
288.56	87.0
311.4	87.0
314.44	87.0
321.56	87.0
325.32	87.0
329.24	87.0
333.84	87.0
351.04	87.0
360.44	87.0
371.84	87.0
383.36	87.0
474.28	87.0
1058.24	87.0
1071.88	87.0
1096.2	87.0
1163.0	87.0
1215.52	87.0
203.64	88.0
449.16	88.0
1041.04	88.0
1297.88	88.0
176.8	88.0
214.76	88.0
227.8	88.0
253.72	88.0
285.12	88.0
302.88	88.0
315.96	88.0
318.48	88.0
348.12	88.0
350.8	88.0
380.24	88.0
405.72	88.0
493.72	88.0
497.2	88.0
605.84	88.0
664.52	88.0
1057.08	88.0
1086.32	88.0
1151.4	88.0
1155.6	88.0
1334.4	88.0
302.64	89.0
1097.64	89.0
137.92	89.0
238.04	89.0
356.36	89.0
364.84	89.0
1029.52	89.0
1060.32	89.0
1090.96	89.0
1200.84	89.0
177.4	90.0
218.24	90.0
237.8	90.0
255.36	90.0
302.48	90.0
309.6	90.0
326.88	90.0
356.04	90.0
364.56	90.0
381.4	90.0
393.04	90.0
1060.0	90.0
1099.56	90.0
1109.44	90.0
1115.6	90.0
321.36	91.0
177.88	92.0
195.8	92.0
216.36	92.0
230.12	92.0
355.36	92.0
1028.88	92.0
1045.36	92.0
1062.28	92.0
1100.0	92.0
1199.32	92.0
164.12	92.0
310.04	92.0
315.24	92.0
340.16	92.0
348.08	92.0
380.76	92.0
397.0	92.0
415.64	92.0
433.88	92.0
454.76	92.0
664.48	92.0
1033.08	92.0
1058.16	92.0
1079.76	92.0
1110.88	92.0
1120.12	92.0
1131.96	92.0
1136.8	92.0
1143.72	92.0
1154.32	92.0
1159.76	92.0
1186.2	92.0
1203.56	92.0
1222.24	92.0
1228.92	92.0
1267.8	92.0
1282.8	92.0
1325.52	92.0
1360.28	92.0
409.2	93.0
595.24	93.0
653.56	93.0
1186.96	93.0
1328.52	93.0
313.16	94.0
320.04	94.0
341.16	94.0
389.84	94.0
461.6	94.0
1144.56	94.0
1180.96	94.0
266.2	95.0
302.44	95.0
431.68	95.0
506.24	95.0
562.36	95.0
1105.0	95.0
1141.92	95.0
1228.84	95.0
1318.16	95.0
327.4	97.0
365.08	97.0
410.6	97.0
1240.88	97.0
355.0	98.0
313.4	98.0
223.72	99.0
258.44	99.0
302.48	99.0
311.56	99.0
316.12	99.0
322.72	99.0
328.6	99.0
1069.36	99.0
1104.24	99.0
1134.32	99.0
1193.12	99.0
252.28	100.0
326.88	100.0
517.44	100.0
248.0	102.0
309.0	102.0
311.68	102.0
258.2	104.0
281.24	104.0
290.52	104.0
302.56	104.0
312.4	104.0
317.68	104.0
330.44	104.0
338.68	104.0
366.24	104.0
378.36	104.0
432.0	104.0
473.76	104.0
479.32	104.0
544.88	104.0
1063.12	104.0
1093.16	104.0
1116.92	104.0
1183.8	104.0
1205.12	104.0
406.44	106.0
560.56	106.0
1297.08	106.0
313.12	107.0
355.68	107.0
228.68	107.0
286.84	107.0
309.28	107.0
319.04	107.0
325.32	107.0
340.12	107.0
1061.48	107.0
1083.04	107.0
1268.08	107.0
344.52	108.0
250.32	108.0
319.88	108.0
359.24	108.0
1108.2	108.0
1123.04	108.0
1137.6	108.0
1265.56	108.0
1030.76	109.0
1083.88	109.0
1200.32	109.0
1136.24	109.0
310.52	110.0
325.84	110.0
357.16	110.0
267.88	111.0
1099.44	111.0
1178.24	111.0
193.2	111.0
222.72	111.0
238.92	111.0
258.76	111.0
315.08	111.0
321.16	111.0
327.08	111.0
336.76	111.0
343.84	111.0
347.28	111.0
378.92	111.0
392.64	111.0
396.44	111.0
412.32	111.0
429.24	111.0
451.68	111.0
467.72	111.0
488.08	111.0
517.32	111.0
543.8	111.0
600.04	111.0
1050.36	111.0
1066.16	111.0
1082.04	111.0
1106.04	111.0
1118.32	111.0
1126.16	111.0
1132.92	111.0
1161.44	111.0
1187.32	111.0
1201.92	111.0
1222.24	111.0
1230.84	111.0
1252.32	111.0
1281.84	111.0
1323.2	111.0
1363.32	111.0
321.2	112.0
340.08	112.0
343.4	112.0
363.0	112.0
418.0	112.0
454.52	112.0
575.16	112.0
1227.0	112.0
1258.84	112.0
321.56	113.0
315.24	114.0
318.44	114.0
322.12	114.0
225.48	115.0
1076.84	115.0
199.88	115.0
228.12	115.0
321.4	115.0
436.96	115.0
481.2	115.0
517.32	115.0
552.44	115.0
674.52	115.0
1100.72	115.0
1140.84	115.0
1273.92	115.0
310.48	116.0
426.6	116.0
184.96	116.0
192.88	116.0
211.92	116.0
221.92	116.0
232.28	116.0
245.88	116.0
254.04	116.0
257.0	116.0
268.52	116.0
276.32	116.0
286.12	116.0
313.0	116.0
317.24	116.0
321.16	116.0
325.12	116.0
330.4	116.0
338.16	116.0
341.96	116.0
346.84	116.0
352.4	116.0
365.04	116.0
392.16	116.0
395.36	116.0
448.2	116.0
452.12	116.0
1069.48	116.0
1085.2	116.0
1109.36	116.0
1114.92	116.0
1153.36	116.0
1208.52	116.0
1212.04	116.0
1216.56	116.0
1327.88	116.0
1338.36	116.0
267.92	117.0
313.28	117.0
429.56	117.0
1099.52	117.0
1178.4	117.0
302.48	118.0
1080.24	118.0
223.68	118.0
234.52	118.0
252.16	118.0
278.72	118.0
309.08	118.0
314.32	118.0
318.12	118.0
330.64	118.0
336.64	118.0
339.16	118.0
351.76	118.0
378.72	118.0
402.4	118.0
423.2	118.0
429.16	118.0
465.4	118.0
505.12	118.0
546.2	118.0
1055.84	118.0
1071.64	118.0
1089.96	118.0
1120.48	118.0
1132.16	118.0
1167.36	118.0
1197.8	118.0
1281.16	118.0
1358.84	118.0
1082.48	119.0
272.92	120.0
313.96	120.0
323.76	120.0
380.08	120.0
1188.68	120.0
