364.36	84.0
409.08	84.0
316.96	84.0
324.76	84.0
342.44	84.0
359.84	84.0
327.84	85.0
342.68	85.0
363.32	85.0
18.24	86.0
27.48	86.0
48.08	86.0
59.04	86.0
68.2	86.0
90.84	86.0
118.24	86.0
122.6	86.0
134.4	86.0
157.16	86.0
177.32	86.0
197.56	86.0
250.28	86.0
315.68	86.0
320.72	86.0
344.72	86.0
359.28	86.0
370.64	86.0
386.24	86.0
393.32	86.0
399.72	86.0
417.84	86.0
456.28	86.0
478.08	86.0
523.36	86.0
575.12	86.0
621.64	86.0
662.04	86.0
815.8	86.0
859.2	86.0
14.36	86.0
311.96	86.0
328.4	86.0
339.76	86.0
348.08	86.0
354.4	86.0
363.6	86.0
374.56	86.0
409.52	86.0
32.24	87.0
310.76	87.0
317.2	87.0
327.08	87.0
330.96	87.0
334.52	87.0
339.84	87.0
343.0	87.0
347.92	87.0
353.12	87.0
358.52	87.0
363.92	87.0
373.16	87.0
382.12	87.0
388.04	87.0
403.8	87.0
421.84	87.0
546.36	87.0
574.68	87.0
595.24	87.0
622.68	87.0
703.8	87.0
175.72	88.0
334.16	88.0
346.4	88.0
351.76	88.0
359.64	88.0
463.96	88.0
466.48	88.0
611.44	88.0
20.24	88.0
23.04	88.0
49.36	88.0
92.96	88.0
192.76	88.0
302.48	88.0
312.16	88.0
328.12	88.0
387.0	88.0
393.84	88.0
404.56	88.0
544.0	88.0
790.88	88.0
318.32	89.0
327.52	89.0
331.32	89.0
338.12	89.0
347.28	89.0
351.2	89.0
370.24	89.0
401.52	89.0
420.48	89.0
616.92	89.0
631.4	89.0
335.28	90.0
348.28	90.0
302.8	90.0
309.44	90.0
318.0	90.0
327.16	90.0
331.0	90.0
355.08	90.0
359.48	90.0
363.52	90.0
369.92	90.0
381.04	90.0
467.24	90.0
608.28	90.0
314.16	91.0
318.24	91.0
324.08	91.0
347.8	91.0
360.76	91.0
50.72	92.0
255.96	92.0
328.08	92.0
360.2	92.0
379.52	92.0
399.12	92.0
425.8	92.0
472.84	92.0
496.48	92.0
517.12	92.0
550.68	92.0
598.36	92.0
615.8	92.0
637.72	92.0
659.64	92.0
690.72	92.0
747.24	92.0
779.6	92.0
783.36	92.0
916.16	92.0
54.64	92.0
259.8	92.0
292.08	92.0
310.36	92.0
313.52	92.0
316.52	92.0
330.96	92.0
341.56	92.0
344.96	92.0
348.04	92.0
354.84	92.0
367.16	92.0
370.32	92.0
391.4	92.0
403.64	92.0
466.12	92.0
481.64	92.0
500.64	92.0
620.24	92.0
642.48	92.0
670.8	92.0
696.44	92.0
724.36	92.0
826.4	92.0
217.8	93.0
314.96	93.0
339.84	93.0
363.84	93.0
579.68	93.0
754.4	93.0
824.84	93.0
302.48	93.0
360.6	93.0
416.08	93.0
418.76	94.0
733.72	94.0
313.56	94.0
331.32	94.0
333.92	94.0
343.16	94.0
355.4	94.0
381.0	94.0
395.28	94.0
408.92	94.0
429.56	94.0
450.28	94.0
559.52	94.0
604.6	94.0
648.48	94.0
704.64	94.0
318.12	95.0
70.0	95.0
131.08	95.0
302.44	95.0
330.44	95.0
336.92	95.0
346.16	95.0
365.56	95.0
583.64	95.0
705.32	95.0
799.44	95.0
314.32	96.0
318.0	97.0
344.76	97.0
366.52	97.0
490.32	97.0
529.24	97.0
532.16	97.0
641.68	97.0
666.24	97.0
312.44	98.0
162.2	99.0
302.48	99.0
312.56	99.0
316.92	99.0
326.08	99.0
333.08	99.0
337.64	99.0
344.72	99.0
351.16	99.0
359.4	99.0
377.6	99.0
453.92	99.0
551.72	99.0
191.28	100.0
316.8	100.0
334.4	100.0
340.2	100.0
351.8	100.0
584.04	100.0
732.24	100.0
884.16	100.0
346.32	101.0
335.16	101.0
360.08	101.0
379.4	101.0
397.56	101.0
31.44	102.0
311.84	102.0
517.12	102.0
328.4	103.0
351.96	103.0
360.48	103.0
392.72	104.0
415.92	104.0
440.72	104.0
177.12	104.0
302.64	104.0
312.88	104.0
317.88	104.0
324.96	104.0
330.08	104.0
334.68	104.0
340.08	104.0
351.64	104.0
358.6	104.0
364.96	104.0
371.96	104.0
378.76	104.0
386.56	104.0
395.36	104.0
425.24	104.0
433.28	104.0
447.4	104.0
461.16	104.0
471.68	104.0
489.52	104.0
508.32	104.0
560.4	104.0
606.4	104.0
622.04	104.0
635.44	104.0
667.64	104.0
703.52	104.0
752.08	104.0
788.32	104.0
332.28	105.0
297.96	106.0
310.84	106.0
329.28	106.0
333.16	106.0
377.84	106.0
382.36	106.0
424.64	106.0
488.76	106.0
617.2	106.0
315.96	107.0
175.96	107.0
319.96	107.0
326.84	107.0
342.92	107.0
348.08	107.0
353.56	107.0
356.08	107.0
380.04	107.0
393.8	107.0
399.36	107.0
327.76	108.0
311.32	108.0
339.76	108.0
352.6	108.0
366.16	108.0
377.04	108.0
393.48	108.0
428.92	108.0
484.28	108.0
337.48	109.0
350.52	109.0
393.24	109.0
400.92	109.0
412.56	109.0
379.68	109.0
310.48	110.0
334.6	110.0
582.32	110.0
319.16	110.0
374.68	110.0
399.8	110.0
501.32	110.0
302.96	111.0
320.76	111.0
350.88	111.0
707.12	111.0
39.36	111.0
180.36	111.0
313.04	111.0
328.32	111.0
332.96	111.0
338.08	111.0
340.96	111.0
344.68	111.0
359.32	111.0
363.16	111.0
374.24	111.0
377.52	111.0
380.68	111.0
393.08	111.0
402.04	111.0
408.48	111.0
431.68	111.0
435.12	111.0
450.0	111.0
462.24	111.0
479.96	111.0
500.88	111.0
519.48	111.0
535.04	111.0
548.28	111.0
564.6	111.0
582.44	111.0
595.08	111.0
617.88	111.0
634.52	111.0
657.68	111.0
671.76	111.0
694.64	111.0
711.0	111.0
731.84	111.0
746.16	111.0
782.68	111.0
55.0	112.0
317.48	112.0
351.4	112.0
363.6	112.0
431.52	112.0
315.44	113.0
319.08	113.0
325.76	113.0
338.6	113.0
348.64	113.0
363.64	113.0
387.4	113.0
314.24	114.0
326.96	114.0
338.2	114.0
340.88	114.0
351.4	114.0
359.64	114.0
376.4	114.0
390.96	114.0
329.6	114.0
575.68	114.0
374.64	115.0
387.68	115.0
620.56	115.0
38.52	115.0
67.96	115.0
101.2	115.0
138.4	115.0
195.24	115.0
319.36	115.0
346.88	115.0
431.44	115.0
480.84	115.0
535.44	115.0
555.32	115.0
609.48	115.0
677.24	115.0
700.4	115.0
310.44	116.0
340.52	116.0
398.56	116.0
54.6	116.0
111.24	116.0
242.04	116.0
256.44	116.0
278.48	116.0
314.0	116.0
318.4	116.0
327.92	116.0
334.48	116.0
337.92	116.0
350.72	116.0
353.68	116.0
360.2	116.0
368.48	116.0
374.28	116.0
379.48	116.0
387.8	116.0
393.16	116.0
411.44	116.0
421.28	116.0
629.2	116.0
699.84	116.0
720.48	116.0
788.96	116.0
334.6	117.0
347.64	117.0
374.08	117.0
402.84	117.0
448.16	117.0
328.16	117.0
350.68	117.0
387.32	117.0
478.28	117.0
707.12	117.0
302.44	118.0
334.56	118.0
32.76	118.0
59.28	118.0
151.24	118.0
293.28	118.0
313.88	118.0
319.24	118.0
328.52	118.0
331.04	118.0
341.44	118.0
346.4	118.0
355.4	118.0
370.24	118.0
378.48	118.0
387.84	118.0
418.68	118.0
324.6	119.0
377.56	119.0
388.32	119.0
150.68	120.0
332.28	120.0
363.12	120.0
371.8	120.0
398.76	120.0
407.88	120.0
477.8	120.0
531.6	120.0
604.32	120.0
608.84	120.0
642.44	120.0
765.72	120.0
896.6	120.0
960.56	120.0
