302.68	84.0
318.96	84.0
321.68	84.0
17.8	86.0
24.56	86.0
43.4	86.0
50.68	86.0
60.16	86.0
68.2	86.0
84.48	86.0
87.32	86.0
92.84	86.0
102.6	86.0
111.76	86.0
115.84	86.0
121.68	86.0
132.68	86.0
137.4	86.0
146.68	86.0
152.96	86.0
161.84	86.0
166.44	86.0
169.28	86.0
176.24	86.0
185.88	86.0
194.8	86.0
203.92	86.0
212.24	86.0
219.96	86.0
227.64	86.0
234.28	86.0
266.72	86.0
273.88	86.0
313.4	86.0
316.04	86.0
328.24	86.0
335.24	86.0
355.28	86.0
366.52	86.0
388.96	86.0
412.84	86.0
473.64	86.0
1355.68	86.0
190.36	86.0
321.68	86.0
136.24	87.0
155.44	87.0
311.56	87.0
314.44	87.0
318.08	87.0
321.28	87.0
325.56	87.0
330.52	87.0
344.0	87.0
1363.64	87.0
118.28	88.0
151.32	88.0
163.84	88.0
220.08	88.0
253.84	88.0
97.48	88.0
141.92	88.0
174.16	88.0
182.72	88.0
208.12	88.0
229.32	88.0
256.8	88.0
302.84	88.0
383.8	88.0
1334.6	88.0
1346.84	88.0
102.36	89.0
549.2	89.0
1352.76	89.0
160.28	89.0
204.0	89.0
313.52	89.0
437.92	89.0
1342.4	89.0
326.12	90.0
25.24	90.0
119.2	90.0
138.8	90.0
153.28	90.0
160.0	90.0
178.68	90.0
188.2	90.0
197.08	90.0
203.68	90.0
302.44	90.0
334.12	90.0
347.8	90.0
357.28	90.0
388.88	90.0
437.64	90.0
512.16	90.0
1354.56	90.0
129.84	91.0
140.0	91.0
172.64	91.0
405.72	91.0
40.04	92.0
122.84	92.0
140.52	92.0
146.64	92.0
157.84	92.0
185.32	92.0
195.16	92.0
224.68	92.0
282.16	92.0
314.64	92.0
324.84	92.0
346.88	92.0
379.0	92.0
1355.76	92.0
42.96	92.0
62.76	92.0
94.0	92.0
102.72	92.0
112.84	92.0
144.12	92.0
206.68	92.0
335.08	92.0
361.32	92.0
382.6	92.0
1305.56	92.0
1345.32	92.0
110.76	93.0
211.68	93.0
332.84	94.0
139.32	94.0
171.92	94.0
211.08	94.0
239.08	94.0
323.52	94.0
447.8	94.0
302.44	95.0
140.88	96.0
59.4	97.0
138.92	97.0
189.28	97.0
240.24	97.0
125.2	97.0
107.76	99.0
127.68	99.0
146.32	99.0
169.04	99.0
185.56	99.0
222.2	99.0
225.36	99.0
302.48	99.0
313.36	99.0
318.68	99.0
326.28	99.0
335.48	99.0
140.92	100.0
320.12	101.0
320.24	102.0
123.04	102.0
311.88	102.0
114.8	103.0
200.92	103.0
323.12	103.0
105.84	104.0
115.68	104.0
143.16	104.0
163.72	104.0
183.92	104.0
207.88	104.0
302.68	104.0
313.64	104.0
318.56	104.0
326.48	104.0
333.44	104.0
385.84	104.0
139.2	106.0
407.68	106.0
58.08	107.0
86.96	107.0
138.16	107.0
171.24	107.0
228.84	107.0
181.12	108.0
192.92	108.0
205.88	108.0
228.24	108.0
247.16	108.0
296.08	108.0
312.32	108.0
325.84	108.0
369.52	108.0
25.0	109.0
58.84	109.0
1354.32	109.0
310.48	110.0
313.32	110.0
334.24	110.0
393.68	110.0
162.84	110.0
322.76	110.0
140.72	111.0
302.92	111.0
313.68	111.0
103.76	111.0
106.36	111.0
130.28	111.0
135.56	111.0
143.6	111.0
188.84	111.0
192.36	111.0
200.88	111.0
210.56	111.0
222.88	111.0
234.12	111.0
322.76	111.0
327.44	111.0
340.24	111.0
358.92	111.0
391.84	111.0
415.28	111.0
89.92	112.0
112.52	112.0
120.92	112.0
164.44	112.0
178.72	112.0
137.96	114.0
257.6	114.0
137.28	115.0
47.44	115.0
89.92	115.0
143.28	115.0
163.08	115.0
207.76	115.0
242.64	115.0
317.48	115.0
338.6	115.0
370.64	115.0
380.12	115.0
391.68	115.0
410.48	115.0
639.72	115.0
1362.8	115.0
25.52	116.0
60.04	116.0
202.12	116.0
310.44	116.0
14.6	116.0
103.0	116.0
111.16	116.0
123.32	116.0
131.52	116.0
137.32	116.0
143.08	116.0
152.52	116.0
169.16	116.0
173.04	116.0
177.16	116.0
270.44	116.0
315.96	116.0
322.64	116.0
327.16	116.0
333.52	116.0
344.6	116.0
347.92	116.0
359.36	116.0
370.64	116.0
1344.24	116.0
1350.2	116.0
1358.36	116.0
302.76	117.0
313.72	117.0
109.72	118.0
302.48	118.0
322.08	118.0
114.96	118.0
127.32	118.0
145.68	118.0
169.68	118.0
179.36	118.0
191.04	118.0
216.36	118.0
229.04	118.0
311.56	118.0
319.32	118.0
324.76	118.0
330.36	118.0
335.0	118.0
369.96	118.0
431.88	118.0
266.88	119.0
19.96	120.0
120.16	120.0
140.32	120.0
169.68	120.0
328.24	120.0
337.32	120.0
1354.2	120.0
