302.88	84.0
306.16	84.0
1290.48	84.0
48.64	85.0
93.48	85.0
229.96	85.0
263.12	85.0
437.76	85.0
1155.24	85.0
1296.08	85.0
1406.52	85.0
1448.04	85.0
5.76	86.0
8.52	86.0
20.96	86.0
25.32	86.0
44.76	86.0
54.84	86.0
87.08	86.0
93.08	86.0
204.76	86.0
226.12	86.0
277.96	86.0
308.48	86.0
321.84	86.0
329.52	86.0
332.32	86.0
335.68	86.0
341.56	86.0
350.16	86.0
367.64	86.0
379.96	86.0
453.8	86.0
1005.64	86.0
1012.96	86.0
1022.92	86.0
1042.76	86.0
1054.08	86.0
1064.32	86.0
1076.36	86.0
1081.16	86.0
1098.92	86.0
1109.16	86.0
1119.92	86.0
1133.04	86.0
1141.68	86.0
1149.48	86.0
1169.0	86.0
1181.64	86.0
1206.8	86.0
1234.36	86.0
1247.84	86.0
1258.96	86.0
1281.16	86.0
1290.12	86.0
1295.24	86.0
1302.2	86.0
1318.4	86.0
1341.84	86.0
1353.4	86.0
1362.16	86.0
1372.44	86.0
1400.12	86.0
1412.84	86.0
1428.4	86.0
1442.6	86.0
1454.04	86.0
11.12	86.0
232.52	86.0
240.56	86.0
313.08	86.0
317.88	86.0
324.92	86.0
345.76	86.0
430.36	86.0
434.04	86.0
1268.84	86.0
1312.48	86.0
1327.68	86.0
1350.2	86.0
1357.32	86.0
1403.56	86.0
1406.08	86.0
1418.16	86.0
30.52	87.0
1414.88	87.0
88.2	87.0
226.84	87.0
311.84	87.0
315.72	87.0
319.28	87.0
325.64	87.0
330.24	87.0
334.32	87.0
340.84	87.0
361.28	87.0
375.48	87.0
1006.92	87.0
1018.12	87.0
1026.52	87.0
1059.92	87.0
1103.48	87.0
1352.52	87.0
1371.64	87.0
11.56	88.0
295.04	88.0
338.8	88.0
394.24	88.0
446.04	88.0
1062.48	88.0
1192.36	88.0
1283.48	88.0
1315.88	88.0
1327.36	88.0
1350.28	88.0
1375.72	88.0
1429.64	88.0
198.48	88.0
232.32	88.0
268.32	88.0
302.64	88.0
317.0	88.0
320.24	88.0
348.48	88.0
509.08	88.0
1018.32	88.0
1042.92	88.0
1208.8	88.0
1354.12	88.0
1379.84	88.0
302.64	89.0
1010.48	89.0
1070.36	89.0
11.84	89.0
337.44	89.0
1005.48	89.0
1033.12	89.0
1101.88	89.0
1336.0	89.0
1376.72	89.0
98.56	90.0
153.96	90.0
237.32	90.0
289.88	90.0
326.36	90.0
337.08	90.0
346.68	90.0
364.44	90.0
367.6	90.0
442.0	90.0
457.48	90.0
991.04	90.0
1012.6	90.0
1049.32	90.0
1101.6	90.0
1117.68	90.0
1142.04	90.0
1212.08	90.0
1229.28	90.0
1245.08	90.0
1266.24	90.0
1335.68	90.0
1345.6	90.0
1349.24	90.0
1437.28	90.0
21.28	91.0
324.88	91.0
1002.32	91.0
274.16	92.0
323.52	92.0
384.88	92.0
990.44	92.0
1008.0	92.0
1017.76	92.0
1041.96	92.0
1082.64	92.0
1104.64	92.0
1123.6	92.0
24.84	92.0
221.48	92.0
227.84	92.0
262.84	92.0
298.56	92.0
309.92	92.0
334.16	92.0
341.68	92.0
349.56	92.0
374.32	92.0
390.12	92.0
570.76	92.0
981.64	92.0
999.36	92.0
1011.2	92.0
1024.92	92.0
1030.84	92.0
1044.8	92.0
1050.12	92.0
1072.64	92.0
1086.76	92.0
1108.2	92.0
1167.96	92.0
1226.72	92.0
1290.52	92.0
1359.32	92.0
1397.32	92.0
1421.28	92.0
1030.16	93.0
1299.76	93.0
228.8	94.0
269.0	94.0
302.6	94.0
1166.92	94.0
17.16	94.0
312.36	94.0
324.16	94.0
1052.28	94.0
1290.48	94.0
84.84	95.0
228.12	95.0
235.52	95.0
328.68	95.0
1131.0	95.0
1448.0	95.0
1001.92	96.0
321.4	97.0
1064.68	97.0
1280.6	97.0
1292.8	97.0
1317.36	97.0
1047.12	97.0
1080.6	97.0
1227.08	97.0
602.6	98.0
396.12	98.0
81.64	99.0
155.64	99.0
217.84	99.0
227.24	99.0
238.6	99.0
247.76	99.0
267.68	99.0
302.44	99.0
307.04	99.0
312.8	99.0
318.52	99.0
325.56	99.0
337.72	99.0
1007.28	99.0
1021.96	99.0
1026.96	99.0
1036.64	99.0
1050.48	99.0
1323.56	99.0
1352.84	99.0
21.12	100.0
153.04	100.0
219.04	100.0
620.28	100.0
1025.12	100.0
1073.28	100.0
1142.2	100.0
321.24	101.0
308.96	102.0
311.76	102.0
321.08	103.0
324.76	103.0
335.16	103.0
100.96	104.0
221.16	104.0
232.2	104.0
251.16	104.0
272.2	104.0
302.68	104.0
308.8	104.0
314.72	104.0
320.68	104.0
327.2	104.0
334.56	104.0
344.76	104.0
357.64	104.0
1025.96	104.0
1042.0	104.0
1083.84	104.0
1133.16	104.0
1191.68	104.0
1272.96	104.0
1291.12	104.0
1294.28	104.0
1318.6	104.0
1345.36	104.0
1349.56	104.0
1363.56	104.0
1413.0	104.0
1437.08	104.0
313.64	106.0
1055.88	106.0
170.04	107.0
176.4	107.0
229.28	107.0
307.36	107.0
316.64	107.0
336.32	107.0
1022.04	107.0
1053.68	107.0
1101.68	107.0
1204.44	107.0
1271.36	107.0
1294.72	107.0
1310.0	107.0
1358.48	107.0
1456.84	107.0
311.12	108.0
17.6	108.0
220.8	108.0
227.08	108.0
248.52	108.0
268.48	108.0
370.32	108.0
1037.08	108.0
1075.08	108.0
1080.56	108.0
1094.08	108.0
1164.76	108.0
1301.24	108.0
1332.76	108.0
1362.08	108.0
153.72	109.0
248.84	109.0
289.68	109.0
333.28	109.0
346.44	109.0
457.28	109.0
990.72	109.0
1266.0	109.0
1009.52	109.0
310.48	110.0
315.48	110.0
385.88	110.0
1035.08	110.0
1421.12	110.0
25.16	110.0
320.84	110.0
333.32	110.0
392.72	110.0
404.12	110.0
1058.84	110.0
1073.24	110.0
1192.88	110.0
1336.2	110.0
1361.24	110.0
97.8	111.0
228.56	111.0
302.92	111.0
324.24	111.0
357.36	111.0
1008.68	111.0
1073.4	111.0
24.36	111.0
75.44	111.0
91.76	111.0
134.76	111.0
188.32	111.0
220.56	111.0
231.2	111.0
272.6	111.0
309.6	111.0
320.96	111.0
328.4	111.0
346.56	111.0
392.64	111.0
441.24	111.0
1035.28	111.0
1047.12	111.0
1058.72	111.0
1084.36	111.0
1108.44	111.0
1120.24	111.0
1269.56	111.0
1292.08	111.0
1313.84	111.0
1321.72	111.0
1327.32	111.0
1357.0	111.0
1361.16	111.0
1402.24	111.0
1437.6	111.0
1453.0	111.0
269.88	112.0
315.64	112.0
330.28	112.0
342.44	112.0
376.92	112.0
422.68	112.0
554.48	112.0
1350.08	112.0
1388.6	112.0
306.44	113.0
311.88	114.0
325.72	114.0
1346.64	114.0
1117.56	114.0
100.84	115.0
254.6	115.0
980.12	115.0
1019.64	115.0
1037.16	115.0
1434.68	115.0
25.4	115.0
189.16	115.0
224.88	115.0
250.52	115.0
310.68	115.0
373.08	115.0
407.84	115.0
435.24	115.0
994.36	115.0
1066.4	115.0
1121.84	115.0
1193.16	115.0
1285.0	115.0
1304.56	115.0
1335.28	115.0
1369.48	115.0
310.72	116.0
314.32	116.0
326.2	116.0
346.44	116.0
1080.76	116.0
1141.68	116.0
1144.64	116.0
1313.72	116.0
1354.68	116.0
16.0	116.0
48.32	116.0
98.28	116.0
220.52	116.0
230.4	116.0
237.8	116.0
320.4	116.0
333.28	116.0
356.56	116.0
435.56	116.0
990.64	116.0
1004.88	116.0
1009.36	116.0
1017.76	116.0
1024.12	116.0
1031.72	116.0
1038.8	116.0
1042.48	116.0
1050.08	116.0
1054.04	116.0
1069.96	116.0
1077.72	116.0
1088.52	116.0
1106.2	116.0
1119.04	116.0
1269.84	116.0
1337.84	116.0
1347.84	116.0
1362.04	116.0
1409.44	116.0
1454.04	116.0
1331.08	117.0
97.88	117.0
228.6	117.0
320.8	117.0
327.16	117.0
333.52	117.0
349.04	117.0
1008.72	117.0
1321.2	117.0
1361.44	117.0
1421.56	117.0
302.56	118.0
277.0	118.0
310.6	118.0
319.8	118.0
326.36	118.0
335.6	118.0
347.24	118.0
1028.6	118.0
1043.96	118.0
1050.68	118.0
1068.84	118.0
1081.48	118.0
1090.4	118.0
1216.2	118.0
1273.92	118.0
1364.92	118.0
25.6	119.0
92.48	119.0
302.44	119.0
1015.04	119.0
1239.72	119.0
552.0	120.0
1264.8	120.0
1378.04	120.0
80.24	120.0
92.16	120.0
218.96	120.0
230.88	120.0
270.64	120.0
566.2	120.0
1021.0	120.0
1095.0	120.0
1297.6	120.0
1344.52	120.0
