302.8	84.0
318.36	84.0
341.92	84.0
770.24	84.0
781.08	84.0
792.2	84.0
829.44	84.0
856.72	84.0
886.8	84.0
989.12	84.0
1313.48	84.0
50.76	85.0
140.48	85.0
182.12	85.0
261.96	85.0
328.28	85.0
439.52	85.0
741.8	85.0
764.4	85.0
800.32	85.0
817.96	85.0
1347.04	85.0
13.36	86.0
31.68	86.0
40.28	86.0
48.2	86.0
76.28	86.0
84.12	86.0
100.2	86.0
118.96	86.0
131.32	86.0
141.12	86.0
187.52	86.0
219.24	86.0
255.0	86.0
308.52	86.0
312.48	86.0
346.04	86.0
394.56	86.0
409.28	86.0
417.04	86.0
727.4	86.0
738.68	86.0
749.48	86.0
758.6	86.0
766.56	86.0
772.76	86.0
801.84	86.0
805.72	86.0
809.4	86.0
823.44	86.0
831.08	86.0
835.8	86.0
845.16	86.0
852.56	86.0
861.36	86.0
878.24	86.0
898.4	86.0
911.36	86.0
928.0	86.0
932.44	86.0
946.72	86.0
957.92	86.0
971.92	86.0
1000.08	86.0
1026.04	86.0
1091.16	86.0
1137.28	86.0
1229.4	86.0
1272.6	86.0
1295.32	86.0
1299.24	86.0
1312.56	86.0
1329.72	86.0
1355.64	86.0
112.44	86.0
121.92	86.0
154.0	86.0
157.44	86.0
173.96	86.0
222.68	86.0
259.76	86.0
289.08	86.0
317.24	86.0
323.6	86.0
335.28	86.0
365.08	86.0
782.12	86.0
794.64	86.0
813.68	86.0
868.32	86.0
886.48	86.0
966.12	86.0
777.04	87.0
56.92	87.0
161.08	87.0
177.76	87.0
196.64	87.0
238.84	87.0
307.72	87.0
311.52	87.0
316.36	87.0
319.4	87.0
324.68	87.0
332.56	87.0
741.76	87.0
758.32	87.0
774.0	87.0
784.68	87.0
792.08	87.0
797.96	87.0
807.72	87.0
821.56	87.0
51.8	88.0
73.64	88.0
193.56	88.0
295.32	88.0
384.04	88.0
773.6	88.0
806.84	88.0
859.08	88.0
895.48	88.0
1037.84	88.0
1075.8	88.0
1327.12	88.0
3.24	88.0
57.6	88.0
78.08	88.0
302.84	88.0
307.8	88.0
332.56	88.0
641.24	88.0
769.88	88.0
776.4	88.0
829.88	88.0
964.8	88.0
967.84	88.0
1008.96	88.0
1141.8	88.0
1229.6	88.0
1256.04	88.0
104.52	89.0
120.32	89.0
164.24	89.0
203.84	89.0
308.88	89.0
322.56	89.0
718.96	89.0
781.36	89.0
795.6	89.0
803.64	89.0
835.96	89.0
917.92	89.0
1068.96	89.0
1181.48	89.0
1239.96	89.0
1251.64	89.0
7.48	90.0
104.2	90.0
119.96	90.0
156.64	90.0
163.88	90.0
188.6	90.0
217.4	90.0
221.8	90.0
287.68	90.0
302.48	90.0
358.8	90.0
399.64	90.0
734.12	90.0
739.72	90.0
744.8	90.0
757.56	90.0
786.68	90.0
819.2	90.0
835.64	90.0
925.48	90.0
959.2	90.0
965.8	90.0
999.64	90.0
1027.16	90.0
1044.08	90.0
1239.64	90.0
1251.32	90.0
1355.88	90.0
836.24	91.0
96.24	91.0
144.32	91.0
259.72	91.0
155.84	92.0
254.0	92.0
320.24	92.0
354.56	92.0
715.36	92.0
737.68	92.0
751.84	92.0
758.56	92.0
773.56	92.0
785.24	92.0
805.52	92.0
839.48	92.0
900.32	92.0
947.6	92.0
963.52	92.0
1025.16	92.0
1189.96	92.0
1232.52	92.0
1274.32	92.0
62.8	92.0
69.52	92.0
92.92	92.0
134.44	92.0
175.36	92.0
210.52	92.0
306.92	92.0
310.16	92.0
325.6	92.0
337.36	92.0
741.88	92.0
756.04	92.0
781.68	92.0
797.24	92.0
814.08	92.0
830.24	92.0
859.84	92.0
973.92	92.0
1001.12	92.0
1006.84	92.0
1048.16	92.0
1061.92	92.0
1085.2	92.0
1194.12	92.0
1211.32	92.0
1236.48	92.0
1298.8	92.0
1318.08	92.0
1334.88	92.0
790.4	93.0
809.24	93.0
861.72	93.0
1023.76	93.0
1208.8	93.0
224.64	93.0
166.8	94.0
224.48	94.0
447.56	94.0
610.44	94.0
759.48	94.0
771.16	94.0
785.48	94.0
819.8	94.0
837.4	94.0
918.52	94.0
1009.92	94.0
1112.64	94.0
1312.64	94.0
1356.52	94.0
671.76	95.0
766.68	95.0
801.32	95.0
886.64	95.0
1274.56	95.0
50.4	96.0
1134.64	96.0
741.44	97.0
21.56	97.0
80.32	97.0
324.6	97.0
770.88	97.0
834.44	97.0
54.4	99.0
58.0	99.0
104.52	99.0
123.52	99.0
144.56	99.0
195.16	99.0
230.88	99.0
302.48	99.0
309.48	99.0
317.56	99.0
326.8	99.0
336.28	99.0
748.76	99.0
760.28	99.0
769.4	99.0
776.56	99.0
781.96	99.0
785.64	99.0
796.8	99.0
815.64	99.0
833.2	99.0
1339.88	99.0
90.04	100.0
494.8	100.0
678.24	100.0
759.36	100.0
771.24	100.0
839.24	100.0
1027.0	100.0
1119.2	100.0
1347.28	100.0
768.6	101.0
785.08	101.0
734.88	102.0
308.96	102.0
312.32	102.0
738.68	103.0
765.12	103.0
841.2	103.0
790.68	103.0
2.84	104.0
8.68	104.0
58.68	104.0
62.56	104.0
102.08	104.0
144.2	104.0
162.08	104.0
171.04	104.0
185.16	104.0
223.4	104.0
239.28	104.0
257.76	104.0
302.68	104.0
308.84	104.0
314.88	104.0
323.44	104.0
336.0	104.0
353.4	104.0
742.16	104.0
757.2	104.0
765.84	104.0
774.6	104.0
780.72	104.0
788.12	104.0
799.24	104.0
808.6	104.0
819.64	104.0
836.72	104.0
847.2	104.0
956.2	104.0
1009.48	104.0
1034.0	104.0
1311.56	104.0
1358.72	104.0
740.72	106.0
795.08	106.0
771.0	107.0
306.6	107.0
318.92	107.0
323.44	107.0
757.96	107.0
829.04	107.0
909.6	107.0
1269.8	107.0
740.16	108.0
148.56	108.0
166.52	108.0
184.96	108.0
227.4	108.0
320.0	108.0
344.96	108.0
428.36	108.0
682.0	108.0
718.48	108.0
766.12	108.0
769.2	108.0
775.44	108.0
785.84	108.0
797.28	108.0
856.68	108.0
879.84	108.0
900.8	108.0
966.24	108.0
1045.28	108.0
1290.68	108.0
1333.04	108.0
119.72	109.0
744.64	109.0
219.48	109.0
310.48	110.0
54.32	110.0
334.96	110.0
357.72	110.0
449.4	110.0
743.6	110.0
776.84	110.0
930.8	110.0
225.56	111.0
743.04	111.0
986.32	111.0
1122.16	111.0
9.8	111.0
55.0	111.0
97.0	111.0
119.72	111.0
141.28	111.0
159.4	111.0
212.64	111.0
314.6	111.0
322.48	111.0
375.56	111.0
386.44	111.0
696.76	111.0
752.92	111.0
765.2	111.0
768.84	111.0
781.32	111.0
786.68	111.0
793.6	111.0
802.16	111.0
807.0	111.0
813.88	111.0
818.32	111.0
841.04	111.0
843.64	111.0
852.48	111.0
858.28	111.0
898.92	111.0
928.8	111.0
947.2	111.0
1028.48	111.0
1067.32	111.0
1086.12	111.0
1132.96	111.0
1249.48	111.0
1277.36	111.0
256.32	112.0
259.64	112.0
782.28	112.0
812.48	112.0
822.52	112.0
1353.32	112.0
302.48	113.0
774.96	113.0
795.48	114.0
292.68	114.0
766.32	114.0
823.44	114.0
209.2	115.0
806.8	115.0
831.32	115.0
45.08	115.0
54.6	115.0
82.08	115.0
164.52	115.0
324.64	115.0
336.88	115.0
724.96	115.0
756.68	115.0
772.28	115.0
776.44	115.0
789.24	115.0
834.84	115.0
858.76	115.0
874.04	115.0
905.76	115.0
1022.92	115.0
1069.64	115.0
1107.68	115.0
1149.72	115.0
1207.32	115.0
1294.52	115.0
1326.28	115.0
159.44	116.0
310.56	116.0
322.92	116.0
739.44	116.0
977.28	116.0
34.48	116.0
50.8	116.0
120.84	116.0
143.8	116.0
162.88	116.0
166.8	116.0
178.08	116.0
219.24	116.0
226.64	116.0
318.2	116.0
329.08	116.0
345.0	116.0
498.48	116.0
511.76	116.0
681.08	116.0
691.08	116.0
696.44	116.0
719.2	116.0
735.8	116.0
742.8	116.0
747.48	116.0
750.72	116.0
754.76	116.0
758.36	116.0
762.56	116.0
765.8	116.0
769.32	116.0
771.84	116.0
777.84	116.0
780.84	116.0
785.8	116.0
792.28	116.0
795.4	116.0
803.0	116.0
811.44	116.0
814.2	116.0
824.24	116.0
1009.84	116.0
1122.48	116.0
1280.76	116.0
1303.72	116.0
1350.28	116.0
1353.04	116.0
54.32	117.0
177.04	117.0
225.76	117.0
240.44	117.0
743.12	117.0
770.56	117.0
786.92	117.0
807.28	117.0
826.12	117.0
1122.28	117.0
302.64	118.0
54.32	118.0
121.88	118.0
165.8	118.0
238.12	118.0
262.32	118.0
313.56	118.0
319.92	118.0
333.12	118.0
356.24	118.0
746.2	118.0
760.12	118.0
765.12	118.0
770.2	118.0
774.96	118.0
786.12	118.0
796.04	118.0
799.48	118.0
809.12	118.0
816.44	118.0
824.16	118.0
843.8	118.0
857.68	118.0
885.12	118.0
918.12	118.0
1066.56	118.0
1168.64	118.0
75.32	119.0
221.08	119.0
770.76	119.0
787.16	119.0
794.12	119.0
826.48	119.0
205.32	120.0
1028.12	120.0
60.0	120.0
118.12	120.0
176.28	120.0
342.88	120.0
356.32	120.0
694.68	120.0
736.32	120.0
748.64	120.0
770.96	120.0
780.32	120.0
928.08	120.0
983.16	120.0
1190.32	120.0
1309.48	120.0
1322.12	120.0
