319.92	84.0
177.88	85.0
217.72	85.0
310.44	85.0
463.12	85.0
31.84	86.0
35.64	86.0
68.04	86.0
79.16	86.0
113.32	86.0
141.04	86.0
156.16	86.0
174.48	86.0
197.24	86.0
215.12	86.0
237.28	86.0
285.32	86.0
325.6	86.0
340.24	86.0
373.84	86.0
406.76	86.0
310.08	86.0
318.4	86.0
333.92	86.0
15.4	87.0
49.08	87.0
85.68	87.0
119.68	87.0
178.28	87.0
290.08	87.0
308.68	87.0
319.68	87.0
345.2	87.0
445.4	87.0
453.76	87.0
468.28	87.0
451.44	88.0
69.88	88.0
271.6	88.0
279.4	88.0
302.76	88.0
313.96	88.0
320.16	88.0
331.2	88.0
345.44	88.0
367.92	88.0
388.6	88.0
86.28	89.0
116.72	89.0
309.28	89.0
315.52	89.0
343.88	89.0
13.8	90.0
309.0	90.0
313.8	90.0
318.36	90.0
340.36	90.0
343.52	90.0
368.64	90.0
506.76	90.0
308.04	91.0
118.28	91.0
368.48	91.0
431.96	91.0
324.2	92.0
302.72	92.0
311.24	92.0
327.92	92.0
345.16	92.0
34.84	93.0
51.8	94.0
238.6	94.0
309.8	94.0
329.48	94.0
281.28	94.0
315.16	94.0
318.04	95.0
35.6	95.0
121.12	95.0
217.72	95.0
307.8	95.0
302.88	96.0
5.64	97.0
220.32	97.0
302.6	97.0
368.28	99.0
34.96	99.0
73.16	99.0
142.12	99.0
313.0	99.0
320.92	99.0
330.36	99.0
16.28	100.0
164.56	100.0
329.88	100.0
368.4	100.0
433.64	100.0
471.52	100.0
532.76	100.0
302.52	101.0
302.64	102.0
310.0	102.0
307.0	103.0
330.0	103.0
2.6	104.0
307.0	104.0
32.2	104.0
112.36	104.0
215.84	104.0
277.64	104.0
309.72	104.0
318.0	104.0
326.84	104.0
124.08	107.0
6.92	107.0
307.76	107.0
324.04	107.0
409.36	107.0
458.24	107.0
20.44	108.0
314.0	108.0
326.8	108.0
171.72	109.0
340.12	109.0
95.44	109.0
17.32	110.0
32.68	110.0
194.24	110.0
349.6	110.0
353.2	110.0
368.68	110.0
410.32	110.0
15.8	111.0
32.44	111.0
308.68	111.0
66.6	111.0
72.56	111.0
75.44	111.0
95.12	111.0
140.16	111.0
172.32	111.0
194.24	111.0
214.04	111.0
242.84	111.0
313.2	111.0
318.56	111.0
321.84	111.0
369.2	111.0
428.8	111.0
477.44	111.0
15.84	112.0
53.16	112.0
72.32	112.0
172.8	112.0
356.52	112.0
310.12	113.0
311.76	114.0
410.56	115.0
34.4	115.0
178.44	115.0
353.48	115.0
27.24	116.0
89.24	116.0
140.36	116.0
306.28	116.0
308.8	116.0
332.0	116.0
426.8	116.0
4.84	116.0
18.08	116.0
29.76	116.0
59.72	116.0
75.96	116.0
97.56	116.0
132.44	116.0
143.96	116.0
167.72	116.0
171.64	116.0
270.88	116.0
316.84	116.0
319.36	116.0
325.52	116.0
334.8	116.0
368.96	116.0
398.56	116.0
75.68	117.0
95.4	117.0
13.64	118.0
340.56	118.0
76.52	118.0
93.24	118.0
192.36	118.0
306.6	118.0
311.6	118.0
319.84	118.0
306.44	119.0
311.16	119.0
308.0	120.0
79.08	120.0
91.64	120.0
122.68	120.0
172.56	120.0
175.64	120.0
215.48	120.0
311.08	120.0
313.6	120.0
326.68	120.0
357.08	120.0
457.48	120.0
