342.0	84.0
326.88	85.0
347.68	85.0
358.2	85.0
409.84	85.0
451.84	85.0
871.52	85.0
907.08	85.0
1423.0	85.0
355.32	86.0
424.56	86.0
488.76	86.0
555.2	86.0
644.84	86.0
694.44	86.0
721.88	86.0
830.36	86.0
841.48	86.0
863.92	86.0
871.32	86.0
881.12	86.0
921.12	86.0
1166.6	86.0
1277.48	86.0
1356.56	86.0
1362.48	86.0
1365.76	86.0
1376.72	86.0
1387.84	86.0
1402.2	86.0
1417.44	86.0
1447.0	86.0
1472.08	86.0
1475.64	86.0
309.2	86.0
313.16	86.0
316.48	86.0
323.36	86.0
330.48	86.0
338.64	86.0
347.8	86.0
358.2	86.0
430.28	86.0
438.76	86.0
530.32	86.0
616.56	86.0
681.92	86.0
725.0	86.0
832.88	86.0
860.64	86.0
907.28	86.0
995.2	86.0
1390.4	86.0
1442.08	86.0
1488.52	86.0
161.0	87.0
318.36	87.0
768.96	87.0
184.76	87.0
252.76	87.0
310.6	87.0
314.88	87.0
323.68	87.0
327.84	87.0
340.56	87.0
347.64	87.0
356.64	87.0
372.92	87.0
395.96	87.0
457.44	87.0
674.8	87.0
704.76	87.0
723.24	87.0
741.36	87.0
772.08	87.0
788.24	87.0
808.92	87.0
823.92	87.0
840.92	87.0
862.96	87.0
1002.28	87.0
1033.76	87.0
1343.52	87.0
1406.12	87.0
1458.76	87.0
302.76	88.0
307.16	88.0
909.8	88.0
69.96	88.0
249.88	88.0
317.8	88.0
323.12	88.0
333.24	88.0
337.72	88.0
367.92	88.0
390.4	88.0
412.6	88.0
472.76	88.0
516.2	88.0
616.08	88.0
846.64	88.0
885.68	88.0
1307.2	88.0
1333.44	88.0
1356.4	88.0
1398.56	88.0
1411.24	88.0
307.08	89.0
99.4	89.0
313.6	89.0
317.84	89.0
903.12	89.0
936.36	89.0
973.6	89.0
1179.96	89.0
1223.88	89.0
1355.08	90.0
1368.44	90.0
128.52	90.0
203.0	90.0
313.72	90.0
326.0	90.0
336.32	90.0
404.0	90.0
485.24	90.0
525.8	90.0
791.96	90.0
830.32	90.0
848.84	90.0
902.8	90.0
1221.44	90.0
1280.52	90.0
1318.2	90.0
1348.64	90.0
1422.36	90.0
129.04	91.0
894.12	91.0
332.24	91.0
355.48	91.0
1406.84	91.0
318.52	92.0
340.36	92.0
842.48	92.0
892.24	92.0
1394.36	92.0
21.08	92.0
40.36	92.0
219.28	92.0
247.2	92.0
302.6	92.0
327.64	92.0
348.72	92.0
373.2	92.0
616.28	92.0
646.72	92.0
792.08	92.0
824.32	92.0
853.84	92.0
878.52	92.0
905.56	92.0
924.88	92.0
955.24	92.0
959.84	92.0
996.12	92.0
1011.48	92.0
1074.92	92.0
1166.8	92.0
1190.4	92.0
1214.72	92.0
1225.72	92.0
1286.16	92.0
1310.72	92.0
1371.0	92.0
1398.56	92.0
1420.08	92.0
1444.96	92.0
308.32	93.0
1093.64	94.0
1414.76	94.0
128.64	94.0
327.88	94.0
347.08	94.0
859.92	94.0
888.04	94.0
1211.72	94.0
1367.88	94.0
1407.68	94.0
240.56	95.0
355.96	95.0
867.12	95.0
372.68	96.0
308.08	97.0
324.32	97.0
562.04	97.0
857.52	97.0
1419.04	97.0
330.92	97.0
346.88	97.0
469.24	97.0
639.16	97.0
1195.24	97.0
306.08	99.0
315.6	99.0
323.6	99.0
332.4	99.0
342.56	99.0
362.32	99.0
838.2	99.0
1318.96	99.0
13.52	100.0
98.88	100.0
113.56	100.0
251.04	100.0
299.96	100.0
411.0	100.0
503.16	100.0
608.52	100.0
696.32	100.0
820.44	100.0
841.0	100.0
869.12	100.0
1018.8	100.0
1145.76	100.0
1266.4	100.0
1354.96	100.0
337.6	101.0
881.72	101.0
337.72	102.0
324.36	103.0
318.24	104.0
324.08	104.0
331.68	104.0
341.32	104.0
349.6	104.0
375.08	104.0
793.92	104.0
916.52	104.0
990.28	104.0
1096.76	104.0
1192.8	104.0
1419.8	104.0
311.84	106.0
620.64	106.0
7.68	107.0
59.44	107.0
92.68	107.0
119.52	107.0
158.36	107.0
219.6	107.0
250.72	107.0
324.52	107.0
329.92	107.0
336.92	107.0
357.48	107.0
417.12	107.0
438.64	107.0
563.68	107.0
618.16	107.0
768.4	107.0
900.68	107.0
934.16	107.0
975.04	107.0
1061.64	107.0
1149.88	107.0
1193.0	107.0
1206.28	107.0
1253.12	107.0
1276.12	107.0
1407.56	107.0
118.68	108.0
333.16	108.0
793.32	108.0
824.2	108.0
844.08	108.0
874.12	108.0
905.28	108.0
1157.24	108.0
1194.6	108.0
1311.24	108.0
356.04	109.0
473.84	109.0
791.68	109.0
888.28	109.0
1221.12	109.0
203.12	109.0
314.0	109.0
895.2	109.0
1452.68	109.0
312.92	110.0
319.84	110.0
324.32	110.0
336.2	110.0
132.36	110.0
306.44	110.0
344.56	110.0
355.76	110.0
374.0	110.0
420.48	110.0
839.4	110.0
1094.32	110.0
1183.04	110.0
1208.68	110.0
1309.68	110.0
1377.92	110.0
1397.52	110.0
1490.16	110.0
325.04	111.0
788.56	111.0
826.04	111.0
1180.64	111.0
175.8	111.0
215.76	111.0
308.92	111.0
313.08	111.0
316.68	111.0
330.68	111.0
336.28	111.0
344.16	111.0
356.2	111.0
363.36	111.0
373.4	111.0
384.76	111.0
406.44	111.0
792.96	111.0
799.96	111.0
839.24	111.0
859.28	111.0
881.44	111.0
885.8	111.0
925.16	111.0
940.76	111.0
985.64	111.0
1042.44	111.0
1208.28	111.0
1241.84	111.0
1267.24	111.0
1270.96	111.0
1284.04	111.0
1346.68	111.0
1365.96	111.0
1393.84	111.0
1452.52	111.0
390.72	112.0
940.56	112.0
1082.08	112.0
1185.76	112.0
1420.48	112.0
319.56	114.0
410.68	114.0
308.52	115.0
132.64	115.0
318.96	115.0
364.16	115.0
435.12	115.0
734.44	115.0
839.64	115.0
842.4	115.0
946.32	115.0
1358.04	115.0
1397.76	115.0
78.76	116.0
127.24	116.0
308.88	116.0
317.2	116.0
319.84	116.0
324.88	116.0
343.16	116.0
924.68	116.0
975.64	116.0
1006.28	116.0
1215.4	116.0
1368.44	116.0
1451.52	116.0
20.72	116.0
24.0	116.0
112.8	116.0
123.8	116.0
184.76	116.0
248.52	116.0
251.16	116.0
306.36	116.0
313.8	116.0
328.4	116.0
333.12	116.0
348.64	116.0
360.96	116.0
374.32	116.0
497.52	116.0
723.76	116.0
764.72	116.0
785.76	116.0
792.84	116.0
809.8	116.0
823.48	116.0
826.96	116.0
831.92	116.0
845.12	116.0
857.52	116.0
865.84	116.0
894.96	116.0
918.16	116.0
937.32	116.0
993.96	116.0
1021.56	116.0
1029.0	116.0
1155.08	116.0
1221.48	116.0
1237.8	116.0
1282.2	116.0
1287.68	116.0
1326.84	116.0
1332.16	116.0
1357.8	116.0
1418.8	116.0
318.24	117.0
363.64	117.0
438.08	117.0
788.56	117.0
793.12	117.0
826.04	117.0
839.64	117.0
1183.32	117.0
1309.88	117.0
1409.84	117.0
900.48	118.0
911.44	118.0
306.68	118.0
315.44	118.0
318.64	118.0
325.76	118.0
330.24	118.0
335.08	118.0
345.84	118.0
839.32	118.0
892.32	118.0
936.04	118.0
1379.36	118.0
1414.44	118.0
1434.52	118.0
1452.24	118.0
318.72	119.0
311.76	119.0
1323.44	119.0
1418.48	119.0
48.2	120.0
91.6	120.0
226.2	120.0
250.04	120.0
313.0	120.0
319.76	120.0
575.76	120.0
795.08	120.0
806.84	120.0
829.8	120.0
857.08	120.0
904.4	120.0
993.68	120.0
1073.28	120.0
1081.8	120.0
1098.96	120.0
1117.84	120.0
1149.68	120.0
1191.12	120.0
1207.28	120.0
1321.24	120.0
1392.76	120.0
1417.88	120.0
1447.96	120.0
