231.16	84.0
933.76	84.0
50.88	85.0
82.12	85.0
219.68	85.0
323.08	85.0
369.12	85.0
400.56	85.0
785.92	85.0
1204.8	85.0
1305.04	85.0
1332.28	85.0
1356.36	85.0
36.24	86.0
212.08	86.0
247.88	86.0
287.4	86.0
316.56	86.0
340.32	86.0
358.08	86.0
364.36	86.0
399.68	86.0
435.68	86.0
762.2	86.0
779.28	86.0
816.12	86.0
829.36	86.0
847.72	86.0
880.84	86.0
915.08	86.0
947.28	86.0
969.6	86.0
1016.28	86.0
1034.68	86.0
1067.04	86.0
1254.96	86.0
1266.96	86.0
1306.28	86.0
1321.28	86.0
1326.96	86.0
1341.48	86.0
1351.92	86.0
1390.84	86.0
1436.56	86.0
58.36	86.0
83.84	86.0
151.24	86.0
175.64	86.0
201.68	86.0
228.28	86.0
239.16	86.0
296.92	86.0
308.12	86.0
312.88	86.0
323.04	86.0
335.4	86.0
858.0	86.0
920.96	86.0
953.68	86.0
994.64	86.0
1011.12	86.0
1037.6	86.0
1192.4	86.0
1203.4	86.0
1240.76	86.0
1262.64	86.0
1282.92	86.0
1287.36	86.0
1300.68	86.0
1317.92	86.0
1234.84	87.0
156.04	87.0
307.12	87.0
313.24	87.0
318.08	87.0
321.92	87.0
327.56	87.0
333.4	87.0
448.88	87.0
752.56	87.0
806.36	87.0
827.08	87.0
942.32	87.0
971.24	87.0
1020.8	87.0
1047.88	87.0
1204.28	87.0
1225.24	87.0
1251.88	87.0
1254.4	87.0
1258.04	87.0
1275.12	87.0
1284.88	87.0
1339.4	87.0
1352.84	87.0
1369.64	87.0
1430.84	87.0
1475.32	87.0
79.12	88.0
193.36	88.0
250.84	88.0
302.88	88.0
394.48	88.0
420.76	88.0
562.16	88.0
773.56	88.0
955.44	88.0
1181.36	88.0
1259.64	88.0
1323.28	88.0
1442.8	88.0
165.6	88.0
279.6	88.0
342.8	88.0
360.36	88.0
406.6	88.0
472.32	88.0
479.48	88.0
733.96	88.0
814.6	88.0
826.0	88.0
1218.84	88.0
1237.08	88.0
1265.96	88.0
1300.04	88.0
97.2	89.0
244.88	89.0
337.24	89.0
413.44	89.0
506.36	89.0
880.16	89.0
901.44	89.0
959.68	89.0
1059.2	89.0
1159.8	89.0
1339.48	89.0
153.24	90.0
215.88	90.0
298.16	90.0
320.44	90.0
336.92	90.0
349.08	90.0
731.88	90.0
752.08	90.0
787.96	90.0
814.6	90.0
827.08	90.0
887.24	90.0
948.08	90.0
959.32	90.0
1007.6	90.0
1237.72	90.0
1309.96	90.0
1324.32	90.0
1339.12	90.0
1393.84	90.0
1407.68	90.0
282.68	91.0
869.88	91.0
42.4	92.0
73.36	92.0
337.08	92.0
390.44	92.0
724.12	92.0
763.64	92.0
783.88	92.0
837.56	92.0
865.48	92.0
914.88	92.0
979.72	92.0
1159.12	92.0
1203.12	92.0
1402.96	92.0
9.32	92.0
15.12	92.0
106.2	92.0
120.24	92.0
137.24	92.0
144.6	92.0
161.64	92.0
188.24	92.0
230.92	92.0
288.12	92.0
302.6	92.0
316.0	92.0
324.36	92.0
366.92	92.0
394.12	92.0
417.92	92.0
472.04	92.0
499.84	92.0
745.28	92.0
750.96	92.0
767.68	92.0
772.44	92.0
792.8	92.0
807.12	92.0
848.0	92.0
869.84	92.0
987.96	92.0
1029.32	92.0
1162.8	92.0
1195.32	92.0
1206.92	92.0
1232.08	92.0
1237.6	92.0
1243.36	92.0
1264.8	92.0
1294.08	92.0
1303.04	92.0
1320.64	92.0
1340.4	92.0
1354.08	92.0
1406.76	92.0
1424.92	92.0
1464.44	92.0
48.92	93.0
1020.8	93.0
342.76	94.0
751.2	94.0
976.92	94.0
1157.8	94.0
1332.64	94.0
1374.44	94.0
4.16	94.0
48.36	94.0
97.64	94.0
325.32	94.0
395.72	94.0
786.12	94.0
905.48	94.0
1069.48	94.0
1265.12	94.0
958.04	95.0
1207.92	95.0
293.16	96.0
236.84	97.0
306.44	97.0
323.52	97.0
344.72	97.0
844.08	97.0
956.56	97.0
838.96	98.0
1154.08	98.0
144.0	99.0
189.16	99.0
289.8	99.0
307.28	99.0
314.88	99.0
325.76	99.0
816.6	99.0
960.0	99.0
1206.08	99.0
1238.76	99.0
1269.56	99.0
92.44	100.0
188.96	100.0
283.32	100.0
308.4	100.0
443.24	100.0
498.2	100.0
612.92	100.0
716.68	100.0
999.0	100.0
1139.4	100.0
1290.52	100.0
1298.04	100.0
318.68	101.0
868.32	101.0
865.6	102.0
29.84	104.0
77.76	104.0
173.88	104.0
232.96	104.0
259.96	104.0
288.88	104.0
311.56	104.0
319.76	104.0
331.12	104.0
362.8	104.0
815.28	104.0
846.64	104.0
886.04	104.0
979.72	104.0
1019.4	104.0
1052.56	104.0
1206.24	104.0
1226.76	104.0
1238.96	104.0
1317.04	104.0
1342.8	104.0
1392.72	104.0
1437.32	104.0
161.92	106.0
347.2	106.0
946.8	106.0
960.12	106.0
1245.56	106.0
115.72	107.0
126.24	107.0
291.84	107.0
323.72	107.0
343.6	107.0
450.0	107.0
596.08	107.0
640.44	107.0
680.6	107.0
813.24	107.0
878.96	107.0
888.28	107.0
917.76	107.0
1129.96	107.0
1202.2	107.0
1232.04	107.0
1261.96	107.0
1310.32	107.0
1318.24	107.0
1375.6	107.0
1421.92	107.0
1469.24	107.0
7.48	108.0
51.28	108.0
152.64	108.0
191.68	108.0
262.04	108.0
306.56	108.0
318.52	108.0
346.96	108.0
738.84	108.0
776.36	108.0
804.4	108.0
901.4	108.0
968.2	108.0
1000.28	108.0
1019.48	108.0
1259.48	108.0
1296.44	108.0
336.72	109.0
731.6	109.0
751.8	109.0
771.28	109.0
787.72	109.0
879.6	109.0
1407.44	109.0
343.76	109.0
999.04	109.0
307.8	110.0
263.08	110.0
340.72	110.0
367.76	110.0
450.36	110.0
768.32	110.0
998.4	110.0
1218.24	110.0
1376.08	110.0
1419.0	110.0
806.2	111.0
1034.44	111.0
1211.64	111.0
45.96	111.0
74.04	111.0
77.76	111.0
100.56	111.0
109.96	111.0
112.92	111.0
159.76	111.0
187.44	111.0
195.24	111.0
211.68	111.0
244.92	111.0
273.12	111.0
279.68	111.0
307.72	111.0
315.0	111.0
320.04	111.0
324.72	111.0
330.76	111.0
343.68	111.0
347.24	111.0
386.44	111.0
391.28	111.0
393.8	111.0
399.48	111.0
419.12	111.0
444.56	111.0
462.24	111.0
503.04	111.0
786.76	111.0
813.6	111.0
836.84	111.0
852.2	111.0
859.16	111.0
868.36	111.0
885.24	111.0
891.0	111.0
957.24	111.0
974.32	111.0
976.92	111.0
982.2	111.0
1064.96	111.0
1068.28	111.0
1206.44	111.0
1218.24	111.0
1239.68	111.0
1262.6	111.0
1265.88	111.0
1297.72	111.0
1329.48	111.0
1349.4	111.0
1354.96	111.0
1376.04	111.0
1397.52	111.0
1409.24	111.0
1418.88	111.0
46.0	112.0
310.12	112.0
406.56	112.0
436.96	112.0
1302.44	112.0
1375.12	113.0
243.28	115.0
1314.52	115.0
111.96	115.0
216.28	115.0
320.28	115.0
377.48	115.0
409.12	115.0
745.96	115.0
933.4	115.0
960.68	115.0
1031.88	115.0
1095.76	115.0
1374.68	115.0
292.2	116.0
308.36	116.0
326.44	116.0
329.8	116.0
885.76	116.0
930.76	116.0
1309.8	116.0
1375.96	116.0
96.44	116.0
113.36	116.0
160.28	116.0
164.04	116.0
187.72	116.0
195.84	116.0
232.56	116.0
239.88	116.0
242.76	116.0
253.24	116.0
285.8	116.0
316.12	116.0
320.44	116.0
323.24	116.0
336.68	116.0
343.64	116.0
358.76	116.0
368.92	116.0
440.72	116.0
731.64	116.0
739.24	116.0
743.52	116.0
778.4	116.0
781.68	116.0
800.08	116.0
809.12	116.0
836.84	116.0
870.92	116.0
892.8	116.0
910.12	116.0
963.68	116.0
998.8	116.0
1071.52	116.0
1152.92	116.0
1155.44	116.0
1204.24	116.0
1207.24	116.0
1218.12	116.0
1227.72	116.0
1239.6	116.0
1264.24	116.0
1299.88	116.0
1302.52	116.0
1332.44	116.0
1386.04	116.0
1467.24	116.0
219.88	117.0
263.36	117.0
320.32	117.0
361.2	117.0
813.88	117.0
1218.52	117.0
1298.12	117.0
1376.32	117.0
1466.84	117.0
811.4	118.0
1312.56	118.0
1327.76	118.0
180.72	118.0
306.84	118.0
312.88	118.0
317.2	118.0
325.8	118.0
338.64	118.0
363.76	118.0
828.72	118.0
855.44	118.0
948.68	118.0
979.88	118.0
1303.28	118.0
1340.24	118.0
1349.56	118.0
1394.96	118.0
311.6	119.0
387.96	119.0
1262.48	119.0
855.44	120.0
48.16	120.0
125.56	120.0
145.2	120.0
237.2	120.0
247.0	120.0
406.0	120.0
814.52	120.0
849.16	120.0
891.6	120.0
1066.88	120.0
1194.36	120.0
1241.44	120.0
1247.56	120.0
1264.24	120.0
