318.2	84.0
334.64	84.0
355.52	84.0
385.32	84.0
411.12	84.0
470.96	84.0
517.08	84.0
613.04	84.0
1125.04	84.0
1155.88	84.0
1198.08	84.0
1256.08	84.0
54.8	85.0
304.4	85.0
309.52	85.0
312.72	85.0
1156.28	85.0
30.92	86.0
51.12	86.0
72.4	86.0
305.2	86.0
330.64	86.0
354.32	86.0
366.52	86.0
374.96	86.0
384.28	86.0
396.36	86.0
410.92	86.0
433.56	86.0
465.8	86.0
486.6	86.0
498.4	86.0
529.84	86.0
577.04	86.0
592.0	86.0
606.04	86.0
625.0	86.0
667.72	86.0
685.44	86.0
698.44	86.0
722.2	86.0
821.16	86.0
844.64	86.0
866.12	86.0
913.96	86.0
938.64	86.0
1016.48	86.0
1033.84	86.0
1056.72	86.0
1070.72	86.0
1094.76	86.0
1103.92	86.0
1120.76	86.0
1124.16	86.0
1135.28	86.0
1155.6	86.0
1176.56	86.0
1188.56	86.0
1257.16	86.0
1264.68	86.0
1296.32	86.0
3.68	86.0
308.6	86.0
313.92	86.0
321.92	86.0
345.12	86.0
358.32	86.0
415.16	86.0
425.16	86.0
517.08	86.0
644.76	86.0
1143.12	86.0
1145.72	86.0
1179.44	86.0
1221.92	86.0
1280.56	86.0
1317.72	86.0
310.6	87.0
33.52	87.0
304.48	87.0
307.36	87.0
314.36	87.0
319.24	87.0
327.64	87.0
335.76	87.0
345.72	87.0
357.68	87.0
376.8	87.0
1042.16	87.0
1068.0	87.0
1094.08	87.0
1142.0	87.0
1181.8	87.0
1226.24	87.0
68.84	88.0
303.12	88.0
328.8	88.0
338.6	88.0
566.32	88.0
312.0	88.0
324.96	88.0
358.68	88.0
364.88	88.0
405.76	88.0
509.4	88.0
623.52	88.0
647.92	88.0
929.12	88.0
992.4	88.0
1063.68	88.0
1142.24	88.0
1224.96	88.0
331.36	89.0
342.28	89.0
363.96	89.0
394.84	89.0
400.44	89.0
498.36	89.0
614.56	89.0
664.2	89.0
1081.36	89.0
1122.8	89.0
1243.2	89.0
796.2	90.0
305.96	90.0
311.04	90.0
327.08	90.0
334.72	90.0
349.84	90.0
355.12	90.0
433.76	90.0
483.92	90.0
619.84	90.0
861.96	90.0
1071.12	90.0
1081.04	90.0
1177.32	90.0
1242.88	90.0
1255.96	90.0
303.44	91.0
324.12	91.0
355.12	91.0
305.4	92.0
309.56	92.0
324.8	92.0
1078.08	92.0
5.16	92.0
30.52	92.0
66.84	92.0
117.48	92.0
302.8	92.0
317.08	92.0
321.92	92.0
341.88	92.0
351.4	92.0
372.24	92.0
384.0	92.0
407.92	92.0
415.36	92.0
455.32	92.0
463.6	92.0
505.28	92.0
555.56	92.0
565.0	92.0
598.56	92.0
615.76	92.0
670.44	92.0
717.28	92.0
735.08	92.0
755.72	92.0
796.84	92.0
859.88	92.0
970.16	92.0
1019.8	92.0
1043.56	92.0
1060.44	92.0
1073.04	92.0
1090.88	92.0
1129.44	92.0
1141.56	92.0
1146.68	92.0
1175.56	92.0
1198.12	92.0
1211.28	92.0
1237.6	92.0
1257.92	92.0
1265.64	92.0
1317.4	92.0
1326.76	92.0
1407.96	92.0
31.88	93.0
307.6	93.0
397.08	93.0
443.72	93.0
535.16	93.0
325.12	93.0
651.64	93.0
356.92	94.0
359.8	94.0
397.6	94.0
429.72	94.0
305.44	94.0
313.0	94.0
329.68	94.0
338.04	94.0
351.24	94.0
526.92	94.0
563.8	94.0
611.96	94.0
657.16	94.0
1067.16	94.0
1107.84	94.0
1174.6	94.0
37.4	95.0
337.8	95.0
752.64	95.0
848.68	95.0
1313.8	95.0
1321.2	95.0
359.8	96.0
303.28	97.0
873.32	97.0
309.56	97.0
324.28	97.0
333.44	97.0
358.0	97.0
360.76	97.0
386.36	97.0
502.88	97.0
516.16	97.0
620.6	97.0
664.08	97.0
1011.76	97.0
1072.4	97.0
1103.64	97.0
1122.84	97.0
1127.16	97.0
1157.04	97.0
1195.12	97.0
306.16	98.0
308.36	99.0
322.84	99.0
329.2	99.0
32.2	99.0
67.8	99.0
334.76	99.0
347.2	99.0
360.12	99.0
372.84	99.0
467.96	99.0
538.28	99.0
672.8	99.0
795.68	99.0
1039.88	99.0
1072.12	99.0
1128.96	99.0
1140.48	99.0
1266.12	99.0
307.68	100.0
323.84	100.0
361.16	100.0
391.2	100.0
445.24	100.0
485.88	100.0
537.72	100.0
669.4	100.0
713.4	100.0
796.24	100.0
985.84	100.0
1038.92	100.0
1128.24	100.0
1219.96	100.0
1241.52	100.0
1312.8	100.0
303.12	101.0
305.76	101.0
328.32	101.0
390.88	101.0
1130.6	101.0
303.44	103.0
324.96	103.0
1126.44	103.0
359.12	103.0
35.12	104.0
67.08	104.0
306.56	104.0
318.0	104.0
324.68	104.0
334.8	104.0
350.4	104.0
363.2	104.0
434.08	104.0
540.16	104.0
669.68	104.0
1079.24	104.0
1104.4	104.0
1127.56	104.0
1142.76	104.0
1162.52	104.0
1267.48	104.0
339.8	106.0
360.12	106.0
423.88	106.0
510.0	106.0
554.44	106.0
1074.6	106.0
1122.4	106.0
1220.04	106.0
7.4	107.0
50.16	107.0
55.0	107.0
70.04	107.0
314.32	107.0
324.92	107.0
353.8	107.0
359.44	107.0
391.28	107.0
488.64	107.0
749.0	107.0
1060.32	107.0
1106.8	107.0
1129.36	107.0
1154.08	107.0
318.28	108.0
357.88	108.0
382.32	108.0
432.68	108.0
518.12	108.0
541.04	108.0
669.72	108.0
1104.08	108.0
1178.92	108.0
306.92	109.0
1122.16	109.0
327.12	109.0
306.32	110.0
333.76	110.0
538.6	110.0
663.64	110.0
325.88	110.0
339.32	110.0
354.48	110.0
404.44	110.0
605.84	110.0
621.8	110.0
1041.48	110.0
1092.08	110.0
1116.08	110.0
1141.16	110.0
1159.92	110.0
1187.64	110.0
1266.4	110.0
9.2	111.0
32.56	111.0
64.76	111.0
303.16	111.0
306.12	111.0
308.64	111.0
323.24	111.0
325.88	111.0
335.36	111.0
346.8	111.0
355.36	111.0
359.56	111.0
421.56	111.0
426.52	111.0
436.88	111.0
458.4	111.0
487.08	111.0
539.44	111.0
577.32	111.0
593.92	111.0
605.8	111.0
621.72	111.0
668.96	111.0
799.4	111.0
1083.6	111.0
1092.04	111.0
1126.4	111.0
1156.68	111.0
1175.24	111.0
1184.24	111.0
1187.6	111.0
1217.0	111.0
1236.64	111.0
1264.76	111.0
1302.32	111.0
1317.64	111.0
667.68	112.0
24.92	112.0
356.72	112.0
432.84	112.0
657.48	112.0
923.72	112.0
1179.8	112.0
1196.0	112.0
1201.6	112.0
1243.88	112.0
25.72	113.0
304.88	113.0
1069.72	113.0
303.92	114.0
321.96	114.0
335.2	114.0
326.12	115.0
361.44	115.0
367.04	115.0
386.4	115.0
443.8	115.0
460.52	115.0
468.12	115.0
498.92	115.0
539.88	115.0
591.16	115.0
669.16	115.0
705.12	115.0
725.28	115.0
1041.88	115.0
1097.52	115.0
1133.08	115.0
1145.4	115.0
1160.32	115.0
1196.24	115.0
1230.4	115.0
1256.24	115.0
307.68	116.0
310.4	116.0
321.32	116.0
462.56	116.0
527.56	116.0
66.8	116.0
314.68	116.0
318.0	116.0
327.52	116.0
333.44	116.0
338.4	116.0
346.36	116.0
377.44	116.0
388.96	116.0
391.56	116.0
403.16	116.0
408.8	116.0
542.32	116.0
578.24	116.0
619.84	116.0
1013.32	116.0
1023.64	116.0
1039.44	116.0
1043.56	116.0
1052.96	116.0
1061.24	116.0
1063.96	116.0
1070.0	116.0
1083.0	116.0
1090.68	116.0
1105.96	116.0
1122.12	116.0
1136.68	116.0
1149.96	116.0
1160.56	116.0
1178.36	116.0
1218.96	116.0
1259.4	116.0
305.08	117.0
466.72	117.0
30.32	117.0
312.56	117.0
354.72	117.0
359.6	117.0
422.84	117.0
865.76	117.0
1145.04	117.0
310.32	118.0
319.72	118.0
327.96	118.0
335.84	118.0
347.32	118.0
354.4	118.0
358.84	118.0
364.0	118.0
386.64	118.0
404.8	118.0
443.8	118.0
495.88	118.0
697.88	118.0
1068.36	118.0
1093.12	118.0
1103.96	118.0
1124.64	118.0
1142.04	118.0
1157.32	118.0
1191.2	118.0
1236.36	118.0
50.68	119.0
136.92	119.0
203.12	119.0
517.76	119.0
768.52	119.0
1215.44	119.0
3.04	120.0
69.4	120.0
390.88	120.0
491.44	120.0
519.76	120.0
557.8	120.0
595.2	120.0
644.0	120.0
923.2	120.0
935.6	120.0
1054.96	120.0
1199.88	120.0
1311.48	120.0
