314.84	84.0
318.36	84.0
352.52	84.0
391.32	84.0
496.24	84.0
539.56	84.0
573.44	84.0
632.56	84.0
655.52	84.0
688.28	84.0
724.36	84.0
791.08	84.0
813.36	84.0
848.4	84.0
939.68	84.0
1013.04	84.0
1069.44	84.0
1194.68	84.0
1221.52	84.0
1352.96	84.0
316.0	85.0
331.28	85.0
369.24	85.0
399.76	85.0
431.2	85.0
471.32	85.0
495.92	85.0
509.16	85.0
526.16	85.0
618.12	85.0
636.12	85.0
693.0	85.0
746.52	85.0
795.08	85.0
939.84	85.0
1000.44	85.0
1213.36	85.0
1307.56	85.0
358.88	86.0
362.68	86.0
365.28	86.0
375.0	86.0
382.28	86.0
399.52	86.0
408.88	86.0
420.08	86.0
428.28	86.0
439.04	86.0
456.12	86.0
472.8	86.0
480.48	86.0
529.12	86.0
540.16	86.0
571.6	86.0
596.24	86.0
606.84	86.0
617.84	86.0
654.4	86.0
665.32	86.0
684.92	86.0
701.52	86.0
787.4	86.0
810.2	86.0
829.36	86.0
890.12	86.0
906.36	86.0
938.4	86.0
970.92	86.0
992.88	86.0
1011.68	86.0
1019.04	86.0
1044.88	86.0
1053.76	86.0
1068.68	86.0
1083.96	86.0
1105.0	86.0
1142.72	86.0
1161.92	86.0
1201.76	86.0
1226.6	86.0
1295.72	86.0
1368.88	86.0
1402.52	86.0
1419.88	86.0
1426.68	86.0
1447.08	86.0
1478.08	86.0
312.12	86.0
314.64	86.0
318.08	86.0
322.96	86.0
326.0	86.0
331.2	86.0
339.96	86.0
346.8	86.0
354.0	86.0
371.36	86.0
392.72	86.0
444.24	86.0
475.44	86.0
493.64	86.0
496.24	86.0
508.6	86.0
776.32	86.0
1123.76	86.0
1468.24	86.0
315.56	87.0
343.88	87.0
323.28	87.0
326.44	87.0
339.32	87.0
350.4	87.0
354.0	87.0
357.16	87.0
361.36	87.0
364.8	87.0
369.2	87.0
373.16	87.0
382.04	87.0
387.12	87.0
391.76	87.0
398.8	87.0
410.0	87.0
422.92	87.0
440.44	87.0
446.56	87.0
452.64	87.0
476.2	87.0
488.96	87.0
515.68	87.0
560.52	87.0
574.64	87.0
608.08	87.0
671.12	87.0
732.76	87.0
869.16	87.0
916.72	87.0
965.88	87.0
1012.32	87.0
1145.44	87.0
1224.64	87.0
1260.4	87.0
1303.4	87.0
1355.12	87.0
1428.08	87.0
303.0	88.0
361.16	88.0
372.16	88.0
451.12	88.0
1435.88	88.0
241.28	88.0
312.68	88.0
343.44	88.0
347.48	88.0
366.72	88.0
444.48	88.0
513.4	88.0
519.76	88.0
821.12	88.0
920.36	88.0
961.08	88.0
1011.08	88.0
1029.36	88.0
1110.36	88.0
1147.32	88.0
1201.48	88.0
1238.68	88.0
1267.64	88.0
1329.24	88.0
1480.36	88.0
347.88	89.0
355.88	89.0
431.56	89.0
706.44	89.0
712.4	89.0
1011.72	89.0
1041.96	89.0
1065.32	89.0
1375.08	89.0
309.0	90.0
312.76	90.0
315.4	90.0
319.64	90.0
339.64	90.0
344.0	90.0
355.52	90.0
431.28	90.0
514.6	90.0
574.56	90.0
590.76	90.0
955.92	90.0
1011.48	90.0
1082.36	90.0
1106.2	90.0
1175.32	90.0
1228.88	90.0
1241.0	90.0
1367.32	90.0
1478.52	90.0
325.76	91.0
312.84	91.0
320.2	91.0
375.0	91.0
792.88	91.0
314.96	92.0
331.92	92.0
1151.04	92.0
302.76	92.0
320.88	92.0
324.96	92.0
361.96	92.0
369.16	92.0
389.76	92.0
441.96	92.0
458.36	92.0
465.08	92.0
512.44	92.0
519.36	92.0
552.48	92.0
604.32	92.0
672.4	92.0
709.24	92.0
727.16	92.0
759.44	92.0
788.8	92.0
838.92	92.0
845.8	92.0
862.52	92.0
909.8	92.0
917.44	92.0
931.68	92.0
948.68	92.0
982.4	92.0
996.6	92.0
1008.84	92.0
1022.4	92.0
1040.16	92.0
1067.36	92.0
1079.24	92.0
1115.96	92.0
1128.52	92.0
1171.08	92.0
1204.92	92.0
1219.16	92.0
1248.32	92.0
1261.84	92.0
1283.84	92.0
1300.6	92.0
1319.8	92.0
1342.0	92.0
1399.48	92.0
1404.48	92.0
1437.08	92.0
1464.52	92.0
1475.4	92.0
323.16	93.0
340.4	93.0
345.28	93.0
362.36	93.0
371.24	93.0
377.52	93.0
384.44	93.0
405.0	93.0
422.44	93.0
483.16	93.0
498.4	93.0
515.96	93.0
529.52	93.0
543.36	93.0
562.44	93.0
584.0	93.0
602.32	93.0
617.88	93.0
632.68	93.0
655.92	93.0
683.0	93.0
710.68	93.0
744.96	93.0
769.12	93.0
790.72	93.0
805.92	93.0
812.72	93.0
830.08	93.0
848.4	93.0
864.8	93.0
871.76	93.0
883.16	93.0
900.28	93.0
915.76	93.0
937.88	93.0
955.4	93.0
965.72	93.0
989.88	93.0
1012.28	93.0
1019.44	93.0
1038.88	93.0
1063.36	93.0
1087.08	93.0
1113.92	93.0
1270.4	93.0
1307.32	93.0
303.0	93.0
313.4	93.0
461.32	93.0
1456.32	93.0
321.28	94.0
318.52	94.0
336.96	94.0
347.92	94.0
362.52	94.0
367.76	94.0
375.68	94.0
463.64	94.0
537.52	94.0
560.12	94.0
670.12	94.0
760.28	94.0
939.4	94.0
1080.72	94.0
1159.04	94.0
314.0	95.0
344.56	95.0
367.32	95.0
449.76	95.0
538.36	95.0
597.2	95.0
722.88	95.0
918.04	95.0
1069.32	95.0
1163.12	95.0
1208.92	95.0
342.92	97.0
315.64	97.0
319.28	97.0
326.76	97.0
426.72	97.0
585.0	97.0
598.28	97.0
656.0	97.0
675.36	97.0
728.6	97.0
763.44	97.0
791.4	97.0
937.0	97.0
1019.76	97.0
1071.24	97.0
1125.24	97.0
331.48	98.0
337.48	98.0
376.16	98.0
356.64	99.0
375.72	99.0
315.04	99.0
318.8	99.0
322.84	99.0
327.0	99.0
332.0	99.0
344.64	99.0
385.92	99.0
396.44	99.0
662.76	99.0
819.96	99.0
827.68	99.0
918.0	99.0
1156.96	99.0
1222.64	99.0
348.68	100.0
320.6	100.0
332.24	100.0
339.36	100.0
355.8	100.0
363.24	100.0
375.28	100.0
488.12	100.0
563.76	100.0
593.52	100.0
600.24	100.0
676.52	100.0
692.28	100.0
714.68	100.0
725.44	100.0
769.32	100.0
773.64	100.0
808.76	100.0
895.92	100.0
956.12	100.0
966.84	100.0
1010.68	100.0
1060.72	100.0
1082.08	100.0
1153.56	100.0
1164.84	100.0
1259.12	100.0
1307.6	100.0
1407.16	100.0
316.84	101.0
337.2	101.0
355.04	101.0
469.0	101.0
512.92	101.0
544.48	101.0
575.76	101.0
653.04	101.0
722.4	101.0
725.76	101.0
1049.4	101.0
360.04	102.0
346.24	103.0
313.04	103.0
358.12	103.0
346.2	104.0
461.2	104.0
464.4	104.0
312.68	104.0
318.04	104.0
325.16	104.0
330.0	104.0
340.8	104.0
354.4	104.0
360.0	104.0
366.64	104.0
378.4	104.0
393.04	104.0
406.8	104.0
427.96	104.0
443.6	104.0
450.16	104.0
503.96	104.0
532.16	104.0
558.4	104.0
562.36	104.0
579.8	104.0
617.0	104.0
639.08	104.0
656.56	104.0
684.96	104.0
730.16	104.0
791.24	104.0
820.28	104.0
857.72	104.0
898.44	104.0
915.12	104.0
923.48	104.0
948.76	104.0
1003.0	104.0
1054.8	104.0
1090.0	104.0
1199.52	104.0
1269.44	104.0
1354.76	104.0
1371.64	104.0
1451.4	104.0
321.24	106.0
324.68	106.0
337.2	106.0
339.72	106.0
352.44	106.0
434.52	106.0
470.0	106.0
1222.24	106.0
315.4	107.0
354.44	107.0
309.0	107.0
318.28	107.0
337.08	107.0
341.24	107.0
344.8	107.0
358.44	107.0
365.36	107.0
371.08	107.0
400.8	107.0
405.36	107.0
326.6	108.0
316.04	108.0
336.16	108.0
344.56	108.0
356.8	108.0
366.52	108.0
375.68	108.0
399.28	108.0
411.16	108.0
808.4	108.0
992.92	108.0
1076.04	108.0
1153.64	108.0
1254.96	108.0
1324.6	108.0
1421.32	108.0
312.52	109.0
316.36	109.0
351.8	109.0
574.36	109.0
1041.36	109.0
336.12	110.0
359.96	110.0
365.32	110.0
433.88	110.0
312.44	110.0
339.88	110.0
351.68	110.0
355.28	110.0
592.68	110.0
643.64	110.0
663.6	110.0
1015.92	110.0
1108.24	110.0
1371.64	110.0
1478.0	110.0
312.4	111.0
320.72	111.0
325.84	111.0
333.0	111.0
343.72	111.0
355.08	111.0
360.56	111.0
365.24	111.0
371.36	111.0
375.64	111.0
383.8	111.0
427.52	111.0
453.88	111.0
479.48	111.0
482.24	111.0
497.08	111.0
510.64	111.0
516.28	111.0
542.96	111.0
563.2	111.0
578.8	111.0
591.84	111.0
594.88	111.0
616.92	111.0
633.56	111.0
643.56	111.0
654.04	111.0
678.88	111.0
683.2	111.0
692.32	111.0
722.24	111.0
727.2	111.0
762.76	111.0
773.92	111.0
837.88	111.0
921.2	111.0
945.24	111.0
969.12	111.0
998.12	111.0
1013.48	111.0
1065.84	111.0
1088.44	111.0
1152.08	111.0
1184.08	111.0
1265.96	111.0
1355.28	111.0
1358.96	111.0
1484.72	111.0
321.16	112.0
336.96	112.0
341.96	112.0
351.2	112.0
368.68	112.0
420.68	112.0
427.32	112.0
563.72	112.0
603.44	112.0
317.52	113.0
326.68	113.0
344.96	113.0
369.24	113.0
399.32	113.0
316.76	114.0
320.6	114.0
331.84	114.0
341.0	114.0
345.52	114.0
353.08	114.0
348.28	114.0
365.0	114.0
420.52	114.0
478.2	114.0
364.24	115.0
506.4	115.0
844.04	115.0
312.76	115.0
316.88	115.0
322.48	115.0
330.56	115.0
344.32	115.0
347.56	115.0
351.08	115.0
397.68	115.0
405.84	115.0
415.24	115.0
456.72	115.0
484.64	115.0
517.4	115.0
547.2	115.0
559.56	115.0
592.96	115.0
618.92	115.0
636.4	115.0
652.24	115.0
693.64	115.0
745.84	115.0
772.12	115.0
791.24	115.0
804.92	115.0
822.4	115.0
863.2	115.0
877.84	115.0
901.04	115.0
917.12	115.0
939.72	115.0
956.36	115.0
985.16	115.0
1030.84	115.0
1108.52	115.0
1131.4	115.0
1158.48	115.0
1184.08	115.0
1235.64	115.0
1276.4	115.0
1294.52	115.0
1328.32	115.0
1371.96	115.0
1414.52	115.0
1478.36	115.0
351.56	116.0
372.92	116.0
1289.52	116.0
316.6	116.0
320.24	116.0
326.84	116.0
337.12	116.0
340.2	116.0
342.72	116.0
345.76	116.0
354.6	116.0
359.08	116.0
363.84	116.0
370.28	116.0
375.88	116.0
380.48	116.0
386.76	116.0
395.6	116.0
409.96	116.0
417.16	116.0
426.08	116.0
442.56	116.0
452.36	116.0
463.48	116.0
469.4	116.0
471.92	116.0
514.76	116.0
539.08	116.0
574.32	116.0
592.76	116.0
603.64	116.0
637.32	116.0
679.92	116.0
684.8	116.0
722.88	116.0
772.92	116.0
803.96	116.0
842.12	116.0
898.92	116.0
919.84	116.0
931.28	116.0
1004.6	116.0
1014.12	116.0
1066.36	116.0
1110.68	116.0
1139.68	116.0
1156.36	116.0
1178.16	116.0
1183.4	116.0
1231.24	116.0
1276.76	116.0
1311.16	116.0
1410.64	116.0
324.52	117.0
343.6	117.0
354.72	117.0
378.48	117.0
385.28	117.0
320.56	117.0
336.48	117.0
359.12	117.0
444.44	117.0
624.2	117.0
317.4	118.0
314.16	118.0
321.28	118.0
324.84	118.0
336.76	118.0
340.2	118.0
345.8	118.0
356.56	118.0
360.16	118.0
367.84	118.0
378.32	118.0
393.48	118.0
425.8	118.0
483.84	118.0
498.08	118.0
527.96	118.0
585.52	118.0
619.24	118.0
691.72	118.0
1097.16	118.0
1225.88	118.0
1271.16	118.0
1311.28	118.0
1373.16	118.0
1419.48	118.0
345.32	119.0
348.24	119.0
356.96	119.0
427.72	119.0
480.56	119.0
540.76	119.0
595.68	119.0
725.24	119.0
306.0	120.0
315.24	120.0
320.64	120.0
333.0	120.0
336.44	120.0
344.56	120.0
347.68	120.0
350.72	120.0
357.8	120.0
361.04	120.0
374.56	120.0
378.8	120.0
398.96	120.0
406.64	120.0
444.0	120.0
451.48	120.0
476.92	120.0
500.2	120.0
512.68	120.0
528.56	120.0
801.24	120.0
1473.24	120.0
