336.76	84.0
342.56	84.0
310.36	84.0
314.72	84.0
352.52	84.0
365.68	84.0
1289.8	84.0
1360.76	84.0
346.8	85.0
337.04	85.0
355.72	85.0
374.84	85.0
448.36	85.0
465.92	85.0
692.44	85.0
800.84	85.0
1210.52	85.0
1240.52	85.0
1418.84	85.0
310.48	86.0
324.84	86.0
333.8	86.0
341.48	86.0
349.52	86.0
355.24	86.0
372.64	86.0
375.2	86.0
383.2	86.0
397.44	86.0
408.8	86.0
415.96	86.0
435.88	86.0
445.64	86.0
473.72	86.0
483.52	86.0
496.6	86.0
515.08	86.0
532.92	86.0
544.76	86.0
556.16	86.0
574.6	86.0
631.4	86.0
1189.84	86.0
1194.92	86.0
1201.76	86.0
1211.28	86.0
1219.92	86.0
1235.32	86.0
1243.24	86.0
1253.04	86.0
1257.12	86.0
1270.72	86.0
1277.04	86.0
1281.64	86.0
1284.2	86.0
1289.08	86.0
1294.44	86.0
1301.36	86.0
1307.8	86.0
1315.08	86.0
1319.36	86.0
1327.72	86.0
1331.8	86.0
1339.08	86.0
1345.16	86.0
1352.28	86.0
1358.16	86.0
1366.64	86.0
1371.6	86.0
1376.24	86.0
1380.84	86.0
1386.68	86.0
1413.6	86.0
1440.08	86.0
1455.96	86.0
1468.72	86.0
315.44	86.0
336.4	86.0
345.96	86.0
363.12	86.0
388.32	86.0
1261.36	86.0
1404.56	86.0
1430.56	86.0
353.24	87.0
311.0	87.0
316.0	87.0
325.64	87.0
332.76	87.0
335.6	87.0
338.84	87.0
350.4	87.0
357.44	87.0
365.6	87.0
370.16	87.0
374.56	87.0
380.52	87.0
395.96	87.0
409.76	87.0
443.96	87.0
457.8	87.0
480.12	87.0
490.32	87.0
522.72	87.0
557.56	87.0
580.4	87.0
615.56	87.0
642.6	87.0
706.32	87.0
775.76	87.0
1175.44	87.0
1242.96	87.0
1315.84	87.0
1327.0	87.0
1354.84	87.0
1395.36	87.0
314.84	88.0
340.12	88.0
353.28	88.0
445.84	88.0
479.44	88.0
504.6	88.0
539.72	88.0
571.92	88.0
586.08	88.0
612.32	88.0
1414.88	88.0
1435.72	88.0
302.72	88.0
309.4	88.0
331.08	88.0
348.4	88.0
364.76	88.0
374.04	88.0
389.84	88.0
448.44	88.0
492.8	88.0
517.16	88.0
529.88	88.0
543.32	88.0
554.76	88.0
589.88	88.0
614.84	88.0
628.92	88.0
631.84	88.0
648.92	88.0
652.48	88.0
673.68	88.0
759.64	88.0
958.16	88.0
961.16	88.0
1181.44	88.0
1254.4	88.0
1317.92	88.0
1335.36	88.0
1348.24	88.0
1351.64	88.0
1397.04	88.0
1422.36	88.0
312.68	89.0
331.68	89.0
493.0	89.0
747.4	89.0
1016.28	89.0
1159.24	89.0
1225.6	89.0
355.08	89.0
460.56	89.0
617.36	89.0
724.56	89.0
881.04	89.0
905.28	89.0
1073.88	89.0
1292.48	89.0
1382.28	89.0
333.6	90.0
309.32	90.0
312.04	90.0
315.88	90.0
1199.48	90.0
1235.56	90.0
1292.2	90.0
1304.4	90.0
1308.52	90.0
1317.52	90.0
1343.16	90.0
1432.04	90.0
302.52	91.0
316.16	91.0
342.6	91.0
377.2	91.0
478.24	91.0
737.12	91.0
1274.08	91.0
310.2	92.0
315.12	92.0
321.0	92.0
338.88	92.0
353.56	92.0
362.96	92.0
376.92	92.0
390.0	92.0
415.56	92.0
429.2	92.0
445.92	92.0
459.36	92.0
516.2	92.0
530.08	92.0
550.04	92.0
571.68	92.0
614.8	92.0
649.12	92.0
714.92	92.0
748.44	92.0
796.0	92.0
907.08	92.0
1103.56	92.0
1181.72	92.0
1200.12	92.0
1215.32	92.0
1223.4	92.0
1274.0	92.0
1291.48	92.0
1308.12	92.0
1334.08	92.0
1354.68	92.0
1373.08	92.0
1433.76	92.0
1470.0	92.0
302.88	92.0
333.4	92.0
348.96	92.0
369.92	92.0
398.32	92.0
405.12	92.0
408.24	92.0
434.88	92.0
450.52	92.0
464.52	92.0
472.76	92.0
484.4	92.0
497.6	92.0
546.92	92.0
565.68	92.0
575.08	92.0
587.68	92.0
752.32	92.0
1185.44	92.0
1246.44	92.0
1256.32	92.0
1263.12	92.0
1282.16	92.0
1323.32	92.0
1339.4	92.0
1343.92	92.0
1375.76	92.0
1379.64	92.0
1408.36	92.0
1472.96	92.0
332.92	93.0
350.44	93.0
391.64	93.0
417.52	93.0
441.12	93.0
453.72	93.0
462.6	93.0
538.36	93.0
656.84	94.0
313.6	94.0
338.6	94.0
350.04	94.0
356.84	94.0
408.88	94.0
430.44	94.0
449.8	94.0
474.8	94.0
574.68	94.0
1310.96	94.0
1433.08	94.0
1459.52	94.0
339.04	95.0
368.28	95.0
519.6	95.0
558.4	95.0
593.16	95.0
630.0	95.0
807.96	95.0
1206.8	95.0
1388.68	95.0
302.84	96.0
534.68	96.0
575.92	96.0
629.2	96.0
1243.28	96.0
1303.24	96.0
1358.52	96.0
1385.08	96.0
1430.8	96.0
1454.72	96.0
1479.4	96.0
302.44	97.0
336.6	97.0
473.68	97.0
324.2	97.0
355.64	97.0
405.12	97.0
1269.08	97.0
1396.72	97.0
1438.4	97.0
309.84	98.0
597.72	98.0
1388.92	98.0
361.4	99.0
309.88	99.0
313.64	99.0
317.12	99.0
324.04	99.0
331.8	99.0
346.24	99.0
351.0	99.0
389.32	99.0
420.36	99.0
489.44	99.0
501.24	99.0
513.96	99.0
525.76	99.0
537.56	99.0
597.08	99.0
612.08	99.0
815.64	99.0
914.84	99.0
1193.56	99.0
1212.8	99.0
1218.72	99.0
1240.16	99.0
1256.32	99.0
1284.68	99.0
1304.36	99.0
1316.48	99.0
1335.36	99.0
1374.4	99.0
315.16	100.0
324.92	100.0
332.88	100.0
336.24	100.0
340.84	100.0
469.68	100.0
514.56	100.0
523.36	100.0
538.08	100.0
926.48	100.0
1382.24	100.0
302.56	101.0
316.32	101.0
332.56	101.0
346.08	101.0
451.6	101.0
302.64	102.0
332.68	102.0
750.96	102.0
363.48	102.0
1274.08	102.0
1291.6	102.0
1470.16	102.0
576.72	103.0
1354.68	104.0
1357.64	104.0
312.36	104.0
316.04	104.0
336.12	104.0
343.8	104.0
349.76	104.0
356.92	104.0
360.48	104.0
366.88	104.0
374.28	104.0
390.2	104.0
397.6	104.0
418.12	104.0
429.44	104.0
453.16	104.0
463.4	104.0
480.4	104.0
485.08	104.0
508.84	104.0
519.6	104.0
533.0	104.0
593.0	104.0
604.8	104.0
653.32	104.0
670.04	104.0
686.52	104.0
711.08	104.0
723.08	104.0
752.4	104.0
1203.68	104.0
1245.48	104.0
1271.2	104.0
1286.68	104.0
1298.28	104.0
1308.8	104.0
1322.6	104.0
1338.28	104.0
1369.16	104.0
1392.24	104.0
1453.96	104.0
310.64	106.0
342.28	106.0
417.36	106.0
1357.72	106.0
1390.28	106.0
309.52	107.0
335.4	107.0
343.28	107.0
358.4	107.0
364.68	107.0
380.36	107.0
393.72	107.0
415.2	107.0
433.28	107.0
461.44	107.0
476.72	107.0
502.48	107.0
517.96	107.0
532.56	107.0
537.44	107.0
550.48	107.0
572.08	107.0
588.28	107.0
610.08	107.0
631.04	107.0
637.16	107.0
653.52	107.0
681.2	107.0
703.52	107.0
775.28	107.0
802.28	107.0
835.64	107.0
907.96	107.0
1192.96	107.0
1219.8	107.0
1231.44	107.0
1261.2	107.0
1273.88	107.0
1317.08	107.0
1388.68	107.0
1157.8	108.0
317.76	108.0
324.84	108.0
339.0	108.0
353.2	108.0
364.2	108.0
388.68	108.0
414.16	108.0
438.44	108.0
462.56	108.0
490.24	108.0
524.48	108.0
597.72	108.0
1220.0	108.0
1249.36	108.0
1275.64	108.0
1321.04	108.0
1348.0	108.0
1374.68	108.0
1393.8	108.0
1418.72	108.0
1466.6	108.0
340.12	109.0
1263.0	109.0
1472.2	109.0
429.28	109.0
1326.32	109.0
333.36	110.0
354.0	110.0
383.0	110.0
560.92	110.0
1301.32	110.0
1367.12	110.0
314.72	110.0
348.28	110.0
357.04	110.0
362.72	110.0
465.2	110.0
477.72	110.0
685.2	110.0
1281.12	110.0
1382.76	110.0
1451.08	110.0
310.48	111.0
314.88	111.0
384.24	111.0
631.12	111.0
1183.0	111.0
1206.16	111.0
1270.36	111.0
1449.92	111.0
333.48	111.0
339.6	111.0
343.6	111.0
350.36	111.0
353.4	111.0
358.68	111.0
363.32	111.0
376.52	111.0
389.48	111.0
398.32	111.0
403.2	111.0
413.56	111.0
419.68	111.0
427.64	111.0
430.48	111.0
443.12	111.0
449.24	111.0
463.2	111.0
471.68	111.0
477.32	111.0
486.76	111.0
493.8	111.0
507.96	111.0
533.92	111.0
551.08	111.0
567.12	111.0
576.44	111.0
592.96	111.0
608.0	111.0
620.16	111.0
669.4	111.0
679.72	111.0
697.84	111.0
714.0	111.0
735.8	111.0
749.72	111.0
765.76	111.0
799.76	111.0
820.8	111.0
1210.44	111.0
1226.4	111.0
1275.88	111.0
1289.88	111.0
1295.2	111.0
1301.44	111.0
1310.28	111.0
1337.2	111.0
1355.28	111.0
1373.64	111.0
1392.6	111.0
1415.16	111.0
1422.68	111.0
1436.76	111.0
1453.84	111.0
1472.72	111.0
316.52	112.0
391.96	112.0
335.32	112.0
342.68	112.0
381.12	112.0
405.68	112.0
492.0	112.0
554.6	112.0
669.16	112.0
1239.08	112.0
1348.12	112.0
1385.6	112.0
317.8	113.0
324.36	113.0
337.56	113.0
344.6	113.0
364.08	113.0
382.0	113.0
413.72	113.0
512.64	113.0
1290.64	113.0
311.68	114.0
316.52	114.0
338.72	114.0
350.36	114.0
365.0	114.0
409.84	114.0
342.44	114.0
576.28	115.0
1234.8	115.0
1238.8	115.0
1451.08	115.0
312.16	115.0
314.76	115.0
324.68	115.0
330.04	115.0
333.92	115.0
340.6	115.0
348.48	115.0
363.0	115.0
371.64	115.0
392.8	115.0
406.88	115.0
420.0	115.0
427.24	115.0
439.0	115.0
465.48	115.0
493.0	115.0
503.68	115.0
530.88	115.0
569.08	115.0
619.08	115.0
658.28	115.0
768.84	115.0
924.68	115.0
1186.04	115.0
1220.16	115.0
1245.84	115.0
1291.84	115.0
1308.0	115.0
1343.8	115.0
1367.92	115.0
1373.44	115.0
1383.0	115.0
1401.12	115.0
1430.24	115.0
347.68	116.0
360.24	116.0
363.04	116.0
1308.56	116.0
312.36	116.0
314.88	116.0
331.12	116.0
339.2	116.0
342.88	116.0
354.28	116.0
369.56	116.0
376.84	116.0
383.0	116.0
389.52	116.0
403.12	116.0
412.96	116.0
425.76	116.0
435.84	116.0
460.12	116.0
490.96	116.0
751.6	116.0
1090.36	116.0
1159.4	116.0
1184.44	116.0
1189.56	116.0
1200.84	116.0
1211.64	116.0
1234.8	116.0
1238.44	116.0
1243.4	116.0
1251.44	116.0
1263.04	116.0
1273.24	116.0
1287.04	116.0
1291.68	116.0
1301.2	116.0
1314.0	116.0
1321.12	116.0
1326.12	116.0
1351.24	116.0
1364.72	116.0
1384.36	116.0
1394.08	116.0
1398.96	116.0
1434.24	116.0
1473.0	116.0
1482.68	116.0
343.64	117.0
353.84	117.0
381.76	117.0
408.72	117.0
423.96	117.0
449.2	117.0
309.64	117.0
333.76	117.0
339.92	117.0
349.0	117.0
363.64	117.0
368.88	117.0
389.8	117.0
477.92	117.0
561.32	117.0
631.2	117.0
1183.0	117.0
1206.28	117.0
1270.48	117.0
1281.32	117.0
1312.08	117.0
1338.0	117.0
1367.52	117.0
1400.52	117.0
1300.96	118.0
310.0	118.0
338.04	118.0
343.8	118.0
349.48	118.0
383.16	118.0
405.12	118.0
426.56	118.0
451.84	118.0
479.4	118.0
504.48	118.0
534.8	118.0
551.04	118.0
574.88	118.0
607.4	118.0
651.0	118.0
678.8	118.0
706.04	118.0
738.2	118.0
769.36	118.0
801.28	118.0
842.44	118.0
1208.36	118.0
1242.92	118.0
1295.16	118.0
1303.76	118.0
1315.44	118.0
1329.2	118.0
1356.16	118.0
1388.4	118.0
1479.16	118.0
309.76	119.0
343.92	119.0
330.88	119.0
334.2	119.0
380.08	119.0
452.8	119.0
1272.56	119.0
317.32	120.0
334.76	120.0
353.52	120.0
360.96	120.0
365.32	120.0
380.6	120.0
386.0	120.0
405.2	120.0
432.84	120.0
462.28	120.0
476.28	120.0
536.88	120.0
554.12	120.0
629.36	120.0
706.92	120.0
845.92	120.0
1351.2	120.0
