334.84	85.0
319.72	85.0
380.96	85.0
400.48	85.0
503.72	85.0
524.08	85.0
569.56	85.0
587.48	85.0
668.08	85.0
808.08	85.0
1011.36	85.0
1310.12	85.0
306.84	86.0
328.64	86.0
335.64	86.0
342.2	86.0
345.4	86.0
358.8	86.0
370.36	86.0
377.56	86.0
397.68	86.0
401.04	86.0
427.28	86.0
462.4	86.0
482.8	86.0
503.16	86.0
535.6	86.0
546.8	86.0
1259.4	86.0
1282.88	86.0
1305.24	86.0
312.16	86.0
317.28	86.0
321.96	86.0
325.72	86.0
331.64	86.0
339.08	86.0
355.2	86.0
373.36	86.0
383.64	86.0
417.0	86.0
492.84	86.0
517.12	86.0
542.28	86.0
603.88	86.0
628.84	86.0
665.4	86.0
840.08	86.0
989.44	86.0
1183.24	86.0
1197.64	86.0
1226.76	86.0
317.36	87.0
369.48	87.0
969.0	87.0
1202.48	87.0
307.08	87.0
314.0	87.0
321.52	87.0
326.16	87.0
337.36	87.0
348.68	87.0
355.96	87.0
391.16	87.0
461.88	87.0
565.92	87.0
702.28	87.0
735.4	87.0
766.68	87.0
888.4	87.0
896.28	87.0
1076.64	87.0
1168.84	87.0
1172.52	87.0
1180.44	87.0
1250.08	87.0
1286.96	87.0
302.88	88.0
359.24	88.0
367.2	88.0
372.88	88.0
375.76	88.0
512.92	88.0
66.92	88.0
306.12	88.0
310.88	88.0
314.84	88.0
322.4	88.0
348.24	88.0
450.72	88.0
650.76	88.0
1024.72	88.0
1266.44	88.0
311.0	89.0
331.8	89.0
342.88	89.0
348.88	89.0
359.8	89.0
383.68	89.0
432.64	89.0
660.52	89.0
875.52	89.0
942.96	89.0
1119.92	89.0
1162.72	89.0
317.44	90.0
333.32	90.0
314.84	90.0
328.68	90.0
353.08	90.0
377.44	90.0
430.28	90.0
473.96	90.0
496.36	90.0
613.72	90.0
660.24	90.0
737.6	90.0
763.2	90.0
841.84	90.0
875.2	90.0
968.48	90.0
979.4	90.0
1012.4	90.0
1229.64	90.0
306.0	91.0
318.88	91.0
330.36	91.0
357.68	91.0
384.64	91.0
430.52	91.0
1224.0	91.0
314.08	92.0
327.72	92.0
337.6	92.0
387.04	92.0
302.76	92.0
322.6	92.0
344.96	92.0
369.36	92.0
377.0	92.0
782.04	92.0
939.92	92.0
987.28	92.0
1170.88	92.0
1198.24	92.0
1264.28	92.0
1292.64	92.0
1298.2	92.0
302.64	93.0
310.52	93.0
336.16	93.0
347.04	93.0
378.68	93.0
587.88	93.0
633.8	93.0
1116.32	93.0
318.8	93.0
321.8	94.0
526.64	94.0
1231.4	94.0
316.88	94.0
341.08	94.0
358.72	94.0
367.52	94.0
378.52	94.0
422.48	94.0
447.52	94.0
468.56	94.0
606.96	94.0
333.32	95.0
1232.48	95.0
309.96	96.0
372.52	96.0
306.4	97.0
313.44	97.0
331.76	97.0
334.28	97.0
378.32	97.0
331.28	98.0
371.64	98.0
401.16	98.0
716.32	98.0
359.6	99.0
306.8	99.0
314.0	99.0
319.16	99.0
325.28	99.0
331.0	99.0
336.4	99.0
343.8	99.0
350.88	99.0
368.52	99.0
374.48	99.0
391.88	99.0
1017.52	99.0
1054.4	99.0
1173.36	99.0
1207.84	99.0
1299.24	99.0
313.88	100.0
84.4	100.0
307.48	100.0
333.2	100.0
337.28	100.0
358.0	100.0
391.76	100.0
402.4	100.0
519.84	100.0
571.28	100.0
675.16	100.0
719.28	100.0
752.28	100.0
891.52	100.0
993.24	100.0
1012.16	100.0
1054.24	100.0
1107.48	100.0
1150.68	100.0
1298.76	100.0
1327.72	100.0
315.32	101.0
324.92	101.0
358.0	101.0
385.84	101.0
325.04	102.0
337.32	102.0
385.56	102.0
307.24	103.0
313.44	103.0
393.32	103.0
368.04	103.0
1277.4	103.0
393.28	104.0
310.68	104.0
317.64	104.0
323.96	104.0
330.4	104.0
337.08	104.0
340.56	104.0
343.28	104.0
355.6	104.0
363.6	104.0
369.08	104.0
379.56	104.0
385.8	104.0
396.88	104.0
418.84	104.0
449.92	104.0
586.56	104.0
652.2	104.0
742.2	104.0
807.36	104.0
984.0	104.0
1238.0	104.0
1284.04	104.0
348.36	106.0
365.2	106.0
464.32	106.0
308.96	107.0
319.2	107.0
340.6	107.0
356.88	107.0
369.48	107.0
376.88	107.0
383.88	107.0
414.36	107.0
429.92	107.0
475.44	107.0
541.4	107.0
714.96	107.0
782.32	107.0
872.04	107.0
962.92	107.0
1050.52	107.0
1146.44	107.0
1199.12	107.0
1254.4	107.0
1330.08	107.0
2.52	108.0
309.24	108.0
319.8	108.0
328.32	108.0
336.36	108.0
362.24	108.0
407.6	108.0
442.44	108.0
492.72	108.0
825.24	108.0
900.32	108.0
951.0	108.0
1013.2	108.0
1059.84	108.0
1134.6	108.0
1164.8	108.0
1199.64	108.0
328.36	109.0
385.2	109.0
398.08	109.0
613.44	109.0
1012.2	109.0
327.8	110.0
348.24	110.0
391.16	110.0
481.36	110.0
567.16	110.0
314.92	110.0
362.16	110.0
372.28	110.0
416.48	110.0
442.24	110.0
466.16	110.0
488.68	110.0
316.96	111.0
367.84	111.0
972.24	111.0
306.08	111.0
308.6	111.0
313.36	111.0
323.88	111.0
333.16	111.0
338.24	111.0
342.88	111.0
345.56	111.0
348.24	111.0
359.44	111.0
378.32	111.0
385.32	111.0
391.24	111.0
397.4	111.0
408.84	111.0
430.52	111.0
442.2	111.0
466.36	111.0
469.92	111.0
585.92	111.0
640.44	111.0
680.8	111.0
762.52	111.0
793.76	111.0
837.88	111.0
872.84	111.0
1008.32	111.0
1091.64	111.0
1129.96	111.0
1226.6	111.0
1298.88	111.0
315.68	112.0
320.32	112.0
330.16	112.0
333.56	112.0
352.72	112.0
461.0	112.0
606.96	112.0
793.48	112.0
798.6	112.0
854.28	112.0
1008.64	112.0
331.32	113.0
347.2	113.0
364.48	113.0
317.44	114.0
320.04	114.0
333.68	114.0
344.28	114.0
359.48	114.0
369.12	114.0
384.28	115.0
399.64	115.0
416.6	115.0
452.0	115.0
22.28	115.0
310.68	115.0
316.04	115.0
329.08	115.0
339.08	115.0
342.16	115.0
350.12	115.0
354.56	115.0
366.96	115.0
378.8	115.0
393.08	115.0
405.28	115.0
440.8	115.0
488.96	115.0
552.52	115.0
621.6	115.0
799.48	115.0
1207.76	115.0
1268.12	115.0
1346.56	115.0
378.4	116.0
442.12	116.0
479.0	116.0
628.92	116.0
308.8	116.0
313.72	116.0
317.72	116.0
323.68	116.0
326.4	116.0
328.92	116.0
333.52	116.0
338.48	116.0
342.68	116.0
345.2	116.0
349.48	116.0
355.6	116.0
360.64	116.0
365.76	116.0
373.32	116.0
384.44	116.0
391.12	116.0
398.16	116.0
406.32	116.0
553.56	116.0
643.96	116.0
646.56	116.0
674.48	116.0
738.04	116.0
800.08	116.0
841.72	116.0
884.92	116.0
919.88	116.0
942.4	116.0
970.24	116.0
977.4	116.0
995.64	116.0
1011.64	116.0
1123.68	116.0
1152.8	116.0
1166.88	116.0
1233.0	116.0
1247.88	116.0
1262.0	116.0
1296.04	116.0
1328.44	116.0
308.76	117.0
365.2	117.0
378.28	117.0
430.44	117.0
315.16	117.0
338.52	117.0
343.16	117.0
359.76	117.0
374.84	117.0
529.12	117.0
338.04	118.0
760.72	118.0
306.64	118.0
313.2	118.0
317.4	118.0
327.08	118.0
332.68	118.0
350.48	118.0
357.08	118.0
361.96	118.0
375.68	118.0
379.72	118.0
386.64	118.0
311.56	119.0
355.96	119.0
395.4	119.0
427.4	119.0
952.76	119.0
318.96	120.0
328.36	120.0
364.32	120.0
460.48	120.0
484.68	120.0
577.84	120.0
598.52	120.0
641.12	120.0
773.4	120.0
798.0	120.0
806.48	120.0
872.4	120.0
876.28	120.0
925.16	120.0
1221.32	120.0
1260.12	120.0
