307.6	84.0
332.24	85.0
594.08	85.0
983.44	85.0
1072.4	85.0
1239.08	85.0
1264.92	85.0
5.68	86.0
94.04	86.0
228.16	86.0
244.8	86.0
306.6	86.0
339.64	86.0
358.36	86.0
370.8	86.0
389.6	86.0
449.96	86.0
477.88	86.0
592.4	86.0
850.68	86.0
864.36	86.0
898.08	86.0
930.44	86.0
956.6	86.0
997.0	86.0
1223.2	86.0
1274.48	86.0
1308.68	86.0
1345.88	86.0
1352.32	86.0
1380.44	86.0
29.68	86.0
42.68	86.0
157.48	86.0
248.4	86.0
285.08	86.0
311.32	86.0
318.08	86.0
326.44	86.0
329.64	86.0
336.52	86.0
353.04	86.0
378.44	86.0
823.16	86.0
870.76	86.0
890.16	86.0
916.6	86.0
925.6	86.0
1020.52	86.0
1028.6	86.0
1302.6	86.0
1355.92	86.0
1368.88	86.0
7.68	87.0
44.96	87.0
58.08	87.0
140.64	87.0
159.44	87.0
238.56	87.0
307.16	87.0
313.84	87.0
317.92	87.0
322.64	87.0
327.8	87.0
333.68	87.0
344.08	87.0
351.6	87.0
828.0	87.0
853.24	87.0
871.4	87.0
1084.28	87.0
1225.32	87.0
302.76	88.0
403.36	88.0
433.8	88.0
494.68	88.0
655.52	88.0
270.84	88.0
288.48	88.0
307.24	88.0
315.64	88.0
320.76	88.0
339.92	88.0
362.04	88.0
422.24	88.0
802.68	88.0
980.88	88.0
995.68	88.0
1194.08	88.0
1236.16	88.0
1248.96	88.0
1298.6	88.0
220.12	89.0
289.4	89.0
307.44	89.0
326.2	89.0
332.12	89.0
353.44	89.0
401.08	89.0
460.36	89.0
533.88	89.0
657.2	89.0
738.64	89.0
798.2	89.0
826.8	89.0
1037.32	89.0
1243.52	89.0
1338.52	89.0
26.6	90.0
75.68	90.0
114.28	90.0
193.56	90.0
219.8	90.0
312.16	90.0
316.76	90.0
325.84	90.0
342.6	90.0
365.44	90.0
376.68	90.0
400.8	90.0
494.04	90.0
639.0	90.0
872.28	90.0
926.96	90.0
937.16	90.0
1086.36	90.0
1100.4	90.0
1134.32	90.0
1243.2	90.0
1284.36	90.0
317.36	91.0
167.68	91.0
244.96	91.0
492.76	91.0
306.64	92.0
324.64	92.0
44.24	92.0
182.08	92.0
208.12	92.0
245.96	92.0
302.52	92.0
315.64	92.0
328.48	92.0
375.76	92.0
399.92	92.0
657.92	92.0
692.32	92.0
807.36	92.0
818.16	92.0
853.72	92.0
904.48	92.0
970.92	92.0
1008.88	92.0
1018.96	92.0
1055.36	92.0
1063.8	92.0
1087.64	92.0
1142.72	92.0
1154.28	92.0
1179.28	92.0
1223.0	92.0
1277.96	92.0
1292.12	92.0
1297.04	92.0
1304.32	92.0
1329.2	92.0
281.84	93.0
306.92	93.0
690.32	93.0
917.6	93.0
318.44	93.0
426.24	93.0
400.4	94.0
1086.68	94.0
1338.08	94.0
96.28	94.0
319.52	94.0
359.2	94.0
431.4	94.0
1254.04	94.0
306.12	95.0
309.16	95.0
504.56	95.0
850.84	95.0
1042.52	95.0
306.16	96.0
1363.28	96.0
325.72	97.0
333.36	97.0
239.6	97.0
426.24	97.0
589.04	98.0
1261.72	98.0
258.88	99.0
306.2	99.0
313.36	99.0
320.24	99.0
328.0	99.0
336.0	99.0
587.04	99.0
657.08	99.0
777.4	99.0
864.92	99.0
1206.32	99.0
1296.0	99.0
865.2	100.0
82.8	100.0
182.8	100.0
306.44	100.0
533.64	100.0
633.16	100.0
753.68	100.0
775.2	100.0
933.88	100.0
1071.84	100.0
1188.84	100.0
1362.4	100.0
1373.76	100.0
317.92	101.0
318.08	102.0
318.28	103.0
426.12	103.0
307.12	103.0
1035.48	103.0
426.08	104.0
2.52	104.0
35.6	104.0
67.92	104.0
135.76	104.0
282.56	104.0
307.28	104.0
311.2	104.0
317.56	104.0
324.92	104.0
331.72	104.0
341.2	104.0
352.16	104.0
401.4	104.0
432.48	104.0
576.04	104.0
702.8	104.0
762.12	104.0
818.36	104.0
868.32	104.0
898.92	104.0
1079.08	104.0
1087.68	104.0
1110.92	104.0
1369.32	104.0
44.0	106.0
130.04	106.0
515.16	106.0
373.68	107.0
139.84	107.0
179.08	107.0
194.96	107.0
209.32	107.0
224.36	107.0
280.04	107.0
284.72	107.0
319.24	107.0
351.84	107.0
360.16	107.0
529.76	107.0
586.96	107.0
621.84	107.0
653.28	107.0
666.4	107.0
787.92	107.0
887.24	107.0
975.64	107.0
1051.72	107.0
1279.28	107.0
1320.44	107.0
1348.72	107.0
1373.2	107.0
86.52	108.0
288.76	108.0
306.68	108.0
323.76	108.0
378.8	108.0
777.36	108.0
867.2	108.0
961.4	108.0
1199.36	108.0
1367.84	108.0
81.76	109.0
291.24	109.0
936.88	109.0
1100.16	109.0
1134.04	109.0
659.68	109.0
1089.92	109.0
214.68	110.0
459.56	110.0
205.08	110.0
255.28	110.0
291.36	110.0
307.36	110.0
318.24	110.0
324.96	110.0
328.08	110.0
373.8	110.0
412.28	110.0
473.68	110.0
1132.84	110.0
1331.6	110.0
1366.36	110.0
856.72	111.0
1074.56	111.0
35.6	111.0
92.88	111.0
113.88	111.0
157.56	111.0
176.72	111.0
251.88	111.0
292.84	111.0
302.76	111.0
308.64	111.0
338.52	111.0
353.88	111.0
451.76	111.0
459.72	111.0
558.24	111.0
587.2	111.0
632.04	111.0
724.2	111.0
743.96	111.0
777.36	111.0
851.48	111.0
926.36	111.0
943.04	111.0
1043.92	111.0
1086.04	111.0
1247.04	111.0
1319.36	111.0
1331.52	111.0
1373.96	111.0
318.4	112.0
93.04	112.0
246.12	112.0
426.88	112.0
1202.12	112.0
1247.88	112.0
1364.76	112.0
316.92	114.0
306.56	114.0
1291.52	114.0
40.72	115.0
57.96	115.0
291.6	115.0
322.0	115.0
326.52	115.0
412.48	115.0
841.64	115.0
1035.84	115.0
1238.72	115.0
1344.24	115.0
35.48	116.0
87.88	116.0
112.84	116.0
204.92	116.0
306.96	116.0
320.76	116.0
373.8	116.0
387.76	116.0
474.6	116.0
558.32	116.0
943.12	116.0
1085.92	116.0
1088.72	116.0
1133.64	116.0
1326.6	116.0
13.84	116.0
32.4	116.0
48.76	116.0
64.16	116.0
84.96	116.0
95.64	116.0
132.48	116.0
142.88	116.0
160.0	116.0
185.44	116.0
254.92	116.0
278.28	116.0
297.52	116.0
302.68	116.0
310.36	116.0
316.24	116.0
325.16	116.0
336.92	116.0
350.96	116.0
384.76	116.0
401.32	116.0
772.92	116.0
806.64	116.0
909.12	116.0
953.2	116.0
1012.88	116.0
1022.08	116.0
1075.32	116.0
1101.32	116.0
1117.76	116.0
1153.0	116.0
1196.56	116.0
1261.04	116.0
1285.0	116.0
1298.6	116.0
1314.68	116.0
1319.08	116.0
1323.84	116.0
1369.0	116.0
309.12	117.0
385.2	117.0
407.08	117.0
430.04	117.0
856.8	117.0
306.28	118.0
312.2	118.0
319.16	118.0
322.56	118.0
325.4	118.0
334.36	118.0
339.48	118.0
349.56	118.0
382.24	118.0
1093.52	118.0
339.52	119.0
227.8	119.0
311.76	119.0
356.88	119.0
428.6	119.0
540.0	119.0
776.88	119.0
1324.0	119.0
1369.32	119.0
31.72	120.0
145.88	120.0
158.32	120.0
291.16	120.0
330.56	120.0
360.12	120.0
432.88	120.0
529.0	120.0
565.52	120.0
712.28	120.0
847.16	120.0
917.84	120.0
991.36	120.0
1010.76	120.0
1116.88	120.0
1291.12	120.0
1333.48	120.0
