306.68	84.0
348.04	84.0
17.72	85.0
67.24	85.0
89.76	85.0
122.44	85.0
138.2	85.0
165.96	85.0
178.48	85.0
185.16	85.0
233.44	85.0
293.88	85.0
306.2	85.0
325.8	85.0
524.12	85.0
595.4	85.0
766.36	85.0
988.04	85.0
1303.72	85.0
1329.08	85.0
46.24	86.0
70.36	86.0
92.8	86.0
110.64	86.0
228.88	86.0
246.28	86.0
297.12	86.0
306.96	86.0
323.0	86.0
342.96	86.0
361.12	86.0
427.76	86.0
497.28	86.0
500.32	86.0
613.28	86.0
664.2	86.0
685.36	86.0
725.08	86.0
743.12	86.0
785.96	86.0
804.0	86.0
836.36	86.0
839.48	86.0
862.28	86.0
900.48	86.0
933.84	86.0
945.56	86.0
953.28	86.0
987.28	86.0
1004.96	86.0
1026.72	86.0
1036.08	86.0
1075.56	86.0
1103.64	86.0
1138.64	86.0
1167.52	86.0
1190.36	86.0
1206.8	86.0
1260.76	86.0
1286.48	86.0
1298.8	86.0
1324.72	86.0
1339.8	86.0
1397.12	86.0
1414.16	86.0
1436.08	86.0
315.44	86.0
346.76	86.0
656.76	86.0
964.92	86.0
1056.48	86.0
296.76	87.0
766.56	87.0
40.68	87.0
87.52	87.0
136.48	87.0
151.56	87.0
315.16	87.0
325.0	87.0
407.88	87.0
534.8	87.0
752.6	87.0
1032.24	87.0
1082.96	87.0
1182.76	87.0
1402.64	87.0
1416.68	87.0
88.72	88.0
302.88	88.0
344.36	88.0
1027.84	88.0
1358.4	88.0
125.36	88.0
133.24	88.0
242.44	88.0
729.48	88.0
858.08	88.0
1047.16	88.0
1159.72	88.0
1212.52	88.0
1434.04	88.0
69.08	89.0
88.92	89.0
315.0	89.0
643.56	89.0
660.2	89.0
1284.92	89.0
1292.28	89.0
1359.52	89.0
340.8	90.0
357.84	90.0
373.64	90.0
422.04	90.0
465.88	90.0
520.6	90.0
525.28	90.0
559.44	90.0
659.88	90.0
696.04	90.0
732.56	90.0
803.48	90.0
825.24	90.0
859.32	90.0
918.28	90.0
938.12	90.0
1012.88	90.0
1070.4	90.0
1094.84	90.0
1160.08	90.0
1176.92	90.0
1284.64	90.0
1350.64	90.0
1381.04	90.0
1412.32	90.0
180.36	92.0
12.76	92.0
84.68	92.0
105.92	92.0
124.72	92.0
184.32	92.0
246.64	92.0
302.52	92.0
308.56	92.0
582.64	92.0
598.52	92.0
610.92	92.0
640.64	92.0
716.2	92.0
726.96	92.0
746.16	92.0
752.28	92.0
827.6	92.0
888.04	92.0
918.32	92.0
980.2	92.0
1038.52	92.0
1317.52	92.0
1400.16	92.0
1476.24	92.0
21.48	93.0
39.12	93.0
72.0	93.0
88.64	93.0
131.36	93.0
176.96	93.0
211.0	93.0
270.92	93.0
294.68	93.0
327.32	93.0
433.2	93.0
523.44	93.0
597.44	93.0
18.68	93.0
302.92	93.0
369.4	93.0
762.36	93.0
433.96	94.0
563.8	94.0
744.08	94.0
1171.6	94.0
1457.16	94.0
5.88	94.0
177.32	94.0
294.92	94.0
1388.96	94.0
1443.48	94.0
22.16	95.0
223.0	95.0
297.84	95.0
517.84	95.0
921.88	95.0
1287.36	95.0
328.68	96.0
372.8	96.0
659.72	97.0
176.88	97.0
922.44	97.0
1355.72	97.0
1437.48	97.0
306.32	98.0
43.44	99.0
89.84	99.0
107.6	99.0
217.84	99.0
246.12	99.0
306.2	99.0
371.84	99.0
465.52	99.0
714.84	99.0
744.6	99.0
773.36	99.0
890.88	99.0
1122.4	99.0
1147.44	99.0
1278.2	99.0
32.08	100.0
89.2	100.0
107.08	100.0
164.76	100.0
214.08	100.0
216.76	100.0
289.8	100.0
296.92	100.0
345.92	100.0
455.48	100.0
558.6	100.0
597.52	100.0
762.92	100.0
811.36	100.0
818.0	100.0
891.48	100.0
1015.92	100.0
1145.88	100.0
1152.28	100.0
1235.28	100.0
1270.72	100.0
1329.64	100.0
1398.96	100.0
1432.16	100.0
465.2	102.0
308.64	103.0
873.32	103.0
175.0	104.0
269.36	104.0
293.8	104.0
369.24	104.0
431.6	104.0
521.48	104.0
593.08	104.0
766.52	104.0
24.08	104.0
44.12	104.0
46.84	104.0
110.6	104.0
159.2	104.0
243.24	104.0
299.48	104.0
314.88	104.0
472.16	104.0
564.6	104.0
955.12	104.0
976.32	104.0
1109.12	104.0
1309.56	104.0
1333.12	104.0
770.84	106.0
307.8	107.0
316.76	107.0
327.72	107.0
503.32	107.0
524.84	107.0
586.12	107.0
619.8	107.0
631.72	107.0
662.72	107.0
732.6	107.0
763.16	107.0
800.2	107.0
867.52	107.0
883.68	107.0
938.08	107.0
976.2	107.0
1050.8	107.0
1090.24	107.0
1230.04	107.0
1289.56	107.0
1316.24	107.0
1382.28	107.0
1398.72	107.0
1459.2	107.0
37.36	108.0
107.08	108.0
218.32	108.0
297.28	108.0
306.36	108.0
322.88	108.0
358.96	108.0
465.88	108.0
561.0	108.0
592.84	108.0
767.44	108.0
787.2	108.0
895.28	108.0
1026.04	108.0
1253.6	108.0
1277.92	108.0
465.64	109.0
642.96	109.0
937.88	109.0
41.52	110.0
372.96	110.0
476.32	110.0
23.52	110.0
177.84	110.0
296.64	110.0
624.92	110.0
934.0	110.0
1013.76	110.0
1082.24	110.0
1147.36	110.0
1437.08	110.0
1295.32	111.0
6.28	111.0
21.4	111.0
43.64	111.0
94.56	111.0
103.96	111.0
113.56	111.0
124.88	111.0
150.72	111.0
179.28	111.0
206.2	111.0
255.0	111.0
274.8	111.0
296.56	111.0
302.84	111.0
308.88	111.0
340.68	111.0
437.04	111.0
466.52	111.0
476.48	111.0
564.0	111.0
587.76	111.0
616.44	111.0
643.84	111.0
662.44	111.0
719.76	111.0
723.72	111.0
787.72	111.0
914.52	111.0
947.4	111.0
1010.64	111.0
1102.56	111.0
1154.6	111.0
1207.16	111.0
1243.88	111.0
1324.16	111.0
1384.68	111.0
1392.32	111.0
1406.32	111.0
1416.6	111.0
1476.92	111.0
131.48	112.0
185.72	112.0
374.64	112.0
536.12	112.0
774.96	112.0
1329.0	112.0
947.76	113.0
348.96	114.0
551.92	114.0
867.2	114.0
131.16	115.0
306.12	115.0
879.52	115.0
23.8	115.0
59.04	115.0
90.32	115.0
185.88	115.0
218.76	115.0
296.92	115.0
346.84	115.0
388.28	115.0
1338.4	115.0
148.32	116.0
309.24	116.0
518.6	116.0
530.96	116.0
580.12	116.0
683.92	116.0
1356.2	116.0
167.88	116.0
262.0	116.0
298.88	116.0
314.76	116.0
350.6	116.0
375.96	116.0
563.08	116.0
585.96	116.0
602.8	116.0
614.84	116.0
836.44	116.0
973.36	116.0
1011.08	116.0
1036.48	116.0
1093.84	116.0
1128.08	116.0
1154.8	116.0
1273.68	116.0
1298.96	116.0
1366.44	116.0
1435.92	116.0
48.64	117.0
372.52	117.0
104.28	117.0
179.6	117.0
315.0	117.0
415.48	117.0
465.24	117.0
625.2	117.0
644.16	117.0
1026.28	117.0
1299.12	117.0
1395.36	117.0
307.04	118.0
336.52	118.0
1280.64	118.0
312.0	119.0
659.2	119.0
827.76	119.0
914.32	119.0
1171.84	119.0
1381.24	120.0
67.2	120.0
112.92	120.0
204.4	120.0
246.24	120.0
252.72	120.0
551.6	120.0
661.84	120.0
1124.64	120.0
1399.44	120.0
1441.64	120.0
