190.6	84.0
203.24	85.0
264.4	85.0
308.4	85.0
337.04	85.0
470.12	85.0
894.2	85.0
1022.36	85.0
1328.56	85.0
97.88	86.0
108.2	86.0
117.68	86.0
137.88	86.0
160.72	86.0
198.8	86.0
237.2	86.0
260.36	86.0
294.4	86.0
322.72	86.0
332.6	86.0
389.52	86.0
404.6	86.0
426.8	86.0
462.32	86.0
472.28	86.0
566.16	86.0
643.6	86.0
768.84	86.0
781.2	86.0
794.44	86.0
869.24	86.0
885.72	86.0
898.36	86.0
910.96	86.0
944.88	86.0
956.36	86.0
984.36	86.0
1025.32	86.0
1084.36	86.0
1105.04	86.0
1149.72	86.0
1267.8	86.0
1306.48	86.0
1327.64	86.0
1356.64	86.0
1379.28	86.0
242.04	86.0
310.68	86.0
319.04	86.0
326.64	86.0
336.64	86.0
497.88	86.0
34.72	87.0
60.64	87.0
87.16	87.0
120.76	87.0
170.04	87.0
245.84	87.0
254.76	87.0
307.28	87.0
315.08	87.0
327.4	87.0
335.56	87.0
344.84	87.0
361.28	87.0
391.92	87.0
443.8	87.0
769.24	87.0
837.0	87.0
852.84	87.0
865.68	87.0
893.08	87.0
904.2	87.0
1062.32	87.0
1086.84	87.0
1093.2	87.0
1122.12	87.0
1155.52	87.0
1188.16	87.0
1231.68	87.0
1264.44	87.0
1306.96	87.0
1323.04	87.0
1327.68	87.0
1334.88	87.0
1357.0	87.0
302.8	88.0
453.12	88.0
520.92	88.0
779.68	88.0
17.6	88.0
46.2	88.0
92.12	88.0
140.04	88.0
184.16	88.0
188.04	88.0
203.12	88.0
309.84	88.0
319.08	88.0
328.2	88.0
337.48	88.0
388.68	88.0
423.04	88.0
443.04	88.0
540.44	88.0
630.84	88.0
762.36	88.0
798.4	88.0
831.16	88.0
841.44	88.0
885.04	88.0
980.32	88.0
1031.8	88.0
1117.48	88.0
1150.92	88.0
1251.44	88.0
1371.84	88.0
82.52	89.0
152.08	89.0
290.0	89.0
309.24	89.0
520.92	89.0
555.64	89.0
587.64	89.0
726.16	89.0
862.8	89.0
1083.8	89.0
1273.56	89.0
1334.28	89.0
1362.68	89.0
33.44	90.0
133.8	90.0
184.48	90.0
278.88	90.0
308.88	90.0
316.92	90.0
432.96	90.0
458.24	90.0
516.92	90.0
555.32	90.0
610.2	90.0
676.4	90.0
725.88	90.0
737.04	90.0
825.16	90.0
842.04	90.0
923.44	90.0
1018.0	90.0
1100.88	90.0
1136.92	90.0
1148.76	90.0
1235.92	90.0
1249.4	90.0
1327.2	90.0
1333.88	90.0
1362.32	90.0
1375.52	90.0
317.52	91.0
321.6	92.0
350.56	92.0
856.64	92.0
132.76	92.0
302.56	92.0
310.56	92.0
354.68	92.0
380.84	92.0
662.4	92.0
764.64	92.0
875.16	92.0
992.2	92.0
1189.84	92.0
1252.84	92.0
1302.2	92.0
302.64	93.0
307.32	93.0
515.28	93.0
843.48	93.0
937.92	93.0
760.12	93.0
421.32	94.0
889.84	94.0
987.24	94.0
1051.64	94.0
311.04	94.0
319.2	94.0
322.6	94.0
335.0	94.0
442.32	94.0
824.88	94.0
928.36	94.0
1022.92	94.0
1124.24	94.0
5.32	95.0
108.36	95.0
549.48	95.0
679.96	95.0
798.48	95.0
895.88	95.0
1095.72	95.0
1286.52	95.0
1237.4	96.0
294.12	97.0
1140.04	97.0
857.68	97.0
1078.12	97.0
1328.48	97.0
1347.32	97.0
101.56	99.0
186.32	99.0
292.32	99.0
306.84	99.0
313.32	99.0
322.16	99.0
335.72	99.0
760.96	99.0
872.76	99.0
890.76	99.0
937.6	99.0
1247.2	99.0
1324.48	99.0
1366.92	99.0
320.08	100.0
109.28	100.0
184.24	100.0
291.0	100.0
310.4	100.0
405.0	100.0
504.32	100.0
597.92	100.0
720.92	100.0
875.32	100.0
888.28	100.0
963.96	100.0
1072.56	100.0
1223.4	100.0
1252.44	100.0
1292.52	100.0
307.68	101.0
316.44	101.0
1251.68	101.0
399.8	103.0
312.16	103.0
399.72	104.0
10.32	104.0
100.96	104.0
119.8	104.0
202.76	104.0
281.24	104.0
296.56	104.0
320.0	104.0
330.56	104.0
381.0	104.0
444.08	104.0
624.76	104.0
753.28	104.0
891.28	104.0
894.76	104.0
943.68	104.0
986.76	104.0
1175.0	104.0
1349.2	104.0
1379.76	104.0
317.12	106.0
348.0	106.0
381.64	106.0
1040.56	106.0
1268.44	106.0
1308.44	106.0
11.56	107.0
30.36	107.0
112.0	107.0
176.32	107.0
279.8	107.0
306.32	107.0
310.4	107.0
319.72	107.0
503.16	107.0
546.04	107.0
650.36	107.0
934.44	107.0
964.48	107.0
984.72	107.0
1085.4	107.0
1124.56	107.0
1302.0	107.0
1308.44	107.0
1363.96	108.0
31.12	108.0
87.16	108.0
186.92	108.0
293.96	108.0
308.72	108.0
319.48	108.0
722.44	108.0
760.52	108.0
872.32	108.0
938.08	108.0
1024.64	108.0
1090.28	108.0
1296.8	108.0
1333.48	108.0
308.56	109.0
555.04	109.0
1331.56	109.0
82.08	110.0
988.32	110.0
32.36	110.0
189.56	110.0
277.72	110.0
291.68	110.0
311.2	110.0
406.4	110.0
621.92	110.0
625.64	110.0
761.08	110.0
825.04	110.0
859.24	110.0
1302.04	110.0
1324.76	110.0
1009.12	111.0
3.96	111.0
32.12	111.0
49.52	111.0
81.44	111.0
170.68	111.0
271.48	111.0
302.88	111.0
306.44	111.0
309.6	111.0
317.2	111.0
331.36	111.0
373.36	111.0
385.76	111.0
394.64	111.0
478.64	111.0
515.2	111.0
554.84	111.0
622.32	111.0
625.28	111.0
638.12	111.0
690.96	111.0
745.04	111.0
764.48	111.0
808.48	111.0
840.72	111.0
864.36	111.0
890.96	111.0
918.44	111.0
922.8	111.0
988.48	111.0
1023.0	111.0
1051.68	111.0
1058.92	111.0
1067.08	111.0
1148.8	111.0
1202.56	111.0
1276.84	111.0
1301.68	111.0
1332.52	111.0
1347.4	111.0
276.0	112.0
159.48	112.0
531.0	114.0
886.04	114.0
68.16	115.0
120.08	115.0
253.96	115.0
333.56	115.0
658.68	115.0
761.36	115.0
840.8	115.0
1009.32	115.0
1332.56	115.0
327.32	116.0
1330.04	116.0
25.08	116.0
46.52	116.0
85.52	116.0
113.04	116.0
122.88	116.0
130.12	116.0
187.16	116.0
220.4	116.0
308.88	116.0
313.92	116.0
321.28	116.0
331.76	116.0
341.12	116.0
349.28	116.0
378.24	116.0
408.64	116.0
507.08	116.0
514.24	116.0
597.32	116.0
624.0	116.0
675.4	116.0
731.92	116.0
751.96	116.0
773.68	116.0
801.4	116.0
865.36	116.0
872.4	116.0
890.96	116.0
925.24	116.0
959.56	116.0
1019.0	116.0
1053.64	116.0
1087.28	116.0
1223.28	116.0
1252.44	116.0
1265.44	116.0
1291.28	116.0
1306.44	116.0
1353.4	116.0
115.76	117.0
189.84	117.0
336.76	117.0
622.6	117.0
745.36	117.0
858.08	117.0
1009.2	117.0
276.0	118.0
620.36	118.0
743.16	118.0
1015.08	118.0
1146.2	118.0
30.56	118.0
79.6	118.0
187.96	118.0
306.52	118.0
311.92	118.0
316.04	118.0
323.44	118.0
345.32	118.0
513.6	118.0
553.04	118.0
674.16	118.0
839.04	118.0
1233.0	118.0
1315.08	118.0
1330.84	118.0
254.6	119.0
311.92	119.0
335.64	119.0
372.4	119.0
839.48	119.0
933.76	119.0
1295.92	119.0
126.52	120.0
309.16	120.0
324.24	120.0
411.16	120.0
423.48	120.0
678.32	120.0
760.16	120.0
872.76	120.0
971.4	120.0
1189.32	120.0
1304.36	120.0
1314.56	120.0
1368.08	120.0
