1279.24	84.0
251.0	84.0
318.16	84.0
382.08	84.0
470.2	84.0
851.92	84.0
1142.84	84.0
1393.12	84.0
1458.84	84.0
58.6	85.0
81.92	85.0
235.28	85.0
323.76	85.0
338.12	85.0
442.84	85.0
640.28	85.0
791.48	85.0
1071.92	85.0
74.92	86.0
115.2	86.0
173.88	86.0
207.6	86.0
217.28	86.0
233.68	86.0
265.92	86.0
327.28	86.0
332.52	86.0
344.76	86.0
353.88	86.0
356.4	86.0
363.04	86.0
379.96	86.0
389.32	86.0
415.72	86.0
460.96	86.0
529.8	86.0
569.92	86.0
684.12	86.0
731.28	86.0
855.92	86.0
889.92	86.0
915.76	86.0
1059.56	86.0
1078.96	86.0
1120.4	86.0
1160.44	86.0
1190.48	86.0
1205.72	86.0
1231.04	86.0
1251.24	86.0
1256.6	86.0
1263.44	86.0
1273.08	86.0
1312.68	86.0
1347.72	86.0
1369.68	86.0
1430.48	86.0
56.92	86.0
312.32	86.0
319.16	86.0
322.52	86.0
336.6	86.0
1290.76	86.0
313.24	87.0
13.2	87.0
36.48	87.0
307.36	87.0
319.12	87.0
333.52	87.0
352.68	87.0
613.72	87.0
742.92	87.0
873.56	87.0
963.56	87.0
991.12	87.0
1069.44	87.0
1097.04	87.0
1177.56	87.0
1196.04	87.0
1233.04	87.0
1305.4	87.0
1392.12	87.0
1396.2	87.0
302.8	88.0
577.84	88.0
787.96	88.0
1275.88	88.0
9.44	88.0
94.88	88.0
118.68	88.0
308.6	88.0
339.44	88.0
392.64	88.0
480.28	88.0
495.96	88.0
517.2	88.0
644.28	88.0
659.52	88.0
724.32	88.0
902.76	88.0
945.68	88.0
964.4	88.0
992.88	88.0
1013.16	88.0
1058.0	88.0
1313.2	88.0
1378.96	88.0
165.84	89.0
310.64	89.0
332.04	89.0
415.08	89.0
474.36	89.0
896.88	89.0
1316.96	89.0
1448.52	89.0
52.52	90.0
154.12	90.0
211.76	90.0
237.68	90.0
277.6	90.0
326.16	90.0
374.6	90.0
414.76	90.0
481.04	90.0
571.32	90.0
634.52	90.0
716.24	90.0
752.96	90.0
775.64	90.0
827.8	90.0
1046.24	90.0
1111.0	90.0
1358.76	90.0
1396.6	90.0
1448.2	90.0
1085.08	92.0
16.28	92.0
29.36	92.0
39.96	92.0
49.44	92.0
70.88	92.0
132.56	92.0
139.16	92.0
148.4	92.0
183.88	92.0
235.68	92.0
250.88	92.0
285.28	92.0
299.48	92.0
302.64	92.0
317.12	92.0
324.76	92.0
377.84	92.0
391.84	92.0
423.36	92.0
476.72	92.0
519.72	92.0
558.24	92.0
575.6	92.0
618.28	92.0
659.12	92.0
679.28	92.0
839.0	92.0
867.76	92.0
873.12	92.0
906.04	92.0
940.72	92.0
958.52	92.0
1015.0	92.0
1067.24	92.0
1140.68	92.0
1165.4	92.0
1183.96	92.0
1190.04	92.0
1215.76	92.0
1221.56	92.0
1231.72	92.0
1275.88	92.0
1341.12	92.0
1352.96	92.0
1393.04	92.0
1407.2	92.0
1417.04	92.0
1429.04	92.0
21.64	93.0
31.24	93.0
82.12	93.0
112.12	93.0
143.6	93.0
234.12	93.0
272.0	93.0
306.52	93.0
329.72	93.0
372.76	93.0
438.08	93.0
517.76	93.0
583.08	93.0
609.6	93.0
647.8	93.0
781.16	93.0
826.64	93.0
858.44	93.0
892.64	93.0
944.72	93.0
1073.0	93.0
1126.08	93.0
1164.36	93.0
1261.52	93.0
1296.08	93.0
1395.6	93.0
1114.84	93.0
1236.24	93.0
1239.0	94.0
61.52	94.0
72.64	94.0
117.76	94.0
146.08	94.0
178.16	94.0
233.24	94.0
284.04	94.0
339.88	94.0
368.92	94.0
377.48	94.0
458.08	94.0
498.32	94.0
554.0	94.0
564.08	94.0
584.16	94.0
614.4	94.0
662.84	94.0
760.32	94.0
769.6	94.0
884.04	94.0
929.2	94.0
1096.56	94.0
1102.68	94.0
1212.6	94.0
1233.8	94.0
1261.8	94.0
1322.36	94.0
1434.4	94.0
1445.6	94.0
55.52	95.0
116.84	95.0
190.96	95.0
232.8	95.0
235.32	95.0
312.36	95.0
400.04	95.0
521.72	95.0
676.8	95.0
736.72	95.0
829.6	95.0
974.04	95.0
1021.12	95.0
1076.88	95.0
1179.24	95.0
1283.56	95.0
1346.28	95.0
306.04	97.0
1284.68	97.0
1389.8	97.0
119.68	99.0
307.16	99.0
318.24	99.0
331.44	99.0
413.92	99.0
566.88	99.0
1204.12	99.0
74.72	100.0
210.36	100.0
435.24	100.0
451.92	100.0
553.48	100.0
686.72	100.0
699.64	100.0
831.96	100.0
970.68	100.0
1203.96	100.0
1342.4	100.0
1368.08	100.0
303.0	101.0
230.04	103.0
580.04	104.0
925.56	104.0
1236.04	104.0
150.92	104.0
236.88	104.0
312.48	104.0
323.72	104.0
438.2	104.0
464.56	104.0
529.68	104.0
706.84	104.0
841.16	104.0
1018.2	104.0
1049.68	104.0
1242.88	104.0
351.24	106.0
448.16	106.0
562.28	106.0
899.04	106.0
1345.72	106.0
1409.28	106.0
1425.48	106.0
417.28	107.0
306.0	107.0
309.08	107.0
325.76	107.0
451.4	107.0
995.24	107.0
1227.12	107.0
1309.96	107.0
37.32	108.0
76.08	108.0
307.04	108.0
376.24	108.0
413.36	108.0
685.16	108.0
739.32	108.0
860.52	108.0
1093.04	108.0
1159.96	108.0
1273.68	108.0
1361.4	108.0
1407.92	108.0
1471.76	108.0
52.24	109.0
473.84	109.0
480.76	109.0
634.32	109.0
775.4	109.0
1067.52	109.0
1110.8	109.0
1330.84	109.0
517.76	109.0
1299.56	109.0
306.04	110.0
347.12	110.0
375.12	110.0
459.52	110.0
629.28	110.0
991.72	110.0
1068.56	110.0
1228.56	110.0
1281.8	110.0
29.6	111.0
64.72	111.0
81.16	111.0
140.96	111.0
163.28	111.0
186.32	111.0
213.6	111.0
288.52	111.0
302.84	111.0
309.04	111.0
320.48	111.0
327.48	111.0
344.52	111.0
362.68	111.0
467.6	111.0
491.72	111.0
526.28	111.0
638.68	111.0
650.96	111.0
740.16	111.0
783.32	111.0
974.48	111.0
1027.68	111.0
1041.6	111.0
1070.08	111.0
1093.4	111.0
1119.24	111.0
1165.12	111.0
1202.2	111.0
1219.64	111.0
1257.2	111.0
1277.04	111.0
1306.8	111.0
1386.04	111.0
374.52	112.0
1067.16	112.0
313.16	114.0
1316.84	114.0
17.4	115.0
31.8	115.0
78.2	115.0
138.96	115.0
166.64	115.0
185.84	115.0
213.16	115.0
309.8	115.0
342.68	115.0
375.6	115.0
504.2	115.0
519.2	115.0
586.44	115.0
736.16	115.0
764.32	115.0
832.36	115.0
898.4	115.0
992.0	115.0
1018.4	115.0
1114.12	115.0
1204.88	115.0
1228.84	115.0
1316.84	115.0
1399.68	115.0
1463.4	115.0
309.32	116.0
17.76	116.0
27.2	116.0
72.76	116.0
96.24	116.0
108.12	116.0
154.44	116.0
206.56	116.0
211.12	116.0
229.28	116.0
232.04	116.0
283.0	116.0
306.52	116.0
318.92	116.0
328.44	116.0
346.76	116.0
375.36	116.0
399.4	116.0
501.08	116.0
550.0	116.0
552.8	116.0
761.28	116.0
763.8	116.0
779.12	116.0
789.04	116.0
861.08	116.0
894.92	116.0
926.84	116.0
967.2	116.0
1014.24	116.0
1017.52	116.0
1062.12	116.0
1084.12	116.0
1129.72	116.0
1163.6	116.0
1178.84	116.0
1193.4	116.0
1238.16	116.0
1241.84	116.0
1273.72	116.0
1335.24	116.0
1340.6	116.0
1368.56	116.0
1399.48	116.0
1424.52	116.0
1430.88	116.0
286.88	117.0
307.52	117.0
347.32	117.0
412.84	118.0
10.28	118.0
88.36	118.0
96.4	118.0
172.0	118.0
306.64	118.0
317.56	118.0
325.6	118.0
336.6	118.0
344.68	118.0
354.64	118.0
444.28	118.0
458.8	118.0
525.4	118.0
1060.12	118.0
1063.8	118.0
1205.96	118.0
1247.76	118.0
1274.76	118.0
1325.64	118.0
1365.6	118.0
1383.12	118.0
18.36	119.0
312.12	119.0
432.2	119.0
761.28	119.0
965.8	119.0
58.36	120.0
256.68	120.0
316.24	120.0
630.96	120.0
1118.4	120.0
1253.64	120.0
1281.12	120.0
