306.88	84.0
321.88	84.0
326.64	84.0
334.28	84.0
347.36	84.0
555.68	84.0
577.72	84.0
611.04	84.0
634.28	84.0
672.76	84.0
703.48	84.0
744.36	84.0
793.2	84.0
861.64	84.0
893.08	84.0
967.64	84.0
1167.36	84.0
1342.32	84.0
311.88	85.0
330.8	85.0
337.48	85.0
362.24	85.0
381.64	85.0
420.6	85.0
433.96	85.0
480.8	85.0
564.8	85.0
612.4	85.0
632.16	85.0
651.56	85.0
672.8	85.0
700.24	85.0
718.04	85.0
778.92	85.0
799.28	85.0
902.8	85.0
1054.6	85.0
1118.8	85.0
1144.28	85.0
1238.6	85.0
1272.36	85.0
1314.0	85.0
330.52	86.0
336.16	86.0
342.48	86.0
352.12	86.0
367.36	86.0
376.44	86.0
390.72	86.0
397.04	86.0
414.92	86.0
439.92	86.0
450.04	86.0
467.32	86.0
481.52	86.0
489.48	86.0
506.0	86.0
512.6	86.0
526.36	86.0
543.28	86.0
551.88	86.0
558.28	86.0
570.32	86.0
581.56	86.0
588.16	86.0
619.36	86.0
647.16	86.0
651.72	86.0
670.28	86.0
686.8	86.0
701.16	86.0
713.28	86.0
717.4	86.0
741.4	86.0
769.64	86.0
795.64	86.0
817.64	86.0
838.6	86.0
849.76	86.0
865.52	86.0
870.32	86.0
885.28	86.0
902.24	86.0
923.0	86.0
977.72	86.0
1001.6	86.0
1023.6	86.0
1033.56	86.0
1082.08	86.0
1095.28	86.0
1112.0	86.0
1121.0	86.0
1164.12	86.0
1171.6	86.0
1190.32	86.0
1201.56	86.0
1233.72	86.0
1266.2	86.0
1288.8	86.0
1305.12	86.0
1349.68	86.0
1369.28	86.0
307.24	86.0
312.04	86.0
320.44	86.0
325.56	86.0
347.24	86.0
361.32	86.0
370.52	86.0
384.72	86.0
426.52	86.0
436.0	86.0
459.96	86.0
577.8	86.0
629.72	86.0
658.72	86.0
943.16	86.0
1052.76	86.0
1237.64	86.0
1312.48	86.0
1326.8	86.0
309.12	87.0
311.84	87.0
342.04	87.0
361.52	87.0
1093.56	87.0
315.08	87.0
331.6	87.0
338.6	87.0
352.4	87.0
357.24	87.0
371.0	87.0
383.24	87.0
387.36	87.0
392.32	87.0
399.36	87.0
405.32	87.0
410.96	87.0
422.2	87.0
440.44	87.0
448.84	87.0
475.6	87.0
487.84	87.0
526.52	87.0
568.64	87.0
586.6	87.0
668.04	87.0
796.32	87.0
859.68	87.0
918.68	87.0
963.56	87.0
1034.52	87.0
1077.36	87.0
1096.52	87.0
1189.52	87.0
1360.28	87.0
302.92	88.0
307.96	88.0
315.92	88.0
378.16	88.0
448.88	88.0
525.36	88.0
548.0	88.0
687.08	88.0
715.04	88.0
787.16	88.0
923.84	88.0
1025.04	88.0
1144.48	88.0
1207.4	88.0
1296.24	88.0
318.96	88.0
328.88	88.0
331.48	88.0
334.6	88.0
354.88	88.0
363.36	88.0
475.48	88.0
601.6	88.0
625.32	88.0
692.36	88.0
699.28	88.0
803.08	88.0
856.88	88.0
875.88	88.0
908.32	88.0
950.12	88.0
952.84	88.0
974.68	88.0
1104.12	88.0
1124.92	88.0
1131.0	88.0
1151.88	88.0
1262.72	88.0
307.04	89.0
310.44	89.0
317.52	89.0
323.92	89.0
335.84	89.0
343.0	89.0
374.96	89.0
421.36	89.0
431.16	89.0
725.28	89.0
1287.2	89.0
1324.0	89.0
310.16	90.0
315.76	90.0
323.6	90.0
339.08	90.0
344.24	90.0
354.84	90.0
535.4	90.0
590.4	90.0
685.88	90.0
751.44	90.0
893.12	90.0
982.04	90.0
1087.96	90.0
1097.12	90.0
1155.92	90.0
1171.12	90.0
1180.32	90.0
1205.44	90.0
1218.2	90.0
1286.92	90.0
1323.72	90.0
311.48	91.0
350.48	91.0
327.0	91.0
309.52	92.0
319.0	92.0
356.48	92.0
359.84	92.0
767.4	92.0
855.84	92.0
1118.6	92.0
1201.8	92.0
1370.12	92.0
302.8	92.0
323.96	92.0
337.84	92.0
344.56	92.0
365.24	92.0
386.04	92.0
400.24	92.0
427.04	92.0
465.68	92.0
587.56	92.0
604.88	92.0
610.36	92.0
628.84	92.0
649.52	92.0
734.8	92.0
836.76	92.0
867.64	92.0
992.76	92.0
1029.24	92.0
1050.04	92.0
1063.92	92.0
1149.0	92.0
1312.44	92.0
1353.96	92.0
1361.2	92.0
309.76	93.0
333.24	93.0
407.72	93.0
453.08	93.0
612.48	93.0
653.96	93.0
699.6	93.0
773.32	93.0
809.56	93.0
867.36	93.0
951.12	93.0
975.64	93.0
317.6	93.0
419.4	93.0
464.16	93.0
747.72	93.0
1199.36	93.0
317.24	94.0
353.16	94.0
653.76	94.0
774.16	94.0
892.0	94.0
1223.48	94.0
310.72	94.0
330.96	94.0
338.24	94.0
345.28	94.0
350.52	94.0
363.64	94.0
376.24	94.0
388.16	94.0
421.92	94.0
444.24	94.0
520.68	94.0
542.32	94.0
555.24	94.0
627.76	94.0
695.28	94.0
867.76	94.0
947.84	94.0
968.68	94.0
999.8	94.0
1029.84	94.0
1058.72	94.0
1067.4	94.0
1117.96	94.0
1121.68	94.0
1161.44	94.0
1174.4	94.0
1200.24	94.0
1306.8	94.0
1329.64	94.0
312.96	95.0
331.0	95.0
341.2	95.0
361.84	95.0
632.88	95.0
678.36	95.0
870.56	95.0
946.72	95.0
1058.36	95.0
1198.4	95.0
1286.32	95.0
1347.24	95.0
308.72	96.0
1207.88	96.0
331.12	97.0
386.76	97.0
307.36	97.0
310.16	97.0
322.36	97.0
349.8	97.0
357.64	97.0
362.64	97.0
371.36	97.0
840.16	97.0
308.24	98.0
341.88	98.0
522.56	98.0
633.64	98.0
690.0	98.0
780.24	98.0
839.64	98.0
308.12	99.0
327.0	99.0
388.92	99.0
313.08	99.0
317.0	99.0
321.68	99.0
331.0	99.0
335.08	99.0
340.4	99.0
347.8	99.0
802.48	99.0
818.28	99.0
307.48	100.0
312.88	100.0
315.6	100.0
318.96	100.0
334.64	100.0
340.36	100.0
346.64	100.0
388.96	100.0
448.8	100.0
530.44	100.0
603.76	100.0
627.56	100.0
673.4	100.0
701.32	100.0
780.6	100.0
861.12	100.0
873.64	100.0
1007.16	100.0
1151.12	100.0
1156.52	100.0
312.2	101.0
324.72	101.0
339.68	101.0
349.68	101.0
372.24	101.0
414.68	101.0
450.44	101.0
469.44	101.0
493.24	101.0
517.56	101.0
628.2	101.0
698.16	101.0
811.88	101.0
1122.4	101.0
1164.88	101.0
592.88	102.0
331.84	102.0
312.0	103.0
308.88	104.0
419.16	104.0
517.52	104.0
628.4	104.0
651.6	104.0
815.76	104.0
1114.6	104.0
311.88	104.0
317.04	104.0
321.88	104.0
326.52	104.0
332.4	104.0
338.84	104.0
344.96	104.0
350.88	104.0
354.36	104.0
361.88	104.0
376.76	104.0
385.52	104.0
403.08	104.0
407.2	104.0
449.08	104.0
465.2	104.0
490.36	104.0
538.72	104.0
554.4	104.0
578.52	104.0
656.76	104.0
790.36	104.0
822.72	104.0
867.68	104.0
983.32	104.0
1006.16	104.0
1038.08	104.0
1269.4	104.0
1296.4	104.0
1348.2	104.0
325.72	106.0
340.72	106.0
392.36	106.0
454.64	106.0
502.04	106.0
553.48	106.0
672.88	106.0
724.08	106.0
905.44	106.0
349.2	107.0
310.28	107.0
313.72	107.0
320.04	107.0
327.96	107.0
337.52	107.0
356.0	107.0
373.72	107.0
384.2	107.0
391.12	107.0
443.28	107.0
634.6	107.0
653.36	107.0
870.36	107.0
901.48	107.0
976.12	107.0
1087.08	107.0
1184.72	107.0
1370.32	107.0
308.28	108.0
352.68	108.0
315.56	108.0
324.32	108.0
335.2	108.0
337.96	108.0
366.04	108.0
374.92	108.0
388.76	108.0
412.32	108.0
499.48	108.0
528.6	108.0
566.52	108.0
645.0	108.0
690.04	108.0
810.12	108.0
893.68	108.0
917.92	108.0
1181.92	108.0
1214.48	108.0
306.68	109.0
326.84	109.0
335.24	109.0
374.4	109.0
430.68	109.0
624.44	109.0
899.68	109.0
314.56	109.0
370.56	109.0
606.64	109.0
1149.44	109.0
306.6	110.0
322.08	110.0
348.0	110.0
378.16	110.0
339.36	110.0
341.88	110.0
365.32	110.0
817.12	110.0
980.52	110.0
370.24	111.0
670.76	111.0
763.84	111.0
306.0	111.0
308.6	111.0
312.0	111.0
317.2	111.0
320.88	111.0
323.96	111.0
330.8	111.0
333.64	111.0
340.2	111.0
348.32	111.0
351.36	111.0
354.8	111.0
359.8	111.0
363.08	111.0
379.52	111.0
383.72	111.0
404.0	111.0
406.6	111.0
418.32	111.0
421.4	111.0
438.44	111.0
464.96	111.0
499.36	111.0
534.32	111.0
539.16	111.0
550.96	111.0
583.6	111.0
607.64	111.0
630.72	111.0
679.36	111.0
699.36	111.0
710.96	111.0
731.72	111.0
841.16	111.0
878.48	111.0
931.12	111.0
977.64	111.0
1027.56	111.0
1057.84	111.0
1092.96	111.0
1158.88	111.0
1238.76	111.0
1339.44	111.0
317.28	112.0
335.6	112.0
348.32	112.0
353.28	112.0
314.72	112.0
326.64	112.0
330.64	112.0
342.32	112.0
391.8	112.0
406.88	112.0
473.08	112.0
774.28	112.0
877.24	112.0
1043.64	112.0
1173.6	112.0
1265.84	112.0
339.8	113.0
320.72	113.0
335.36	113.0
343.96	113.0
349.48	113.0
390.92	113.0
615.24	113.0
307.96	114.0
321.0	114.0
328.04	114.0
339.76	114.0
346.36	114.0
374.64	114.0
378.04	114.0
335.72	114.0
449.32	114.0
365.32	115.0
536.12	115.0
311.52	115.0
316.48	115.0
343.4	115.0
374.92	115.0
397.44	115.0
571.72	115.0
672.0	115.0
709.4	115.0
751.76	115.0
771.96	115.0
817.4	115.0
843.84	115.0
941.08	115.0
980.76	115.0
1015.48	115.0
1071.32	115.0
1127.08	115.0
1243.68	115.0
324.88	116.0
343.16	116.0
307.6	116.0
313.44	116.0
316.04	116.0
318.8	116.0
328.68	116.0
332.04	116.0
339.88	116.0
349.08	116.0
354.48	116.0
358.6	116.0
361.2	116.0
366.12	116.0
370.36	116.0
374.4	116.0
384.4	116.0
387.4	116.0
395.52	116.0
402.64	116.0
411.92	116.0
425.76	116.0
432.44	116.0
440.68	116.0
449.72	116.0
460.76	116.0
475.44	116.0
489.88	116.0
509.24	116.0
518.28	116.0
526.04	116.0
552.88	116.0
594.84	116.0
606.44	116.0
659.16	116.0
686.16	116.0
763.92	116.0
773.16	116.0
792.96	116.0
801.56	116.0
861.76	116.0
882.12	116.0
900.76	116.0
921.72	116.0
925.88	116.0
940.52	116.0
957.28	116.0
1002.44	116.0
1031.4	116.0
1050.68	116.0
1054.0	116.0
1098.4	116.0
1118.92	116.0
1139.8	116.0
1154.76	116.0
1160.12	116.0
1183.32	116.0
1208.92	116.0
1309.36	116.0
1327.36	116.0
1339.28	116.0
1367.8	116.0
315.48	117.0
312.8	117.0
339.6	117.0
348.44	117.0
353.04	117.0
360.12	117.0
365.52	117.0
384.04	117.0
391.32	117.0
440.32	117.0
522.6	117.0
670.8	117.0
763.84	117.0
981.36	117.0
1168.64	117.0
1174.16	117.0
1227.48	117.0
348.24	118.0
357.24	118.0
841.52	118.0
307.8	118.0
313.04	118.0
316.24	118.0
320.28	118.0
325.8	118.0
332.36	118.0
336.12	118.0
338.76	118.0
341.6	118.0
344.52	118.0
353.96	118.0
360.32	118.0
372.6	118.0
376.52	118.0
382.16	118.0
398.76	118.0
404.56	118.0
407.28	118.0
417.68	118.0
424.04	118.0
469.28	118.0
472.4	118.0
501.96	118.0
519.08	118.0
661.2	118.0
708.96	118.0
744.72	118.0
769.48	118.0
809.48	118.0
892.88	118.0
938.96	118.0
1001.24	118.0
1072.36	118.0
1076.04	118.0
1168.36	118.0
1225.88	118.0
1271.88	118.0
360.44	119.0
404.6	119.0
311.6	119.0
310.16	120.0
314.88	120.0
322.64	120.0
333.24	120.0
338.28	120.0
342.24	120.0
349.08	120.0
353.08	120.0
356.72	120.0
362.28	120.0
366.96	120.0
375.04	120.0
417.28	120.0
457.12	120.0
472.56	120.0
587.92	120.0
613.72	120.0
635.4	120.0
655.4	120.0
802.76	120.0
843.0	120.0
895.88	120.0
1173.12	120.0
1191.0	120.0
