319.04	84.0
364.56	84.0
20.36	85.0
54.24	85.0
190.68	85.0
296.44	85.0
324.0	85.0
341.32	85.0
347.0	85.0
382.16	85.0
439.08	85.0
510.08	85.0
39.24	86.0
58.32	86.0
84.68	86.0
95.36	86.0
115.48	86.0
127.16	86.0
136.88	86.0
163.88	86.0
196.72	86.0
227.72	86.0
296.76	86.0
308.56	86.0
314.28	86.0
325.08	86.0
342.64	86.0
366.92	86.0
374.64	86.0
377.84	86.0
392.76	86.0
422.64	86.0
483.88	86.0
492.88	86.0
15.48	86.0
316.84	86.0
319.76	86.0
329.72	86.0
337.8	86.0
346.04	86.0
363.24	86.0
458.92	86.0
478.12	86.0
312.52	87.0
12.36	87.0
68.72	87.0
194.68	87.0
262.8	87.0
278.52	87.0
296.04	87.0
309.8	87.0
315.68	87.0
325.28	87.0
332.92	87.0
337.36	87.0
345.04	87.0
158.64	88.0
244.08	88.0
302.8	88.0
310.56	88.0
321.76	88.0
345.24	88.0
351.12	88.0
365.36	88.0
381.16	88.0
384.92	88.0
440.72	88.0
465.4	88.0
533.32	88.0
93.96	88.0
132.28	88.0
135.04	88.0
289.4	88.0
326.68	88.0
337.72	88.0
416.76	88.0
444.08	88.0
78.8	89.0
84.88	89.0
169.48	89.0
246.76	89.0
307.8	89.0
326.64	89.0
385.8	89.0
479.56	89.0
577.84	89.0
34.52	90.0
61.16	90.0
84.6	90.0
133.28	90.0
136.68	90.0
196.08	90.0
233.2	90.0
315.36	90.0
325.6	90.0
331.72	90.0
378.28	90.0
479.28	90.0
509.8	90.0
513.76	90.0
116.72	91.0
11.0	92.0
73.16	92.0
106.4	92.0
131.48	92.0
157.0	92.0
161.52	92.0
203.0	92.0
264.8	92.0
279.32	92.0
302.56	92.0
320.0	92.0
336.36	92.0
347.68	92.0
354.96	92.0
368.32	92.0
396.0	92.0
473.04	92.0
229.92	94.0
446.96	94.0
508.24	94.0
23.4	94.0
82.6	94.0
262.28	94.0
315.84	94.0
344.32	94.0
394.96	94.0
420.92	94.0
306.56	95.0
130.44	95.0
306.12	96.0
316.32	97.0
341.44	97.0
51.2	97.0
158.24	97.0
338.28	97.0
364.68	97.0
428.04	97.0
490.08	97.0
174.28	98.0
334.92	98.0
127.44	99.0
306.28	99.0
316.16	99.0
328.24	99.0
339.92	99.0
355.28	99.0
377.64	99.0
482.56	99.0
9.44	100.0
73.68	100.0
280.0	100.0
317.88	101.0
307.04	102.0
330.08	102.0
308.72	103.0
342.28	103.0
438.0	103.0
94.08	104.0
312.44	104.0
321.0	104.0
333.28	104.0
343.08	104.0
354.16	104.0
367.4	104.0
441.68	104.0
368.16	106.0
16.0	107.0
299.44	107.0
315.36	107.0
340.44	107.0
363.6	107.0
382.56	107.0
436.44	107.0
41.0	108.0
80.92	108.0
99.68	108.0
133.64	108.0
306.6	108.0
319.12	108.0
355.76	108.0
364.28	108.0
420.48	108.0
34.2	109.0
509.56	109.0
319.72	109.0
434.84	110.0
42.6	110.0
327.68	110.0
351.36	110.0
377.96	110.0
423.44	110.0
502.08	110.0
60.4	111.0
330.56	111.0
15.72	111.0
73.4	111.0
107.28	111.0
120.8	111.0
162.8	111.0
286.4	111.0
302.92	111.0
308.6	111.0
313.92	111.0
318.92	111.0
327.48	111.0
342.04	111.0
362.68	111.0
377.92	111.0
389.32	111.0
392.72	111.0
407.4	111.0
415.96	111.0
423.36	111.0
434.0	111.0
469.48	111.0
478.32	111.0
506.0	111.0
535.48	111.0
578.4	111.0
319.0	112.0
139.6	112.0
324.68	112.0
412.76	112.0
448.0	112.0
464.88	112.0
317.72	114.0
306.48	114.0
342.64	115.0
42.88	115.0
116.68	115.0
172.6	115.0
308.68	115.0
354.12	115.0
391.64	115.0
436.88	115.0
259.4	116.0
12.16	116.0
23.12	116.0
36.6	116.0
69.84	116.0
73.92	116.0
96.44	116.0
136.12	116.0
157.04	116.0
195.28	116.0
205.76	116.0
219.8	116.0
246.48	116.0
278.04	116.0
283.04	116.0
308.56	116.0
313.88	116.0
319.0	116.0
325.84	116.0
334.48	116.0
340.0	116.0
343.32	116.0
359.64	116.0
386.36	116.0
447.8	116.0
482.16	116.0
484.76	116.0
578.48	116.0
312.92	117.0
340.48	117.0
136.12	117.0
282.88	117.0
307.72	117.0
327.92	117.0
407.68	117.0
423.68	117.0
28.96	118.0
57.84	118.0
131.04	118.0
247.68	118.0
306.16	118.0
309.16	118.0
318.12	118.0
331.04	118.0
340.32	118.0
344.6	118.0
349.96	118.0
366.28	118.0
377.92	118.0
397.96	118.0
311.56	119.0
350.92	119.0
360.48	119.0
381.64	119.0
491.0	120.0
276.88	120.0
282.56	120.0
297.76	120.0
306.36	120.0
355.96	120.0
369.32	120.0
377.6	120.0
384.84	120.0
464.4	120.0
