306.36	84.0
308.52	85.0
326.2	85.0
340.48	85.0
397.04	85.0
435.84	85.0
11.32	86.0
14.52	86.0
20.16	86.0
27.72	86.0
36.44	86.0
57.84	86.0
67.4	86.0
76.56	86.0
93.72	86.0
133.08	86.0
141.48	86.0
158.72	86.0
306.88	86.0
309.6	86.0
312.24	86.0
322.72	86.0
349.84	86.0
359.8	86.0
367.0	86.0
375.12	86.0
389.24	86.0
407.28	86.0
416.72	86.0
429.32	86.0
451.04	86.0
467.4	86.0
486.24	86.0
318.28	86.0
327.12	86.0
336.52	86.0
352.96	86.0
396.72	86.0
432.84	86.0
307.88	87.0
341.64	87.0
23.72	87.0
311.56	87.0
315.56	87.0
320.64	87.0
325.6	87.0
337.2	87.0
36.92	88.0
95.68	88.0
309.2	88.0
340.92	88.0
17.04	88.0
20.4	88.0
25.2	88.0
60.76	88.0
63.68	88.0
112.32	88.0
133.04	88.0
268.8	88.0
302.68	88.0
319.16	88.0
334.36	88.0
506.72	89.0
6.16	89.0
28.12	89.0
40.12	89.0
132.96	89.0
167.28	89.0
308.8	89.0
328.36	89.0
337.0	89.0
339.52	89.0
396.28	89.0
452.48	89.0
645.24	89.0
420.16	90.0
40.88	90.0
53.28	90.0
59.36	90.0
132.68	90.0
336.72	90.0
371.08	90.0
387.12	90.0
458.12	90.0
480.84	90.0
498.0	90.0
18.4	91.0
55.16	91.0
321.12	91.0
337.08	91.0
462.64	91.0
5.56	92.0
18.68	92.0
56.96	92.0
115.0	92.0
146.16	92.0
229.16	92.0
326.84	92.0
335.72	92.0
340.08	92.0
350.12	92.0
372.56	92.0
397.16	92.0
426.76	92.0
434.28	92.0
490.28	92.0
24.88	92.0
40.32	92.0
232.8	92.0
302.8	92.0
311.84	92.0
315.56	92.0
318.08	92.0
331.32	92.0
358.2	92.0
438.28	92.0
474.32	92.0
321.84	94.0
461.76	94.0
11.04	94.0
26.44	94.0
51.36	94.0
309.76	94.0
325.48	94.0
340.84	94.0
398.48	94.0
453.68	94.0
96.8	95.0
307.48	95.0
318.88	95.0
437.52	95.0
8.4	96.0
32.04	96.0
134.04	96.0
302.8	96.0
330.88	96.0
350.32	96.0
308.56	97.0
396.88	97.0
413.2	97.0
16.76	97.0
302.56	97.0
306.04	97.0
326.84	97.0
330.04	97.0
336.48	97.0
369.4	97.0
308.52	98.0
322.2	99.0
57.88	99.0
312.12	99.0
314.72	99.0
318.24	99.0
330.48	99.0
338.4	99.0
346.04	99.0
291.0	100.0
312.8	100.0
321.04	100.0
332.76	100.0
420.12	100.0
557.36	100.0
675.6	100.0
317.76	101.0
302.56	101.0
306.04	101.0
312.48	101.0
325.4	101.0
331.32	101.0
350.2	101.0
302.68	102.0
316.88	102.0
322.32	102.0
397.28	102.0
11.48	103.0
306.2	103.0
10.72	104.0
42.0	104.0
62.24	104.0
99.28	104.0
111.76	104.0
271.04	104.0
313.68	104.0
319.64	104.0
327.52	104.0
339.8	104.0
349.28	104.0
374.36	104.0
403.0	104.0
494.8	104.0
389.88	106.0
7.44	107.0
35.24	107.0
72.44	107.0
114.36	107.0
306.96	107.0
309.92	107.0
315.52	107.0
326.6	107.0
394.6	107.0
426.64	107.0
963.84	107.0
975.84	107.0
980.48	107.0
33.28	108.0
70.96	108.0
313.08	108.0
350.28	108.0
393.4	108.0
132.48	109.0
312.92	109.0
323.36	109.0
497.8	109.0
11.44	110.0
321.24	110.0
372.16	110.0
409.4	110.0
28.32	110.0
41.76	110.0
96.24	110.0
232.2	110.0
309.68	110.0
443.6	110.0
478.52	110.0
18.88	111.0
310.08	111.0
321.84	111.0
8.28	111.0
11.44	111.0
24.68	111.0
41.4	111.0
60.44	111.0
96.24	111.0
151.16	111.0
307.56	111.0
312.64	111.0
316.0	111.0
329.32	111.0
332.12	111.0
340.0	111.0
348.76	111.0
357.0	111.0
363.48	111.0
372.28	111.0
375.28	111.0
397.96	111.0
409.52	111.0
436.8	111.0
493.44	111.0
88.16	112.0
96.32	112.0
330.56	112.0
363.76	112.0
431.96	112.0
270.8	113.0
307.52	114.0
318.0	114.0
12.76	115.0
28.52	115.0
42.04	115.0
75.92	115.0
98.64	115.0
232.44	115.0
308.84	115.0
321.96	115.0
389.36	115.0
443.84	115.0
485.76	115.0
82.08	116.0
313.24	116.0
461.84	116.0
8.16	116.0
12.48	116.0
51.88	116.0
57.68	116.0
66.96	116.0
117.48	116.0
160.68	116.0
186.28	116.0
293.64	116.0
308.56	116.0
316.24	116.0
323.48	116.0
328.48	116.0
332.04	116.0
337.68	116.0
346.8	116.0
350.16	116.0
357.28	116.0
363.32	116.0
368.28	116.0
395.52	116.0
402.68	116.0
422.6	116.0
433.6	116.0
465.36	116.0
517.0	116.0
679.0	116.0
325.76	117.0
346.92	117.0
11.84	117.0
41.6	117.0
96.52	117.0
321.68	117.0
330.92	117.0
343.64	117.0
349.76	117.0
409.8	117.0
484.36	118.0
41.96	118.0
55.68	118.0
96.12	118.0
135.0	118.0
306.96	118.0
316.72	118.0
322.72	118.0
332.92	118.0
340.76	118.0
352.8	118.0
8.12	119.0
310.64	119.0
326.04	119.0
309.44	120.0
321.8	120.0
