306.64	84.0
323.4	84.0
341.68	84.0
44.52	85.0
322.76	85.0
337.84	85.0
398.6	85.0
1116.84	85.0
1223.24	85.0
3.56	86.0
31.88	86.0
48.56	86.0
79.16	86.0
102.44	86.0
110.24	86.0
172.4	86.0
179.76	86.0
322.84	86.0
333.04	86.0
344.52	86.0
361.8	86.0
372.6	86.0
393.36	86.0
405.8	86.0
416.12	86.0
421.16	86.0
440.04	86.0
460.08	86.0
996.76	86.0
1025.72	86.0
1032.52	86.0
1040.96	86.0
1050.68	86.0
1059.04	86.0
1066.0	86.0
1074.92	86.0
1080.72	86.0
1089.96	86.0
1095.04	86.0
1102.36	86.0
1112.72	86.0
1118.52	86.0
1130.64	86.0
1142.92	86.0
1167.96	86.0
1172.6	86.0
1189.48	86.0
1197.76	86.0
1210.48	86.0
1234.64	86.0
1248.32	86.0
1257.72	86.0
1280.68	86.0
41.12	86.0
183.8	86.0
307.52	86.0
318.88	86.0
328.96	86.0
338.0	86.0
358.12	86.0
365.36	86.0
378.76	86.0
1160.32	86.0
1220.8	86.0
310.96	87.0
953.32	87.0
971.08	87.0
1082.0	87.0
1169.72	87.0
290.92	87.0
306.88	87.0
313.96	87.0
318.76	87.0
323.84	87.0
329.88	87.0
335.2	87.0
345.28	87.0
349.68	87.0
1010.68	87.0
1023.76	87.0
1040.36	87.0
1061.32	87.0
14.4	88.0
32.96	88.0
159.88	88.0
302.84	88.0
310.4	88.0
338.56	88.0
464.72	88.0
987.64	88.0
1052.96	88.0
1073.04	88.0
1131.88	88.0
1155.32	88.0
229.8	88.0
306.16	88.0
323.0	88.0
329.72	88.0
473.96	88.0
1020.44	88.0
1042.84	88.0
1107.64	88.0
1272.24	88.0
1374.2	88.0
1439.72	88.0
9.08	89.0
18.32	89.0
51.48	89.0
239.32	89.0
314.2	89.0
336.96	89.0
386.72	89.0
472.24	89.0
553.36	89.0
1001.56	89.0
1086.28	89.0
1338.72	89.0
327.44	90.0
8.76	90.0
76.4	90.0
129.12	90.0
138.32	90.0
175.48	90.0
239.0	90.0
316.68	90.0
331.72	90.0
353.36	90.0
406.24	90.0
471.88	90.0
516.76	90.0
553.04	90.0
988.48	90.0
1002.96	90.0
1018.36	90.0
1030.76	90.0
1071.68	90.0
1103.8	90.0
1162.08	90.0
1188.08	90.0
1379.2	90.0
1443.28	90.0
306.72	91.0
327.76	91.0
35.12	91.0
324.48	91.0
370.6	91.0
1030.0	91.0
241.24	92.0
322.44	92.0
998.24	92.0
1089.04	92.0
5.6	92.0
11.08	92.0
21.52	92.0
27.36	92.0
61.16	92.0
143.16	92.0
160.56	92.0
185.72	92.0
245.56	92.0
302.68	92.0
328.28	92.0
333.0	92.0
371.04	92.0
421.08	92.0
980.56	92.0
986.04	92.0
1001.16	92.0
1026.0	92.0
1036.48	92.0
1056.72	92.0
1074.24	92.0
1094.72	92.0
1103.04	92.0
1132.08	92.0
1188.52	92.0
1193.72	92.0
1275.76	92.0
1281.24	92.0
302.64	93.0
309.24	93.0
1135.72	93.0
1185.24	93.0
1226.12	93.0
1369.16	93.0
336.16	93.0
8.24	94.0
48.48	94.0
1029.56	94.0
75.76	94.0
113.52	94.0
322.92	94.0
351.84	94.0
369.56	94.0
1057.68	94.0
1107.72	94.0
1232.16	94.0
1285.92	94.0
315.68	95.0
323.08	95.0
331.16	95.0
1012.0	95.0
1228.48	95.0
1374.0	95.0
309.96	96.0
1043.92	97.0
19.08	97.0
44.28	97.0
328.6	97.0
332.0	97.0
341.68	97.0
442.04	97.0
1061.84	97.0
345.24	98.0
306.72	99.0
313.68	99.0
320.04	99.0
326.28	99.0
333.64	99.0
341.56	99.0
349.32	99.0
362.56	99.0
1024.72	99.0
1036.24	99.0
1108.24	99.0
1161.24	99.0
93.32	100.0
306.44	100.0
336.92	100.0
531.24	100.0
542.76	100.0
1008.36	100.0
1025.16	100.0
1042.16	100.0
1094.08	100.0
1140.52	100.0
1207.64	100.0
1340.96	100.0
1035.88	101.0
323.92	101.0
327.32	101.0
1340.2	102.0
76.08	102.0
369.84	102.0
307.44	103.0
331.16	103.0
48.72	103.0
2.76	104.0
17.68	104.0
53.28	104.0
195.24	104.0
311.52	104.0
319.48	104.0
327.44	104.0
335.8	104.0
346.08	104.0
357.64	104.0
377.6	104.0
423.92	104.0
444.24	104.0
1029.84	104.0
1054.92	104.0
1082.44	104.0
1163.48	104.0
1285.6	104.0
109.68	106.0
308.44	106.0
1131.76	106.0
1382.2	106.0
37.12	107.0
257.64	107.0
309.28	107.0
318.88	107.0
338.92	107.0
373.0	107.0
1030.2	107.0
1076.4	107.0
1098.4	107.0
1128.68	107.0
1197.08	107.0
1220.6	107.0
30.24	108.0
73.2	108.0
102.36	108.0
306.6	108.0
315.48	108.0
1076.68	108.0
1122.08	108.0
50.96	109.0
76.2	109.0
138.08	109.0
243.88	109.0
313.64	109.0
386.2	109.0
421.52	109.0
1030.56	109.0
1130.48	109.0
1378.88	109.0
335.04	110.0
1041.16	110.0
1250.16	110.0
34.16	110.0
309.6	110.0
320.48	110.0
344.32	110.0
353.16	110.0
367.28	110.0
1019.76	110.0
1033.96	110.0
1081.52	110.0
1181.32	110.0
1188.16	110.0
1221.88	110.0
251.48	111.0
311.08	111.0
327.72	111.0
344.72	111.0
1039.64	111.0
1059.92	111.0
1143.28	111.0
10.04	111.0
34.08	111.0
49.36	111.0
71.12	111.0
110.2	111.0
182.0	111.0
308.56	111.0
320.4	111.0
335.16	111.0
349.12	111.0
353.12	111.0
366.6	111.0
386.24	111.0
395.48	111.0
415.72	111.0
1024.52	111.0
1033.92	111.0
1055.44	111.0
1110.64	111.0
1138.6	111.0
1181.32	111.0
1198.08	111.0
1209.2	111.0
1254.32	111.0
1311.24	111.0
36.6	112.0
49.56	112.0
343.4	112.0
394.88	112.0
526.8	112.0
1222.24	113.0
35.28	113.0
320.84	114.0
11.96	115.0
316.24	115.0
325.36	115.0
358.64	115.0
453.04	115.0
1020.12	115.0
1042.08	115.0
1079.08	115.0
1112.88	115.0
1147.08	115.0
1188.44	115.0
1280.56	115.0
1388.56	115.0
52.48	116.0
66.36	116.0
307.04	116.0
310.0	116.0
337.04	116.0
1002.76	116.0
1181.16	116.0
1297.08	116.0
1311.2	116.0
31.84	116.0
35.48	116.0
86.56	116.0
96.6	116.0
138.4	116.0
177.32	116.0
253.52	116.0
313.08	116.0
316.6	116.0
320.6	116.0
325.0	116.0
328.0	116.0
334.04	116.0
341.32	116.0
348.6	116.0
354.4	116.0
397.0	116.0
516.28	116.0
547.04	116.0
1007.36	116.0
1011.64	116.0
1020.04	116.0
1030.56	116.0
1041.92	116.0
1052.88	116.0
1059.28	116.0
1078.84	116.0
1102.88	116.0
1106.0	116.0
1143.0	116.0
1174.8	116.0
1192.4	116.0
1222.08	116.0
1237.04	116.0
1337.72	116.0
1344.12	116.0
1358.28	116.0
113.28	117.0
251.48	117.0
309.96	117.0
1020.0	117.0
1039.72	117.0
1059.92	117.0
1143.28	117.0
1238.04	117.0
9.56	118.0
1186.88	118.0
31.88	118.0
46.4	118.0
56.04	118.0
83.44	118.0
133.36	118.0
309.56	118.0
320.56	118.0
331.24	118.0
338.12	118.0
349.64	118.0
368.36	118.0
1015.24	118.0
1031.96	118.0
1043.28	118.0
1057.8	118.0
1065.72	118.0
1070.4	118.0
1087.2	118.0
1108.92	118.0
1117.2	118.0
1141.08	118.0
1156.96	118.0
1175.6	118.0
1223.92	118.0
1276.0	118.0
1351.56	118.0
307.08	119.0
310.8	119.0
327.2	119.0
353.92	119.0
138.44	120.0
307.8	120.0
36.12	120.0
118.68	120.0
146.84	120.0
177.72	120.0
333.6	120.0
338.88	120.0
1039.84	120.0
1080.28	120.0
1109.68	120.0
1194.96	120.0
1443.52	120.0
