330.32	84.0
345.4	84.0
500.36	84.0
1183.32	84.0
332.4	85.0
339.84	85.0
355.84	85.0
417.56	85.0
430.64	85.0
480.6	85.0
498.0	85.0
538.48	85.0
555.04	85.0
720.96	85.0
762.08	85.0
779.44	85.0
802.88	85.0
1094.52	85.0
1124.8	85.0
1186.32	85.0
1260.0	85.0
317.76	86.0
327.92	86.0
336.04	86.0
358.84	86.0
366.32	86.0
372.32	86.0
384.0	86.0
402.2	86.0
407.16	86.0
419.64	86.0
434.8	86.0
443.0	86.0
463.36	86.0
498.8	86.0
505.32	86.0
514.44	86.0
530.8	86.0
535.88	86.0
549.12	86.0
585.2	86.0
599.68	86.0
620.92	86.0
665.12	86.0
679.08	86.0
762.52	86.0
848.64	86.0
865.88	86.0
898.16	86.0
923.08	86.0
944.84	86.0
983.2	86.0
1072.32	86.0
1085.2	86.0
1111.64	86.0
1135.0	86.0
1152.36	86.0
1173.4	86.0
1182.4	86.0
1187.2	86.0
1194.16	86.0
1203.6	86.0
1231.48	86.0
1247.16	86.0
1256.8	86.0
1260.92	86.0
1277.76	86.0
1308.56	86.0
1365.76	86.0
314.48	86.0
330.52	86.0
338.68	86.0
347.52	86.0
353.96	86.0
369.16	86.0
395.76	86.0
425.92	86.0
480.88	86.0
518.56	86.0
685.16	86.0
696.08	86.0
720.68	86.0
753.52	86.0
845.48	86.0
855.48	86.0
985.92	86.0
1056.0	86.0
1167.36	86.0
1177.28	86.0
310.08	87.0
331.32	87.0
346.16	87.0
411.52	87.0
486.48	87.0
327.6	87.0
336.0	87.0
339.04	87.0
352.56	87.0
355.84	87.0
370.88	87.0
378.48	87.0
438.92	87.0
444.36	87.0
453.56	87.0
767.04	87.0
853.12	87.0
889.96	87.0
924.92	87.0
998.76	87.0
1033.68	87.0
1136.04	87.0
1182.32	87.0
302.8	88.0
310.28	88.0
315.92	88.0
328.04	88.0
367.24	88.0
375.6	88.0
425.76	88.0
465.72	88.0
485.4	88.0
518.12	88.0
555.6	88.0
586.96	88.0
605.52	88.0
649.48	88.0
669.2	88.0
704.8	88.0
740.64	88.0
765.24	88.0
804.64	88.0
866.56	88.0
974.0	88.0
999.0	88.0
1036.44	88.0
1076.56	88.0
1095.92	88.0
1120.92	88.0
1145.48	88.0
1166.6	88.0
1275.6	88.0
1363.84	88.0
342.28	88.0
344.92	88.0
348.68	88.0
359.32	88.0
394.52	88.0
407.6	88.0
504.12	88.0
511.68	88.0
598.76	88.0
602.12	88.0
626.76	88.0
630.16	88.0
652.64	88.0
839.08	88.0
911.36	88.0
946.96	88.0
957.48	88.0
1008.84	88.0
1041.0	88.0
1057.48	88.0
1061.84	88.0
1073.16	88.0
1335.88	88.0
407.68	89.0
1008.48	89.0
317.16	89.0
324.32	89.0
332.84	89.0
338.56	89.0
375.08	89.0
435.92	89.0
492.76	89.0
531.84	89.0
807.6	89.0
825.04	89.0
1126.04	89.0
1196.76	89.0
1227.16	89.0
1235.88	89.0
313.48	90.0
316.84	90.0
335.64	90.0
388.76	90.0
435.6	90.0
508.4	90.0
556.72	90.0
572.68	90.0
615.24	90.0
685.28	90.0
698.44	90.0
724.28	90.0
765.6	90.0
807.32	90.0
817.84	90.0
824.72	90.0
871.76	90.0
902.4	90.0
908.36	90.0
935.28	90.0
965.56	90.0
972.08	90.0
1000.44	90.0
1053.24	90.0
1080.56	90.0
1092.76	90.0
1116.64	90.0
1133.8	90.0
1164.88	90.0
1177.28	90.0
1196.52	90.0
1216.48	90.0
1244.68	90.0
1288.72	90.0
336.04	91.0
306.0	91.0
315.8	91.0
325.88	91.0
418.2	91.0
638.2	91.0
336.44	92.0
357.84	92.0
466.68	92.0
588.12	92.0
695.76	92.0
1340.32	92.0
302.72	92.0
310.8	92.0
326.0	92.0
341.8	92.0
348.68	92.0
354.24	92.0
371.52	92.0
411.64	92.0
438.84	92.0
462.0	92.0
548.08	92.0
655.76	92.0
846.32	92.0
862.84	92.0
970.64	92.0
1029.96	92.0
1136.16	92.0
1148.8	92.0
1163.2	92.0
1171.2	92.0
1177.8	92.0
1258.68	92.0
327.56	93.0
350.4	93.0
358.36	93.0
372.6	93.0
469.32	93.0
554.28	93.0
585.84	93.0
602.84	93.0
624.72	93.0
674.44	93.0
721.12	93.0
745.08	93.0
783.6	93.0
806.72	93.0
826.2	93.0
854.96	93.0
890.56	93.0
949.92	93.0
962.12	93.0
991.16	93.0
1127.08	93.0
302.84	93.0
338.52	93.0
676.2	94.0
839.24	94.0
992.16	94.0
1159.0	94.0
1329.8	94.0
313.56	94.0
335.68	94.0
346.56	94.0
366.92	94.0
376.08	94.0
392.08	94.0
433.96	94.0
466.08	94.0
501.08	94.0
514.16	94.0
569.52	94.0
752.2	94.0
1052.48	94.0
1081.48	94.0
1085.88	94.0
1132.0	94.0
1146.88	94.0
1220.56	94.0
1291.6	94.0
310.16	95.0
341.28	95.0
327.72	95.0
336.4	95.0
668.72	95.0
1081.6	95.0
328.68	96.0
332.36	96.0
802.84	96.0
327.0	97.0
310.76	97.0
315.44	97.0
338.72	97.0
353.04	97.0
993.08	97.0
361.32	98.0
657.64	98.0
310.24	99.0
315.72	99.0
327.72	99.0
332.52	99.0
352.36	99.0
359.56	99.0
366.96	99.0
371.84	99.0
375.92	99.0
847.88	99.0
969.6	99.0
1095.96	99.0
1102.68	99.0
1138.2	99.0
1178.92	99.0
1289.2	99.0
1343.28	99.0
313.64	100.0
333.12	100.0
357.56	100.0
375.64	100.0
507.52	100.0
946.16	100.0
1098.28	100.0
1301.44	100.0
360.8	101.0
335.6	101.0
344.12	101.0
356.92	101.0
369.84	101.0
398.64	101.0
423.8	101.0
444.52	101.0
467.16	101.0
1090.04	102.0
338.16	102.0
328.56	103.0
337.48	103.0
353.0	103.0
570.76	103.0
1159.24	103.0
311.2	104.0
315.92	104.0
326.12	104.0
330.0	104.0
336.36	104.0
342.12	104.0
347.96	104.0
352.96	104.0
358.2	104.0
366.84	104.0
372.96	104.0
391.48	104.0
422.28	104.0
429.24	104.0
443.04	104.0
490.0	104.0
535.0	104.0
563.96	104.0
626.4	104.0
636.0	104.0
688.52	104.0
711.4	104.0
746.96	104.0
791.2	104.0
819.52	104.0
848.24	104.0
949.64	104.0
1062.68	104.0
1093.32	104.0
1120.8	104.0
1177.4	104.0
1201.68	104.0
1301.48	104.0
327.2	105.0
309.96	106.0
394.84	106.0
310.08	107.0
314.36	107.0
337.68	107.0
345.76	107.0
351.64	107.0
369.64	107.0
377.92	107.0
397.2	107.0
443.8	107.0
501.24	107.0
536.68	107.0
567.16	107.0
676.36	107.0
991.12	107.0
1135.32	107.0
1231.52	107.0
1296.96	107.0
315.52	108.0
335.64	108.0
345.08	108.0
350.52	108.0
367.36	108.0
413.96	108.0
430.8	108.0
455.56	108.0
474.68	108.0
543.16	108.0
667.76	108.0
704.84	108.0
747.96	108.0
1008.24	108.0
1161.56	108.0
316.56	109.0
572.48	109.0
824.44	109.0
1092.56	109.0
1154.56	109.0
328.12	109.0
379.72	109.0
328.92	110.0
343.72	110.0
356.24	110.0
377.76	110.0
388.68	110.0
461.32	110.0
903.52	110.0
1209.88	110.0
309.68	110.0
315.4	110.0
437.96	110.0
470.0	110.0
487.04	110.0
701.48	110.0
945.04	110.0
1299.84	110.0
356.64	111.0
844.92	111.0
969.68	111.0
1173.68	111.0
312.88	111.0
328.44	111.0
332.32	111.0
337.48	111.0
352.4	111.0
360.6	111.0
388.8	111.0
446.2	111.0
492.24	111.0
498.4	111.0
509.32	111.0
512.28	111.0
533.88	111.0
553.56	111.0
558.88	111.0
568.04	111.0
633.28	111.0
651.0	111.0
701.04	111.0
725.32	111.0
748.0	111.0
783.2	111.0
842.2	111.0
875.52	111.0
946.16	111.0
1001.48	111.0
1030.44	111.0
1059.32	111.0
1079.4	111.0
1103.48	111.0
1129.72	111.0
1135.12	111.0
1248.6	111.0
1288.76	111.0
1321.8	111.0
1345.68	111.0
313.32	112.0
336.08	112.0
345.64	112.0
373.96	112.0
384.2	112.0
635.28	112.0
913.92	112.0
925.64	112.0
1079.88	112.0
1127.28	112.0
327.12	113.0
337.88	113.0
347.2	113.0
359.96	113.0
370.76	113.0
380.24	113.0
395.2	113.0
416.48	113.0
463.24	113.0
312.32	114.0
325.84	114.0
332.6	114.0
337.76	114.0
346.48	114.0
354.92	114.0
366.6	114.0
607.0	114.0
1318.96	114.0
555.88	115.0
592.04	115.0
185.76	115.0
332.72	115.0
343.12	115.0
349.12	115.0
351.72	115.0
361.6	115.0
367.08	115.0
370.04	115.0
393.32	115.0
399.08	115.0
417.2	115.0
438.28	115.0
454.28	115.0
474.2	115.0
502.24	115.0
540.36	115.0
633.32	115.0
664.68	115.0
716.56	115.0
762.92	115.0
785.56	115.0
811.84	115.0
880.84	115.0
905.04	115.0
990.88	115.0
1101.36	115.0
1131.2	115.0
1163.4	115.0
1341.96	115.0
315.0	116.0
340.28	116.0
343.04	116.0
553.64	116.0
647.96	116.0
1087.52	116.0
1248.48	116.0
1294.92	116.0
325.44	116.0
329.2	116.0
332.48	116.0
336.72	116.0
346.6	116.0
349.2	116.0
357.24	116.0
366.0	116.0
375.12	116.0
378.8	116.0
389.08	116.0
403.0	116.0
411.2	116.0
425.88	116.0
466.16	116.0
531.36	116.0
603.0	116.0
727.2	116.0
801.4	116.0
810.0	116.0
839.36	116.0
885.04	116.0
950.56	116.0
972.68	116.0
1006.28	116.0
1059.52	116.0
1179.24	116.0
1195.4	116.0
1231.84	116.0
1267.92	116.0
1341.72	116.0
340.52	117.0
347.68	117.0
371.56	117.0
376.88	117.0
1180.28	117.0
309.92	117.0
337.24	117.0
555.6	117.0
604.24	117.0
844.96	117.0
969.72	117.0
1121.4	117.0
1173.72	117.0
1300.12	117.0
340.76	118.0
311.56	118.0
316.12	118.0
325.28	118.0
328.64	118.0
332.88	118.0
337.92	118.0
353.28	118.0
359.48	118.0
365.64	118.0
374.36	118.0
380.44	118.0
390.24	118.0
403.56	118.0
408.92	118.0
436.68	118.0
473.8	118.0
499.8	118.0
525.72	118.0
565.48	118.0
592.84	118.0
655.36	118.0
737.08	118.0
852.36	118.0
1180.92	118.0
311.2	119.0
327.48	119.0
348.8	119.0
352.64	119.0
982.36	119.0
1333.08	119.0
1027.84	120.0
309.68	120.0
313.24	120.0
345.12	120.0
352.08	120.0
372.88	120.0
400.2	120.0
585.44	120.0
856.6	120.0
865.84	120.0
1170.52	120.0
1303.32	120.0
1340.48	120.0
