319.28	84.0
322.68	84.0
336.16	84.0
38.4	85.0
61.08	85.0
90.88	85.0
108.12	85.0
137.72	85.0
180.24	85.0
357.88	85.0
924.76	85.0
1213.64	85.0
61.36	86.0
201.68	86.0
231.08	86.0
236.36	86.0
314.28	86.0
337.4	86.0
348.72	86.0
359.08	86.0
388.84	86.0
407.44	86.0
475.12	86.0
530.64	86.0
650.72	86.0
691.32	86.0
704.52	86.0
749.2	86.0
838.96	86.0
898.88	86.0
923.72	86.0
993.68	86.0
1176.44	86.0
1273.92	86.0
1294.2	86.0
1308.4	86.0
1349.68	86.0
36.2	86.0
260.92	86.0
309.76	86.0
318.04	86.0
329.84	86.0
333.52	86.0
362.12	86.0
709.32	86.0
722.2	86.0
910.8	86.0
944.28	86.0
968.88	86.0
1019.48	86.0
1135.28	86.0
1138.56	86.0
1191.48	86.0
90.8	87.0
194.76	87.0
307.16	87.0
324.2	87.0
333.76	87.0
574.92	87.0
608.28	87.0
657.08	87.0
671.2	87.0
1034.24	87.0
1150.28	87.0
1217.56	87.0
165.24	88.0
706.56	88.0
977.6	88.0
1020.6	88.0
1201.4	88.0
1297.52	88.0
1342.88	88.0
309.76	88.0
321.44	88.0
648.96	88.0
667.56	88.0
981.16	88.0
1068.32	88.0
1258.68	88.0
99.12	89.0
32.6	89.0
194.84	89.0
208.6	89.0
333.04	89.0
528.2	89.0
981.6	89.0
991.68	89.0
1056.68	89.0
1155.96	89.0
1343.0	89.0
13.4	90.0
25.28	90.0
103.24	90.0
177.2	90.0
235.28	90.0
316.92	90.0
428.68	90.0
532.28	90.0
550.44	90.0
683.16	90.0
798.48	90.0
809.68	90.0
936.72	90.0
981.28	90.0
991.36	90.0
1022.6	90.0
1054.72	90.0
1167.36	90.0
1181.52	90.0
1208.6	90.0
1227.6	90.0
1352.24	90.0
139.56	91.0
395.76	91.0
36.64	92.0
71.44	92.0
93.04	92.0
130.84	92.0
156.4	92.0
178.36	92.0
279.52	92.0
314.52	92.0
323.36	92.0
333.88	92.0
363.24	92.0
554.28	92.0
660.76	92.0
872.36	92.0
931.0	92.0
1243.52	92.0
18.84	92.0
78.76	92.0
120.92	92.0
162.24	92.0
226.84	92.0
302.56	92.0
341.16	92.0
367.56	92.0
479.76	92.0
538.16	92.0
607.0	92.0
640.44	92.0
646.04	92.0
692.12	92.0
719.36	92.0
759.44	92.0
832.64	92.0
858.64	92.0
897.32	92.0
919.68	92.0
967.84	92.0
992.04	92.0
1128.08	92.0
1140.0	92.0
1192.88	92.0
104.6	93.0
178.32	93.0
233.48	93.0
321.28	93.0
358.0	93.0
34.28	93.0
133.84	93.0
1053.8	94.0
325.68	94.0
945.4	94.0
1290.36	94.0
65.4	95.0
193.68	95.0
307.24	95.0
358.4	95.0
836.28	95.0
1144.44	95.0
1309.44	95.0
307.36	96.0
1288.72	96.0
324.12	96.0
1137.6	97.0
55.44	97.0
61.36	97.0
89.76	97.0
319.64	97.0
965.2	97.0
302.48	99.0
309.24	99.0
317.28	99.0
329.76	99.0
349.08	99.0
534.84	99.0
639.08	99.0
958.32	99.0
1128.4	99.0
1309.4	99.0
27.84	100.0
118.08	100.0
142.16	100.0
177.28	100.0
206.56	100.0
236.28	100.0
265.64	100.0
323.2	100.0
428.32	100.0
534.28	100.0
586.4	100.0
672.56	100.0
787.2	100.0
913.08	100.0
957.04	100.0
1011.96	100.0
1173.08	100.0
1239.72	100.0
1300.52	100.0
321.32	101.0
660.92	102.0
34.08	104.0
83.88	104.0
103.44	104.0
133.72	104.0
176.4	104.0
319.08	104.0
355.2	104.0
40.24	104.0
77.92	104.0
94.2	104.0
141.8	104.0
179.96	104.0
215.84	104.0
312.4	104.0
322.68	104.0
334.12	104.0
369.0	104.0
697.68	104.0
937.6	104.0
962.0	104.0
1103.8	104.0
1313.76	104.0
14.2	106.0
60.4	106.0
94.04	107.0
245.8	107.0
378.12	107.0
384.76	107.0
478.44	107.0
648.72	107.0
798.88	107.0
885.12	107.0
926.48	107.0
949.52	107.0
1053.68	107.0
1085.8	107.0
1131.28	107.0
1313.44	107.0
299.68	108.0
33.76	108.0
61.16	108.0
77.32	108.0
128.6	108.0
145.24	108.0
175.44	108.0
188.12	108.0
236.2	108.0
273.52	108.0
308.2	108.0
321.6	108.0
432.12	108.0
611.28	108.0
651.52	108.0
677.96	108.0
877.68	108.0
1039.52	108.0
1146.08	108.0
1191.72	108.0
1243.88	108.0
1306.56	108.0
931.96	109.0
176.04	109.0
322.36	109.0
592.68	109.0
312.28	110.0
341.64	110.0
367.16	110.0
319.96	110.0
925.48	110.0
946.04	110.0
1288.48	110.0
181.56	111.0
204.2	111.0
312.76	111.0
1025.0	111.0
1311.92	111.0
40.76	111.0
92.48	111.0
96.6	111.0
133.56	111.0
159.64	111.0
179.04	111.0
211.24	111.0
215.0	111.0
289.6	111.0
297.24	111.0
302.76	111.0
307.64	111.0
317.2	111.0
320.16	111.0
324.08	111.0
336.12	111.0
365.56	111.0
375.56	111.0
434.24	111.0
490.16	111.0
559.8	111.0
675.92	111.0
732.84	111.0
876.2	111.0
920.52	111.0
935.6	111.0
1032.68	111.0
1213.8	111.0
1304.08	111.0
1352.24	111.0
180.52	112.0
319.28	112.0
480.24	112.0
246.72	112.0
713.16	112.0
810.64	112.0
840.92	112.0
1013.64	112.0
1294.92	112.0
75.6	115.0
145.72	115.0
211.72	115.0
307.4	115.0
348.32	115.0
740.4	115.0
918.32	115.0
925.8	115.0
1028.32	115.0
1237.92	115.0
1288.8	115.0
1320.32	115.0
313.24	116.0
1357.72	116.0
32.28	116.0
37.8	116.0
78.84	116.0
99.32	116.0
146.72	116.0
151.36	116.0
159.52	116.0
178.68	116.0
206.08	116.0
269.64	116.0
297.44	116.0
318.04	116.0
321.44	116.0
324.08	116.0
326.64	116.0
331.16	116.0
348.6	116.0
592.44	116.0
603.28	116.0
675.44	116.0
717.6	116.0
724.24	116.0
798.96	116.0
869.76	116.0
879.68	116.0
903.64	116.0
916.68	116.0
922.56	116.0
933.32	116.0
946.0	116.0
964.56	116.0
983.64	116.0
1014.44	116.0
1178.2	116.0
1191.0	116.0
1232.24	116.0
1242.8	116.0
1264.4	116.0
1283.56	116.0
1288.68	116.0
204.28	117.0
307.36	117.0
321.36	117.0
991.72	117.0
1025.08	117.0
1032.96	117.0
1283.72	117.0
1312.12	117.0
27.2	118.0
56.0	118.0
67.4	118.0
81.36	118.0
111.6	118.0
204.08	118.0
264.04	118.0
306.6	118.0
319.44	118.0
331.16	118.0
383.28	118.0
480.4	118.0
915.6	118.0
1286.96	118.0
274.6	119.0
306.4	119.0
312.64	119.0
1082.88	119.0
1264.8	120.0
35.92	120.0
80.36	120.0
216.96	120.0
273.48	120.0
322.76	120.0
384.24	120.0
747.72	120.0
810.12	120.0
901.28	120.0
934.8	120.0
1054.16	120.0
1171.28	120.0
1199.12	120.0
