326.36	84.0
761.32	84.0
826.68	84.0
1254.68	84.0
1328.64	84.0
239.64	85.0
307.16	85.0
710.68	85.0
730.12	85.0
762.96	85.0
776.04	85.0
831.64	85.0
1228.8	85.0
1343.76	85.0
1388.8	85.0
1419.24	85.0
1435.0	85.0
4.36	86.0
39.48	86.0
118.76	86.0
139.92	86.0
158.56	86.0
191.24	86.0
214.36	86.0
245.32	86.0
254.24	86.0
282.16	86.0
333.28	86.0
352.72	86.0
706.32	86.0
722.92	86.0
750.0	86.0
757.96	86.0
771.32	86.0
824.12	86.0
841.08	86.0
1219.0	86.0
1249.56	86.0
1267.36	86.0
1323.76	86.0
1337.52	86.0
1346.6	86.0
1383.8	86.0
1386.76	86.0
1409.16	86.0
1423.84	86.0
1430.92	86.0
16.48	86.0
46.84	86.0
81.2	86.0
195.12	86.0
205.44	86.0
257.4	86.0
316.28	86.0
326.44	86.0
341.4	86.0
387.84	86.0
729.16	86.0
765.04	86.0
783.6	86.0
799.04	86.0
816.56	86.0
1237.28	86.0
1244.44	86.0
1263.76	86.0
1276.44	86.0
1313.08	86.0
18.64	87.0
138.2	87.0
192.56	87.0
66.52	87.0
135.32	87.0
239.08	87.0
307.32	87.0
313.72	87.0
318.08	87.0
324.2	87.0
342.32	87.0
355.12	87.0
712.64	87.0
724.52	87.0
730.88	87.0
745.0	87.0
751.48	87.0
757.84	87.0
763.16	87.0
767.24	87.0
789.48	87.0
797.04	87.0
806.56	87.0
809.52	87.0
828.76	87.0
1221.88	87.0
1227.2	87.0
1266.2	87.0
1327.76	87.0
1440.28	87.0
1447.84	87.0
302.84	88.0
336.84	88.0
749.68	88.0
802.72	88.0
1271.04	88.0
86.76	88.0
199.76	88.0
224.84	88.0
308.0	88.0
320.6	88.0
332.24	88.0
379.28	88.0
725.08	88.0
731.64	88.0
739.92	88.0
757.76	88.0
773.36	88.0
808.68	88.0
851.6	88.0
904.52	88.0
940.04	88.0
973.0	88.0
1080.36	88.0
1093.84	88.0
1166.2	88.0
1232.8	88.0
1256.52	88.0
1286.0	88.0
1448.56	88.0
778.12	89.0
24.0	89.0
69.68	89.0
262.04	89.0
292.28	89.0
306.72	89.0
321.96	89.0
345.92	89.0
356.56	89.0
759.08	89.0
817.96	89.0
775.24	90.0
41.84	90.0
88.2	90.0
192.2	90.0
240.4	90.0
317.52	90.0
345.6	90.0
698.6	90.0
726.8	90.0
731.6	90.0
748.36	90.0
784.2	90.0
800.12	90.0
816.44	90.0
954.64	90.0
1134.04	90.0
1188.2	90.0
1308.92	90.0
1383.08	90.0
1419.84	90.0
413.44	91.0
700.8	91.0
36.24	92.0
83.44	92.0
211.28	92.0
322.24	92.0
688.44	92.0
706.84	92.0
759.96	92.0
785.56	92.0
823.44	92.0
889.2	92.0
933.56	92.0
978.2	92.0
1027.56	92.0
1112.04	92.0
1152.08	92.0
1179.44	92.0
1219.88	92.0
1243.32	92.0
1287.64	92.0
1355.28	92.0
1407.52	92.0
1422.88	92.0
61.48	92.0
69.36	92.0
88.32	92.0
110.48	92.0
131.92	92.0
231.32	92.0
302.52	92.0
309.12	92.0
326.12	92.0
348.88	92.0
377.16	92.0
426.84	92.0
680.64	92.0
717.68	92.0
734.52	92.0
774.04	92.0
776.56	92.0
857.32	92.0
915.36	92.0
937.6	92.0
959.84	92.0
1034.0	92.0
1088.64	92.0
1115.2	92.0
1224.04	92.0
1260.96	92.0
1292.12	92.0
1328.0	92.0
1411.32	92.0
265.88	93.0
302.52	93.0
366.08	93.0
730.04	93.0
762.72	93.0
816.24	93.0
886.68	93.0
944.6	93.0
1276.56	93.0
1282.76	93.0
1410.36	93.0
335.84	93.0
343.12	93.0
704.72	93.0
826.96	93.0
1313.36	93.0
190.84	94.0
258.32	94.0
42.72	94.0
152.76	94.0
324.24	94.0
347.6	94.0
382.68	94.0
706.8	94.0
746.16	94.0
767.08	94.0
776.96	94.0
793.44	94.0
861.56	94.0
1281.48	94.0
43.36	95.0
307.52	95.0
761.8	95.0
1060.16	95.0
1256.8	95.0
1455.28	95.0
370.88	96.0
83.8	97.0
813.6	97.0
6.32	97.0
12.64	97.0
339.64	97.0
691.72	97.0
708.28	97.0
731.96	97.0
751.52	97.0
772.04	97.0
778.44	97.0
795.28	97.0
808.52	97.0
825.92	97.0
842.0	97.0
916.84	97.0
976.88	97.0
1051.4	97.0
1255.16	97.0
1283.2	97.0
1384.64	97.0
101.96	98.0
793.08	98.0
152.76	99.0
201.08	99.0
230.36	99.0
306.56	99.0
315.36	99.0
324.0	99.0
726.04	99.0
740.32	99.0
751.64	99.0
762.84	99.0
772.88	99.0
780.28	99.0
788.6	99.0
798.2	99.0
1220.16	99.0
1289.32	99.0
14.36	100.0
37.8	100.0
141.72	100.0
210.8	100.0
307.44	100.0
321.96	100.0
326.84	100.0
465.28	100.0
543.12	100.0
707.52	100.0
725.44	100.0
744.64	100.0
789.64	100.0
1008.36	100.0
1218.56	100.0
1237.4	100.0
1379.12	100.0
1440.52	100.0
740.48	101.0
775.12	101.0
792.52	101.0
306.08	103.0
324.48	103.0
343.0	103.0
724.36	103.0
727.08	103.0
792.24	103.0
213.52	103.0
704.8	103.0
764.8	103.0
342.96	104.0
704.48	104.0
724.32	104.0
826.76	104.0
829.28	104.0
102.24	104.0
156.56	104.0
197.8	104.0
237.96	104.0
266.28	104.0
312.0	104.0
320.88	104.0
338.64	104.0
356.44	104.0
716.16	104.0
731.36	104.0
743.4	104.0
753.8	104.0
762.4	104.0
770.88	104.0
783.52	104.0
794.48	104.0
811.52	104.0
851.16	104.0
924.16	104.0
1189.32	104.0
1321.76	104.0
306.04	106.0
435.76	106.0
828.24	106.0
1281.84	107.0
8.28	107.0
16.0	107.0
135.6	107.0
143.0	107.0
187.6	107.0
196.56	107.0
262.8	107.0
317.12	107.0
516.64	107.0
709.44	107.0
729.92	107.0
744.16	107.0
795.04	107.0
958.84	107.0
996.36	107.0
1144.2	107.0
1341.92	107.0
1361.84	107.0
1438.8	107.0
306.96	108.0
42.88	108.0
93.96	108.0
127.0	108.0
152.84	108.0
233.48	108.0
325.12	108.0
344.84	108.0
720.52	108.0
729.4	108.0
756.84	108.0
771.72	108.0
781.52	108.0
816.84	108.0
833.76	108.0
874.24	108.0
1166.0	108.0
1220.76	108.0
1242.08	108.0
1270.24	108.0
1344.4	108.0
1360.48	108.0
1380.96	108.0
1444.16	108.0
240.0	109.0
738.88	109.0
1230.32	109.0
1279.68	109.0
1308.6	109.0
322.4	109.0
1282.36	109.0
768.64	110.0
348.2	110.0
362.2	110.0
718.52	110.0
742.08	110.0
751.32	110.0
759.32	110.0
800.12	110.0
1052.52	110.0
1282.2	110.0
1396.88	110.0
1418.68	110.0
72.08	111.0
312.04	111.0
786.64	111.0
824.2	111.0
1263.92	111.0
40.4	111.0
136.64	111.0
149.96	111.0
189.08	111.0
214.04	111.0
245.36	111.0
302.84	111.0
309.08	111.0
318.28	111.0
322.56	111.0
372.88	111.0
383.28	111.0
698.36	111.0
718.48	111.0
724.2	111.0
727.0	111.0
738.48	111.0
759.28	111.0
763.32	111.0
772.92	111.0
797.96	111.0
808.28	111.0
828.48	111.0
860.48	111.0
882.28	111.0
968.0	111.0
983.6	111.0
1116.16	111.0
1183.84	111.0
1245.68	111.0
1248.56	111.0
1274.08	111.0
1291.28	111.0
1359.28	111.0
1380.4	111.0
1409.68	111.0
1418.56	111.0
1427.24	111.0
102.12	112.0
122.72	112.0
192.2	112.0
310.08	112.0
338.0	112.0
1427.68	112.0
773.16	114.0
776.96	114.0
977.88	115.0
105.44	115.0
235.68	115.0
310.52	115.0
324.36	115.0
425.64	115.0
742.32	115.0
759.68	115.0
783.0	115.0
816.04	115.0
837.08	115.0
908.08	115.0
1052.8	115.0
1200.2	115.0
1249.88	115.0
1283.0	115.0
1366.48	115.0
318.16	116.0
345.32	116.0
383.12	116.0
755.32	116.0
765.72	116.0
782.0	116.0
1168.12	116.0
1243.24	116.0
1418.36	116.0
15.24	116.0
41.64	116.0
73.96	116.0
92.2	116.0
105.64	116.0
145.24	116.0
189.16	116.0
195.08	116.0
214.48	116.0
230.12	116.0
240.0	116.0
295.08	116.0
310.52	116.0
321.4	116.0
324.24	116.0
330.56	116.0
335.76	116.0
413.84	116.0
476.2	116.0
704.16	116.0
708.92	116.0
713.6	116.0
719.12	116.0
721.84	116.0
727.0	116.0
731.68	116.0
738.96	116.0
761.68	116.0
771.32	116.0
776.24	116.0
788.96	116.0
793.96	116.0
797.4	116.0
821.04	116.0
830.84	116.0
888.52	116.0
895.84	116.0
976.84	116.0
1060.76	116.0
1133.44	116.0
1154.96	116.0
1159.32	116.0
1165.16	116.0
1237.12	116.0
1240.12	116.0
1267.52	116.0
1279.24	116.0
1308.72	116.0
1350.24	116.0
1359.88	116.0
1382.44	116.0
1403.64	116.0
1408.24	116.0
1428.84	116.0
1281.88	117.0
269.24	117.0
322.92	117.0
337.68	117.0
720.56	117.0
728.2	117.0
731.44	117.0
738.68	117.0
796.2	117.0
800.36	117.0
1264.12	117.0
96.24	118.0
17.68	118.0
306.96	118.0
318.36	118.0
331.8	118.0
335.76	118.0
339.0	118.0
344.84	118.0
367.04	118.0
707.28	118.0
724.12	118.0
733.16	118.0
737.96	118.0
743.16	118.0
752.76	118.0
761.44	118.0
768.52	118.0
776.04	118.0
787.8	118.0
795.52	118.0
806.52	118.0
820.8	118.0
883.92	118.0
898.88	118.0
977.12	118.0
1041.76	118.0
1307.16	118.0
1383.08	118.0
1432.2	118.0
307.0	119.0
14.36	119.0
192.12	119.0
312.44	119.0
1380.76	119.0
308.4	120.0
1380.44	120.0
15.36	120.0
122.16	120.0
148.08	120.0
400.8	120.0
697.2	120.0
712.48	120.0
745.12	120.0
776.12	120.0
827.24	120.0
977.56	120.0
1038.48	120.0
1061.44	120.0
1100.56	120.0
1150.24	120.0
1400.84	120.0
