265.84	84.0
302.6	84.0
43.52	85.0
306.52	85.0
340.44	85.0
757.4	85.0
813.28	85.0
980.68	85.0
1013.2	85.0
1135.04	85.0
1154.68	85.0
1178.76	85.0
1279.52	85.0
1304.28	85.0
47.36	86.0
101.48	86.0
146.12	86.0
150.24	86.0
171.6	86.0
194.88	86.0
273.44	86.0
298.52	86.0
320.36	86.0
337.44	86.0
351.36	86.0
386.44	86.0
454.08	86.0
521.68	86.0
566.84	86.0
639.32	86.0
644.04	86.0
698.04	86.0
783.4	86.0
811.56	86.0
815.88	86.0
844.4	86.0
857.04	86.0
903.84	86.0
934.24	86.0
958.2	86.0
964.48	86.0
978.16	86.0
990.36	86.0
1037.72	86.0
1083.24	86.0
1143.32	86.0
1147.56	86.0
1162.84	86.0
1299.2	86.0
1311.64	86.0
1343.8	86.0
1359.88	86.0
1414.08	86.0
115.6	86.0
183.52	86.0
231.24	86.0
250.64	86.0
312.04	86.0
332.88	86.0
357.28	86.0
582.12	86.0
725.88	86.0
1041.0	86.0
1175.12	86.0
1277.88	86.0
1363.12	86.0
320.8	87.0
1212.84	87.0
1357.4	87.0
48.16	87.0
104.04	87.0
153.08	87.0
170.68	87.0
200.2	87.0
204.8	87.0
257.04	87.0
265.04	87.0
271.36	87.0
311.36	87.0
316.56	87.0
335.08	87.0
349.36	87.0
389.76	87.0
466.12	87.0
484.0	87.0
493.08	87.0
565.76	87.0
613.2	87.0
618.32	87.0
784.72	87.0
794.08	87.0
894.44	87.0
909.64	87.0
945.92	87.0
1029.08	87.0
1121.12	87.0
1131.72	87.0
1148.2	87.0
1176.36	87.0
1188.64	87.0
1296.96	87.0
1334.6	87.0
196.84	88.0
259.28	88.0
302.8	88.0
336.32	88.0
386.88	88.0
465.08	88.0
807.68	88.0
859.36	88.0
1292.72	88.0
32.24	88.0
44.64	88.0
129.12	88.0
307.68	88.0
317.96	88.0
320.52	88.0
417.68	88.0
496.0	88.0
751.28	88.0
758.72	88.0
880.16	88.0
1046.32	88.0
1302.68	88.0
1319.72	88.0
1365.52	88.0
1435.84	88.0
1448.64	88.0
43.8	89.0
308.4	89.0
353.12	89.0
858.12	89.0
1274.48	89.0
1298.8	89.0
368.56	90.0
43.48	90.0
161.92	90.0
224.36	90.0
274.16	90.0
302.72	90.0
319.44	90.0
352.84	90.0
511.76	90.0
648.6	90.0
808.56	90.0
887.04	90.0
965.56	90.0
1224.44	90.0
1235.88	90.0
1282.16	90.0
1298.52	90.0
1361.48	90.0
1407.16	90.0
1422.36	90.0
239.0	91.0
313.68	91.0
321.76	91.0
314.92	92.0
322.32	92.0
330.72	92.0
536.68	92.0
902.92	92.0
939.16	92.0
1297.16	92.0
19.56	92.0
44.08	92.0
68.68	92.0
135.36	92.0
302.56	92.0
306.56	92.0
344.52	92.0
370.32	92.0
420.92	92.0
440.28	92.0
693.76	92.0
808.6	92.0
813.52	92.0
905.76	92.0
968.72	92.0
1026.84	92.0
1117.56	92.0
1302.64	92.0
1418.8	92.0
122.96	93.0
605.12	93.0
733.64	93.0
980.76	93.0
1158.24	93.0
1165.12	93.0
1406.36	93.0
185.16	94.0
741.44	94.0
1369.0	94.0
94.2	94.0
316.0	94.0
56.8	95.0
271.48	95.0
306.44	95.0
315.88	95.0
321.08	95.0
811.12	95.0
894.8	95.0
1130.68	95.0
1276.64	95.0
1281.6	95.0
1368.96	95.0
306.44	96.0
72.08	96.0
38.88	97.0
306.68	97.0
325.32	97.0
472.32	97.0
787.68	97.0
931.32	97.0
203.88	98.0
20.08	99.0
49.24	99.0
295.16	99.0
306.88	99.0
315.16	99.0
322.4	99.0
332.72	99.0
368.36	99.0
371.48	99.0
809.32	99.0
1138.16	99.0
1287.68	99.0
1338.64	99.0
115.92	100.0
133.48	100.0
368.44	100.0
460.32	100.0
495.6	100.0
654.16	100.0
698.92	100.0
754.52	100.0
804.68	100.0
857.24	100.0
928.44	100.0
936.8	100.0
1086.92	100.0
1137.8	100.0
1246.76	100.0
1370.12	100.0
1423.76	100.0
95.08	101.0
307.56	101.0
317.92	101.0
307.68	102.0
895.8	102.0
306.04	103.0
319.8	103.0
272.88	103.0
319.76	104.0
20.52	104.0
80.24	104.0
136.6	104.0
268.2	104.0
295.4	104.0
315.88	104.0
325.16	104.0
339.2	104.0
817.56	104.0
862.4	104.0
1153.56	104.0
1160.12	104.0
1167.44	104.0
1288.96	104.0
1359.2	104.0
986.16	106.0
1430.04	106.0
1444.28	106.0
119.12	107.0
203.56	107.0
239.64	107.0
245.36	107.0
248.96	107.0
293.92	107.0
309.0	107.0
322.76	107.0
327.88	107.0
498.12	107.0
581.4	107.0
698.2	107.0
720.92	107.0
742.04	107.0
756.28	107.0
759.68	107.0
813.68	107.0
819.36	107.0
930.44	107.0
1077.16	107.0
1148.56	107.0
1219.92	107.0
1241.36	107.0
1277.48	107.0
1357.52	107.0
1392.2	107.0
308.4	108.0
862.08	108.0
231.64	108.0
318.4	108.0
372.84	108.0
466.36	108.0
499.0	108.0
690.12	108.0
739.68	108.0
808.28	108.0
932.88	108.0
1285.6	108.0
1368.76	108.0
1427.04	108.0
43.2	109.0
273.92	109.0
224.56	109.0
512.24	109.0
1298.8	109.0
251.88	110.0
895.4	110.0
1155.52	110.0
1201.48	110.0
5.84	110.0
163.88	110.0
294.84	110.0
489.88	110.0
803.28	111.0
42.56	111.0
101.04	111.0
133.44	111.0
153.0	111.0
201.48	111.0
219.92	111.0
235.32	111.0
241.32	111.0
248.96	111.0
251.92	111.0
262.92	111.0
267.76	111.0
291.8	111.0
331.56	111.0
352.0	111.0
363.52	111.0
394.76	111.0
417.6	111.0
420.24	111.0
460.88	111.0
512.16	111.0
566.96	111.0
691.08	111.0
774.64	111.0
854.36	111.0
895.48	111.0
940.8	111.0
953.48	111.0
985.56	111.0
988.52	111.0
1003.92	111.0
1009.72	111.0
1052.64	111.0
1056.12	111.0
1145.68	111.0
1181.44	111.0
1201.68	111.0
1239.24	111.0
1280.92	111.0
1314.56	111.0
1360.16	111.0
1402.0	111.0
1420.92	111.0
1424.92	111.0
70.52	112.0
204.16	112.0
419.88	112.0
756.12	112.0
894.2	112.0
308.04	113.0
341.04	113.0
382.8	114.0
939.92	114.0
1291.64	114.0
90.64	115.0
164.52	115.0
272.6	115.0
384.84	115.0
465.96	115.0
826.36	115.0
931.44	115.0
1018.76	115.0
1272.36	115.0
104.04	116.0
133.04	116.0
163.64	116.0
199.96	116.0
290.76	116.0
344.84	116.0
352.52	116.0
367.32	116.0
383.04	116.0
418.36	116.0
669.84	116.0
897.76	116.0
985.4	116.0
1052.6	116.0
1107.0	116.0
1358.8	116.0
41.88	116.0
45.6	116.0
69.24	116.0
82.64	116.0
90.08	116.0
112.96	116.0
128.08	116.0
192.84	116.0
209.24	116.0
226.88	116.0
238.76	116.0
263.68	116.0
295.88	116.0
309.56	116.0
314.84	116.0
323.48	116.0
326.08	116.0
328.72	116.0
338.44	116.0
371.6	116.0
499.4	116.0
511.68	116.0
624.92	116.0
645.84	116.0
702.84	116.0
731.52	116.0
758.16	116.0
773.28	116.0
807.2	116.0
820.72	116.0
857.16	116.0
894.84	116.0
954.88	116.0
958.92	116.0
967.8	116.0
978.72	116.0
988.48	116.0
1142.56	116.0
1165.84	116.0
1172.76	116.0
1181.64	116.0
1203.28	116.0
1249.4	116.0
1279.24	116.0
1293.08	116.0
1298.56	116.0
1315.56	116.0
1368.8	116.0
1417.48	116.0
1422.8	116.0
1427.2	116.0
940.88	117.0
70.76	117.0
307.24	117.0
324.84	117.0
971.84	117.0
988.8	117.0
1201.96	117.0
1417.28	117.0
70.64	118.0
314.68	118.0
319.0	118.0
327.04	118.0
333.64	118.0
938.92	118.0
1156.56	118.0
1181.64	118.0
1222.04	118.0
1279.24	118.0
1358.56	118.0
311.92	119.0
690.92	119.0
1359.2	119.0
103.04	120.0
202.92	120.0
384.2	120.0
660.68	120.0
877.0	120.0
1112.68	120.0
1165.12	120.0
1221.36	120.0
1290.36	120.0
1346.2	120.0
