1327.2	84.0
31.4	84.0
1021.6	84.0
327.64	85.0
444.6	85.0
510.56	85.0
895.32	85.0
940.08	85.0
967.84	85.0
1164.44	85.0
46.72	86.0
71.08	86.0
83.04	86.0
108.04	86.0
305.0	86.0
338.92	86.0
385.08	86.0
400.4	86.0
441.84	86.0
731.6	86.0
777.32	86.0
834.44	86.0
866.68	86.0
869.24	86.0
876.92	86.0
882.0	86.0
899.72	86.0
927.52	86.0
936.68	86.0
976.08	86.0
988.28	86.0
1013.8	86.0
1020.12	86.0
1038.28	86.0
1081.28	86.0
1090.68	86.0
1106.32	86.0
1148.52	86.0
1310.6	86.0
8.88	86.0
17.64	86.0
30.48	86.0
309.2	86.0
318.08	86.0
327.12	86.0
800.48	86.0
824.8	86.0
888.4	86.0
902.8	86.0
914.72	86.0
1131.16	86.0
1285.12	86.0
314.28	87.0
546.52	87.0
620.4	87.0
678.8	87.0
936.24	87.0
1235.32	87.0
7.84	87.0
32.28	87.0
42.6	87.0
305.24	87.0
308.0	87.0
319.16	87.0
326.48	87.0
403.08	87.0
457.12	87.0
685.64	87.0
702.88	87.0
753.76	87.0
774.4	87.0
779.2	87.0
803.84	87.0
815.08	87.0
820.32	87.0
839.56	87.0
855.28	87.0
889.36	87.0
900.64	87.0
927.92	87.0
945.52	87.0
976.4	87.0
1072.44	87.0
1137.4	87.0
1165.88	87.0
1198.2	87.0
3.96	88.0
36.16	88.0
302.84	88.0
311.32	88.0
337.52	88.0
412.12	88.0
20.52	88.0
23.04	88.0
47.16	88.0
73.88	88.0
306.8	88.0
322.96	88.0
334.56	88.0
492.2	88.0
593.08	88.0
710.68	88.0
748.12	88.0
772.84	88.0
794.4	88.0
862.92	88.0
910.6	88.0
936.32	88.0
950.64	88.0
969.76	88.0
992.64	88.0
1015.08	88.0
1049.24	88.0
1064.6	88.0
1094.6	88.0
1119.96	88.0
1141.28	88.0
1153.4	88.0
1189.32	88.0
1207.4	88.0
1233.4	88.0
1266.36	88.0
1303.16	88.0
1347.48	88.0
13.72	89.0
39.52	89.0
72.8	89.0
303.92	89.0
384.84	89.0
519.32	89.0
591.04	89.0
1308.88	89.0
25.12	90.0
36.64	90.0
41.12	90.0
46.64	90.0
53.6	90.0
58.6	90.0
91.52	90.0
305.48	90.0
324.24	90.0
384.52	90.0
519.0	90.0
570.56	90.0
740.44	90.0
906.6	90.0
929.56	90.0
993.92	90.0
1022.04	90.0
1272.96	90.0
31.28	91.0
303.44	91.0
322.12	91.0
379.84	91.0
1171.52	91.0
27.84	92.0
35.84	92.0
305.76	92.0
315.24	92.0
339.64	92.0
502.96	92.0
6.08	92.0
19.64	92.0
42.52	92.0
55.16	92.0
73.32	92.0
85.8	92.0
95.04	92.0
160.88	92.0
175.8	92.0
186.04	92.0
302.8	92.0
309.24	92.0
321.4	92.0
331.16	92.0
354.88	92.0
367.12	92.0
401.16	92.0
506.6	92.0
560.52	92.0
599.36	92.0
647.88	92.0
715.56	92.0
759.6	92.0
824.2	92.0
891.76	92.0
1100.76	92.0
1264.44	92.0
302.64	93.0
94.68	93.0
366.96	94.0
451.0	94.0
1329.68	94.0
23.28	94.0
34.6	94.0
98.92	94.0
305.52	94.0
496.84	94.0
898.4	94.0
953.76	94.0
38.76	95.0
777.48	95.0
843.4	95.0
929.6	95.0
998.84	95.0
1313.08	95.0
305.68	96.0
341.04	96.0
1145.76	96.0
309.52	97.0
323.48	97.0
986.36	97.0
1051.64	97.0
1130.72	97.0
1179.88	97.0
1211.44	97.0
1301.88	97.0
8.2	97.0
71.44	97.0
304.6	97.0
316.0	97.0
345.96	97.0
376.08	97.0
538.72	97.0
868.4	97.0
902.4	97.0
305.04	98.0
936.48	98.0
1142.12	98.0
330.08	99.0
4.36	99.0
10.48	99.0
17.84	99.0
37.52	99.0
308.68	99.0
324.12	99.0
496.96	99.0
556.84	99.0
759.96	99.0
844.6	99.0
886.8	99.0
991.84	99.0
1101.6	99.0
422.28	100.0
493.32	100.0
773.0	100.0
841.36	100.0
972.4	100.0
1099.0	100.0
1167.92	100.0
1234.04	100.0
1287.88	100.0
1333.84	100.0
8.4	101.0
42.88	101.0
46.68	101.0
304.36	101.0
308.04	101.0
305.08	102.0
39.12	103.0
94.48	103.0
303.44	103.0
328.84	103.0
17.56	103.0
25.8	104.0
94.48	104.0
328.8	104.0
6.76	104.0
14.96	104.0
21.32	104.0
30.8	104.0
306.68	104.0
316.24	104.0
325.32	104.0
351.4	104.0
401.04	104.0
572.52	104.0
767.28	104.0
831.8	104.0
866.84	104.0
891.12	104.0
906.8	104.0
930.24	104.0
1056.88	104.0
1061.04	104.0
1104.32	104.0
98.6	106.0
884.44	106.0
910.04	106.0
984.84	106.0
18.4	107.0
24.04	107.0
30.96	107.0
37.96	107.0
307.92	107.0
353.76	107.0
372.64	107.0
407.12	107.0
564.84	107.0
595.68	107.0
651.04	107.0
656.88	107.0
744.64	107.0
825.4	107.0
864.56	107.0
897.56	107.0
930.4	107.0
1095.6	107.0
1141.2	107.0
1353.8	107.0
24.56	108.0
56.68	108.0
429.72	108.0
497.68	108.0
559.0	108.0
719.04	108.0
765.28	108.0
826.0	108.0
974.76	108.0
20.48	109.0
305.64	109.0
740.2	109.0
993.68	109.0
1349.2	109.0
25.84	110.0
950.88	110.0
31.68	110.0
412.52	110.0
695.32	110.0
844.08	110.0
992.8	110.0
1022.6	110.0
1089.44	110.0
8.76	111.0
16.2	111.0
26.0	111.0
39.08	111.0
73.6	111.0
303.12	111.0
318.16	111.0
320.8	111.0
347.88	111.0
412.48	111.0
569.84	111.0
681.6	111.0
712.56	111.0
738.0	111.0
788.32	111.0
823.08	111.0
838.08	111.0
849.4	111.0
882.48	111.0
893.12	111.0
926.72	111.0
933.8	111.0
990.88	111.0
1013.2	111.0
1092.76	111.0
1146.68	111.0
1157.76	111.0
1213.96	111.0
1222.0	111.0
1310.24	111.0
15.64	112.0
412.88	112.0
659.28	112.0
738.12	112.0
1190.52	112.0
1212.2	112.0
1307.64	112.0
22.04	113.0
304.4	113.0
303.96	114.0
1300.76	114.0
371.76	115.0
505.72	115.0
52.56	115.0
333.4	115.0
412.76	115.0
695.56	115.0
893.68	115.0
973.36	115.0
993.68	115.0
1044.28	115.0
310.76	116.0
318.52	116.0
348.8	116.0
363.2	116.0
520.8	116.0
712.48	116.0
882.64	116.0
904.6	116.0
923.4	116.0
926.64	116.0
9.28	116.0
19.32	116.0
24.32	116.0
31.68	116.0
42.2	116.0
46.16	116.0
307.64	116.0
332.6	116.0
382.96	116.0
403.36	116.0
406.4	116.0
453.4	116.0
483.92	116.0
490.68	116.0
503.96	116.0
541.04	116.0
558.36	116.0
568.12	116.0
629.96	116.0
632.8	116.0
655.88	116.0
659.2	116.0
720.48	116.0
741.84	116.0
758.8	116.0
769.12	116.0
805.6	116.0
823.44	116.0
878.44	116.0
911.64	116.0
920.88	116.0
992.88	116.0
999.04	116.0
1022.88	116.0
1123.48	116.0
1154.2	116.0
1349.0	116.0
305.04	117.0
559.16	117.0
894.2	117.0
921.0	117.0
11.08	117.0
16.56	117.0
22.16	117.0
348.16	117.0
794.44	117.0
928.92	117.0
993.12	117.0
321.04	118.0
345.76	118.0
567.72	118.0
772.72	118.0
7.4	118.0
12.2	118.0
17.84	118.0
32.36	118.0
40.16	118.0
52.24	118.0
106.88	118.0
307.0	118.0
410.8	118.0
511.16	118.0
670.52	118.0
737.96	118.0
823.28	118.0
926.88	118.0
991.16	118.0
1079.8	118.0
1144.84	118.0
61.36	119.0
165.12	119.0
311.8	119.0
12.16	120.0
15.08	120.0
28.76	120.0
304.84	120.0
497.36	120.0
757.56	120.0
971.88	120.0
1010.36	120.0
1036.52	120.0
1079.24	120.0
1094.96	120.0
1148.12	120.0
1303.96	120.0
