327.76	84.0
254.92	85.0
328.2	85.0
337.56	85.0
424.2	85.0
442.92	85.0
537.28	85.0
558.68	85.0
134.32	86.0
191.44	86.0
230.68	86.0
250.52	86.0
259.72	86.0
276.36	86.0
288.96	86.0
308.64	86.0
354.72	86.0
365.44	86.0
378.36	86.0
393.64	86.0
425.96	86.0
460.6	86.0
492.4	86.0
884.76	86.0
907.6	86.0
932.56	86.0
940.04	86.0
983.8	86.0
1008.76	86.0
1071.08	86.0
1093.56	86.0
1132.32	86.0
1145.12	86.0
1226.36	86.0
1251.4	86.0
1272.56	86.0
265.4	86.0
282.68	86.0
312.76	86.0
320.36	86.0
330.36	86.0
343.2	86.0
413.6	86.0
448.88	86.0
463.24	86.0
479.24	86.0
557.36	86.0
969.56	86.0
982.52	87.0
1266.0	87.0
75.88	87.0
99.8	87.0
137.04	87.0
157.6	87.0
178.68	87.0
190.2	87.0
232.32	87.0
273.64	87.0
281.52	87.0
307.6	87.0
320.0	87.0
326.16	87.0
497.68	87.0
697.96	87.0
843.92	87.0
870.56	87.0
884.92	87.0
947.88	87.0
977.84	87.0
1008.92	87.0
1017.04	87.0
1096.76	87.0
1165.32	87.0
1284.52	87.0
1294.6	87.0
302.8	88.0
130.28	88.0
182.04	88.0
218.52	88.0
252.28	88.0
278.76	88.0
307.68	88.0
312.24	88.0
326.04	88.0
403.56	88.0
465.92	88.0
485.08	88.0
495.52	88.0
531.48	88.0
537.44	88.0
578.56	88.0
639.72	88.0
724.68	88.0
789.92	88.0
818.88	88.0
871.4	88.0
886.08	88.0
909.6	88.0
969.6	88.0
1011.12	88.0
1038.6	88.0
1059.44	88.0
1124.88	88.0
1159.4	88.0
1163.64	88.0
1198.44	88.0
1252.6	88.0
1313.36	88.0
273.6	89.0
295.0	89.0
81.12	89.0
205.88	89.0
307.08	89.0
368.76	89.0
455.36	89.0
558.36	89.0
66.56	90.0
76.08	90.0
162.0	90.0
221.56	90.0
273.52	90.0
308.92	90.0
315.12	90.0
450.48	90.0
822.08	90.0
831.16	90.0
944.56	90.0
1008.6	90.0
1200.8	90.0
1250.8	90.0
368.08	91.0
320.44	91.0
313.76	92.0
329.52	92.0
140.36	92.0
180.2	92.0
242.64	92.0
249.64	92.0
255.76	92.0
302.6	92.0
338.0	92.0
362.56	92.0
532.4	92.0
874.12	92.0
989.0	92.0
1159.0	92.0
1200.68	92.0
1298.48	92.0
180.72	93.0
326.28	93.0
381.64	93.0
403.16	93.0
533.96	93.0
566.68	93.0
588.56	93.0
953.8	93.0
1096.4	93.0
1253.76	94.0
321.44	94.0
326.52	94.0
341.88	94.0
350.56	94.0
1096.52	94.0
497.08	95.0
957.24	95.0
1210.8	95.0
320.6	96.0
508.68	96.0
532.36	96.0
244.48	97.0
313.4	97.0
502.36	97.0
553.56	97.0
622.44	97.0
697.92	97.0
932.76	97.0
1066.12	97.0
1157.96	97.0
1187.16	97.0
1244.64	97.0
127.16	97.0
176.0	97.0
320.96	97.0
485.04	97.0
769.76	97.0
883.92	97.0
982.84	97.0
1103.76	97.0
1285.84	97.0
745.08	98.0
346.32	99.0
209.84	99.0
306.76	99.0
312.36	99.0
323.08	99.0
362.4	99.0
465.24	99.0
726.36	99.0
888.6	99.0
1013.04	99.0
1075.44	99.0
1154.4	99.0
1200.08	99.0
950.76	100.0
60.72	100.0
194.56	100.0
206.52	100.0
329.76	100.0
1199.08	100.0
1258.24	100.0
307.16	101.0
317.52	101.0
308.12	102.0
313.92	102.0
296.8	103.0
326.6	103.0
29.8	104.0
136.36	104.0
179.88	104.0
213.24	104.0
252.44	104.0
282.44	104.0
315.64	104.0
327.52	104.0
337.72	104.0
365.12	104.0
404.0	104.0
445.52	104.0
471.0	104.0
533.36	104.0
549.72	104.0
555.92	104.0
710.28	104.0
783.0	104.0
890.44	104.0
966.72	104.0
984.32	104.0
1008.08	104.0
1024.92	104.0
1040.32	104.0
1076.64	104.0
1129.0	104.0
1138.2	104.0
1195.72	104.0
314.84	106.0
468.4	106.0
1180.24	106.0
340.16	107.0
445.88	107.0
106.32	107.0
117.0	107.0
235.88	107.0
312.36	107.0
316.44	107.0
390.32	107.0
532.2	107.0
561.2	107.0
605.36	107.0
646.76	107.0
715.72	107.0
754.88	107.0
773.92	107.0
875.96	107.0
946.96	107.0
1150.4	107.0
1183.6	107.0
24.52	108.0
41.36	108.0
79.44	108.0
124.16	108.0
157.28	108.0
186.56	108.0
199.56	108.0
228.0	108.0
246.8	108.0
307.92	108.0
867.84	108.0
930.88	108.0
34.92	109.0
66.32	109.0
221.28	109.0
904.12	109.0
1250.6	109.0
308.44	109.0
964.4	109.0
230.8	110.0
292.96	110.0
128.36	110.0
179.24	110.0
341.24	110.0
400.76	110.0
408.28	110.0
1035.8	110.0
1040.48	110.0
907.36	111.0
22.76	111.0
128.32	111.0
145.96	111.0
150.48	111.0
183.24	111.0
204.32	111.0
236.2	111.0
239.36	111.0
290.96	111.0
302.84	111.0
309.24	111.0
320.2	111.0
341.96	111.0
386.72	111.0
470.0	111.0
486.32	111.0
508.84	111.0
511.88	111.0
533.16	111.0
556.56	111.0
589.56	111.0
641.64	111.0
754.48	111.0
779.12	111.0
861.28	111.0
892.96	111.0
904.84	111.0
971.28	111.0
1035.0	111.0
1041.76	111.0
1138.64	111.0
1203.44	111.0
1214.2	111.0
326.56	112.0
536.2	112.0
604.36	112.0
981.2	112.0
321.56	113.0
318.32	114.0
306.8	114.0
246.24	115.0
308.88	115.0
321.12	115.0
358.76	115.0
386.08	115.0
475.88	115.0
882.2	115.0
1036.08	115.0
1279.68	115.0
16.92	116.0
63.44	116.0
84.2	116.0
133.36	116.0
147.16	116.0
151.96	116.0
196.8	116.0
218.88	116.0
230.76	116.0
261.0	116.0
282.12	116.0
309.28	116.0
314.88	116.0
319.92	116.0
323.36	116.0
333.32	116.0
340.0	116.0
381.08	116.0
422.88	116.0
454.36	116.0
490.68	116.0
600.32	116.0
728.6	116.0
809.32	116.0
825.56	116.0
858.88	116.0
877.64	116.0
937.72	116.0
993.04	116.0
1040.72	116.0
1080.4	116.0
1100.76	116.0
1212.28	116.0
1261.2	116.0
1090.56	117.0
128.64	117.0
150.88	117.0
373.2	117.0
448.56	117.0
959.64	117.0
339.56	118.0
1005.76	118.0
73.6	118.0
148.72	118.0
202.56	118.0
231.24	118.0
306.24	118.0
322.84	118.0
536.72	118.0
828.36	118.0
306.0	119.0
311.68	119.0
587.28	119.0
1297.72	120.0
85.2	120.0
282.68	120.0
308.48	120.0
320.64	120.0
402.68	120.0
480.2	120.0
536.16	120.0
567.92	120.0
1028.64	120.0
1164.64	120.0
1203.52	120.0
