347.6	84.0
306.92	84.0
335.16	84.0
1116.36	84.0
751.68	85.0
354.0	85.0
407.48	85.0
517.24	85.0
641.32	85.0
653.4	85.0
663.08	85.0
691.28	85.0
785.0	85.0
880.44	85.0
942.6	85.0
1122.44	85.0
1139.6	85.0
1220.56	85.0
1322.64	85.0
1335.32	85.0
307.44	86.0
325.24	86.0
355.12	86.0
358.2	86.0
377.08	86.0
382.68	86.0
402.72	86.0
432.6	86.0
439.56	86.0
471.56	86.0
527.04	86.0
562.32	86.0
691.2	86.0
741.44	86.0
1013.24	86.0
1043.56	86.0
1070.68	86.0
1094.72	86.0
1114.16	86.0
1136.24	86.0
1168.28	86.0
1171.0	86.0
1184.48	86.0
1214.44	86.0
1232.16	86.0
1291.92	86.0
1318.2	86.0
1342.4	86.0
317.2	86.0
321.24	86.0
341.48	86.0
345.84	86.0
370.6	86.0
397.72	86.0
421.44	86.0
436.32	86.0
450.28	86.0
482.56	86.0
493.84	86.0
544.08	86.0
582.32	86.0
597.6	86.0
1061.32	86.0
1074.88	86.0
1102.16	86.0
1128.44	86.0
1154.04	86.0
1203.8	86.0
1217.04	86.0
1255.24	86.0
1270.48	86.0
1286.48	86.0
1325.88	86.0
318.28	87.0
386.68	87.0
307.04	87.0
313.6	87.0
334.64	87.0
341.76	87.0
347.76	87.0
351.2	87.0
355.0	87.0
358.32	87.0
362.64	87.0
374.28	87.0
377.88	87.0
393.16	87.0
409.6	87.0
421.12	87.0
437.08	87.0
489.2	87.0
639.52	87.0
784.48	87.0
840.44	87.0
885.92	87.0
932.72	87.0
972.4	87.0
1001.8	87.0
1020.48	87.0
1136.96	87.0
1155.04	87.0
1169.44	87.0
1202.4	87.0
1271.48	87.0
1283.88	87.0
1306.32	87.0
333.2	88.0
343.52	88.0
540.32	88.0
973.24	88.0
303.0	88.0
308.6	88.0
322.92	88.0
346.64	88.0
355.12	88.0
357.8	88.0
366.28	88.0
377.4	88.0
392.36	88.0
404.44	88.0
418.92	88.0
438.48	88.0
459.32	88.0
475.12	88.0
492.24	88.0
511.32	88.0
531.32	88.0
551.4	88.0
568.6	88.0
600.64	88.0
668.68	88.0
702.8	88.0
775.44	88.0
975.76	88.0
1063.2	88.0
1117.56	88.0
1159.88	88.0
1196.4	88.0
1227.44	88.0
1234.24	88.0
1265.0	88.0
1285.4	88.0
1301.24	88.0
306.52	89.0
313.04	89.0
320.28	89.0
343.36	89.0
350.04	89.0
369.76	89.0
383.56	89.0
391.24	89.0
449.2	89.0
1061.24	89.0
1251.8	89.0
341.4	90.0
981.28	90.0
316.2	90.0
319.96	90.0
330.6	90.0
347.64	90.0
358.04	90.0
364.6	90.0
1120.04	90.0
1178.32	90.0
1330.28	90.0
315.64	91.0
318.68	91.0
355.2	91.0
417.12	91.0
306.04	91.0
312.16	91.0
335.56	91.0
341.44	91.0
381.08	91.0
317.08	92.0
334.4	92.0
341.4	92.0
353.4	92.0
361.48	92.0
381.92	92.0
405.88	92.0
417.76	92.0
460.16	92.0
497.24	92.0
540.6	92.0
303.0	92.0
306.08	92.0
313.24	92.0
322.76	92.0
325.4	92.0
369.24	92.0
387.36	92.0
455.24	92.0
471.08	92.0
487.2	92.0
507.2	92.0
513.76	92.0
526.12	92.0
558.56	92.0
584.88	92.0
599.96	92.0
622.64	92.0
646.04	92.0
688.16	92.0
691.76	92.0
740.04	92.0
780.6	92.0
783.72	92.0
796.64	92.0
841.8	92.0
878.56	92.0
912.08	92.0
945.84	92.0
959.72	92.0
976.4	92.0
1017.08	92.0
1039.76	92.0
1080.52	92.0
1096.44	92.0
1134.44	92.0
1184.8	92.0
1206.92	92.0
1231.56	92.0
1245.08	92.0
1287.8	92.0
1328.92	92.0
1348.12	92.0
321.96	93.0
344.04	93.0
354.4	93.0
367.0	93.0
372.72	93.0
378.56	93.0
385.64	93.0
391.2	93.0
399.52	93.0
419.76	93.0
429.12	93.0
437.04	93.0
452.16	93.0
473.32	93.0
486.4	93.0
506.56	93.0
526.64	93.0
533.12	93.0
547.32	93.0
562.68	93.0
612.04	93.0
643.76	93.0
672.2	93.0
1107.44	93.0
1157.84	93.0
1271.96	93.0
407.48	93.0
441.16	93.0
896.96	93.0
441.0	94.0
1231.72	94.0
319.44	94.0
332.48	94.0
344.24	94.0
349.16	94.0
352.48	94.0
358.68	94.0
408.96	94.0
431.64	94.0
670.36	94.0
1083.44	94.0
1106.88	94.0
1252.0	94.0
1273.0	94.0
1289.16	94.0
1319.68	94.0
332.16	95.0
349.16	95.0
316.6	95.0
341.08	95.0
354.24	95.0
371.12	95.0
435.84	95.0
483.76	95.0
541.08	95.0
639.52	95.0
742.24	95.0
829.2	95.0
350.4	96.0
357.36	96.0
999.36	96.0
315.0	97.0
1303.2	97.0
318.44	97.0
321.76	97.0
332.68	97.0
371.36	97.0
913.48	97.0
939.52	97.0
972.52	97.0
992.72	97.0
996.28	97.0
1015.56	97.0
1035.2	97.0
1080.12	97.0
1116.16	97.0
1143.48	97.0
1159.12	97.0
1199.92	97.0
318.12	98.0
356.96	99.0
306.76	99.0
315.68	99.0
319.08	99.0
322.92	99.0
332.88	99.0
343.84	99.0
352.96	99.0
416.36	99.0
428.32	99.0
484.32	99.0
556.28	99.0
640.8	99.0
937.6	99.0
1102.4	99.0
1144.88	99.0
1210.68	99.0
1223.64	99.0
1270.48	99.0
1284.04	99.0
1321.12	99.0
307.68	100.0
314.76	100.0
320.08	100.0
334.76	100.0
341.36	100.0
349.76	100.0
355.08	100.0
379.36	100.0
393.24	100.0
518.28	100.0
896.68	100.0
938.6	100.0
1040.32	100.0
1061.24	100.0
1082.2	100.0
1119.84	100.0
1143.96	100.0
1334.92	100.0
316.76	101.0
323.08	101.0
344.52	101.0
358.64	101.0
369.2	101.0
378.76	101.0
391.08	101.0
417.8	101.0
506.36	101.0
563.92	101.0
585.64	101.0
618.32	101.0
654.52	101.0
671.44	101.0
693.24	101.0
733.36	101.0
770.28	101.0
788.96	101.0
853.04	101.0
868.44	101.0
920.76	101.0
1058.24	101.0
1079.36	101.0
1104.64	101.0
1121.56	101.0
1155.12	101.0
1236.64	101.0
1317.88	101.0
364.68	103.0
308.28	103.0
342.44	103.0
809.24	103.0
1045.96	103.0
351.8	104.0
364.68	104.0
407.32	104.0
308.8	104.0
313.92	104.0
318.76	104.0
323.48	104.0
333.72	104.0
345.08	104.0
369.24	104.0
389.96	104.0
396.24	104.0
433.68	104.0
449.92	104.0
460.6	104.0
478.64	104.0
515.96	104.0
533.76	104.0
568.68	104.0
589.72	104.0
604.04	104.0
682.12	104.0
1000.48	104.0
1021.24	104.0
1050.84	104.0
1091.32	104.0
1105.44	104.0
1124.2	104.0
1144.44	104.0
1209.76	104.0
1233.0	104.0
1270.04	104.0
1292.68	104.0
1309.56	104.0
315.28	106.0
320.96	106.0
334.44	106.0
357.68	106.0
442.68	106.0
602.16	106.0
345.84	107.0
321.08	107.0
327.0	107.0
330.68	107.0
351.48	107.0
359.72	107.0
371.76	107.0
421.4	107.0
449.72	107.0
491.92	107.0
510.84	107.0
525.08	107.0
572.56	107.0
733.8	107.0
1116.96	107.0
1138.52	107.0
1166.44	107.0
1207.76	107.0
1272.72	107.0
1324.96	107.0
308.08	108.0
316.76	108.0
356.32	108.0
324.24	108.0
340.8	108.0
347.64	108.0
365.28	108.0
368.36	108.0
391.88	108.0
468.8	108.0
491.68	108.0
507.36	108.0
1071.44	108.0
1165.56	108.0
1310.04	108.0
357.76	109.0
369.28	109.0
1057.92	109.0
1272.08	109.0
316.64	110.0
330.28	110.0
344.12	110.0
356.44	110.0
365.48	110.0
401.68	110.0
406.76	110.0
423.72	110.0
1141.48	110.0
322.4	110.0
378.0	110.0
518.28	110.0
602.44	110.0
1119.52	110.0
1167.68	110.0
333.6	111.0
345.12	111.0
312.44	111.0
342.12	111.0
347.72	111.0
350.68	111.0
356.48	111.0
360.56	111.0
369.96	111.0
373.88	111.0
377.36	111.0
382.16	111.0
389.68	111.0
394.24	111.0
406.56	111.0
416.64	111.0
431.6	111.0
450.08	111.0
467.12	111.0
476.04	111.0
501.6	111.0
515.0	111.0
545.96	111.0
556.48	111.0
570.68	111.0
588.0	111.0
606.0	111.0
616.0	111.0
639.16	111.0
655.96	111.0
666.72	111.0
686.36	111.0
699.28	111.0
714.0	111.0
729.36	111.0
789.48	111.0
809.0	111.0
840.32	111.0
857.16	111.0
872.92	111.0
918.52	111.0
1001.44	111.0
1011.8	111.0
1080.4	111.0
1104.84	111.0
1138.8	111.0
1156.56	111.0
1167.68	111.0
1178.04	111.0
1185.88	111.0
1195.36	111.0
1270.48	111.0
1285.64	111.0
1316.96	111.0
1322.96	111.0
1346.92	111.0
312.76	112.0
343.6	112.0
386.96	112.0
439.16	112.0
485.88	112.0
845.32	112.0
1168.2	112.0
1326.12	112.0
321.8	113.0
331.76	113.0
348.08	113.0
408.12	113.0
433.64	113.0
452.0	113.0
488.24	113.0
508.56	113.0
560.56	113.0
318.4	114.0
332.16	114.0
344.04	114.0
354.12	114.0
358.68	114.0
364.52	114.0
369.12	114.0
377.12	114.0
396.36	114.0
349.44	114.0
511.48	114.0
322.32	115.0
398.56	115.0
568.0	115.0
939.6	115.0
307.72	115.0
312.04	115.0
339.36	115.0
353.44	115.0
359.44	115.0
367.6	115.0
375.24	115.0
390.08	115.0
436.2	115.0
454.8	115.0
506.44	115.0
579.8	115.0
651.36	115.0
727.44	115.0
761.32	115.0
774.84	115.0
794.0	115.0
809.8	115.0
852.76	115.0
872.4	115.0
917.76	115.0
968.96	115.0
1012.48	115.0
1032.04	115.0
1125.16	115.0
1158.04	115.0
1188.48	115.0
1270.4	115.0
1293.2	115.0
317.4	116.0
321.24	116.0
340.84	116.0
357.84	116.0
555.76	116.0
1201.88	116.0
313.96	116.0
325.76	116.0
332.32	116.0
334.84	116.0
344.44	116.0
348.32	116.0
351.32	116.0
361.36	116.0
364.16	116.0
367.28	116.0
373.32	116.0
377.84	116.0
383.44	116.0
390.2	116.0
413.4	116.0
427.68	116.0
441.96	116.0
454.52	116.0
465.76	116.0
471.52	116.0
507.08	116.0
511.88	116.0
531.84	116.0
542.72	116.0
610.28	116.0
637.8	116.0
656.48	116.0
659.52	116.0
671.8	116.0
719.64	116.0
899.36	116.0
1023.0	116.0
1045.56	116.0
1142.76	116.0
1157.48	116.0
1166.44	116.0
1222.76	116.0
1251.88	116.0
1271.84	116.0
1315.12	116.0
1321.36	116.0
365.04	117.0
317.16	117.0
320.48	117.0
348.16	117.0
351.96	117.0
394.64	117.0
407.2	117.0
1272.12	117.0
316.96	118.0
322.44	118.0
331.16	118.0
306.64	118.0
313.48	118.0
345.76	118.0
355.8	118.0
359.24	118.0
366.36	118.0
376.76	118.0
387.12	118.0
425.96	118.0
438.76	118.0
483.04	118.0
525.16	118.0
583.2	118.0
600.28	118.0
624.48	118.0
654.0	118.0
676.12	118.0
701.12	118.0
733.36	118.0
765.56	118.0
786.08	118.0
823.72	118.0
874.04	118.0
907.04	118.0
939.44	118.0
963.44	118.0
1041.76	118.0
1166.04	118.0
332.84	119.0
314.24	119.0
340.12	119.0
356.68	119.0
363.56	119.0
347.44	120.0
359.68	120.0
365.8	120.0
369.12	120.0
398.28	120.0
406.12	120.0
448.96	120.0
479.6	120.0
491.08	120.0
508.56	120.0
514.24	120.0
524.52	120.0
658.12	120.0
684.28	120.0
735.24	120.0
1045.32	120.0
1081.16	120.0
1096.56	120.0
1111.44	120.0
1254.96	120.0
1259.56	120.0
