329.2	84.0
319.32	84.0
420.8	84.0
329.12	85.0
338.32	85.0
342.44	85.0
401.72	85.0
418.2	85.0
457.88	85.0
544.96	85.0
563.4	85.0
588.92	85.0
599.56	85.0
663.44	85.0
778.32	85.0
817.96	85.0
914.72	85.0
973.36	85.0
1137.4	85.0
1232.16	85.0
1242.08	85.0
325.0	86.0
360.68	86.0
392.52	86.0
447.08	86.0
453.8	86.0
467.28	86.0
484.96	86.0
495.92	86.0
498.52	86.0
535.44	86.0
544.28	86.0
564.2	86.0
592.64	86.0
611.6	86.0
625.4	86.0
648.2	86.0
671.6	86.0
678.12	86.0
696.68	86.0
732.88	86.0
741.4	86.0
750.6	86.0
753.32	86.0
761.28	86.0
772.32	86.0
780.24	86.0
819.08	86.0
840.64	86.0
872.68	86.0
931.88	86.0
944.88	86.0
961.88	86.0
967.96	86.0
980.28	86.0
1015.12	86.0
1021.88	86.0
1039.2	86.0
1043.04	86.0
1061.2	86.0
1071.2	86.0
1099.16	86.0
1121.56	86.0
1134.52	86.0
1147.6	86.0
1162.36	86.0
1179.8	86.0
1193.92	86.0
1238.88	86.0
1252.52	86.0
1262.92	86.0
1290.44	86.0
1322.6	86.0
306.76	86.0
320.32	86.0
339.48	86.0
344.04	86.0
349.6	86.0
355.84	86.0
371.52	86.0
381.76	86.0
388.16	86.0
406.44	86.0
423.36	86.0
526.92	86.0
574.88	86.0
609.04	86.0
714.08	86.0
800.48	86.0
889.64	86.0
1102.76	86.0
1230.52	86.0
1271.48	86.0
313.32	87.0
322.32	87.0
325.0	87.0
336.72	87.0
346.92	87.0
357.36	87.0
360.8	87.0
364.64	87.0
378.2	87.0
381.8	87.0
399.16	87.0
406.24	87.0
411.88	87.0
419.8	87.0
424.72	87.0
433.92	87.0
440.28	87.0
454.32	87.0
464.12	87.0
472.92	87.0
481.84	87.0
495.52	87.0
513.24	87.0
516.24	87.0
531.92	87.0
540.48	87.0
556.8	87.0
567.96	87.0
581.8	87.0
611.8	87.0
616.92	87.0
697.32	87.0
772.8	87.0
787.12	87.0
818.36	87.0
927.52	87.0
1004.28	87.0
1067.32	87.0
1099.68	87.0
302.92	88.0
348.28	88.0
381.56	88.0
417.92	88.0
464.28	88.0
490.4	88.0
519.64	88.0
538.92	88.0
604.24	88.0
720.24	88.0
749.2	88.0
794.24	88.0
822.32	88.0
868.56	88.0
1039.28	88.0
1164.4	88.0
1272.32	88.0
1305.04	88.0
234.36	88.0
307.92	88.0
321.48	88.0
329.36	88.0
333.68	88.0
338.0	88.0
340.92	88.0
351.32	88.0
367.6	88.0
390.24	88.0
397.28	88.0
401.48	88.0
454.84	88.0
493.56	88.0
506.68	88.0
555.16	88.0
618.56	88.0
621.56	88.0
755.28	88.0
760.08	88.0
769.4	88.0
782.68	88.0
813.0	88.0
910.32	88.0
996.4	88.0
1005.36	88.0
1082.28	88.0
1113.92	88.0
1335.32	88.0
621.2	89.0
1013.76	89.0
312.72	89.0
321.68	89.0
329.36	89.0
333.08	89.0
343.96	89.0
353.84	89.0
358.8	89.0
367.76	89.0
528.84	89.0
561.2	89.0
631.24	89.0
852.44	89.0
1039.04	89.0
1309.4	89.0
307.48	90.0
344.12	90.0
319.36	90.0
325.68	90.0
363.4	90.0
501.24	90.0
528.52	90.0
560.92	90.0
570.72	90.0
776.0	90.0
907.48	90.0
911.72	90.0
961.52	90.0
1002.08	90.0
1015.84	90.0
1037.0	90.0
1046.8	90.0
1081.84	90.0
1158.72	90.0
1179.96	90.0
369.44	91.0
313.12	91.0
318.04	91.0
325.96	91.0
340.64	91.0
427.2	91.0
538.44	91.0
989.96	91.0
1309.44	91.0
306.76	92.0
324.48	92.0
340.32	92.0
343.76	92.0
480.64	92.0
507.24	92.0
556.4	92.0
593.12	92.0
640.8	92.0
657.84	92.0
740.28	92.0
868.04	92.0
963.48	92.0
1188.08	92.0
302.8	92.0
321.2	92.0
333.28	92.0
336.4	92.0
353.44	92.0
359.8	92.0
378.16	92.0
382.4	92.0
385.04	92.0
399.56	92.0
405.64	92.0
417.28	92.0
428.08	92.0
443.6	92.0
449.72	92.0
455.96	92.0
470.48	92.0
491.64	92.0
494.16	92.0
515.24	92.0
523.0	92.0
549.64	92.0
618.84	92.0
646.2	92.0
661.64	92.0
681.0	92.0
686.12	92.0
696.04	92.0
780.08	92.0
797.2	92.0
806.28	92.0
854.44	92.0
884.72	92.0
921.2	92.0
934.28	92.0
988.52	92.0
999.44	92.0
1054.6	92.0
1099.24	92.0
1127.8	92.0
1136.84	92.0
1169.24	92.0
1212.08	92.0
1249.12	92.0
1266.4	92.0
1273.8	92.0
1287.72	92.0
1326.0	92.0
308.48	93.0
314.88	93.0
318.6	93.0
325.44	93.0
345.84	93.0
354.0	93.0
364.4	93.0
370.8	93.0
387.56	93.0
400.92	93.0
445.52	93.0
510.92	93.0
533.8	93.0
610.6	93.0
658.04	93.0
758.2	93.0
1135.6	93.0
1162.76	93.0
1245.84	93.0
1291.64	93.0
1336.68	93.0
336.24	93.0
496.28	93.0
324.8	94.0
344.68	94.0
350.48	94.0
1185.44	94.0
359.24	94.0
391.92	94.0
423.2	94.0
510.52	94.0
579.84	94.0
698.0	94.0
831.4	94.0
913.28	94.0
945.0	94.0
968.92	94.0
973.4	94.0
999.88	94.0
1019.36	94.0
1048.16	94.0
1092.88	94.0
1175.32	94.0
1194.68	94.0
1241.0	94.0
1308.8	94.0
318.84	95.0
334.4	95.0
342.68	95.0
346.36	95.0
364.96	95.0
721.08	95.0
779.24	95.0
1070.44	95.0
1208.6	95.0
1233.56	95.0
324.32	96.0
360.32	96.0
322.04	97.0
328.0	97.0
359.2	97.0
426.96	97.0
593.44	97.0
606.68	97.0
630.0	97.0
659.52	97.0
681.96	97.0
709.64	97.0
733.4	97.0
773.28	97.0
814.6	97.0
910.64	97.0
1002.28	97.0
1053.8	97.0
308.32	98.0
329.6	98.0
345.32	98.0
421.84	98.0
306.76	99.0
319.84	99.0
323.88	99.0
341.64	99.0
346.24	99.0
352.72	99.0
360.76	99.0
377.36	99.0
386.32	99.0
402.44	99.0
439.72	99.0
529.96	99.0
549.4	99.0
800.04	99.0
826.36	99.0
854.88	99.0
914.64	99.0
954.4	99.0
1041.56	99.0
1083.92	99.0
1232.04	99.0
1267.04	99.0
358.92	100.0
307.44	100.0
313.44	100.0
321.16	100.0
325.56	100.0
328.28	100.0
341.4	100.0
367.28	100.0
427.0	100.0
452.12	100.0
603.96	100.0
682.52	100.0
921.96	100.0
1016.2	100.0
1265.68	100.0
1332.0	100.0
325.76	101.0
346.6	101.0
367.72	101.0
420.24	101.0
471.56	101.0
494.96	101.0
318.92	103.0
391.92	103.0
1032.56	103.0
308.16	103.0
890.4	103.0
307.92	104.0
353.36	104.0
364.08	104.0
391.92	104.0
319.84	104.0
325.08	104.0
336.44	104.0
347.8	104.0
359.12	104.0
381.08	104.0
400.48	104.0
428.12	104.0
485.68	104.0
508.76	104.0
520.56	104.0
564.68	104.0
577.28	104.0
608.32	104.0
630.88	104.0
663.44	104.0
677.4	104.0
696.8	104.0
779.92	104.0
825.04	104.0
852.28	104.0
872.36	104.0
889.52	104.0
965.24	104.0
1036.64	104.0
1047.52	104.0
1090.68	104.0
1098.68	104.0
1120.32	104.0
1267.56	104.0
1298.68	104.0
1335.04	104.0
312.0	105.0
318.96	105.0
313.56	106.0
336.52	106.0
366.6	106.0
426.56	106.0
646.08	106.0
365.48	107.0
314.24	107.0
320.28	107.0
325.04	107.0
337.52	107.0
342.8	107.0
354.88	107.0
371.6	107.0
387.12	107.0
421.32	107.0
444.84	107.0
466.2	107.0
472.44	107.0
497.8	107.0
561.08	107.0
580.64	107.0
604.56	107.0
643.2	107.0
661.56	107.0
748.16	107.0
1039.52	107.0
1057.12	107.0
1342.32	107.0
360.96	108.0
366.4	108.0
379.96	108.0
497.2	108.0
308.96	108.0
323.36	108.0
326.04	108.0
343.2	108.0
353.68	108.0
510.24	108.0
623.52	108.0
630.92	108.0
716.68	108.0
865.84	108.0
958.04	108.0
1326.56	108.0
325.52	109.0
339.36	109.0
560.68	109.0
817.48	109.0
308.12	109.0
343.84	109.0
347.8	109.0
369.48	109.0
357.6	110.0
366.4	110.0
457.28	110.0
506.72	110.0
609.0	110.0
869.64	110.0
312.32	110.0
322.48	110.0
340.8	110.0
345.68	110.0
351.12	110.0
379.2	110.0
434.72	110.0
491.72	110.0
550.4	110.0
596.04	110.0
780.96	110.0
1032.64	110.0
1085.12	110.0
1158.16	110.0
307.2	111.0
321.12	111.0
358.8	111.0
1088.96	111.0
312.2	111.0
318.52	111.0
325.28	111.0
335.72	111.0
339.16	111.0
344.44	111.0
351.6	111.0
376.2	111.0
381.12	111.0
385.96	111.0
391.88	111.0
404.0	111.0
430.52	111.0
441.8	111.0
458.24	111.0
481.88	111.0
491.68	111.0
507.84	111.0
535.0	111.0
537.88	111.0
544.04	111.0
547.88	111.0
560.96	111.0
594.72	111.0
661.84	111.0
670.64	111.0
732.88	111.0
838.4	111.0
871.96	111.0
910.92	111.0
942.2	111.0
963.08	111.0
968.76	111.0
1032.6	111.0
1046.08	111.0
1075.4	111.0
1078.36	111.0
1109.92	111.0
1132.68	111.0
1183.2	111.0
1212.72	111.0
1229.4	111.0
1236.88	111.0
1255.2	111.0
1302.24	111.0
1305.04	111.0
1339.8	111.0
1344.88	111.0
1347.6	111.0
343.2	112.0
353.6	112.0
318.24	112.0
327.6	112.0
363.28	112.0
386.56	112.0
480.56	112.0
563.96	112.0
354.12	113.0
365.36	113.0
319.0	113.0
327.24	113.0
329.76	113.0
386.4	113.0
398.68	113.0
416.32	113.0
457.56	113.0
491.8	113.0
507.36	113.0
563.32	113.0
312.2	114.0
318.8	114.0
333.6	114.0
342.48	114.0
354.28	114.0
365.16	114.0
371.12	114.0
387.8	114.0
397.44	114.0
426.92	114.0
308.24	114.0
346.6	115.0
381.4	115.0
561.04	115.0
324.44	115.0
329.36	115.0
344.08	115.0
351.12	115.0
355.68	115.0
358.6	115.0
373.0	115.0
397.2	115.0
399.88	115.0
410.12	115.0
434.96	115.0
446.12	115.0
507.88	115.0
550.68	115.0
645.88	115.0
685.84	115.0
715.92	115.0
759.88	115.0
781.2	115.0
826.24	115.0
919.0	115.0
984.32	115.0
1052.28	115.0
1085.36	115.0
1122.44	115.0
1158.4	115.0
1181.32	115.0
1222.64	115.0
1259.4	115.0
1308.96	115.0
1325.12	115.0
306.24	116.0
318.08	116.0
736.76	116.0
781.08	116.0
929.72	116.0
321.52	116.0
324.96	116.0
327.64	116.0
334.28	116.0
339.36	116.0
344.04	116.0
346.56	116.0
358.52	116.0
365.16	116.0
369.12	116.0
372.36	116.0
381.48	116.0
388.04	116.0
398.68	116.0
404.08	116.0
407.84	116.0
414.76	116.0
426.52	116.0
451.28	116.0
463.8	116.0
472.84	116.0
483.24	116.0
491.72	116.0
497.32	116.0
526.4	116.0
539.64	116.0
658.16	116.0
682.72	116.0
697.68	116.0
709.76	116.0
855.16	116.0
892.08	116.0
915.6	116.0
924.36	116.0
962.48	116.0
1065.2	116.0
1120.92	116.0
1192.28	116.0
1252.28	116.0
1268.76	116.0
1335.0	116.0
1344.32	116.0
337.56	117.0
343.84	117.0
381.0	117.0
312.64	117.0
326.36	117.0
354.84	117.0
358.04	117.0
372.6	117.0
387.56	117.0
392.16	117.0
535.24	117.0
1002.08	117.0
1112.36	117.0
306.76	118.0
318.16	118.0
321.8	118.0
327.36	118.0
343.36	118.0
345.88	118.0
356.12	118.0
358.8	118.0
362.88	118.0
370.56	118.0
381.32	118.0
390.8	118.0
417.2	118.0
441.08	118.0
446.0	118.0
465.48	118.0
471.88	118.0
502.12	118.0
519.72	118.0
538.12	118.0
542.04	118.0
561.88	118.0
599.56	118.0
679.64	118.0
708.8	118.0
736.24	118.0
818.28	118.0
863.08	118.0
914.76	118.0
998.52	118.0
1046.32	118.0
1081.56	118.0
341.48	119.0
355.76	119.0
373.84	119.0
379.76	119.0
385.88	119.0
457.04	119.0
606.24	119.0
334.92	120.0
318.04	120.0
342.72	120.0
350.84	120.0
353.36	120.0
366.96	120.0
413.84	120.0
485.68	120.0
507.88	120.0
516.08	120.0
525.16	120.0
544.72	120.0
562.8	120.0
580.6	120.0
595.16	120.0
656.88	120.0
715.24	120.0
1338.0	120.0
