383.96	84.0
316.16	84.0
318.96	84.0
374.88	84.0
317.68	85.0
352.08	85.0
386.12	85.0
393.92	85.0
405.96	85.0
432.56	85.0
465.6	85.0
914.36	85.0
1014.04	85.0
325.56	86.0
348.28	86.0
362.88	86.0
369.76	86.0
391.8	86.0
423.08	86.0
429.4	86.0
436.52	86.0
445.2	86.0
483.32	86.0
490.6	86.0
502.72	86.0
517.24	86.0
521.6	86.0
531.72	86.0
543.96	86.0
548.92	86.0
565.84	86.0
597.92	86.0
618.64	86.0
633.68	86.0
642.48	86.0
656.64	86.0
672.28	86.0
674.92	86.0
684.68	86.0
702.56	86.0
720.44	86.0
731.0	86.0
744.36	86.0
760.76	86.0
782.48	86.0
787.92	86.0
821.92	86.0
838.56	86.0
889.72	86.0
910.16	86.0
922.0	86.0
935.08	86.0
942.84	86.0
982.96	86.0
1036.12	86.0
1107.12	86.0
1113.84	86.0
1130.32	86.0
1151.44	86.0
1165.84	86.0
1176.6	86.0
1194.96	86.0
1241.48	86.0
1299.48	86.0
1304.24	86.0
309.2	86.0
313.36	86.0
318.88	86.0
329.72	86.0
343.44	86.0
350.84	86.0
356.36	86.0
366.2	86.0
376.16	86.0
384.76	86.0
407.04	86.0
448.8	86.0
508.24	86.0
577.36	86.0
591.04	86.0
316.52	87.0
329.4	87.0
309.8	87.0
312.92	87.0
324.92	87.0
338.32	87.0
342.28	87.0
345.2	87.0
354.64	87.0
358.32	87.0
365.76	87.0
369.48	87.0
375.56	87.0
382.12	87.0
386.6	87.0
396.16	87.0
402.32	87.0
408.36	87.0
414.36	87.0
421.0	87.0
429.04	87.0
436.52	87.0
446.72	87.0
466.72	87.0
536.32	87.0
596.68	87.0
752.68	87.0
1171.24	87.0
302.96	88.0
310.96	88.0
315.08	88.0
333.28	88.0
342.16	88.0
379.64	88.0
418.24	88.0
449.88	88.0
462.08	88.0
488.72	88.0
519.92	88.0
557.8	88.0
613.36	88.0
696.4	88.0
746.88	88.0
854.52	88.0
889.12	88.0
1009.0	88.0
318.8	88.0
335.8	88.0
344.68	88.0
348.32	88.0
362.8	88.0
432.16	88.0
533.24	88.0
577.6	88.0
606.48	88.0
708.48	88.0
711.72	88.0
727.28	88.0
774.48	88.0
789.88	88.0
816.68	88.0
893.24	88.0
914.6	88.0
1021.76	88.0
907.56	89.0
309.52	89.0
313.36	89.0
337.88	89.0
355.88	89.0
365.16	89.0
567.64	89.0
1046.72	89.0
1120.12	89.0
1240.08	89.0
408.72	90.0
309.2	90.0
329.24	90.0
351.8	90.0
364.84	90.0
369.08	90.0
373.04	90.0
399.24	90.0
445.76	90.0
457.32	90.0
747.0	90.0
822.8	90.0
866.52	90.0
872.28	90.0
892.96	90.0
936.16	90.0
1046.44	90.0
1050.8	90.0
1239.8	90.0
1276.84	90.0
1293.08	90.0
318.84	91.0
328.28	92.0
647.64	92.0
671.6	92.0
723.64	92.0
759.04	92.0
843.6	92.0
302.8	92.0
317.56	92.0
324.72	92.0
344.64	92.0
359.04	92.0
376.84	92.0
390.48	92.0
415.6	92.0
429.76	92.0
456.24	92.0
465.16	92.0
478.68	92.0
496.6	92.0
509.28	92.0
567.08	92.0
578.64	92.0
586.24	92.0
597.24	92.0
602.12	92.0
618.08	92.0
623.52	92.0
638.12	92.0
654.64	92.0
680.36	92.0
691.0	92.0
701.16	92.0
786.28	92.0
813.16	92.0
838.36	92.0
855.08	92.0
885.08	92.0
895.68	92.0
910.88	92.0
961.6	92.0
965.64	92.0
991.2	92.0
1094.4	92.0
1127.8	92.0
1139.8	92.0
1190.08	92.0
1195.56	92.0
1214.72	92.0
1222.84	92.0
1228.28	92.0
1253.72	92.0
1294.76	92.0
1321.32	92.0
302.72	93.0
339.8	93.0
346.04	93.0
351.84	93.0
359.8	93.0
390.2	93.0
419.68	93.0
451.12	93.0
543.32	93.0
570.72	93.0
581.08	93.0
679.88	93.0
732.0	93.0
1118.64	93.0
1200.4	93.0
319.24	93.0
372.2	93.0
837.28	93.0
320.48	94.0
339.44	94.0
360.68	94.0
1176.68	94.0
310.08	94.0
328.04	94.0
366.4	94.0
385.16	94.0
420.44	94.0
440.24	94.0
452.28	94.0
516.2	94.0
543.4	94.0
642.52	94.0
679.24	94.0
725.88	94.0
810.44	94.0
817.96	94.0
969.92	94.0
1189.64	94.0
319.56	95.0
328.48	95.0
335.0	95.0
353.28	95.0
544.16	95.0
602.52	95.0
639.8	95.0
680.0	95.0
790.16	95.0
841.0	95.0
921.2	95.0
1037.04	95.0
1077.04	95.0
1150.12	95.0
1250.2	95.0
1336.72	95.0
320.76	96.0
818.24	96.0
314.44	97.0
324.32	97.0
342.48	97.0
352.4	97.0
374.32	97.0
406.0	97.0
655.2	97.0
688.2	97.0
725.6	97.0
311.32	98.0
341.68	98.0
352.56	98.0
368.24	98.0
1290.68	98.0
312.48	99.0
316.52	99.0
320.52	99.0
325.88	99.0
336.56	99.0
341.0	99.0
356.4	99.0
376.52	99.0
712.88	99.0
736.0	99.0
871.4	99.0
975.6	99.0
1165.2	99.0
314.36	100.0
347.72	100.0
374.48	100.0
384.76	100.0
408.6	100.0
451.92	100.0
505.92	100.0
618.16	100.0
721.0	100.0
796.0	100.0
853.88	100.0
1090.56	100.0
1168.88	100.0
1305.88	100.0
351.64	101.0
310.12	101.0
318.96	101.0
327.16	101.0
341.16	101.0
349.08	101.0
371.16	101.0
320.04	102.0
313.24	103.0
347.12	103.0
372.04	103.0
360.0	104.0
372.04	104.0
416.24	104.0
311.12	104.0
316.96	104.0
327.68	104.0
335.4	104.0
340.44	104.0
346.88	104.0
352.44	104.0
367.44	104.0
383.8	104.0
447.04	104.0
450.72	104.0
492.8	104.0
506.92	104.0
544.08	104.0
580.32	104.0
593.28	104.0
617.24	104.0
641.32	104.0
725.24	104.0
787.16	104.0
817.48	104.0
915.24	104.0
934.0	104.0
1046.0	104.0
1112.48	104.0
1149.72	104.0
1279.32	104.0
187.12	106.0
450.0	106.0
352.48	107.0
306.0	107.0
311.28	107.0
315.84	107.0
343.0	107.0
355.92	107.0
384.96	107.0
445.12	107.0
491.88	107.0
640.8	107.0
784.4	107.0
309.48	108.0
317.04	108.0
342.92	108.0
351.76	108.0
355.64	108.0
364.48	108.0
381.88	108.0
397.88	108.0
414.04	108.0
475.2	108.0
605.64	108.0
650.16	108.0
911.12	108.0
1163.96	108.0
1223.04	108.0
312.72	109.0
584.84	109.0
637.52	109.0
707.32	109.0
722.08	109.0
1168.68	109.0
563.96	109.0
334.8	110.0
351.0	110.0
378.68	110.0
399.32	110.0
437.48	110.0
458.24	110.0
474.52	110.0
764.16	110.0
309.88	110.0
313.32	110.0
338.52	110.0
354.8	110.0
646.24	110.0
736.52	110.0
774.72	110.0
892.04	110.0
1343.96	110.0
326.8	111.0
329.64	111.0
343.16	111.0
345.84	111.0
311.64	111.0
317.32	111.0
321.0	111.0
334.88	111.0
338.24	111.0
351.16	111.0
360.32	111.0
372.96	111.0
383.44	111.0
394.0	111.0
421.56	111.0
449.04	111.0
458.32	111.0
461.52	111.0
474.64	111.0
477.96	111.0
503.44	111.0
524.64	111.0
549.52	111.0
567.16	111.0
581.0	111.0
595.92	111.0
617.4	111.0
635.8	111.0
659.04	111.0
672.84	111.0
692.92	111.0
709.68	111.0
724.6	111.0
736.72	111.0
766.72	111.0
787.0	111.0
796.64	111.0
813.64	111.0
852.08	111.0
865.68	111.0
868.64	111.0
934.12	111.0
953.2	111.0
977.2	111.0
991.48	111.0
1030.76	111.0
1051.4	111.0
1075.96	111.0
1119.4	111.0
1171.32	111.0
1210.56	111.0
1247.16	111.0
1274.16	111.0
1292.0	111.0
1297.88	111.0
1312.36	111.0
317.08	112.0
335.72	112.0
368.24	112.0
383.72	112.0
398.52	112.0
421.44	112.0
311.4	113.0
320.92	113.0
343.88	113.0
352.84	113.0
360.64	113.0
375.0	113.0
387.0	113.0
815.96	113.0
311.48	114.0
316.76	114.0
320.56	114.0
328.4	114.0
342.6	114.0
353.48	114.0
394.52	114.0
398.48	114.0
335.56	114.0
338.52	114.0
347.56	114.0
309.16	115.0
317.92	115.0
335.24	115.0
722.36	115.0
815.2	115.0
313.56	115.0
338.8	115.0
343.04	115.0
347.32	115.0
355.0	115.0
364.48	115.0
371.68	115.0
382.88	115.0
395.72	115.0
398.88	115.0
458.68	115.0
483.64	115.0
503.24	115.0
528.0	115.0
544.32	115.0
574.8	115.0
597.24	115.0
619.76	115.0
713.44	115.0
737.04	115.0
789.24	115.0
855.0	115.0
878.52	115.0
944.6	115.0
1073.84	115.0
1118.92	115.0
1258.8	115.0
1344.24	115.0
310.6	116.0
371.72	116.0
865.48	116.0
1344.08	116.0
313.16	116.0
317.64	116.0
320.16	116.0
325.24	116.0
329.12	116.0
336.28	116.0
342.28	116.0
346.8	116.0
351.76	116.0
354.44	116.0
359.44	116.0
368.44	116.0
378.16	116.0
383.72	116.0
391.92	116.0
398.68	116.0
406.4	116.0
411.48	116.0
420.04	116.0
426.96	116.0
438.72	116.0
446.56	116.0
450.92	116.0
467.84	116.0
509.0	116.0
525.52	116.0
563.52	116.0
641.0	116.0
673.52	116.0
723.56	116.0
730.04	116.0
734.0	116.0
774.92	116.0
856.92	116.0
892.24	116.0
992.76	116.0
1050.16	116.0
1094.2	116.0
1143.4	116.0
1169.52	116.0
1196.12	116.0
1308.8	116.0
345.12	117.0
373.12	117.0
561.72	117.0
309.8	117.0
317.64	117.0
336.12	117.0
360.56	117.0
368.68	117.0
377.52	117.0
421.84	117.0
707.56	117.0
343.48	118.0
311.64	118.0
317.2	118.0
328.0	118.0
340.28	118.0
347.4	118.0
356.44	118.0
359.88	118.0
371.52	118.0
386.2	118.0
391.16	118.0
399.68	118.0
408.48	118.0
425.2	118.0
429.76	118.0
450.6	118.0
474.84	118.0
545.2	118.0
559.76	118.0
569.08	118.0
574.88	118.0
594.76	118.0
650.52	118.0
668.64	118.0
673.48	118.0
735.08	118.0
803.52	118.0
866.08	118.0
914.04	118.0
972.76	118.0
1111.96	118.0
1170.8	118.0
317.52	119.0
311.48	119.0
314.56	119.0
320.76	119.0
356.28	119.0
414.6	119.0
310.28	120.0
317.92	120.0
333.52	120.0
343.4	120.0
355.24	120.0
367.72	120.0
415.12	120.0
534.84	120.0
723.2	120.0
