275.08	84.0
231.8	84.0
258.8	84.0
308.52	84.0
687.92	85.0
1081.48	85.0
225.48	85.0
235.44	85.0
256.76	85.0
261.48	85.0
353.8	85.0
482.08	85.0
568.72	85.0
646.84	85.0
664.44	85.0
679.16	85.0
703.68	85.0
752.12	85.0
788.28	85.0
801.28	85.0
840.08	85.0
898.92	85.0
949.24	85.0
1173.92	85.0
1247.56	85.0
1298.96	85.0
1366.64	85.0
259.76	86.0
271.16	86.0
279.8	86.0
313.84	86.0
318.44	86.0
513.84	86.0
528.72	86.0
583.28	86.0
596.12	86.0
644.04	86.0
700.56	86.0
724.16	86.0
747.72	86.0
774.96	86.0
783.2	86.0
817.2	86.0
827.84	86.0
887.84	86.0
898.12	86.0
929.92	86.0
1090.4	86.0
1135.44	86.0
1148.12	86.0
1191.36	86.0
1218.72	86.0
1248.8	86.0
1279.6	86.0
1291.4	86.0
1306.28	86.0
1360.92	86.0
1373.84	86.0
223.4	86.0
232.8	86.0
245.64	86.0
253.12	86.0
265.32	86.0
275.0	86.0
282.36	86.0
289.36	86.0
302.84	86.0
337.12	86.0
429.04	86.0
622.6	86.0
703.4	86.0
995.44	86.0
1221.96	86.0
1364.44	86.0
277.0	87.0
221.48	87.0
226.96	87.0
232.52	87.0
236.56	87.0
242.76	87.0
252.56	87.0
266.72	87.0
287.6	87.0
321.32	87.0
325.84	87.0
330.96	87.0
336.72	87.0
404.28	87.0
427.32	87.0
532.56	87.0
587.44	87.0
701.96	87.0
1182.04	87.0
1229.36	87.0
1315.72	87.0
1352.24	87.0
252.64	88.0
280.76	88.0
466.36	88.0
218.52	88.0
227.4	88.0
233.4	88.0
261.2	88.0
271.52	88.0
285.0	88.0
302.56	88.0
331.44	88.0
399.08	88.0
437.24	88.0
454.32	88.0
497.44	88.0
514.68	88.0
532.68	88.0
548.08	88.0
567.6	88.0
583.6	88.0
600.44	88.0
617.8	88.0
638.64	88.0
653.48	88.0
675.0	88.0
691.44	88.0
703.6	88.0
722.0	88.0
736.8	88.0
765.04	88.0
787.2	88.0
810.28	88.0
825.4	88.0
841.08	88.0
866.68	88.0
887.96	88.0
902.84	88.0
918.32	88.0
941.68	88.0
960.44	88.0
995.32	88.0
1009.48	88.0
1030.28	88.0
1045.44	88.0
1083.48	88.0
1144.28	88.0
1169.16	88.0
1202.28	88.0
1250.0	88.0
1303.08	88.0
215.2	89.0
232.12	89.0
252.8	89.0
260.76	89.0
289.48	89.0
389.0	89.0
570.6	89.0
1077.48	89.0
1228.08	89.0
261.68	90.0
299.56	90.0
1047.68	90.0
220.08	90.0
233.44	90.0
273.48	90.0
712.92	90.0
889.6	90.0
940.0	90.0
993.92	90.0
1105.96	90.0
1218.0	90.0
1268.12	90.0
273.4	91.0
297.64	91.0
302.6	91.0
215.24	91.0
224.4	91.0
232.08	91.0
208.08	92.0
216.08	92.0
234.0	92.0
244.0	92.0
259.84	92.0
273.16	92.0
320.04	92.0
352.28	92.0
371.12	92.0
391.24	92.0
681.4	92.0
750.76	92.0
860.8	92.0
917.52	92.0
937.96	92.0
970.6	92.0
1008.08	92.0
1026.2	92.0
1105.32	92.0
1137.76	92.0
1193.52	92.0
1241.24	92.0
1377.2	92.0
268.56	92.0
280.44	92.0
292.56	92.0
302.48	92.0
310.16	92.0
325.4	92.0
345.48	92.0
364.32	92.0
373.64	92.0
379.52	92.0
385.76	92.0
394.48	92.0
403.8	92.0
421.68	92.0
425.68	92.0
434.04	92.0
437.56	92.0
472.16	92.0
494.12	92.0
536.76	92.0
577.64	92.0
596.12	92.0
654.6	92.0
671.44	92.0
735.36	92.0
768.92	92.0
809.92	92.0
829.16	92.0
864.6	92.0
953.44	92.0
1086.56	92.0
1146.4	92.0
1210.88	92.0
1285.6	92.0
1305.96	92.0
1362.72	92.0
258.64	93.0
270.28	93.0
275.72	93.0
283.8	93.0
299.28	93.0
311.0	93.0
317.64	93.0
332.28	93.0
351.68	93.0
363.72	93.0
398.0	93.0
413.48	93.0
422.76	93.0
446.08	93.0
469.16	93.0
472.92	93.0
492.0	93.0
508.96	93.0
522.12	93.0
528.76	93.0
543.96	93.0
567.24	93.0
584.88	93.0
631.88	93.0
679.88	93.0
704.8	93.0
723.96	93.0
752.64	93.0
779.48	93.0
786.88	93.0
799.32	93.0
830.44	93.0
928.2	93.0
1026.8	93.0
1071.96	93.0
1189.96	93.0
1359.8	93.0
232.36	93.0
299.88	94.0
318.48	94.0
508.88	94.0
213.92	94.0
222.56	94.0
230.8	94.0
263.48	94.0
276.16	94.0
295.84	94.0
421.32	94.0
982.36	94.0
1073.08	94.0
1146.0	94.0
1154.92	94.0
1301.68	94.0
1325.28	94.0
260.24	95.0
264.72	95.0
349.56	95.0
455.84	95.0
507.56	95.0
569.12	95.0
661.56	95.0
704.44	95.0
800.56	95.0
985.4	95.0
1117.6	95.0
1221.52	95.0
1303.56	95.0
302.64	96.0
226.92	97.0
258.36	97.0
273.8	97.0
302.52	97.0
308.48	97.0
357.4	97.0
306.24	98.0
814.92	98.0
1360.04	98.0
272.64	99.0
217.96	99.0
224.8	99.0
230.12	99.0
234.92	99.0
240.24	99.0
245.28	99.0
255.2	99.0
260.16	99.0
266.2	99.0
278.12	99.0
306.12	99.0
314.36	99.0
438.28	99.0
602.2	99.0
660.28	99.0
683.2	99.0
706.04	99.0
804.84	99.0
895.16	99.0
925.88	99.0
995.04	99.0
1028.92	99.0
1049.36	99.0
1074.04	99.0
1222.84	99.0
1269.12	99.0
262.24	100.0
209.96	100.0
215.76	100.0
224.84	100.0
240.24	100.0
258.32	100.0
286.48	100.0
368.48	100.0
432.4	100.0
547.28	100.0
627.12	100.0
658.88	100.0
665.4	100.0
738.04	100.0
802.92	100.0
885.96	100.0
1047.68	100.0
1108.24	100.0
1130.92	100.0
1217.68	100.0
1265.8	100.0
1319.36	100.0
1378.0	100.0
232.96	101.0
245.32	101.0
261.48	101.0
281.72	101.0
299.48	101.0
302.48	101.0
317.32	101.0
335.92	101.0
367.68	101.0
385.32	101.0
410.28	101.0
447.52	101.0
483.2	101.0
995.52	101.0
1083.8	101.0
1154.92	101.0
1237.68	101.0
1267.16	101.0
232.84	102.0
263.04	102.0
222.28	103.0
232.0	103.0
262.6	103.0
213.92	103.0
433.92	103.0
213.6	104.0
225.92	104.0
228.68	104.0
275.76	104.0
349.92	104.0
362.4	104.0
444.2	104.0
541.92	104.0
705.44	104.0
797.8	104.0
219.28	104.0
233.16	104.0
243.24	104.0
253.64	104.0
260.24	104.0
269.04	104.0
287.96	104.0
292.36	104.0
311.28	104.0
345.28	104.0
371.08	104.0
386.6	104.0
399.64	104.0
437.76	104.0
453.0	104.0
464.28	104.0
558.12	104.0
583.64	104.0
643.0	104.0
754.96	104.0
785.32	104.0
864.0	104.0
953.72	104.0
994.32	104.0
1023.56	104.0
1058.64	104.0
1083.36	104.0
1141.2	104.0
1153.88	104.0
1186.68	104.0
1220.72	104.0
1247.68	104.0
1274.28	104.0
1305.44	104.0
1355.76	104.0
217.68	106.0
227.64	106.0
240.6	106.0
256.2	106.0
299.08	106.0
346.28	106.0
388.32	106.0
427.8	106.0
497.04	106.0
627.0	106.0
697.4	106.0
271.32	107.0
224.4	107.0
230.4	107.0
264.24	107.0
275.72	107.0
280.88	107.0
288.88	107.0
310.64	107.0
333.92	107.0
361.36	107.0
379.44	107.0
530.24	107.0
745.28	107.0
893.2	107.0
1054.72	107.0
806.04	108.0
213.04	108.0
218.68	108.0
225.84	108.0
243.76	108.0
267.8	108.0
282.8	108.0
295.24	108.0
327.68	108.0
432.32	108.0
890.96	108.0
965.16	108.0
1241.92	108.0
1271.04	108.0
1317.84	108.0
1349.36	108.0
261.64	109.0
1130.48	109.0
1151.72	109.0
1220.2	109.0
1325.08	109.0
228.2	110.0
258.52	110.0
285.2	110.0
1151.64	110.0
253.24	110.0
297.64	110.0
371.28	110.0
437.08	110.0
499.92	110.0
940.52	110.0
1200.8	110.0
1304.56	110.0
243.56	111.0
272.4	111.0
1283.12	111.0
224.04	111.0
228.32	111.0
235.24	111.0
252.64	111.0
256.36	111.0
262.52	111.0
266.28	111.0
269.8	111.0
276.84	111.0
283.16	111.0
286.44	111.0
293.76	111.0
311.56	111.0
316.08	111.0
321.68	111.0
324.48	111.0
341.92	111.0
355.12	111.0
377.36	111.0
389.72	111.0
400.32	111.0
416.08	111.0
432.12	111.0
450.72	111.0
466.68	111.0
483.32	111.0
497.6	111.0
508.72	111.0
518.12	111.0
575.64	111.0
591.84	111.0
604.88	111.0
626.04	111.0
634.8	111.0
661.76	111.0
691.2	111.0
708.12	111.0
724.48	111.0
737.92	111.0
771.2	111.0
808.0	111.0
846.8	111.0
861.52	111.0
902.44	111.0
920.04	111.0
940.28	111.0
973.0	111.0
998.24	111.0
1011.04	111.0
1028.6	111.0
1051.96	111.0
1090.4	111.0
1108.0	111.0
1129.68	111.0
1139.52	111.0
1154.84	111.0
1196.2	111.0
1208.08	111.0
1221.72	111.0
1243.8	111.0
1248.16	111.0
1338.36	111.0
1341.08	111.0
1380.0	111.0
213.76	112.0
751.32	112.0
272.72	112.0
286.24	112.0
310.44	112.0
337.64	112.0
517.68	112.0
1060.24	112.0
1268.12	112.0
240.4	113.0
253.0	113.0
263.2	113.0
275.44	113.0
282.2	113.0
286.04	113.0
236.28	114.0
245.84	114.0
252.36	114.0
264.0	114.0
270.72	114.0
290.08	114.0
939.36	114.0
221.88	115.0
276.24	115.0
309.44	115.0
371.32	115.0
233.04	115.0
244.4	115.0
297.92	115.0
338.16	115.0
397.6	115.0
450.52	115.0
468.88	115.0
500.16	115.0
513.44	115.0
533.36	115.0
554.72	115.0
630.04	115.0
679.24	115.0
756.8	115.0
831.04	115.0
899.52	115.0
942.52	115.0
981.56	115.0
1057.0	115.0
1092.52	115.0
1112.12	115.0
1138.16	115.0
1190.96	115.0
1230.68	115.0
1281.04	115.0
1304.84	115.0
1327.92	115.0
1358.56	115.0
224.48	116.0
259.08	116.0
600.88	116.0
208.44	116.0
212.96	116.0
217.4	116.0
221.56	116.0
230.08	116.0
234.72	116.0
262.52	116.0
265.88	116.0
268.6	116.0
272.44	116.0
309.44	116.0
323.56	116.0
335.08	116.0
345.52	116.0
367.48	116.0
435.96	116.0
464.92	116.0
496.92	116.0
549.56	116.0
557.08	116.0
668.32	116.0
740.56	116.0
884.6	116.0
888.96	116.0
917.56	116.0
940.4	116.0
994.44	116.0
1022.6	116.0
1050.28	116.0
1069.56	116.0
1127.04	116.0
1152.32	116.0
1154.96	116.0
1220.16	116.0
1244.32	116.0
1247.64	116.0
1264.0	116.0
1268.4	116.0
1286.0	116.0
1377.84	116.0
223.32	117.0
234.08	117.0
236.6	117.0
254.76	117.0
284.04	117.0
315.96	117.0
212.68	117.0
262.6	117.0
272.76	117.0
309.24	117.0
325.88	117.0
337.56	117.0
940.52	117.0
1283.12	117.0
89.08	118.0
233.24	118.0
240.08	118.0
245.04	118.0
253.8	118.0
263.72	118.0
272.2	118.0
320.0	118.0
349.2	118.0
387.0	118.0
414.6	118.0
447.88	118.0
467.2	118.0
479.56	118.0
521.88	118.0
553.68	118.0
603.04	118.0
812.56	118.0
1156.92	118.0
1272.28	118.0
262.92	119.0
1157.0	119.0
256.84	119.0
266.76	119.0
271.04	119.0
310.6	119.0
635.48	119.0
1111.08	119.0
263.48	120.0
286.36	120.0
229.48	120.0
253.16	120.0
257.8	120.0
272.28	120.0
307.72	120.0
325.68	120.0
379.0	120.0
441.08	120.0
447.16	120.0
524.48	120.0
529.6	120.0
576.96	120.0
582.64	120.0
630.24	120.0
677.2	120.0
729.32	120.0
812.04	120.0
824.92	120.0
1069.24	120.0
1084.44	120.0
1199.8	120.0
1211.52	120.0
1337.16	120.0
