352.96	84.0
333.6	84.0
336.64	84.0
1273.36	84.0
316.24	85.0
337.28	85.0
346.6	85.0
416.44	85.0
465.04	85.0
479.48	85.0
543.12	85.0
561.8	85.0
581.68	85.0
663.44	85.0
337.32	86.0
353.12	86.0
357.44	86.0
379.48	86.0
385.36	86.0
401.16	86.0
408.56	86.0
414.72	86.0
428.2	86.0
439.32	86.0
446.2	86.0
457.8	86.0
488.68	86.0
499.92	86.0
511.24	86.0
522.36	86.0
529.4	86.0
539.36	86.0
551.76	86.0
559.76	86.0
568.28	86.0
592.6	86.0
607.96	86.0
617.0	86.0
626.32	86.0
638.68	86.0
656.0	86.0
670.08	86.0
688.72	86.0
708.76	86.0
719.32	86.0
732.0	86.0
753.32	86.0
771.44	86.0
794.44	86.0
824.64	86.0
837.64	86.0
872.92	86.0
955.52	86.0
982.56	86.0
988.6	86.0
995.96	86.0
1014.8	86.0
1033.88	86.0
1067.36	86.0
1096.64	86.0
1110.88	86.0
1142.36	86.0
1160.92	86.0
1193.56	86.0
1221.68	86.0
1238.68	86.0
1253.76	86.0
1285.72	86.0
1299.92	86.0
1316.16	86.0
1359.04	86.0
1379.48	86.0
1389.2	86.0
1404.4	86.0
1421.96	86.0
1431.72	86.0
308.88	86.0
312.44	86.0
316.68	86.0
321.36	86.0
326.48	86.0
333.32	86.0
341.12	86.0
344.76	86.0
349.76	86.0
365.16	86.0
376.96	86.0
391.08	86.0
420.72	86.0
1290.48	86.0
344.44	87.0
366.12	87.0
306.64	87.0
321.52	87.0
324.64	87.0
333.6	87.0
337.08	87.0
340.04	87.0
347.04	87.0
351.08	87.0
362.84	87.0
370.8	87.0
375.0	87.0
379.0	87.0
391.72	87.0
397.12	87.0
403.04	87.0
409.2	87.0
415.96	87.0
431.44	87.0
438.84	87.0
443.44	87.0
454.4	87.0
493.68	87.0
498.96	87.0
531.6	87.0
544.92	87.0
553.56	87.0
581.36	87.0
612.72	87.0
637.92	87.0
651.48	87.0
669.28	87.0
1177.44	87.0
1237.76	87.0
1350.56	87.0
1388.4	87.0
302.8	88.0
315.04	88.0
336.8	88.0
346.8	88.0
366.56	88.0
390.76	88.0
444.52	88.0
458.68	88.0
487.48	88.0
510.92	88.0
519.0	88.0
551.92	88.0
570.84	88.0
590.28	88.0
618.6	88.0
646.96	88.0
670.16	88.0
701.12	88.0
726.16	88.0
757.0	88.0
910.24	88.0
983.16	88.0
1014.92	88.0
1112.2	88.0
1252.68	88.0
1418.12	88.0
273.6	88.0
323.92	88.0
349.32	88.0
355.68	88.0
360.68	88.0
380.72	88.0
398.6	88.0
538.64	88.0
575.48	88.0
685.24	88.0
849.64	88.0
924.76	88.0
930.84	88.0
945.24	88.0
1004.92	88.0
1029.96	88.0
1140.32	88.0
1166.52	88.0
1317.68	88.0
1352.28	88.0
331.2	89.0
650.24	89.0
326.84	89.0
355.64	89.0
361.2	89.0
366.6	89.0
406.04	89.0
451.84	89.0
779.12	89.0
834.24	89.0
1402.36	89.0
1160.12	90.0
315.6	90.0
323.64	90.0
338.72	90.0
347.12	90.0
355.32	90.0
358.28	90.0
360.88	90.0
375.04	90.0
386.88	90.0
394.92	90.0
418.96	90.0
946.44	90.0
1074.12	90.0
1151.36	90.0
1243.52	90.0
1266.2	90.0
1276.28	90.0
1368.2	90.0
1416.08	90.0
314.52	91.0
325.48	91.0
307.32	92.0
317.72	92.0
326.36	92.0
825.64	92.0
845.12	92.0
1423.44	92.0
302.72	92.0
338.96	92.0
350.52	92.0
356.72	92.0
363.44	92.0
367.48	92.0
387.72	92.0
400.76	92.0
413.8	92.0
431.4	92.0
452.04	92.0
459.08	92.0
468.4	92.0
484.96	92.0
494.2	92.0
498.0	92.0
515.44	92.0
531.6	92.0
563.16	92.0
613.0	92.0
707.56	92.0
728.48	92.0
761.36	92.0
772.28	92.0
780.56	92.0
897.48	92.0
919.92	92.0
932.4	92.0
986.0	92.0
1060.88	92.0
1092.52	92.0
1095.52	92.0
1161.36	92.0
1205.24	92.0
1212.8	92.0
1225.52	92.0
1256.8	92.0
1260.36	92.0
1297.72	92.0
1348.12	92.0
1365.64	92.0
1380.36	92.0
1406.56	92.0
1420.48	92.0
339.84	93.0
354.48	93.0
365.28	93.0
376.28	93.0
393.24	93.0
406.24	93.0
424.0	93.0
442.12	93.0
455.48	93.0
471.36	93.0
512.52	93.0
528.92	93.0
543.88	93.0
594.88	93.0
616.32	93.0
632.72	93.0
694.2	93.0
903.36	93.0
953.96	93.0
972.72	93.0
1094.92	93.0
1185.72	93.0
1398.04	93.0
302.84	93.0
306.28	93.0
334.6	93.0
345.56	93.0
348.08	93.0
471.04	94.0
1107.52	94.0
314.08	94.0
317.88	94.0
325.2	94.0
333.16	94.0
340.24	94.0
346.8	94.0
364.64	94.0
385.76	94.0
394.72	94.0
410.08	94.0
435.36	94.0
535.4	94.0
745.0	94.0
782.6	94.0
922.28	94.0
967.0	94.0
1009.2	94.0
1093.56	94.0
1127.0	94.0
1220.48	94.0
1282.96	94.0
1363.12	94.0
306.36	95.0
324.92	95.0
338.96	95.0
347.28	95.0
356.4	95.0
366.04	95.0
529.6	95.0
649.64	95.0
743.2	95.0
846.36	95.0
950.84	95.0
998.48	95.0
1039.4	95.0
1116.56	95.0
1363.64	95.0
1432.2	95.0
307.96	96.0
326.72	97.0
333.88	97.0
336.44	97.0
354.28	97.0
364.92	97.0
481.16	97.0
527.08	97.0
566.72	97.0
608.8	97.0
739.4	97.0
1271.04	97.0
1348.64	97.0
326.64	98.0
345.04	98.0
363.12	98.0
353.0	99.0
314.72	99.0
322.84	99.0
327.0	99.0
331.28	99.0
335.56	99.0
346.24	99.0
350.48	99.0
357.52	99.0
409.36	99.0
646.96	99.0
654.12	99.0
661.4	99.0
993.4	99.0
1325.28	99.0
307.08	100.0
313.8	100.0
323.4	100.0
343.08	100.0
350.2	100.0
452.6	100.0
554.12	100.0
595.04	100.0
628.0	100.0
634.0	100.0
649.92	100.0
697.4	100.0
983.2	100.0
1160.08	100.0
1253.92	100.0
1327.2	100.0
1440.08	100.0
308.8	101.0
312.68	101.0
322.96	101.0
331.56	101.0
346.72	101.0
353.24	101.0
529.6	101.0
524.36	103.0
365.24	103.0
364.68	104.0
377.96	104.0
315.4	104.0
324.32	104.0
334.16	104.0
340.32	104.0
345.12	104.0
353.0	104.0
371.28	104.0
387.08	104.0
393.16	104.0
406.56	104.0
422.8	104.0
444.0	104.0
454.36	104.0
482.24	104.0
511.92	104.0
528.92	104.0
543.32	104.0
555.92	104.0
567.84	104.0
577.48	104.0
594.56	104.0
660.68	104.0
687.96	104.0
695.16	104.0
709.88	104.0
735.44	104.0
739.2	104.0
765.76	104.0
802.28	104.0
807.36	104.0
838.24	104.0
850.36	104.0
873.64	104.0
892.52	104.0
958.4	104.0
969.4	104.0
981.76	104.0
997.12	104.0
1041.12	104.0
1061.32	104.0
1079.36	104.0
1095.48	104.0
1128.84	104.0
1166.96	104.0
1221.32	104.0
1274.84	104.0
1427.2	104.0
350.32	105.0
355.12	105.0
255.56	106.0
421.48	106.0
495.76	106.0
783.48	106.0
845.16	106.0
1071.2	106.0
1334.24	106.0
317.0	107.0
348.48	107.0
354.28	107.0
383.16	107.0
309.0	107.0
314.36	107.0
321.96	107.0
325.36	107.0
332.24	107.0
342.4	107.0
345.04	107.0
359.4	107.0
361.92	107.0
370.92	107.0
414.92	107.0
447.4	107.0
1127.8	107.0
1339.2	107.0
360.2	108.0
306.52	108.0
315.88	108.0
324.4	108.0
330.44	108.0
339.12	108.0
345.48	108.0
369.12	108.0
372.08	108.0
481.4	108.0
548.6	108.0
656.76	108.0
946.76	108.0
1037.56	108.0
1183.92	108.0
1262.12	108.0
1427.76	108.0
324.84	109.0
437.68	109.0
821.52	109.0
1069.92	109.0
1122.6	109.0
1401.84	109.0
317.0	109.0
334.08	109.0
339.72	109.0
307.68	110.0
349.2	110.0
395.16	110.0
527.28	110.0
578.92	110.0
1384.76	110.0
367.8	110.0
373.32	110.0
656.76	110.0
809.12	110.0
986.72	110.0
1065.52	110.0
1139.88	110.0
341.96	111.0
373.8	111.0
858.68	111.0
952.48	111.0
303.0	111.0
307.84	111.0
323.84	111.0
330.44	111.0
334.72	111.0
338.12	111.0
345.24	111.0
353.76	111.0
358.56	111.0
367.24	111.0
377.88	111.0
395.32	111.0
406.44	111.0
435.2	111.0
444.48	111.0
455.32	111.0
472.48	111.0
482.8	111.0
495.6	111.0
522.88	111.0
530.28	111.0
540.56	111.0
561.4	111.0
577.56	111.0
594.32	111.0
613.12	111.0
646.56	111.0
664.48	111.0
675.0	111.0
688.6	111.0
709.52	111.0
726.52	111.0
747.28	111.0
758.88	111.0
781.0	111.0
794.8	111.0
810.12	111.0
830.6	111.0
847.72	111.0
872.2	111.0
933.6	111.0
945.84	111.0
970.28	111.0
973.68	111.0
1004.2	111.0
1020.6	111.0
1038.68	111.0
1073.88	111.0
1094.24	111.0
1115.88	111.0
1149.6	111.0
1173.96	111.0
1198.28	111.0
1258.56	111.0
1285.32	111.0
1301.2	111.0
1353.16	111.0
1381.16	111.0
1408.12	111.0
1427.72	111.0
324.48	112.0
333.56	112.0
306.92	112.0
344.88	112.0
353.56	112.0
364.36	112.0
377.36	112.0
494.24	112.0
981.24	112.0
1263.72	112.0
317.52	113.0
324.64	113.0
336.68	113.0
350.48	113.0
365.0	113.0
403.68	113.0
437.16	113.0
306.36	114.0
313.0	114.0
322.8	114.0
335.24	114.0
344.88	114.0
352.72	114.0
365.36	114.0
369.92	114.0
378.6	114.0
406.08	114.0
492.4	114.0
363.44	115.0
695.52	115.0
739.68	115.0
307.36	115.0
317.12	115.0
321.96	115.0
335.84	115.0
338.52	115.0
341.6	115.0
348.88	115.0
367.4	115.0
400.24	115.0
417.88	115.0
428.6	115.0
431.44	115.0
456.04	115.0
472.24	115.0
543.16	115.0
556.36	115.0
565.68	115.0
598.68	115.0
612.84	115.0
657.12	115.0
669.6	115.0
706.96	115.0
722.2	115.0
752.08	115.0
770.0	115.0
790.08	115.0
809.4	115.0
865.04	115.0
894.04	115.0
918.08	115.0
936.52	115.0
966.8	115.0
998.56	115.0
1016.0	115.0
1036.28	115.0
1051.2	115.0
1104.04	115.0
1162.48	115.0
1184.56	115.0
1245.68	115.0
1293.32	115.0
1300.48	115.0
1313.84	115.0
1385.36	115.0
1427.76	115.0
306.28	116.0
359.56	116.0
428.68	116.0
496.0	116.0
1068.4	116.0
313.96	116.0
316.8	116.0
323.32	116.0
334.12	116.0
338.2	116.0
341.48	116.0
344.2	116.0
346.72	116.0
351.16	116.0
364.52	116.0
368.56	116.0
382.0	116.0
388.6	116.0
393.56	116.0
407.16	116.0
413.24	116.0
419.72	116.0
437.04	116.0
453.16	116.0
465.32	116.0
472.6	116.0
503.92	116.0
520.48	116.0
540.88	116.0
575.92	116.0
652.2	116.0
700.56	116.0
985.52	116.0
999.16	116.0
1014.0	116.0
1048.84	116.0
1104.36	116.0
1107.84	116.0
1137.88	116.0
1162.76	116.0
1256.72	116.0
1285.84	116.0
1300.56	116.0
1423.08	116.0
1428.36	116.0
332.96	117.0
357.4	117.0
379.96	117.0
314.36	117.0
317.16	117.0
323.8	117.0
336.24	117.0
341.12	117.0
354.04	117.0
364.76	117.0
412.4	117.0
809.72	117.0
858.76	117.0
952.48	117.0
1095.52	117.0
1155.28	117.0
1174.28	117.0
1287.32	117.0
1367.76	117.0
354.76	118.0
306.48	118.0
313.8	118.0
323.28	118.0
334.6	118.0
338.0	118.0
344.2	118.0
348.16	118.0
357.88	118.0
366.04	118.0
372.12	118.0
377.36	118.0
387.76	118.0
466.92	118.0
523.56	118.0
543.32	118.0
559.76	118.0
655.84	118.0
938.04	118.0
1034.44	118.0
1103.12	118.0
1186.56	118.0
1291.8	118.0
1332.48	118.0
1383.76	118.0
306.76	119.0
322.28	119.0
332.84	119.0
337.0	119.0
340.76	119.0
312.96	120.0
316.84	120.0
324.36	120.0
337.12	120.0
344.44	120.0
355.64	120.0
363.88	120.0
369.12	120.0
373.56	120.0
378.96	120.0
392.36	120.0
405.08	120.0
447.24	120.0
480.2	120.0
493.8	120.0
527.4	120.0
575.48	120.0
613.44	120.0
631.04	120.0
1232.8	120.0
1383.8	120.0
