317.48	84.0
333.6	84.0
355.16	84.0
712.6	84.0
781.32	84.0
919.52	84.0
935.48	84.0
985.2	84.0
1025.8	84.0
1078.68	84.0
1158.16	84.0
1200.12	84.0
1241.8	84.0
1272.08	84.0
1340.68	84.0
348.72	85.0
312.44	85.0
322.4	85.0
366.2	85.0
563.56	85.0
660.24	85.0
768.8	85.0
942.2	85.0
973.36	85.0
995.64	85.0
1052.96	85.0
309.0	86.0
327.84	86.0
332.08	86.0
347.68	86.0
379.12	86.0
382.4	86.0
384.96	86.0
414.2	86.0
441.72	86.0
462.2	86.0
484.96	86.0
494.36	86.0
509.36	86.0
534.68	86.0
610.72	86.0
621.64	86.0
665.0	86.0
700.12	86.0
707.24	86.0
730.96	86.0
808.2	86.0
857.36	86.0
875.28	86.0
937.88	86.0
948.16	86.0
975.64	86.0
990.72	86.0
1010.08	86.0
1021.2	86.0
1031.6	86.0
1047.72	86.0
1053.04	86.0
1063.12	86.0
1092.84	86.0
1104.88	86.0
1115.52	86.0
1132.16	86.0
1144.8	86.0
1154.64	86.0
1171.4	86.0
1207.68	86.0
1233.16	86.0
1241.08	86.0
1277.4	86.0
1350.24	86.0
311.84	86.0
315.36	86.0
319.68	86.0
337.8	86.0
343.52	86.0
355.96	86.0
359.24	86.0
363.16	86.0
373.36	86.0
405.6	86.0
424.68	86.0
453.24	86.0
951.76	86.0
1050.52	86.0
335.04	87.0
963.6	87.0
306.76	87.0
309.28	87.0
312.8	87.0
317.0	87.0
327.28	87.0
331.08	87.0
338.16	87.0
342.16	87.0
345.6	87.0
350.2	87.0
354.12	87.0
358.36	87.0
363.56	87.0
370.2	87.0
374.52	87.0
380.48	87.0
394.4	87.0
420.24	87.0
437.0	87.0
682.84	87.0
836.84	87.0
933.76	87.0
1000.4	87.0
1023.04	87.0
1140.88	87.0
1179.52	87.0
302.92	88.0
307.92	88.0
320.68	88.0
344.32	88.0
361.52	88.0
457.56	88.0
518.44	88.0
543.28	88.0
551.28	88.0
575.52	88.0
608.0	88.0
872.24	88.0
895.76	88.0
1157.88	88.0
1192.88	88.0
323.48	88.0
328.28	88.0
369.92	88.0
388.4	88.0
396.08	88.0
628.8	88.0
903.52	88.0
975.2	88.0
1009.72	88.0
1231.12	88.0
1400.68	88.0
306.16	89.0
350.12	89.0
334.8	89.0
358.68	89.0
369.28	89.0
373.36	89.0
479.12	89.0
844.72	89.0
876.72	89.0
891.96	89.0
996.28	89.0
1197.96	89.0
328.28	90.0
347.64	90.0
368.96	90.0
392.84	90.0
459.52	90.0
478.84	90.0
491.68	90.0
525.96	90.0
651.32	90.0
670.0	90.0
775.2	90.0
863.92	90.0
1075.0	90.0
1306.68	90.0
1326.4	90.0
1347.44	90.0
311.04	91.0
337.24	91.0
390.0	91.0
318.08	91.0
347.8	91.0
371.52	91.0
1215.04	91.0
308.2	92.0
320.52	92.0
333.88	92.0
468.56	92.0
577.32	92.0
648.24	92.0
705.32	92.0
798.12	92.0
943.28	92.0
1215.44	92.0
1440.28	92.0
302.8	92.0
313.76	92.0
324.4	92.0
336.88	92.0
345.6	92.0
351.52	92.0
368.6	92.0
400.12	92.0
439.0	92.0
608.52	92.0
625.04	92.0
686.36	92.0
781.76	92.0
801.0	92.0
855.32	92.0
874.24	92.0
925.2	92.0
952.96	92.0
978.24	92.0
1014.32	92.0
1043.8	92.0
1091.04	92.0
1097.84	92.0
1157.32	92.0
1188.68	92.0
1260.64	92.0
1298.56	92.0
1319.28	92.0
1351.36	92.0
308.32	93.0
334.16	93.0
454.76	93.0
651.0	93.0
693.68	93.0
717.16	93.0
823.32	93.0
874.52	93.0
946.08	93.0
1085.72	93.0
1117.16	93.0
1354.44	93.0
1386.24	93.0
302.92	93.0
314.96	94.0
322.72	94.0
335.24	94.0
349.04	94.0
360.12	94.0
379.0	94.0
395.44	94.0
522.56	94.0
545.16	94.0
725.12	94.0
754.92	94.0
788.92	94.0
817.28	94.0
898.04	94.0
957.0	94.0
1059.6	94.0
1118.6	94.0
1222.6	94.0
322.12	95.0
663.24	95.0
747.68	95.0
818.32	95.0
986.88	95.0
1098.48	95.0
1284.92	95.0
1356.52	95.0
308.64	96.0
322.36	96.0
334.88	96.0
322.44	97.0
327.32	97.0
332.2	97.0
350.36	97.0
373.76	97.0
475.36	97.0
544.76	97.0
583.28	97.0
599.52	97.0
622.96	97.0
670.56	97.0
710.72	97.0
730.04	97.0
764.52	97.0
806.76	97.0
841.08	97.0
939.04	97.0
969.48	97.0
1025.88	97.0
1172.8	97.0
1243.76	97.0
1273.32	97.0
976.48	98.0
1178.16	98.0
1356.04	98.0
307.24	99.0
313.48	99.0
317.64	99.0
322.28	99.0
327.12	99.0
333.04	99.0
336.48	99.0
342.4	99.0
350.48	99.0
357.28	99.0
360.24	99.0
366.36	99.0
390.56	99.0
393.92	99.0
444.16	99.0
911.92	99.0
943.44	99.0
959.96	99.0
1118.32	99.0
1155.8	99.0
1268.56	99.0
306.72	100.0
316.08	100.0
321.56	100.0
324.52	100.0
336.24	100.0
352.0	100.0
358.2	100.0
437.6	100.0
483.92	100.0
527.0	100.0
566.04	100.0
630.52	100.0
691.76	100.0
749.36	100.0
784.76	100.0
800.28	100.0
859.12	100.0
918.88	100.0
958.6	100.0
998.16	100.0
1019.8	100.0
1057.76	100.0
1099.88	100.0
1158.56	100.0
1236.76	100.0
1312.4	100.0
1376.28	100.0
311.24	101.0
315.8	101.0
324.92	101.0
333.96	101.0
337.24	101.0
348.36	101.0
358.96	101.0
389.48	101.0
393.12	101.0
424.24	101.0
345.28	102.0
307.08	103.0
312.32	103.0
319.92	103.0
322.76	103.0
359.16	103.0
396.48	103.0
1137.84	103.0
315.44	103.0
915.32	103.0
359.12	104.0
362.0	104.0
374.56	104.0
391.4	104.0
424.16	104.0
314.16	104.0
319.52	104.0
324.92	104.0
327.6	104.0
333.32	104.0
336.8	104.0
341.4	104.0
346.92	104.0
353.84	104.0
370.72	104.0
379.6	104.0
387.44	104.0
396.92	104.0
402.76	104.0
411.96	104.0
455.32	104.0
490.32	104.0
568.12	104.0
626.36	104.0
694.12	104.0
754.8	104.0
769.56	104.0
812.36	104.0
866.16	104.0
922.72	104.0
946.16	104.0
974.6	104.0
997.8	104.0
1059.28	104.0
1076.6	104.0
1142.72	104.0
1195.96	104.0
1276.64	104.0
1352.92	104.0
354.28	105.0
350.92	106.0
380.4	106.0
439.04	106.0
507.16	106.0
637.88	106.0
713.28	106.0
1197.48	106.0
1352.0	106.0
407.12	107.0
307.92	107.0
312.36	107.0
332.64	107.0
339.76	107.0
376.04	107.0
389.68	107.0
495.04	107.0
975.92	107.0
1160.04	107.0
314.96	108.0
337.12	108.0
348.24	108.0
361.32	108.0
371.76	108.0
385.04	108.0
394.44	108.0
475.12	108.0
503.24	108.0
923.24	108.0
962.68	108.0
982.44	108.0
1005.12	108.0
1043.52	108.0
1104.4	108.0
1162.88	108.0
1262.8	108.0
1389.64	108.0
342.32	109.0
386.68	109.0
1251.28	109.0
1275.36	109.0
1326.12	109.0
332.32	109.0
349.44	109.0
1353.6	109.0
311.56	110.0
324.8	110.0
342.88	110.0
346.96	110.0
478.48	110.0
672.16	110.0
1142.96	110.0
1192.44	110.0
333.04	110.0
349.96	110.0
418.64	110.0
661.68	110.0
966.48	110.0
1054.0	110.0
1233.72	110.0
1276.04	110.0
1388.72	110.0
345.28	111.0
702.88	111.0
862.08	111.0
308.64	111.0
312.32	111.0
315.08	111.0
324.88	111.0
331.96	111.0
335.8	111.0
357.84	111.0
363.56	111.0
368.48	111.0
380.36	111.0
388.52	111.0
396.48	111.0
567.72	111.0
618.92	111.0
660.56	111.0
664.52	111.0
729.08	111.0
803.28	111.0
914.12	111.0
923.6	111.0
946.6	111.0
950.8	111.0
976.32	111.0
1002.84	111.0
1006.96	111.0
1050.16	111.0
1061.48	111.0
1114.84	111.0
1137.72	111.0
1141.44	111.0
1149.36	111.0
1160.72	111.0
1170.84	111.0
1192.56	111.0
1202.44	111.0
1242.24	111.0
1275.96	111.0
1284.96	111.0
1318.56	111.0
1394.04	111.0
316.4	112.0
320.44	112.0
336.6	112.0
354.84	112.0
365.28	112.0
420.24	112.0
510.36	112.0
923.16	112.0
1018.92	112.0
1111.96	112.0
321.12	113.0
332.56	113.0
349.4	113.0
373.88	113.0
394.76	113.0
307.16	114.0
319.72	114.0
333.8	114.0
345.28	114.0
355.76	114.0
369.12	114.0
378.4	114.0
382.2	114.0
397.68	114.0
389.24	114.0
495.44	115.0
321.24	115.0
326.92	115.0
337.56	115.0
348.4	115.0
352.92	115.0
360.84	115.0
369.56	115.0
373.44	115.0
400.2	115.0
411.84	115.0
441.04	115.0
465.16	115.0
528.72	115.0
556.0	115.0
581.44	115.0
661.96	115.0
687.64	115.0
715.4	115.0
750.72	115.0
800.24	115.0
814.68	115.0
880.76	115.0
901.68	115.0
923.36	115.0
938.48	115.0
967.64	115.0
1054.32	115.0
1076.24	115.0
1113.8	115.0
1172.08	115.0
1208.72	115.0
1280.6	115.0
1354.0	115.0
1389.08	115.0
1418.48	115.0
307.08	116.0
324.56	116.0
309.88	116.0
313.28	116.0
317.08	116.0
320.84	116.0
328.8	116.0
333.28	116.0
336.76	116.0
342.36	116.0
345.68	116.0
350.24	116.0
352.96	116.0
358.6	116.0
368.08	116.0
372.2	116.0
379.88	116.0
386.76	116.0
392.64	116.0
399.96	116.0
418.96	116.0
425.64	116.0
437.68	116.0
440.8	116.0
529.76	116.0
695.16	116.0
804.04	116.0
844.0	116.0
862.72	116.0
876.88	116.0
891.2	116.0
922.08	116.0
961.6	116.0
977.32	116.0
999.2	116.0
1001.72	116.0
1062.6	116.0
1106.36	116.0
1114.0	116.0
1155.64	116.0
1161.52	116.0
1213.4	116.0
1316.28	116.0
1407.76	116.0
1411.76	116.0
1439.24	116.0
377.92	117.0
418.2	117.0
311.96	117.0
316.08	117.0
333.32	117.0
342.96	117.0
352.2	117.0
358.12	117.0
364.28	117.0
388.76	117.0
459.88	117.0
702.96	117.0
862.24	117.0
942.08	117.0
1099.92	117.0
1171.12	117.0
317.72	118.0
924.04	118.0
307.6	118.0
314.16	118.0
325.84	118.0
329.16	118.0
334.88	118.0
344.48	118.0
354.56	118.0
368.44	118.0
395.04	118.0
425.52	118.0
438.12	118.0
442.08	118.0
502.8	118.0
790.24	118.0
837.96	118.0
979.52	118.0
996.36	118.0
1008.88	118.0
1064.12	118.0
1124.28	118.0
1161.72	118.0
1234.52	118.0
1302.72	118.0
1375.32	118.0
311.44	119.0
454.2	119.0
312.96	120.0
321.6	120.0
331.56	120.0
335.48	120.0
342.16	120.0
346.24	120.0
354.36	120.0
375.36	120.0
389.04	120.0
404.24	120.0
582.92	120.0
609.6	120.0
677.72	120.0
1047.76	120.0
1140.44	120.0
1172.72	120.0
