47.56	84.0
311.0	84.0
323.2	84.0
339.16	84.0
358.8	84.0
400.12	84.0
14.56	86.0
30.36	86.0
46.68	86.0
59.32	86.0
71.48	86.0
86.96	86.0
90.48	86.0
102.48	86.0
116.2	86.0
128.56	86.0
157.0	86.0
167.48	86.0
183.0	86.0
197.0	86.0
216.0	86.0
292.08	86.0
346.0	86.0
352.2	86.0
361.2	86.0
368.76	86.0
373.52	86.0
403.08	86.0
411.6	86.0
426.44	86.0
442.24	86.0
446.04	86.0
456.96	86.0
480.92	86.0
510.16	86.0
513.44	86.0
145.6	86.0
202.44	86.0
315.12	86.0
318.2	86.0
322.84	86.0
328.24	86.0
331.48	86.0
343.08	86.0
379.36	86.0
407.08	86.0
19.24	87.0
167.08	87.0
309.32	87.0
313.16	87.0
315.68	87.0
322.28	87.0
326.2	87.0
330.68	87.0
338.28	87.0
347.64	87.0
364.24	87.0
383.2	87.0
885.16	87.0
68.12	88.0
104.76	88.0
159.4	88.0
178.0	88.0
317.64	88.0
336.76	88.0
406.6	88.0
476.0	88.0
494.84	88.0
544.36	88.0
6.32	88.0
14.24	88.0
32.28	88.0
108.36	88.0
267.6	88.0
320.52	88.0
364.4	88.0
375.36	88.0
438.12	88.0
610.56	88.0
627.4	88.0
889.96	88.0
347.0	89.0
18.32	89.0
185.32	89.0
309.04	89.0
354.48	89.0
369.68	89.0
386.0	89.0
410.76	89.0
519.0	89.0
369.12	90.0
486.08	90.0
18.0	90.0
85.88	90.0
110.56	90.0
163.92	90.0
232.32	90.0
317.12	90.0
334.24	90.0
385.68	90.0
395.56	90.0
444.4	90.0
518.64	90.0
318.84	91.0
74.4	92.0
494.92	92.0
696.48	92.0
26.72	92.0
34.16	92.0
57.4	92.0
68.6	92.0
95.32	92.0
99.88	92.0
110.8	92.0
134.12	92.0
162.44	92.0
188.56	92.0
228.68	92.0
302.68	92.0
311.92	92.0
340.68	92.0
357.28	92.0
370.8	92.0
389.44	92.0
410.64	92.0
445.44	92.0
473.92	92.0
486.68	92.0
498.36	92.0
514.6	92.0
619.64	92.0
57.04	93.0
96.0	94.0
131.16	94.0
167.56	94.0
323.28	94.0
387.72	94.0
131.0	95.0
310.32	96.0
89.68	96.0
328.28	96.0
343.36	96.0
373.96	96.0
309.68	97.0
326.32	97.0
338.92	97.0
374.12	97.0
524.88	97.0
167.48	99.0
315.48	99.0
325.0	99.0
333.4	99.0
340.92	99.0
359.6	99.0
74.0	100.0
149.0	100.0
245.96	100.0
322.88	100.0
333.96	100.0
369.0	100.0
485.96	100.0
631.2	100.0
729.44	100.0
264.04	102.0
546.72	102.0
729.08	102.0
320.88	103.0
355.16	103.0
318.8	104.0
64.32	104.0
189.72	104.0
208.52	104.0
315.56	104.0
322.96	104.0
330.8	104.0
341.8	104.0
354.2	104.0
380.36	104.0
400.76	104.0
552.32	104.0
89.72	106.0
364.12	106.0
562.8	106.0
332.92	107.0
321.04	107.0
324.8	107.0
139.6	108.0
165.92	108.0
194.72	108.0
316.56	108.0
327.56	108.0
346.36	108.0
384.92	108.0
428.24	108.0
457.68	108.0
490.08	108.0
575.8	108.0
17.76	109.0
327.8	110.0
335.12	110.0
355.32	110.0
368.12	110.0
410.36	110.0
63.6	110.0
133.48	110.0
184.92	110.0
323.0	110.0
341.04	110.0
347.96	110.0
313.92	111.0
335.64	111.0
352.88	111.0
34.04	111.0
67.28	111.0
134.04	111.0
163.32	111.0
165.84	111.0
209.12	111.0
265.24	111.0
302.84	111.0
323.52	111.0
328.92	111.0
340.92	111.0
347.96	111.0
355.4	111.0
370.24	111.0
381.2	111.0
390.56	111.0
393.72	111.0
401.72	111.0
414.12	111.0
432.6	111.0
446.28	111.0
494.76	111.0
302.88	112.0
66.96	112.0
309.68	112.0
319.32	113.0
495.44	113.0
324.24	114.0
366.4	114.0
485.84	114.0
24.08	115.0
60.68	115.0
133.76	115.0
165.32	115.0
249.24	115.0
295.52	115.0
309.36	115.0
342.48	115.0
364.56	115.0
369.96	115.0
456.68	115.0
27.2	116.0
58.12	116.0
208.16	116.0
243.24	116.0
309.28	116.0
347.84	116.0
13.36	116.0
132.16	116.0
151.68	116.0
165.48	116.0
248.6	116.0
313.36	116.0
317.8	116.0
322.0	116.0
326.44	116.0
336.32	116.0
341.44	116.0
351.8	116.0
354.96	116.0
363.4	116.0
388.72	116.0
485.88	116.0
310.2	117.0
93.24	117.0
328.2	117.0
341.28	117.0
402.0	117.0
20.96	118.0
54.24	118.0
65.6	118.0
127.96	118.0
249.28	118.0
310.36	118.0
320.16	118.0
327.2	118.0
337.64	118.0
340.24	118.0
356.96	118.0
373.0	118.0
406.88	118.0
539.6	118.0
311.4	119.0
259.8	120.0
386.88	120.0
481.12	120.0
868.16	120.0
