317.28	84.0
320.96	84.0
794.56	84.0
898.48	84.0
987.04	84.0
333.08	85.0
308.88	85.0
316.92	85.0
342.6	85.0
361.52	85.0
424.32	85.0
444.36	85.0
497.12	85.0
520.8	85.0
600.36	85.0
630.36	85.0
719.96	85.0
744.2	85.0
996.16	85.0
1302.4	85.0
313.88	86.0
317.48	86.0
321.48	86.0
340.48	86.0
345.08	86.0
365.28	86.0
397.44	86.0
417.08	86.0
426.48	86.0
492.4	86.0
516.76	86.0
538.44	86.0
551.24	86.0
574.88	86.0
619.08	86.0
659.44	86.0
687.36	86.0
729.12	86.0
753.32	86.0
781.08	86.0
826.88	86.0
838.2	86.0
872.72	86.0
880.92	86.0
905.96	86.0
929.48	86.0
980.56	86.0
1086.84	86.0
1098.2	86.0
1147.76	86.0
1169.32	86.0
1180.88	86.0
1215.84	86.0
1219.2	86.0
1230.12	86.0
1260.96	86.0
1266.6	86.0
1292.44	86.0
1312.08	86.0
1372.88	86.0
309.16	86.0
326.48	86.0
336.56	86.0
347.64	86.0
357.64	86.0
369.56	86.0
381.88	86.0
392.76	86.0
409.08	86.0
526.32	86.0
533.8	86.0
582.4	86.0
605.08	86.0
717.2	86.0
822.6	86.0
966.28	86.0
1103.52	86.0
1173.44	86.0
1221.72	86.0
1271.36	86.0
1284.72	86.0
1302.2	86.0
1386.04	86.0
308.0	87.0
312.32	87.0
350.28	87.0
369.36	87.0
374.76	87.0
823.44	87.0
316.68	87.0
322.52	87.0
326.04	87.0
334.6	87.0
338.04	87.0
341.32	87.0
344.28	87.0
357.44	87.0
360.84	87.0
364.52	87.0
377.68	87.0
385.76	87.0
401.12	87.0
406.48	87.0
414.48	87.0
423.64	87.0
428.16	87.0
441.64	87.0
544.6	87.0
620.52	87.0
666.64	87.0
719.24	87.0
757.2	87.0
804.4	87.0
845.16	87.0
858.6	87.0
1305.6	87.0
302.88	88.0
319.76	88.0
363.68	88.0
369.36	88.0
439.68	88.0
458.0	88.0
473.44	88.0
505.32	88.0
521.6	88.0
529.24	88.0
545.92	88.0
575.4	88.0
592.4	88.0
610.24	88.0
635.68	88.0
654.32	88.0
738.76	88.0
779.52	88.0
310.8	88.0
341.28	88.0
345.04	88.0
385.44	88.0
553.4	88.0
557.44	88.0
579.32	88.0
688.4	88.0
724.08	88.0
792.24	88.0
833.48	88.0
836.12	88.0
856.4	88.0
961.96	88.0
1019.68	88.0
1135.4	88.0
1179.84	88.0
319.6	89.0
350.04	89.0
365.64	89.0
322.12	89.0
339.0	89.0
345.96	89.0
360.28	89.0
372.08	89.0
393.4	89.0
410.16	89.0
554.4	89.0
735.24	89.0
820.64	89.0
985.0	89.0
1326.4	89.0
1365.32	89.0
308.96	90.0
312.88	90.0
319.64	90.0
323.92	90.0
338.52	90.0
349.2	90.0
392.04	90.0
589.6	90.0
695.88	90.0
820.32	90.0
933.6	90.0
988.0	90.0
1033.8	90.0
1136.64	90.0
1146.32	90.0
1188.2	90.0
1200.08	90.0
1235.48	90.0
1302.8	90.0
1326.04	90.0
1415.04	90.0
307.92	91.0
316.56	91.0
412.76	91.0
473.68	91.0
515.04	91.0
312.48	92.0
318.08	92.0
320.6	92.0
363.68	92.0
375.08	92.0
393.32	92.0
471.36	92.0
527.92	92.0
535.36	92.0
621.72	92.0
302.76	92.0
308.0	92.0
354.28	92.0
358.48	92.0
368.76	92.0
387.56	92.0
401.88	92.0
412.64	92.0
419.0	92.0
428.36	92.0
444.92	92.0
468.4	92.0
485.56	92.0
488.92	92.0
501.6	92.0
519.92	92.0
560.52	92.0
569.56	92.0
577.52	92.0
585.32	92.0
592.04	92.0
604.16	92.0
612.8	92.0
633.6	92.0
653.44	92.0
657.64	92.0
672.52	92.0
744.28	92.0
751.64	92.0
789.48	92.0
813.64	92.0
820.32	92.0
840.52	92.0
858.56	92.0
876.84	92.0
901.12	92.0
906.24	92.0
954.88	92.0
1044.8	92.0
1053.6	92.0
1106.24	92.0
1143.44	92.0
1164.84	92.0
1184.56	92.0
1229.36	92.0
1279.08	92.0
1305.28	92.0
1387.56	92.0
1427.44	92.0
1433.28	92.0
307.92	93.0
318.4	93.0
339.04	93.0
350.56	93.0
360.6	93.0
368.88	93.0
378.04	93.0
386.92	93.0
415.2	93.0
546.88	93.0
806.32	93.0
879.92	93.0
943.16	93.0
302.88	93.0
307.72	94.0
410.68	94.0
415.88	94.0
819.6	94.0
932.32	94.0
314.48	94.0
343.48	94.0
346.6	94.0
350.0	94.0
391.2	94.0
451.6	94.0
480.68	94.0
490.56	94.0
549.6	94.0
589.88	94.0
603.32	94.0
632.08	94.0
685.64	94.0
1238.08	94.0
1254.68	94.0
1301.36	94.0
1309.68	94.0
302.64	95.0
306.4	95.0
316.96	95.0
325.64	95.0
337.12	95.0
346.44	95.0
354.56	95.0
360.92	95.0
378.52	95.0
519.92	95.0
671.56	95.0
723.12	95.0
845.4	95.0
981.04	95.0
1173.92	95.0
308.36	96.0
719.56	96.0
1149.4	96.0
308.36	97.0
315.36	97.0
318.84	97.0
346.04	97.0
362.8	97.0
381.44	97.0
473.6	97.0
309.32	98.0
338.68	98.0
358.0	98.0
605.76	98.0
309.44	99.0
338.36	99.0
342.36	99.0
371.12	99.0
468.64	99.0
306.48	99.0
312.08	99.0
315.96	99.0
319.88	99.0
324.36	99.0
333.56	99.0
347.16	99.0
518.48	99.0
582.24	99.0
602.16	99.0
738.04	99.0
821.2	99.0
837.04	99.0
880.92	99.0
899.92	99.0
939.28	99.0
1026.04	99.0
1075.4	99.0
1165.6	99.0
1256.72	99.0
1426.56	99.0
307.68	100.0
312.68	100.0
335.44	100.0
360.12	100.0
411.4	100.0
556.04	100.0
658.36	100.0
667.96	100.0
836.48	100.0
933.32	100.0
997.6	100.0
1057.56	100.0
1150.12	100.0
1212.4	100.0
1333.0	100.0
1386.36	100.0
360.52	101.0
779.84	101.0
311.12	101.0
323.52	101.0
339.2	101.0
348.16	101.0
355.04	101.0
376.44	101.0
388.28	101.0
1092.92	102.0
1249.76	102.0
312.68	102.0
306.56	103.0
311.76	103.0
361.76	103.0
586.32	103.0
1176.68	103.0
314.68	104.0
318.16	104.0
320.92	104.0
361.72	104.0
586.32	104.0
310.8	104.0
326.88	104.0
338.56	104.0
355.84	104.0
358.8	104.0
368.2	104.0
381.92	104.0
391.24	104.0
409.44	104.0
436.12	104.0
451.52	104.0
515.64	104.0
548.2	104.0
563.52	104.0
649.56	104.0
667.6	104.0
697.4	104.0
722.56	104.0
755.68	104.0
822.92	104.0
862.2	104.0
905.96	104.0
933.84	104.0
995.72	104.0
1038.16	104.0
1064.68	104.0
1095.0	104.0
1132.4	104.0
1193.12	104.0
1241.8	104.0
1258.84	104.0
1356.44	104.0
1419.8	104.0
64.64	106.0
92.88	106.0
350.56	106.0
374.44	106.0
457.32	106.0
306.12	107.0
309.52	107.0
345.24	107.0
356.28	107.0
1280.8	107.0
313.68	107.0
318.24	107.0
338.64	107.0
341.44	107.0
348.84	107.0
361.4	107.0
365.88	107.0
373.56	107.0
384.76	107.0
401.04	107.0
459.56	107.0
536.96	107.0
584.56	107.0
591.0	107.0
744.36	107.0
1146.4	107.0
1251.8	107.0
1301.96	107.0
1434.24	107.0
317.44	108.0
337.76	108.0
371.28	108.0
309.2	108.0
323.8	108.0
347.12	108.0
354.8	108.0
384.52	108.0
401.8	108.0
419.84	108.0
445.44	108.0
471.88	108.0
500.4	108.0
651.6	108.0
808.72	108.0
1172.04	108.0
1214.2	108.0
1414.12	108.0
316.24	109.0
364.6	109.0
371.44	109.0
376.52	109.0
820.08	109.0
858.0	109.0
1093.64	109.0
1136.44	109.0
338.72	109.0
312.32	110.0
367.8	110.0
371.0	110.0
404.44	110.0
1276.56	110.0
1301.72	110.0
317.56	110.0
339.12	110.0
473.8	110.0
513.84	110.0
610.28	110.0
1099.24	110.0
1269.36	110.0
1403.32	110.0
323.44	111.0
615.4	111.0
1084.4	111.0
308.56	111.0
311.76	111.0
317.36	111.0
326.36	111.0
334.24	111.0
343.64	111.0
355.12	111.0
358.6	111.0
363.52	111.0
368.56	111.0
379.6	111.0
383.2	111.0
417.8	111.0
438.12	111.0
455.6	111.0
471.04	111.0
479.24	111.0
482.48	111.0
501.48	111.0
522.16	111.0
535.76	111.0
556.88	111.0
600.24	111.0
632.32	111.0
648.24	111.0
666.2	111.0
712.28	111.0
741.84	111.0
788.2	111.0
877.96	111.0
962.88	111.0
1005.6	111.0
1099.2	111.0
1205.6	111.0
1236.4	111.0
1248.76	111.0
1251.92	111.0
1297.2	111.0
586.4	112.0
307.4	112.0
313.04	112.0
317.44	112.0
323.52	112.0
381.36	112.0
403.48	112.0
500.72	112.0
535.72	112.0
1093.08	112.0
1102.04	112.0
1306.44	112.0
1344.12	112.0
1377.24	112.0
324.48	113.0
340.88	113.0
366.2	113.0
374.96	113.0
438.68	113.0
473.84	113.0
851.28	113.0
313.4	114.0
319.24	114.0
324.36	114.0
338.64	114.0
346.32	114.0
374.68	114.0
334.72	114.0
343.28	114.0
349.76	114.0
354.72	114.0
360.6	114.0
367.48	114.0
393.6	114.0
805.48	114.0
1067.6	114.0
360.48	115.0
364.96	115.0
380.92	115.0
392.88	115.0
307.6	115.0
313.16	115.0
322.04	115.0
339.52	115.0
344.8	115.0
348.84	115.0
370.84	115.0
404.32	115.0
418.72	115.0
446.52	115.0
466.84	115.0
492.76	115.0
514.12	115.0
536.96	115.0
557.96	115.0
576.28	115.0
594.0	115.0
619.08	115.0
679.52	115.0
711.44	115.0
779.44	115.0
858.64	115.0
1006.84	115.0
1229.04	115.0
1381.52	115.0
1403.56	115.0
321.4	116.0
324.0	116.0
349.08	116.0
365.16	116.0
377.24	116.0
470.92	116.0
553.24	116.0
628.0	116.0
956.32	116.0
1005.48	116.0
1100.4	116.0
1206.24	116.0
1226.24	116.0
307.92	116.0
311.68	116.0
316.24	116.0
318.88	116.0
327.0	116.0
334.12	116.0
343.2	116.0
346.0	116.0
359.2	116.0
371.0	116.0
374.12	116.0
381.16	116.0
384.0	116.0
387.84	116.0
394.04	116.0
404.44	116.0
410.64	116.0
426.4	116.0
438.52	116.0
468.04	116.0
490.2	116.0
513.84	116.0
558.44	116.0
586.76	116.0
660.72	116.0
690.4	116.0
692.92	116.0
784.64	116.0
839.72	116.0
935.88	116.0
986.2	116.0
993.32	116.0
1001.64	116.0
1140.16	116.0
1169.2	116.0
1230.12	116.0
1250.4	116.0
1281.56	116.0
1360.68	116.0
1390.2	116.0
368.48	117.0
308.4	117.0
317.2	117.0
323.48	117.0
345.32	117.0
404.88	117.0
427.32	117.0
472.56	117.0
536.08	117.0
1084.44	117.0
1364.32	117.0
306.44	118.0
310.64	118.0
318.08	118.0
323.16	118.0
334.24	118.0
346.2	118.0
349.8	118.0
357.72	118.0
362.64	118.0
372.12	118.0
386.24	118.0
410.44	118.0
430.36	118.0
455.36	118.0
477.32	118.0
529.84	118.0
559.36	118.0
688.24	118.0
753.64	118.0
783.16	118.0
815.04	118.0
854.88	118.0
1254.08	118.0
310.76	119.0
318.28	119.0
363.64	119.0
1094.2	119.0
1228.32	119.0
1248.4	119.0
308.36	120.0
1099.4	120.0
1170.24	120.0
324.24	120.0
338.48	120.0
343.52	120.0
349.52	120.0
357.0	120.0
361.92	120.0
370.44	120.0
374.24	120.0
386.08	120.0
389.88	120.0
402.96	120.0
418.12	120.0
519.6	120.0
598.96	120.0
627.28	120.0
752.2	120.0
818.16	120.0
831.12	120.0
875.72	120.0
1302.64	120.0
