57.8	85.0
89.48	85.0
151.4	85.0
265.36	85.0
328.16	85.0
423.36	85.0
457.64	85.0
679.12	85.0
713.16	85.0
796.52	85.0
817.8	85.0
846.12	85.0
881.88	85.0
1001.96	85.0
1165.68	85.0
1273.92	85.0
22.8	86.0
45.0	86.0
110.04	86.0
113.64	86.0
149.16	86.0
152.88	86.0
180.56	86.0
200.0	86.0
291.68	86.0
309.0	86.0
323.76	86.0
332.6	86.0
356.52	86.0
371.48	86.0
377.32	86.0
418.92	86.0
453.96	86.0
544.28	86.0
652.24	86.0
720.24	86.0
762.36	86.0
792.32	86.0
805.88	86.0
872.32	86.0
902.12	86.0
974.12	86.0
997.6	86.0
1004.92	86.0
1021.72	86.0
1077.04	86.0
1094.72	86.0
1148.76	86.0
1215.16	86.0
1235.96	86.0
1256.8	86.0
1272.92	86.0
1307.72	86.0
55.28	86.0
85.48	86.0
124.48	86.0
194.64	86.0
251.16	86.0
318.96	86.0
326.32	86.0
336.0	86.0
343.16	86.0
351.12	86.0
710.88	86.0
796.48	86.0
841.84	86.0
1033.72	86.0
1057.84	86.0
1260.28	86.0
1298.16	86.0
1314.04	86.0
621.48	87.0
18.44	87.0
60.4	87.0
133.44	87.0
307.08	87.0
315.48	87.0
323.08	87.0
327.2	87.0
334.96	87.0
350.16	87.0
367.56	87.0
415.16	87.0
513.48	87.0
543.8	87.0
667.8	87.0
672.4	87.0
715.52	87.0
738.96	87.0
911.04	87.0
962.04	87.0
978.2	87.0
1002.24	87.0
1092.48	87.0
1127.88	87.0
1216.28	87.0
152.6	88.0
302.8	88.0
312.72	88.0
389.64	88.0
413.72	88.0
1156.24	88.0
130.76	88.0
220.04	88.0
320.16	88.0
335.88	88.0
349.56	88.0
658.36	88.0
674.6	88.0
943.52	88.0
978.04	88.0
1067.08	88.0
306.52	89.0
401.8	89.0
682.28	89.0
834.4	89.0
975.88	89.0
1035.88	89.0
1156.36	89.0
111.08	90.0
118.32	90.0
262.52	90.0
317.0	90.0
327.56	90.0
332.96	90.0
338.24	90.0
354.28	90.0
401.48	90.0
415.36	90.0
592.36	90.0
643.84	90.0
701.6	90.0
741.56	90.0
766.48	90.0
811.16	90.0
1008.32	90.0
1071.28	90.0
1120.6	90.0
1212.12	90.0
1220.24	90.0
1329.12	90.0
339.36	91.0
199.36	92.0
326.32	92.0
354.6	92.0
500.6	92.0
6.68	92.0
14.76	92.0
26.8	92.0
110.0	92.0
173.36	92.0
302.6	92.0
322.28	92.0
339.64	92.0
347.04	92.0
396.32	92.0
615.68	92.0
629.44	92.0
673.4	92.0
697.68	92.0
716.36	92.0
804.16	92.0
843.92	92.0
851.6	92.0
857.72	92.0
974.8	92.0
1054.4	92.0
1094.0	92.0
1192.84	92.0
1248.64	92.0
1311.84	92.0
92.28	93.0
311.52	93.0
324.32	93.0
348.84	93.0
706.48	93.0
1071.96	93.0
1054.08	94.0
1247.92	94.0
313.8	94.0
319.44	94.0
335.76	94.0
349.48	94.0
378.04	94.0
407.4	94.0
86.44	95.0
309.28	95.0
345.64	95.0
721.28	95.0
802.2	95.0
12.2	97.0
58.96	97.0
997.8	97.0
127.72	98.0
221.24	98.0
973.32	98.0
199.08	99.0
306.32	99.0
312.96	99.0
319.08	99.0
328.32	99.0
335.48	99.0
343.76	99.0
351.92	99.0
358.32	99.0
500.4	99.0
671.28	99.0
767.6	99.0
856.04	99.0
970.52	99.0
1309.92	99.0
339.24	100.0
14.96	100.0
320.0	100.0
334.12	100.0
614.8	100.0
819.0	100.0
921.08	100.0
971.44	100.0
975.28	100.0
1171.92	100.0
336.44	101.0
328.28	103.0
347.44	103.0
459.6	103.0
347.4	104.0
3.24	104.0
74.88	104.0
92.32	104.0
161.64	104.0
201.44	104.0
308.56	104.0
317.44	104.0
324.52	104.0
331.36	104.0
337.68	104.0
354.0	104.0
460.96	104.0
501.4	104.0
787.96	104.0
814.12	104.0
856.6	104.0
978.92	104.0
1033.84	104.0
1313.4	104.0
44.4	106.0
70.72	106.0
710.48	106.0
54.28	107.0
127.8	107.0
306.04	107.0
324.72	107.0
340.6	107.0
348.4	107.0
367.76	107.0
385.24	107.0
412.88	107.0
493.44	107.0
545.6	107.0
583.44	107.0
588.28	107.0
615.56	107.0
651.32	107.0
802.52	107.0
836.36	107.0
901.36	107.0
972.68	107.0
977.84	107.0
1072.36	107.0
1094.88	107.0
1110.68	107.0
1147.28	107.0
1186.6	107.0
1224.96	107.0
1276.68	107.0
1296.96	107.0
1303.72	107.0
1308.6	107.0
19.84	108.0
72.8	108.0
198.0	108.0
307.08	108.0
311.64	108.0
321.88	108.0
336.28	108.0
659.16	108.0
766.4	108.0
811.52	108.0
835.4	108.0
855.64	108.0
950.08	108.0
972.0	108.0
1309.96	108.0
316.88	109.0
975.32	109.0
1049.28	109.0
950.72	109.0
1032.12	109.0
852.84	110.0
932.04	110.0
200.0	110.0
209.76	110.0
352.84	110.0
531.2	110.0
681.48	110.0
696.28	110.0
904.8	110.0
918.76	110.0
1003.6	110.0
1084.24	110.0
1193.6	110.0
21.64	111.0
307.32	111.0
310.2	111.0
4.96	111.0
56.08	111.0
60.24	111.0
65.04	111.0
75.12	111.0
91.4	111.0
152.64	111.0
162.2	111.0
225.36	111.0
302.84	111.0
328.36	111.0
334.96	111.0
338.2	111.0
347.24	111.0
363.08	111.0
374.8	111.0
404.12	111.0
441.64	111.0
466.4	111.0
542.6	111.0
558.0	111.0
616.8	111.0
668.16	111.0
681.4	111.0
706.64	111.0
722.56	111.0
752.68	111.0
795.72	111.0
799.56	111.0
805.24	111.0
1020.56	111.0
1084.2	111.0
1149.96	111.0
1157.04	111.0
1196.08	111.0
1219.04	111.0
1250.32	111.0
1256.36	111.0
1320.68	111.0
5.12	112.0
338.16	112.0
976.6	112.0
310.52	112.0
314.32	112.0
323.84	112.0
358.6	112.0
695.64	112.0
753.04	112.0
850.48	112.0
1218.32	112.0
347.8	113.0
321.68	114.0
342.76	114.0
346.0	114.0
306.92	115.0
752.6	115.0
354.6	115.0
379.96	115.0
696.6	115.0
846.0	115.0
853.16	115.0
1165.44	115.0
306.12	116.0
331.76	116.0
339.48	116.0
1242.68	116.0
20.4	116.0
24.68	116.0
60.4	116.0
154.28	116.0
308.64	116.0
313.4	116.0
319.0	116.0
326.16	116.0
328.76	116.0
336.4	116.0
345.92	116.0
354.4	116.0
364.32	116.0
369.96	116.0
388.72	116.0
409.96	116.0
431.92	116.0
441.6	116.0
630.72	116.0
666.6	116.0
706.84	116.0
808.88	116.0
848.28	116.0
852.76	116.0
885.64	116.0
924.52	116.0
974.48	116.0
1002.36	116.0
1031.76	116.0
1189.88	116.0
1213.96	116.0
1245.36	116.0
1308.72	116.0
1314.04	116.0
311.2	117.0
351.92	117.0
21.68	117.0
355.0	117.0
363.36	117.0
385.24	117.0
416.68	117.0
542.92	117.0
574.4	117.0
674.04	117.0
315.8	118.0
415.6	118.0
850.12	118.0
19.96	118.0
197.0	118.0
306.36	118.0
325.12	118.0
331.32	118.0
345.4	118.0
359.64	118.0
365.72	118.0
679.64	118.0
750.84	118.0
976.76	118.0
1217.48	118.0
311.64	119.0
55.92	119.0
83.64	119.0
490.0	119.0
1185.0	119.0
26.24	120.0
53.88	120.0
58.64	120.0
315.04	120.0
324.96	120.0
353.56	120.0
584.8	120.0
741.56	120.0
849.96	120.0
955.12	120.0
976.28	120.0
1094.72	120.0
1187.36	120.0
1217.72	120.0
