116.48	85.0
252.88	85.0
503.04	85.0
522.68	85.0
634.4	85.0
746.68	85.0
824.36	85.0
886.04	85.0
919.52	85.0
1096.32	85.0
1190.6	85.0
1238.76	85.0
24.0	86.0
86.28	86.0
115.6	86.0
119.28	86.0
225.8	86.0
236.04	86.0
290.72	86.0
314.48	86.0
388.72	86.0
409.52	86.0
485.92	86.0
559.44	86.0
611.16	86.0
626.92	86.0
665.72	86.0
740.64	86.0
788.04	86.0
797.56	86.0
818.2	86.0
865.68	86.0
929.56	86.0
1000.28	86.0
1043.88	86.0
1089.76	86.0
1110.08	86.0
1146.44	86.0
1150.68	86.0
1201.8	86.0
1205.92	86.0
1230.44	86.0
1265.8	86.0
1284.36	86.0
1311.2	86.0
1330.76	86.0
157.92	86.0
318.84	86.0
327.04	86.0
336.88	86.0
966.84	86.0
1071.76	86.0
1168.92	86.0
1319.48	86.0
17.16	87.0
111.04	87.0
33.52	87.0
42.88	87.0
66.76	87.0
142.68	87.0
147.52	87.0
210.8	87.0
290.36	87.0
307.48	87.0
317.4	87.0
324.2	87.0
335.0	87.0
357.04	87.0
547.8	87.0
624.56	87.0
688.48	87.0
741.12	87.0
763.56	87.0
786.64	87.0
793.6	87.0
822.12	87.0
851.36	87.0
920.48	87.0
928.36	87.0
933.36	87.0
967.24	87.0
1011.92	87.0
1046.44	87.0
1055.92	87.0
1180.96	87.0
1214.48	87.0
1223.52	87.0
302.8	88.0
628.88	88.0
703.32	88.0
948.0	88.0
59.4	88.0
157.52	88.0
230.2	88.0
232.92	88.0
258.76	88.0
262.68	88.0
307.56	88.0
320.08	88.0
348.88	88.0
393.56	88.0
748.48	88.0
901.56	88.0
937.56	88.0
1001.92	88.0
1006.52	88.0
1022.0	88.0
1041.28	88.0
1132.52	88.0
1186.56	88.0
1328.52	88.0
307.28	89.0
225.68	89.0
689.4	89.0
723.92	89.0
923.56	89.0
1312.32	89.0
478.72	90.0
605.48	90.0
68.28	90.0
105.88	90.0
159.16	90.0
214.0	90.0
225.36	90.0
313.44	90.0
333.8	90.0
440.68	90.0
513.16	90.0
628.4	90.0
664.48	90.0
690.2	90.0
723.6	90.0
739.8	90.0
797.16	90.0
946.32	90.0
990.52	90.0
1093.44	90.0
1163.48	90.0
1246.88	90.0
1312.0	90.0
314.04	92.0
740.6	92.0
876.92	92.0
52.08	92.0
82.28	92.0
145.28	92.0
162.48	92.0
195.76	92.0
227.36	92.0
238.72	92.0
279.72	92.0
302.56	92.0
306.4	92.0
318.0	92.0
337.08	92.0
608.52	92.0
623.16	92.0
677.44	92.0
821.84	92.0
923.56	92.0
1112.2	92.0
1216.64	92.0
1245.68	92.0
16.4	93.0
91.96	93.0
307.16	93.0
593.04	93.0
1007.56	93.0
312.88	93.0
611.88	94.0
731.6	94.0
1033.6	94.0
323.24	94.0
336.68	94.0
703.32	94.0
291.24	95.0
644.88	95.0
926.08	95.0
1049.76	95.0
1135.64	95.0
1220.12	95.0
1273.4	95.0
307.52	97.0
80.32	97.0
314.28	97.0
325.48	97.0
135.84	99.0
165.2	99.0
306.68	99.0
317.04	99.0
327.44	99.0
509.2	99.0
619.16	99.0
730.16	99.0
780.28	99.0
1024.08	99.0
1328.04	99.0
48.32	100.0
231.16	100.0
280.36	100.0
307.48	100.0
364.64	100.0
478.68	100.0
605.4	100.0
741.92	100.0
785.0	100.0
798.84	100.0
1069.92	100.0
1188.0	100.0
1252.08	100.0
1321.88	100.0
316.36	101.0
782.6	101.0
1172.96	103.0
86.32	104.0
162.68	104.0
234.0	104.0
307.52	104.0
311.92	104.0
320.92	104.0
330.52	104.0
387.72	104.0
446.48	104.0
709.6	104.0
742.52	104.0
852.56	104.0
938.4	104.0
949.44	104.0
1102.48	104.0
1329.56	104.0
106.44	106.0
330.0	106.0
1171.92	106.0
59.08	107.0
86.44	107.0
121.28	107.0
138.2	107.0
160.72	107.0
204.84	107.0
306.2	107.0
309.16	107.0
320.88	107.0
340.96	107.0
400.64	107.0
412.96	107.0
482.24	107.0
552.28	107.0
562.04	107.0
590.92	107.0
667.4	107.0
707.04	107.0
735.2	107.0
821.12	107.0
882.6	107.0
915.28	107.0
1067.2	107.0
1097.08	107.0
1213.4	107.0
1265.68	107.0
1268.2	107.0
1330.44	107.0
318.16	108.0
27.96	108.0
81.64	108.0
307.24	108.0
509.68	108.0
618.24	108.0
675.48	108.0
727.16	108.0
801.8	108.0
811.08	108.0
918.48	108.0
954.08	108.0
1214.68	108.0
1327.72	108.0
50.04	110.0
353.56	110.0
1093.08	110.0
247.24	110.0
332.72	110.0
391.12	110.0
798.32	110.0
1041.64	110.0
1239.08	110.0
1246.92	110.0
97.56	111.0
307.12	111.0
1034.72	111.0
21.88	111.0
28.12	111.0
144.12	111.0
157.32	111.0
212.44	111.0
247.24	111.0
265.92	111.0
272.16	111.0
302.84	111.0
313.24	111.0
321.32	111.0
332.64	111.0
369.12	111.0
391.12	111.0
433.72	111.0
493.28	111.0
521.56	111.0
580.08	111.0
658.52	111.0
675.52	111.0
709.44	111.0
788.28	111.0
848.48	111.0
890.0	111.0
918.04	111.0
924.0	111.0
966.16	111.0
973.56	111.0
1045.44	111.0
1092.24	111.0
1098.76	111.0
1133.76	111.0
1218.04	111.0
1236.68	111.0
1289.88	111.0
1310.6	111.0
918.2	112.0
53.84	112.0
79.44	112.0
388.48	112.0
514.08	112.0
594.04	112.0
672.04	112.0
689.16	112.0
708.12	112.0
798.44	112.0
1148.4	112.0
322.56	114.0
671.8	114.0
1291.72	115.0
238.92	115.0
314.28	115.0
407.08	115.0
440.8	115.0
757.08	115.0
798.6	115.0
1128.04	115.0
85.72	116.0
133.04	116.0
308.76	116.0
367.8	116.0
370.6	116.0
27.08	116.0
31.68	116.0
50.68	116.0
68.76	116.0
91.84	116.0
100.28	116.0
111.0	116.0
156.72	116.0
187.88	116.0
193.8	116.0
238.24	116.0
264.32	116.0
283.32	116.0
313.64	116.0
318.04	116.0
326.88	116.0
332.68	116.0
351.32	116.0
485.16	116.0
630.28	116.0
681.24	116.0
735.36	116.0
778.52	116.0
802.04	116.0
845.28	116.0
862.8	116.0
936.52	116.0
956.72	116.0
1000.96	116.0
1004.28	116.0
1078.6	116.0
1092.24	116.0
1136.0	116.0
1142.8	116.0
1190.84	116.0
1201.72	116.0
1209.96	116.0
1260.52	116.0
1287.68	116.0
1298.36	116.0
1324.72	116.0
314.48	117.0
50.52	117.0
97.56	117.0
342.24	117.0
638.36	117.0
989.88	117.0
1034.84	117.0
340.04	118.0
1151.24	118.0
1216.24	118.0
47.96	118.0
155.72	118.0
211.04	118.0
306.28	118.0
319.76	118.0
330.04	118.0
625.24	118.0
686.76	118.0
737.28	118.0
794.2	118.0
862.24	118.0
943.44	118.0
987.96	118.0
1091.68	118.0
1308.84	118.0
79.04	119.0
250.88	119.0
311.76	119.0
779.24	119.0
1029.32	119.0
1200.64	119.0
591.4	120.0
219.88	120.0
344.68	120.0
671.52	120.0
1071.32	120.0
1133.64	120.0
1147.88	120.0
1271.88	120.0
1323.2	120.0
