1372.36	84.0
342.84	84.0
357.16	85.0
311.96	85.0
403.08	85.0
424.48	85.0
443.12	85.0
469.04	85.0
486.56	85.0
501.16	85.0
538.76	85.0
544.6	85.0
567.32	85.0
586.12	85.0
597.72	85.0
685.2	85.0
721.36	85.0
792.2	85.0
841.32	85.0
1107.84	85.0
1236.8	85.0
1345.12	85.0
279.48	86.0
284.0	86.0
294.8	86.0
326.96	86.0
340.72	86.0
355.84	86.0
432.76	86.0
505.84	86.0
516.92	86.0
543.92	86.0
695.08	86.0
866.12	86.0
892.12	86.0
985.24	86.0
995.48	86.0
1024.84	86.0
1030.68	86.0
1160.04	86.0
1171.44	86.0
1205.56	86.0
1222.4	86.0
1241.96	86.0
1259.32	86.0
1292.04	86.0
1315.0	86.0
1355.64	86.0
1399.12	86.0
290.8	86.0
302.56	86.0
309.68	86.0
312.88	86.0
323.76	86.0
337.88	86.0
343.4	86.0
352.4	86.0
365.24	86.0
373.52	86.0
416.52	86.0
453.04	86.0
473.16	86.0
486.48	86.0
509.56	86.0
579.32	86.0
647.76	86.0
769.6	86.0
810.08	86.0
1056.92	86.0
1231.56	86.0
280.08	87.0
339.28	87.0
269.64	87.0
274.16	87.0
277.16	87.0
285.32	87.0
289.96	87.0
293.72	87.0
308.2	87.0
320.4	87.0
323.72	87.0
331.8	87.0
335.24	87.0
343.28	87.0
346.92	87.0
351.72	87.0
356.0	87.0
360.44	87.0
369.84	87.0
381.84	87.0
387.32	87.0
397.28	87.0
403.6	87.0
417.16	87.0
446.52	87.0
453.12	87.0
467.96	87.0
492.08	87.0
512.84	87.0
532.88	87.0
590.8	87.0
619.56	87.0
676.72	87.0
736.32	87.0
774.2	87.0
780.44	87.0
807.52	87.0
833.08	87.0
858.84	87.0
1001.24	87.0
1118.68	87.0
293.92	88.0
302.64	88.0
306.08	88.0
318.96	88.0
353.12	88.0
903.16	88.0
283.04	88.0
314.92	88.0
333.8	88.0
339.56	88.0
361.68	88.0
417.08	88.0
546.16	88.0
721.72	88.0
895.2	88.0
973.04	88.0
989.16	88.0
1071.36	88.0
1099.68	88.0
1124.72	88.0
1131.72	88.0
1159.36	88.0
1227.24	88.0
1246.6	88.0
1266.04	88.0
1313.04	88.0
1328.52	88.0
1331.24	88.0
1350.6	88.0
1396.84	88.0
290.12	89.0
312.84	89.0
320.68	89.0
334.08	89.0
440.36	89.0
487.8	89.0
508.28	89.0
1405.76	89.0
293.12	90.0
312.52	90.0
320.4	90.0
324.64	90.0
334.68	90.0
721.04	90.0
963.2	90.0
1084.28	90.0
336.04	91.0
352.28	91.0
293.4	91.0
322.2	91.0
365.24	91.0
877.8	91.0
306.28	92.0
316.28	92.0
327.72	92.0
330.92	92.0
343.92	92.0
964.2	92.0
290.04	92.0
293.8	92.0
296.68	92.0
302.56	92.0
311.44	92.0
319.08	92.0
322.88	92.0
341.08	92.0
346.92	92.0
350.64	92.0
369.16	92.0
450.12	92.0
479.72	92.0
520.24	92.0
526.88	92.0
557.2	92.0
579.52	92.0
584.92	92.0
620.88	92.0
643.36	92.0
672.08	92.0
759.56	92.0
832.36	92.0
873.2	92.0
1128.6	92.0
1252.0	92.0
1273.72	92.0
1291.36	92.0
289.24	93.0
294.4	93.0
302.64	93.0
309.0	93.0
320.2	93.0
336.36	93.0
345.0	93.0
348.96	93.0
358.2	93.0
369.68	93.0
375.2	93.0
385.6	93.0
415.16	93.0
426.56	93.0
439.04	93.0
472.88	93.0
532.88	93.0
549.64	93.0
586.08	93.0
623.4	93.0
634.16	93.0
732.56	93.0
809.4	93.0
966.96	93.0
1078.48	93.0
1347.68	93.0
317.64	93.0
327.04	93.0
302.6	94.0
439.8	94.0
774.12	94.0
924.28	94.0
1181.32	94.0
1238.8	94.0
296.88	94.0
318.68	94.0
332.64	94.0
343.28	94.0
376.08	94.0
387.16	94.0
900.0	94.0
964.24	94.0
1212.56	94.0
294.0	95.0
308.8	95.0
312.76	95.0
325.08	95.0
330.12	95.0
334.24	95.0
454.2	95.0
543.52	95.0
998.12	95.0
1374.6	95.0
309.72	96.0
648.76	97.0
786.4	97.0
827.32	97.0
1046.04	97.0
1157.12	97.0
1325.36	97.0
314.76	97.0
332.56	97.0
335.48	97.0
339.44	97.0
380.32	97.0
436.16	97.0
520.44	97.0
742.84	97.0
1023.52	97.0
1071.72	97.0
1093.68	97.0
1204.8	97.0
1341.8	97.0
308.0	99.0
277.6	99.0
286.56	99.0
292.32	99.0
296.44	99.0
311.92	99.0
321.0	99.0
325.36	99.0
344.84	99.0
353.84	99.0
359.6	99.0
363.52	99.0
564.28	99.0
616.28	99.0
722.72	99.0
793.92	99.0
803.12	99.0
921.68	99.0
1103.24	99.0
1198.96	99.0
1278.16	99.0
1314.04	99.0
317.88	100.0
293.88	100.0
308.72	100.0
311.6	100.0
324.16	100.0
330.52	100.0
349.48	100.0
395.36	100.0
451.68	100.0
524.08	100.0
602.88	100.0
621.64	100.0
632.0	100.0
766.76	100.0
826.32	100.0
872.16	100.0
885.8	100.0
981.2	100.0
995.48	100.0
1074.16	100.0
1273.56	100.0
1352.44	100.0
342.28	101.0
313.32	101.0
319.88	101.0
324.68	101.0
333.76	101.0
367.2	101.0
407.52	101.0
421.16	101.0
434.72	101.0
453.36	101.0
467.84	101.0
486.2	101.0
504.08	101.0
528.88	101.0
545.0	101.0
564.16	101.0
582.36	101.0
598.56	101.0
633.28	101.0
694.84	101.0
765.32	101.0
846.6	101.0
885.24	101.0
334.48	102.0
529.16	102.0
324.0	102.0
346.24	103.0
286.96	103.0
289.92	103.0
307.76	103.0
331.36	103.0
334.96	103.0
1019.24	103.0
318.0	104.0
326.8	104.0
346.2	104.0
284.88	104.0
290.92	104.0
302.84	104.0
306.88	104.0
312.04	104.0
314.84	104.0
323.0	104.0
330.48	104.0
342.52	104.0
350.0	104.0
356.36	104.0
364.48	104.0
374.56	104.0
382.56	104.0
401.12	104.0
421.92	104.0
450.24	104.0
465.08	104.0
469.08	104.0
481.32	104.0
509.24	104.0
539.16	104.0
580.88	104.0
583.56	104.0
611.44	104.0
639.6	104.0
647.64	104.0
681.88	104.0
724.68	104.0
756.12	104.0
792.72	104.0
847.52	104.0
868.92	104.0
890.96	104.0
928.4	104.0
970.8	104.0
990.92	104.0
1023.16	104.0
1049.68	104.0
1101.56	104.0
1132.84	104.0
1139.76	104.0
1165.64	104.0
1197.4	104.0
1217.4	104.0
1237.96	104.0
1257.16	104.0
1320.36	104.0
1385.76	104.0
144.0	106.0
176.04	106.0
319.36	106.0
343.92	106.0
459.44	106.0
292.64	107.0
314.48	107.0
326.56	107.0
333.64	107.0
347.72	107.0
363.08	107.0
374.28	107.0
386.68	107.0
454.56	107.0
470.96	107.0
607.28	107.0
869.8	107.0
1009.6	107.0
1146.48	107.0
1163.48	107.0
1276.6	107.0
1404.64	107.0
284.56	108.0
292.28	108.0
327.16	108.0
333.56	108.0
345.96	108.0
357.2	108.0
361.52	108.0
374.56	108.0
385.4	108.0
434.8	108.0
827.6	108.0
286.08	109.0
316.2	109.0
341.96	109.0
675.76	109.0
1191.36	109.0
308.12	109.0
321.88	109.0
302.6	110.0
315.76	110.0
328.0	110.0
341.64	110.0
386.08	110.0
1099.52	110.0
321.12	110.0
344.24	110.0
355.4	110.0
361.28	110.0
390.68	110.0
451.64	110.0
467.4	110.0
750.92	110.0
768.24	110.0
808.12	110.0
850.68	110.0
1408.84	110.0
308.92	111.0
324.6	111.0
289.8	111.0
294.0	111.0
302.8	111.0
312.92	111.0
320.48	111.0
333.36	111.0
341.72	111.0
359.08	111.0
365.52	111.0
379.4	111.0
382.48	111.0
407.44	111.0
424.92	111.0
450.2	111.0
466.44	111.0
498.16	111.0
506.6	111.0
519.32	111.0
542.72	111.0
545.24	111.0
588.36	111.0
615.92	111.0
629.64	111.0
656.56	111.0
721.84	111.0
808.08	111.0
850.56	111.0
865.96	111.0
1028.44	111.0
1048.04	111.0
1210.28	111.0
1377.56	111.0
1397.2	111.0
1419.4	111.0
323.24	112.0
294.56	112.0
340.48	112.0
353.0	112.0
360.84	112.0
385.44	112.0
391.2	112.0
480.56	112.0
646.44	112.0
1046.6	112.0
1166.48	112.0
316.44	113.0
310.16	113.0
313.16	113.0
324.08	113.0
329.12	113.0
353.36	113.0
383.16	113.0
296.88	114.0
302.52	114.0
309.08	114.0
312.04	114.0
318.84	114.0
324.08	114.0
326.64	114.0
330.6	114.0
339.32	114.0
350.2	114.0
372.6	114.0
394.4	114.0
309.6	115.0
451.68	115.0
291.08	115.0
312.56	115.0
321.4	115.0
328.16	115.0
337.68	115.0
342.68	115.0
355.76	115.0
362.76	115.0
391.0	115.0
431.68	115.0
486.24	115.0
504.32	115.0
517.88	115.0
531.84	115.0
542.88	115.0
571.04	115.0
648.72	115.0
666.92	115.0
684.96	115.0
704.72	115.0
728.32	115.0
751.16	115.0
768.52	115.0
819.2	115.0
850.92	115.0
917.92	115.0
945.48	115.0
982.8	115.0
1059.08	115.0
1094.52	115.0
1118.72	115.0
1158.2	115.0
1191.52	115.0
1225.44	115.0
1273.68	115.0
1305.72	115.0
1347.48	115.0
1409.12	115.0
309.52	116.0
316.8	116.0
330.84	116.0
356.2	116.0
367.24	116.0
413.68	116.0
507.72	116.0
278.16	116.0
283.88	116.0
288.64	116.0
292.08	116.0
295.24	116.0
306.72	116.0
312.24	116.0
320.96	116.0
323.52	116.0
327.8	116.0
333.64	116.0
337.08	116.0
348.52	116.0
352.52	116.0
372.0	116.0
377.32	116.0
386.28	116.0
406.56	116.0
409.56	116.0
421.8	116.0
444.6	116.0
465.76	116.0
490.68	116.0
529.96	116.0
563.4	116.0
620.28	116.0
650.52	116.0
754.08	116.0
768.0	116.0
875.28	116.0
898.64	116.0
945.6	116.0
989.08	116.0
1015.16	116.0
1063.96	116.0
1100.48	116.0
1111.72	116.0
1187.08	116.0
1191.64	116.0
307.96	117.0
342.36	117.0
376.48	117.0
407.36	117.0
445.52	117.0
290.32	117.0
303.0	117.0
327.72	117.0
334.84	117.0
357.4	117.0
367.12	117.0
371.6	117.0
379.6	117.0
386.52	117.0
490.92	117.0
552.88	117.0
729.6	117.0
295.8	118.0
306.4	118.0
312.0	118.0
316.96	118.0
326.64	118.0
344.12	118.0
354.24	118.0
356.76	118.0
360.32	118.0
382.6	118.0
394.56	118.0
296.2	119.0
307.04	119.0
311.68	119.0
314.48	119.0
319.84	119.0
316.16	120.0
289.92	120.0
294.04	120.0
310.64	120.0
322.44	120.0
326.96	120.0
333.28	120.0
357.32	120.0
425.28	120.0
438.08	120.0
508.52	120.0
535.56	120.0
578.68	120.0
618.36	120.0
628.4	120.0
667.44	120.0
677.84	120.0
757.96	120.0
820.72	120.0
941.68	120.0
1020.6	120.0
