306.68	84.0
334.2	84.0
312.44	85.0
328.08	85.0
334.04	85.0
352.68	85.0
367.92	85.0
375.68	85.0
387.8	85.0
432.16	85.0
451.56	85.0
467.04	85.0
95.04	86.0
330.24	86.0
341.68	86.0
345.64	86.0
353.4	86.0
360.76	86.0
363.8	86.0
382.08	86.0
395.44	86.0
421.28	86.0
460.44	86.0
539.72	86.0
613.6	86.0
629.6	86.0
648.96	86.0
810.52	86.0
852.4	86.0
307.8	86.0
312.52	86.0
318.28	86.0
325.92	86.0
337.84	86.0
348.16	86.0
385.76	86.0
403.24	86.0
405.84	86.0
430.8	86.0
455.52	86.0
464.8	86.0
516.0	86.0
564.76	86.0
678.72	86.0
307.88	87.0
313.08	87.0
320.04	87.0
327.16	87.0
336.6	87.0
417.96	87.0
436.44	87.0
471.24	87.0
479.24	87.0
496.2	87.0
604.28	87.0
630.92	87.0
720.32	87.0
302.84	88.0
320.76	88.0
30.04	88.0
96.0	88.0
314.88	88.0
331.52	88.0
349.56	88.0
361.24	88.0
374.0	88.0
420.24	88.0
433.32	88.0
488.68	88.0
506.76	88.0
560.0	88.0
630.04	88.0
672.68	88.0
688.76	88.0
723.6	88.0
754.04	88.0
806.36	88.0
847.0	88.0
861.76	88.0
307.16	89.0
517.84	89.0
32.68	89.0
68.76	89.0
334.16	89.0
354.2	89.0
634.04	89.0
32.36	90.0
319.72	90.0
333.84	90.0
346.56	90.0
362.24	90.0
392.44	90.0
401.64	90.0
419.72	90.0
467.88	90.0
490.68	90.0
633.76	90.0
312.0	91.0
322.24	92.0
97.12	92.0
302.92	92.0
309.56	92.0
314.48	92.0
326.08	92.0
348.8	92.0
357.08	92.0
361.64	92.0
457.12	92.0
671.92	92.0
709.2	92.0
734.2	92.0
790.08	92.0
827.04	92.0
890.16	92.0
319.52	93.0
471.52	93.0
497.4	93.0
662.88	93.0
27.36	93.0
27.24	94.0
328.08	94.0
373.92	94.0
401.84	94.0
406.64	94.0
471.2	94.0
306.16	95.0
490.12	95.0
682.48	95.0
323.72	97.0
540.2	97.0
719.56	97.0
67.8	97.0
99.28	97.0
330.4	97.0
345.0	97.0
361.92	97.0
388.2	97.0
431.36	97.0
650.92	97.0
778.32	97.0
846.88	97.0
903.44	97.0
336.12	99.0
354.08	99.0
309.32	99.0
318.4	99.0
327.72	99.0
361.52	99.0
632.48	99.0
25.08	100.0
308.4	100.0
329.68	100.0
354.2	100.0
401.48	100.0
419.4	100.0
510.56	100.0
625.92	100.0
693.32	100.0
731.76	100.0
751.88	100.0
316.76	101.0
340.08	101.0
316.92	102.0
322.28	102.0
26.44	104.0
306.84	104.0
315.44	104.0
323.64	104.0
338.52	104.0
352.52	104.0
364.92	104.0
389.48	104.0
469.32	104.0
484.96	104.0
565.48	104.0
664.84	104.0
680.32	104.0
714.2	104.0
763.16	104.0
847.36	104.0
29.48	107.0
134.56	107.0
307.88	107.0
317.36	107.0
325.84	107.0
330.56	107.0
336.6	107.0
370.56	107.0
448.28	107.0
559.88	107.0
637.96	107.0
642.36	107.0
676.52	107.0
704.08	107.0
792.96	107.0
847.48	107.0
308.32	108.0
325.52	108.0
337.48	108.0
482.88	109.0
308.76	110.0
332.84	110.0
351.28	110.0
468.28	110.0
484.64	110.0
543.8	110.0
560.28	110.0
798.0	110.0
878.8	110.0
43.92	111.0
307.2	111.0
712.76	111.0
33.36	111.0
59.8	111.0
70.12	111.0
311.04	111.0
319.24	111.0
333.4	111.0
370.6	111.0
385.44	111.0
392.08	111.0
402.48	111.0
447.48	111.0
468.12	111.0
543.72	111.0
587.56	111.0
620.72	111.0
660.88	111.0
724.16	111.0
775.32	111.0
798.04	111.0
859.68	111.0
43.4	112.0
311.04	112.0
327.68	112.0
363.52	112.0
388.28	112.0
415.24	112.0
433.68	112.0
703.04	112.0
607.8	113.0
32.36	115.0
374.36	115.0
324.0	115.0
339.2	115.0
596.08	115.0
638.96	115.0
811.92	115.0
879.04	115.0
363.6	116.0
678.28	116.0
84.12	116.0
307.0	116.0
309.68	116.0
315.08	116.0
319.44	116.0
332.2	116.0
337.8	116.0
342.84	116.0
349.48	116.0
360.04	116.0
378.8	116.0
415.68	116.0
425.6	116.0
442.04	116.0
451.36	116.0
469.88	116.0
510.48	116.0
641.08	116.0
672.68	116.0
755.4	116.0
778.44	116.0
798.52	116.0
848.68	116.0
307.8	117.0
321.6	117.0
43.96	117.0
328.0	117.0
345.88	117.0
400.24	117.0
712.8	117.0
528.68	118.0
308.56	118.0
311.48	118.0
322.4	118.0
334.84	118.0
342.96	118.0
348.52	118.0
368.12	118.0
311.68	119.0
451.16	119.0
33.96	120.0
42.92	120.0
122.04	120.0
309.92	120.0
324.44	120.0
328.44	120.0
344.96	120.0
371.88	120.0
387.8	120.0
412.56	120.0
451.92	120.0
455.48	120.0
675.52	120.0
702.48	120.0
792.12	120.0
