83.16	84.0
306.28	85.0
1303.68	85.0
53.84	85.0
129.72	85.0
266.8	85.0
292.04	85.0
532.76	85.0
563.36	85.0
604.56	85.0
721.56	85.0
753.44	85.0
792.36	85.0
847.36	85.0
879.2	85.0
979.12	85.0
1080.24	85.0
1123.4	85.0
1233.8	85.0
1251.04	85.0
25.92	86.0
52.72	86.0
64.64	86.0
79.88	86.0
87.32	86.0
131.08	86.0
154.28	86.0
182.6	86.0
191.52	86.0
213.76	86.0
249.36	86.0
293.32	86.0
317.56	86.0
326.76	86.0
350.36	86.0
415.44	86.0
435.0	86.0
476.12	86.0
507.4	86.0
570.72	86.0
591.2	86.0
609.12	86.0
625.88	86.0
641.6	86.0
690.32	86.0
701.24	86.0
716.48	86.0
736.84	86.0
770.36	86.0
800.48	86.0
858.88	86.0
914.2	86.0
947.88	86.0
963.24	86.0
977.2	86.0
999.8	86.0
1042.76	86.0
1051.04	86.0
1085.0	86.0
1111.0	86.0
1117.84	86.0
1151.96	86.0
1173.92	86.0
1192.24	86.0
1205.52	86.0
1217.52	86.0
1240.56	86.0
1316.24	86.0
1337.0	86.0
1340.96	86.0
1356.76	86.0
1395.0	86.0
1401.52	86.0
1421.4	86.0
38.68	86.0
104.32	86.0
195.0	86.0
227.24	86.0
279.8	86.0
332.6	86.0
388.32	86.0
400.44	86.0
419.92	86.0
654.44	86.0
680.6	86.0
748.68	86.0
812.64	86.0
849.52	86.0
883.56	86.0
908.56	86.0
965.84	86.0
1047.08	86.0
1249.96	86.0
1349.28	86.0
1388.32	86.0
83.28	87.0
111.16	87.0
165.88	87.0
175.4	87.0
313.2	87.0
319.08	87.0
368.56	87.0
821.8	87.0
1098.48	87.0
1197.48	87.0
1308.6	87.0
16.48	88.0
61.12	88.0
79.2	88.0
243.64	88.0
255.88	88.0
274.44	88.0
302.92	88.0
309.8	88.0
369.96	88.0
443.36	88.0
472.04	88.0
501.56	88.0
525.96	88.0
553.92	88.0
581.96	88.0
624.88	88.0
652.24	88.0
654.76	88.0
688.52	88.0
721.96	88.0
727.96	88.0
782.8	88.0
830.84	88.0
866.92	88.0
903.32	88.0
959.36	88.0
1055.76	88.0
1083.48	88.0
1162.56	88.0
1225.16	88.0
1241.56	88.0
1322.08	88.0
1346.48	88.0
1349.36	88.0
115.64	88.0
127.64	88.0
147.8	88.0
155.36	88.0
220.0	88.0
252.16	88.0
339.68	88.0
359.76	88.0
399.92	88.0
403.76	88.0
566.32	88.0
600.24	88.0
630.84	88.0
747.52	88.0
853.76	88.0
881.96	88.0
930.64	88.0
1130.2	88.0
1167.08	88.0
1216.56	88.0
1257.68	88.0
1287.4	88.0
1400.36	88.0
40.12	89.0
316.92	89.0
527.72	89.0
1064.16	89.0
1147.2	89.0
39.88	90.0
60.84	90.0
69.0	90.0
100.2	90.0
187.72	90.0
326.68	90.0
339.72	90.0
461.48	90.0
585.32	90.0
720.08	90.0
738.12	90.0
753.6	90.0
832.04	90.0
937.36	90.0
960.68	90.0
1063.92	90.0
1146.92	90.0
1208.68	90.0
1322.76	90.0
1368.8	90.0
306.28	91.0
38.28	91.0
708.32	91.0
118.92	92.0
168.92	92.0
357.32	92.0
425.04	92.0
478.96	92.0
555.0	92.0
647.48	92.0
726.24	92.0
853.16	92.0
935.2	92.0
1114.56	92.0
1227.28	92.0
1300.56	92.0
1332.28	92.0
25.4	92.0
58.08	92.0
72.12	92.0
82.44	92.0
178.32	92.0
207.96	92.0
229.48	92.0
272.36	92.0
296.76	92.0
302.64	92.0
306.56	92.0
312.08	92.0
321.68	92.0
429.8	92.0
482.28	92.0
505.32	92.0
512.16	92.0
610.16	92.0
631.08	92.0
671.4	92.0
695.36	92.0
812.96	92.0
817.24	92.0
823.4	92.0
835.16	92.0
880.48	92.0
892.68	92.0
907.36	92.0
965.4	92.0
1019.48	92.0
1083.6	92.0
1087.76	92.0
1104.52	92.0
1155.72	92.0
1199.84	92.0
1275.2	92.0
1283.32	92.0
1352.72	92.0
1368.4	92.0
1380.44	92.0
1396.36	92.0
1406.48	92.0
208.2	93.0
264.84	93.0
291.28	93.0
531.24	93.0
604.28	93.0
1122.28	93.0
600.16	93.0
102.2	94.0
1151.8	94.0
127.12	94.0
183.32	94.0
290.84	94.0
630.76	94.0
693.12	94.0
764.48	94.0
791.12	94.0
858.52	94.0
942.48	94.0
985.48	94.0
1080.0	94.0
1173.92	94.0
1301.4	94.0
1364.48	94.0
231.56	95.0
251.12	95.0
278.72	95.0
307.72	95.0
445.48	95.0
652.84	95.0
825.92	95.0
1060.8	95.0
1241.96	95.0
1396.96	95.0
857.84	98.0
1036.48	98.0
110.68	99.0
281.08	99.0
306.36	99.0
711.04	99.0
753.56	99.0
966.96	99.0
1090.92	99.0
1096.68	99.0
1121.4	99.0
1367.76	99.0
208.68	100.0
281.28	100.0
594.2	100.0
805.16	100.0
958.96	100.0
965.8	100.0
1245.24	100.0
564.4	101.0
229.6	102.0
982.6	102.0
62.84	104.0
108.88	104.0
145.4	104.0
172.4	104.0
198.84	104.0
251.44	104.0
279.04	104.0
295.04	104.0
313.68	104.0
328.84	104.0
357.36	104.0
402.88	104.0
422.44	104.0
450.0	104.0
475.6	104.0
485.92	104.0
498.08	104.0
501.44	104.0
527.32	104.0
561.48	104.0
654.84	104.0
696.16	104.0
726.28	104.0
754.64	104.0
813.12	104.0
837.36	104.0
859.6	104.0
910.88	104.0
931.76	104.0
964.36	104.0
983.36	104.0
1035.6	104.0
1070.04	104.0
1118.16	104.0
1140.4	104.0
1175.12	104.0
1193.0	104.0
1341.68	104.0
1369.08	104.0
1401.96	104.0
635.32	107.0
858.04	107.0
7.96	107.0
58.68	107.0
189.12	107.0
196.52	107.0
225.28	107.0
250.24	107.0
285.2	107.0
306.76	107.0
326.68	107.0
438.56	107.0
601.32	107.0
609.92	107.0
712.96	107.0
787.56	107.0
835.04	107.0
962.96	107.0
1083.04	107.0
1156.84	107.0
1339.4	107.0
1397.28	107.0
307.52	108.0
16.44	108.0
98.32	108.0
229.08	108.0
251.84	108.0
292.04	108.0
554.76	108.0
707.28	108.0
760.36	108.0
782.92	108.0
881.6	108.0
1070.72	108.0
1105.56	108.0
1152.6	108.0
1289.36	108.0
127.44	109.0
158.08	109.0
307.72	109.0
1229.84	109.0
382.4	109.0
261.24	110.0
340.96	110.0
369.96	110.0
19.4	110.0
105.4	110.0
157.0	110.0
175.32	110.0
309.88	110.0
381.68	110.0
420.64	110.0
597.0	110.0
808.32	110.0
838.44	110.0
929.08	110.0
1091.88	110.0
1095.36	110.0
1124.24	110.0
1254.32	110.0
1303.24	110.0
1404.84	110.0
3.16	111.0
306.84	111.0
682.32	111.0
762.2	111.0
26.2	111.0
46.64	111.0
54.32	111.0
77.76	111.0
82.44	111.0
102.52	111.0
122.96	111.0
142.4	111.0
156.96	111.0
175.2	111.0
201.44	111.0
207.72	111.0
216.48	111.0
230.96	111.0
236.8	111.0
248.8	111.0
261.4	111.0
264.36	111.0
311.04	111.0
313.76	111.0
320.24	111.0
358.84	111.0
379.0	111.0
420.6	111.0
423.36	111.0
444.48	111.0
478.12	111.0
578.24	111.0
597.0	111.0
604.52	111.0
628.92	111.0
651.76	111.0
725.64	111.0
731.76	111.0
856.12	111.0
936.44	111.0
961.2	111.0
982.44	111.0
994.12	111.0
1019.36	111.0
1040.16	111.0
1117.76	111.0
1149.52	111.0
1207.04	111.0
1268.08	111.0
106.0	112.0
257.64	112.0
313.44	112.0
375.24	112.0
571.44	112.0
608.04	112.0
834.96	112.0
884.68	112.0
1401.4	112.0
564.16	113.0
378.52	113.0
307.92	114.0
378.36	114.0
930.6	114.0
105.6	115.0
686.08	115.0
761.68	115.0
1195.8	115.0
14.36	115.0
43.36	115.0
76.88	115.0
115.36	115.0
148.76	115.0
166.64	115.0
260.6	115.0
284.72	115.0
354.0	115.0
381.92	115.0
408.84	115.0
430.32	115.0
462.24	115.0
489.64	115.0
510.36	115.0
541.16	115.0
571.16	115.0
579.48	115.0
605.56	115.0
651.24	115.0
726.96	115.0
753.88	115.0
832.64	115.0
889.0	115.0
925.88	115.0
1026.16	115.0
1095.64	115.0
1124.48	115.0
1219.6	115.0
1254.76	115.0
1333.72	115.0
1405.12	115.0
104.24	116.0
156.8	116.0
189.8	116.0
275.76	116.0
444.6	116.0
529.6	116.0
558.8	116.0
626.96	116.0
978.76	116.0
1253.88	116.0
1299.2	116.0
4.68	116.0
80.6	116.0
210.96	116.0
306.36	116.0
308.92	116.0
316.48	116.0
346.08	116.0
434.84	116.0
502.12	116.0
570.08	116.0
596.92	116.0
638.72	116.0
685.8	116.0
761.8	116.0
769.76	116.0
807.88	116.0
860.6	116.0
884.28	116.0
906.08	116.0
959.8	116.0
1113.08	116.0
1117.4	116.0
1130.28	116.0
1154.32	116.0
1190.04	116.0
1248.0	116.0
1326.96	116.0
1399.12	116.0
1414.72	116.0
307.72	117.0
478.92	117.0
3.12	117.0
175.52	117.0
250.6	117.0
329.44	117.0
564.04	117.0
682.36	117.0
753.68	117.0
762.2	117.0
1344.52	117.0
105.6	118.0
306.56	118.0
322.52	118.0
1046.6	118.0
1120.04	118.0
1160.76	118.0
311.6	119.0
350.16	119.0
129.8	120.0
229.2	120.0
294.32	120.0
349.52	120.0
472.92	120.0
493.92	120.0
619.64	120.0
649.36	120.0
787.8	120.0
856.8	120.0
964.56	120.0
1019.56	120.0
1196.92	120.0
1400.88	120.0
