303.0	84.0
383.92	84.0
475.24	85.0
515.16	85.0
536.68	85.0
546.24	85.0
585.32	85.0
593.72	85.0
641.6	85.0
663.6	85.0
706.0	85.0
718.12	85.0
779.92	85.0
793.28	85.0
862.8	85.0
912.4	85.0
963.48	85.0
1058.32	85.0
1172.24	85.0
1237.0	85.0
1268.44	85.0
354.96	86.0
390.96	86.0
405.48	86.0
418.84	86.0
424.64	86.0
467.64	86.0
506.32	86.0
514.52	86.0
520.32	86.0
545.36	86.0
565.4	86.0
572.36	86.0
585.48	86.0
600.32	86.0
610.28	86.0
619.48	86.0
629.92	86.0
641.44	86.0
661.76	86.0
675.8	86.0
683.56	86.0
693.88	86.0
708.28	86.0
720.76	86.0
730.88	86.0
750.64	86.0
763.4	86.0
776.36	86.0
784.64	86.0
795.68	86.0
808.72	86.0
828.28	86.0
838.96	86.0
867.6	86.0
881.4	86.0
906.64	86.0
915.56	86.0
931.08	86.0
951.88	86.0
957.2	86.0
980.0	86.0
993.68	86.0
998.76	86.0
1013.52	86.0
1038.68	86.0
1049.32	86.0
1061.92	86.0
1071.88	86.0
1085.2	86.0
1092.12	86.0
1121.24	86.0
1145.92	86.0
1159.64	86.0
1168.92	86.0
1190.8	86.0
1203.36	86.0
1217.04	86.0
1239.52	86.0
1251.08	86.0
1258.44	86.0
1273.44	86.0
1298.96	86.0
1315.2	86.0
308.56	86.0
318.0	86.0
326.6	86.0
334.52	86.0
338.84	86.0
347.4	86.0
366.52	86.0
376.48	86.0
384.72	86.0
394.48	86.0
447.24	86.0
460.4	86.0
475.16	86.0
588.52	86.0
646.72	86.0
890.56	86.0
936.52	86.0
1117.6	86.0
1134.48	86.0
1281.84	86.0
337.2	87.0
306.84	87.0
312.88	87.0
321.72	87.0
325.24	87.0
327.92	87.0
333.92	87.0
346.48	87.0
359.12	87.0
367.0	87.0
370.72	87.0
374.52	87.0
379.0	87.0
391.52	87.0
399.12	87.0
411.64	87.0
419.72	87.0
428.64	87.0
446.28	87.0
450.64	87.0
460.72	87.0
470.04	87.0
481.56	87.0
487.76	87.0
549.0	87.0
569.24	87.0
590.72	87.0
605.96	87.0
648.12	87.0
795.04	87.0
822.12	87.0
844.04	87.0
895.28	87.0
936.36	87.0
1148.72	87.0
302.88	88.0
312.04	88.0
331.04	88.0
346.92	88.0
412.88	88.0
479.68	88.0
482.44	88.0
506.04	88.0
536.08	88.0
595.92	88.0
620.92	88.0
726.64	88.0
805.2	88.0
855.64	88.0
941.2	88.0
1031.36	88.0
1080.36	88.0
1094.6	88.0
1161.48	88.0
1311.24	88.0
307.48	88.0
324.4	88.0
338.24	88.0
358.2	88.0
361.04	88.0
368.12	88.0
389.08	88.0
497.28	88.0
554.28	88.0
567.4	88.0
735.64	88.0
777.88	88.0
862.4	88.0
879.68	88.0
951.52	88.0
979.52	88.0
1020.12	88.0
1022.76	88.0
1126.96	88.0
1182.2	88.0
1240.36	88.0
1270.28	88.0
375.8	89.0
835.44	89.0
1009.24	89.0
307.8	89.0
350.16	89.0
353.28	89.0
362.6	89.0
396.32	89.0
422.28	89.0
440.96	89.0
1098.84	89.0
1257.84	89.0
1303.96	89.0
323.76	90.0
308.36	90.0
313.12	90.0
334.84	90.0
345.08	90.0
349.84	90.0
367.08	90.0
385.36	90.0
431.2	90.0
440.64	90.0
459.48	90.0
560.04	90.0
618.16	90.0
853.96	90.0
936.96	90.0
1000.04	90.0
1031.84	90.0
1101.48	90.0
1116.92	90.0
1125.32	90.0
1214.0	90.0
1294.44	90.0
307.36	91.0
322.68	91.0
356.12	91.0
376.04	91.0
1221.0	91.0
322.92	92.0
333.16	92.0
556.08	92.0
658.48	92.0
712.72	92.0
768.6	92.0
881.52	92.0
1112.52	92.0
1204.12	92.0
1275.56	92.0
302.8	92.0
306.72	92.0
336.72	92.0
358.88	92.0
364.08	92.0
371.8	92.0
383.16	92.0
386.04	92.0
404.6	92.0
409.84	92.0
416.84	92.0
421.08	92.0
423.96	92.0
436.28	92.0
444.08	92.0
469.2	92.0
488.64	92.0
499.4	92.0
504.4	92.0
537.4	92.0
565.92	92.0
606.52	92.0
616.44	92.0
646.32	92.0
716.52	92.0
731.28	92.0
800.84	92.0
858.2	92.0
895.52	92.0
955.76	92.0
978.96	92.0
995.8	92.0
1001.96	92.0
1017.72	92.0
1025.32	92.0
1029.12	92.0
1082.76	92.0
1094.4	92.0
1178.16	92.0
1233.28	92.0
1261.92	92.0
1304.04	92.0
306.36	93.0
323.28	93.0
330.12	93.0
345.04	93.0
351.2	93.0
359.44	93.0
366.0	93.0
370.68	93.0
378.6	93.0
384.4	93.0
393.88	93.0
406.28	93.0
412.96	93.0
443.4	93.0
450.2	93.0
457.92	93.0
487.24	93.0
520.08	93.0
532.72	93.0
570.28	93.0
936.16	93.0
1065.64	93.0
1120.72	93.0
1168.08	93.0
1191.52	93.0
1220.68	93.0
1266.68	93.0
332.96	93.0
314.76	94.0
321.96	94.0
329.96	94.0
347.2	94.0
352.04	94.0
383.44	94.0
396.88	94.0
423.44	94.0
473.32	94.0
566.12	94.0
751.0	94.0
816.0	94.0
835.28	94.0
934.36	94.0
940.32	94.0
1076.8	94.0
1087.0	94.0
1100.92	94.0
1171.6	94.0
1217.4	94.0
1266.12	94.0
349.8	95.0
352.56	95.0
307.84	95.0
329.12	95.0
343.6	95.0
362.16	95.0
437.8	95.0
662.0	95.0
914.6	95.0
1007.56	95.0
1205.24	95.0
1266.36	95.0
1314.36	95.0
306.76	96.0
383.28	96.0
306.08	97.0
314.64	97.0
387.12	97.0
324.64	97.0
328.72	97.0
663.64	97.0
704.76	97.0
727.76	97.0
752.72	97.0
771.56	97.0
789.28	97.0
814.28	97.0
836.56	97.0
856.84	97.0
889.64	97.0
909.88	97.0
960.08	97.0
1045.36	97.0
351.48	98.0
369.88	98.0
307.04	99.0
312.32	99.0
322.48	99.0
326.36	99.0
331.32	99.0
334.64	99.0
346.8	99.0
349.92	99.0
355.12	99.0
377.76	99.0
405.92	99.0
807.96	99.0
929.76	99.0
1080.2	99.0
1173.44	99.0
1216.8	99.0
1314.28	99.0
307.24	100.0
313.84	100.0
323.64	100.0
331.48	100.0
337.64	100.0
344.96	100.0
347.72	100.0
355.76	100.0
782.56	100.0
882.64	100.0
919.08	100.0
992.24	100.0
1078.8	100.0
1218.64	100.0
1232.52	100.0
1311.52	100.0
308.4	101.0
312.48	101.0
323.68	101.0
337.12	101.0
351.6	101.0
356.76	101.0
374.72	101.0
414.48	101.0
347.92	102.0
312.32	102.0
956.08	102.0
394.72	103.0
327.0	103.0
338.28	103.0
355.36	103.0
422.32	103.0
460.12	103.0
698.2	103.0
352.24	104.0
394.72	104.0
421.48	104.0
438.08	104.0
325.04	104.0
329.12	104.0
333.76	104.0
342.0	104.0
368.12	104.0
372.72	104.0
376.16	104.0
382.92	104.0
404.32	104.0
425.16	104.0
459.44	104.0
474.72	104.0
486.28	104.0
495.64	104.0
508.04	104.0
523.48	104.0
541.88	104.0
563.2	104.0
622.56	104.0
703.2	104.0
756.72	104.0
795.52	104.0
818.44	104.0
838.0	104.0
872.72	104.0
905.48	104.0
914.04	104.0
934.72	104.0
937.36	104.0
963.68	104.0
999.24	104.0
1045.4	104.0
1068.84	104.0
1118.2	104.0
1151.12	104.0
1191.88	104.0
1214.44	104.0
1240.72	104.0
322.52	106.0
362.48	106.0
426.24	106.0
314.2	107.0
322.16	107.0
327.88	107.0
332.0	107.0
343.08	107.0
354.72	107.0
359.2	107.0
371.12	107.0
382.44	107.0
394.52	107.0
405.56	107.0
442.4	107.0
472.28	107.0
482.36	107.0
518.48	107.0
546.0	107.0
566.8	107.0
583.76	107.0
623.88	107.0
698.2	107.0
939.12	107.0
991.16	107.0
1143.2	107.0
1173.24	107.0
308.12	108.0
354.96	108.0
325.08	108.0
332.2	108.0
336.92	108.0
342.4	108.0
349.0	108.0
363.16	108.0
376.2	108.0
434.28	108.0
463.04	108.0
542.88	108.0
693.6	108.0
753.2	108.0
817.36	108.0
1307.28	108.0
322.56	109.0
352.56	109.0
366.92	109.0
384.96	109.0
473.64	109.0
1196.56	109.0
313.2	109.0
347.72	109.0
357.44	109.0
342.12	110.0
345.28	110.0
375.76	110.0
422.48	110.0
449.28	110.0
511.52	110.0
308.96	110.0
347.8	110.0
401.16	110.0
405.24	110.0
434.72	110.0
492.8	110.0
641.92	110.0
932.72	110.0
993.8	110.0
1144.4	110.0
1258.88	110.0
307.24	111.0
345.76	111.0
380.76	111.0
314.2	111.0
328.48	111.0
336.4	111.0
348.64	111.0
355.96	111.0
359.8	111.0
367.12	111.0
374.56	111.0
384.44	111.0
390.8	111.0
399.16	111.0
475.12	111.0
554.76	111.0
571.28	111.0
609.44	111.0
622.0	111.0
633.48	111.0
677.36	111.0
689.76	111.0
701.84	111.0
716.68	111.0
734.6	111.0
755.08	111.0
770.6	111.0
832.68	111.0
870.04	111.0
912.96	111.0
915.88	111.0
928.76	111.0
936.92	111.0
1014.68	111.0
1074.16	111.0
1095.24	111.0
1098.76	111.0
1101.48	111.0
1115.2	111.0
1143.24	111.0
1169.08	111.0
1191.24	111.0
1207.88	111.0
1214.44	111.0
1217.6	111.0
1221.88	111.0
1236.92	111.0
1263.68	111.0
1274.04	111.0
1284.32	111.0
1286.96	111.0
328.32	112.0
403.36	112.0
449.76	112.0
459.4	112.0
537.52	112.0
608.48	112.0
833.52	112.0
1046.64	112.0
1246.64	112.0
347.32	113.0
324.8	113.0
328.04	113.0
338.8	113.0
425.4	113.0
434.76	113.0
439.12	113.0
457.84	113.0
498.84	113.0
308.04	114.0
313.12	114.0
327.64	114.0
331.96	114.0
335.0	114.0
346.24	114.0
352.64	114.0
357.44	114.0
366.28	114.0
380.76	114.0
415.04	114.0
560.36	114.0
330.36	115.0
337.76	115.0
348.0	115.0
390.32	115.0
416.28	115.0
853.56	115.0
307.92	115.0
324.76	115.0
343.8	115.0
351.72	115.0
361.04	115.0
367.12	115.0
381.12	115.0
383.68	115.0
401.48	115.0
434.96	115.0
464.64	115.0
535.12	115.0
550.64	115.0
576.56	115.0
591.12	115.0
729.52	115.0
781.6	115.0
802.2	115.0
822.88	115.0
962.36	115.0
994.04	115.0
1051.2	115.0
1075.36	115.0
1186.4	115.0
1240.92	115.0
1259.16	115.0
1308.64	115.0
338.64	116.0
374.56	116.0
464.76	116.0
1075.16	116.0
1217.68	116.0
307.88	116.0
325.6	116.0
329.32	116.0
335.48	116.0
344.04	116.0
347.96	116.0
350.6	116.0
353.12	116.0
357.24	116.0
361.0	116.0
364.2	116.0
379.92	116.0
386.84	116.0
389.76	116.0
407.68	116.0
421.96	116.0
429.44	116.0
449.12	116.0
479.72	116.0
512.4	116.0
530.84	116.0
556.0	116.0
568.32	116.0
585.8	116.0
608.2	116.0
624.04	116.0
633.44	116.0
638.24	116.0
657.52	116.0
784.76	116.0
963.08	116.0
978.28	116.0
995.16	116.0
1068.76	116.0
1113.96	116.0
1128.52	116.0
1190.32	116.0
1235.52	116.0
1268.56	116.0
1314.04	116.0
358.68	117.0
367.0	117.0
374.52	117.0
413.72	117.0
441.0	117.0
312.4	117.0
329.16	117.0
338.24	117.0
342.44	117.0
349.2	117.0
574.24	117.0
902.96	117.0
985.4	117.0
1048.24	117.0
1216.4	117.0
306.44	118.0
324.84	118.0
328.48	118.0
336.88	118.0
347.16	118.0
355.64	118.0
365.6	118.0
373.6	118.0
389.52	118.0
395.24	118.0
401.44	118.0
411.52	118.0
425.8	118.0
434.0	118.0
458.92	118.0
486.04	118.0
504.6	118.0
806.12	118.0
861.76	118.0
930.32	118.0
957.64	118.0
989.96	118.0
1000.16	118.0
1040.68	118.0
1063.76	118.0
1124.72	118.0
1231.76	118.0
1253.84	118.0
1268.0	118.0
318.0	119.0
329.88	119.0
352.8	119.0
357.2	119.0
360.16	119.0
443.8	119.0
503.8	119.0
542.2	119.0
314.16	120.0
327.4	120.0
336.32	120.0
348.16	120.0
354.84	120.0
365.44	120.0
373.92	120.0
458.84	120.0
554.68	120.0
566.2	120.0
793.48	120.0
916.2	120.0
1159.8	120.0
