239.96	84.0
307.16	84.0
318.48	84.0
333.84	84.0
265.0	85.0
309.04	85.0
333.52	85.0
352.48	85.0
377.84	85.0
45.8	86.0
60.68	86.0
133.0	86.0
150.64	86.0
196.96	86.0
230.92	86.0
238.4	86.0
256.72	86.0
286.12	86.0
338.2	86.0
349.12	86.0
392.76	86.0
416.92	86.0
424.04	86.0
452.8	86.0
467.4	86.0
482.84	86.0
507.92	86.0
525.4	86.0
616.6	86.0
640.88	86.0
686.0	86.0
693.76	86.0
775.16	86.0
310.96	86.0
317.88	86.0
324.04	86.0
332.72	86.0
343.44	86.0
354.6	86.0
377.88	86.0
386.8	86.0
336.92	87.0
64.44	87.0
120.0	87.0
209.56	87.0
251.28	87.0
306.92	87.0
309.8	87.0
317.08	87.0
321.48	87.0
325.88	87.0
332.56	87.0
342.52	87.0
358.44	87.0
372.92	87.0
384.76	87.0
431.76	87.0
782.08	87.0
234.28	88.0
281.24	88.0
303.0	88.0
326.16	88.0
387.32	88.0
466.2	88.0
683.2	88.0
1028.64	88.0
1174.24	88.0
117.8	88.0
185.68	88.0
262.72	88.0
289.92	88.0
317.48	88.0
320.0	88.0
458.92	88.0
462.28	88.0
590.8	88.0
662.44	88.0
693.44	88.0
896.36	88.0
927.56	88.0
1149.96	88.0
275.16	89.0
306.08	89.0
310.08	89.0
337.44	89.0
350.56	89.0
437.88	89.0
470.88	89.0
53.0	90.0
60.04	90.0
154.4	90.0
171.64	90.0
231.96	90.0
244.88	90.0
350.2	90.0
520.4	90.0
540.36	90.0
554.6	90.0
634.92	90.0
681.04	90.0
706.92	90.0
242.52	92.0
328.04	92.0
687.92	92.0
1041.64	92.0
1344.8	92.0
81.96	92.0
162.92	92.0
171.8	92.0
207.48	92.0
224.12	92.0
258.96	92.0
279.8	92.0
302.68	92.0
318.72	92.0
331.4	92.0
376.96	92.0
391.48	92.0
455.36	92.0
555.64	92.0
729.64	92.0
765.76	92.0
781.56	92.0
833.32	92.0
867.24	92.0
997.0	92.0
1051.16	92.0
1131.84	92.0
1180.28	92.0
323.68	93.0
697.92	93.0
733.84	93.0
892.84	93.0
320.0	93.0
320.96	94.0
323.6	94.0
515.96	94.0
23.56	94.0
312.32	94.0
315.56	94.0
332.0	94.0
381.36	94.0
394.52	94.0
436.56	94.0
483.04	94.0
541.88	94.0
117.8	95.0
689.56	95.0
817.12	95.0
309.16	96.0
253.16	97.0
308.36	97.0
323.92	97.0
334.52	97.0
344.84	97.0
352.8	97.0
378.0	97.0
771.16	97.0
269.88	98.0
306.2	99.0
313.44	99.0
321.44	99.0
330.32	99.0
333.36	99.0
337.4	99.0
345.68	99.0
368.72	99.0
395.08	99.0
994.36	99.0
42.2	100.0
104.72	100.0
499.8	100.0
552.44	100.0
608.4	100.0
736.76	100.0
819.6	100.0
973.88	100.0
1065.12	100.0
322.96	101.0
320.96	103.0
347.48	103.0
212.16	103.0
319.84	104.0
322.84	104.0
555.44	104.0
62.6	104.0
235.52	104.0
314.32	104.0
329.48	104.0
336.12	104.0
344.6	104.0
356.44	104.0
391.24	104.0
450.28	104.0
758.0	104.0
254.32	106.0
375.8	107.0
92.2	107.0
311.04	107.0
330.28	107.0
343.4	107.0
350.96	107.0
84.36	108.0
112.24	108.0
307.52	108.0
319.68	108.0
336.4	108.0
344.64	108.0
377.88	108.0
416.32	108.0
434.6	108.0
494.96	108.0
648.4	108.0
741.36	108.0
171.32	109.0
285.8	109.0
324.24	109.0
308.08	110.0
365.84	110.0
146.52	110.0
241.08	110.0
343.52	110.0
598.08	110.0
714.16	110.0
733.36	110.0
752.28	110.0
956.84	110.0
1267.12	110.0
258.64	111.0
19.36	111.0
110.8	111.0
176.64	111.0
262.28	111.0
308.6	111.0
314.0	111.0
320.92	111.0
323.48	111.0
338.68	111.0
343.4	111.0
347.44	111.0
357.56	111.0
366.0	111.0
374.48	111.0
381.64	111.0
387.28	111.0
431.24	111.0
664.32	111.0
887.4	111.0
465.56	112.0
350.96	113.0
348.64	114.0
312.08	114.0
315.24	114.0
343.52	115.0
59.16	115.0
146.76	115.0
260.72	115.0
307.76	115.0
319.2	115.0
338.72	115.0
357.88	115.0
450.36	115.0
497.28	115.0
548.64	115.0
598.32	115.0
623.76	115.0
646.24	115.0
666.96	115.0
684.76	115.0
714.36	115.0
733.6	115.0
752.52	115.0
773.56	115.0
793.68	115.0
820.6	115.0
839.36	115.0
859.24	115.0
881.28	115.0
904.32	115.0
930.4	115.0
957.12	115.0
976.76	115.0
1000.72	115.0
1029.32	115.0
1059.88	115.0
1082.96	115.0
1105.76	115.0
1136.0	115.0
1174.56	115.0
1203.48	115.0
1267.4	115.0
180.0	116.0
316.72	116.0
345.24	116.0
443.04	116.0
553.92	116.0
556.52	116.0
45.6	116.0
108.36	116.0
145.68	116.0
219.08	116.0
235.92	116.0
247.2	116.0
306.76	116.0
312.96	116.0
323.84	116.0
331.56	116.0
336.2	116.0
350.96	116.0
366.16	116.0
391.2	116.0
406.96	116.0
415.04	116.0
436.32	116.0
460.08	116.0
613.32	116.0
634.0	116.0
689.28	116.0
740.6	116.0
1146.88	116.0
1187.56	116.0
321.0	117.0
400.4	117.0
460.28	117.0
310.24	118.0
324.96	118.0
108.56	118.0
244.16	118.0
319.44	118.0
327.84	118.0
335.72	118.0
342.24	118.0
350.64	118.0
372.12	118.0
385.52	118.0
390.16	118.0
395.08	118.0
418.84	118.0
438.72	118.0
446.68	118.0
519.2	118.0
879.72	118.0
311.52	119.0
364.52	119.0
379.96	119.0
506.36	119.0
605.04	119.0
165.04	120.0
234.64	120.0
258.96	120.0
262.68	120.0
308.48	120.0
324.2	120.0
465.12	120.0
692.32	120.0
