115.28	84.0
146.4	84.0
412.16	84.0
78.76	85.0
134.28	85.0
170.8	85.0
223.76	85.0
290.48	85.0
477.56	85.0
821.4	85.0
1068.4	85.0
1145.52	85.0
1257.88	85.0
3.32	86.0
8.88	86.0
17.72	86.0
36.08	86.0
45.6	86.0
54.92	86.0
64.24	86.0
71.84	86.0
86.04	86.0
108.4	86.0
121.96	86.0
131.0	86.0
140.36	86.0
166.16	86.0
191.4	86.0
202.32	86.0
213.8	86.0
227.12	86.0
251.88	86.0
277.12	86.0
330.8	86.0
338.92	86.0
351.8	86.0
363.16	86.0
373.52	86.0
385.72	86.0
401.28	86.0
405.88	86.0
411.32	86.0
432.2	86.0
443.8	86.0
457.28	86.0
474.8	86.0
498.68	86.0
529.84	86.0
569.08	86.0
669.08	86.0
686.08	86.0
739.48	86.0
769.32	86.0
794.32	86.0
821.44	86.0
845.2	86.0
890.4	86.0
911.04	86.0
923.2	86.0
948.48	86.0
1001.04	86.0
1007.52	86.0
1032.88	86.0
1049.8	86.0
1134.08	86.0
1143.52	86.0
1160.56	86.0
1177.64	86.0
1193.2	86.0
1226.0	86.0
1246.32	86.0
1252.44	86.0
1284.04	86.0
1347.52	86.0
1355.08	86.0
1397.24	86.0
25.72	86.0
298.88	86.0
312.48	86.0
317.68	86.0
341.52	86.0
427.8	86.0
513.56	86.0
935.16	86.0
979.76	86.0
1039.12	86.0
1087.92	86.0
1311.2	86.0
14.48	87.0
35.4	87.0
45.92	87.0
77.36	87.0
92.68	87.0
104.6	87.0
115.24	87.0
133.36	87.0
144.64	87.0
173.84	87.0
195.52	87.0
219.72	87.0
259.08	87.0
306.56	87.0
311.2	87.0
356.84	87.0
390.48	87.0
494.52	87.0
570.72	87.0
686.44	87.0
712.2	87.0
795.76	87.0
831.08	87.0
978.36	87.0
1004.68	87.0
1035.16	87.0
1066.04	87.0
1093.76	87.0
1111.16	87.0
1229.16	87.0
1282.88	87.0
1309.08	87.0
1368.28	87.0
1412.36	87.0
139.52	88.0
177.8	88.0
203.64	88.0
254.2	88.0
302.96	88.0
461.04	88.0
504.0	88.0
535.88	88.0
623.76	88.0
663.28	88.0
763.04	88.0
820.0	88.0
1221.8	88.0
1301.84	88.0
1348.64	88.0
1395.64	88.0
22.88	88.0
33.12	88.0
89.68	88.0
111.8	88.0
114.36	88.0
160.68	88.0
191.92	88.0
196.48	88.0
208.24	88.0
218.04	88.0
223.12	88.0
280.6	88.0
285.0	88.0
315.2	88.0
348.56	88.0
492.28	88.0
714.56	88.0
871.36	88.0
896.36	88.0
1026.2	88.0
1125.68	88.0
1140.0	88.0
1251.56	88.0
1305.8	88.0
1330.68	88.0
1370.64	88.0
5.0	89.0
73.72	89.0
111.8	89.0
204.44	89.0
316.52	89.0
325.12	89.0
1200.2	89.0
37.04	90.0
85.8	90.0
111.52	90.0
123.24	90.0
180.44	90.0
264.04	90.0
290.6	90.0
311.12	90.0
324.84	90.0
362.2	90.0
370.44	90.0
537.8	90.0
681.84	90.0
713.12	90.0
767.88	90.0
899.76	90.0
948.68	90.0
1078.36	90.0
1199.88	90.0
1324.8	90.0
1391.52	90.0
1098.32	92.0
1167.2	92.0
1395.24	92.0
50.84	92.0
115.64	92.0
162.68	92.0
171.28	92.0
195.92	92.0
211.96	92.0
226.72	92.0
246.36	92.0
274.28	92.0
302.6	92.0
309.48	92.0
354.24	92.0
374.96	92.0
391.72	92.0
415.76	92.0
424.8	92.0
487.28	92.0
521.44	92.0
540.36	92.0
563.16	92.0
695.48	92.0
821.68	92.0
848.16	92.0
853.64	92.0
892.8	92.0
905.8	92.0
949.2	92.0
980.12	92.0
1023.56	92.0
1030.84	92.0
1137.88	92.0
1278.52	92.0
1308.84	92.0
1330.92	92.0
1362.48	92.0
1373.44	92.0
7.56	93.0
40.56	93.0
77.76	93.0
113.24	93.0
132.8	93.0
148.04	93.0
170.16	93.0
278.52	93.0
302.56	93.0
430.2	93.0
453.8	93.0
474.76	93.0
498.72	93.0
570.36	93.0
768.0	93.0
794.6	93.0
820.44	93.0
874.68	93.0
1107.76	93.0
1142.04	93.0
1282.16	93.0
1347.24	93.0
1355.64	93.0
1395.12	93.0
40.16	94.0
147.92	94.0
186.52	94.0
408.52	94.0
453.16	94.0
501.2	94.0
605.12	94.0
644.32	94.0
776.08	94.0
892.0	94.0
925.52	94.0
999.16	94.0
1308.32	94.0
1396.36	94.0
39.88	95.0
169.44	95.0
239.76	95.0
290.68	95.0
324.84	95.0
393.96	95.0
474.92	95.0
501.24	95.0
578.92	95.0
688.48	95.0
766.08	95.0
878.64	95.0
960.12	95.0
1054.72	95.0
1171.12	95.0
1253.76	95.0
306.88	97.0
39.6	97.0
312.72	97.0
406.32	97.0
1248.2	97.0
1281.44	97.0
1303.52	97.0
412.44	98.0
954.48	98.0
74.4	99.0
306.32	99.0
315.44	99.0
325.68	99.0
424.48	99.0
1310.36	99.0
112.76	100.0
18.6	100.0
132.2	100.0
276.24	100.0
367.24	100.0
511.4	100.0
657.84	100.0
757.68	100.0
824.0	100.0
858.96	100.0
912.64	100.0
940.6	100.0
995.88	100.0
1078.0	100.0
1159.56	100.0
1229.08	100.0
1283.0	100.0
1329.96	100.0
1379.44	100.0
302.96	101.0
6.08	101.0
57.4	101.0
132.44	101.0
923.4	101.0
994.08	102.0
9.2	103.0
39.12	104.0
56.52	104.0
73.32	104.0
97.76	104.0
103.16	104.0
129.56	104.0
147.24	104.0
150.08	104.0
168.72	104.0
188.68	104.0
225.32	104.0
256.84	104.0
281.16	104.0
295.12	104.0
317.12	104.0
326.76	104.0
374.16	104.0
381.76	104.0
409.16	104.0
431.08	104.0
474.44	104.0
500.56	104.0
596.64	104.0
615.08	104.0
709.88	104.0
767.96	104.0
796.16	104.0
820.48	104.0
855.2	104.0
871.84	104.0
905.32	104.0
962.0	104.0
981.44	104.0
1111.36	104.0
1137.08	104.0
1234.48	104.0
1282.28	104.0
1354.4	104.0
1404.92	104.0
37.56	106.0
226.0	106.0
253.32	106.0
325.92	106.0
306.04	107.0
1268.0	107.0
37.04	108.0
279.36	108.0
509.4	108.0
637.28	108.0
823.64	108.0
938.24	108.0
1265.48	108.0
1362.8	108.0
1411.6	108.0
4.48	109.0
290.4	109.0
792.96	109.0
1324.52	109.0
497.96	109.0
17.6	110.0
134.4	110.0
220.44	110.0
460.72	110.0
581.72	110.0
660.92	110.0
939.28	110.0
1309.48	110.0
306.88	111.0
380.36	111.0
697.12	111.0
860.44	111.0
1305.4	111.0
4.32	111.0
9.24	111.0
26.08	111.0
36.24	111.0
39.4	111.0
57.16	111.0
66.88	111.0
71.6	111.0
81.64	111.0
89.08	111.0
96.12	111.0
113.16	111.0
125.48	111.0
134.08	111.0
146.6	111.0
150.76	111.0
175.68	111.0
188.6	111.0
199.8	111.0
224.2	111.0
230.32	111.0
239.32	111.0
252.76	111.0
267.24	111.0
276.24	111.0
302.8	111.0
312.04	111.0
326.44	111.0
353.4	111.0
373.6	111.0
385.72	111.0
388.92	111.0
404.24	111.0
428.8	111.0
442.32	111.0
464.56	111.0
474.32	111.0
498.4	111.0
529.24	111.0
545.12	111.0
595.04	111.0
613.48	111.0
678.2	111.0
700.68	111.0
726.24	111.0
766.88	111.0
792.4	111.0
820.56	111.0
847.08	111.0
875.12	111.0
903.36	111.0
965.56	111.0
982.4	111.0
1045.44	111.0
1065.96	111.0
1092.44	111.0
1117.08	111.0
1285.92	111.0
1401.84	111.0
149.64	112.0
1066.28	112.0
307.76	114.0
97.96	114.0
4.64	115.0
35.64	115.0
149.92	115.0
55.44	115.0
77.28	115.0
85.84	115.0
186.56	115.0
198.08	115.0
244.0	115.0
277.64	115.0
292.0	115.0
309.36	115.0
327.64	115.0
351.0	115.0
378.28	115.0
402.84	115.0
414.24	115.0
428.56	115.0
447.6	115.0
475.96	115.0
497.12	115.0
548.72	115.0
569.48	115.0
582.04	115.0
661.12	115.0
681.6	115.0
697.28	115.0
747.0	115.0
766.8	115.0
818.88	115.0
848.88	115.0
872.8	115.0
939.6	115.0
968.92	115.0
1010.92	115.0
1026.2	115.0
1044.36	115.0
1063.92	115.0
1073.84	115.0
1089.2	115.0
1126.64	115.0
1152.16	115.0
1182.4	115.0
1222.2	115.0
1255.96	115.0
1283.84	115.0
1303.44	115.0
1346.68	115.0
1390.8	115.0
109.84	116.0
130.52	116.0
133.64	116.0
895.28	116.0
3.4	116.0
15.28	116.0
32.84	116.0
37.0	116.0
49.36	116.0
74.04	116.0
84.28	116.0
100.8	116.0
112.76	116.0
123.6	116.0
167.2	116.0
180.56	116.0
216.48	116.0
279.0	116.0
307.92	116.0
310.6	116.0
318.56	116.0
326.04	116.0
370.72	116.0
447.76	116.0
476.76	116.0
500.8	116.0
523.16	116.0
578.68	116.0
673.64	116.0
760.8	116.0
767.48	116.0
827.64	116.0
845.72	116.0
863.56	116.0
901.52	116.0
999.6	116.0
1026.08	116.0
1040.24	116.0
1081.76	116.0
1222.44	116.0
1250.08	116.0
1309.72	116.0
1383.52	116.0
318.68	117.0
380.52	117.0
697.16	117.0
1145.6	117.0
1305.44	117.0
1165.0	118.0
2.6	118.0
28.4	118.0
50.48	118.0
68.84	118.0
87.04	118.0
101.12	118.0
157.28	118.0
179.08	118.0
209.76	118.0
322.08	118.0
350.12	118.0
551.6	118.0
871.2	118.0
1037.96	118.0
1138.84	118.0
1301.16	118.0
1390.0	118.0
59.68	119.0
311.6	119.0
316.24	119.0
794.04	119.0
10.4	120.0
34.88	120.0
83.16	120.0
150.12	120.0
201.52	120.0
307.84	120.0
479.0	120.0
733.08	120.0
1033.36	120.0
1065.76	120.0
1230.04	120.0
