88.28	84.0
314.88	84.0
346.68	84.0
369.72	84.0
399.08	84.0
492.88	84.0
693.76	84.0
720.88	84.0
755.04	84.0
780.24	84.0
820.4	84.0
851.8	84.0
899.6	84.0
944.44	84.0
994.96	84.0
1068.96	84.0
1118.88	84.0
1183.48	84.0
1244.24	84.0
1283.64	84.0
348.28	85.0
571.76	85.0
673.56	85.0
15.96	86.0
22.88	86.0
36.36	86.0
51.84	86.0
67.84	86.0
81.36	86.0
116.8	86.0
149.92	86.0
159.04	86.0
171.2	86.0
220.36	86.0
232.44	86.0
242.76	86.0
257.24	86.0
283.88	86.0
308.8	86.0
341.88	86.0
354.4	86.0
362.6	86.0
382.96	86.0
389.24	86.0
406.84	86.0
420.48	86.0
441.76	86.0
459.48	86.0
492.52	86.0
516.0	86.0
538.04	86.0
563.4	86.0
586.08	86.0
598.8	86.0
620.88	86.0
630.04	86.0
669.12	86.0
683.88	86.0
720.92	86.0
726.52	86.0
734.4	86.0
745.44	86.0
773.84	86.0
786.56	86.0
796.2	86.0
827.08	86.0
844.68	86.0
853.76	86.0
868.28	86.0
891.92	86.0
946.08	86.0
954.88	86.0
970.72	86.0
984.28	86.0
1000.96	86.0
1023.96	86.0
1048.36	86.0
1076.0	86.0
1087.24	86.0
1172.16	86.0
1203.88	86.0
1228.48	86.0
1244.4	86.0
1252.48	86.0
1271.96	86.0
1302.44	86.0
312.08	86.0
320.84	86.0
323.56	86.0
334.48	86.0
346.56	86.0
393.04	86.0
395.6	86.0
919.84	86.0
112.36	87.0
146.72	87.0
217.24	87.0
231.16	87.0
306.4	87.0
310.28	87.0
314.84	87.0
323.72	87.0
330.24	87.0
345.6	87.0
651.0	87.0
675.72	87.0
695.92	87.0
716.64	87.0
944.48	87.0
972.32	87.0
1047.4	87.0
1065.24	87.0
1123.36	87.0
1146.48	87.0
1257.36	87.0
245.4	88.0
298.12	88.0
310.36	88.0
336.64	88.0
456.56	88.0
568.0	88.0
612.16	88.0
704.0	88.0
994.0	88.0
1153.2	88.0
1179.76	88.0
1217.2	88.0
49.12	88.0
59.92	88.0
133.24	88.0
172.48	88.0
381.64	88.0
394.6	88.0
422.08	88.0
526.8	88.0
631.08	88.0
648.72	88.0
733.64	88.0
756.16	88.0
798.48	88.0
859.4	88.0
913.56	88.0
1028.56	88.0
1302.04	88.0
108.44	89.0
294.8	89.0
667.36	89.0
728.44	89.0
804.08	89.0
914.8	89.0
1069.52	89.0
1226.16	89.0
1032.2	90.0
10.4	90.0
47.56	90.0
176.04	90.0
294.48	90.0
316.96	90.0
360.0	90.0
516.2	90.0
536.68	90.0
634.28	90.0
667.04	90.0
728.12	90.0
803.8	90.0
842.08	90.0
870.88	90.0
905.64	90.0
918.4	90.0
998.04	90.0
1168.72	90.0
1225.84	90.0
1305.24	90.0
1312.16	90.0
43.52	92.0
74.12	92.0
90.6	92.0
101.2	92.0
115.84	92.0
140.04	92.0
157.88	92.0
178.84	92.0
208.08	92.0
220.4	92.0
235.36	92.0
257.32	92.0
267.4	92.0
302.64	92.0
413.32	92.0
427.08	92.0
447.56	92.0
463.68	92.0
480.68	92.0
493.44	92.0
508.8	92.0
535.76	92.0
557.56	92.0
564.24	92.0
583.56	92.0
595.08	92.0
599.72	92.0
612.12	92.0
641.76	92.0
652.88	92.0
691.8	92.0
733.12	92.0
822.52	92.0
835.64	92.0
847.8	92.0
908.4	92.0
925.8	92.0
973.0	92.0
1026.12	92.0
1051.68	92.0
1106.64	92.0
1115.52	92.0
1123.08	92.0
1139.96	92.0
1185.24	92.0
1292.48	92.0
52.72	93.0
148.2	93.0
218.76	93.0
272.12	93.0
330.64	93.0
461.96	93.0
496.0	93.0
621.76	93.0
650.64	93.0
755.96	93.0
779.36	93.0
823.6	93.0
859.92	93.0
886.2	93.0
914.08	93.0
946.6	93.0
970.16	93.0
998.48	93.0
1189.04	93.0
1224.24	93.0
1250.6	93.0
1293.96	93.0
4.52	94.0
212.44	94.0
263.6	94.0
369.32	94.0
425.84	94.0
491.28	94.0
545.4	94.0
594.8	94.0
723.72	94.0
772.6	94.0
805.92	94.0
833.32	94.0
943.64	94.0
948.72	94.0
1205.8	94.0
1257.08	94.0
69.6	95.0
163.44	95.0
210.56	95.0
313.16	95.0
464.12	95.0
625.12	95.0
756.48	95.0
1034.68	95.0
1191.08	95.0
1250.04	95.0
308.12	97.0
268.24	97.0
314.64	97.0
319.8	97.0
345.36	97.0
447.04	97.0
666.36	97.0
840.0	97.0
1027.04	97.0
1309.28	97.0
307.48	98.0
310.08	98.0
350.28	98.0
914.64	99.0
314.92	99.0
326.8	99.0
343.6	99.0
464.52	99.0
734.48	99.0
1115.92	99.0
1258.52	99.0
86.6	100.0
149.12	100.0
285.64	100.0
307.16	100.0
427.04	100.0
485.08	100.0
512.8	100.0
579.6	100.0
593.52	100.0
646.56	100.0
714.12	100.0
778.88	100.0
820.88	100.0
840.44	100.0
907.24	100.0
948.68	100.0
1032.16	100.0
1111.12	100.0
1181.68	100.0
1220.08	100.0
1224.16	100.0
1287.72	100.0
325.96	102.0
723.36	102.0
951.08	102.0
967.16	103.0
6.2	104.0
18.6	104.0
213.32	104.0
271.92	104.0
290.12	104.0
312.36	104.0
321.84	104.0
338.88	104.0
377.12	104.0
397.52	104.0
442.64	104.0
508.4	104.0
652.72	104.0
674.92	104.0
717.36	104.0
768.64	104.0
836.76	104.0
873.96	104.0
919.04	104.0
966.88	104.0
1073.12	104.0
1138.16	104.0
1219.32	104.0
1253.48	104.0
204.84	106.0
270.28	106.0
462.68	106.0
816.8	106.0
1121.36	106.0
324.72	107.0
78.04	107.0
945.88	107.0
953.12	107.0
1221.88	107.0
1249.32	107.0
320.04	108.0
215.72	108.0
274.36	108.0
307.36	108.0
414.92	108.0
482.44	108.0
644.12	108.0
783.36	108.0
876.32	108.0
996.4	108.0
1228.32	108.0
590.24	109.0
1272.4	109.0
345.68	110.0
140.28	110.0
315.36	110.0
558.44	110.0
590.96	110.0
614.16	110.0
630.64	110.0
665.72	110.0
911.52	110.0
945.12	110.0
1287.88	110.0
189.56	111.0
306.96	111.0
316.68	111.0
577.12	111.0
816.36	111.0
911.36	111.0
1132.64	111.0
1227.52	111.0
3.48	111.0
41.28	111.0
60.64	111.0
74.52	111.0
95.72	111.0
116.32	111.0
144.8	111.0
160.64	111.0
187.04	111.0
209.16	111.0
235.32	111.0
250.36	111.0
269.4	111.0
289.56	111.0
302.8	111.0
330.2	111.0
375.8	111.0
491.6	111.0
592.16	111.0
651.0	111.0
672.08	111.0
720.36	111.0
754.12	111.0
824.6	111.0
950.12	111.0
967.12	111.0
996.64	111.0
1036.16	111.0
1049.56	111.0
1068.44	111.0
1097.28	111.0
1147.0	111.0
1188.16	111.0
1220.8	111.0
1289.16	111.0
317.88	112.0
844.36	112.0
1136.32	112.0
913.92	114.0
996.56	115.0
10.84	115.0
36.36	115.0
60.4	115.0
113.8	115.0
140.56	115.0
160.36	115.0
182.6	115.0
199.6	115.0
245.16	115.0
255.88	115.0
297.64	115.0
302.48	115.0
320.12	115.0
345.32	115.0
377.0	115.0
417.8	115.0
461.0	115.0
497.88	115.0
517.8	115.0
535.88	115.0
558.76	115.0
614.44	115.0
630.96	115.0
646.8	115.0
692.56	115.0
712.72	115.0
750.0	115.0
803.12	115.0
840.92	115.0
860.08	115.0
883.72	115.0
1034.96	115.0
1077.48	115.0
1112.72	115.0
1156.08	115.0
1184.96	115.0
1240.4	115.0
1311.76	115.0
162.76	116.0
309.6	116.0
483.32	116.0
66.72	116.0
151.28	116.0
288.64	116.0
306.28	116.0
314.2	116.0
320.28	116.0
324.08	116.0
326.72	116.0
418.4	116.0
429.84	116.0
435.28	116.0
488.08	116.0
582.48	116.0
644.68	116.0
690.12	116.0
716.84	116.0
734.84	116.0
781.56	116.0
822.2	116.0
860.88	116.0
879.64	116.0
910.2	116.0
915.0	116.0
951.92	116.0
978.92	116.0
997.52	116.0
1000.88	116.0
1035.28	116.0
1115.28	116.0
1158.28	116.0
1184.76	116.0
1227.0	116.0
117.56	117.0
189.68	117.0
732.84	117.0
816.4	117.0
824.44	117.0
1216.12	118.0
198.52	118.0
229.6	118.0
308.76	118.0
326.68	118.0
334.44	118.0
346.24	118.0
370.4	118.0
396.44	118.0
592.16	118.0
666.52	118.0
732.32	118.0
753.44	118.0
776.92	118.0
797.52	118.0
837.32	118.0
881.08	118.0
896.68	118.0
914.0	118.0
935.76	118.0
938.44	118.0
953.12	118.0
992.92	118.0
1043.16	118.0
1103.16	118.0
1152.04	118.0
1271.64	118.0
311.48	119.0
1124.24	119.0
265.32	120.0
297.88	120.0
307.76	120.0
319.8	120.0
389.88	120.0
671.88	120.0
945.4	120.0
1129.28	120.0
