162.64	84.0
217.36	84.0
281.88	84.0
302.44	84.0
318.52	84.0
1037.76	84.0
1280.44	84.0
68.52	85.0
158.88	85.0
177.8	85.0
306.52	85.0
401.76	85.0
845.48	85.0
926.52	85.0
953.0	85.0
1355.08	85.0
10.36	86.0
133.72	86.0
150.12	86.0
202.16	86.0
227.52	86.0
239.24	86.0
250.2	86.0
273.36	86.0
281.08	86.0
316.6	86.0
323.8	86.0
339.72	86.0
356.4	86.0
370.92	86.0
387.2	86.0
401.08	86.0
435.32	86.0
522.32	86.0
581.04	86.0
721.56	86.0
744.04	86.0
791.32	86.0
841.92	86.0
918.6	86.0
985.2	86.0
1000.0	86.0
1014.64	86.0
1024.68	86.0
1038.72	86.0
1047.88	86.0
1106.0	86.0
1140.48	86.0
1167.72	86.0
1193.44	86.0
1238.2	86.0
1298.76	86.0
1331.32	86.0
1353.48	86.0
27.96	86.0
64.0	86.0
137.32	86.0
175.52	86.0
242.6	86.0
309.88	86.0
320.48	86.0
328.12	86.0
334.92	86.0
344.56	86.0
468.68	86.0
892.32	86.0
307.84	87.0
193.24	87.0
271.92	87.0
283.24	87.0
314.4	87.0
329.48	87.0
334.52	87.0
357.52	87.0
370.0	87.0
513.48	87.0
989.4	87.0
1315.08	87.0
244.76	88.0
306.12	88.0
575.44	88.0
978.0	88.0
293.68	88.0
302.6	88.0
342.8	88.0
550.56	88.0
772.48	88.0
807.96	88.0
904.4	88.0
909.48	88.0
1248.36	88.0
1261.0	88.0
741.28	89.0
1095.72	89.0
1288.36	89.0
149.12	89.0
217.0	89.0
317.4	89.0
326.88	89.0
422.2	89.0
841.92	89.0
980.24	89.0
1007.64	89.0
1100.44	89.0
1259.0	89.0
186.0	90.0
881.2	90.0
64.12	90.0
114.72	90.0
148.76	90.0
216.64	90.0
281.92	90.0
291.56	90.0
316.92	90.0
326.44	90.0
331.48	90.0
342.76	90.0
351.32	90.0
370.44	90.0
449.68	90.0
890.84	90.0
929.08	90.0
979.88	90.0
1020.0	90.0
1037.36	90.0
1097.88	90.0
1202.28	90.0
1292.04	90.0
302.48	91.0
1021.8	91.0
1005.16	92.0
1021.44	92.0
87.6	92.0
109.84	92.0
148.2	92.0
176.44	92.0
197.36	92.0
210.0	92.0
275.64	92.0
294.16	92.0
302.72	92.0
372.92	92.0
388.64	92.0
419.36	92.0
598.32	92.0
808.44	92.0
895.24	92.0
930.08	92.0
944.48	92.0
999.84	92.0
1042.84	92.0
1071.36	92.0
1164.64	92.0
1189.16	92.0
1214.64	92.0
1259.88	92.0
1299.0	92.0
1323.2	92.0
1350.64	92.0
125.04	93.0
291.92	93.0
356.68	93.0
671.76	93.0
792.16	93.0
911.24	93.0
991.84	93.0
1007.72	93.0
398.4	93.0
178.04	94.0
1064.04	94.0
116.88	94.0
210.96	94.0
316.12	94.0
325.48	94.0
338.36	94.0
424.28	94.0
663.04	94.0
953.68	94.0
37.32	95.0
178.72	95.0
309.64	95.0
454.44	95.0
743.2	95.0
862.04	95.0
989.72	95.0
1334.6	95.0
307.32	96.0
246.76	96.0
280.28	96.0
343.16	96.0
369.4	96.0
392.44	96.0
418.36	96.0
446.84	96.0
479.76	96.0
1014.76	96.0
1042.88	96.0
1126.08	96.0
1327.4	96.0
931.24	97.0
302.52	97.0
306.56	97.0
320.8	97.0
324.32	97.0
414.44	97.0
306.12	98.0
1297.48	98.0
109.92	99.0
311.0	99.0
317.28	99.0
323.6	99.0
326.92	99.0
330.48	99.0
334.44	99.0
337.4	99.0
344.08	99.0
352.2	99.0
883.16	99.0
929.84	99.0
986.6	99.0
1162.32	99.0
96.32	100.0
106.24	100.0
178.08	100.0
185.84	100.0
266.04	100.0
325.92	100.0
364.76	100.0
585.84	100.0
639.56	100.0
808.8	100.0
881.12	100.0
980.24	100.0
1010.88	100.0
1132.84	100.0
1205.16	100.0
1247.0	100.0
1331.64	100.0
302.52	101.0
325.44	101.0
344.44	101.0
302.64	102.0
302.68	103.0
929.92	103.0
982.52	103.0
312.4	103.0
320.32	104.0
322.84	104.0
340.96	104.0
343.48	104.0
364.92	104.0
398.2	104.0
143.2	104.0
177.88	104.0
217.32	104.0
310.48	104.0
316.08	104.0
327.28	104.0
335.04	104.0
354.36	104.0
863.04	104.0
931.8	104.0
955.48	104.0
989.28	104.0
1024.88	104.0
1044.4	104.0
1116.08	104.0
281.84	106.0
397.44	106.0
1172.44	106.0
1289.8	106.0
46.2	107.0
137.24	107.0
278.72	107.0
307.8	107.0
310.52	107.0
323.04	107.0
710.04	107.0
781.8	107.0
838.12	107.0
916.64	107.0
947.12	107.0
1194.96	107.0
1331.56	107.0
306.92	108.0
134.4	108.0
315.56	108.0
329.8	108.0
342.76	108.0
370.52	108.0
390.92	108.0
533.0	108.0
728.28	108.0
825.56	108.0
928.6	108.0
983.56	108.0
1208.56	108.0
281.68	109.0
326.12	109.0
817.32	109.0
928.88	109.0
1272.32	109.0
603.56	110.0
987.88	110.0
150.04	110.0
287.6	110.0
363.6	110.0
382.24	110.0
846.88	110.0
1075.84	110.0
1254.88	110.0
310.76	111.0
989.6	111.0
1274.12	111.0
20.92	111.0
70.96	111.0
98.6	111.0
102.88	111.0
150.0	111.0
177.32	111.0
201.12	111.0
212.28	111.0
240.64	111.0
287.56	111.0
306.32	111.0
320.04	111.0
330.88	111.0
342.64	111.0
355.4	111.0
363.52	111.0
382.16	111.0
395.8	111.0
441.44	111.0
450.64	111.0
603.44	111.0
702.48	111.0
745.2	111.0
791.08	111.0
846.84	111.0
884.6	111.0
894.68	111.0
910.16	111.0
914.52	111.0
929.92	111.0
934.32	111.0
937.68	111.0
953.32	111.0
982.48	111.0
1023.08	111.0
1027.64	111.0
1038.96	111.0
1075.52	111.0
1105.72	111.0
1139.56	111.0
1164.88	111.0
1222.28	111.0
1240.68	111.0
1276.64	111.0
1297.2	111.0
365.08	112.0
893.0	112.0
988.6	112.0
70.76	112.0
147.24	112.0
397.64	112.0
412.12	112.0
578.16	112.0
847.08	112.0
1038.16	112.0
1171.12	112.0
1205.88	112.0
1228.2	112.0
324.64	113.0
1038.8	113.0
1269.92	113.0
321.68	114.0
313.36	114.0
364.32	114.0
337.4	115.0
5.84	115.0
102.4	115.0
139.64	115.0
155.56	115.0
215.44	115.0
247.36	115.0
291.64	115.0
314.76	115.0
343.64	115.0
388.4	115.0
756.88	115.0
893.4	115.0
924.04	115.0
962.0	115.0
999.12	115.0
1029.8	115.0
1116.84	115.0
1163.16	115.0
1201.44	115.0
1236.44	115.0
1285.92	115.0
1327.52	115.0
1357.68	115.0
113.72	116.0
200.24	116.0
396.64	116.0
49.64	116.0
64.36	116.0
97.28	116.0
108.76	116.0
131.44	116.0
139.48	116.0
144.76	116.0
149.76	116.0
175.28	116.0
177.8	116.0
188.92	116.0
252.04	116.0
273.36	116.0
283.24	116.0
307.76	116.0
318.56	116.0
323.28	116.0
331.0	116.0
334.08	116.0
336.6	116.0
339.72	116.0
343.04	116.0
369.0	116.0
388.56	116.0
400.84	116.0
449.4	116.0
485.32	116.0
629.88	116.0
667.2	116.0
696.12	116.0
811.12	116.0
860.64	116.0
876.76	116.0
883.76	116.0
925.0	116.0
974.36	116.0
983.2	116.0
987.16	116.0
1005.92	116.0
1014.32	116.0
1024.16	116.0
1044.72	116.0
1143.04	116.0
1180.6	116.0
1195.96	116.0
1208.8	116.0
1251.96	116.0
1317.48	116.0
1321.64	116.0
1335.08	116.0
1353.0	116.0
324.24	117.0
361.28	117.0
241.0	117.0
334.92	117.0
337.48	117.0
350.04	117.0
989.72	117.0
1276.88	117.0
148.4	118.0
217.04	118.0
313.4	118.0
322.0	118.0
332.56	118.0
340.88	118.0
353.6	118.0
810.48	118.0
845.2	118.0
893.16	118.0
1008.52	118.0
1252.8	118.0
97.12	119.0
133.96	119.0
310.68	119.0
739.88	119.0
776.04	119.0
834.24	119.0
887.44	119.0
910.48	119.0
988.24	119.0
1018.92	119.0
1134.32	119.0
1163.32	119.0
1216.32	119.0
1296.16	119.0
19.32	120.0
32.16	120.0
45.6	120.0
70.32	120.0
148.56	120.0
152.04	120.0
173.08	120.0
176.04	120.0
225.76	120.0
278.48	120.0
320.36	120.0
348.16	120.0
364.0	120.0
437.88	120.0
620.36	120.0
951.36	120.0
1198.36	120.0
