311.4	84.0
315.32	84.0
319.12	84.0
394.4	84.0
859.08	84.0
314.44	85.0
329.32	85.0
346.2	85.0
1007.6	85.0
1203.72	85.0
345.24	86.0
356.28	86.0
358.88	86.0
364.84	86.0
367.4	86.0
370.32	86.0
375.92	86.0
385.88	86.0
388.52	86.0
401.2	86.0
411.44	86.0
419.48	86.0
435.76	86.0
442.48	86.0
451.96	86.0
462.12	86.0
474.76	86.0
487.28	86.0
493.32	86.0
506.96	86.0
526.28	86.0
539.72	86.0
549.48	86.0
559.64	86.0
566.32	86.0
577.28	86.0
590.76	86.0
599.24	86.0
604.92	86.0
624.48	86.0
648.2	86.0
654.08	86.0
668.16	86.0
675.32	86.0
689.6	86.0
703.8	86.0
717.12	86.0
731.24	86.0
749.48	86.0
766.12	86.0
783.64	86.0
811.4	86.0
820.6	86.0
853.04	86.0
872.52	86.0
886.32	86.0
907.52	86.0
920.92	86.0
984.64	86.0
1004.6	86.0
1030.6	86.0
1048.72	86.0
1058.52	86.0
1073.72	86.0
1086.2	86.0
1107.68	86.0
1124.12	86.0
1130.36	86.0
1148.64	86.0
1153.44	86.0
1166.04	86.0
1184.16	86.0
1211.68	86.0
1218.6	86.0
1231.12	86.0
1244.68	86.0
1265.24	86.0
1313.72	86.0
1334.0	86.0
1351.96	86.0
309.28	86.0
312.44	86.0
316.0	86.0
320.04	86.0
324.68	86.0
330.96	86.0
338.4	86.0
341.68	86.0
348.64	86.0
352.92	86.0
310.08	87.0
337.28	87.0
316.28	87.0
318.92	87.0
325.6	87.0
328.64	87.0
331.52	87.0
334.72	87.0
340.88	87.0
344.08	87.0
350.88	87.0
354.8	87.0
358.36	87.0
362.68	87.0
366.2	87.0
378.28	87.0
383.88	87.0
389.52	87.0
401.88	87.0
421.04	87.0
432.84	87.0
630.4	87.0
822.72	87.0
1293.0	87.0
302.84	88.0
315.36	88.0
326.52	88.0
346.72	88.0
353.16	88.0
382.84	88.0
415.08	88.0
520.6	88.0
561.8	88.0
587.2	88.0
600.28	88.0
657.04	88.0
731.08	88.0
822.36	88.0
1020.6	88.0
1209.48	88.0
310.92	88.0
331.32	88.0
337.36	88.0
340.12	88.0
350.56	88.0
366.0	88.0
418.56	88.0
546.32	88.0
650.28	88.0
938.64	88.0
970.88	88.0
998.12	88.0
1052.48	88.0
1091.64	88.0
1183.44	88.0
1297.24	88.0
1307.88	88.0
1375.48	88.0
330.6	89.0
318.36	89.0
325.2	89.0
339.44	89.0
342.52	89.0
349.16	89.0
353.72	89.0
386.16	89.0
439.48	89.0
481.56	89.0
533.96	89.0
545.64	89.0
615.36	89.0
718.44	89.0
979.64	89.0
1192.44	89.0
1275.88	89.0
1379.12	89.0
1405.84	89.0
324.8	90.0
328.12	90.0
339.16	90.0
342.16	90.0
346.04	90.0
353.48	90.0
358.24	90.0
362.64	90.0
380.8	90.0
385.88	90.0
400.24	90.0
533.68	90.0
603.36	90.0
628.48	90.0
718.16	90.0
847.08	90.0
881.0	90.0
904.04	90.0
1010.24	90.0
1028.12	90.0
1054.24	90.0
1081.88	90.0
1102.84	90.0
1157.44	90.0
1175.36	90.0
1257.88	90.0
1294.96	90.0
328.96	91.0
346.76	91.0
309.04	91.0
312.64	91.0
336.84	91.0
366.92	91.0
312.48	92.0
332.0	92.0
342.68	92.0
349.2	92.0
428.68	92.0
515.76	92.0
587.24	92.0
609.44	92.0
631.28	92.0
662.84	92.0
668.04	92.0
717.04	92.0
738.04	92.0
858.68	92.0
937.32	92.0
954.16	92.0
981.48	92.0
1012.76	92.0
1029.04	92.0
1078.8	92.0
1141.96	92.0
1202.12	92.0
1272.8	92.0
1355.6	92.0
302.76	92.0
327.08	92.0
354.28	92.0
370.16	92.0
374.48	92.0
380.24	92.0
391.48	92.0
402.64	92.0
418.28	92.0
439.08	92.0
479.16	92.0
488.24	92.0
507.32	92.0
524.28	92.0
550.04	92.0
652.2	92.0
775.8	92.0
864.0	92.0
1020.36	92.0
1042.32	92.0
1099.92	92.0
1113.16	92.0
1162.6	92.0
1176.56	92.0
1231.0	92.0
1369.56	92.0
1396.8	92.0
329.88	93.0
341.76	93.0
364.08	93.0
375.84	93.0
448.08	93.0
494.16	93.0
745.04	93.0
769.84	93.0
871.4	93.0
1060.04	93.0
1107.36	93.0
302.92	93.0
1070.8	93.0
1128.68	94.0
310.16	94.0
315.16	94.0
324.28	94.0
337.04	94.0
356.8	94.0
366.96	94.0
381.8	94.0
429.08	94.0
456.04	94.0
476.16	94.0
511.64	94.0
555.68	94.0
659.92	94.0
711.84	94.0
745.68	94.0
775.68	94.0
842.32	94.0
1150.76	94.0
1213.96	94.0
1354.96	94.0
314.44	95.0
317.44	95.0
330.88	95.0
341.72	95.0
357.6	95.0
534.88	95.0
629.64	95.0
890.52	95.0
1042.64	95.0
1272.64	95.0
311.8	96.0
314.64	96.0
331.04	96.0
312.44	97.0
357.6	97.0
416.96	97.0
601.6	97.0
628.48	97.0
671.2	97.0
953.0	97.0
342.72	98.0
311.6	99.0
316.12	99.0
319.64	99.0
327.84	99.0
333.6	99.0
338.4	99.0
344.4	99.0
354.12	99.0
361.88	99.0
372.96	99.0
586.96	99.0
1174.76	99.0
1283.56	99.0
314.16	100.0
327.04	100.0
338.32	100.0
346.08	100.0
363.04	100.0
721.84	100.0
928.84	100.0
1043.96	100.0
1063.96	100.0
1269.2	100.0
1277.2	100.0
1412.28	100.0
310.04	101.0
313.6	101.0
317.68	101.0
329.36	101.0
341.64	101.0
346.24	101.0
333.08	102.0
320.56	102.0
311.52	103.0
364.44	103.0
364.4	104.0
310.68	104.0
316.08	104.0
325.56	104.0
334.72	104.0
342.56	104.0
348.52	104.0
367.44	104.0
376.2	104.0
395.28	104.0
406.52	104.0
419.72	104.0
456.16	104.0
473.72	104.0
486.16	104.0
524.8	104.0
541.76	104.0
571.6	104.0
595.12	104.0
629.76	104.0
633.16	104.0
659.68	104.0
674.4	104.0
695.12	104.0
786.12	104.0
826.96	104.0
965.6	104.0
1016.56	104.0
1065.08	104.0
1151.8	104.0
1284.16	104.0
1304.52	104.0
312.96	106.0
326.28	106.0
346.2	106.0
393.2	106.0
535.6	106.0
600.56	106.0
309.8	107.0
314.28	107.0
317.64	107.0
324.44	107.0
333.52	107.0
336.44	107.0
345.56	107.0
360.12	107.0
362.92	107.0
380.64	107.0
860.8	107.0
1375.76	107.0
312.64	108.0
328.04	108.0
309.16	108.0
318.72	108.0
334.04	108.0
340.52	108.0
348.84	108.0
364.6	108.0
376.28	108.0
402.68	108.0
460.36	108.0
490.32	108.0
522.56	108.0
612.28	108.0
1155.12	108.0
400.0	109.0
533.48	109.0
614.8	109.0
792.88	109.0
979.08	109.0
1218.2	109.0
1275.36	109.0
362.72	109.0
333.24	110.0
1059.76	110.0
328.44	110.0
338.8	110.0
357.72	110.0
692.24	110.0
712.68	110.0
769.32	110.0
1031.64	110.0
1114.84	110.0
1217.76	110.0
1226.48	110.0
1277.24	110.0
367.28	111.0
883.84	111.0
1105.24	111.0
1390.76	111.0
302.92	111.0
311.44	111.0
324.92	111.0
328.76	111.0
332.52	111.0
336.52	111.0
343.0	111.0
348.88	111.0
353.24	111.0
357.64	111.0
362.32	111.0
372.0	111.0
379.08	111.0
391.32	111.0
442.72	111.0
477.64	111.0
501.36	111.0
525.24	111.0
548.4	111.0
572.16	111.0
575.48	111.0
591.36	111.0
621.04	111.0
635.04	111.0
672.68	111.0
703.92	111.0
741.76	111.0
766.96	111.0
797.4	111.0
826.24	111.0
862.52	111.0
895.64	111.0
984.76	111.0
1015.36	111.0
1083.24	111.0
1102.24	111.0
1145.0	111.0
1173.72	111.0
1201.64	111.0
1221.28	111.0
1285.36	111.0
1331.36	111.0
1336.28	111.0
1357.68	111.0
1377.64	111.0
353.04	112.0
364.56	112.0
327.2	112.0
344.2	112.0
403.68	112.0
411.12	112.0
488.8	112.0
324.36	113.0
343.2	113.0
360.92	113.0
381.4	113.0
327.88	114.0
336.12	114.0
343.36	114.0
346.32	114.0
370.44	114.0
310.32	114.0
312.04	115.0
328.8	115.0
332.72	115.0
365.96	115.0
409.44	115.0
461.32	115.0
483.44	115.0
507.44	115.0
525.56	115.0
552.68	115.0
567.28	115.0
588.96	115.0
607.16	115.0
629.24	115.0
655.68	115.0
679.24	115.0
692.52	115.0
712.92	115.0
740.72	115.0
769.6	115.0
806.72	115.0
840.8	115.0
919.44	115.0
928.08	115.0
949.28	115.0
979.2	115.0
1004.04	115.0
1031.92	115.0
1059.76	115.0
1088.4	115.0
1115.12	115.0
1153.92	115.0
1188.28	115.0
1226.76	115.0
1277.52	115.0
1307.36	115.0
1344.56	115.0
1380.76	115.0
313.64	116.0
340.04	116.0
310.76	116.0
325.84	116.0
333.12	116.0
343.32	116.0
346.32	116.0
352.16	116.0
354.72	116.0
357.28	116.0
360.24	116.0
363.04	116.0
367.08	116.0
375.6	116.0
389.24	116.0
401.0	116.0
416.64	116.0
424.76	116.0
428.4	116.0
437.4	116.0
456.56	116.0
472.96	116.0
477.72	116.0
526.28	116.0
530.92	116.0
546.4	116.0
563.56	116.0
587.04	116.0
622.8	116.0
724.28	116.0
808.2	116.0
845.6	116.0
872.72	116.0
931.24	116.0
999.08	116.0
1078.68	116.0
1082.68	116.0
1192.48	116.0
1272.8	116.0
1313.32	116.0
1336.32	116.0
1344.92	116.0
1394.48	116.0
357.28	117.0
375.92	117.0
319.24	117.0
328.52	117.0
332.36	117.0
341.28	117.0
359.92	117.0
362.72	117.0
883.96	117.0
1060.16	117.0
1105.36	117.0
1155.24	117.0
1390.76	117.0
463.68	118.0
1135.68	118.0
311.92	118.0
319.2	118.0
325.4	118.0
333.76	118.0
337.12	118.0
340.0	118.0
347.2	118.0
355.4	118.0
360.08	118.0
365.52	118.0
379.84	118.0
386.88	118.0
404.96	118.0
410.72	118.0
421.6	118.0
440.52	118.0
460.2	118.0
525.2	118.0
666.64	118.0
818.92	118.0
859.28	118.0
921.32	118.0
1002.04	118.0
1050.0	118.0
1103.96	118.0
1209.32	118.0
311.44	119.0
346.96	119.0
508.0	119.0
348.96	120.0
309.52	120.0
316.76	120.0
320.24	120.0
326.68	120.0
335.2	120.0
360.6	120.0
368.56	120.0
387.16	120.0
461.88	120.0
922.64	120.0
1293.12	120.0
