333.32	84.0
337.28	84.0
1010.44	84.0
321.8	84.0
343.84	84.0
212.44	85.0
306.44	85.0
280.84	85.0
315.44	85.0
326.64	85.0
334.88	85.0
345.32	85.0
350.04	85.0
355.24	85.0
372.4	85.0
380.2	85.0
387.08	85.0
419.84	85.0
455.92	85.0
508.8	85.0
521.36	85.0
581.4	85.0
903.04	85.0
973.0	85.0
1009.28	85.0
1045.08	85.0
1260.8	85.0
14.16	86.0
103.0	86.0
160.08	86.0
212.4	86.0
249.0	86.0
308.32	86.0
337.6	86.0
346.08	86.0
362.64	86.0
386.68	86.0
420.68	86.0
433.8	86.0
471.28	86.0
504.4	86.0
510.52	86.0
721.2	86.0
971.0	86.0
1006.52	86.0
1032.12	86.0
1036.08	86.0
1040.84	86.0
1062.4	86.0
1076.24	86.0
1082.04	86.0
1105.96	86.0
1120.56	86.0
1145.4	86.0
1151.44	86.0
1173.0	86.0
1188.52	86.0
1246.84	86.0
1288.52	86.0
1357.04	86.0
1390.04	86.0
1392.6	86.0
38.84	86.0
125.2	86.0
252.48	86.0
274.96	86.0
293.72	86.0
318.68	86.0
325.0	86.0
331.76	86.0
356.88	86.0
368.76	86.0
372.0	86.0
381.72	86.0
396.68	86.0
780.52	86.0
980.4	86.0
1022.04	86.0
1043.96	86.0
1079.24	86.0
1408.4	86.0
205.4	87.0
285.0	87.0
306.72	87.0
309.24	87.0
312.16	87.0
315.2	87.0
322.84	87.0
329.88	87.0
338.92	87.0
346.44	87.0
351.72	87.0
360.28	87.0
366.84	87.0
373.16	87.0
419.72	87.0
933.04	87.0
964.08	87.0
988.56	87.0
1014.0	87.0
302.76	88.0
342.12	88.0
721.4	88.0
310.4	88.0
321.4	88.0
332.24	88.0
355.08	88.0
400.12	88.0
416.48	88.0
454.24	88.0
535.8	88.0
565.24	88.0
622.64	88.0
1028.8	88.0
1095.12	88.0
306.8	89.0
324.96	89.0
232.16	89.0
321.44	89.0
337.68	89.0
348.84	89.0
374.12	89.0
400.84	89.0
734.28	89.0
921.4	89.0
307.6	90.0
11.08	90.0
68.16	90.0
299.28	90.0
317.6	90.0
320.56	90.0
324.8	90.0
329.88	90.0
344.28	90.0
348.48	90.0
358.76	90.0
362.36	90.0
376.88	90.0
469.76	90.0
541.2	90.0
599.72	90.0
662.32	90.0
673.72	90.0
734.0	90.0
863.84	90.0
984.28	90.0
1061.04	90.0
1119.44	90.0
1208.8	90.0
1390.84	90.0
319.76	91.0
327.0	91.0
348.2	91.0
361.72	91.0
372.72	91.0
383.48	91.0
568.64	91.0
308.8	92.0
312.8	92.0
325.64	92.0
328.4	92.0
340.8	92.0
372.32	92.0
386.96	92.0
402.0	92.0
419.4	92.0
454.44	92.0
4.8	92.0
11.96	92.0
68.96	92.0
212.96	92.0
286.76	92.0
302.64	92.0
332.68	92.0
378.28	92.0
406.12	92.0
467.32	92.0
671.68	92.0
714.92	92.0
778.44	92.0
973.76	92.0
1008.44	92.0
1025.92	92.0
1037.84	92.0
1079.56	92.0
1095.8	92.0
1107.04	92.0
1137.44	92.0
1198.56	92.0
1226.2	92.0
1240.68	92.0
1258.68	92.0
1266.48	92.0
1295.44	92.0
1352.92	92.0
1373.48	92.0
1404.16	92.0
307.2	93.0
332.64	93.0
353.16	93.0
443.72	93.0
484.68	93.0
1069.72	93.0
369.92	93.0
452.48	93.0
315.04	94.0
351.68	94.0
525.08	94.0
323.36	94.0
326.32	94.0
335.4	94.0
356.6	94.0
363.12	94.0
372.4	94.0
388.8	94.0
441.96	94.0
456.6	94.0
533.24	94.0
536.28	94.0
574.08	94.0
162.52	95.0
313.84	95.0
334.56	95.0
346.28	95.0
997.6	95.0
1159.92	95.0
1329.88	95.0
340.28	96.0
357.84	96.0
1039.48	96.0
1377.28	96.0
311.32	97.0
314.24	97.0
317.52	97.0
324.4	97.0
327.16	97.0
492.24	97.0
347.96	99.0
311.2	99.0
316.84	99.0
322.0	99.0
327.16	99.0
331.6	99.0
336.68	99.0
342.2	99.0
358.0	99.0
418.48	99.0
535.32	99.0
986.36	99.0
1051.12	99.0
1097.6	99.0
1143.88	99.0
1371.28	99.0
46.12	100.0
180.76	100.0
244.92	100.0
306.88	100.0
311.04	100.0
324.32	100.0
328.12	100.0
336.84	100.0
354.92	100.0
366.88	100.0
381.8	100.0
536.88	100.0
559.6	100.0
695.92	100.0
882.12	100.0
976.16	100.0
1124.6	100.0
1235.44	100.0
1364.2	100.0
322.32	101.0
330.08	101.0
337.2	101.0
348.48	101.0
354.68	101.0
362.32	101.0
397.16	101.0
306.04	103.0
333.8	103.0
343.48	103.0
351.68	103.0
369.76	103.0
308.64	103.0
321.12	103.0
347.08	103.0
333.8	104.0
351.68	104.0
369.72	104.0
416.72	104.0
452.32	104.0
481.28	104.0
308.04	104.0
315.28	104.0
320.8	104.0
326.04	104.0
331.08	104.0
336.44	104.0
343.2	104.0
346.84	104.0
355.76	104.0
361.6	104.0
372.32	104.0
381.52	104.0
391.32	104.0
402.6	104.0
420.24	104.0
504.2	104.0
534.32	104.0
571.72	104.0
720.6	104.0
735.12	104.0
784.72	104.0
841.76	104.0
931.48	104.0
1021.2	104.0
1103.04	104.0
1376.16	104.0
315.64	106.0
326.08	106.0
343.6	106.0
373.16	106.0
464.32	106.0
621.48	106.0
355.8	107.0
367.04	107.0
6.36	107.0
310.56	107.0
313.88	107.0
324.2	107.0
332.88	107.0
344.48	107.0
372.8	107.0
375.6	107.0
400.28	107.0
403.56	107.0
608.32	107.0
717.04	107.0
750.24	107.0
917.08	107.0
933.8	107.0
992.2	107.0
1058.16	107.0
1080.56	107.0
1115.28	107.0
1296.08	107.0
352.6	108.0
306.48	108.0
312.64	108.0
318.4	108.0
337.4	108.0
405.4	108.0
534.8	108.0
985.68	108.0
1134.92	108.0
412.36	109.0
321.16	109.0
356.76	109.0
309.88	110.0
334.0	110.0
338.64	110.0
347.28	110.0
951.52	110.0
1068.68	110.0
321.72	110.0
396.48	110.0
437.08	110.0
463.72	110.0
484.6	110.0
506.96	110.0
525.64	110.0
1045.0	110.0
1079.8	110.0
1098.36	110.0
1134.76	110.0
1258.24	110.0
256.6	111.0
319.56	111.0
372.44	111.0
848.6	111.0
67.4	111.0
303.0	111.0
308.56	111.0
314.56	111.0
325.4	111.0
330.36	111.0
332.92	111.0
343.4	111.0
347.44	111.0
356.28	111.0
390.92	111.0
396.64	111.0
412.68	111.0
443.72	111.0
525.52	111.0
552.08	111.0
571.84	111.0
726.96	111.0
873.16	111.0
971.6	111.0
1105.16	111.0
1134.88	111.0
1197.12	111.0
1233.32	111.0
1292.88	111.0
1317.12	111.0
1322.72	111.0
1349.76	111.0
1366.96	111.0
1390.0	111.0
1398.28	111.0
298.8	112.0
306.12	112.0
333.92	112.0
247.6	112.0
324.8	112.0
427.04	112.0
709.92	112.0
732.44	112.0
840.48	112.0
973.88	112.0
324.0	113.0
344.28	113.0
363.88	113.0
316.4	114.0
324.84	114.0
330.6	114.0
344.36	114.0
352.16	114.0
357.2	114.0
367.36	114.0
310.2	114.0
372.52	114.0
1080.2	114.0
1295.44	114.0
306.64	115.0
396.4	115.0
46.56	115.0
320.0	115.0
338.56	115.0
341.16	115.0
350.84	115.0
361.6	115.0
371.2	115.0
382.36	115.0
419.0	115.0
469.8	115.0
484.88	115.0
541.6	115.0
570.2	115.0
1282.08	115.0
314.56	116.0
318.28	116.0
368.6	116.0
396.64	116.0
443.6	116.0
506.84	116.0
525.36	116.0
1039.12	116.0
1079.6	116.0
1134.64	116.0
247.32	116.0
258.56	116.0
286.64	116.0
307.56	116.0
310.12	116.0
321.72	116.0
325.04	116.0
329.6	116.0
332.16	116.0
335.08	116.0
338.08	116.0
341.04	116.0
346.64	116.0
350.4	116.0
354.32	116.0
357.48	116.0
360.84	116.0
382.44	116.0
404.64	116.0
411.68	116.0
533.28	116.0
808.28	116.0
845.16	116.0
881.96	116.0
934.72	116.0
978.32	116.0
990.68	116.0
997.8	116.0
1027.04	116.0
1050.72	116.0
1238.92	116.0
1248.56	116.0
310.64	117.0
324.52	117.0
338.56	117.0
349.0	117.0
357.28	117.0
365.68	117.0
373.12	117.0
379.0	117.0
396.56	117.0
412.6	117.0
433.8	117.0
256.76	117.0
451.64	117.0
873.44	117.0
296.4	118.0
306.24	118.0
310.88	118.0
315.28	118.0
320.68	118.0
325.44	118.0
331.28	118.0
336.96	118.0
339.76	118.0
346.48	118.0
358.72	118.0
369.2	118.0
381.6	118.0
408.56	118.0
447.6	118.0
504.12	118.0
883.68	118.0
949.96	118.0
1067.24	118.0
1256.68	118.0
346.6	119.0
311.52	119.0
326.72	119.0
339.44	119.0
352.48	119.0
817.68	119.0
992.56	119.0
1054.48	119.0
308.0	120.0
754.0	120.0
209.96	120.0
213.16	120.0
257.76	120.0
297.72	120.0
316.32	120.0
365.64	120.0
388.24	120.0
515.52	120.0
732.0	120.0
848.0	120.0
903.44	120.0
930.44	120.0
973.4	120.0
1079.96	120.0
1257.44	120.0
1325.0	120.0
1362.8	120.0
