1364.56	84.0
319.52	84.0
127.8	85.0
182.24	85.0
252.56	85.0
302.56	85.0
315.12	85.0
322.48	85.0
395.52	85.0
420.04	85.0
461.56	85.0
510.4	85.0
530.92	85.0
544.2	85.0
549.64	85.0
563.32	85.0
585.28	85.0
596.92	85.0
611.64	85.0
624.24	85.0
637.4	85.0
656.16	85.0
687.76	85.0
710.52	85.0
809.04	85.0
827.48	85.0
838.32	85.0
861.04	85.0
912.84	85.0
921.0	85.0
954.04	85.0
998.8	85.0
1040.24	85.0
1046.12	85.0
1055.76	85.0
1093.6	85.0
1113.44	85.0
1142.6	85.0
1180.0	85.0
1200.52	85.0
1215.12	85.0
1250.6	85.0
1269.52	85.0
1299.68	85.0
1334.36	85.0
1395.48	85.0
3.56	86.0
19.56	86.0
112.2	86.0
253.48	86.0
282.92	86.0
315.76	86.0
404.92	86.0
417.52	86.0
432.12	86.0
443.8	86.0
478.44	86.0
520.32	86.0
609.0	86.0
757.8	86.0
808.68	86.0
824.08	86.0
895.28	86.0
930.04	86.0
1045.52	86.0
1052.44	86.0
1156.2	86.0
1239.64	86.0
1266.64	86.0
1277.92	86.0
1290.68	86.0
1321.84	86.0
1336.28	86.0
1362.88	86.0
1370.28	86.0
309.8	86.0
318.36	86.0
323.96	86.0
329.96	86.0
336.4	86.0
344.48	86.0
352.24	86.0
362.88	86.0
398.96	86.0
461.52	86.0
556.84	86.0
585.04	86.0
660.68	86.0
897.8	86.0
1093.8	86.0
1312.16	86.0
311.0	87.0
307.0	87.0
316.48	87.0
320.52	87.0
324.68	87.0
329.96	87.0
335.32	87.0
339.0	87.0
345.56	87.0
378.6	87.0
395.32	87.0
404.48	87.0
415.56	87.0
491.04	87.0
503.6	87.0
1176.68	87.0
1273.64	87.0
1352.8	87.0
1370.2	87.0
302.8	88.0
307.04	88.0
310.24	88.0
377.28	88.0
411.64	88.0
221.48	88.0
327.08	88.0
357.32	88.0
360.04	88.0
678.4	88.0
1140.24	88.0
1222.44	88.0
1332.44	88.0
308.32	89.0
330.92	89.0
977.56	89.0
47.2	90.0
75.8	90.0
113.04	90.0
173.96	90.0
185.28	90.0
310.24	90.0
314.0	90.0
320.92	90.0
335.32	90.0
351.44	90.0
432.24	90.0
461.2	90.0
801.0	90.0
839.32	90.0
972.56	90.0
1064.2	90.0
1076.28	90.0
1152.84	90.0
1290.52	90.0
1375.32	90.0
307.56	91.0
314.68	91.0
324.4	91.0
379.44	91.0
408.68	91.0
321.88	91.0
335.92	91.0
338.76	91.0
360.36	91.0
460.4	91.0
476.24	91.0
532.76	91.0
313.32	92.0
325.16	92.0
345.12	92.0
356.84	92.0
375.84	92.0
389.24	92.0
407.28	92.0
423.68	92.0
450.48	92.0
470.56	92.0
485.32	92.0
510.72	92.0
531.24	92.0
564.24	92.0
588.4	92.0
620.2	92.0
710.28	92.0
735.92	92.0
809.8	92.0
862.12	92.0
920.4	92.0
985.28	92.0
1066.56	92.0
1217.04	92.0
1243.04	92.0
1340.0	92.0
48.48	92.0
141.36	92.0
182.52	92.0
256.56	92.0
268.36	92.0
302.56	92.0
308.24	92.0
328.92	92.0
332.52	92.0
338.04	92.0
380.56	92.0
417.28	92.0
601.12	92.0
668.2	92.0
694.84	92.0
768.6	92.0
925.44	92.0
957.44	92.0
989.4	92.0
1009.56	92.0
1034.84	92.0
1070.04	92.0
1092.0	92.0
1192.08	92.0
1287.96	92.0
1318.16	92.0
118.68	93.0
290.0	93.0
302.52	93.0
310.84	93.0
395.76	93.0
408.72	93.0
531.2	93.0
546.36	93.0
582.8	93.0
638.8	93.0
669.6	93.0
687.2	93.0
693.68	93.0
727.96	93.0
760.88	93.0
807.8	93.0
836.96	93.0
911.36	93.0
952.72	93.0
979.84	93.0
994.48	93.0
1070.28	93.0
1242.0	93.0
1245.44	93.0
1298.4	93.0
1333.16	93.0
1393.88	93.0
333.48	93.0
393.24	93.0
616.92	93.0
707.68	93.0
858.28	93.0
887.48	93.0
1015.36	93.0
1042.24	93.0
1092.04	93.0
1212.2	93.0
274.48	94.0
322.64	94.0
358.92	94.0
395.64	94.0
407.76	94.0
546.36	94.0
969.36	94.0
1073.0	94.0
1298.96	94.0
103.12	94.0
314.52	94.0
337.8	94.0
352.84	94.0
361.8	94.0
380.0	94.0
391.64	94.0
410.8	94.0
435.76	94.0
475.0	94.0
510.88	94.0
1344.32	94.0
132.24	95.0
307.52	95.0
319.08	95.0
339.04	95.0
549.8	95.0
672.16	95.0
740.52	95.0
843.04	95.0
928.44	95.0
1047.0	95.0
1099.32	95.0
1244.8	95.0
1340.04	95.0
1334.56	96.0
313.2	97.0
320.24	97.0
332.76	97.0
358.88	97.0
349.56	98.0
358.32	98.0
443.64	98.0
459.2	98.0
810.2	99.0
306.68	99.0
312.8	99.0
320.04	99.0
328.12	99.0
334.52	99.0
340.8	99.0
348.44	99.0
358.64	99.0
531.44	99.0
603.28	99.0
955.8	99.0
1298.96	99.0
1316.96	99.0
22.84	100.0
77.56	100.0
128.56	100.0
222.84	100.0
307.72	100.0
330.28	100.0
406.44	100.0
540.6	100.0
601.44	100.0
661.96	100.0
733.0	100.0
761.88	100.0
789.56	100.0
881.08	100.0
1025.12	100.0
1110.04	100.0
1193.2	100.0
1232.08	100.0
1288.56	100.0
1338.16	100.0
1395.84	100.0
306.8	101.0
310.88	101.0
325.44	101.0
336.4	101.0
311.04	102.0
333.2	102.0
1243.04	102.0
306.36	103.0
1091.96	103.0
319.16	103.0
318.8	104.0
333.32	104.0
336.08	104.0
407.08	104.0
425.52	104.0
483.32	104.0
507.28	104.0
528.88	104.0
544.64	104.0
579.72	104.0
616.72	104.0
635.16	104.0
667.8	104.0
684.88	104.0
707.52	104.0
726.24	104.0
834.8	104.0
858.12	104.0
887.32	104.0
951.2	104.0
1015.16	104.0
1042.04	104.0
1091.84	104.0
1094.48	104.0
1212.04	104.0
1240.2	104.0
1297.6	104.0
1331.64	104.0
1391.6	104.0
138.84	104.0
231.84	104.0
308.4	104.0
313.6	104.0
327.12	104.0
341.2	104.0
349.08	104.0
361.44	104.0
379.08	104.0
394.08	104.0
535.88	104.0
574.08	104.0
1018.28	104.0
1202.56	104.0
1314.96	104.0
1373.8	104.0
1394.76	104.0
309.88	106.0
335.84	106.0
392.76	106.0
431.88	106.0
512.44	106.0
586.0	106.0
710.76	106.0
6.0	107.0
32.84	107.0
76.08	107.0
186.04	107.0
237.4	107.0
263.52	107.0
316.92	107.0
320.36	107.0
325.6	107.0
337.08	107.0
357.4	107.0
373.4	107.0
381.52	107.0
393.44	107.0
411.08	107.0
444.0	107.0
826.6	107.0
895.92	107.0
921.16	107.0
974.0	107.0
992.48	107.0
1151.44	107.0
1213.96	107.0
1323.24	107.0
131.68	108.0
306.72	108.0
312.52	108.0
321.24	108.0
334.0	108.0
348.6	108.0
606.04	108.0
746.44	108.0
804.24	108.0
932.52	108.0
1072.0	108.0
1198.08	108.0
1246.4	108.0
1296.32	108.0
1343.64	108.0
335.92	109.0
399.64	109.0
460.96	109.0
1241.88	109.0
1356.4	109.0
308.44	109.0
310.84	110.0
1290.28	110.0
172.76	110.0
341.44	110.0
408.72	110.0
762.44	110.0
785.56	110.0
1243.0	110.0
1355.12	110.0
313.48	111.0
28.36	111.0
32.16	111.0
72.24	111.0
83.84	111.0
125.36	111.0
172.68	111.0
192.68	111.0
268.88	111.0
302.84	111.0
309.2	111.0
341.84	111.0
347.64	111.0
352.92	111.0
363.36	111.0
369.64	111.0
428.2	111.0
432.52	111.0
460.88	111.0
464.28	111.0
473.64	111.0
487.96	111.0
514.24	111.0
523.64	111.0
532.24	111.0
535.08	111.0
567.12	111.0
588.24	111.0
592.0	111.0
630.56	111.0
668.04	111.0
671.8	111.0
749.68	111.0
782.52	111.0
866.36	111.0
929.6	111.0
965.52	111.0
1013.76	111.0
1034.12	111.0
1065.72	111.0
1072.2	111.0
1085.12	111.0
1097.68	111.0
1118.68	111.0
1176.04	111.0
1232.4	111.0
1241.84	111.0
1248.96	111.0
1260.36	111.0
1355.04	111.0
306.56	112.0
127.92	112.0
284.4	112.0
323.92	112.0
338.6	112.0
430.88	112.0
443.32	112.0
809.16	112.0
864.52	112.0
873.4	112.0
921.48	112.0
1065.44	112.0
335.2	113.0
321.2	114.0
333.84	114.0
367.88	114.0
84.64	115.0
223.72	115.0
341.64	115.0
377.36	115.0
392.36	115.0
409.0	115.0
423.88	115.0
437.52	115.0
450.92	115.0
496.28	115.0
509.04	115.0
527.08	115.0
600.4	115.0
643.6	115.0
739.6	115.0
762.8	115.0
785.84	115.0
818.88	115.0
862.12	115.0
896.24	115.0
976.16	115.0
1053.64	115.0
1118.8	115.0
1159.0	115.0
1204.04	115.0
1398.48	115.0
313.0	116.0
591.76	116.0
667.32	116.0
1062.64	116.0
1090.52	116.0
25.84	116.0
40.84	116.0
83.68	116.0
131.48	116.0
192.72	116.0
263.84	116.0
308.44	116.0
319.0	116.0
322.84	116.0
325.84	116.0
330.4	116.0
336.88	116.0
351.92	116.0
356.56	116.0
363.88	116.0
371.0	116.0
386.4	116.0
389.2	116.0
393.2	116.0
399.68	116.0
421.68	116.0
533.52	116.0
543.6	116.0
588.6	116.0
705.6	116.0
712.76	116.0
736.04	116.0
884.28	116.0
952.4	116.0
1071.36	116.0
1155.96	116.0
1159.6	116.0
1231.76	116.0
1263.16	116.0
1309.12	116.0
1343.28	116.0
1350.0	116.0
324.92	117.0
352.84	117.0
372.2	117.0
403.96	117.0
449.96	117.0
473.64	117.0
496.48	117.0
28.64	117.0
173.0	117.0
335.72	117.0
363.6	117.0
385.88	117.0
581.96	117.0
666.48	117.0
926.32	117.0
939.96	117.0
323.92	118.0
171.2	118.0
306.12	118.0
311.44	118.0
313.96	118.0
319.12	118.0
330.24	118.0
333.72	118.0
341.88	118.0
358.12	118.0
369.52	118.0
489.92	118.0
683.0	118.0
1353.52	118.0
72.0	119.0
150.56	119.0
225.96	119.0
312.32	119.0
334.68	119.0
386.72	119.0
392.48	119.0
409.96	119.0
1063.28	119.0
1212.48	119.0
1277.16	119.0
178.08	120.0
220.04	120.0
253.4	120.0
287.84	120.0
307.72	120.0
323.4	120.0
392.12	120.0
487.12	120.0
710.88	120.0
736.2	120.0
857.4	120.0
1151.08	120.0
1275.04	120.0
