322.0	84.0
45.48	85.0
267.6	85.0
338.96	85.0
398.88	85.0
414.2	85.0
454.0	85.0
472.6	85.0
485.4	85.0
503.72	85.0
521.12	85.0
530.88	85.0
564.72	85.0
583.8	85.0
626.88	85.0
649.76	85.0
671.8	85.0
690.0	85.0
714.24	85.0
740.76	85.0
761.68	85.0
791.44	85.0
848.92	85.0
873.48	85.0
889.96	85.0
906.4	85.0
940.96	85.0
972.88	85.0
984.12	85.0
1008.12	85.0
1062.0	85.0
1092.12	85.0
1134.28	85.0
1157.56	85.0
1197.24	85.0
1212.24	85.0
42.56	86.0
68.52	86.0
100.36	86.0
149.56	86.0
217.96	86.0
235.48	86.0
307.36	86.0
323.08	86.0
356.84	86.0
439.2	86.0
457.0	86.0
541.08	86.0
607.2	86.0
646.96	86.0
695.48	86.0
742.0	86.0
774.16	86.0
816.16	86.0
876.32	86.0
889.32	86.0
934.36	86.0
981.44	86.0
1063.36	86.0
1076.84	86.0
1089.88	86.0
1093.52	86.0
1114.32	86.0
1182.48	86.0
1211.72	86.0
1243.88	86.0
1273.36	86.0
1329.04	86.0
1370.48	86.0
1382.12	86.0
1388.64	86.0
47.56	86.0
107.0	86.0
179.2	86.0
309.88	86.0
317.36	86.0
326.4	86.0
333.8	86.0
344.16	86.0
361.6	86.0
420.16	86.0
444.6	86.0
460.52	86.0
1000.8	86.0
1155.28	86.0
1173.28	86.0
714.4	87.0
30.68	87.0
54.44	87.0
101.0	87.0
110.0	87.0
197.48	87.0
241.4	87.0
307.16	87.0
310.12	87.0
314.56	87.0
318.2	87.0
322.88	87.0
330.96	87.0
359.96	87.0
387.04	87.0
400.76	87.0
411.28	87.0
431.88	87.0
452.2	87.0
463.8	87.0
475.8	87.0
507.68	87.0
532.84	87.0
553.16	87.0
571.96	87.0
595.8	87.0
705.64	87.0
746.56	87.0
944.56	87.0
985.84	87.0
1031.84	87.0
1068.64	87.0
1082.44	87.0
1147.48	87.0
1158.56	87.0
1219.08	87.0
1261.36	87.0
1338.2	87.0
204.52	88.0
302.8	88.0
343.68	88.0
371.24	88.0
104.16	88.0
158.72	88.0
250.24	88.0
315.6	88.0
325.96	88.0
361.16	88.0
764.84	88.0
1006.12	88.0
1009.24	88.0
1322.32	88.0
327.04	89.0
351.4	89.0
462.88	89.0
741.16	89.0
975.92	89.0
1200.84	89.0
1225.72	89.0
41.72	90.0
45.56	90.0
81.08	90.0
260.44	90.0
351.12	90.0
463.8	90.0
773.92	90.0
938.52	90.0
1036.88	90.0
1102.44	90.0
1225.44	90.0
1368.24	90.0
404.28	91.0
464.4	91.0
322.48	91.0
331.64	91.0
455.52	91.0
483.28	91.0
337.8	92.0
362.28	92.0
378.04	92.0
399.12	92.0
413.16	92.0
428.04	92.0
449.68	92.0
482.64	92.0
500.36	92.0
543.8	92.0
604.0	92.0
630.16	92.0
714.36	92.0
769.04	92.0
849.64	92.0
891.0	92.0
1010.24	92.0
1275.4	92.0
302.56	92.0
308.44	92.0
365.88	92.0
382.4	92.0
456.96	92.0
486.48	92.0
522.56	92.0
551.68	92.0
591.44	92.0
648.36	92.0
718.12	92.0
899.12	92.0
977.08	92.0
1162.52	92.0
1193.64	92.0
1220.28	92.0
1279.32	92.0
1316.08	92.0
302.52	93.0
397.76	93.0
425.64	93.0
459.68	93.0
472.32	93.0
484.68	93.0
518.08	93.0
540.64	93.0
603.4	93.0
625.44	93.0
649.72	93.0
670.52	93.0
712.44	93.0
741.0	93.0
768.16	93.0
782.16	93.0
821.8	93.0
871.16	93.0
940.68	93.0
971.88	93.0
1008.56	93.0
1035.96	93.0
1056.6	93.0
1064.84	93.0
1194.76	93.0
1291.6	93.0
306.28	93.0
410.92	93.0
436.92	93.0
500.72	93.0
583.08	93.0
846.04	93.0
886.88	93.0
1131.28	93.0
1272.32	93.0
47.08	94.0
302.48	94.0
670.92	94.0
317.68	94.0
335.16	94.0
363.0	94.0
394.36	94.0
407.44	94.0
441.64	94.0
455.52	94.0
484.16	94.0
500.48	94.0
768.4	94.0
1036.16	94.0
306.68	95.0
43.32	95.0
473.52	95.0
506.88	95.0
560.64	95.0
614.4	95.0
642.96	95.0
688.96	95.0
893.08	95.0
955.8	95.0
1012.68	95.0
1061.64	95.0
1149.6	95.0
321.2	97.0
77.56	97.0
313.64	97.0
316.84	97.0
328.72	97.0
427.8	97.0
487.84	97.0
605.0	97.0
874.12	97.0
40.88	99.0
131.8	99.0
201.88	99.0
306.84	99.0
312.76	99.0
323.64	99.0
336.4	99.0
372.0	99.0
793.76	99.0
977.24	99.0
1131.56	99.0
102.6	100.0
196.56	100.0
285.76	100.0
346.68	100.0
443.08	100.0
563.8	100.0
585.96	100.0
607.2	100.0
621.52	100.0
841.8	100.0
874.44	100.0
1200.88	100.0
1275.84	100.0
1325.28	100.0
312.2	101.0
329.12	101.0
403.52	101.0
308.32	102.0
312.28	102.0
769.16	102.0
306.12	103.0
320.6	103.0
362.88	103.0
366.72	103.0
440.72	103.0
320.56	104.0
338.8	104.0
374.52	104.0
395.28	104.0
410.76	104.0
436.72	104.0
500.56	104.0
582.88	104.0
601.16	104.0
623.32	104.0
648.16	104.0
668.92	104.0
710.6	104.0
741.28	104.0
766.24	104.0
845.88	104.0
886.72	104.0
970.32	104.0
1007.2	104.0
1034.12	104.0
1055.04	104.0
1131.12	104.0
1134.2	104.0
1193.36	104.0
203.96	104.0
311.32	104.0
317.96	104.0
325.12	104.0
363.64	104.0
389.24	104.0
586.64	104.0
697.44	104.0
748.24	104.0
822.32	104.0
949.32	104.0
958.52	104.0
1073.0	104.0
1340.6	104.0
1402.84	104.0
308.84	105.0
329.16	106.0
381.04	106.0
428.04	106.0
482.88	106.0
509.2	106.0
522.48	106.0
649.96	106.0
47.52	107.0
1340.36	107.0
54.64	107.0
184.48	107.0
210.12	107.0
264.6	107.0
327.68	107.0
333.24	107.0
363.36	107.0
404.6	107.0
448.32	107.0
458.76	107.0
488.84	107.0
504.56	107.0
633.24	107.0
713.8	107.0
796.28	107.0
819.72	107.0
853.28	107.0
880.36	107.0
938.76	107.0
1094.48	107.0
1127.96	107.0
1228.48	107.0
1238.36	107.0
1275.44	107.0
1335.08	107.0
1366.64	107.0
1391.16	107.0
1401.52	107.0
748.28	108.0
915.88	108.0
15.16	108.0
201.32	108.0
308.92	108.0
320.36	108.0
368.84	108.0
378.2	108.0
418.52	108.0
447.16	108.0
887.2	108.0
946.64	108.0
977.16	108.0
1135.96	108.0
1260.68	108.0
1285.6	108.0
1351.16	108.0
870.92	109.0
938.32	109.0
1102.16	109.0
1200.2	109.0
60.4	109.0
385.92	109.0
1368.52	109.0
335.52	110.0
947.92	110.0
1345.56	110.0
59.44	110.0
73.36	110.0
311.52	110.0
351.92	110.0
385.12	110.0
403.84	110.0
436.6	110.0
454.8	110.0
489.76	110.0
514.4	110.0
532.84	110.0
584.04	110.0
869.68	110.0
937.32	110.0
974.0	110.0
1032.0	110.0
1277.56	110.0
1378.04	110.0
1403.24	110.0
307.04	111.0
37.28	111.0
44.64	111.0
73.32	111.0
82.36	111.0
93.28	111.0
140.96	111.0
174.76	111.0
258.92	111.0
302.84	111.0
312.16	111.0
325.56	111.0
351.88	111.0
360.88	111.0
368.52	111.0
416.16	111.0
434.32	111.0
466.68	111.0
503.64	111.0
550.68	111.0
561.88	111.0
584.88	111.0
588.72	111.0
689.28	111.0
744.68	111.0
772.28	111.0
776.28	111.0
855.16	111.0
869.16	111.0
932.72	111.0
943.12	111.0
1036.2	111.0
1080.68	111.0
1268.28	111.0
1277.56	111.0
1306.04	111.0
1312.56	111.0
1397.48	111.0
1403.16	111.0
45.0	112.0
59.84	112.0
125.08	112.0
435.2	112.0
602.92	112.0
1130.84	112.0
1269.44	112.0
1278.04	112.0
204.04	113.0
24.0	114.0
321.8	114.0
674.68	115.0
13.52	115.0
83.64	115.0
342.68	115.0
404.16	115.0
436.92	115.0
455.04	115.0
480.72	115.0
497.08	115.0
514.64	115.0
533.08	115.0
546.4	115.0
565.4	115.0
584.32	115.0
602.68	115.0
645.72	115.0
692.44	115.0
717.8	115.0
742.4	115.0
795.28	115.0
824.32	115.0
869.92	115.0
915.76	115.0
978.96	115.0
1032.24	115.0
1065.24	115.0
309.64	116.0
318.6	116.0
601.8	116.0
1095.32	116.0
1137.4	116.0
8.2	116.0
47.88	116.0
73.56	116.0
107.16	116.0
141.6	116.0
177.0	116.0
197.76	116.0
239.24	116.0
278.44	116.0
302.52	116.0
306.52	116.0
315.12	116.0
325.6	116.0
336.6	116.0
343.56	116.0
349.68	116.0
359.28	116.0
362.56	116.0
369.0	116.0
378.16	116.0
385.2	116.0
389.64	116.0
404.92	116.0
412.4	116.0
415.12	116.0
418.76	116.0
424.32	116.0
441.8	116.0
466.72	116.0
472.16	116.0
482.64	116.0
512.04	116.0
567.6	116.0
583.44	116.0
747.52	116.0
762.64	116.0
793.56	116.0
835.04	116.0
941.76	116.0
967.64	116.0
1010.68	116.0
1016.16	116.0
1146.8	116.0
1192.04	116.0
1204.84	116.0
1275.16	116.0
1303.72	116.0
1341.08	116.0
334.28	117.0
380.8	117.0
446.16	117.0
651.88	117.0
44.96	117.0
230.16	117.0
310.84	117.0
326.36	117.0
361.64	117.0
466.96	117.0
480.08	117.0
606.2	117.0
825.84	117.0
1277.84	117.0
138.36	118.0
363.16	118.0
466.68	118.0
582.84	118.0
57.68	118.0
288.64	118.0
306.44	118.0
317.88	118.0
328.84	118.0
383.44	118.0
770.72	118.0
935.48	118.0
1033.84	118.0
1099.76	118.0
1198.32	118.0
1276.04	118.0
1336.6	118.0
1366.0	118.0
1403.32	118.0
45.32	119.0
144.88	119.0
312.24	119.0
449.4	119.0
1073.04	119.0
1169.4	120.0
27.84	120.0
103.4	120.0
213.44	120.0
291.92	120.0
363.32	120.0
486.6	120.0
1174.24	120.0
1369.68	120.0
