343.08	85.0
390.72	85.0
591.8	85.0
700.44	85.0
828.08	85.0
1271.56	85.0
53.12	86.0
84.76	86.0
121.48	86.0
272.84	86.0
323.8	86.0
333.52	86.0
366.04	86.0
415.08	86.0
442.28	86.0
607.36	86.0
643.76	86.0
667.96	86.0
687.6	86.0
763.4	86.0
809.2	86.0
902.24	86.0
1021.52	86.0
1062.04	86.0
1212.08	86.0
1228.6	86.0
1248.68	86.0
1262.64	86.0
1266.4	86.0
1307.64	86.0
1375.36	86.0
9.6	86.0
12.44	86.0
157.76	86.0
306.96	86.0
316.08	86.0
337.04	86.0
349.12	86.0
370.08	86.0
701.2	86.0
823.24	86.0
939.96	86.0
987.04	86.0
1015.8	86.0
1028.96	86.0
1270.56	86.0
1389.56	86.0
56.48	87.0
70.56	87.0
114.16	87.0
117.96	87.0
122.68	87.0
137.96	87.0
155.8	87.0
307.56	87.0
330.8	87.0
508.88	87.0
527.24	87.0
573.24	87.0
604.36	87.0
656.4	87.0
686.72	87.0
696.88	87.0
715.68	87.0
773.24	87.0
785.6	87.0
862.04	87.0
878.76	87.0
900.2	87.0
966.84	87.0
1054.36	87.0
1184.44	87.0
1251.52	87.0
1273.72	87.0
1327.16	87.0
1339.96	87.0
1393.6	87.0
40.24	88.0
302.8	88.0
703.04	88.0
858.2	88.0
1116.08	88.0
85.24	88.0
308.08	88.0
315.4	88.0
321.08	88.0
340.0	88.0
380.48	88.0
690.56	88.0
740.72	88.0
825.88	88.0
969.68	88.0
1051.52	88.0
1239.4	88.0
1324.2	88.0
1331.88	88.0
1399.28	88.0
23.52	89.0
92.04	89.0
308.92	89.0
410.44	89.0
453.64	89.0
765.24	89.0
1053.12	89.0
1270.44	89.0
1305.32	90.0
7.16	90.0
23.16	90.0
333.92	90.0
341.36	90.0
410.2	90.0
453.36	90.0
656.6	90.0
727.36	90.0
998.68	90.0
1052.84	90.0
1124.44	90.0
1199.76	90.0
1226.4	90.0
1239.12	90.0
1270.16	90.0
1274.0	90.0
1320.84	90.0
306.32	91.0
294.88	91.0
315.08	91.0
1072.6	91.0
1327.44	91.0
319.88	92.0
409.12	92.0
7.8	92.0
42.8	92.0
89.72	92.0
160.96	92.0
256.76	92.0
302.56	92.0
309.12	92.0
323.8	92.0
333.64	92.0
556.92	92.0
729.68	92.0
818.6	92.0
825.16	92.0
846.4	92.0
903.28	92.0
986.28	92.0
1023.44	92.0
1129.32	92.0
1200.48	92.0
1258.6	92.0
1270.6	92.0
1321.08	92.0
307.08	93.0
333.16	93.0
376.44	94.0
314.52	94.0
326.92	94.0
359.92	94.0
393.92	94.0
1270.16	94.0
1363.84	94.0
29.72	95.0
246.2	95.0
306.04	95.0
308.56	95.0
317.08	95.0
1034.72	95.0
1127.48	95.0
1268.6	95.0
24.28	96.0
121.8	96.0
122.08	97.0
306.36	97.0
329.64	97.0
335.48	97.0
1054.24	97.0
1077.24	97.0
1399.8	97.0
308.76	98.0
33.56	99.0
65.12	99.0
100.84	99.0
217.36	99.0
261.6	99.0
306.92	99.0
314.64	99.0
320.44	99.0
324.6	99.0
336.28	99.0
639.36	99.0
837.24	99.0
975.32	99.0
1001.04	99.0
1090.56	99.0
1258.88	99.0
215.12	100.0
336.96	100.0
422.28	100.0
494.4	100.0
634.64	100.0
732.2	100.0
1090.2	100.0
1107.0	100.0
1269.04	100.0
1385.84	100.0
966.12	103.0
25.64	104.0
88.4	104.0
120.52	104.0
161.88	104.0
221.0	104.0
263.04	104.0
309.72	104.0
319.92	104.0
332.52	104.0
424.48	104.0
525.8	104.0
585.08	104.0
611.72	104.0
656.4	104.0
673.44	104.0
729.44	104.0
776.48	104.0
1003.16	104.0
1089.88	104.0
1239.8	104.0
1267.68	104.0
1271.08	104.0
1388.8	104.0
1027.76	105.0
97.44	106.0
217.16	106.0
11.28	107.0
27.88	107.0
56.32	107.0
89.6	107.0
156.36	107.0
298.44	107.0
319.72	107.0
348.44	107.0
368.84	107.0
503.84	107.0
520.56	107.0
731.76	107.0
762.12	107.0
799.6	107.0
826.24	107.0
911.48	107.0
947.64	107.0
956.96	107.0
988.12	107.0
1021.36	107.0
1109.52	107.0
1165.4	107.0
1207.16	107.0
1225.4	107.0
1340.16	107.0
1377.44	107.0
308.4	108.0
116.76	108.0
217.96	108.0
260.08	108.0
314.88	108.0
338.24	108.0
583.64	108.0
644.72	108.0
738.2	108.0
785.8	108.0
841.96	108.0
962.76	108.0
983.84	108.0
1014.04	108.0
1102.32	108.0
1176.16	108.0
1219.68	108.0
1255.52	108.0
1311.0	108.0
86.24	109.0
366.0	109.0
1000.24	109.0
1013.96	109.0
23.16	110.0
45.56	110.0
85.44	110.0
317.0	110.0
326.68	110.0
388.72	110.0
452.08	110.0
733.6	110.0
1141.4	110.0
1319.24	110.0
1378.44	110.0
1260.68	111.0
24.04	111.0
90.08	111.0
115.56	111.0
163.04	111.0
241.0	111.0
261.68	111.0
282.16	111.0
302.96	111.0
311.56	111.0
316.84	111.0
323.08	111.0
326.76	111.0
452.0	111.0
504.12	111.0
607.44	111.0
633.32	111.0
654.96	111.0
671.16	111.0
725.52	111.0
759.64	111.0
827.8	111.0
851.32	111.0
922.8	111.0
999.72	111.0
1047.48	111.0
1090.88	111.0
1141.36	111.0
1200.44	111.0
1214.64	111.0
1237.68	111.0
1276.52	111.0
1319.24	111.0
1336.76	111.0
1382.6	111.0
261.84	112.0
164.24	112.0
216.72	112.0
351.64	112.0
518.8	112.0
607.88	112.0
985.64	112.0
1087.68	112.0
1165.72	112.0
1202.44	112.0
1222.04	112.0
1238.08	112.0
1319.72	112.0
1361.84	112.0
525.52	113.0
121.48	113.0
306.52	114.0
581.08	114.0
306.04	115.0
1319.16	115.0
308.56	115.0
345.12	115.0
822.72	115.0
904.28	115.0
1073.48	115.0
217.04	116.0
309.4	116.0
582.24	116.0
827.48	116.0
10.28	116.0
67.56	116.0
86.08	116.0
109.28	116.0
115.92	116.0
236.96	116.0
247.2	116.0
259.48	116.0
292.84	116.0
306.52	116.0
316.44	116.0
323.4	116.0
334.84	116.0
338.44	116.0
351.68	116.0
374.4	116.0
424.44	116.0
587.88	116.0
639.16	116.0
643.88	116.0
691.12	116.0
745.36	116.0
765.96	116.0
790.64	116.0
795.28	116.0
823.4	116.0
850.88	116.0
883.88	116.0
1001.36	116.0
1013.76	116.0
1043.12	116.0
1057.16	116.0
1122.36	116.0
1137.32	116.0
1143.4	116.0
1157.24	116.0
1166.0	116.0
1197.68	116.0
1215.24	116.0
1227.52	116.0
1238.04	116.0
1250.12	116.0
1269.48	116.0
1309.04	116.0
1347.48	116.0
6.08	117.0
63.76	117.0
120.04	117.0
216.0	117.0
282.4	117.0
327.28	117.0
376.52	117.0
738.96	117.0
816.12	117.0
823.6	117.0
849.48	117.0
926.72	117.0
1173.72	117.0
1319.52	117.0
605.2	118.0
118.08	118.0
214.16	118.0
306.0	118.0
311.24	118.0
319.28	118.0
324.68	118.0
335.0	118.0
516.44	118.0
723.68	118.0
813.96	118.0
949.56	118.0
997.92	118.0
1139.84	118.0
1236.08	118.0
1317.64	118.0
6.88	119.0
156.24	119.0
312.16	119.0
548.0	119.0
1372.32	119.0
1375.04	119.0
1395.76	119.0
87.44	120.0
119.2	120.0
307.64	120.0
310.28	120.0
638.64	120.0
695.64	120.0
753.36	120.0
819.12	120.0
941.32	120.0
956.32	120.0
1165.12	120.0
1221.48	120.0
1226.16	120.0
1285.48	120.0
