239.88	84.0
103.96	85.0
249.4	85.0
389.4	85.0
469.52	85.0
1097.68	85.0
1279.04	85.0
1344.72	85.0
159.64	86.0
183.16	86.0
192.88	86.0
209.0	86.0
220.64	86.0
236.28	86.0
239.84	86.0
258.2	86.0
282.96	86.0
295.96	86.0
329.28	86.0
348.84	86.0
371.0	86.0
391.72	86.0
410.8	86.0
424.72	86.0
462.0	86.0
544.28	86.0
643.8	86.0
999.64	86.0
1018.48	86.0
1034.52	86.0
1052.04	86.0
1058.04	86.0
1070.64	86.0
1083.44	86.0
1091.16	86.0
1113.44	86.0
1162.32	86.0
1176.96	86.0
1207.16	86.0
1223.6	86.0
1252.16	86.0
1287.64	86.0
1303.36	86.0
1372.32	86.0
265.08	86.0
267.72	86.0
299.16	86.0
314.84	86.0
321.4	86.0
332.36	86.0
376.6	86.0
443.36	86.0
1022.2	86.0
1037.96	86.0
1061.64	86.0
1075.36	86.0
1094.76	86.0
1133.92	86.0
1140.92	86.0
1148.84	86.0
1170.08	86.0
1182.6	86.0
1396.4	86.0
785.64	87.0
97.16	87.0
203.52	87.0
246.12	87.0
266.84	87.0
302.52	87.0
311.28	87.0
316.68	87.0
350.2	87.0
370.6	87.0
384.32	87.0
454.72	87.0
575.32	87.0
1000.72	87.0
1011.8	87.0
1069.84	87.0
1080.96	87.0
1111.04	87.0
1126.48	87.0
1138.8	87.0
1225.08	87.0
1263.48	87.0
1279.44	87.0
1308.44	87.0
1353.72	87.0
343.2	88.0
1123.72	88.0
7.24	88.0
65.44	88.0
182.24	88.0
210.4	88.0
242.72	88.0
264.68	88.0
295.08	88.0
302.96	88.0
308.96	88.0
323.72	88.0
377.88	88.0
439.8	88.0
464.56	88.0
536.64	88.0
603.92	88.0
638.24	88.0
679.64	88.0
771.44	88.0
868.56	88.0
905.16	88.0
934.84	88.0
1005.36	88.0
1030.56	88.0
1062.92	88.0
1092.84	88.0
1108.32	88.0
1137.48	88.0
1149.96	88.0
1179.56	88.0
1208.44	88.0
1227.2	88.0
1242.88	88.0
1292.92	88.0
1354.2	88.0
1377.76	88.0
308.32	89.0
184.88	89.0
297.76	89.0
317.48	89.0
323.64	89.0
402.88	89.0
407.84	89.0
934.2	89.0
1018.96	89.0
1115.08	89.0
1161.12	89.0
1177.0	89.0
1248.16	89.0
1360.92	89.0
16.32	90.0
176.32	90.0
213.04	90.0
254.88	90.0
317.24	90.0
323.32	90.0
350.0	90.0
380.0	90.0
481.68	90.0
1004.76	90.0
1008.44	90.0
1018.72	90.0
1124.56	90.0
1360.64	90.0
309.76	91.0
8.8	91.0
719.32	91.0
1120.28	91.0
269.4	92.0
302.6	92.0
322.76	92.0
739.48	92.0
907.92	92.0
939.84	92.0
1025.08	92.0
1140.56	92.0
1211.44	92.0
1324.36	92.0
335.04	93.0
391.96	93.0
525.4	93.0
1179.72	93.0
1238.24	93.0
416.72	93.0
1302.2	93.0
126.04	94.0
285.04	94.0
603.52	94.0
666.24	94.0
1369.52	94.0
329.4	94.0
362.24	94.0
1101.8	94.0
452.44	95.0
1075.16	95.0
1196.28	95.0
1211.16	96.0
360.24	96.0
602.36	96.0
971.28	96.0
177.44	97.0
193.8	97.0
215.48	97.0
238.2	97.0
276.6	97.0
390.8	97.0
535.12	97.0
770.24	97.0
1072.36	97.0
1102.36	97.0
1131.6	97.0
1221.48	97.0
1344.6	97.0
1369.4	97.0
34.36	97.0
296.6	97.0
299.8	97.0
320.76	97.0
331.68	97.0
359.28	97.0
577.92	97.0
623.44	97.0
1010.28	97.0
1149.4	97.0
358.08	98.0
235.52	99.0
308.4	99.0
316.44	99.0
325.4	99.0
608.2	99.0
1040.44	99.0
1075.68	99.0
1087.16	99.0
1142.52	99.0
1210.12	99.0
307.12	100.0
224.52	100.0
240.72	100.0
313.2	100.0
341.48	100.0
397.68	100.0
544.44	100.0
642.0	100.0
736.32	100.0
770.12	100.0
910.44	100.0
1242.36	100.0
1264.32	100.0
1398.92	100.0
309.56	101.0
886.84	102.0
1266.44	103.0
306.08	103.0
13.24	104.0
187.0	104.0
215.88	104.0
241.2	104.0
287.44	104.0
314.32	104.0
324.44	104.0
345.4	104.0
467.52	104.0
547.76	104.0
564.36	104.0
604.16	104.0
670.0	104.0
687.64	104.0
778.24	104.0
878.0	104.0
971.96	104.0
1005.36	104.0
1037.24	104.0
1085.0	104.0
1142.48	104.0
1179.84	104.0
1212.64	104.0
1243.96	104.0
1265.28	104.0
1314.2	104.0
1341.24	104.0
1362.64	104.0
1383.4	104.0
308.2	106.0
1156.68	106.0
1247.6	106.0
1279.24	106.0
59.64	107.0
209.96	107.0
262.84	107.0
316.04	107.0
330.88	107.0
369.92	107.0
393.04	107.0
414.64	107.0
462.24	107.0
546.52	107.0
682.04	107.0
731.44	107.0
782.92	107.0
874.68	107.0
969.96	107.0
1030.72	107.0
1099.56	107.0
1169.24	107.0
1180.52	107.0
1276.96	107.0
1367.16	107.0
238.44	108.0
307.12	108.0
326.88	108.0
350.8	108.0
1025.24	108.0
1088.24	108.0
176.04	109.0
212.84	109.0
223.8	109.0
308.88	109.0
481.4	109.0
642.08	109.0
871.96	109.0
1008.2	109.0
1402.16	109.0
183.44	110.0
126.8	110.0
264.56	110.0
324.44	110.0
350.72	110.0
367.2	110.0
404.48	110.0
461.36	110.0
495.88	110.0
561.8	110.0
1047.36	110.0
1171.68	110.0
261.28	111.0
23.4	111.0
151.4	111.0
182.92	111.0
207.96	111.0
238.24	111.0
243.64	111.0
258.24	111.0
265.08	111.0
296.56	111.0
302.84	111.0
308.8	111.0
317.84	111.0
344.76	111.0
360.16	111.0
393.8	111.0
398.52	111.0
461.28	111.0
477.12	111.0
495.76	111.0
502.6	111.0
561.76	111.0
635.88	111.0
677.56	111.0
754.16	111.0
940.84	111.0
992.32	111.0
1017.08	111.0
1047.36	111.0
1079.64	111.0
1092.72	111.0
1115.52	111.0
1188.52	111.0
1206.36	111.0
1246.52	111.0
1264.88	111.0
1277.36	111.0
1322.44	111.0
1325.48	111.0
1345.28	111.0
1389.56	111.0
220.36	112.0
242.0	112.0
346.56	112.0
941.76	112.0
1017.4	112.0
1040.68	112.0
1200.44	112.0
317.56	114.0
335.44	114.0
207.88	115.0
25.16	115.0
264.76	115.0
309.6	115.0
371.28	115.0
452.44	115.0
477.28	115.0
989.2	115.0
1038.84	115.0
1079.04	115.0
1126.52	115.0
1210.84	115.0
190.6	116.0
212.84	116.0
223.76	116.0
236.12	116.0
243.32	116.0
252.24	116.0
286.64	116.0
308.52	116.0
314.6	116.0
326.8	116.0
330.56	116.0
340.88	116.0
346.4	116.0
349.92	116.0
373.24	116.0
384.44	116.0
392.0	116.0
548.08	116.0
562.4	116.0
602.36	116.0
642.84	116.0
722.96	116.0
773.48	116.0
794.16	116.0
853.8	116.0
856.96	116.0
914.72	116.0
919.88	116.0
940.84	116.0
957.64	116.0
987.24	116.0
1011.92	116.0
1046.84	116.0
1074.96	116.0
1119.56	116.0
1157.88	116.0
1179.28	116.0
1207.04	116.0
1281.72	116.0
1376.68	116.0
317.92	117.0
331.32	117.0
261.32	117.0
286.24	117.0
309.16	117.0
379.2	117.0
496.12	117.0
1123.68	117.0
1154.52	117.0
1171.84	117.0
1019.52	118.0
221.8	118.0
263.56	118.0
294.68	118.0
307.0	118.0
323.2	118.0
332.0	118.0
377.36	118.0
890.2	118.0
924.12	118.0
1015.44	118.0
1121.92	118.0
311.24	119.0
1200.72	120.0
23.16	120.0
196.24	120.0
308.72	120.0
337.64	120.0
477.48	120.0
748.52	120.0
795.12	120.0
890.6	120.0
1023.32	120.0
1040.16	120.0
1144.2	120.0
1210.12	120.0
1274.08	120.0
