328.56	84.0
335.08	84.0
344.68	84.0
362.8	84.0
316.84	85.0
327.64	85.0
332.16	85.0
380.32	85.0
422.08	85.0
446.04	85.0
478.36	85.0
498.84	85.0
536.8	85.0
554.52	85.0
565.0	85.0
581.8	85.0
628.56	85.0
645.72	85.0
683.6	85.0
781.56	85.0
804.48	85.0
838.88	85.0
902.0	85.0
936.52	85.0
986.68	85.0
1057.76	85.0
1125.12	85.0
1164.52	85.0
1261.2	85.0
1331.92	85.0
367.72	86.0
378.12	86.0
400.12	86.0
409.0	86.0
431.88	86.0
493.96	86.0
515.76	86.0
518.32	86.0
547.8	86.0
613.2	86.0
666.36	86.0
708.68	86.0
729.68	86.0
749.56	86.0
769.92	86.0
832.0	86.0
863.28	86.0
883.08	86.0
905.88	86.0
929.36	86.0
991.44	86.0
1008.6	86.0
1025.0	86.0
1036.16	86.0
1053.6	86.0
1096.32	86.0
1138.88	86.0
1157.08	86.0
1181.52	86.0
1216.76	86.0
1257.64	86.0
1273.16	86.0
1348.76	86.0
1362.4	86.0
1395.12	86.0
1399.08	86.0
307.36	86.0
311.4	86.0
316.16	86.0
323.88	86.0
326.44	86.0
348.24	86.0
360.56	86.0
381.12	86.0
390.28	86.0
419.96	86.0
446.6	86.0
449.48	86.0
582.8	86.0
632.28	86.0
648.6	86.0
843.76	86.0
866.24	86.0
885.76	86.0
1187.76	86.0
1221.64	86.0
1243.68	86.0
1246.52	86.0
1321.32	86.0
1380.92	86.0
308.24	87.0
327.84	87.0
350.76	87.0
1096.32	87.0
313.44	87.0
330.36	87.0
336.6	87.0
339.8	87.0
343.4	87.0
355.08	87.0
359.68	87.0
363.48	87.0
367.08	87.0
378.32	87.0
383.28	87.0
389.08	87.0
399.76	87.0
411.84	87.0
463.76	87.0
554.92	87.0
583.56	87.0
744.44	87.0
802.56	87.0
843.84	87.0
919.24	87.0
933.84	87.0
980.32	87.0
1033.64	87.0
302.8	88.0
326.76	88.0
365.2	88.0
384.6	88.0
307.92	88.0
312.96	88.0
329.28	88.0
331.8	88.0
349.36	88.0
352.2	88.0
371.84	88.0
402.96	88.0
458.76	88.0
493.36	88.0
711.36	88.0
759.96	88.0
828.28	88.0
932.96	88.0
975.44	88.0
995.52	88.0
1044.72	88.0
1085.24	88.0
1261.76	88.0
1291.96	88.0
1294.88	88.0
330.52	89.0
322.6	89.0
327.68	89.0
340.56	89.0
346.76	89.0
352.56	89.0
412.2	89.0
468.92	89.0
810.52	89.0
856.08	89.0
897.76	89.0
908.84	89.0
1400.0	89.0
313.68	90.0
316.92	90.0
327.4	90.0
343.48	90.0
351.44	90.0
356.4	90.0
376.44	90.0
381.84	90.0
385.84	90.0
411.88	90.0
445.84	90.0
582.92	90.0
615.84	90.0
1055.2	90.0
353.68	91.0
364.6	91.0
420.76	91.0
1118.44	91.0
307.28	91.0
312.88	91.0
349.64	91.0
448.64	91.0
313.4	92.0
321.8	92.0
328.32	92.0
341.4	92.0
350.72	92.0
357.56	92.0
374.96	92.0
514.76	92.0
302.92	92.0
307.44	92.0
316.96	92.0
332.68	92.0
336.44	92.0
354.72	92.0
363.24	92.0
382.04	92.0
393.24	92.0
400.2	92.0
410.28	92.0
419.44	92.0
425.72	92.0
433.04	92.0
450.16	92.0
460.96	92.0
464.92	92.0
476.48	92.0
493.48	92.0
511.72	92.0
526.72	92.0
548.4	92.0
565.6	92.0
595.4	92.0
610.96	92.0
628.28	92.0
665.56	92.0
682.64	92.0
715.56	92.0
730.28	92.0
851.28	92.0
898.6	92.0
1049.08	92.0
1055.2	92.0
1215.16	92.0
1399.24	92.0
307.84	93.0
332.64	93.0
343.16	93.0
354.72	93.0
363.16	93.0
371.04	93.0
384.48	93.0
394.16	93.0
409.36	93.0
420.92	93.0
437.32	93.0
451.64	93.0
470.16	93.0
485.68	93.0
501.32	93.0
562.04	93.0
586.44	93.0
596.2	93.0
623.88	93.0
652.12	93.0
702.0	93.0
736.92	93.0
839.48	93.0
884.88	93.0
927.16	93.0
1018.52	93.0
1391.48	93.0
342.64	94.0
644.56	94.0
886.68	94.0
916.56	94.0
933.68	94.0
326.44	94.0
329.36	94.0
356.24	94.0
371.48	94.0
418.0	94.0
449.12	94.0
535.36	94.0
954.68	94.0
1313.56	94.0
1385.24	94.0
308.8	95.0
321.48	95.0
330.24	95.0
347.72	95.0
384.44	95.0
717.2	95.0
1081.8	95.0
356.72	96.0
327.48	97.0
512.72	97.0
581.8	97.0
732.16	97.0
889.08	97.0
1079.12	97.0
1340.84	97.0
1370.44	97.0
308.8	97.0
332.96	97.0
340.56	97.0
345.24	97.0
645.44	97.0
788.16	97.0
973.72	97.0
1037.92	97.0
1321.68	97.0
1395.88	97.0
309.88	98.0
328.64	98.0
355.56	98.0
1077.8	98.0
376.0	99.0
307.68	99.0
313.4	99.0
317.32	99.0
321.4	99.0
326.16	99.0
330.12	99.0
334.44	99.0
339.96	99.0
342.72	99.0
348.28	99.0
353.44	99.0
367.64	99.0
408.48	99.0
437.64	99.0
516.16	99.0
562.64	99.0
713.68	99.0
815.36	99.0
857.12	99.0
993.88	99.0
1142.04	99.0
1224.08	99.0
1253.36	99.0
1297.36	99.0
1355.16	99.0
1397.4	99.0
315.04	100.0
307.36	100.0
327.68	100.0
336.0	100.0
356.2	100.0
375.16	100.0
646.24	100.0
696.04	100.0
712.72	100.0
813.2	100.0
830.4	100.0
855.92	100.0
999.84	100.0
1035.64	100.0
1054.68	100.0
1081.28	100.0
1242.2	100.0
1260.44	100.0
310.76	101.0
316.28	101.0
327.36	101.0
338.52	101.0
343.64	101.0
351.0	101.0
363.48	101.0
381.96	101.0
412.04	101.0
424.68	101.0
447.12	101.0
482.8	101.0
510.72	101.0
530.88	101.0
547.0	101.0
595.12	101.0
612.8	101.0
629.4	101.0
646.4	101.0
763.16	101.0
814.76	101.0
850.04	101.0
878.08	101.0
902.52	101.0
932.2	101.0
949.56	101.0
999.36	101.0
425.04	102.0
330.32	102.0
343.32	102.0
313.52	103.0
309.32	103.0
329.44	103.0
372.92	103.0
420.8	103.0
614.16	103.0
309.0	104.0
372.52	104.0
311.68	104.0
316.48	104.0
321.2	104.0
327.36	104.0
333.52	104.0
336.12	104.0
343.16	104.0
351.64	104.0
356.72	104.0
360.6	104.0
369.84	104.0
386.08	104.0
418.08	104.0
421.32	104.0
466.12	104.0
517.72	104.0
632.08	104.0
637.56	104.0
766.52	104.0
793.52	104.0
833.84	104.0
860.8	104.0
886.68	104.0
892.64	104.0
912.0	104.0
937.44	104.0
977.96	104.0
983.52	104.0
1010.96	104.0
1065.48	104.0
1151.8	104.0
1162.04	104.0
1184.04	104.0
1258.08	104.0
1276.36	104.0
1354.48	104.0
1401.24	104.0
345.04	105.0
326.16	106.0
383.52	106.0
522.32	106.0
330.52	107.0
370.52	107.0
307.48	107.0
312.24	107.0
314.88	107.0
334.56	107.0
342.48	107.0
353.36	107.0
356.76	107.0
376.56	107.0
380.0	107.0
389.24	107.0
407.48	107.0
424.32	107.0
613.16	107.0
672.28	107.0
708.12	107.0
714.6	107.0
904.6	107.0
1010.6	107.0
1077.4	107.0
1203.64	107.0
1273.04	107.0
1294.32	107.0
309.32	108.0
328.12	108.0
389.64	108.0
316.08	108.0
337.96	108.0
345.16	108.0
347.76	108.0
354.88	108.0
363.08	108.0
368.84	108.0
374.52	108.0
377.28	108.0
407.36	108.0
424.36	108.0
438.08	108.0
316.72	109.0
372.68	109.0
395.84	109.0
445.6	109.0
343.76	109.0
375.76	109.0
322.6	110.0
331.36	110.0
342.96	110.0
352.08	110.0
375.64	110.0
407.0	110.0
884.08	110.0
916.96	110.0
1140.32	110.0
307.48	110.0
316.68	110.0
326.72	110.0
346.92	110.0
364.28	110.0
371.0	110.0
384.84	110.0
424.72	110.0
490.8	110.0
515.28	110.0
594.76	110.0
629.28	110.0
632.44	110.0
716.84	110.0
797.16	110.0
817.4	110.0
852.08	110.0
973.2	110.0
1083.44	110.0
1177.36	110.0
1259.0	110.0
307.12	111.0
310.12	111.0
328.12	111.0
381.28	111.0
1158.12	111.0
313.48	111.0
316.52	111.0
331.36	111.0
342.64	111.0
346.48	111.0
355.76	111.0
360.12	111.0
375.8	111.0
405.28	111.0
425.48	111.0
433.56	111.0
446.52	111.0
471.44	111.0
515.2	111.0
581.48	111.0
598.04	111.0
616.8	111.0
629.24	111.0
669.36	111.0
796.2	111.0
829.12	111.0
884.24	111.0
917.08	111.0
959.0	111.0
1016.96	111.0
1027.6	111.0
1054.32	111.0
1140.44	111.0
1256.84	111.0
1272.08	111.0
1280.96	111.0
1350.04	111.0
1383.76	111.0
311.52	112.0
342.04	112.0
359.8	112.0
394.16	112.0
406.04	112.0
625.0	112.0
763.0	112.0
1140.16	112.0
1359.36	112.0
332.16	113.0
343.48	113.0
352.52	113.0
364.12	113.0
379.68	113.0
312.48	114.0
317.72	114.0
323.16	114.0
330.92	114.0
337.44	114.0
342.36	114.0
348.96	114.0
356.52	114.0
361.24	114.0
369.04	114.0
377.4	114.0
384.6	114.0
394.68	114.0
334.0	114.0
888.92	114.0
1141.08	114.0
355.92	115.0
395.76	115.0
582.88	115.0
1214.6	115.0
307.28	115.0
321.64	115.0
327.0	115.0
335.92	115.0
339.24	115.0
348.76	115.0
371.2	115.0
387.4	115.0
447.92	115.0
475.64	115.0
491.08	115.0
506.44	115.0
517.44	115.0
600.96	115.0
613.84	115.0
649.8	115.0
679.08	115.0
698.4	115.0
717.12	115.0
733.16	115.0
756.92	115.0
774.64	115.0
797.44	115.0
817.68	115.0
883.76	115.0
905.52	115.0
932.92	115.0
1003.08	115.0
1033.92	115.0
1056.72	115.0
1083.72	115.0
1177.6	115.0
1278.8	115.0
1373.32	115.0
326.6	116.0
349.12	116.0
351.64	116.0
1274.08	116.0
307.04	116.0
310.2	116.0
313.52	116.0
316.32	116.0
323.8	116.0
331.92	116.0
334.44	116.0
342.44	116.0
356.68	116.0
360.96	116.0
363.68	116.0
370.28	116.0
374.36	116.0
381.08	116.0
390.04	116.0
396.28	116.0
402.04	116.0
417.4	116.0
445.56	116.0
456.0	116.0
467.08	116.0
482.88	116.0
518.92	116.0
521.48	116.0
567.2	116.0
589.12	116.0
647.84	116.0
738.36	116.0
822.88	116.0
880.2	116.0
961.8	116.0
986.88	116.0
1064.64	116.0
1140.12	116.0
1158.32	116.0
1169.8	116.0
1196.4	116.0
1222.2	116.0
1241.8	116.0
1245.64	116.0
1288.44	116.0
1327.52	116.0
1341.24	116.0
1360.04	116.0
1387.24	116.0
347.6	117.0
372.68	117.0
395.76	117.0
310.12	117.0
313.4	117.0
360.48	117.0
491.68	117.0
548.88	117.0
648.48	117.0
1157.6	117.0
1343.36	117.0
336.12	118.0
306.56	118.0
311.64	118.0
325.24	118.0
332.88	118.0
343.84	118.0
348.64	118.0
351.24	118.0
371.6	118.0
382.0	118.0
432.0	118.0
882.52	118.0
1257.04	118.0
311.16	119.0
314.28	119.0
731.44	119.0
342.72	120.0
350.64	120.0
358.36	120.0
365.76	120.0
371.56	120.0
388.92	120.0
399.4	120.0
467.88	120.0
477.2	120.0
487.68	120.0
496.64	120.0
534.08	120.0
714.24	120.0
874.64	120.0
978.0	120.0
1024.12	120.0
1157.76	120.0
1272.36	120.0
