318.44	84.0
352.32	84.0
389.24	84.0
424.32	84.0
492.72	84.0
1104.12	84.0
1138.96	84.0
1209.08	84.0
306.96	85.0
325.64	85.0
334.4	85.0
1089.2	85.0
1292.96	85.0
1320.92	85.0
88.92	86.0
110.36	86.0
122.36	86.0
146.92	86.0
179.96	86.0
194.0	86.0
234.68	86.0
253.12	86.0
262.44	86.0
310.24	86.0
316.04	86.0
338.44	86.0
363.4	86.0
375.16	86.0
391.96	86.0
406.88	86.0
423.56	86.0
461.52	86.0
562.28	86.0
659.64	86.0
1010.28	86.0
1042.68	86.0
1082.2	86.0
1089.0	86.0
1114.44	86.0
1135.84	86.0
1143.96	86.0
1162.72	86.0
1250.72	86.0
1263.52	86.0
1293.36	86.0
1320.08	86.0
1330.96	86.0
224.88	86.0
307.72	86.0
319.24	86.0
322.76	86.0
326.72	86.0
333.32	86.0
347.0	86.0
357.52	86.0
1067.2	86.0
308.04	87.0
1070.16	87.0
196.2	87.0
256.88	87.0
316.28	87.0
321.28	87.0
326.08	87.0
330.36	87.0
339.72	87.0
347.92	87.0
361.48	87.0
379.16	87.0
405.88	87.0
1088.12	87.0
1127.96	87.0
1145.0	87.0
138.72	88.0
308.48	88.0
315.96	88.0
915.36	88.0
1028.68	88.0
302.64	88.0
319.04	88.0
360.92	88.0
861.12	88.0
918.56	88.0
976.4	88.0
1001.84	88.0
1063.88	88.0
1075.48	88.0
1149.12	88.0
1300.24	88.0
308.04	89.0
302.92	89.0
313.84	89.0
322.76	89.0
327.4	89.0
332.96	89.0
342.36	89.0
350.64	89.0
1025.36	89.0
1106.4	89.0
1250.84	89.0
505.8	90.0
195.4	90.0
292.0	90.0
308.2	90.0
317.72	90.0
322.36	90.0
332.6	90.0
437.68	90.0
564.88	90.0
709.6	90.0
999.28	90.0
1144.72	90.0
1179.96	90.0
1250.48	90.0
1301.76	90.0
321.52	91.0
976.52	91.0
306.28	92.0
317.84	92.0
332.4	92.0
1063.36	92.0
29.2	92.0
134.0	92.0
250.68	92.0
302.76	92.0
351.52	92.0
396.12	92.0
533.56	92.0
704.4	92.0
815.08	92.0
871.84	92.0
919.76	92.0
951.84	92.0
996.28	92.0
1008.8	92.0
1032.84	92.0
1288.88	92.0
1301.52	92.0
306.52	93.0
321.32	93.0
1117.4	93.0
1068.4	94.0
184.2	94.0
315.2	94.0
335.24	94.0
414.72	94.0
458.24	94.0
972.6	94.0
980.92	94.0
1142.2	94.0
167.28	95.0
199.8	95.0
306.96	95.0
526.96	95.0
573.24	95.0
1040.48	95.0
1159.52	95.0
1311.44	95.0
306.24	96.0
309.08	96.0
18.0	96.0
182.16	96.0
257.92	96.0
285.08	96.0
985.68	96.0
1032.08	96.0
1238.24	96.0
184.4	97.0
311.28	97.0
1144.04	97.0
302.6	97.0
306.88	97.0
326.2	97.0
307.0	98.0
640.24	98.0
1140.76	98.0
365.88	98.0
382.52	98.0
448.8	98.0
313.24	99.0
319.92	99.0
138.56	99.0
223.2	99.0
273.28	99.0
307.6	99.0
310.2	99.0
316.68	99.0
323.28	99.0
329.6	99.0
336.12	99.0
344.36	99.0
356.72	99.0
916.4	99.0
1035.24	99.0
1051.2	99.0
1067.72	99.0
209.16	100.0
307.88	100.0
313.36	100.0
318.44	100.0
414.72	100.0
505.72	100.0
651.92	100.0
904.04	100.0
970.76	100.0
984.56	100.0
1131.16	100.0
1229.96	100.0
1294.52	100.0
323.6	101.0
302.52	101.0
328.32	101.0
302.64	102.0
321.96	103.0
309.96	103.0
314.72	103.0
349.56	103.0
332.44	104.0
334.96	104.0
16.12	104.0
309.28	104.0
316.12	104.0
322.24	104.0
328.84	104.0
343.36	104.0
351.64	104.0
365.16	104.0
405.48	104.0
1069.2	104.0
1143.48	104.0
1159.28	104.0
1322.64	104.0
307.08	105.0
348.6	106.0
1146.04	106.0
1259.04	106.0
1281.96	106.0
306.28	107.0
321.92	107.0
340.8	107.0
26.84	107.0
141.12	107.0
345.8	107.0
353.28	107.0
1101.72	107.0
1111.16	107.0
1169.56	107.0
140.28	108.0
184.48	108.0
236.2	108.0
262.0	108.0
326.44	108.0
414.2	108.0
419.48	108.0
919.84	108.0
975.24	108.0
1082.28	108.0
1098.24	108.0
1117.04	108.0
1162.6	108.0
140.68	109.0
999.08	109.0
402.88	109.0
336.44	110.0
236.68	110.0
310.32	110.0
392.76	110.0
972.88	110.0
1082.04	110.0
307.56	111.0
311.4	111.0
323.64	111.0
331.96	111.0
1021.8	111.0
1046.6	111.0
1140.12	111.0
139.52	111.0
154.92	111.0
185.72	111.0
223.2	111.0
263.0	111.0
272.88	111.0
326.36	111.0
336.56	111.0
363.88	111.0
378.88	111.0
414.44	111.0
429.64	111.0
437.64	111.0
484.0	111.0
501.4	111.0
955.6	111.0
972.84	111.0
975.6	111.0
988.72	111.0
1071.72	111.0
1074.6	111.0
1096.92	111.0
1119.8	111.0
1123.72	111.0
1144.32	111.0
953.8	112.0
1022.36	112.0
29.96	112.0
332.84	112.0
973.64	112.0
988.44	112.0
1142.48	112.0
1173.8	112.0
311.48	114.0
1063.24	114.0
335.36	115.0
1072.16	115.0
1108.24	115.0
197.16	115.0
225.56	115.0
273.32	115.0
306.2	115.0
310.92	115.0
314.16	115.0
318.92	115.0
357.0	115.0
379.64	115.0
529.88	115.0
574.04	115.0
1051.72	115.0
1143.88	115.0
1182.44	115.0
1162.28	116.0
140.12	116.0
162.24	116.0
165.16	116.0
176.0	116.0
179.44	116.0
184.32	116.0
211.88	116.0
229.88	116.0
308.36	116.0
311.6	116.0
320.88	116.0
334.76	116.0
338.56	116.0
343.32	116.0
363.04	116.0
366.0	116.0
372.68	116.0
417.6	116.0
509.76	116.0
659.68	116.0
711.84	116.0
907.04	116.0
920.12	116.0
945.4	116.0
956.48	116.0
973.88	116.0
987.84	116.0
992.4	116.0
997.8	116.0
1025.4	116.0
1030.6	116.0
1044.36	116.0
1087.64	116.0
1102.84	116.0
1133.64	116.0
1142.36	116.0
1233.12	116.0
1244.96	116.0
334.72	117.0
321.52	117.0
1021.92	117.0
1073.52	117.0
1124.0	117.0
319.08	118.0
1083.44	118.0
1105.28	118.0
12.4	118.0
99.72	118.0
247.36	118.0
325.96	118.0
334.2	118.0
344.68	118.0
356.64	118.0
380.32	118.0
730.52	118.0
953.96	118.0
971.0	118.0
986.44	118.0
1022.48	118.0
19.8	119.0
50.24	119.0
98.92	119.0
135.84	119.0
265.84	119.0
306.72	119.0
336.64	119.0
351.24	119.0
391.88	119.0
432.84	119.0
604.24	119.0
709.04	119.0
968.76	119.0
1022.4	119.0
1059.8	119.0
1115.76	119.0
1138.12	119.0
1190.32	119.0
1245.96	119.0
1321.96	119.0
113.2	120.0
119.16	120.0
254.88	120.0
273.0	120.0
326.72	120.0
350.96	120.0
365.44	120.0
377.04	120.0
391.08	120.0
974.24	120.0
991.96	120.0
1062.96	120.0
1068.96	120.0
1169.72	120.0
1261.12	120.0
