345.64	84.0
310.36	85.0
321.52	85.0
344.36	85.0
452.32	85.0
558.96	85.0
720.28	85.0
750.4	85.0
782.6	85.0
834.6	85.0
933.36	85.0
983.92	85.0
1040.08	85.0
1083.6	85.0
1109.84	85.0
1198.6	85.0
1225.56	85.0
1266.04	85.0
1293.36	85.0
312.84	86.0
333.04	86.0
336.64	86.0
357.24	86.0
388.24	86.0
414.04	86.0
461.68	86.0
475.04	86.0
480.76	86.0
495.36	86.0
585.48	86.0
599.72	86.0
698.48	86.0
718.92	86.0
784.96	86.0
797.8	86.0
866.52	86.0
873.4	86.0
903.36	86.0
922.64	86.0
955.08	86.0
961.08	86.0
976.52	86.0
1015.08	86.0
1061.64	86.0
1065.84	86.0
1076.6	86.0
1084.88	86.0
1105.72	86.0
1168.12	86.0
1271.8	86.0
308.8	86.0
318.96	86.0
325.24	86.0
344.68	86.0
353.08	86.0
360.28	86.0
368.28	86.0
377.08	86.0
402.12	86.0
441.72	86.0
516.8	86.0
533.72	86.0
547.64	86.0
575.64	86.0
642.88	86.0
683.0	86.0
747.28	86.0
769.08	86.0
836.4	86.0
869.12	86.0
895.36	86.0
965.84	86.0
979.36	86.0
989.4	86.0
1008.76	86.0
1035.4	86.0
1131.12	86.0
1141.24	86.0
1170.76	86.0
1196.36	86.0
1202.44	86.0
1219.44	86.0
1246.88	86.0
1268.08	86.0
309.48	87.0
323.48	87.0
326.88	87.0
336.08	87.0
313.4	87.0
320.32	87.0
332.4	87.0
344.32	87.0
347.84	87.0
352.04	87.0
358.68	87.0
376.84	87.0
386.48	87.0
399.36	87.0
405.0	87.0
449.4	87.0
464.72	87.0
486.16	87.0
506.2	87.0
620.12	87.0
641.12	87.0
718.24	87.0
734.12	87.0
784.12	87.0
840.8	87.0
849.0	87.0
955.96	87.0
986.4	87.0
1002.12	87.0
1088.0	87.0
1194.72	87.0
302.76	88.0
364.88	88.0
371.04	88.0
384.68	88.0
446.84	88.0
477.0	88.0
1282.12	88.0
318.92	88.0
323.68	88.0
326.48	88.0
333.04	88.0
336.2	88.0
342.76	88.0
346.72	88.0
350.08	88.0
353.48	88.0
357.52	88.0
375.4	88.0
378.28	88.0
413.88	88.0
466.64	88.0
514.16	88.0
536.88	88.0
544.96	88.0
556.4	88.0
577.64	88.0
602.4	88.0
835.64	88.0
869.4	88.0
982.68	88.0
997.28	88.0
1007.72	88.0
1044.2	88.0
1065.88	88.0
1115.24	88.0
1167.76	88.0
1200.8	88.0
1241.24	88.0
312.84	89.0
306.52	89.0
309.04	89.0
320.8	89.0
336.56	89.0
369.96	89.0
385.88	89.0
519.92	89.0
555.2	89.0
838.56	89.0
1021.84	89.0
1044.0	89.0
1069.68	89.0
312.76	90.0
330.56	90.0
350.2	90.0
362.56	90.0
519.68	90.0
1006.16	90.0
1066.6	90.0
312.24	91.0
324.4	91.0
361.0	91.0
461.4	91.0
307.24	91.0
349.24	91.0
382.28	91.0
311.88	92.0
320.4	92.0
327.0	92.0
334.24	92.0
339.12	92.0
349.72	92.0
356.36	92.0
359.68	92.0
379.6	92.0
420.88	92.0
479.4	92.0
502.6	92.0
560.28	92.0
884.28	92.0
940.96	92.0
1220.8	92.0
302.92	92.0
346.6	92.0
366.52	92.0
393.64	92.0
410.24	92.0
472.24	92.0
499.4	92.0
523.76	92.0
594.2	92.0
622.76	92.0
640.44	92.0
657.24	92.0
682.44	92.0
690.6	92.0
696.44	92.0
722.16	92.0
752.0	92.0
777.72	92.0
868.92	92.0
973.4	92.0
1019.04	92.0
1027.92	92.0
1036.72	92.0
1062.8	92.0
1066.64	92.0
1123.08	92.0
1140.12	92.0
1189.76	92.0
1199.0	92.0
1224.76	92.0
1240.48	92.0
1285.04	92.0
307.8	93.0
311.04	93.0
313.96	93.0
322.2	93.0
334.16	93.0
341.44	93.0
346.88	93.0
353.0	93.0
358.16	93.0
363.28	93.0
372.76	93.0
385.48	93.0
394.4	93.0
404.44	93.0
418.68	93.0
444.32	93.0
455.48	93.0
466.24	93.0
477.04	93.0
504.32	93.0
515.48	93.0
561.28	93.0
628.96	93.0
860.04	93.0
1002.44	93.0
1123.16	93.0
1225.52	93.0
1251.2	93.0
1295.04	93.0
1043.68	94.0
310.4	94.0
321.32	94.0
340.32	94.0
342.96	94.0
350.0	94.0
361.24	94.0
378.72	94.0
557.64	94.0
875.52	94.0
980.16	94.0
1200.2	94.0
307.64	95.0
331.36	95.0
343.36	95.0
350.44	95.0
369.08	95.0
376.24	95.0
401.4	95.0
489.68	95.0
506.72	95.0
774.68	95.0
1050.84	95.0
1105.16	95.0
341.32	96.0
1227.6	96.0
390.32	97.0
697.04	97.0
866.24	97.0
1192.48	97.0
1237.88	97.0
314.56	97.0
320.88	97.0
330.4	97.0
337.68	97.0
417.68	97.0
748.6	97.0
790.32	97.0
820.04	97.0
845.76	97.0
869.36	97.0
872.6	97.0
928.32	97.0
937.44	97.0
973.28	97.0
1002.88	97.0
1034.72	97.0
1039.08	97.0
1080.12	97.0
1083.0	97.0
1160.84	97.0
1288.96	97.0
339.44	98.0
361.8	98.0
1156.16	98.0
308.96	99.0
371.44	99.0
306.16	99.0
312.4	99.0
318.64	99.0
321.4	99.0
326.64	99.0
331.72	99.0
335.32	99.0
341.56	99.0
346.48	99.0
362.16	99.0
375.88	99.0
463.04	99.0
484.4	99.0
505.12	99.0
530.32	99.0
555.64	99.0
575.8	99.0
1043.2	99.0
1062.64	99.0
1095.44	99.0
1155.6	99.0
1182.0	99.0
1281.64	99.0
307.2	100.0
311.96	100.0
319.8	100.0
352.12	100.0
355.84	100.0
368.96	100.0
399.84	100.0
477.4	100.0
556.8	100.0
661.8	100.0
787.36	100.0
883.16	100.0
976.4	100.0
1093.2	100.0
1126.08	100.0
1265.2	100.0
309.88	101.0
339.04	101.0
350.68	101.0
358.64	101.0
376.52	101.0
386.72	101.0
405.64	101.0
417.0	101.0
440.08	101.0
484.16	101.0
515.84	101.0
535.08	101.0
552.08	101.0
573.68	101.0
597.68	101.0
616.92	101.0
674.88	101.0
746.72	101.0
765.24	101.0
889.2	101.0
953.32	101.0
974.32	101.0
339.28	102.0
350.04	102.0
515.96	102.0
311.92	102.0
342.92	102.0
307.64	103.0
318.32	103.0
340.72	103.0
346.6	103.0
358.28	103.0
407.6	103.0
307.4	104.0
394.48	104.0
310.76	104.0
320.24	104.0
325.88	104.0
330.24	104.0
338.96	104.0
347.32	104.0
360.48	104.0
379.2	104.0
387.0	104.0
439.6	104.0
455.4	104.0
468.08	104.0
487.8	104.0
586.72	104.0
605.76	104.0
634.28	104.0
654.2	104.0
667.28	104.0
762.76	104.0
810.6	104.0
881.88	104.0
939.88	104.0
978.96	104.0
1006.8	104.0
1044.36	104.0
1067.56	104.0
1098.76	104.0
1125.8	104.0
1154.04	104.0
1204.28	104.0
1231.56	104.0
1259.72	104.0
313.0	105.0
332.28	105.0
292.68	106.0
309.48	106.0
339.68	106.0
365.76	106.0
388.96	106.0
547.8	106.0
580.68	106.0
318.44	107.0
1271.64	107.0
309.92	107.0
312.48	107.0
332.52	107.0
339.24	107.0
345.2	107.0
354.16	107.0
358.92	107.0
373.08	107.0
389.76	107.0
400.28	107.0
427.36	107.0
469.36	107.0
502.52	107.0
679.84	107.0
871.56	107.0
924.64	107.0
1031.68	107.0
1047.28	107.0
1143.64	107.0
1155.04	107.0
1199.88	107.0
1225.96	107.0
1296.84	107.0
308.16	108.0
313.28	108.0
331.04	108.0
347.76	108.0
386.96	108.0
334.56	108.0
342.52	108.0
355.4	108.0
362.8	108.0
370.6	108.0
412.64	108.0
420.76	108.0
444.12	108.0
473.32	108.0
487.24	108.0
323.8	109.0
339.32	109.0
519.44	109.0
1005.88	109.0
320.56	109.0
348.56	109.0
401.16	109.0
353.52	110.0
425.84	110.0
434.52	110.0
1244.72	110.0
334.76	110.0
347.04	110.0
372.52	110.0
391.08	110.0
519.32	110.0
729.8	110.0
1064.8	110.0
1080.56	110.0
1262.0	110.0
309.6	111.0
312.52	111.0
322.4	111.0
330.6	111.0
339.04	111.0
341.96	111.0
345.48	111.0
350.44	111.0
353.6	111.0
356.56	111.0
361.12	111.0
371.08	111.0
379.24	111.0
382.28	111.0
396.6	111.0
407.84	111.0
415.72	111.0
418.24	111.0
425.92	111.0
471.44	111.0
483.8	111.0
497.56	111.0
505.24	111.0
509.4	111.0
533.72	111.0
548.44	111.0
551.48	111.0
567.4	111.0
588.36	111.0
625.04	111.0
636.08	111.0
662.8	111.0
697.16	111.0
706.96	111.0
756.0	111.0
762.6	111.0
778.68	111.0
797.44	111.0
846.24	111.0
869.48	111.0
873.16	111.0
914.08	111.0
979.44	111.0
1043.88	111.0
1047.92	111.0
1062.96	111.0
1066.44	111.0
1087.6	111.0
1099.16	111.0
1118.64	111.0
1123.72	111.0
1129.16	111.0
1178.0	111.0
1197.24	111.0
1201.84	111.0
1245.36	111.0
309.88	112.0
324.28	112.0
335.2	112.0
346.88	112.0
365.12	112.0
376.04	112.0
379.64	112.0
390.2	112.0
433.08	112.0
453.92	112.0
465.88	112.0
666.08	112.0
696.92	112.0
913.6	112.0
936.2	112.0
978.04	112.0
1065.64	112.0
1128.44	112.0
320.64	113.0
335.72	113.0
345.04	113.0
391.12	113.0
430.6	113.0
463.16	113.0
312.48	114.0
334.08	114.0
342.8	114.0
350.84	114.0
362.2	114.0
368.68	114.0
376.64	114.0
391.84	114.0
353.52	114.0
421.84	114.0
1146.48	114.0
331.52	115.0
334.12	115.0
357.72	115.0
372.6	115.0
827.48	115.0
325.8	115.0
340.28	115.0
343.08	115.0
347.88	115.0
362.16	115.0
364.72	115.0
384.6	115.0
387.72	115.0
395.04	115.0
401.92	115.0
410.04	115.0
424.52	115.0
427.64	115.0
439.24	115.0
447.76	115.0
556.28	115.0
587.96	115.0
605.56	115.0
621.36	115.0
656.72	115.0
673.8	115.0
687.76	115.0
699.88	115.0
714.64	115.0
730.12	115.0
754.6	115.0
770.76	115.0
858.08	115.0
938.16	115.0
959.44	115.0
981.64	115.0
1001.88	115.0
1034.44	115.0
1053.64	115.0
1083.0	115.0
1103.28	115.0
1146.16	115.0
1166.76	115.0
1204.48	115.0
309.4	116.0
334.32	116.0
376.72	116.0
401.8	116.0
314.12	116.0
319.32	116.0
322.0	116.0
331.28	116.0
338.76	116.0
342.52	116.0
345.04	116.0
348.24	116.0
351.36	116.0
354.72	116.0
359.2	116.0
366.6	116.0
371.96	116.0
380.64	116.0
389.52	116.0
395.92	116.0
406.88	116.0
427.8	116.0
448.4	116.0
457.64	116.0
473.84	116.0
483.76	116.0
495.08	116.0
514.44	116.0
533.32	116.0
547.0	116.0
578.12	116.0
647.76	116.0
665.44	116.0
749.04	116.0
788.8	116.0
863.04	116.0
938.68	116.0
979.8	116.0
1046.2	116.0
1066.12	116.0
1096.04	116.0
1117.44	116.0
1154.36	116.0
1202.04	116.0
1210.32	116.0
312.08	117.0
340.08	117.0
372.72	117.0
390.84	117.0
326.72	117.0
343.0	117.0
352.16	117.0
361.72	117.0
379.52	117.0
426.32	117.0
797.76	117.0
331.12	118.0
356.68	118.0
359.52	118.0
365.92	118.0
488.92	118.0
306.72	118.0
310.56	118.0
313.44	118.0
320.56	118.0
325.56	118.0
333.64	118.0
344.16	118.0
348.08	118.0
351.88	118.0
371.72	118.0
381.68	118.0
388.2	118.0
435.36	118.0
470.52	118.0
543.72	118.0
576.36	118.0
627.0	118.0
655.4	118.0
690.12	118.0
714.32	118.0
743.6	118.0
774.2	118.0
816.64	118.0
1063.16	118.0
1087.2	118.0
311.44	119.0
314.56	120.0
343.16	120.0
352.84	120.0
359.32	120.0
321.4	120.0
331.84	120.0
338.4	120.0
356.12	120.0
369.16	120.0
375.48	120.0
390.2	120.0
401.16	120.0
443.2	120.0
472.6	120.0
488.52	120.0
721.56	120.0
766.24	120.0
913.08	120.0
1065.16	120.0
1085.4	120.0
1090.76	120.0
