342.68	84.0
73.96	85.0
110.68	85.0
166.28	85.0
293.68	85.0
324.04	85.0
338.0	85.0
364.36	85.0
388.2	85.0
422.68	85.0
429.76	85.0
487.92	85.0
606.24	85.0
652.2	85.0
849.76	85.0
886.24	85.0
917.28	85.0
987.88	85.0
106.76	86.0
163.04	86.0
182.08	86.0
213.56	86.0
227.44	86.0
244.76	86.0
289.92	86.0
358.84	86.0
449.4	86.0
458.8	86.0
470.0	86.0
482.68	86.0
504.28	86.0
551.0	86.0
577.32	86.0
598.64	86.0
617.92	86.0
671.04	86.0
702.24	86.0
757.0	86.0
794.92	86.0
806.88	86.0
827.84	86.0
844.56	86.0
880.84	86.0
912.28	86.0
935.36	86.0
982.0	86.0
1035.2	86.0
1057.36	86.0
1118.28	86.0
1145.84	86.0
1217.28	86.0
1241.08	86.0
1245.0	86.0
17.16	86.0
45.84	86.0
61.64	86.0
76.44	86.0
153.2	86.0
221.24	86.0
256.56	86.0
268.12	86.0
316.28	86.0
325.72	86.0
366.32	86.0
387.16	86.0
412.6	86.0
424.44	86.0
515.64	86.0
530.0	86.0
604.92	86.0
712.84	86.0
769.72	86.0
864.2	86.0
914.96	86.0
974.96	86.0
985.4	86.0
1206.08	86.0
1221.44	86.0
1251.72	86.0
1275.84	86.0
32.72	87.0
95.16	87.0
147.84	87.0
170.96	87.0
265.92	87.0
312.68	87.0
322.4	87.0
561.44	87.0
577.92	87.0
772.6	87.0
961.92	87.0
1014.8	87.0
1113.4	87.0
1229.36	87.0
1244.72	87.0
1288.16	87.0
7.56	88.0
63.12	88.0
94.32	88.0
113.6	88.0
139.76	88.0
171.88	88.0
206.0	88.0
242.68	88.0
272.72	88.0
402.76	88.0
420.56	88.0
442.36	88.0
502.04	88.0
521.48	88.0
530.32	88.0
563.48	88.0
599.56	88.0
630.68	88.0
669.04	88.0
725.56	88.0
765.44	88.0
784.2	88.0
826.32	88.0
875.72	88.0
908.32	88.0
930.4	88.0
944.68	88.0
987.52	88.0
1021.72	88.0
1059.6	88.0
1091.92	88.0
1121.2	88.0
1135.84	88.0
1176.92	88.0
1214.08	88.0
1250.28	88.0
34.72	88.0
120.76	88.0
165.76	88.0
175.64	88.0
226.28	88.0
298.68	88.0
321.56	88.0
324.44	88.0
336.36	88.0
378.28	88.0
424.0	88.0
446.88	88.0
465.76	88.0
469.8	88.0
612.72	88.0
634.56	88.0
659.6	88.0
696.84	88.0
744.08	88.0
769.2	88.0
794.4	88.0
880.4	88.0
933.68	88.0
1245.8	88.0
43.76	89.0
149.12	89.0
307.72	89.0
834.6	89.0
959.84	89.0
1251.52	89.0
92.76	90.0
121.16	90.0
148.8	90.0
223.92	90.0
288.76	90.0
310.52	90.0
354.72	90.0
463.16	90.0
581.36	90.0
601.52	90.0
639.76	90.0
733.16	90.0
792.88	90.0
830.76	90.0
996.04	90.0
1036.76	90.0
1220.12	90.0
1251.24	90.0
1273.6	90.0
306.16	91.0
364.04	91.0
801.48	91.0
1095.56	91.0
316.92	92.0
999.4	92.0
13.76	92.0
72.0	92.0
78.76	92.0
98.16	92.0
120.48	92.0
147.48	92.0
254.76	92.0
288.56	92.0
302.64	92.0
308.44	92.0
320.24	92.0
341.12	92.0
359.6	92.0
386.72	92.0
416.48	92.0
453.96	92.0
490.64	92.0
505.56	92.0
583.92	92.0
642.28	92.0
720.72	92.0
766.16	92.0
797.6	92.0
860.32	92.0
886.36	92.0
906.24	92.0
936.8	92.0
979.08	92.0
1003.24	92.0
1096.12	92.0
1108.72	92.0
1147.04	92.0
1161.08	92.0
1200.48	92.0
1228.92	92.0
1249.4	92.0
1270.56	92.0
1276.52	92.0
1287.76	92.0
258.6	93.0
460.88	93.0
856.08	93.0
919.88	93.0
386.48	93.0
492.84	94.0
27.08	94.0
63.36	94.0
172.6	94.0
193.12	94.0
260.12	94.0
336.4	94.0
361.72	94.0
421.04	94.0
526.28	94.0
552.64	94.0
584.92	94.0
734.6	94.0
803.92	94.0
838.88	94.0
1061.72	94.0
1142.72	94.0
92.92	95.0
156.0	95.0
523.28	95.0
638.92	95.0
681.16	95.0
771.6	95.0
825.92	95.0
887.36	95.0
918.24	95.0
941.44	95.0
1121.56	95.0
1295.72	95.0
306.52	96.0
449.36	97.0
598.84	97.0
635.8	97.0
778.64	97.0
261.2	98.0
121.92	99.0
250.12	99.0
308.44	99.0
316.36	99.0
336.0	99.0
611.12	99.0
774.0	99.0
793.24	99.0
833.52	99.0
860.12	99.0
906.96	99.0
1091.92	99.0
1248.44	99.0
38.84	100.0
120.68	100.0
190.64	100.0
249.12	100.0
381.92	100.0
418.04	100.0
446.88	100.0
657.2	100.0
703.0	100.0
986.72	100.0
1086.76	100.0
732.84	102.0
302.68	104.0
26.32	104.0
74.28	104.0
85.92	104.0
122.4	104.0
142.48	104.0
191.84	104.0
249.28	104.0
271.88	104.0
284.0	104.0
299.92	104.0
315.4	104.0
328.2	104.0
349.68	104.0
388.52	104.0
429.96	104.0
466.6	104.0
507.76	104.0
605.12	104.0
638.08	104.0
647.6	104.0
672.36	104.0
738.36	104.0
770.4	104.0
807.68	104.0
858.76	104.0
910.28	104.0
940.64	104.0
958.44	104.0
967.32	104.0
994.12	104.0
998.0	104.0
1070.92	104.0
1122.24	104.0
1191.12	104.0
1241.16	104.0
1281.6	104.0
678.24	106.0
1204.2	106.0
500.2	107.0
45.84	107.0
233.96	107.0
259.76	107.0
307.88	107.0
363.84	107.0
607.76	107.0
696.96	107.0
1148.0	107.0
1168.6	107.0
1198.44	107.0
1221.16	107.0
74.56	108.0
82.64	108.0
122.28	108.0
250.72	108.0
253.32	108.0
287.8	108.0
306.36	108.0
313.04	108.0
353.8	108.0
382.96	108.0
570.8	108.0
610.24	108.0
839.88	108.0
893.44	108.0
1021.88	108.0
1144.84	108.0
1222.08	108.0
1273.32	109.0
14.68	109.0
74.0	110.0
191.48	110.0
287.04	110.0
336.52	110.0
346.04	110.0
364.8	110.0
402.88	110.0
453.52	110.0
504.96	110.0
612.28	110.0
779.8	110.0
831.08	110.0
852.68	110.0
887.56	110.0
962.96	110.0
1007.8	110.0
1120.32	110.0
1184.16	110.0
1218.32	110.0
307.04	111.0
16.2	111.0
46.12	111.0
73.96	111.0
98.2	111.0
121.76	111.0
126.68	111.0
150.24	111.0
175.64	111.0
210.2	111.0
251.0	111.0
260.0	111.0
290.4	111.0
311.64	111.0
331.76	111.0
345.96	111.0
362.72	111.0
365.72	111.0
379.04	111.0
418.08	111.0
487.36	111.0
531.32	111.0
552.44	111.0
565.24	111.0
600.36	111.0
605.24	111.0
634.6	111.0
675.36	111.0
707.96	111.0
751.96	111.0
769.4	111.0
803.52	111.0
830.96	111.0
855.96	111.0
879.32	111.0
895.96	111.0
917.48	111.0
1000.64	111.0
1007.76	111.0
1071.6	111.0
1115.28	111.0
1121.0	111.0
1193.76	111.0
1226.32	111.0
551.96	112.0
578.84	112.0
604.16	112.0
863.92	112.0
1225.64	112.0
1253.04	112.0
1184.8	113.0
266.96	114.0
1097.16	114.0
212.6	115.0
271.84	115.0
362.96	115.0
403.12	115.0
440.92	115.0
505.24	115.0
536.52	115.0
579.56	115.0
649.92	115.0
738.44	115.0
831.36	115.0
887.8	115.0
922.44	115.0
957.04	115.0
1078.32	115.0
1214.4	115.0
1251.6	115.0
287.68	116.0
474.08	116.0
41.88	116.0
80.2	116.0
188.48	116.0
249.72	116.0
307.08	116.0
310.96	116.0
320.28	116.0
332.64	116.0
384.4	116.0
455.36	116.0
538.36	116.0
578.44	116.0
585.2	116.0
593.64	116.0
760.6	116.0
800.84	116.0
830.2	116.0
887.88	116.0
897.04	116.0
901.96	116.0
931.52	116.0
963.68	116.0
990.28	116.0
1024.64	116.0
1093.6	116.0
1120.6	116.0
1146.44	116.0
1185.16	116.0
1194.56	116.0
1219.44	116.0
1249.4	116.0
1251.96	116.0
1273.16	116.0
1277.44	116.0
1036.12	117.0
1068.12	117.0
1251.72	117.0
175.96	117.0
191.8	117.0
632.92	117.0
776.6	117.0
1184.44	117.0
38.84	118.0
77.36	118.0
121.52	118.0
312.12	118.0
318.12	118.0
325.64	118.0
491.92	118.0
598.6	118.0
775.08	118.0
865.52	118.0
1032.44	118.0
1118.88	118.0
1200.28	118.0
311.48	119.0
373.68	120.0
466.0	120.0
645.72	120.0
770.56	120.0
804.56	120.0
817.96	120.0
883.32	120.0
902.72	120.0
933.6	120.0
952.76	120.0
956.0	120.0
1117.2	120.0
1277.52	120.0
1281.08	120.0
1297.64	120.0
