303.0	84.0
309.0	85.0
333.88	85.0
360.76	85.0
55.76	86.0
72.72	86.0
99.48	86.0
111.12	86.0
130.08	86.0
135.08	86.0
156.08	86.0
195.4	86.0
206.12	86.0
247.24	86.0
267.28	86.0
298.68	86.0
324.04	86.0
332.28	86.0
338.6	86.0
374.52	86.0
389.48	86.0
406.08	86.0
433.88	86.0
449.68	86.0
170.68	86.0
309.16	86.0
318.2	86.0
326.64	86.0
354.36	86.0
357.08	86.0
360.88	86.0
427.04	86.0
140.56	87.0
31.4	87.0
121.2	87.0
307.28	87.0
310.08	87.0
314.2	87.0
317.6	87.0
321.56	87.0
324.92	87.0
331.76	87.0
336.36	87.0
343.32	87.0
446.88	87.0
490.88	87.0
38.6	88.0
87.04	88.0
163.12	88.0
165.72	88.0
177.68	88.0
303.0	88.0
307.12	88.0
406.56	88.0
485.96	88.0
501.92	88.0
51.84	88.0
57.28	88.0
130.96	88.0
203.84	88.0
217.4	88.0
295.08	88.0
311.44	88.0
348.08	88.0
366.52	88.0
470.56	88.0
103.44	89.0
245.2	89.0
336.16	89.0
380.88	89.0
433.4	89.0
460.2	89.0
306.24	90.0
341.64	90.0
459.88	90.0
506.36	90.0
535.6	90.0
590.92	90.0
106.08	92.0
160.4	92.0
244.96	92.0
314.96	92.0
339.48	92.0
377.6	92.0
406.24	92.0
422.16	92.0
9.96	92.0
32.64	92.0
35.8	92.0
91.76	92.0
99.08	92.0
116.04	92.0
132.72	92.0
146.32	92.0
175.24	92.0
210.28	92.0
236.96	92.0
287.8	92.0
302.64	92.0
319.6	92.0
343.28	92.0
350.12	92.0
410.36	92.0
429.36	92.0
433.28	92.0
454.56	92.0
494.32	92.0
524.28	92.0
562.96	92.0
307.32	93.0
171.28	94.0
191.72	94.0
321.16	94.0
349.44	94.0
77.32	95.0
318.8	95.0
128.0	97.0
306.64	97.0
332.68	97.0
679.04	98.0
104.04	99.0
141.2	99.0
291.72	99.0
306.16	99.0
313.12	99.0
321.6	99.0
332.64	99.0
344.28	99.0
31.48	100.0
93.72	100.0
496.32	100.0
308.64	101.0
319.12	103.0
306.44	103.0
334.2	103.0
319.08	104.0
105.48	104.0
205.6	104.0
257.56	104.0
314.44	104.0
323.48	104.0
336.16	104.0
348.24	104.0
361.24	104.0
379.64	104.0
320.52	106.0
497.2	106.0
307.84	107.0
98.48	107.0
290.84	107.0
318.04	107.0
330.2	107.0
364.04	107.0
677.32	107.0
105.76	108.0
307.24	108.0
326.08	108.0
345.04	108.0
386.6	108.0
341.32	109.0
471.96	109.0
121.68	110.0
335.92	110.0
343.24	110.0
354.32	110.0
379.8	110.0
327.8	110.0
391.28	110.0
449.88	110.0
493.48	110.0
318.92	111.0
336.44	111.0
77.28	111.0
217.12	111.0
247.96	111.0
299.88	111.0
308.96	111.0
313.8	111.0
323.44	111.0
331.36	111.0
342.68	111.0
349.68	111.0
376.36	111.0
389.92	111.0
393.88	111.0
449.8	111.0
457.0	111.0
521.88	111.0
529.0	111.0
534.92	111.0
33.0	112.0
307.68	113.0
395.64	114.0
307.52	115.0
327.8	115.0
74.0	115.0
106.4	115.0
202.12	115.0
264.08	115.0
315.36	115.0
322.12	115.0
380.0	115.0
508.4	115.0
199.0	116.0
285.04	116.0
310.92	116.0
318.12	116.0
345.48	116.0
376.2	116.0
502.36	116.0
34.8	116.0
58.76	116.0
72.4	116.0
93.32	116.0
121.12	116.0
161.24	116.0
174.8	116.0
179.64	116.0
242.12	116.0
255.24	116.0
306.12	116.0
321.2	116.0
325.84	116.0
335.04	116.0
348.16	116.0
361.76	116.0
370.16	116.0
409.76	116.0
422.96	116.0
427.44	116.0
505.2	116.0
606.6	116.0
309.64	117.0
326.16	117.0
343.68	117.0
139.28	118.0
248.04	118.0
306.28	118.0
311.16	118.0
314.92	118.0
320.16	118.0
325.48	118.0
337.64	118.0
343.2	118.0
348.96	118.0
358.24	118.0
369.24	118.0
388.6	118.0
248.16	119.0
281.12	119.0
311.84	119.0
57.52	120.0
75.6	120.0
308.4	120.0
361.72	120.0
545.56	120.0
639.08	120.0
