317.76	84.0
349.44	85.0
360.08	85.0
134.52	86.0
192.72	86.0
214.84	86.0
240.4	86.0
259.12	86.0
268.68	86.0
284.2	86.0
296.12	86.0
313.84	86.0
382.52	86.0
413.8	86.0
422.72	86.0
433.84	86.0
460.16	86.0
490.84	86.0
514.92	86.0
529.96	86.0
591.08	86.0
635.72	86.0
306.04	86.0
318.2	86.0
323.84	86.0
331.2	86.0
339.36	86.0
351.8	86.0
359.36	86.0
369.4	86.0
392.16	86.0
452.8	86.0
306.68	87.0
309.44	87.0
319.84	87.0
324.44	87.0
328.6	87.0
333.8	87.0
344.12	87.0
349.84	87.0
363.04	87.0
371.24	87.0
385.28	87.0
267.52	88.0
320.4	88.0
325.12	88.0
394.08	88.0
608.08	88.0
793.28	88.0
280.12	88.0
290.88	88.0
302.68	88.0
307.6	88.0
315.24	88.0
331.24	88.0
336.12	88.0
339.96	88.0
368.28	88.0
398.92	88.0
456.4	88.0
494.28	88.0
523.0	88.0
621.92	88.0
364.28	89.0
50.4	89.0
58.36	89.0
222.08	89.0
353.8	89.0
383.6	89.0
50.12	90.0
58.0	90.0
221.76	90.0
287.2	90.0
308.68	90.0
313.56	90.0
330.44	90.0
347.68	90.0
359.6	90.0
378.44	90.0
448.72	90.0
541.8	90.0
626.08	90.0
310.6	91.0
331.52	91.0
323.48	91.0
364.64	91.0
504.96	91.0
234.92	92.0
270.92	92.0
320.64	92.0
333.4	92.0
344.4	92.0
502.6	92.0
547.16	92.0
718.32	92.0
28.24	92.0
226.04	92.0
302.72	92.0
315.52	92.0
325.88	92.0
356.84	92.0
384.12	92.0
390.72	92.0
398.44	92.0
422.0	92.0
435.32	92.0
460.72	92.0
468.72	92.0
478.12	92.0
506.28	92.0
578.84	92.0
613.0	92.0
681.48	92.0
721.52	92.0
774.76	92.0
804.28	92.0
181.88	93.0
259.16	93.0
302.68	93.0
306.2	93.0
321.36	93.0
336.2	93.0
313.6	93.0
339.4	94.0
570.28	94.0
316.52	94.0
324.68	94.0
331.0	94.0
348.12	94.0
367.08	94.0
400.32	94.0
444.8	94.0
532.72	94.0
105.52	95.0
307.84	95.0
315.16	95.0
340.44	95.0
343.8	95.0
307.96	96.0
310.48	97.0
322.0	97.0
325.88	97.0
346.52	97.0
349.64	97.0
355.04	97.0
381.76	97.0
406.28	97.0
26.0	98.0
331.04	98.0
347.24	98.0
306.48	99.0
314.04	99.0
320.2	99.0
324.84	99.0
330.76	99.0
336.8	99.0
342.76	99.0
347.24	99.0
350.36	99.0
321.16	100.0
254.68	100.0
331.68	100.0
344.44	100.0
641.48	100.0
715.56	100.0
317.72	101.0
325.76	101.0
347.64	101.0
80.2	102.0
347.76	102.0
362.48	102.0
384.16	102.0
371.52	103.0
310.0	103.0
320.72	103.0
364.48	103.0
371.48	104.0
310.32	104.0
312.96	104.0
319.04	104.0
324.24	104.0
330.92	104.0
336.12	104.0
343.16	104.0
353.6	104.0
364.48	104.0
378.24	104.0
413.52	104.0
491.36	104.0
306.6	106.0
337.68	106.0
316.2	107.0
322.96	107.0
313.16	107.0
328.84	107.0
341.52	107.0
346.68	107.0
357.04	107.0
365.56	107.0
369.16	107.0
385.56	107.0
390.96	107.0
591.64	107.0
307.2	108.0
322.8	108.0
334.8	108.0
354.04	108.0
384.56	108.0
398.24	108.0
420.4	108.0
478.24	108.0
548.4	108.0
579.2	108.0
615.84	108.0
338.48	109.0
461.28	109.0
309.64	109.0
326.04	109.0
321.08	110.0
364.08	110.0
385.08	110.0
509.28	110.0
308.88	110.0
317.72	110.0
338.52	110.0
404.52	110.0
427.0	110.0
434.64	110.0
489.28	110.0
720.4	110.0
307.28	111.0
313.76	111.0
325.04	111.0
364.52	111.0
800.56	111.0
8.44	111.0
100.56	111.0
159.04	111.0
275.28	111.0
317.68	111.0
328.76	111.0
333.64	111.0
336.6	111.0
346.04	111.0
352.32	111.0
358.64	111.0
370.4	111.0
385.2	111.0
388.24	111.0
393.28	111.0
404.44	111.0
414.08	111.0
417.76	111.0
438.64	111.0
442.16	111.0
465.76	111.0
551.12	111.0
720.08	111.0
779.84	111.0
309.56	112.0
317.88	112.0
329.88	112.0
343.56	112.0
346.88	112.0
420.16	112.0
481.92	112.0
528.12	112.0
789.76	112.0
326.24	113.0
343.72	113.0
321.48	114.0
331.2	114.0
344.04	114.0
349.16	114.0
307.12	114.0
358.6	114.0
347.12	115.0
137.12	115.0
252.64	115.0
307.36	115.0
324.8	115.0
328.72	115.0
352.48	115.0
434.92	115.0
542.0	115.0
57.24	116.0
307.6	116.0
315.04	116.0
318.56	116.0
344.92	116.0
475.0	116.0
477.64	116.0
10.32	116.0
187.2	116.0
239.36	116.0
257.56	116.0
285.96	116.0
322.16	116.0
325.88	116.0
328.56	116.0
331.44	116.0
336.36	116.0
348.44	116.0
353.16	116.0
363.76	116.0
366.72	116.0
380.32	116.0
385.12	116.0
414.32	116.0
458.12	116.0
489.52	116.0
503.16	116.0
721.44	116.0
364.32	117.0
309.16	117.0
324.64	117.0
328.48	117.0
333.96	117.0
509.68	117.0
800.64	117.0
320.28	118.0
352.44	118.0
220.88	118.0
306.64	118.0
316.08	118.0
323.96	118.0
331.6	118.0
343.68	118.0
349.92	118.0
364.16	118.0
370.8	118.0
385.48	118.0
425.04	118.0
498.84	118.0
560.08	118.0
85.36	119.0
311.68	119.0
315.2	119.0
378.88	119.0
503.08	119.0
33.28	120.0
307.28	120.0
313.64	120.0
327.84	120.0
380.28	120.0
789.28	120.0
