116.44	84.0
222.16	84.0
318.8	84.0
380.28	84.0
1365.4	84.0
1401.08	84.0
1493.48	84.0
54.88	85.0
249.04	85.0
307.28	85.0
311.08	85.0
324.76	85.0
1456.36	85.0
1484.52	85.0
13.48	86.0
23.24	86.0
27.64	86.0
40.44	86.0
76.32	86.0
82.68	86.0
95.16	86.0
107.4	86.0
112.68	86.0
123.2	86.0
141.36	86.0
175.76	86.0
215.48	86.0
238.76	86.0
283.2	86.0
357.36	86.0
368.24	86.0
376.44	86.0
386.64	86.0
389.56	86.0
392.44	86.0
403.32	86.0
411.44	86.0
428.8	86.0
443.88	86.0
460.6	86.0
474.96	86.0
487.76	86.0
528.32	86.0
705.84	86.0
856.6	86.0
1387.68	86.0
1412.64	86.0
1433.08	86.0
1436.2	86.0
1444.24	86.0
1479.24	86.0
54.2	86.0
308.04	86.0
312.04	86.0
320.0	86.0
330.6	86.0
343.48	86.0
351.92	86.0
561.6	86.0
310.08	87.0
19.0	87.0
57.4	87.0
113.76	87.0
153.32	87.0
217.04	87.0
233.36	87.0
286.16	87.0
306.84	87.0
313.64	87.0
317.96	87.0
326.36	87.0
332.68	87.0
347.56	87.0
1400.8	87.0
1434.24	87.0
1461.8	87.0
302.88	88.0
339.76	88.0
353.2	88.0
405.96	88.0
430.12	88.0
453.96	88.0
485.16	88.0
1131.36	88.0
104.6	88.0
146.96	88.0
151.6	88.0
186.6	88.0
516.76	88.0
1100.64	88.0
1188.4	88.0
1194.08	88.0
1280.72	88.0
1357.56	88.0
1408.88	88.0
54.08	89.0
342.6	89.0
569.24	89.0
1166.0	89.0
114.12	90.0
189.56	90.0
208.36	90.0
249.72	90.0
360.2	90.0
365.12	90.0
427.32	90.0
454.72	90.0
536.36	90.0
568.88	90.0
591.36	90.0
626.56	90.0
698.88	90.0
710.12	90.0
736.6	90.0
781.16	90.0
800.56	90.0
913.56	90.0
931.0	90.0
970.4	90.0
1218.44	90.0
1367.76	90.0
1383.4	90.0
1470.04	90.0
117.48	91.0
342.52	91.0
306.44	92.0
692.72	92.0
719.24	92.0
981.84	92.0
1218.48	92.0
1238.6	92.0
1327.52	92.0
1378.92	92.0
3.6	92.0
6.96	92.0
52.4	92.0
55.4	92.0
105.0	92.0
125.76	92.0
159.68	92.0
175.92	92.0
188.2	92.0
289.28	92.0
302.6	92.0
315.52	92.0
323.12	92.0
338.92	92.0
364.52	92.0
413.96	92.0
568.04	92.0
632.84	92.0
645.2	92.0
677.16	92.0
684.0	92.0
732.08	92.0
739.48	92.0
843.48	92.0
865.52	92.0
890.76	92.0
918.72	92.0
945.76	92.0
969.56	92.0
1038.68	92.0
1066.4	92.0
1082.12	92.0
1110.24	92.0
1226.72	92.0
1255.16	92.0
1312.64	92.0
1344.32	92.0
1347.68	92.0
1361.96	92.0
1397.36	92.0
1418.8	92.0
1440.12	92.0
117.24	93.0
165.64	93.0
302.44	93.0
307.08	93.0
416.16	93.0
460.52	93.0
950.48	93.0
1041.96	93.0
1081.52	93.0
1423.64	93.0
117.04	94.0
460.52	94.0
568.64	94.0
1213.88	94.0
56.72	94.0
89.16	94.0
324.08	94.0
453.44	94.0
531.36	94.0
1373.96	94.0
12.52	95.0
115.12	95.0
285.88	95.0
1002.96	95.0
1087.88	95.0
1437.28	95.0
307.12	96.0
310.12	96.0
856.0	96.0
308.8	97.0
117.84	97.0
157.8	97.0
222.52	97.0
284.92	97.0
290.4	97.0
1146.84	97.0
1362.28	97.0
1434.88	97.0
208.32	98.0
815.52	99.0
75.04	99.0
313.76	99.0
322.16	99.0
331.96	99.0
342.56	99.0
355.88	99.0
521.52	99.0
765.4	99.0
952.6	99.0
1101.32	99.0
1225.6	99.0
1352.68	99.0
1407.48	99.0
1454.0	99.0
75.56	100.0
114.04	100.0
170.36	100.0
330.52	100.0
484.56	100.0
566.12	100.0
653.56	100.0
779.56	100.0
796.44	100.0
874.52	100.0
934.04	100.0
950.4	100.0
1035.6	100.0
1060.48	100.0
1209.2	100.0
1328.6	100.0
1340.24	100.0
1389.32	100.0
316.76	101.0
295.04	102.0
324.12	102.0
350.12	102.0
334.92	102.0
307.76	103.0
325.8	103.0
1371.68	103.0
1430.6	103.0
307.72	104.0
21.04	104.0
69.72	104.0
126.12	104.0
194.68	104.0
288.32	104.0
310.84	104.0
318.44	104.0
325.68	104.0
336.96	104.0
366.16	104.0
470.08	104.0
504.16	104.0
934.28	104.0
1346.36	104.0
1410.76	104.0
319.0	105.0
286.24	106.0
306.16	106.0
311.44	106.0
51.36	107.0
306.32	107.0
327.56	107.0
408.2	107.0
100.2	108.0
143.44	108.0
189.36	108.0
260.52	108.0
276.56	108.0
306.64	108.0
319.16	108.0
352.76	108.0
359.36	108.0
391.32	108.0
434.2	108.0
457.6	108.0
497.56	108.0
612.76	108.0
677.4	108.0
979.92	108.0
1014.84	108.0
1063.72	108.0
1382.0	108.0
1403.4	108.0
1407.24	108.0
437.32	109.0
460.64	109.0
855.52	109.0
1093.6	109.0
309.0	109.0
162.28	110.0
410.24	110.0
310.96	110.0
385.6	110.0
430.92	110.0
453.2	110.0
569.24	110.0
613.2	110.0
653.44	110.0
1226.76	110.0
1323.64	110.0
56.8	111.0
290.84	111.0
46.04	111.0
79.64	111.0
141.0	111.0
162.44	111.0
203.92	111.0
262.32	111.0
286.2	111.0
302.8	111.0
308.68	111.0
325.68	111.0
407.44	111.0
481.4	111.0
501.76	111.0
523.64	111.0
541.32	111.0
544.16	111.0
616.56	111.0
678.08	111.0
762.04	111.0
840.2	111.0
855.84	111.0
1145.8	111.0
1371.64	111.0
1405.28	111.0
1420.64	111.0
1430.44	111.0
1443.48	111.0
307.92	112.0
20.2	112.0
45.76	112.0
82.56	112.0
407.12	112.0
429.92	112.0
586.88	112.0
19.24	113.0
318.76	114.0
30.48	115.0
77.28	115.0
118.8	115.0
150.96	115.0
189.12	115.0
308.2	115.0
311.16	115.0
329.92	115.0
390.32	115.0
447.0	115.0
504.16	115.0
634.16	115.0
800.72	115.0
861.92	115.0
924.36	115.0
1005.16	115.0
1227.08	115.0
1323.96	115.0
1350.68	115.0
1424.36	115.0
1443.2	115.0
109.32	116.0
219.84	116.0
316.04	116.0
362.0	116.0
830.52	116.0
1320.6	116.0
117.0	116.0
156.24	116.0
160.04	116.0
172.88	116.0
224.44	116.0
245.92	116.0
265.92	116.0
271.32	116.0
308.0	116.0
320.08	116.0
336.64	116.0
347.2	116.0
350.92	116.0
442.52	116.0
465.68	116.0
491.84	116.0
600.0	116.0
657.28	116.0
703.56	116.0
774.96	116.0
783.76	116.0
814.16	116.0
877.52	116.0
953.52	116.0
1064.4	116.0
1098.12	116.0
1219.36	116.0
1236.12	116.0
1240.84	116.0
1343.52	116.0
1350.04	116.0
1356.68	116.0
1376.88	116.0
1416.04	116.0
1418.68	116.0
1436.04	116.0
1442.92	116.0
1466.64	116.0
1470.72	116.0
57.04	117.0
117.2	117.0
309.72	117.0
317.76	117.0
362.64	117.0
431.16	117.0
653.6	117.0
856.08	117.0
1135.88	118.0
40.08	118.0
59.68	118.0
91.68	118.0
117.8	118.0
160.04	118.0
170.32	118.0
176.16	118.0
232.56	118.0
250.16	118.0
306.64	118.0
319.96	118.0
327.84	118.0
345.36	118.0
361.16	118.0
388.88	118.0
411.12	118.0
467.04	118.0
473.24	118.0
574.64	118.0
1434.92	118.0
1483.36	118.0
244.88	119.0
311.64	119.0
415.76	119.0
672.0	119.0
1409.84	119.0
26.0	120.0
51.84	120.0
59.44	120.0
309.6	120.0
498.48	120.0
