309.68	84.0
330.04	84.0
508.48	84.0
554.96	84.0
309.04	85.0
326.24	85.0
353.88	85.0
382.96	85.0
667.32	85.0
710.44	85.0
786.36	85.0
1345.4	85.0
318.0	86.0
329.12	86.0
333.72	86.0
354.28	86.0
361.44	86.0
467.04	86.0
485.08	86.0
501.24	86.0
516.8	86.0
560.96	86.0
579.36	86.0
594.12	86.0
608.08	86.0
625.2	86.0
637.28	86.0
658.36	86.0
682.6	86.0
699.56	86.0
720.28	86.0
732.72	86.0
750.92	86.0
757.84	86.0
786.08	86.0
819.4	86.0
840.44	86.0
857.92	86.0
883.56	86.0
910.64	86.0
940.0	86.0
991.48	86.0
1023.52	86.0
1129.36	86.0
1286.68	86.0
1307.36	86.0
1356.24	86.0
339.44	86.0
343.44	86.0
346.92	86.0
351.28	86.0
368.52	86.0
381.12	86.0
1098.36	86.0
1239.32	86.0
1373.04	86.0
319.08	87.0
350.16	87.0
421.32	87.0
616.36	87.0
644.16	87.0
719.32	87.0
312.4	87.0
315.52	87.0
327.64	87.0
330.72	87.0
333.92	87.0
336.8	87.0
340.28	87.0
347.24	87.0
354.68	87.0
358.4	87.0
363.8	87.0
368.64	87.0
379.88	87.0
387.2	87.0
395.96	87.0
410.96	87.0
1288.44	87.0
1338.96	87.0
311.2	88.0
315.04	88.0
328.24	88.0
334.84	88.0
302.76	88.0
353.96	88.0
486.0	88.0
525.44	88.0
528.24	88.0
616.32	88.0
650.08	88.0
834.72	88.0
920.92	88.0
1302.04	88.0
1328.64	88.0
335.56	89.0
311.36	89.0
319.12	89.0
342.44	89.0
525.72	89.0
582.0	89.0
811.48	89.0
1171.24	89.0
1323.76	89.0
312.24	90.0
315.96	90.0
326.8	90.0
331.96	90.0
370.0	90.0
380.48	90.0
402.0	90.0
499.36	90.0
581.68	90.0
605.12	90.0
655.72	90.0
678.2	90.0
815.48	90.0
1170.92	90.0
1236.44	90.0
1260.44	90.0
1297.48	90.0
312.04	91.0
355.64	91.0
425.88	91.0
324.6	92.0
339.72	92.0
364.72	92.0
382.96	92.0
403.92	92.0
436.04	92.0
466.6	92.0
499.8	92.0
302.96	92.0
312.8	92.0
373.72	92.0
390.6	92.0
410.56	92.0
470.44	92.0
486.48	92.0
539.48	92.0
555.68	92.0
749.48	92.0
770.36	92.0
789.08	92.0
808.8	92.0
836.88	92.0
858.84	92.0
892.12	92.0
976.4	92.0
1034.48	92.0
1054.0	92.0
1083.52	92.0
1208.48	92.0
1249.48	92.0
1296.0	92.0
1329.16	92.0
1350.56	92.0
1371.84	92.0
309.72	93.0
314.8	93.0
332.16	93.0
343.32	93.0
429.0	93.0
490.76	93.0
635.24	93.0
769.84	93.0
847.4	93.0
1349.08	93.0
1364.2	93.0
306.0	93.0
380.24	93.0
452.68	93.0
314.6	94.0
326.72	94.0
339.16	94.0
370.92	94.0
396.04	94.0
424.56	94.0
475.44	94.0
525.76	94.0
557.28	94.0
634.88	94.0
957.72	94.0
313.28	95.0
324.16	95.0
333.96	95.0
354.64	95.0
538.48	95.0
606.6	95.0
687.0	95.0
733.12	95.0
784.4	95.0
840.12	95.0
883.52	95.0
908.0	95.0
1012.52	95.0
1136.92	95.0
1178.72	95.0
1266.8	95.0
1309.0	95.0
310.84	96.0
1205.16	96.0
311.08	97.0
302.72	97.0
326.4	97.0
344.44	97.0
354.6	97.0
369.24	97.0
372.4	97.0
501.48	98.0
598.12	98.0
324.72	98.0
421.4	98.0
669.72	98.0
1294.2	98.0
311.44	99.0
315.76	99.0
319.56	99.0
328.12	99.0
333.24	99.0
339.12	99.0
350.36	99.0
356.72	99.0
377.04	99.0
623.4	99.0
1344.96	99.0
327.92	100.0
356.84	100.0
432.6	100.0
551.4	100.0
555.4	100.0
353.44	101.0
302.56	101.0
361.08	101.0
370.48	101.0
302.76	102.0
332.68	102.0
326.52	103.0
342.04	103.0
381.08	103.0
413.08	103.0
373.36	103.0
413.08	104.0
311.0	104.0
315.84	104.0
320.28	104.0
327.44	104.0
332.0	104.0
336.0	104.0
342.24	104.0
358.6	104.0
368.16	104.0
381.12	104.0
385.24	104.0
396.0	104.0
405.52	104.0
426.56	104.0
452.32	104.0
477.76	104.0
500.28	104.0
570.64	104.0
628.4	104.0
661.52	104.0
709.2	104.0
762.96	104.0
860.2	104.0
1004.84	104.0
1240.84	104.0
1361.48	104.0
311.44	105.0
318.12	106.0
344.52	106.0
433.24	106.0
883.64	106.0
1342.72	106.0
314.12	107.0
311.28	107.0
317.28	107.0
339.0	107.0
343.92	107.0
350.48	107.0
353.76	107.0
366.28	107.0
375.44	107.0
389.6	107.0
418.44	107.0
483.56	107.0
566.92	107.0
899.16	107.0
314.8	108.0
353.12	108.0
324.96	108.0
335.44	108.0
348.4	108.0
365.28	108.0
386.16	108.0
422.36	108.0
444.08	108.0
489.6	108.0
797.48	108.0
836.92	108.0
312.0	109.0
380.28	109.0
486.16	109.0
655.48	109.0
1075.96	109.0
1170.68	109.0
1297.28	109.0
326.2	109.0
348.84	109.0
815.8	109.0
326.56	110.0
332.36	110.0
339.32	110.0
368.84	110.0
413.88	110.0
312.64	110.0
347.04	110.0
355.84	110.0
605.44	110.0
630.76	110.0
850.2	110.0
1170.8	110.0
1346.68	110.0
347.92	111.0
668.88	111.0
942.64	111.0
310.36	111.0
315.56	111.0
327.64	111.0
332.48	111.0
337.28	111.0
340.68	111.0
353.24	111.0
364.68	111.0
368.92	111.0
376.12	111.0
385.44	111.0
404.52	111.0
440.08	111.0
502.68	111.0
510.36	111.0
584.76	111.0
604.12	111.0
622.92	111.0
657.96	111.0
679.96	111.0
700.36	111.0
727.4	111.0
736.48	111.0
761.08	111.0
818.48	111.0
847.92	111.0
886.24	111.0
906.16	111.0
926.52	111.0
945.44	111.0
975.32	111.0
989.68	111.0
1012.72	111.0
1033.16	111.0
1044.92	111.0
1102.76	111.0
1121.84	111.0
1170.48	111.0
1180.24	111.0
1228.56	111.0
1277.2	111.0
1286.08	111.0
1339.72	111.0
354.32	112.0
324.48	112.0
347.76	112.0
392.4	112.0
396.8	112.0
410.36	112.0
860.16	112.0
904.8	112.0
336.36	113.0
355.96	113.0
373.72	113.0
310.8	114.0
325.92	114.0
335.52	114.0
341.32	114.0
344.32	114.0
356.88	114.0
375.28	114.0
312.68	115.0
333.64	115.0
501.36	115.0
316.56	115.0
324.6	115.0
327.32	115.0
336.44	115.0
339.6	115.0
348.44	115.0
369.92	115.0
375.92	115.0
393.56	115.0
526.88	115.0
557.56	115.0
591.72	115.0
631.0	115.0
664.04	115.0
711.76	115.0
752.68	115.0
781.56	115.0
850.48	115.0
887.92	115.0
936.76	115.0
969.8	115.0
1009.92	115.0
1049.68	115.0
1083.48	115.0
1170.96	115.0
1252.84	115.0
1294.04	115.0
1322.32	115.0
1365.92	115.0
310.12	116.0
393.52	116.0
864.64	116.0
886.04	116.0
888.84	116.0
315.12	116.0
319.88	116.0
324.48	116.0
327.8	116.0
330.92	116.0
333.84	116.0
338.0	116.0
345.12	116.0
348.56	116.0
353.24	116.0
357.24	116.0
362.12	116.0
368.4	116.0
374.08	116.0
384.88	116.0
389.92	116.0
409.68	116.0
421.56	116.0
448.32	116.0
455.04	116.0
483.32	116.0
486.16	116.0
546.84	116.0
554.44	116.0
561.92	116.0
660.28	116.0
697.32	116.0
700.96	116.0
1014.52	116.0
1076.68	116.0
1239.68	116.0
1331.4	116.0
1348.8	116.0
369.68	117.0
385.32	117.0
412.08	117.0
310.72	117.0
337.56	117.0
347.84	117.0
397.2	117.0
585.04	117.0
669.0	117.0
942.72	117.0
311.36	118.0
315.6	118.0
326.36	118.0
332.68	118.0
342.56	118.0
346.8	118.0
354.48	118.0
370.24	118.0
381.96	118.0
388.16	118.0
409.84	118.0
429.92	118.0
464.8	118.0
489.32	118.0
515.76	118.0
557.12	118.0
587.28	118.0
632.68	118.0
657.08	118.0
1277.32	118.0
311.08	119.0
330.6	119.0
335.28	119.0
341.4	119.0
385.44	119.0
415.64	119.0
420.0	119.0
448.28	119.0
477.48	119.0
506.72	119.0
554.84	119.0
662.4	119.0
1164.72	119.0
1373.92	119.0
311.48	120.0
320.0	120.0
336.68	120.0
341.52	120.0
381.64	120.0
442.4	120.0
451.68	120.0
636.44	120.0
697.04	120.0
764.6	120.0
800.64	120.0
1212.24	120.0
