302.48	84.0
17.92	85.0
25.68	85.0
57.52	85.0
94.6	85.0
166.52	85.0
185.6	85.0
228.6	85.0
828.12	85.0
996.48	85.0
1197.64	85.0
1335.0	85.0
5.8	86.0
49.6	86.0
61.72	86.0
92.28	86.0
143.56	86.0
175.56	86.0
220.04	86.0
253.08	86.0
285.68	86.0
288.36	86.0
294.52	86.0
306.96	86.0
359.8	86.0
398.96	86.0
446.24	86.0
517.08	86.0
599.92	86.0
713.44	86.0
765.2	86.0
788.8	86.0
842.96	86.0
856.44	86.0
882.24	86.0
910.04	86.0
989.48	86.0
997.6	86.0
1100.48	86.0
1141.56	86.0
1149.84	86.0
1180.8	86.0
1216.6	86.0
1269.12	86.0
1311.68	86.0
1336.04	86.0
1350.0	86.0
1375.88	86.0
309.52	86.0
317.92	86.0
329.12	86.0
340.24	86.0
344.4	86.0
1050.04	86.0
1169.04	86.0
1256.64	86.0
1259.28	86.0
1305.28	86.0
1367.28	86.0
1348.88	87.0
12.52	87.0
23.44	87.0
28.16	87.0
51.24	87.0
64.28	87.0
106.68	87.0
191.76	87.0
269.96	87.0
311.48	87.0
315.76	87.0
333.04	87.0
497.36	87.0
530.0	87.0
540.36	87.0
552.64	87.0
686.08	87.0
705.48	87.0
714.04	87.0
748.96	87.0
773.84	87.0
800.24	87.0
824.56	87.0
851.24	87.0
869.52	87.0
881.0	87.0
952.68	87.0
960.44	87.0
995.12	87.0
1001.96	87.0
1109.64	87.0
1117.76	87.0
1130.96	87.0
1165.48	87.0
1219.8	87.0
1230.0	87.0
1251.28	87.0
1297.76	87.0
1331.6	87.0
1337.64	87.0
1360.88	87.0
1378.4	87.0
1387.2	87.0
67.88	88.0
204.84	88.0
302.84	88.0
306.48	88.0
322.52	88.0
340.8	88.0
395.2	88.0
775.32	88.0
782.6	88.0
808.96	88.0
852.44	88.0
1065.68	88.0
1178.76	88.0
1239.92	88.0
1370.44	88.0
1374.68	88.0
318.56	89.0
558.52	89.0
682.96	89.0
689.56	89.0
1126.0	89.0
1187.52	89.0
1194.72	89.0
1277.56	89.0
1288.28	89.0
1024.76	90.0
125.04	90.0
204.2	90.0
338.56	90.0
406.72	90.0
420.96	90.0
471.36	90.0
493.72	90.0
586.32	90.0
595.96	90.0
689.24	90.0
849.36	90.0
879.32	90.0
937.84	90.0
967.84	90.0
976.64	90.0
997.64	90.0
1125.68	90.0
1287.96	90.0
1372.4	90.0
104.68	91.0
402.68	91.0
785.08	91.0
25.92	92.0
66.2	92.0
138.44	92.0
180.4	92.0
224.28	92.0
336.12	92.0
541.92	92.0
650.8	92.0
843.4	92.0
917.72	92.0
1169.84	92.0
1191.52	92.0
1233.72	92.0
70.12	92.0
92.56	92.0
104.2	92.0
142.44	92.0
171.84	92.0
184.56	92.0
302.72	92.0
311.8	92.0
340.0	92.0
759.64	92.0
813.36	92.0
865.88	92.0
1177.68	92.0
1195.0	92.0
1211.32	92.0
1291.96	92.0
1381.12	92.0
6.64	93.0
20.2	93.0
65.24	93.0
89.68	93.0
103.48	93.0
136.48	93.0
200.92	93.0
222.8	93.0
307.48	93.0
338.36	93.0
292.88	94.0
373.12	94.0
20.44	94.0
104.08	94.0
223.84	94.0
822.84	94.0
1286.8	94.0
1337.16	94.0
3.64	95.0
69.64	95.0
104.6	95.0
185.96	95.0
295.08	95.0
306.2	95.0
484.88	95.0
530.64	95.0
692.56	95.0
932.0	95.0
1238.72	95.0
285.52	96.0
302.76	96.0
306.16	96.0
1349.0	96.0
35.6	97.0
1312.0	97.0
58.88	97.0
154.88	97.0
260.84	97.0
302.64	97.0
307.28	97.0
379.0	97.0
517.96	97.0
744.84	97.0
826.52	97.0
937.4	97.0
1168.12	97.0
1353.52	97.0
721.44	98.0
790.12	98.0
99.56	99.0
313.16	99.0
325.52	99.0
1298.52	99.0
1342.8	99.0
1376.4	99.0
215.76	100.0
234.64	100.0
271.84	100.0
326.08	100.0
356.0	100.0
399.44	100.0
451.64	100.0
518.56	100.0
612.64	100.0
666.04	100.0
689.08	100.0
734.0	100.0
762.72	100.0
892.8	100.0
937.48	100.0
972.92	100.0
1024.68	100.0
1117.8	100.0
1170.6	100.0
302.52	101.0
307.24	101.0
302.64	102.0
541.96	102.0
306.2	103.0
134.72	104.0
30.84	104.0
65.76	104.0
126.32	104.0
208.52	104.0
261.92	104.0
268.16	104.0
306.92	104.0
312.96	104.0
321.36	104.0
337.52	104.0
675.92	104.0
721.36	104.0
766.36	104.0
823.32	104.0
863.12	104.0
965.56	104.0
1065.4	104.0
1173.96	104.0
1198.8	104.0
1234.96	104.0
1334.68	104.0
1351.8	104.0
306.64	106.0
1171.48	106.0
32.28	107.0
115.32	107.0
170.96	107.0
199.24	107.0
220.52	107.0
254.68	107.0
307.76	107.0
455.48	107.0
513.96	107.0
607.8	107.0
822.28	107.0
847.68	107.0
866.52	107.0
937.56	107.0
940.84	107.0
984.08	107.0
1049.16	107.0
1131.16	107.0
1346.52	107.0
1365.56	107.0
52.64	108.0
96.28	108.0
126.2	108.0
158.28	108.0
185.0	108.0
281.28	108.0
322.16	108.0
615.56	108.0
647.36	108.0
693.48	108.0
753.16	108.0
771.96	108.0
852.92	108.0
1045.04	108.0
1129.12	108.0
1175.84	108.0
3.44	109.0
204.0	109.0
307.8	109.0
420.68	109.0
527.64	109.0
689.04	109.0
976.44	109.0
1287.72	109.0
1287.56	110.0
104.96	110.0
338.6	110.0
376.72	110.0
402.88	110.0
541.84	110.0
566.24	110.0
1078.48	110.0
1333.2	110.0
1349.36	110.0
648.88	111.0
967.4	111.0
1002.72	111.0
28.64	111.0
142.08	111.0
156.0	111.0
162.88	111.0
180.12	111.0
227.48	111.0
260.56	111.0
282.04	111.0
310.32	111.0
318.88	111.0
340.52	111.0
376.64	111.0
493.4	111.0
499.0	111.0
526.72	111.0
557.04	111.0
655.28	111.0
687.36	111.0
751.6	111.0
763.8	111.0
900.12	111.0
1042.12	111.0
1141.76	111.0
1268.16	111.0
1287.68	111.0
1349.32	111.0
1361.48	111.0
1387.56	111.0
153.64	112.0
306.08	112.0
29.56	112.0
90.84	112.0
583.04	112.0
625.88	112.0
1047.52	112.0
1077.16	112.0
1183.56	112.0
1288.56	112.0
1389.56	112.0
1396.44	112.0
311.52	113.0
129.4	114.0
325.2	114.0
341.76	114.0
45.72	115.0
103.64	115.0
142.68	115.0
189.36	115.0
325.48	115.0
358.56	115.0
542.24	115.0
710.2	115.0
789.8	115.0
338.12	116.0
1199.08	116.0
16.44	116.0
58.96	116.0
117.16	116.0
129.0	116.0
166.44	116.0
256.2	116.0
308.28	116.0
316.24	116.0
324.44	116.0
420.64	116.0
458.2	116.0
471.64	116.0
499.68	116.0
520.2	116.0
523.72	116.0
572.32	116.0
576.92	116.0
613.52	116.0
641.48	116.0
673.72	116.0
689.08	116.0
730.8	116.0
748.64	116.0
766.8	116.0
787.64	116.0
807.04	116.0
818.8	116.0
823.88	116.0
871.76	116.0
902.64	116.0
911.04	116.0
976.4	116.0
1027.8	116.0
1051.92	116.0
1122.28	116.0
1183.28	116.0
1186.24	116.0
1213.72	116.0
1237.52	116.0
1252.08	116.0
1298.16	116.0
1324.2	116.0
1333.44	116.0
1339.88	116.0
1367.04	116.0
1370.28	116.0
1384.96	116.0
156.28	117.0
376.96	117.0
648.92	117.0
689.52	117.0
764.08	117.0
1002.72	117.0
1269.4	117.0
1389.12	117.0
255.68	118.0
153.8	118.0
280.24	118.0
306.96	118.0
324.0	118.0
423.16	118.0
490.48	118.0
623.48	118.0
687.56	118.0
762.24	118.0
876.64	118.0
965.16	118.0
994.76	118.0
1076.76	118.0
1146.36	118.0
1196.76	118.0
1347.64	118.0
1387.72	118.0
129.56	119.0
310.84	119.0
184.24	120.0
198.68	120.0
261.92	120.0
306.0	120.0
323.2	120.0
374.0	120.0
526.08	120.0
528.88	120.0
543.6	120.0
582.48	120.0
622.24	120.0
851.52	120.0
1053.96	120.0
1130.56	120.0
1216.32	120.0
1249.96	120.0
1350.72	120.0
1377.96	120.0
