319.6	84.0
1337.92	84.0
1400.36	84.0
313.36	85.0
326.84	85.0
1241.96	85.0
1390.32	85.0
1443.84	85.0
282.04	86.0
287.88	86.0
293.56	86.0
312.12	86.0
324.08	86.0
330.12	86.0
345.0	86.0
353.36	86.0
362.52	86.0
374.92	86.0
388.24	86.0
421.96	86.0
436.48	86.0
480.44	86.0
516.32	86.0
564.64	86.0
1268.76	86.0
1293.0	86.0
1304.32	86.0
1313.92	86.0
1322.6	86.0
1335.08	86.0
1348.48	86.0
1367.64	86.0
1373.04	86.0
1394.08	86.0
1400.88	86.0
1413.36	86.0
1425.12	86.0
1434.48	86.0
1440.2	86.0
1459.04	86.0
1468.24	86.0
249.24	86.0
267.24	86.0
296.36	86.0
307.64	86.0
320.0	86.0
336.0	86.0
1360.08	86.0
307.6	87.0
1369.88	87.0
1384.76	87.0
1436.92	87.0
60.6	87.0
168.6	87.0
285.76	87.0
312.76	87.0
316.12	87.0
325.04	87.0
336.96	87.0
342.92	87.0
1309.72	87.0
1341.2	87.0
1352.72	87.0
1396.68	87.0
1416.16	87.0
1432.04	87.0
1455.36	87.0
270.48	88.0
275.84	88.0
295.68	88.0
317.24	88.0
345.52	88.0
398.12	88.0
1462.28	88.0
235.2	88.0
259.92	88.0
302.56	88.0
306.36	88.0
368.48	88.0
371.76	88.0
406.52	88.0
1284.96	88.0
1364.24	88.0
1447.6	88.0
314.68	89.0
255.24	89.0
276.28	89.0
307.6	89.0
331.4	89.0
353.12	89.0
382.8	89.0
429.88	89.0
1270.2	89.0
1325.16	89.0
1383.8	89.0
1380.4	90.0
231.24	90.0
246.44	90.0
290.36	90.0
309.64	90.0
313.08	90.0
346.32	90.0
352.72	90.0
382.48	90.0
401.6	90.0
1295.4	90.0
1324.88	90.0
1338.4	90.0
1390.36	90.0
313.24	91.0
253.16	92.0
266.96	92.0
340.12	92.0
373.0	92.0
1272.36	92.0
1306.76	92.0
1315.32	92.0
1382.52	92.0
1401.4	92.0
246.32	92.0
270.48	92.0
275.96	92.0
288.8	92.0
293.32	92.0
302.72	92.0
317.0	92.0
324.92	92.0
403.84	92.0
419.84	92.0
1276.2	92.0
1310.44	92.0
1340.76	92.0
1351.64	92.0
1367.76	92.0
1397.88	92.0
1436.48	92.0
1447.64	92.0
1464.08	92.0
316.36	93.0
1423.12	93.0
1424.56	94.0
307.92	94.0
314.84	94.0
383.48	94.0
1388.04	94.0
288.2	95.0
306.84	95.0
430.0	95.0
1296.8	95.0
1358.28	95.0
1439.8	95.0
275.76	96.0
1304.6	96.0
1336.2	96.0
1363.28	96.0
294.16	97.0
362.08	97.0
1372.52	97.0
302.56	97.0
306.92	97.0
309.44	97.0
312.76	97.0
306.76	98.0
1382.36	98.0
306.8	99.0
200.24	99.0
260.56	99.0
281.88	99.0
312.24	99.0
316.96	99.0
319.72	99.0
326.4	99.0
334.36	99.0
1305.76	99.0
1342.36	99.0
1424.68	99.0
199.8	100.0
1380.32	100.0
306.64	101.0
302.48	101.0
313.12	101.0
317.04	101.0
317.16	102.0
1356.56	102.0
290.16	102.0
308.32	102.0
372.8	103.0
297.68	103.0
307.84	103.0
275.8	104.0
295.88	104.0
309.92	104.0
314.64	104.0
319.76	104.0
327.48	104.0
333.36	104.0
350.68	104.0
396.64	104.0
506.4	104.0
1295.68	104.0
1308.16	104.0
1347.88	104.0
1385.8	104.0
1422.64	104.0
1441.52	104.0
267.0	106.0
419.24	106.0
1383.68	106.0
279.44	107.0
293.36	107.0
307.68	107.0
319.56	107.0
420.6	107.0
1296.8	107.0
1365.72	107.0
1382.28	107.0
1398.28	107.0
1460.12	107.0
281.68	108.0
307.2	108.0
317.6	108.0
351.24	108.0
398.16	108.0
462.48	108.0
1439.44	108.0
352.48	109.0
311.2	109.0
1441.96	109.0
309.8	110.0
338.92	110.0
346.0	110.0
1384.68	110.0
279.84	110.0
316.36	110.0
321.24	110.0
323.76	110.0
401.08	110.0
1270.88	110.0
1341.68	110.0
1357.92	110.0
1368.6	110.0
1408.88	110.0
1417.28	110.0
293.48	111.0
1320.56	111.0
276.2	111.0
289.52	111.0
299.92	111.0
306.04	111.0
316.2	111.0
321.16	111.0
323.8	111.0
332.52	111.0
337.92	111.0
346.12	111.0
361.12	111.0
372.72	111.0
375.28	111.0
419.24	111.0
1326.24	111.0
1329.56	111.0
1336.72	111.0
1352.6	111.0
1355.24	111.0
1357.88	111.0
1383.08	111.0
1408.12	111.0
1419.28	111.0
1423.0	111.0
1438.52	111.0
295.76	112.0
306.16	112.0
399.44	112.0
418.56	112.0
1456.88	112.0
329.8	113.0
307.16	114.0
340.68	115.0
280.12	115.0
287.56	115.0
310.04	115.0
325.6	115.0
328.44	115.0
353.64	115.0
401.32	115.0
484.36	115.0
1271.12	115.0
1316.76	115.0
1341.96	115.0
1368.84	115.0
1395.12	115.0
1417.56	115.0
1447.76	115.0
324.6	116.0
1320.16	116.0
1350.72	116.0
1441.44	116.0
258.52	116.0
274.64	116.0
286.92	116.0
290.08	116.0
294.56	116.0
309.2	116.0
313.4	116.0
321.52	116.0
328.28	116.0
332.36	116.0
339.28	116.0
361.28	116.0
369.24	116.0
381.44	116.0
1290.24	116.0
1300.48	116.0
1305.44	116.0
1308.4	116.0
1333.92	116.0
1338.04	116.0
1363.8	116.0
1376.56	116.0
1382.6	116.0
1400.64	116.0
1409.4	116.0
1412.96	116.0
1437.12	116.0
324.56	117.0
293.52	117.0
310.24	117.0
346.44	117.0
1320.56	117.0
339.16	118.0
271.92	118.0
274.72	118.0
290.32	118.0
309.76	118.0
315.6	118.0
320.44	118.0
324.88	118.0
336.52	118.0
352.52	118.0
376.96	118.0
1315.08	118.0
1327.2	118.0
1343.4	118.0
1350.16	118.0
1366.0	118.0
1386.32	118.0
1403.32	118.0
1437.08	118.0
310.76	119.0
374.12	119.0
262.32	120.0
256.8	120.0
321.36	120.0
328.24	120.0
412.56	120.0
1262.0	120.0
1270.56	120.0
1385.4	120.0
