60.84	84.0
329.84	84.0
91.28	85.0
140.32	85.0
423.12	85.0
959.56	85.0
1137.96	85.0
1254.88	85.0
1304.04	85.0
1395.92	85.0
1454.32	85.0
19.8	86.0
33.48	86.0
85.08	86.0
120.32	86.0
146.76	86.0
206.68	86.0
216.2	86.0
235.24	86.0
298.44	86.0
368.8	86.0
386.12	86.0
423.68	86.0
517.12	86.0
796.32	86.0
842.16	86.0
875.8	86.0
916.96	86.0
940.84	86.0
973.36	86.0
986.6	86.0
1025.52	86.0
1049.24	86.0
1082.88	86.0
1104.52	86.0
1113.44	86.0
1136.16	86.0
1140.68	86.0
1169.44	86.0
1227.0	86.0
1242.28	86.0
1251.16	86.0
1275.12	86.0
1291.08	86.0
1323.4	86.0
1336.96	86.0
1366.12	86.0
1386.28	86.0
1409.6	86.0
1438.24	86.0
1451.48	86.0
60.24	86.0
109.08	86.0
309.4	86.0
314.6	86.0
322.4	86.0
331.36	86.0
343.6	86.0
363.0	86.0
855.52	86.0
962.76	86.0
1017.4	86.0
1034.96	86.0
1196.0	86.0
1451.56	87.0
6.24	87.0
36.8	87.0
50.32	87.0
88.2	87.0
131.04	87.0
178.68	87.0
198.4	87.0
322.12	87.0
327.8	87.0
332.8	87.0
344.96	87.0
367.84	87.0
374.48	87.0
402.8	87.0
439.52	87.0
486.64	87.0
501.44	87.0
558.28	87.0
619.72	87.0
769.32	87.0
797.12	87.0
851.44	87.0
968.68	87.0
1002.44	87.0
1017.68	87.0
1074.76	87.0
1094.8	87.0
1111.2	87.0
1145.72	87.0
1199.8	87.0
1206.96	87.0
1251.08	87.0
1272.12	87.0
1293.6	87.0
1443.4	87.0
306.32	88.0
63.52	88.0
102.8	88.0
181.48	88.0
298.12	88.0
323.04	88.0
371.0	88.0
398.0	88.0
457.72	88.0
514.76	88.0
782.0	88.0
944.2	88.0
970.68	88.0
1005.52	88.0
1029.2	88.0
1056.0	88.0
1110.36	88.0
1130.36	88.0
1146.96	88.0
1184.32	88.0
1202.32	88.0
1220.72	88.0
1243.16	88.0
1290.08	88.0
1335.76	88.0
1425.04	88.0
368.8	89.0
673.6	89.0
154.96	89.0
168.4	89.0
354.32	89.0
426.92	89.0
542.08	89.0
926.6	89.0
1050.4	89.0
1129.76	89.0
1147.56	89.0
1389.92	89.0
107.12	90.0
168.08	90.0
325.12	90.0
339.08	90.0
343.52	90.0
368.72	90.0
769.68	90.0
788.76	90.0
825.08	90.0
863.28	90.0
917.92	90.0
991.32	90.0
1031.68	90.0
1129.44	90.0
1147.32	90.0
1156.48	90.0
1389.6	90.0
1412.52	90.0
302.76	91.0
6.16	91.0
306.4	92.0
319.68	92.0
129.88	92.0
262.92	92.0
272.0	92.0
302.72	92.0
316.32	92.0
359.16	92.0
1340.32	92.0
262.44	93.0
306.24	93.0
794.88	93.0
1410.8	93.0
1244.0	93.0
1199.28	94.0
59.32	94.0
310.48	94.0
330.04	94.0
333.04	94.0
357.8	94.0
32.44	95.0
62.48	95.0
313.2	95.0
394.92	95.0
510.8	95.0
663.0	95.0
775.64	95.0
956.04	95.0
1017.68	95.0
1275.4	95.0
1415.48	95.0
302.88	96.0
333.12	96.0
1410.44	96.0
30.36	97.0
58.68	97.0
302.6	97.0
1220.44	97.0
1333.76	97.0
308.72	97.0
706.64	97.0
1081.16	97.0
1142.04	97.0
1289.4	97.0
1406.92	97.0
205.64	98.0
1139.28	98.0
179.56	99.0
260.92	99.0
309.2	99.0
315.36	99.0
318.12	99.0
326.32	99.0
337.08	99.0
1140.92	99.0
1244.44	99.0
1386.12	99.0
1431.2	99.0
174.16	100.0
235.72	100.0
332.2	100.0
518.08	100.0
609.28	100.0
1060.2	100.0
1217.8	100.0
1241.48	100.0
1384.72	100.0
302.52	101.0
302.6	102.0
343.12	102.0
330.48	102.0
431.36	103.0
530.32	103.0
1319.44	103.0
14.84	104.0
78.92	104.0
117.52	104.0
310.84	104.0
318.52	104.0
326.48	104.0
332.84	104.0
345.4	104.0
395.52	104.0
423.76	104.0
430.72	104.0
772.52	104.0
911.04	104.0
1105.88	104.0
1143.64	104.0
1152.24	104.0
1326.8	104.0
1388.44	104.0
1450.28	104.0
53.04	106.0
878.36	106.0
1285.56	106.0
1318.44	106.0
1387.04	106.0
331.64	107.0
38.92	107.0
62.32	107.0
105.68	107.0
160.0	107.0
255.96	107.0
307.92	107.0
314.6	107.0
327.08	107.0
371.92	107.0
394.28	107.0
660.36	107.0
752.36	107.0
786.64	107.0
829.04	107.0
864.48	107.0
908.28	107.0
1012.92	107.0
1052.68	107.0
1134.72	107.0
1456.52	107.0
54.28	108.0
252.68	108.0
309.84	108.0
767.24	108.0
931.16	108.0
1124.32	108.0
1223.12	108.0
1329.04	108.0
1387.56	108.0
1431.04	108.0
1462.04	108.0
769.48	109.0
311.44	109.0
299.8	110.0
966.64	110.0
1082.88	110.0
23.28	110.0
58.8	110.0
210.6	110.0
309.44	110.0
390.8	110.0
407.96	110.0
518.64	110.0
938.36	110.0
998.52	110.0
1074.04	110.0
307.76	111.0
17.8	111.0
96.44	111.0
99.8	111.0
136.72	111.0
212.32	111.0
260.24	111.0
279.0	111.0
313.36	111.0
337.04	111.0
342.44	111.0
394.76	111.0
519.0	111.0
673.52	111.0
799.68	111.0
803.84	111.0
818.76	111.0
823.4	111.0
826.84	111.0
868.8	111.0
932.36	111.0
950.56	111.0
966.8	111.0
982.76	111.0
998.44	111.0
1015.56	111.0
1041.88	111.0
1049.4	111.0
1073.96	111.0
1135.48	111.0
1166.84	111.0
1172.52	111.0
1234.52	111.0
1237.64	111.0
1281.56	111.0
1323.44	111.0
1350.08	111.0
1377.88	111.0
1388.28	111.0
1411.16	111.0
1413.68	111.0
1442.44	111.0
1460.72	111.0
1388.4	112.0
61.88	112.0
130.6	112.0
519.12	112.0
988.12	112.0
1075.48	112.0
1410.2	112.0
1462.96	112.0
853.8	113.0
1138.32	114.0
309.0	114.0
359.92	114.0
358.64	115.0
23.52	115.0
59.04	115.0
210.84	115.0
253.88	115.0
287.08	115.0
312.96	115.0
371.08	115.0
408.28	115.0
431.08	115.0
504.04	115.0
776.4	115.0
966.04	115.0
1252.04	115.0
1369.12	115.0
656.6	116.0
27.04	116.0
46.16	116.0
59.08	116.0
172.36	116.0
192.84	116.0
200.2	116.0
238.32	116.0
308.6	116.0
312.24	116.0
315.2	116.0
319.28	116.0
325.88	116.0
328.64	116.0
331.92	116.0
339.72	116.0
342.68	116.0
360.72	116.0
388.24	116.0
391.16	116.0
399.2	116.0
491.44	116.0
519.0	116.0
561.88	116.0
613.84	116.0
668.28	116.0
736.2	116.0
763.72	116.0
768.72	116.0
795.68	116.0
810.52	116.0
830.52	116.0
833.4	116.0
866.96	116.0
905.8	116.0
923.28	116.0
982.32	116.0
1012.64	116.0
1066.8	116.0
1092.4	116.0
1175.24	116.0
1231.4	116.0
1296.32	116.0
1316.96	116.0
1323.96	116.0
1361.88	116.0
1387.08	116.0
1389.6	116.0
1446.8	116.0
307.76	117.0
329.36	117.0
355.04	117.0
65.96	117.0
805.28	117.0
990.12	117.0
1388.6	117.0
1442.76	117.0
516.96	118.0
826.4	118.0
1049.0	118.0
1386.32	118.0
89.08	118.0
277.12	118.0
311.24	118.0
318.68	118.0
340.52	118.0
765.76	118.0
799.8	118.0
936.84	118.0
988.16	118.0
1172.68	118.0
1409.52	118.0
310.8	119.0
330.68	119.0
650.28	119.0
729.52	119.0
752.52	119.0
793.92	119.0
819.48	119.0
862.32	119.0
962.24	119.0
1244.8	119.0
137.08	120.0
327.6	120.0
344.32	120.0
383.72	120.0
490.0	120.0
766.16	120.0
829.36	120.0
911.68	120.0
941.16	120.0
1134.76	120.0
1383.08	120.0
1451.64	120.0
