512.56	84.0
302.6	84.0
308.24	84.0
328.0	84.0
324.72	85.0
348.16	85.0
375.44	85.0
406.04	85.0
434.24	85.0
485.04	85.0
575.16	85.0
691.2	85.0
697.04	85.0
782.88	85.0
307.84	86.0
310.68	86.0
317.64	86.0
336.24	86.0
358.24	86.0
371.72	86.0
374.56	86.0
382.16	86.0
388.08	86.0
401.76	86.0
443.48	86.0
460.64	86.0
477.32	86.0
590.68	86.0
596.28	86.0
622.28	86.0
699.28	86.0
320.56	86.0
330.72	86.0
343.36	86.0
362.2	86.0
407.6	86.0
426.96	86.0
648.92	86.0
736.28	86.0
761.32	86.0
805.44	86.0
827.72	86.0
307.88	87.0
311.52	87.0
315.88	87.0
325.72	87.0
339.08	87.0
344.44	87.0
350.0	87.0
355.08	87.0
400.88	87.0
406.96	87.0
416.0	87.0
423.2	87.0
448.84	87.0
462.96	87.0
475.4	87.0
518.96	87.0
565.64	87.0
663.44	87.0
776.68	87.0
885.68	87.0
656.12	88.0
803.76	88.0
312.56	88.0
328.24	88.0
340.44	88.0
349.8	88.0
376.96	88.0
426.32	88.0
489.2	88.0
513.28	88.0
536.56	88.0
543.64	88.0
552.6	88.0
560.28	88.0
571.12	88.0
593.56	88.0
617.52	88.0
620.04	88.0
668.64	88.0
700.0	88.0
730.2	88.0
827.32	88.0
840.32	88.0
857.16	88.0
918.6	88.0
349.88	89.0
377.04	89.0
387.96	89.0
307.0	89.0
343.92	89.0
555.04	89.0
571.48	89.0
597.44	89.0
656.12	89.0
693.92	89.0
10.44	90.0
153.48	90.0
309.0	90.0
343.6	90.0
355.44	90.0
364.64	90.0
389.96	90.0
487.52	90.0
554.72	90.0
597.12	90.0
622.8	90.0
694.32	90.0
829.16	90.0
332.28	91.0
336.16	91.0
341.24	91.0
311.4	91.0
366.92	91.0
401.0	91.0
620.04	91.0
306.4	92.0
310.28	92.0
316.52	92.0
319.72	92.0
350.8	92.0
360.52	92.0
418.4	92.0
431.76	92.0
480.8	92.0
676.64	92.0
783.76	92.0
802.72	92.0
303.0	93.0
312.0	93.0
373.2	93.0
757.48	93.0
307.52	93.0
480.44	94.0
497.16	94.0
967.2	94.0
306.08	94.0
312.48	94.0
328.84	94.0
358.28	94.0
394.56	94.0
349.96	95.0
506.68	95.0
576.84	95.0
302.92	96.0
309.16	97.0
374.56	97.0
463.96	97.0
513.28	97.0
631.36	97.0
655.88	97.0
708.68	97.0
838.64	97.0
909.28	97.0
961.6	97.0
339.2	97.0
366.6	97.0
431.0	97.0
554.84	97.0
771.2	97.0
366.76	98.0
311.52	98.0
309.76	99.0
320.08	99.0
327.52	99.0
337.76	99.0
354.24	99.0
381.24	99.0
476.0	99.0
609.12	99.0
712.84	99.0
735.2	99.0
803.6	99.0
832.28	99.0
314.44	100.0
9.04	100.0
306.28	100.0
309.64	100.0
366.68	100.0
554.6	100.0
693.96	100.0
733.2	100.0
306.24	101.0
302.6	101.0
311.08	101.0
329.68	101.0
345.0	101.0
311.28	102.0
389.76	103.0
450.16	103.0
389.72	104.0
311.88	104.0
318.8	104.0
329.68	104.0
339.0	104.0
349.44	104.0
412.6	104.0
433.2	104.0
452.36	104.0
481.8	104.0
501.68	104.0
542.4	104.0
572.44	104.0
623.4	104.0
648.0	104.0
703.56	104.0
707.76	104.0
732.56	104.0
759.68	104.0
803.92	104.0
827.16	104.0
369.72	106.0
307.64	107.0
324.68	107.0
359.96	107.0
365.16	107.0
367.88	107.0
377.96	107.0
392.48	107.0
403.68	107.0
449.72	107.0
499.36	107.0
521.8	107.0
587.6	107.0
667.4	107.0
693.04	107.0
713.0	107.0
741.6	107.0
779.08	107.0
825.96	107.0
895.28	107.0
196.72	108.0
206.88	108.0
308.28	108.0
314.2	108.0
329.48	108.0
368.16	108.0
824.6	108.0
487.24	109.0
554.52	109.0
828.92	109.0
390.2	109.0
399.76	110.0
658.44	110.0
379.32	110.0
608.12	110.0
846.36	110.0
322.2	111.0
154.4	111.0
178.6	111.0
306.92	111.0
346.2	111.0
362.92	111.0
380.32	111.0
415.68	111.0
418.68	111.0
456.56	111.0
477.28	111.0
496.56	111.0
529.0	111.0
532.04	111.0
542.12	111.0
553.8	111.0
574.88	111.0
620.52	111.0
639.44	111.0
679.28	111.0
705.64	111.0
731.2	111.0
733.92	111.0
825.0	111.0
865.24	111.0
875.2	111.0
378.52	112.0
434.84	112.0
547.44	112.0
671.24	112.0
702.16	112.0
895.2	112.0
347.2	114.0
311.48	114.0
358.44	114.0
434.6	114.0
307.44	115.0
311.52	115.0
346.92	115.0
379.56	115.0
435.04	115.0
449.68	115.0
518.2	115.0
565.96	115.0
608.4	115.0
645.48	115.0
753.64	115.0
781.16	115.0
863.08	115.0
329.24	116.0
621.68	116.0
13.68	116.0
268.4	116.0
309.36	116.0
312.36	116.0
315.2	116.0
320.68	116.0
333.76	116.0
346.8	116.0
358.84	116.0
367.48	116.0
372.08	116.0
387.36	116.0
400.64	116.0
413.12	116.0
429.92	116.0
449.48	116.0
469.52	116.0
480.84	116.0
570.96	116.0
656.24	116.0
675.64	116.0
731.2	116.0
756.36	116.0
804.0	116.0
824.84	116.0
346.12	117.0
377.36	117.0
398.04	117.0
337.08	117.0
356.44	117.0
450.16	117.0
456.88	117.0
524.36	117.0
532.28	117.0
554.04	117.0
639.76	117.0
734.24	117.0
378.48	118.0
306.76	118.0
327.44	118.0
340.8	118.0
344.4	118.0
310.96	119.0
376.04	119.0
530.04	119.0
605.56	119.0
658.8	119.0
703.4	120.0
306.96	120.0
311.16	120.0
349.4	120.0
380.72	120.0
434.32	120.0
616.8	120.0
640.96	120.0
734.72	120.0
739.76	120.0
757.84	120.0
779.52	120.0
784.0	120.0
788.8	120.0
894.64	120.0
