165.52	85.0
102.8	85.0
196.04	85.0
523.68	85.0
987.84	85.0
1015.52	85.0
1162.96	85.0
1171.56	85.0
1389.84	85.0
1409.16	85.0
142.48	86.0
176.2	86.0
187.76	86.0
205.64	86.0
224.76	86.0
233.2	86.0
256.96	86.0
269.84	86.0
287.04	86.0
297.72	86.0
309.64	86.0
339.68	86.0
343.44	86.0
374.72	86.0
394.92	86.0
406.36	86.0
428.68	86.0
437.4	86.0
441.2	86.0
460.28	86.0
472.12	86.0
505.48	86.0
521.16	86.0
535.08	86.0
964.88	86.0
986.32	86.0
1012.92	86.0
1019.84	86.0
1033.28	86.0
1045.48	86.0
1050.4	86.0
1089.76	86.0
1094.08	86.0
1118.6	86.0
1126.08	86.0
1157.36	86.0
1187.72	86.0
1208.04	86.0
1212.24	86.0
1241.64	86.0
1276.08	86.0
1337.76	86.0
1366.36	86.0
1408.6	86.0
49.32	86.0
168.04	86.0
194.68	86.0
222.24	86.0
236.68	86.0
249.12	86.0
289.6	86.0
313.64	86.0
316.52	86.0
320.24	86.0
330.88	86.0
362.2	86.0
550.36	86.0
971.88	86.0
988.84	86.0
1000.12	86.0
1025.36	86.0
1035.8	86.0
1062.84	86.0
1076.48	86.0
1251.96	86.0
1382.88	86.0
1360.84	87.0
138.68	87.0
188.52	87.0
224.52	87.0
307.32	87.0
316.04	87.0
324.24	87.0
332.76	87.0
392.72	87.0
482.88	87.0
955.88	87.0
971.92	87.0
975.2	87.0
996.48	87.0
1013.44	87.0
1020.8	87.0
1029.12	87.0
1036.08	87.0
1087.6	87.0
1126.08	87.0
1144.84	87.0
1194.92	87.0
1215.08	87.0
1241.92	87.0
1296.32	87.0
1303.96	87.0
1396.16	87.0
1456.56	87.0
211.92	88.0
306.2	88.0
338.2	88.0
112.96	88.0
180.4	88.0
236.68	88.0
264.52	88.0
294.0	88.0
316.92	88.0
412.08	88.0
520.4	88.0
693.04	88.0
897.72	88.0
981.48	88.0
1007.84	88.0
1035.2	88.0
1055.52	88.0
1096.68	88.0
1099.76	88.0
1153.24	88.0
1232.52	88.0
1356.08	88.0
1444.4	88.0
61.08	89.0
989.04	89.0
111.4	89.0
307.4	89.0
313.72	89.0
485.24	89.0
620.12	89.0
933.0	89.0
998.2	89.0
1060.24	89.0
1182.92	89.0
1233.4	89.0
1236.2	89.0
1245.52	89.0
8.08	90.0
33.48	90.0
59.56	90.0
116.24	90.0
163.0	90.0
190.12	90.0
293.76	90.0
313.4	90.0
324.92	90.0
448.12	90.0
484.92	90.0
546.2	90.0
619.84	90.0
1010.64	90.0
1076.68	90.0
1118.68	90.0
1255.64	90.0
1382.96	90.0
1419.08	90.0
1015.68	91.0
324.32	91.0
354.76	91.0
981.44	91.0
1215.48	91.0
306.2	92.0
1273.08	92.0
144.16	92.0
302.64	92.0
310.28	92.0
318.92	92.0
324.68	92.0
352.88	92.0
713.44	92.0
877.76	92.0
962.68	92.0
985.48	92.0
1000.36	92.0
1114.32	92.0
1119.8	92.0
1179.76	92.0
216.36	93.0
309.92	93.0
546.0	93.0
1000.0	93.0
1184.6	93.0
1388.36	93.0
40.4	93.0
61.52	94.0
215.76	94.0
325.16	94.0
358.92	94.0
364.92	94.0
1306.0	94.0
306.2	94.0
983.12	94.0
1007.52	94.0
1042.32	94.0
1080.88	94.0
134.48	95.0
187.84	95.0
307.68	95.0
959.24	95.0
982.24	95.0
1142.36	95.0
1306.16	95.0
302.84	96.0
1027.6	96.0
70.32	97.0
104.08	97.0
158.12	97.0
211.52	97.0
238.72	97.0
284.6	97.0
302.72	97.0
306.76	97.0
340.76	97.0
481.52	97.0
538.96	97.0
583.76	97.0
967.24	97.0
1039.36	97.0
1182.48	97.0
1358.32	97.0
622.76	97.0
1070.8	97.0
1081.32	97.0
1131.12	97.0
199.36	99.0
222.12	99.0
250.88	99.0
311.12	99.0
324.12	99.0
877.64	99.0
983.36	99.0
998.84	99.0
1017.96	99.0
1050.52	99.0
1159.56	99.0
1207.32	99.0
1412.28	99.0
164.12	100.0
311.6	100.0
324.96	100.0
447.52	100.0
862.28	100.0
1097.32	100.0
1257.04	100.0
1262.36	100.0
1441.64	100.0
302.48	101.0
1003.56	101.0
1049.12	101.0
1119.96	101.0
302.68	102.0
1003.68	102.0
1055.4	102.0
985.04	103.0
1036.56	103.0
1441.92	103.0
8.56	104.0
63.24	104.0
83.08	104.0
111.64	104.0
134.92	104.0
167.0	104.0
192.84	104.0
202.48	104.0
217.0	104.0
242.44	104.0
262.72	104.0
307.08	104.0
313.76	104.0
323.64	104.0
335.68	104.0
571.04	104.0
618.56	104.0
632.76	104.0
958.28	104.0
976.72	104.0
990.2	104.0
1003.08	104.0
1040.84	104.0
1063.92	104.0
1081.16	104.0
1118.6	104.0
1136.08	104.0
1254.68	104.0
1279.56	104.0
1369.4	104.0
1384.24	104.0
38.84	106.0
312.28	106.0
1118.56	106.0
32.36	107.0
994.64	107.0
1292.16	107.0
106.28	107.0
197.12	107.0
229.24	107.0
306.4	107.0
323.6	107.0
330.8	107.0
343.84	107.0
361.2	107.0
403.28	107.0
461.6	107.0
545.0	107.0
609.92	107.0
678.08	107.0
684.4	107.0
957.68	107.0
1027.08	107.0
1035.28	107.0
1045.88	107.0
1061.44	107.0
1080.52	107.0
1097.36	107.0
1124.6	107.0
1192.36	107.0
1206.88	107.0
1237.68	107.0
1297.84	107.0
1460.24	107.0
312.12	108.0
132.0	108.0
167.92	108.0
197.96	108.0
330.24	108.0
934.44	108.0
998.68	108.0
1044.52	108.0
1204.0	108.0
38.76	109.0
237.76	109.0
293.56	109.0
980.6	109.0
1042.76	109.0
163.2	109.0
329.12	110.0
345.68	110.0
381.12	110.0
955.2	110.0
1084.24	110.0
1215.24	110.0
1340.28	110.0
40.96	110.0
136.16	110.0
214.56	110.0
233.12	110.0
1087.2	110.0
1102.68	110.0
1192.16	110.0
1363.32	110.0
1389.96	110.0
200.44	111.0
5.68	111.0
25.52	111.0
84.64	111.0
123.04	111.0
152.24	111.0
175.6	111.0
215.12	111.0
238.28	111.0
246.76	111.0
263.24	111.0
294.24	111.0
306.44	111.0
321.24	111.0
381.68	111.0
385.36	111.0
456.68	111.0
522.32	111.0
528.44	111.0
879.36	111.0
923.2	111.0
969.04	111.0
1017.56	111.0
1021.96	111.0
1037.92	111.0
1070.52	111.0
1084.36	111.0
1102.52	111.0
1114.56	111.0
1137.56	111.0
1147.2	111.0
1207.6	111.0
1253.2	111.0
1287.08	111.0
1340.4	111.0
1348.24	111.0
1374.24	111.0
1408.44	111.0
1444.0	111.0
125.44	112.0
353.6	112.0
394.12	112.0
431.12	112.0
462.44	112.0
549.16	112.0
667.2	112.0
1015.32	112.0
1060.36	112.0
307.32	113.0
1051.2	114.0
1097.36	114.0
306.52	114.0
1124.16	114.0
1190.48	114.0
1164.36	115.0
142.08	115.0
206.88	115.0
224.96	115.0
349.96	115.0
492.8	115.0
524.92	115.0
578.76	115.0
895.96	115.0
969.36	115.0
985.2	115.0
1024.2	115.0
1038.88	115.0
1055.2	115.0
1094.2	115.0
1127.48	115.0
1239.52	115.0
1390.16	115.0
882.24	116.0
1010.12	116.0
1237.6	116.0
19.72	116.0
43.04	116.0
62.68	116.0
94.84	116.0
113.16	116.0
128.68	116.0
139.52	116.0
171.2	116.0
188.92	116.0
200.6	116.0
203.48	116.0
214.84	116.0
225.08	116.0
237.8	116.0
272.96	116.0
294.24	116.0
307.4	116.0
312.92	116.0
317.72	116.0
322.52	116.0
337.44	116.0
353.2	116.0
398.92	116.0
478.8	116.0
865.4	116.0
906.52	116.0
923.76	116.0
954.72	116.0
969.12	116.0
979.88	116.0
984.08	116.0
996.32	116.0
1003.48	116.0
1017.44	116.0
1032.28	116.0
1042.72	116.0
1059.48	116.0
1063.96	116.0
1068.24	116.0
1084.92	116.0
1087.48	116.0
1101.8	116.0
1106.36	116.0
1125.04	116.0
1146.48	116.0
1150.0	116.0
1164.92	116.0
1192.24	116.0
1250.4	116.0
1287.76	116.0
1363.6	116.0
1395.24	116.0
1056.32	117.0
329.56	117.0
346.12	117.0
485.08	117.0
522.68	117.0
1017.8	117.0
1192.44	117.0
156.44	118.0
327.88	118.0
1058.84	118.0
1082.24	118.0
1388.76	118.0
310.64	119.0
1075.8	119.0
83.52	120.0
175.48	120.0
312.2	120.0
992.32	120.0
1038.48	120.0
1104.56	120.0
1122.36	120.0
1145.28	120.0
1157.68	120.0
1210.88	120.0
1227.4	120.0
1237.0	120.0
1299.92	120.0
1384.76	120.0
