317.12	84.0
307.08	84.0
597.04	84.0
344.92	85.0
367.48	85.0
380.28	85.0
399.64	85.0
415.68	85.0
443.68	85.0
457.52	85.0
550.92	85.0
646.4	85.0
726.44	85.0
757.68	85.0
850.52	85.0
982.72	85.0
307.64	86.0
334.84	86.0
365.08	86.0
393.72	86.0
405.32	86.0
424.68	86.0
427.4	86.0
459.84	86.0
491.04	86.0
581.88	86.0
595.92	86.0
634.48	86.0
691.4	86.0
743.48	86.0
779.64	86.0
825.44	86.0
313.68	86.0
320.52	86.0
327.4	86.0
347.84	86.0
360.8	86.0
368.92	86.0
377.84	86.0
408.68	86.0
454.12	86.0
469.08	86.0
898.8	86.0
908.56	86.0
933.68	86.0
983.92	86.0
1001.8	86.0
308.8	87.0
311.44	87.0
314.44	87.0
319.72	87.0
323.8	87.0
329.28	87.0
333.56	87.0
353.6	87.0
387.16	87.0
407.96	87.0
413.56	87.0
426.72	87.0
440.76	87.0
462.44	87.0
524.72	87.0
593.8	87.0
654.32	87.0
960.36	87.0
976.08	87.0
1066.8	87.0
54.08	88.0
306.72	88.0
314.72	88.0
318.16	88.0
326.4	88.0
363.6	88.0
390.68	88.0
433.8	88.0
452.8	88.0
477.32	88.0
556.32	88.0
585.28	88.0
599.84	88.0
666.0	88.0
709.32	88.0
724.2	88.0
772.08	88.0
879.24	88.0
955.08	88.0
985.24	88.0
1186.32	88.0
306.64	89.0
330.48	89.0
334.76	89.0
349.48	89.0
357.96	89.0
387.68	89.0
471.84	89.0
665.84	89.0
868.68	89.0
99.16	90.0
333.52	90.0
7.72	90.0
60.32	90.0
313.32	90.0
327.56	90.0
337.84	90.0
366.08	90.0
385.92	90.0
401.88	90.0
456.24	90.0
627.52	90.0
665.52	90.0
794.8	90.0
908.68	90.0
931.32	90.0
310.88	91.0
326.52	91.0
340.36	91.0
358.16	91.0
389.68	91.0
329.2	91.0
602.32	91.0
821.68	91.0
306.28	92.0
322.24	92.0
363.6	92.0
665.28	92.0
315.68	92.0
325.48	92.0
333.88	92.0
342.56	92.0
346.92	92.0
413.8	92.0
416.64	92.0
433.96	92.0
751.4	92.0
938.84	92.0
384.4	93.0
413.32	93.0
543.88	93.0
313.24	94.0
326.6	94.0
586.24	94.0
869.36	94.0
332.0	94.0
345.04	94.0
358.36	94.0
363.32	94.0
412.88	94.0
522.72	94.0
308.56	95.0
313.04	95.0
317.92	95.0
347.04	95.0
459.2	95.0
591.36	95.0
714.84	95.0
302.92	96.0
342.84	96.0
306.68	97.0
325.76	97.0
376.68	97.0
539.84	97.0
638.12	97.0
662.52	97.0
758.4	97.0
791.32	97.0
819.4	97.0
894.08	97.0
971.36	97.0
320.44	97.0
329.76	97.0
339.92	97.0
357.6	97.0
361.88	97.0
458.16	97.0
999.68	97.0
307.88	98.0
328.08	98.0
399.0	98.0
319.96	99.0
329.32	99.0
368.24	99.0
560.08	99.0
306.24	99.0
312.76	99.0
317.24	99.0
326.52	99.0
333.04	99.0
339.84	99.0
352.68	99.0
365.72	99.0
413.4	99.0
628.96	99.0
665.12	99.0
868.64	99.0
329.56	100.0
99.12	100.0
341.76	100.0
365.84	100.0
493.44	100.0
570.24	100.0
629.2	100.0
686.24	100.0
904.28	100.0
302.64	101.0
311.24	101.0
329.44	101.0
340.36	101.0
356.48	101.0
362.96	101.0
375.52	101.0
393.16	101.0
407.36	101.0
429.88	101.0
302.8	102.0
356.72	102.0
306.72	103.0
314.88	103.0
341.68	103.0
349.2	103.0
375.24	103.0
580.84	103.0
302.8	104.0
306.64	104.0
310.16	104.0
315.96	104.0
323.0	104.0
332.56	104.0
341.44	104.0
352.52	104.0
376.96	104.0
413.84	104.0
430.2	104.0
475.76	104.0
515.68	104.0
548.68	104.0
582.6	104.0
613.08	104.0
646.48	104.0
668.52	104.0
701.76	104.0
752.2	104.0
770.12	104.0
824.64	104.0
333.08	105.0
327.72	106.0
374.2	106.0
602.92	107.0
307.76	107.0
328.44	107.0
337.92	107.0
352.84	107.0
365.96	107.0
377.08	107.0
381.44	107.0
387.6	107.0
469.8	107.0
496.88	107.0
515.8	107.0
525.4	107.0
563.12	107.0
589.0	107.0
622.52	107.0
649.56	107.0
762.4	107.0
780.2	107.0
864.52	107.0
895.6	107.0
901.12	107.0
944.64	107.0
999.96	107.0
1124.6	107.0
306.24	108.0
314.44	108.0
330.52	108.0
383.68	108.0
412.84	108.0
311.44	109.0
326.16	109.0
365.84	109.0
385.72	109.0
401.68	109.0
908.48	109.0
931.12	109.0
66.08	109.0
445.24	109.0
309.64	110.0
422.48	110.0
457.36	110.0
869.68	110.0
313.92	110.0
318.84	110.0
332.16	110.0
341.36	110.0
352.4	110.0
385.48	110.0
509.56	110.0
526.52	110.0
664.6	110.0
905.12	110.0
341.64	111.0
313.76	111.0
317.76	111.0
326.32	111.0
335.08	111.0
355.92	111.0
361.32	111.0
376.28	111.0
383.24	111.0
396.96	111.0
403.32	111.0
422.6	111.0
430.04	111.0
433.32	111.0
456.2	111.0
473.12	111.0
499.56	111.0
504.36	111.0
557.84	111.0
573.12	111.0
580.24	111.0
649.92	111.0
713.32	111.0
744.32	111.0
747.64	111.0
776.6	111.0
978.84	111.0
323.44	112.0
332.04	112.0
361.32	112.0
369.88	112.0
378.0	112.0
523.28	112.0
733.44	112.0
774.24	112.0
852.6	112.0
340.44	113.0
357.32	113.0
377.96	113.0
323.92	114.0
333.28	114.0
345.04	114.0
587.4	114.0
381.16	114.0
458.2	114.0
369.6	115.0
11.68	115.0
310.36	115.0
321.64	115.0
343.32	115.0
377.0	115.0
389.08	115.0
404.08	115.0
433.2	115.0
519.64	115.0
573.68	115.0
621.32	115.0
652.84	115.0
674.72	115.0
730.48	115.0
306.16	116.0
560.68	116.0
895.64	116.0
908.4	116.0
102.48	116.0
310.32	116.0
312.84	116.0
316.2	116.0
324.68	116.0
328.44	116.0
336.72	116.0
341.12	116.0
353.16	116.0
359.16	116.0
361.92	116.0
375.16	116.0
384.64	116.0
404.24	116.0
436.04	116.0
512.6	116.0
524.72	116.0
558.12	116.0
579.52	116.0
588.52	116.0
624.56	116.0
650.68	116.0
671.44	116.0
745.72	116.0
754.28	116.0
822.84	116.0
903.2	116.0
931.6	116.0
960.28	116.0
326.32	117.0
342.4	117.0
352.4	117.0
363.48	117.0
381.28	117.0
404.0	117.0
306.6	118.0
316.24	118.0
322.6	118.0
329.88	118.0
341.24	118.0
747.44	118.0
341.36	119.0
310.68	119.0
351.56	119.0
456.48	119.0
901.76	120.0
330.44	120.0
345.32	120.0
405.84	120.0
433.16	120.0
458.28	120.0
472.28	120.0
481.76	120.0
527.32	120.0
697.68	120.0
773.72	120.0
852.04	120.0
955.08	120.0
