306.96	84.0
287.32	85.0
291.52	85.0
321.16	85.0
336.24	85.0
399.0	85.0
459.24	85.0
508.96	85.0
575.0	85.0
674.6	85.0
1031.68	85.0
1107.16	85.0
1310.04	85.0
23.4	86.0
79.68	86.0
127.76	86.0
238.16	86.0
269.12	86.0
276.92	86.0
288.64	86.0
306.8	86.0
320.48	86.0
345.56	86.0
406.76	86.0
420.28	86.0
463.92	86.0
493.52	86.0
552.2	86.0
571.88	86.0
591.44	86.0
606.0	86.0
615.92	86.0
653.72	86.0
672.12	86.0
712.36	86.0
715.16	86.0
718.04	86.0
853.12	86.0
1030.96	86.0
1054.48	86.0
1072.4	86.0
1100.36	86.0
1140.28	86.0
1150.92	86.0
1155.16	86.0
1171.84	86.0
1206.6	86.0
1217.0	86.0
1232.48	86.0
1247.0	86.0
1276.36	86.0
1305.6	86.0
1311.24	86.0
1330.32	86.0
252.28	86.0
260.32	86.0
271.64	86.0
281.6	86.0
309.76	86.0
314.36	86.0
335.16	86.0
374.0	86.0
411.44	86.0
447.2	86.0
529.84	86.0
994.04	86.0
1012.96	86.0
1047.4	86.0
1185.8	86.0
1194.2	86.0
1279.88	86.0
828.08	87.0
872.84	87.0
239.32	87.0
247.68	87.0
252.6	87.0
257.16	87.0
271.68	87.0
277.48	87.0
292.04	87.0
297.6	87.0
306.72	87.0
319.12	87.0
328.56	87.0
383.24	87.0
416.6	87.0
511.64	87.0
613.8	87.0
621.88	87.0
971.32	87.0
997.72	87.0
1156.24	87.0
1232.84	87.0
1169.2	88.0
3.32	88.0
154.56	88.0
167.48	88.0
177.88	88.0
251.0	88.0
276.24	88.0
314.0	88.0
339.32	88.0
400.68	88.0
497.44	88.0
596.4	88.0
640.72	88.0
716.32	88.0
1020.0	88.0
1027.72	88.0
1064.24	88.0
1111.92	88.0
1116.52	88.0
1150.4	88.0
1159.16	88.0
1192.32	88.0
1214.32	88.0
1240.48	88.0
1271.24	88.0
1306.56	88.0
1336.04	88.0
248.44	89.0
361.64	89.0
233.6	89.0
255.48	89.0
278.32	89.0
289.56	89.0
374.16	89.0
995.56	89.0
1028.2	89.0
1083.2	89.0
1172.32	89.0
228.36	90.0
250.04	90.0
269.24	90.0
276.76	90.0
280.88	90.0
289.88	90.0
310.08	90.0
317.84	90.0
347.0	90.0
369.76	90.0
512.76	90.0
557.08	90.0
611.24	90.0
633.72	90.0
712.84	90.0
721.8	90.0
991.88	90.0
1054.0	90.0
1063.12	90.0
1100.48	90.0
1286.84	90.0
1309.64	90.0
268.84	91.0
281.84	91.0
320.44	91.0
333.52	91.0
369.04	91.0
254.68	91.0
290.0	91.0
338.28	91.0
693.48	91.0
1041.36	91.0
274.48	92.0
289.68	92.0
306.12	92.0
334.96	92.0
371.64	92.0
199.08	92.0
256.4	92.0
284.24	92.0
293.0	92.0
298.04	92.0
302.64	92.0
318.6	92.0
348.24	92.0
367.4	92.0
374.84	92.0
388.84	92.0
417.72	92.0
477.68	92.0
715.48	92.0
1020.6	92.0
1035.8	92.0
1050.96	92.0
1117.76	92.0
1199.76	92.0
1309.68	92.0
245.84	93.0
297.84	93.0
355.04	93.0
433.0	93.0
572.52	93.0
999.04	93.0
1183.76	93.0
352.36	93.0
369.4	93.0
374.12	93.0
744.8	93.0
371.64	94.0
256.52	94.0
267.12	94.0
283.24	94.0
291.24	94.0
293.76	94.0
313.96	94.0
328.2	94.0
345.56	94.0
404.72	94.0
449.64	94.0
987.24	94.0
1050.44	94.0
1130.96	94.0
259.08	95.0
290.44	95.0
307.36	95.0
435.4	95.0
573.84	95.0
647.56	95.0
1166.6	95.0
1279.6	95.0
302.72	96.0
259.76	97.0
298.44	97.0
302.84	97.0
410.64	97.0
490.2	97.0
524.88	97.0
573.24	97.0
635.6	97.0
1055.32	97.0
1078.72	97.0
1105.0	97.0
1139.96	97.0
1214.6	97.0
269.76	97.0
282.44	97.0
291.56	97.0
306.28	97.0
336.88	97.0
350.44	97.0
394.76	97.0
552.08	97.0
1172.28	97.0
1197.24	97.0
236.2	98.0
994.08	98.0
247.68	99.0
266.48	99.0
275.24	99.0
283.64	99.0
292.8	99.0
307.32	99.0
310.28	99.0
318.96	99.0
338.76	99.0
538.12	99.0
992.92	99.0
1015.0	99.0
1119.64	99.0
1238.56	99.0
318.52	100.0
263.48	100.0
280.08	100.0
336.88	100.0
434.64	100.0
596.6	100.0
1094.04	100.0
1141.76	100.0
1212.76	100.0
1275.0	100.0
271.68	101.0
283.8	101.0
292.52	101.0
302.56	101.0
348.0	101.0
271.76	102.0
992.68	102.0
272.52	103.0
284.48	103.0
293.88	103.0
319.0	103.0
398.4	103.0
319.0	104.0
352.24	104.0
249.2	104.0
252.92	104.0
261.8	104.0
272.64	104.0
283.88	104.0
293.72	104.0
314.0	104.0
332.48	104.0
341.6	104.0
356.0	104.0
370.0	104.0
384.36	104.0
402.52	104.0
468.52	104.0
498.88	104.0
522.16	104.0
601.44	104.0
625.24	104.0
678.96	104.0
724.8	104.0
805.68	104.0
1019.36	104.0
1046.08	104.0
1106.16	104.0
1135.36	104.0
1173.84	104.0
1208.08	104.0
1216.16	104.0
1256.32	104.0
1346.0	104.0
1356.84	104.0
275.12	106.0
286.4	106.0
309.04	106.0
333.0	106.0
308.16	107.0
240.12	107.0
257.8	107.0
285.76	107.0
295.6	107.0
310.68	107.0
335.96	107.0
367.72	107.0
398.28	107.0
421.88	107.0
490.88	107.0
524.68	107.0
573.32	107.0
595.92	107.0
617.2	107.0
680.08	107.0
718.12	107.0
801.64	107.0
821.96	107.0
850.96	107.0
869.0	107.0
882.2	107.0
897.08	107.0
905.4	107.0
920.92	107.0
935.52	107.0
938.12	107.0
950.64	107.0
968.04	107.0
994.48	107.0
1027.92	107.0
1032.52	107.0
1145.8	107.0
1243.6	107.0
1268.44	107.0
254.16	108.0
266.68	108.0
291.12	108.0
307.08	108.0
312.36	108.0
332.16	108.0
369.8	108.0
406.56	108.0
707.04	108.0
990.96	108.0
999.44	108.0
1014.56	108.0
1053.04	108.0
228.12	109.0
258.96	109.0
271.76	109.0
443.24	109.0
1012.44	109.0
351.44	110.0
444.44	110.0
1016.88	110.0
291.76	110.0
307.32	110.0
370.76	110.0
393.24	110.0
423.0	110.0
426.56	110.0
481.64	110.0
494.12	110.0
1103.68	110.0
289.88	111.0
996.16	111.0
19.28	111.0
31.0	111.0
222.12	111.0
231.44	111.0
258.28	111.0
277.6	111.0
306.24	111.0
308.76	111.0
319.08	111.0
325.08	111.0
351.52	111.0
370.68	111.0
383.08	111.0
393.16	111.0
422.92	111.0
444.6	111.0
494.04	111.0
552.96	111.0
660.12	111.0
671.48	111.0
974.36	111.0
999.16	111.0
1017.0	111.0
1043.2	111.0
1049.2	111.0
1108.56	111.0
1116.52	111.0
1172.36	111.0
1220.76	111.0
1235.84	111.0
1285.08	111.0
1317.48	111.0
1353.92	111.0
272.6	112.0
317.8	112.0
338.24	112.0
371.12	112.0
378.64	112.0
526.48	112.0
598.0	112.0
689.4	112.0
980.6	112.0
1076.8	112.0
1089.4	112.0
1321.52	112.0
269.08	113.0
308.16	113.0
321.96	113.0
267.0	114.0
316.88	114.0
573.84	114.0
995.76	114.0
1291.68	114.0
253.6	115.0
292.0	115.0
306.0	115.0
331.56	115.0
345.84	115.0
375.68	115.0
393.44	115.0
412.0	115.0
426.84	115.0
442.8	115.0
481.88	115.0
494.32	115.0
549.64	115.0
587.4	115.0
1040.48	115.0
1104.0	115.0
1189.84	115.0
1213.04	115.0
1254.4	115.0
207.68	116.0
265.12	116.0
284.64	116.0
287.4	116.0
317.56	116.0
1002.36	116.0
1214.04	116.0
235.8	116.0
245.16	116.0
257.8	116.0
271.04	116.0
280.32	116.0
291.28	116.0
297.28	116.0
308.24	116.0
311.8	116.0
322.52	116.0
327.32	116.0
332.48	116.0
339.8	116.0
399.48	116.0
443.56	116.0
464.72	116.0
487.04	116.0
545.72	116.0
576.4	116.0
598.72	116.0
634.52	116.0
684.12	116.0
743.96	116.0
809.64	116.0
974.48	116.0
990.84	116.0
997.84	116.0
1017.4	116.0
1043.52	116.0
1060.88	116.0
1063.96	116.0
1075.4	116.0
1149.56	116.0
1162.88	116.0
1197.4	116.0
1209.48	116.0
1229.12	116.0
1338.12	116.0
1355.76	116.0
284.6	117.0
308.2	117.0
328.16	117.0
348.84	117.0
365.92	117.0
371.4	117.0
398.2	117.0
25.04	117.0
318.8	117.0
351.84	117.0
996.24	117.0
1017.28	117.0
1285.32	117.0
258.36	118.0
271.52	118.0
311.96	118.0
317.24	118.0
340.96	118.0
269.84	119.0
310.56	119.0
339.16	119.0
390.84	119.0
1214.52	119.0
307.24	120.0
897.6	120.0
283.88	120.0
311.44	120.0
317.24	120.0
322.48	120.0
710.84	120.0
971.96	120.0
980.08	120.0
988.8	120.0
1076.28	120.0
1217.68	120.0
