48.08	84.0
302.52	84.0
306.56	84.0
396.68	84.0
32.88	85.0
45.04	85.0
49.08	85.0
84.68	85.0
118.84	85.0
214.08	85.0
219.8	85.0
284.92	85.0
306.64	85.0
319.76	85.0
359.0	85.0
438.56	85.0
552.96	85.0
802.68	85.0
1128.2	85.0
1181.44	85.0
1246.08	85.0
13.56	86.0
34.64	86.0
42.28	86.0
46.88	86.0
55.36	86.0
76.16	86.0
80.68	86.0
90.52	86.0
96.24	86.0
102.52	86.0
149.32	86.0
167.12	86.0
244.48	86.0
259.44	86.0
279.84	86.0
410.92	86.0
457.56	86.0
497.32	86.0
507.68	86.0
525.52	86.0
544.48	86.0
568.24	86.0
593.76	86.0
601.32	86.0
626.4	86.0
637.76	86.0
660.52	86.0
685.08	86.0
704.12	86.0
730.36	86.0
761.6	86.0
861.16	86.0
887.24	86.0
985.44	86.0
1007.6	86.0
1020.4	86.0
1074.64	86.0
1100.8	86.0
1122.88	86.0
1152.12	86.0
1164.56	86.0
1186.68	86.0
1224.08	86.0
1247.04	86.0
1252.36	86.0
1255.4	86.0
1280.76	86.0
1298.04	86.0
1303.28	86.0
1342.4	86.0
1356.48	86.0
49.52	86.0
60.88	86.0
67.8	86.0
73.48	86.0
93.48	86.0
323.52	86.0
360.28	86.0
612.6	86.0
727.28	86.0
1014.32	86.0
1048.32	86.0
1212.16	86.0
1369.08	86.0
1390.88	86.0
5.76	87.0
23.88	87.0
61.48	87.0
149.36	87.0
180.44	87.0
10.04	87.0
26.4	87.0
36.12	87.0
40.04	87.0
47.12	87.0
77.4	87.0
83.12	87.0
95.68	87.0
126.36	87.0
144.24	87.0
164.32	87.0
188.24	87.0
208.04	87.0
221.68	87.0
242.56	87.0
293.88	87.0
318.48	87.0
333.0	87.0
337.52	87.0
413.68	87.0
452.12	87.0
482.52	87.0
496.6	87.0
547.48	87.0
573.04	87.0
590.36	87.0
659.4	87.0
690.48	87.0
806.72	87.0
815.92	87.0
849.52	87.0
908.96	87.0
933.04	87.0
962.68	87.0
1317.0	87.0
1325.52	87.0
1346.6	87.0
24.16	88.0
28.84	88.0
55.92	88.0
67.32	88.0
70.16	88.0
82.04	88.0
88.88	88.0
94.44	88.0
135.0	88.0
155.6	88.0
165.48	88.0
182.76	88.0
200.8	88.0
211.88	88.0
237.56	88.0
278.0	88.0
368.88	88.0
376.32	88.0
432.12	88.0
472.04	88.0
504.36	88.0
577.52	88.0
604.32	88.0
673.0	88.0
753.36	88.0
798.08	88.0
909.8	88.0
1024.48	88.0
1043.52	88.0
1103.04	88.0
1194.36	88.0
1223.2	88.0
1363.92	88.0
19.56	89.0
25.44	89.0
36.36	89.0
65.64	89.0
227.88	89.0
314.44	89.0
322.76	89.0
418.96	89.0
441.72	89.0
504.64	89.0
525.76	89.0
758.56	89.0
796.88	89.0
866.6	89.0
982.92	89.0
1009.4	89.0
50.84	90.0
22.72	90.0
39.52	90.0
58.16	90.0
64.6	90.0
898.96	90.0
1041.28	90.0
1104.48	90.0
1151.72	90.0
1235.6	90.0
1319.4	90.0
51.0	91.0
281.84	91.0
54.52	91.0
291.12	91.0
398.12	91.0
1255.64	91.0
43.68	92.0
59.08	92.0
71.24	92.0
99.84	92.0
27.52	92.0
40.32	92.0
73.96	92.0
88.16	92.0
105.52	92.0
121.52	92.0
141.12	92.0
151.44	92.0
168.68	92.0
181.08	92.0
193.12	92.0
222.76	92.0
256.08	92.0
271.84	92.0
291.2	92.0
302.6	92.0
308.84	92.0
321.24	92.0
335.04	92.0
350.72	92.0
359.36	92.0
378.52	92.0
411.28	92.0
469.0	92.0
694.44	92.0
725.48	92.0
1270.12	92.0
26.2	93.0
34.8	93.0
42.92	93.0
49.04	93.0
56.56	93.0
60.88	93.0
67.76	93.0
77.68	93.0
80.6	93.0
84.68	93.0
91.24	93.0
96.88	93.0
101.72	93.0
119.72	93.0
148.52	93.0
171.24	93.0
193.08	93.0
211.16	93.0
233.28	93.0
240.6	93.0
259.28	93.0
283.44	93.0
307.6	93.0
326.84	93.0
337.96	93.0
353.16	93.0
370.88	93.0
392.16	93.0
438.48	93.0
475.36	93.0
594.44	93.0
723.12	93.0
778.16	93.0
953.32	93.0
1078.48	93.0
1107.2	93.0
1137.6	93.0
1247.92	93.0
1277.56	93.0
1347.16	93.0
89.76	94.0
658.44	94.0
23.52	94.0
29.16	94.0
42.04	94.0
49.72	94.0
57.12	94.0
61.24	94.0
72.68	94.0
119.44	94.0
168.88	94.0
193.0	94.0
954.68	94.0
1053.76	94.0
1078.68	94.0
1321.32	94.0
1374.36	94.0
27.32	95.0
40.4	95.0
57.4	95.0
72.72	95.0
89.92	95.0
151.8	95.0
198.08	95.0
245.2	95.0
296.6	95.0
302.96	95.0
535.72	95.0
743.6	95.0
871.12	95.0
1299.0	95.0
1363.48	95.0
302.68	96.0
38.64	97.0
60.76	97.0
258.4	97.0
568.92	97.0
630.96	97.0
723.72	97.0
798.6	97.0
1120.88	97.0
1274.96	97.0
1353.84	97.0
85.0	97.0
302.52	97.0
306.44	97.0
412.48	97.0
435.4	97.0
498.56	97.0
577.56	97.0
622.6	97.0
687.64	97.0
771.88	97.0
852.28	97.0
883.44	97.0
927.92	97.0
963.56	97.0
1006.56	97.0
1159.32	97.0
1177.16	97.0
1278.56	97.0
1295.56	97.0
1391.28	97.0
72.12	98.0
15.56	99.0
23.0	99.0
30.24	99.0
36.0	99.0
41.24	99.0
46.72	99.0
51.2	99.0
55.76	99.0
62.68	99.0
68.16	99.0
74.04	99.0
79.76	99.0
95.32	99.0
245.16	99.0
314.44	99.0
322.48	99.0
415.48	99.0
503.32	99.0
524.52	99.0
643.76	99.0
806.6	99.0
1147.16	99.0
1181.36	99.0
18.48	100.0
41.56	100.0
54.36	100.0
66.6	100.0
81.8	100.0
129.16	100.0
151.4	100.0
217.44	100.0
251.8	100.0
306.48	100.0
455.32	100.0
575.8	100.0
611.56	100.0
770.8	100.0
60.52	101.0
50.52	101.0
71.04	101.0
302.48	101.0
50.68	102.0
58.4	102.0
15.4	103.0
37.96	103.0
1255.44	103.0
15.36	104.0
78.8	104.0
25.36	104.0
33.28	104.0
39.12	104.0
43.48	104.0
48.72	104.0
58.64	104.0
67.0	104.0
73.8	104.0
92.08	104.0
103.92	104.0
132.56	104.0
164.72	104.0
168.08	104.0
186.36	104.0
276.72	104.0
285.52	104.0
315.84	104.0
333.68	104.0
378.2	104.0
400.0	104.0
429.24	104.0
659.04	104.0
750.92	104.0
795.56	104.0
825.64	104.0
889.16	104.0
999.68	104.0
1037.28	104.0
1105.08	104.0
1134.96	104.0
1148.88	104.0
1216.88	104.0
1257.6	104.0
1280.28	104.0
1379.88	104.0
25.28	106.0
65.52	106.0
545.64	106.0
19.0	107.0
52.72	107.0
59.64	107.0
63.0	107.0
68.44	107.0
93.72	107.0
106.84	107.0
186.88	107.0
241.12	107.0
293.36	107.0
592.64	107.0
605.24	107.0
639.64	107.0
687.2	107.0
714.36	107.0
775.04	107.0
791.16	107.0
804.76	107.0
814.36	107.0
864.4	107.0
932.48	107.0
967.28	107.0
1008.88	107.0
1101.32	107.0
1227.08	107.0
1258.92	107.0
21.2	108.0
50.68	108.0
34.52	108.0
43.08	108.0
68.04	108.0
84.76	108.0
118.8	108.0
153.28	108.0
762.72	109.0
1363.48	109.0
73.44	109.0
23.32	110.0
36.88	110.0
53.6	110.0
65.52	110.0
69.76	110.0
113.84	110.0
130.2	110.0
821.32	110.0
27.28	110.0
92.48	110.0
136.32	110.0
157.52	110.0
308.64	110.0
400.04	110.0
458.76	110.0
732.28	110.0
999.96	110.0
1041.28	110.0
23.84	111.0
40.52	111.0
306.24	111.0
31.44	111.0
49.64	111.0
53.68	111.0
67.32	111.0
69.88	111.0
74.2	111.0
80.0	111.0
83.48	111.0
89.24	111.0
92.12	111.0
108.28	111.0
115.88	111.0
122.48	111.0
217.0	111.0
287.44	111.0
308.96	111.0
323.44	111.0
356.36	111.0
402.36	111.0
436.92	111.0
458.68	111.0
639.0	111.0
662.28	111.0
672.44	111.0
714.64	111.0
791.28	111.0
817.8	111.0
863.28	111.0
898.36	111.0
932.2	111.0
1072.96	111.0
1109.32	111.0
1126.4	111.0
1139.12	111.0
1202.04	111.0
1245.96	111.0
1252.6	111.0
1265.0	111.0
1291.84	111.0
1380.92	111.0
48.08	112.0
79.52	112.0
455.2	112.0
646.68	112.0
691.08	112.0
723.92	112.0
734.56	112.0
784.84	112.0
898.8	112.0
1115.92	112.0
1211.16	112.0
1279.24	112.0
63.08	113.0
77.24	113.0
46.6	114.0
55.56	114.0
61.04	114.0
67.96	114.0
73.48	114.0
83.88	114.0
93.08	114.0
104.52	114.0
34.68	115.0
42.48	115.0
48.36	115.0
53.16	115.0
78.92	115.0
185.56	115.0
781.28	115.0
27.48	115.0
38.32	115.0
60.28	115.0
105.04	115.0
116.76	115.0
169.88	115.0
233.0	115.0
268.92	115.0
372.04	115.0
400.36	115.0
431.68	115.0
451.12	115.0
484.24	115.0
507.56	115.0
525.24	115.0
546.32	115.0
567.24	115.0
600.0	115.0
632.4	115.0
659.08	115.0
754.28	115.0
801.8	115.0
842.92	115.0
885.96	115.0
904.44	115.0
1000.2	115.0
1108.88	115.0
1165.0	115.0
1202.76	115.0
1254.12	115.0
1285.76	115.0
1350.84	115.0
1388.84	115.0
27.2	116.0
425.84	116.0
1224.12	116.0
8.64	116.0
19.12	116.0
34.84	116.0
38.12	116.0
43.08	116.0
47.64	116.0
50.48	116.0
54.4	116.0
57.0	116.0
60.16	116.0
68.56	116.0
75.24	116.0
83.92	116.0
87.04	116.0
92.88	116.0
98.72	116.0
105.72	116.0
112.36	116.0
119.04	116.0
122.72	116.0
135.2	116.0
144.16	116.0
149.76	116.0
161.2	116.0
178.6	116.0
188.64	116.0
194.12	116.0
215.76	116.0
218.28	116.0
235.16	116.0
251.16	116.0
296.88	116.0
307.28	116.0
310.76	116.0
321.4	116.0
332.32	116.0
348.12	116.0
382.88	116.0
436.0	116.0
450.56	116.0
466.0	116.0
473.4	116.0
493.36	116.0
594.96	116.0
610.88	116.0
842.36	116.0
871.16	116.0
939.32	116.0
1023.52	116.0
1056.64	116.0
1178.8	116.0
1256.76	116.0
1393.96	116.0
54.6	117.0
84.4	117.0
105.12	117.0
115.8	117.0
128.56	117.0
145.28	117.0
185.64	117.0
367.84	117.0
1268.92	117.0
60.84	117.0
240.28	117.0
307.76	117.0
1377.24	117.0
83.4	118.0
106.48	118.0
39.84	118.0
48.0	118.0
59.08	118.0
73.56	118.0
310.0	118.0
369.92	118.0
962.04	118.0
43.72	119.0
62.52	119.0
74.48	119.0
215.56	119.0
267.36	119.0
307.8	119.0
310.76	119.0
1106.2	119.0
1315.4	119.0
92.28	120.0
1209.12	120.0
1368.48	120.0
31.48	120.0
47.6	120.0
53.24	120.0
58.28	120.0
65.0	120.0
74.0	120.0
80.48	120.0
84.88	120.0
106.24	120.0
183.52	120.0
454.72	120.0
545.76	120.0
791.36	120.0
