302.52	84.0
319.92	84.0
340.28	84.0
1011.6	84.0
15.0	85.0
338.0	85.0
11.32	86.0
22.44	86.0
32.4	86.0
41.64	86.0
46.12	86.0
60.64	86.0
68.48	86.0
78.8	86.0
84.68	86.0
93.88	86.0
106.76	86.0
117.8	86.0
150.76	86.0
179.96	86.0
233.36	86.0
290.04	86.0
315.88	86.0
319.28	86.0
335.48	86.0
343.96	86.0
349.96	86.0
360.4	86.0
374.92	86.0
389.56	86.0
419.76	86.0
456.88	86.0
505.24	86.0
549.2	86.0
980.56	86.0
996.08	86.0
1001.2	86.0
1008.08	86.0
1022.92	86.0
1029.72	86.0
1035.68	86.0
1051.88	86.0
1059.32	86.0
1074.08	86.0
1087.32	86.0
1104.76	86.0
1175.92	86.0
53.48	86.0
138.6	86.0
308.16	86.0
325.12	86.0
332.12	86.0
352.48	86.0
382.72	86.0
986.76	86.0
989.44	86.0
1011.6	86.0
1017.6	86.0
66.76	87.0
308.04	87.0
356.44	87.0
1010.04	87.0
9.4	87.0
36.24	87.0
50.08	87.0
63.64	87.0
76.56	87.0
85.44	87.0
124.52	87.0
316.76	87.0
321.36	87.0
326.28	87.0
331.28	87.0
351.16	87.0
363.04	87.0
974.2	87.0
996.56	87.0
1019.92	87.0
1072.4	87.0
1195.64	87.0
54.36	88.0
102.68	88.0
111.52	88.0
146.76	88.0
328.28	88.0
393.12	88.0
964.36	88.0
1002.16	88.0
1023.8	88.0
1069.96	88.0
3.96	88.0
14.52	88.0
21.32	88.0
31.8	88.0
61.84	88.0
86.4	88.0
129.04	88.0
152.4	88.0
172.12	88.0
302.76	88.0
993.28	88.0
1018.32	88.0
1265.2	88.0
41.36	89.0
67.28	89.0
99.68	89.0
177.96	89.0
313.32	89.0
338.36	89.0
1018.0	89.0
1051.12	89.0
20.0	90.0
35.28	90.0
40.68	90.0
54.44	90.0
58.72	90.0
67.0	90.0
92.56	90.0
106.68	90.0
173.68	90.0
205.32	90.0
309.36	90.0
322.68	90.0
335.52	90.0
388.72	90.0
457.04	90.0
963.96	90.0
980.16	90.0
991.04	90.0
995.84	90.0
1005.96	90.0
1015.28	90.0
1038.52	90.0
44.16	91.0
89.12	91.0
319.96	91.0
1015.76	91.0
20.64	92.0
34.12	92.0
42.08	92.0
56.28	92.0
75.16	92.0
84.36	92.0
122.32	92.0
148.6	92.0
196.04	92.0
268.08	92.0
317.8	92.0
335.48	92.0
353.4	92.0
374.64	92.0
419.08	92.0
973.08	92.0
988.84	92.0
992.28	92.0
1000.8	92.0
1022.16	92.0
1067.12	92.0
62.72	92.0
66.88	92.0
95.76	92.0
105.04	92.0
126.16	92.0
199.84	92.0
302.8	92.0
311.24	92.0
332.56	92.0
378.68	92.0
391.32	92.0
422.96	92.0
451.52	92.0
964.92	92.0
980.12	92.0
985.16	92.0
1003.6	92.0
1007.12	92.0
1015.24	92.0
1025.6	92.0
1037.08	92.0
1043.84	92.0
1053.24	92.0
1108.72	92.0
1178.04	92.0
18.56	93.0
45.44	93.0
131.32	93.0
157.36	93.0
211.56	93.0
327.64	93.0
990.48	94.0
1011.52	94.0
77.44	94.0
108.64	94.0
131.56	94.0
155.76	94.0
182.04	94.0
310.88	94.0
322.44	94.0
341.12	94.0
457.84	94.0
1043.16	94.0
1136.88	94.0
109.28	95.0
24.0	95.0
68.56	95.0
222.16	95.0
317.0	95.0
321.96	95.0
392.92	95.0
1007.24	95.0
1012.64	95.0
1064.16	95.0
1103.24	95.0
1207.56	95.0
308.88	96.0
43.76	96.0
59.64	96.0
78.16	96.0
172.12	96.0
202.56	96.0
234.32	96.0
323.72	96.0
356.08	96.0
384.84	96.0
422.12	96.0
453.8	96.0
530.32	96.0
980.6	96.0
995.44	96.0
1037.48	96.0
1053.16	96.0
1091.96	96.0
1120.88	96.0
1163.52	96.0
1197.2	96.0
1312.04	96.0
44.84	97.0
302.44	97.0
306.6	97.0
309.28	97.0
326.28	97.0
355.2	97.0
482.4	97.0
1002.32	97.0
1013.92	97.0
1348.32	98.0
308.52	98.0
1111.08	98.0
14.28	99.0
24.68	99.0
40.08	99.0
55.4	99.0
85.0	99.0
128.8	99.0
311.64	99.0
318.88	99.0
327.32	99.0
339.52	99.0
998.36	99.0
1012.88	99.0
1028.8	99.0
13.12	100.0
40.4	100.0
319.44	100.0
329.92	100.0
416.84	100.0
306.24	101.0
302.56	101.0
313.6	101.0
302.76	102.0
318.52	102.0
62.68	103.0
306.12	103.0
321.24	103.0
324.4	103.0
999.68	103.0
1013.28	103.0
991.16	103.0
5.0	104.0
20.88	104.0
43.44	104.0
45.96	104.0
69.96	104.0
95.88	104.0
121.12	104.0
129.08	104.0
311.92	104.0
320.28	104.0
326.56	104.0
334.96	104.0
360.64	104.0
392.0	104.0
990.24	104.0
1003.64	104.0
1013.04	104.0
1025.6	104.0
1050.24	104.0
1103.2	104.0
307.2	106.0
119.0	106.0
1182.4	106.0
307.52	107.0
12.24	107.0
43.24	107.0
61.08	107.0
114.92	107.0
123.64	107.0
321.24	107.0
327.92	107.0
334.68	107.0
352.76	107.0
386.16	107.0
983.16	107.0
987.32	107.0
998.2	107.0
1008.12	107.0
1036.96	107.0
1132.64	107.0
1243.28	107.0
310.72	108.0
2.56	108.0
62.56	108.0
71.04	108.0
88.92	108.0
107.24	108.0
314.72	108.0
333.16	108.0
1002.92	108.0
1012.72	108.0
1034.32	108.0
1053.16	108.0
35.0	109.0
74.72	109.0
322.4	109.0
1038.28	109.0
1050.56	109.0
41.6	109.0
24.72	110.0
65.8	110.0
97.48	110.0
341.84	110.0
1028.8	110.0
1050.64	110.0
45.28	110.0
299.48	110.0
307.72	110.0
985.96	110.0
1000.6	110.0
1075.28	110.0
83.0	111.0
310.64	111.0
339.0	111.0
1004.28	111.0
1007.48	111.0
1039.2	111.0
1082.76	111.0
13.12	111.0
30.4	111.0
45.28	111.0
59.52	111.0
62.6	111.0
65.96	111.0
78.2	111.0
93.92	111.0
121.56	111.0
124.76	111.0
151.72	111.0
307.08	111.0
320.68	111.0
324.32	111.0
329.28	111.0
343.24	111.0
355.6	111.0
377.88	111.0
381.16	111.0
422.64	111.0
983.44	111.0
987.64	111.0
991.48	111.0
999.6	111.0
1023.8	111.0
1034.68	111.0
1050.8	111.0
1070.12	111.0
1124.28	111.0
1177.96	111.0
1217.52	111.0
1251.64	111.0
1298.4	111.0
1331.32	111.0
53.2	112.0
82.28	112.0
96.96	112.0
308.48	112.0
361.04	112.0
1001.48	112.0
1018.16	112.0
59.84	113.0
321.6	113.0
307.24	114.0
1016.8	114.0
981.68	114.0
1162.44	114.0
307.0	115.0
1005.56	115.0
14.12	115.0
35.08	115.0
47.64	115.0
64.32	115.0
67.56	115.0
84.68	115.0
96.16	115.0
110.48	115.0
144.2	115.0
179.8	115.0
299.72	115.0
990.84	115.0
1010.04	115.0
1015.44	115.0
1052.52	115.0
1075.56	115.0
1100.08	115.0
1123.6	115.0
1147.56	115.0
1242.96	115.0
65.52	116.0
68.24	116.0
95.76	116.0
306.24	116.0
324.24	116.0
5.32	116.0
21.76	116.0
30.12	116.0
35.88	116.0
41.44	116.0
47.56	116.0
51.12	116.0
55.12	116.0
62.52	116.0
79.8	116.0
85.12	116.0
126.04	116.0
292.32	116.0
310.0	116.0
316.0	116.0
320.4	116.0
327.96	116.0
332.56	116.0
336.76	116.0
341.08	116.0
345.92	116.0
390.36	116.0
420.44	116.0
456.72	116.0
980.68	116.0
983.2	116.0
991.28	116.0
994.6	116.0
1001.72	116.0
1004.32	116.0
1011.68	116.0
1014.52	116.0
1017.04	116.0
1052.6	116.0
1285.16	116.0
47.48	117.0
316.88	117.0
338.6	117.0
354.36	117.0
43.2	117.0
59.88	117.0
66.2	117.0
310.08	117.0
321.12	117.0
328.2	117.0
361.04	117.0
986.16	117.0
1004.32	117.0
1029.24	117.0
1039.16	117.0
1082.8	117.0
320.84	118.0
335.04	118.0
32.56	118.0
42.24	118.0
54.76	118.0
68.76	118.0
78.8	118.0
81.8	118.0
119.96	118.0
128.12	118.0
307.04	118.0
314.04	118.0
330.48	118.0
339.6	118.0
352.24	118.0
360.48	118.0
982.2	118.0
997.12	118.0
1005.24	118.0
1015.2	118.0
1029.72	118.0
1039.88	118.0
1074.72	118.0
337.88	119.0
25.52	119.0
84.64	119.0
253.88	119.0
311.68	119.0
995.4	119.0
1011.28	119.0
1138.36	119.0
978.4	120.0
983.88	120.0
2.52	120.0
25.76	120.0
44.08	120.0
70.68	120.0
315.04	120.0
327.24	120.0
330.48	120.0
990.08	120.0
1000.32	120.0
1004.04	120.0
1021.64	120.0
1322.52	120.0
