341.76	84.0
315.56	84.0
326.4	84.0
407.88	84.0
308.8	85.0
331.24	85.0
339.72	85.0
359.12	85.0
384.88	85.0
405.48	85.0
481.08	85.0
639.88	85.0
734.72	85.0
23.32	86.0
59.76	86.0
77.92	86.0
94.16	86.0
116.56	86.0
138.16	86.0
181.08	86.0
192.04	86.0
235.64	86.0
313.84	86.0
335.28	86.0
340.76	86.0
351.68	86.0
363.16	86.0
373.04	86.0
381.6	86.0
389.72	86.0
400.36	86.0
413.12	86.0
419.12	86.0
433.0	86.0
456.92	86.0
478.96	86.0
508.64	86.0
530.48	86.0
582.4	86.0
600.24	86.0
614.52	86.0
637.16	86.0
728.88	86.0
184.68	86.0
289.92	86.0
307.76	86.0
317.64	86.0
323.8	86.0
326.44	86.0
329.24	86.0
344.2	86.0
356.96	86.0
367.16	86.0
405.88	86.0
495.48	86.0
307.72	87.0
624.16	87.0
812.52	87.0
33.24	87.0
58.44	87.0
81.48	87.0
135.2	87.0
192.48	87.0
270.36	87.0
319.32	87.0
323.2	87.0
328.88	87.0
332.12	87.0
345.16	87.0
350.32	87.0
365.12	87.0
373.24	87.0
394.48	87.0
584.76	87.0
613.24	87.0
731.8	87.0
77.8	88.0
307.88	88.0
326.44	88.0
382.4	88.0
397.64	88.0
401.72	88.0
494.44	88.0
843.52	88.0
34.72	88.0
242.16	88.0
283.4	88.0
302.72	88.0
311.12	88.0
315.08	88.0
340.84	88.0
351.52	88.0
390.92	88.0
416.12	88.0
410.8	89.0
83.4	89.0
368.24	89.0
392.76	89.0
515.68	89.0
561.76	89.0
569.88	89.0
663.0	89.0
666.68	89.0
321.48	90.0
880.32	90.0
991.4	90.0
48.64	90.0
317.72	90.0
343.8	90.0
352.12	90.0
356.16	90.0
366.08	90.0
420.72	90.0
443.36	90.0
464.08	90.0
510.84	90.0
667.48	90.0
313.68	91.0
317.8	91.0
325.04	91.0
16.96	92.0
63.76	92.0
137.96	92.0
204.4	92.0
256.92	92.0
311.2	92.0
318.16	92.0
332.0	92.0
342.96	92.0
350.12	92.0
356.64	92.0
366.68	92.0
376.68	92.0
429.44	92.0
445.08	92.0
470.88	92.0
494.56	92.0
562.92	92.0
591.2	92.0
633.8	92.0
664.48	92.0
681.88	92.0
721.72	92.0
747.52	92.0
779.6	92.0
822.52	92.0
963.68	92.0
141.88	92.0
302.72	92.0
327.36	92.0
338.52	92.0
346.32	92.0
359.56	92.0
392.44	92.0
403.08	92.0
432.76	92.0
461.04	92.0
497.08	92.0
20.48	93.0
77.84	93.0
213.4	93.0
308.64	93.0
343.96	93.0
368.8	93.0
393.44	93.0
668.16	93.0
356.52	93.0
647.16	93.0
357.32	94.0
381.12	94.0
309.52	94.0
314.44	94.0
325.4	94.0
335.32	94.0
346.8	94.0
364.76	94.0
369.08	94.0
395.8	94.0
416.12	94.0
449.08	94.0
469.16	94.0
480.92	94.0
511.08	94.0
531.76	94.0
546.4	94.0
566.64	94.0
587.6	94.0
614.76	94.0
637.84	94.0
786.4	94.0
25.32	95.0
96.6	95.0
224.36	95.0
298.12	95.0
308.96	95.0
311.48	95.0
342.32	95.0
355.12	95.0
377.24	95.0
416.0	95.0
637.48	95.0
691.4	95.0
307.8	96.0
71.96	96.0
139.48	96.0
189.0	96.0
315.84	96.0
352.64	96.0
378.96	96.0
381.84	96.0
415.52	96.0
434.96	96.0
453.32	96.0
484.6	96.0
510.28	96.0
532.32	96.0
563.48	96.0
591.28	96.0
612.44	96.0
633.16	96.0
685.04	96.0
802.08	96.0
325.12	97.0
477.68	97.0
493.0	97.0
302.6	97.0
307.28	97.0
329.48	97.0
346.0	97.0
393.4	97.0
404.92	97.0
307.64	99.0
310.32	99.0
314.52	99.0
319.52	99.0
322.28	99.0
324.88	99.0
330.28	99.0
336.92	99.0
342.72	99.0
352.04	99.0
375.96	99.0
382.48	99.0
406.4	99.0
410.8	99.0
436.64	99.0
439.2	99.0
493.2	99.0
100.8	100.0
287.04	100.0
310.64	100.0
327.08	100.0
332.12	100.0
335.68	100.0
368.2	100.0
531.48	100.0
587.84	100.0
643.04	100.0
680.0	100.0
718.6	100.0
805.8	100.0
941.72	100.0
991.36	100.0
1053.32	100.0
1122.36	100.0
1198.68	100.0
1259.52	100.0
1317.92	100.0
1389.72	100.0
307.8	101.0
302.52	101.0
322.04	101.0
331.84	101.0
356.72	101.0
364.48	101.0
390.2	101.0
65.6	102.0
302.68	102.0
322.12	102.0
390.24	102.0
429.64	102.0
308.08	103.0
320.36	103.0
328.72	103.0
356.36	103.0
393.44	103.0
477.64	103.0
356.32	104.0
430.32	104.0
477.6	104.0
206.0	104.0
309.56	104.0
316.08	104.0
321.2	104.0
327.28	104.0
332.6	104.0
338.6	104.0
345.0	104.0
353.08	104.0
363.96	104.0
372.76	104.0
382.68	104.0
388.12	104.0
392.52	104.0
402.64	104.0
416.16	104.0
425.44	104.0
436.08	104.0
446.4	104.0
458.72	104.0
467.08	104.0
496.4	104.0
508.04	104.0
527.36	104.0
545.56	104.0
569.32	104.0
574.56	104.0
611.8	104.0
672.52	104.0
694.44	104.0
710.4	104.0
772.64	104.0
322.88	106.0
345.68	106.0
381.92	106.0
402.04	106.0
464.44	106.0
513.04	106.0
539.56	106.0
381.68	107.0
16.8	107.0
108.68	107.0
119.96	107.0
205.84	107.0
306.68	107.0
309.96	107.0
317.96	107.0
323.84	107.0
328.36	107.0
344.92	107.0
369.4	107.0
378.16	107.0
476.92	107.0
501.4	107.0
536.32	107.0
561.16	107.0
585.84	107.0
632.0	107.0
312.04	108.0
103.56	108.0
155.28	108.0
325.64	108.0
334.8	108.0
375.48	108.0
400.84	108.0
418.04	108.0
438.72	108.0
470.88	108.0
886.84	108.0
82.88	109.0
317.56	109.0
326.16	109.0
401.24	109.0
407.24	109.0
420.48	109.0
210.32	109.0
137.28	110.0
256.84	110.0
309.52	110.0
313.16	110.0
336.2	110.0
351.04	110.0
355.0	110.0
370.96	110.0
376.56	110.0
382.24	110.0
407.24	110.0
445.88	110.0
467.32	110.0
509.2	110.0
529.84	110.0
655.2	110.0
306.56	111.0
309.16	111.0
324.36	111.0
365.72	111.0
519.4	111.0
528.04	111.0
557.64	111.0
603.64	111.0
657.8	111.0
13.92	111.0
18.52	111.0
119.96	111.0
137.96	111.0
208.28	111.0
242.72	111.0
292.08	111.0
294.96	111.0
313.08	111.0
316.04	111.0
321.68	111.0
328.36	111.0
336.16	111.0
339.8	111.0
343.68	111.0
354.88	111.0
358.88	111.0
362.04	111.0
373.32	111.0
380.88	111.0
390.48	111.0
403.16	111.0
408.28	111.0
420.6	111.0
427.88	111.0
443.64	111.0
447.72	111.0
472.84	111.0
477.32	111.0
483.32	111.0
496.76	111.0
522.96	111.0
532.2	111.0
551.32	111.0
579.88	111.0
593.68	111.0
609.04	111.0
621.28	111.0
639.24	111.0
649.04	111.0
665.56	111.0
686.32	111.0
717.08	111.0
737.16	111.0
765.56	111.0
821.36	111.0
1152.32	111.0
1209.48	111.0
328.8	112.0
37.28	112.0
92.0	112.0
321.96	112.0
332.96	112.0
371.84	112.0
404.88	112.0
1155.0	112.0
319.24	113.0
339.12	113.0
355.84	113.0
365.4	113.0
369.44	113.0
382.8	113.0
406.04	113.0
426.0	113.0
455.84	113.0
475.6	113.0
509.88	113.0
319.56	114.0
325.68	114.0
338.88	114.0
342.24	114.0
356.28	114.0
362.0	114.0
376.44	114.0
405.32	114.0
446.52	114.0
390.0	114.0
501.4	114.0
657.32	114.0
137.32	115.0
307.48	115.0
453.96	115.0
541.36	115.0
655.24	115.0
26.08	115.0
82.96	115.0
170.84	115.0
257.16	115.0
312.6	115.0
324.4	115.0
329.24	115.0
346.68	115.0
353.88	115.0
375.24	115.0
386.52	115.0
396.24	115.0
446.16	115.0
467.6	115.0
475.64	115.0
493.28	115.0
516.52	115.0
530.08	115.0
560.08	115.0
570.8	115.0
587.36	115.0
638.12	115.0
668.0	115.0
696.28	115.0
728.52	115.0
732.12	115.0
51.56	116.0
309.56	116.0
312.12	116.0
326.68	116.0
329.44	116.0
343.28	116.0
37.52	116.0
73.04	116.0
103.44	116.0
110.72	116.0
113.84	116.0
137.84	116.0
150.84	116.0
210.08	116.0
237.44	116.0
289.4	116.0
306.68	116.0
315.56	116.0
324.16	116.0
332.28	116.0
334.96	116.0
351.08	116.0
365.56	116.0
372.92	116.0
382.84	116.0
390.8	116.0
396.08	116.0
407.32	116.0
414.96	116.0
420.44	116.0
457.6	116.0
473.8	116.0
493.24	116.0
501.88	116.0
590.36	116.0
646.44	116.0
666.08	116.0
721.56	116.0
775.72	116.0
808.92	116.0
884.12	116.0
320.88	117.0
343.08	117.0
375.6	117.0
425.04	117.0
310.44	117.0
332.68	117.0
336.44	117.0
365.68	117.0
383.2	117.0
392.36	117.0
407.64	117.0
443.92	117.0
519.44	117.0
528.04	117.0
557.8	117.0
657.88	117.0
1154.44	117.0
325.6	118.0
308.04	118.0
316.56	118.0
321.88	118.0
330.76	118.0
335.16	118.0
342.72	118.0
347.84	118.0
352.52	118.0
355.84	118.0
376.68	118.0
379.32	118.0
396.68	118.0
403.68	118.0
414.36	118.0
429.96	118.0
456.64	118.0
492.84	118.0
520.28	118.0
552.6	118.0
584.32	118.0
608.36	118.0
628.88	118.0
653.2	118.0
680.0	118.0
727.56	118.0
750.04	118.0
761.64	118.0
779.6	118.0
820.0	118.0
874.92	118.0
912.04	118.0
952.0	118.0
1152.44	118.0
1209.64	118.0
10.04	119.0
116.32	119.0
286.2	119.0
324.6	119.0
333.68	119.0
376.24	119.0
380.72	119.0
414.68	119.0
97.6	120.0
180.08	120.0
239.4	120.0
272.84	120.0
307.48	120.0
316.48	120.0
326.76	120.0
353.08	120.0
376.92	120.0
433.16	120.0
466.2	120.0
761.08	120.0
793.0	120.0
843.76	120.0
