327.52	84.0
346.32	84.0
390.36	84.0
317.4	84.0
169.72	85.0
205.88	85.0
248.36	85.0
306.24	85.0
321.4	85.0
333.2	85.0
114.88	86.0
138.4	86.0
152.96	86.0
166.0	86.0
182.32	86.0
203.16	86.0
215.56	86.0
225.84	86.0
247.6	86.0
252.04	86.0
270.88	86.0
293.88	86.0
314.12	86.0
335.48	86.0
341.36	86.0
348.32	86.0
356.64	86.0
369.28	86.0
380.4	86.0
396.0	86.0
401.2	86.0
414.68	86.0
433.12	86.0
488.56	86.0
520.52	86.0
544.08	86.0
1113.04	86.0
1143.0	86.0
1177.76	86.0
310.24	86.0
316.68	86.0
325.4	86.0
330.28	86.0
1256.32	86.0
136.2	87.0
166.48	87.0
206.44	87.0
248.48	87.0
307.12	87.0
317.6	87.0
320.64	87.0
329.2	87.0
126.64	87.0
139.48	87.0
146.68	87.0
178.36	87.0
186.56	87.0
219.76	87.0
237.48	87.0
252.72	87.0
267.84	87.0
292.2	87.0
312.0	87.0
323.36	87.0
332.6	87.0
342.04	87.0
352.16	87.0
363.2	87.0
380.32	87.0
1104.0	87.0
1116.76	87.0
1157.76	87.0
1183.68	87.0
1214.84	87.0
142.56	88.0
259.64	88.0
351.08	88.0
391.24	88.0
784.4	88.0
189.2	88.0
248.8	88.0
273.0	88.0
293.6	88.0
302.64	88.0
306.72	88.0
311.36	88.0
366.68	88.0
377.64	88.0
432.88	88.0
519.92	88.0
1108.52	88.0
1167.84	88.0
1245.16	88.0
130.08	89.0
266.64	89.0
307.64	89.0
625.88	89.0
1052.64	89.0
1068.24	89.0
1105.24	89.0
105.2	89.0
111.08	89.0
134.36	89.0
185.2	89.0
187.72	89.0
197.36	89.0
319.24	89.0
324.8	89.0
334.32	89.0
461.04	89.0
98.92	90.0
104.96	90.0
134.12	90.0
157.88	90.0
184.96	90.0
306.72	90.0
313.12	90.0
372.28	90.0
302.8	91.0
124.56	92.0
148.36	92.0
180.04	92.0
204.88	92.0
264.92	92.0
296.52	92.0
299.96	92.0
306.04	92.0
319.64	92.0
345.8	92.0
351.2	92.0
387.2	92.0
419.6	92.0
452.4	92.0
1071.52	92.0
1097.52	92.0
1136.24	92.0
1169.6	92.0
109.84	92.0
113.04	92.0
127.96	92.0
157.12	92.0
207.92	92.0
226.48	92.0
235.8	92.0
302.68	92.0
310.68	92.0
336.88	92.0
353.72	92.0
1101.6	92.0
1209.28	92.0
175.8	93.0
263.32	93.0
341.84	93.0
542.92	93.0
629.64	93.0
1122.24	93.0
1175.2	93.0
319.4	94.0
143.12	95.0
178.64	95.0
232.12	95.0
274.96	95.0
308.0	95.0
326.0	95.0
446.28	95.0
1119.88	95.0
1154.0	95.0
1181.2	95.0
308.76	96.0
177.8	96.0
203.36	96.0
259.24	96.0
327.76	96.0
356.28	96.0
392.36	96.0
455.88	96.0
535.6	96.0
139.24	97.0
308.16	97.0
1140.04	97.0
302.56	97.0
306.92	98.0
98.36	99.0
139.84	99.0
149.92	99.0
153.0	99.0
195.08	99.0
275.96	99.0
307.6	99.0
310.6	99.0
315.16	99.0
320.16	99.0
326.16	99.0
1091.88	99.0
1106.08	99.0
1323.96	99.0
324.52	100.0
224.12	101.0
302.52	101.0
306.12	101.0
302.72	102.0
314.0	102.0
180.16	102.0
320.36	103.0
306.0	103.0
121.72	104.0
147.52	104.0
172.2	104.0
185.72	104.0
203.64	104.0
275.24	104.0
310.28	104.0
315.72	104.0
321.2	104.0
327.08	104.0
334.48	104.0
373.76	104.0
403.2	104.0
461.6	104.0
1108.72	104.0
1172.36	104.0
1322.64	104.0
853.28	105.0
160.68	106.0
165.16	107.0
200.88	107.0
222.96	107.0
236.24	107.0
291.12	107.0
306.96	107.0
331.6	107.0
348.72	107.0
369.08	107.0
393.4	107.0
436.76	107.0
467.88	107.0
541.12	107.0
1030.64	107.0
1068.4	107.0
1129.52	107.0
1174.44	107.0
192.2	108.0
240.16	108.0
291.92	108.0
313.24	108.0
323.2	108.0
401.68	108.0
509.2	108.0
1228.72	108.0
184.8	109.0
265.4	109.0
325.2	109.0
372.08	109.0
208.96	109.0
316.76	109.0
309.52	110.0
321.36	110.0
284.24	110.0
317.52	110.0
362.64	110.0
387.96	110.0
516.52	110.0
1154.4	110.0
148.4	111.0
162.56	111.0
315.92	111.0
331.92	111.0
88.56	111.0
110.16	111.0
140.16	111.0
165.28	111.0
190.4	111.0
209.32	111.0
223.92	111.0
226.96	111.0
230.4	111.0
273.24	111.0
298.08	111.0
312.92	111.0
321.68	111.0
339.12	111.0
353.96	111.0
359.84	111.0
370.44	111.0
387.96	111.0
454.44	111.0
472.32	111.0
500.2	111.0
534.72	111.0
549.04	111.0
616.8	111.0
1076.96	111.0
1113.28	111.0
1154.4	111.0
1174.4	111.0
1226.52	111.0
123.68	112.0
1172.04	112.0
306.68	113.0
138.44	115.0
123.76	115.0
160.4	115.0
201.92	115.0
228.28	115.0
267.36	115.0
284.48	115.0
306.28	115.0
340.12	115.0
362.84	115.0
388.24	115.0
415.4	115.0
445.24	115.0
476.28	115.0
516.76	115.0
549.96	115.0
1070.16	115.0
1096.64	115.0
1125.04	115.0
1154.68	115.0
1187.32	115.0
1246.64	115.0
1274.6	115.0
1310.32	115.0
121.36	116.0
282.8	116.0
317.4	116.0
1080.8	116.0
104.76	116.0
117.44	116.0
133.04	116.0
139.8	116.0
144.36	116.0
150.08	116.0
156.56	116.0
161.28	116.0
164.6	116.0
172.24	116.0
176.52	116.0
184.84	116.0
192.44	116.0
198.92	116.0
208.68	116.0
218.88	116.0
233.76	116.0
243.96	116.0
253.96	116.0
265.4	116.0
278.68	116.0
293.56	116.0
308.48	116.0
313.4	116.0
320.76	116.0
325.24	116.0
329.8	116.0
335.24	116.0
338.8	116.0
346.28	116.0
371.16	116.0
441.0	116.0
1077.76	116.0
1108.04	116.0
1137.8	116.0
1164.24	116.0
1182.52	116.0
1187.2	116.0
1208.24	116.0
1246.16	116.0
1270.4	116.0
1274.24	116.0
1289.88	116.0
1200.12	117.0
148.48	117.0
309.92	117.0
312.56	118.0
315.72	118.0
320.92	118.0
325.12	118.0
329.88	118.0
340.08	118.0
373.32	118.0
309.56	119.0
1068.0	119.0
120.36	120.0
140.04	120.0
167.2	120.0
204.64	120.0
264.12	120.0
294.68	120.0
310.24	120.0
332.96	120.0
339.84	120.0
357.0	120.0
393.64	120.0
586.16	120.0
1085.92	120.0
1138.36	120.0
