307.48	84.0
318.8	84.0
1259.4	84.0
344.16	84.0
308.52	85.0
323.56	85.0
329.76	85.0
347.2	85.0
356.32	85.0
369.48	85.0
463.44	85.0
632.72	85.0
671.16	85.0
716.72	85.0
757.72	85.0
810.08	85.0
876.28	85.0
927.32	85.0
1187.88	85.0
1273.84	85.0
312.68	86.0
316.8	86.0
325.04	86.0
333.84	86.0
341.72	86.0
347.4	86.0
354.04	86.0
367.28	86.0
373.16	86.0
379.12	86.0
387.16	86.0
395.28	86.0
412.4	86.0
437.52	86.0
467.8	86.0
520.12	86.0
626.68	86.0
668.08	86.0
711.32	86.0
715.48	86.0
753.84	86.0
764.76	86.0
803.52	86.0
827.52	86.0
859.04	86.0
923.6	86.0
979.72	86.0
1041.32	86.0
1105.24	86.0
1144.2	86.0
1184.16	86.0
1209.0	86.0
1218.44	86.0
1233.84	86.0
1253.36	86.0
1259.96	86.0
1271.8	86.0
1290.8	86.0
1307.36	86.0
1319.44	86.0
1326.56	86.0
1338.88	86.0
1348.32	86.0
307.8	86.0
322.0	86.0
329.76	86.0
337.32	86.0
361.08	86.0
382.56	86.0
399.4	86.0
493.36	86.0
1189.68	86.0
1276.16	86.0
308.08	87.0
319.84	87.0
330.92	87.0
337.48	87.0
312.44	87.0
315.48	87.0
324.64	87.0
327.92	87.0
334.28	87.0
340.72	87.0
348.8	87.0
355.92	87.0
373.2	87.0
379.4	87.0
383.92	87.0
391.32	87.0
403.76	87.0
414.24	87.0
431.48	87.0
439.72	87.0
514.32	87.0
526.4	87.0
567.92	87.0
602.48	87.0
638.32	87.0
678.72	87.0
714.64	87.0
1041.8	87.0
1080.64	87.0
1153.8	87.0
1195.32	87.0
1231.88	87.0
1252.96	87.0
1264.0	87.0
1272.84	87.0
1277.92	87.0
1333.68	87.0
307.4	88.0
314.76	88.0
322.44	88.0
330.24	88.0
352.92	88.0
453.84	88.0
541.68	88.0
1247.6	88.0
1265.12	88.0
302.76	88.0
570.84	88.0
643.96	88.0
744.52	88.0
1144.4	88.0
1224.04	88.0
1268.32	88.0
1303.68	88.0
308.24	89.0
480.96	89.0
513.92	89.0
313.76	89.0
322.44	89.0
337.52	89.0
483.92	89.0
574.32	89.0
322.4	90.0
376.48	90.0
308.12	90.0
316.2	90.0
328.12	90.0
349.36	90.0
407.04	90.0
433.84	90.0
460.12	90.0
483.64	90.0
518.12	90.0
533.08	90.0
544.16	90.0
1142.72	90.0
1222.6	90.0
1245.68	90.0
1280.76	90.0
1309.96	90.0
1326.2	90.0
318.52	91.0
329.56	91.0
393.16	91.0
519.24	91.0
760.08	91.0
310.28	92.0
321.0	92.0
329.08	92.0
342.8	92.0
353.16	92.0
371.52	92.0
386.24	92.0
389.36	92.0
411.08	92.0
431.72	92.0
449.32	92.0
456.84	92.0
473.88	92.0
486.64	92.0
500.24	92.0
533.96	92.0
548.12	92.0
573.96	92.0
598.92	92.0
683.28	92.0
737.8	92.0
1149.52	92.0
1218.52	92.0
1238.0	92.0
1266.52	92.0
1291.96	92.0
1317.08	92.0
302.92	92.0
314.44	92.0
345.32	92.0
365.8	92.0
414.76	92.0
437.16	92.0
496.52	92.0
551.96	92.0
642.08	92.0
1134.96	92.0
1152.84	92.0
1241.2	92.0
1251.68	92.0
1270.32	92.0
1284.2	92.0
1321.28	92.0
310.24	93.0
319.56	93.0
331.28	93.0
352.28	93.0
549.68	93.0
722.04	93.0
1191.48	93.0
1256.52	93.0
1275.96	93.0
1307.24	93.0
383.16	93.0
326.16	94.0
1275.52	94.0
309.04	94.0
322.28	94.0
329.6	94.0
345.0	94.0
352.48	94.0
411.88	94.0
434.36	94.0
490.32	94.0
525.76	94.0
567.32	94.0
309.72	95.0
322.52	95.0
328.0	95.0
346.8	95.0
589.6	95.0
761.52	95.0
1118.56	95.0
1282.88	95.0
307.4	96.0
323.04	96.0
597.2	96.0
1321.64	96.0
302.48	97.0
306.36	97.0
331.08	97.0
348.88	97.0
356.36	97.0
388.84	97.0
400.68	97.0
463.84	97.0
1232.68	97.0
307.2	98.0
349.16	98.0
332.68	99.0
307.36	99.0
310.32	99.0
315.32	99.0
320.6	99.0
325.16	99.0
329.96	99.0
335.32	99.0
341.16	99.0
346.6	99.0
351.72	99.0
356.76	99.0
388.08	99.0
417.36	99.0
476.76	99.0
560.76	99.0
643.24	99.0
702.24	99.0
1145.0	99.0
1244.68	99.0
1253.12	99.0
1264.56	99.0
1277.44	99.0
1309.12	99.0
307.12	100.0
315.92	100.0
319.32	100.0
325.52	100.0
330.44	100.0
342.04	100.0
374.4	100.0
302.56	101.0
319.8	101.0
322.32	101.0
352.68	101.0
302.68	102.0
319.84	102.0
309.52	102.0
353.24	102.0
371.64	102.0
328.64	103.0
383.0	103.0
310.88	103.0
383.0	104.0
310.24	104.0
315.8	104.0
321.04	104.0
325.84	104.0
330.56	104.0
337.4	104.0
345.12	104.0
352.2	104.0
356.24	104.0
368.4	104.0
378.8	104.0
444.68	104.0
463.28	104.0
544.2	104.0
603.36	104.0
732.92	104.0
956.2	104.0
1082.64	104.0
1145.52	104.0
1254.04	104.0
1283.8	104.0
1298.2	104.0
1346.88	104.0
309.28	105.0
307.24	106.0
212.64	106.0
258.68	106.0
322.76	106.0
384.52	106.0
1325.2	106.0
306.52	107.0
309.84	107.0
313.92	107.0
318.84	107.0
321.96	107.0
327.44	107.0
337.08	107.0
346.56	107.0
365.24	107.0
374.72	107.0
399.16	107.0
424.8	107.0
439.2	107.0
481.04	107.0
517.4	107.0
543.44	107.0
546.8	107.0
569.64	107.0
1184.12	107.0
1189.2	107.0
1252.8	107.0
1272.4	107.0
1275.72	107.0
1295.32	107.0
310.24	108.0
317.48	108.0
325.88	108.0
331.8	108.0
341.4	108.0
360.28	108.0
372.4	108.0
397.6	108.0
428.56	108.0
457.48	108.0
513.64	108.0
617.08	108.0
310.68	109.0
313.28	109.0
337.08	109.0
1329.72	109.0
324.4	109.0
416.84	109.0
357.48	110.0
1275.8	110.0
307.0	110.0
310.4	110.0
327.88	110.0
365.32	110.0
1097.72	110.0
1288.96	110.0
1324.2	110.0
309.44	111.0
328.08	111.0
1175.56	111.0
1191.12	111.0
1286.88	111.0
1335.16	111.0
306.56	111.0
313.04	111.0
316.08	111.0
320.6	111.0
323.2	111.0
333.36	111.0
336.8	111.0
342.72	111.0
346.68	111.0
350.48	111.0
355.64	111.0
373.84	111.0
380.4	111.0
394.24	111.0
404.72	111.0
415.12	111.0
435.68	111.0
459.04	111.0
472.12	111.0
491.2	111.0
518.6	111.0
547.16	111.0
573.12	111.0
576.16	111.0
598.76	111.0
602.72	111.0
648.12	111.0
688.24	111.0
747.36	111.0
1140.72	111.0
1245.76	111.0
1255.12	111.0
1268.48	111.0
1275.88	111.0
1284.36	111.0
1319.72	111.0
1329.96	111.0
310.24	112.0
313.28	112.0
346.68	112.0
388.48	112.0
307.04	112.0
325.12	112.0
341.04	112.0
350.16	112.0
355.24	112.0
454.04	112.0
1062.8	112.0
1140.56	112.0
1254.88	112.0
1275.6	112.0
1290.96	112.0
309.2	113.0
319.8	113.0
346.04	113.0
370.6	113.0
310.0	114.0
317.24	114.0
321.28	114.0
328.4	114.0
338.16	114.0
346.36	114.0
353.2	114.0
371.08	114.0
377.8	114.0
314.64	114.0
320.48	115.0
351.48	115.0
531.96	115.0
1324.2	115.0
310.6	115.0
313.6	115.0
326.72	115.0
329.76	115.0
339.4	115.0
359.32	115.0
368.68	115.0
382.08	115.0
394.96	115.0
408.0	115.0
422.88	115.0
434.96	115.0
449.32	115.0
497.52	115.0
564.44	115.0
613.48	115.0
641.96	115.0
679.0	115.0
1098.0	115.0
1211.44	115.0
1289.24	115.0
309.68	116.0
312.84	116.0
322.84	116.0
341.88	116.0
1258.92	116.0
1311.12	116.0
319.12	116.0
328.4	116.0
331.4	116.0
337.04	116.0
345.48	116.0
349.84	116.0
356.04	116.0
363.76	116.0
372.84	116.0
378.84	116.0
389.48	116.0
395.8	116.0
404.56	116.0
416.6	116.0
432.6	116.0
443.0	116.0
459.2	116.0
472.76	116.0
484.6	116.0
517.28	116.0
632.72	116.0
748.16	116.0
762.6	116.0
1107.0	116.0
1139.56	116.0
1177.8	116.0
1225.6	116.0
1249.64	116.0
1252.36	116.0
1255.68	116.0
1263.08	116.0
1267.72	116.0
1275.32	116.0
1284.48	116.0
1288.96	116.0
1329.72	116.0
356.8	117.0
368.6	117.0
379.36	117.0
396.04	117.0
309.52	117.0
319.36	117.0
343.08	117.0
347.04	117.0
1175.6	117.0
1191.2	117.0
1286.96	117.0
1335.24	117.0
320.32	118.0
310.4	118.0
329.76	118.0
345.12	118.0
353.44	118.0
380.64	118.0
421.36	118.0
461.56	118.0
484.16	118.0
520.96	118.0
576.48	118.0
646.96	118.0
927.68	118.0
1247.36	118.0
1304.32	118.0
1306.84	118.0
320.52	119.0
310.68	119.0
338.84	119.0
347.36	119.0
399.16	119.0
1236.84	119.0
306.56	120.0
311.12	120.0
314.28	120.0
321.4	120.0
329.84	120.0
346.96	120.0
355.96	120.0
646.44	120.0
712.08	120.0
741.84	120.0
813.12	120.0
927.12	120.0
956.6	120.0
1021.64	120.0
1141.16	120.0
1286.08	120.0
1290.44	120.0
1343.6	120.0
