168.56	84.0
184.64	84.0
208.6	84.0
16.72	84.0
302.44	84.0
318.44	84.0
327.0	84.0
57.84	85.0
306.48	85.0
7.52	86.0
14.96	86.0
26.92	86.0
31.6	86.0
37.28	86.0
49.12	86.0
55.04	86.0
59.84	86.0
73.32	86.0
87.0	86.0
94.24	86.0
106.28	86.0
122.88	86.0
144.44	86.0
153.44	86.0
163.64	86.0
171.48	86.0
187.96	86.0
204.24	86.0
219.72	86.0
239.76	86.0
245.28	86.0
315.32	86.0
323.92	86.0
326.52	86.0
342.76	86.0
359.2	86.0
367.52	86.0
379.56	86.0
387.2	86.0
394.8	86.0
407.44	86.0
411.36	86.0
418.84	86.0
451.96	86.0
469.24	86.0
1018.44	86.0
1045.52	86.0
1075.12	86.0
1083.2	86.0
1087.56	86.0
1141.08	86.0
17.96	86.0
65.64	86.0
81.08	86.0
112.64	86.0
132.6	86.0
146.96	86.0
196.08	86.0
272.6	86.0
335.56	86.0
1037.84	87.0
4.0	87.0
17.72	87.0
74.8	87.0
116.56	87.0
306.96	87.0
309.64	87.0
313.04	87.0
316.48	87.0
330.88	87.0
362.52	87.0
985.76	87.0
994.88	87.0
1017.84	87.0
49.64	88.0
95.0	88.0
152.96	88.0
160.28	88.0
260.12	88.0
438.4	88.0
1056.16	88.0
35.8	88.0
38.32	88.0
72.48	88.0
88.36	88.0
130.36	88.0
165.84	88.0
205.2	88.0
271.36	88.0
289.76	88.0
302.68	88.0
307.08	88.0
317.48	88.0
325.24	88.0
358.36	88.0
493.8	88.0
1025.32	88.0
1058.92	88.0
1269.72	88.0
1336.84	88.0
69.04	89.0
307.44	89.0
61.52	89.0
116.6	89.0
156.72	89.0
297.96	89.0
982.76	89.0
1007.48	89.0
1047.08	89.0
23.0	90.0
35.68	90.0
55.28	90.0
61.2	90.0
80.72	90.0
87.6	90.0
144.0	90.0
156.4	90.0
193.44	90.0
308.32	90.0
330.24	90.0
338.24	90.0
372.4	90.0
1052.36	90.0
302.52	91.0
333.12	91.0
1121.88	91.0
16.6	92.0
52.56	92.0
61.08	92.0
102.28	92.0
144.28	92.0
146.8	92.0
189.84	92.0
240.72	92.0
294.08	92.0
318.8	92.0
325.32	92.0
332.0	92.0
343.56	92.0
357.4	92.0
399.12	92.0
451.36	92.0
971.12	92.0
994.64	92.0
1037.4	92.0
1336.56	92.0
21.0	92.0
64.2	92.0
108.64	92.0
125.24	92.0
244.52	92.0
302.72	92.0
360.88	92.0
402.32	92.0
415.96	92.0
420.12	92.0
956.32	92.0
980.32	92.0
983.6	92.0
1008.72	92.0
1012.64	92.0
1022.88	92.0
1042.44	92.0
1060.44	92.0
1322.52	92.0
36.12	93.0
81.48	93.0
193.88	93.0
219.12	93.0
246.8	93.0
278.04	93.0
311.52	93.0
325.48	93.0
385.4	93.0
420.76	93.0
161.72	93.0
56.68	94.0
145.44	94.0
164.64	94.0
187.88	94.0
323.64	94.0
410.16	94.0
17.12	95.0
243.96	95.0
307.64	95.0
1061.96	95.0
1138.52	95.0
519.56	96.0
105.96	96.0
150.16	96.0
191.0	96.0
238.96	96.0
269.72	96.0
303.0	96.0
317.48	96.0
364.12	96.0
383.84	96.0
411.48	96.0
47.76	97.0
125.08	97.0
89.16	97.0
302.6	97.0
306.96	97.0
327.8	97.0
395.8	97.0
66.92	98.0
436.88	98.0
79.72	99.0
111.32	99.0
157.68	99.0
307.48	99.0
311.08	99.0
316.96	99.0
322.6	99.0
329.4	99.0
340.4	99.0
1033.52	99.0
1055.32	99.0
306.04	100.0
340.8	100.0
1033.84	100.0
1273.4	100.0
91.28	101.0
302.56	101.0
302.68	102.0
398.32	102.0
412.48	102.0
16.68	102.0
306.04	103.0
308.56	103.0
193.76	104.0
11.84	104.0
57.56	104.0
82.6	104.0
105.2	104.0
127.28	104.0
161.24	104.0
199.4	104.0
244.44	104.0
306.84	104.0
311.36	104.0
317.6	104.0
322.8	104.0
331.16	104.0
339.24	104.0
120.68	106.0
376.6	106.0
14.64	107.0
31.56	107.0
34.92	107.0
86.72	107.0
109.6	107.0
151.6	107.0
242.04	107.0
307.52	107.0
324.04	107.0
349.0	107.0
386.12	107.0
1087.24	107.0
15.6	108.0
31.88	108.0
163.08	108.0
212.08	108.0
290.48	108.0
310.72	108.0
316.52	108.0
1060.68	108.0
12.6	109.0
35.48	109.0
80.48	109.0
156.16	109.0
193.16	109.0
995.32	109.0
330.56	109.0
100.32	110.0
190.24	110.0
307.36	110.0
337.88	110.0
103.12	110.0
121.28	110.0
138.36	110.0
164.12	110.0
349.48	110.0
1031.4	110.0
72.24	111.0
99.6	111.0
310.68	111.0
323.08	111.0
325.64	111.0
1033.6	111.0
20.16	111.0
42.44	111.0
60.52	111.0
65.24	111.0
87.44	111.0
96.96	111.0
107.52	111.0
121.16	111.0
124.08	111.0
149.76	111.0
164.24	111.0
189.0	111.0
214.56	111.0
244.28	111.0
307.0	111.0
319.48	111.0
332.84	111.0
338.0	111.0
346.36	111.0
349.36	111.0
357.12	111.0
371.48	111.0
384.12	111.0
401.6	111.0
419.52	111.0
456.8	111.0
998.52	111.0
311.12	112.0
321.56	112.0
100.08	112.0
146.4	112.0
206.92	112.0
326.16	112.0
386.4	112.0
307.0	113.0
306.68	114.0
91.24	114.0
105.76	114.0
403.76	114.0
103.12	115.0
307.68	115.0
71.0	115.0
86.72	115.0
127.76	115.0
155.48	115.0
164.36	115.0
193.24	115.0
296.76	115.0
358.76	115.0
392.12	115.0
1031.68	115.0
100.64	116.0
159.32	116.0
316.84	116.0
349.2	116.0
1328.12	116.0
5.96	116.0
16.8	116.0
21.16	116.0
28.36	116.0
43.32	116.0
104.92	116.0
111.36	116.0
115.16	116.0
156.16	116.0
165.8	116.0
168.68	116.0
195.04	116.0
240.16	116.0
280.08	116.0
289.64	116.0
307.44	116.0
311.88	116.0
323.24	116.0
325.76	116.0
330.32	116.0
339.24	116.0
366.92	116.0
379.2	116.0
399.08	116.0
409.64	116.0
989.44	116.0
1015.52	116.0
1026.28	116.0
1049.24	116.0
1059.64	116.0
1073.36	116.0
1086.32	116.0
1093.2	116.0
1124.68	116.0
1276.44	116.0
72.24	117.0
99.72	117.0
309.52	117.0
325.64	117.0
338.28	117.0
1033.56	117.0
14.28	118.0
35.24	118.0
64.08	118.0
100.88	118.0
104.32	118.0
124.56	118.0
152.68	118.0
207.68	118.0
317.52	118.0
325.56	118.0
333.04	118.0
346.24	118.0
371.96	118.0
387.8	118.0
310.68	119.0
416.4	119.0
15.96	120.0
75.76	120.0
112.56	120.0
306.4	120.0
310.6	120.0
322.36	120.0
350.4	120.0
1128.6	120.0
