91.16	84.0
100.88	84.0
168.28	84.0
384.08	84.0
171.2	84.0
217.36	84.0
307.16	84.0
93.48	85.0
102.2	85.0
109.12	85.0
137.48	85.0
151.08	85.0
158.92	85.0
249.6	85.0
267.44	85.0
309.72	85.0
353.68	85.0
371.24	85.0
385.84	85.0
410.0	85.0
433.56	85.0
69.76	86.0
80.16	86.0
86.52	86.0
89.04	86.0
103.8	86.0
107.12	86.0
116.28	86.0
124.88	86.0
135.36	86.0
143.44	86.0
149.96	86.0
163.04	86.0
172.56	86.0
188.32	86.0
202.8	86.0
212.68	86.0
224.08	86.0
267.68	86.0
293.96	86.0
317.2	86.0
323.72	86.0
333.4	86.0
342.8	86.0
352.84	86.0
370.44	86.0
383.6	86.0
414.8	86.0
425.44	86.0
438.84	86.0
94.6	86.0
99.8	86.0
109.64	86.0
112.44	86.0
119.68	86.0
130.24	86.0
137.88	86.0
156.52	86.0
179.24	86.0
247.08	86.0
280.88	86.0
313.48	86.0
61.92	87.0
72.68	87.0
78.32	87.0
95.56	87.0
99.12	87.0
102.4	87.0
105.92	87.0
110.48	87.0
118.04	87.0
128.32	87.0
134.88	87.0
145.36	87.0
160.6	87.0
171.28	87.0
307.08	87.0
317.76	87.0
324.68	87.0
78.6	88.0
89.36	88.0
100.68	88.0
105.44	88.0
122.52	88.0
163.72	88.0
173.6	88.0
235.76	88.0
259.2	88.0
319.28	88.0
344.2	88.0
391.64	88.0
438.2	88.0
466.8	88.0
130.2	88.0
160.8	88.0
222.48	88.0
293.72	88.0
302.64	88.0
366.96	88.0
890.32	88.0
54.36	89.0
83.92	89.0
439.92	89.0
64.16	89.0
97.52	89.0
101.6	89.0
126.88	89.0
142.64	89.0
192.48	89.0
211.24	89.0
221.4	89.0
236.88	89.0
318.76	89.0
391.12	89.0
138.12	90.0
63.84	90.0
82.72	90.0
85.84	90.0
90.64	90.0
104.24	90.0
107.64	90.0
126.6	90.0
185.68	90.0
192.2	90.0
307.84	90.0
313.64	90.0
318.48	90.0
328.32	90.0
353.16	90.0
379.6	90.0
407.56	90.0
107.48	91.0
302.88	91.0
81.24	91.0
94.52	91.0
115.92	91.0
203.36	91.0
67.68	92.0
86.0	92.0
95.36	92.0
100.76	92.0
108.04	92.0
112.76	92.0
123.88	92.0
126.8	92.0
136.2	92.0
142.24	92.0
157.04	92.0
167.48	92.0
178.64	92.0
218.76	92.0
233.8	92.0
258.64	92.0
270.52	92.0
283.04	92.0
319.64	92.0
332.32	92.0
335.08	92.0
352.0	92.0
405.12	92.0
411.04	92.0
437.28	92.0
470.56	92.0
81.32	92.0
89.52	92.0
116.24	92.0
161.2	92.0
195.32	92.0
302.64	92.0
306.72	92.0
340.0	92.0
370.72	92.0
395.44	92.0
474.36	92.0
159.52	93.0
202.0	93.0
354.92	93.0
388.44	93.0
413.0	93.0
437.16	93.0
97.0	93.0
114.16	94.0
201.88	94.0
322.24	94.0
436.08	94.0
71.24	94.0
86.28	94.0
98.84	94.0
107.08	94.0
126.8	94.0
129.44	94.0
140.96	94.0
159.6	94.0
169.28	94.0
193.64	94.0
215.64	94.0
254.0	94.0
389.84	94.0
509.76	94.0
302.64	95.0
75.48	95.0
87.8	95.0
92.6	95.0
112.92	95.0
129.84	95.0
308.16	95.0
357.04	95.0
81.52	96.0
106.56	96.0
125.84	96.0
302.76	96.0
85.56	97.0
88.52	97.0
137.32	97.0
74.2	97.0
100.52	97.0
121.12	97.0
275.84	97.0
302.52	97.0
306.2	97.0
324.36	97.0
394.76	97.0
68.2	98.0
89.84	98.0
308.56	98.0
134.72	99.0
180.8	99.0
77.04	99.0
81.72	99.0
84.88	99.0
90.2	99.0
93.16	99.0
97.44	99.0
100.56	99.0
103.32	99.0
108.0	99.0
114.2	99.0
117.16	99.0
120.0	99.0
123.72	99.0
126.36	99.0
130.44	99.0
144.16	99.0
163.56	99.0
188.44	99.0
258.44	99.0
315.48	99.0
325.8	99.0
72.92	100.0
409.16	100.0
96.04	101.0
102.96	101.0
125.72	101.0
137.96	101.0
302.48	101.0
306.8	101.0
104.84	102.0
302.64	102.0
110.68	102.0
352.08	102.0
100.64	103.0
127.16	103.0
111.16	103.0
307.76	103.0
110.84	104.0
113.84	104.0
74.72	104.0
87.24	104.0
95.68	104.0
102.44	104.0
107.72	104.0
121.8	104.0
125.92	104.0
131.44	104.0
137.12	104.0
146.0	104.0
152.8	104.0
160.68	104.0
193.88	104.0
227.0	104.0
238.72	104.0
242.24	104.0
272.04	104.0
313.04	104.0
321.04	104.0
335.36	104.0
436.92	104.0
89.0	105.0
48.0	106.0
63.52	106.0
76.36	106.0
433.92	106.0
45.92	107.0
64.64	107.0
78.88	107.0
86.08	107.0
92.4	107.0
95.2	107.0
100.56	107.0
107.24	107.0
116.32	107.0
124.64	107.0
134.16	107.0
153.08	107.0
156.4	107.0
166.36	107.0
186.12	107.0
216.84	107.0
267.08	107.0
307.52	107.0
323.16	107.0
351.0	107.0
388.0	107.0
408.36	107.0
431.2	107.0
94.12	108.0
85.0	108.0
110.08	108.0
112.6	108.0
128.48	108.0
159.68	108.0
202.44	108.0
222.04	108.0
241.4	108.0
266.84	108.0
321.36	108.0
70.88	109.0
76.44	109.0
90.24	109.0
100.12	109.0
117.72	109.0
141.2	109.0
390.6	109.0
129.72	109.0
85.24	110.0
95.92	110.0
110.32	110.0
113.68	110.0
122.88	110.0
166.4	110.0
106.6	110.0
159.24	110.0
106.0	111.0
113.0	111.0
149.56	111.0
71.84	111.0
75.2	111.0
81.12	111.0
85.36	111.0
95.4	111.0
102.92	111.0
110.44	111.0
125.88	111.0
128.84	111.0
137.04	111.0
140.28	111.0
144.48	111.0
153.6	111.0
159.08	111.0
163.36	111.0
166.52	111.0
177.6	111.0
182.0	111.0
221.32	111.0
245.24	111.0
256.4	111.0
271.24	111.0
289.4	111.0
294.32	111.0
307.32	111.0
310.16	111.0
324.8	111.0
335.04	111.0
343.84	111.0
354.68	111.0
371.52	111.0
395.8	111.0
411.84	111.0
439.8	111.0
475.04	111.0
159.24	112.0
70.84	112.0
94.84	112.0
106.08	112.0
111.68	112.0
118.24	112.0
149.6	112.0
195.48	112.0
373.88	112.0
423.52	112.0
440.52	112.0
740.44	112.0
88.44	113.0
101.12	113.0
105.72	113.0
113.04	113.0
125.24	113.0
136.08	113.0
158.96	113.0
178.76	113.0
192.16	113.0
223.68	113.0
93.2	114.0
95.96	114.0
105.0	114.0
127.0	114.0
132.56	114.0
101.2	114.0
120.36	114.0
138.28	114.0
145.44	114.0
240.64	114.0
90.16	115.0
178.84	115.0
351.64	115.0
64.72	115.0
79.28	115.0
102.88	115.0
107.16	115.0
115.92	115.0
123.88	115.0
130.88	115.0
141.24	115.0
150.76	115.0
159.52	115.0
169.68	115.0
216.64	115.0
251.12	115.0
283.44	115.0
363.04	115.0
393.56	115.0
446.12	115.0
468.52	115.0
506.44	115.0
56.36	116.0
60.44	116.0
72.16	116.0
75.32	116.0
81.4	116.0
84.64	116.0
87.4	116.0
90.2	116.0
93.36	116.0
97.68	116.0
103.52	116.0
106.96	116.0
112.92	116.0
123.48	116.0
126.6	116.0
134.28	116.0
137.84	116.0
140.96	116.0
153.4	116.0
160.28	116.0
236.36	116.0
308.56	116.0
311.68	116.0
328.56	116.0
333.6	116.0
382.0	116.0
389.88	116.0
406.56	116.0
108.04	117.0
177.4	117.0
207.36	117.0
322.92	117.0
95.36	117.0
100.4	117.0
110.72	117.0
127.84	117.0
188.52	117.0
309.76	117.0
315.52	117.0
163.4	118.0
86.36	118.0
93.48	118.0
99.04	118.0
102.92	118.0
112.36	118.0
124.32	118.0
139.88	118.0
152.68	118.0
169.76	118.0
194.04	118.0
215.52	118.0
227.48	118.0
247.72	118.0
318.16	118.0
337.0	118.0
352.24	118.0
421.4	118.0
432.6	118.0
139.48	119.0
63.16	119.0
76.64	119.0
93.6	119.0
124.96	119.0
129.72	119.0
310.68	119.0
437.64	119.0
547.8	119.0
306.08	120.0
106.64	120.0
132.12	120.0
136.72	120.0
146.16	120.0
193.72	120.0
333.12	120.0
