302.44	84.0
317.72	84.0
331.0	84.0
398.36	84.0
453.6	84.0
119.6	85.0
307.88	85.0
322.56	85.0
332.52	85.0
346.12	85.0
1325.92	85.0
1359.16	85.0
84.36	86.0
111.16	86.0
113.72	86.0
128.96	86.0
146.04	86.0
156.48	86.0
166.72	86.0
179.72	86.0
191.56	86.0
208.2	86.0
223.36	86.0
232.88	86.0
242.8	86.0
251.44	86.0
265.72	86.0
275.16	86.0
278.76	86.0
285.16	86.0
299.56	86.0
323.04	86.0
328.8	86.0
333.8	86.0
339.56	86.0
350.56	86.0
356.6	86.0
362.4	86.0
368.52	86.0
380.84	86.0
393.48	86.0
405.28	86.0
420.8	86.0
431.92	86.0
443.84	86.0
469.12	86.0
508.32	86.0
1011.4	86.0
1024.16	86.0
1045.32	86.0
1077.76	86.0
1336.52	86.0
1357.8	86.0
1369.08	86.0
1377.68	86.0
1384.24	86.0
1395.76	86.0
1409.08	86.0
1432.0	86.0
121.92	86.0
175.44	86.0
238.16	86.0
308.68	86.0
317.84	86.0
325.56	86.0
343.2	86.0
1313.32	86.0
1319.2	86.0
1328.2	86.0
307.64	87.0
415.48	87.0
1061.44	87.0
1328.12	87.0
88.12	87.0
312.32	87.0
315.76	87.0
322.12	87.0
326.04	87.0
330.16	87.0
407.2	87.0
988.72	87.0
1067.12	87.0
1315.56	87.0
1324.64	87.0
1335.04	87.0
1347.12	87.0
1381.12	87.0
1398.16	87.0
1417.16	87.0
127.76	88.0
286.32	88.0
1032.4	88.0
1187.2	88.0
1387.28	88.0
1438.36	88.0
38.08	88.0
79.76	88.0
122.76	88.0
302.6	88.0
306.6	88.0
317.84	88.0
334.08	88.0
342.88	88.0
407.68	88.0
443.48	88.0
489.92	88.0
642.52	88.0
961.48	88.0
993.44	88.0
1082.12	88.0
1132.56	88.0
1146.28	88.0
1218.0	88.0
1394.28	88.0
41.08	89.0
302.64	89.0
325.12	89.0
459.8	89.0
818.28	89.0
1361.52	89.0
1426.6	89.0
136.56	89.0
154.16	89.0
194.64	89.0
265.56	89.0
299.2	89.0
306.52	89.0
313.88	89.0
317.44	89.0
321.68	89.0
628.4	89.0
667.4	89.0
902.0	89.0
1018.48	89.0
1056.68	89.0
1187.88	89.0
1325.4	89.0
1394.68	89.0
1360.36	90.0
207.2	90.0
233.84	90.0
298.92	90.0
313.6	90.0
330.68	90.0
345.72	90.0
355.04	90.0
387.72	90.0
437.8	90.0
485.28	90.0
528.64	90.0
977.68	90.0
1035.96	90.0
1076.12	90.0
1394.4	90.0
132.88	91.0
302.48	91.0
313.52	91.0
462.04	91.0
14.88	92.0
47.4	92.0
77.04	92.0
103.24	92.0
134.96	92.0
165.04	92.0
190.2	92.0
220.32	92.0
223.76	92.0
242.56	92.0
280.84	92.0
317.92	92.0
330.52	92.0
352.76	92.0
399.08	92.0
406.96	92.0
429.0	92.0
462.56	92.0
494.68	92.0
613.6	92.0
942.64	92.0
977.6	92.0
1000.04	92.0
1023.56	92.0
1053.16	92.0
1065.08	92.0
1083.88	92.0
1142.08	92.0
1328.48	92.0
1367.2	92.0
1388.12	92.0
1391.36	92.0
1407.88	92.0
1435.44	92.0
18.68	92.0
83.0	92.0
113.68	92.0
138.52	92.0
208.12	92.0
246.96	92.0
284.44	92.0
302.68	92.0
310.68	92.0
322.4	92.0
342.0	92.0
361.64	92.0
386.24	92.0
577.0	92.0
988.04	92.0
1003.64	92.0
1057.8	92.0
1068.76	92.0
1332.0	92.0
1371.92	92.0
1395.04	92.0
205.92	93.0
464.52	93.0
539.8	93.0
1419.2	93.0
242.72	94.0
266.16	94.0
322.04	94.0
357.0	94.0
423.12	94.0
461.56	94.0
495.96	94.0
539.4	94.0
115.84	95.0
148.76	95.0
234.56	95.0
319.28	95.0
333.08	95.0
1030.28	95.0
1398.24	95.0
1440.48	95.0
309.72	96.0
286.6	96.0
302.84	96.0
316.76	96.0
344.76	96.0
506.68	96.0
180.44	97.0
302.52	97.0
306.2	97.0
327.28	97.0
344.04	97.0
1355.6	98.0
52.16	98.0
570.52	98.0
650.92	98.0
1313.92	98.0
116.28	99.0
141.76	99.0
166.0	99.0
311.48	99.0
317.44	99.0
322.84	99.0
333.56	99.0
979.8	99.0
1006.64	99.0
1017.04	99.0
1070.4	99.0
1357.52	99.0
99.96	100.0
60.8	100.0
322.4	100.0
1055.0	100.0
1360.32	100.0
302.48	101.0
322.36	101.0
302.64	102.0
1435.88	102.0
302.6	103.0
306.16	103.0
319.88	103.0
323.36	103.0
348.44	103.0
319.8	104.0
978.76	104.0
112.32	104.0
179.84	104.0
234.28	104.0
240.96	104.0
269.56	104.0
290.2	104.0
311.6	104.0
317.04	104.0
325.92	104.0
333.52	104.0
361.92	104.0
388.88	104.0
435.32	104.0
1006.84	104.0
1060.04	104.0
1091.52	104.0
1332.28	104.0
1381.4	104.0
1412.68	104.0
315.36	106.0
406.44	106.0
1133.28	106.0
324.12	107.0
108.2	107.0
143.76	107.0
205.76	107.0
307.56	107.0
327.08	107.0
344.24	107.0
357.0	107.0
1020.64	107.0
1043.0	107.0
1075.04	107.0
1094.04	107.0
1314.08	107.0
1329.28	107.0
1366.68	107.0
1384.0	107.0
192.96	108.0
151.0	108.0
212.72	108.0
244.6	108.0
267.0	108.0
302.72	108.0
306.84	108.0
316.68	108.0
341.56	108.0
363.6	108.0
396.8	108.0
462.8	108.0
515.84	108.0
1050.76	108.0
1060.92	108.0
1324.88	108.0
1362.52	108.0
64.64	109.0
123.6	109.0
282.72	109.0
324.8	109.0
339.4	109.0
361.64	109.0
387.48	109.0
417.2	109.0
437.52	109.0
469.72	109.0
1056.16	109.0
321.56	109.0
171.92	110.0
308.88	110.0
361.24	110.0
120.84	110.0
140.12	110.0
160.88	110.0
275.28	110.0
317.92	110.0
333.28	110.0
339.16	110.0
349.6	110.0
352.96	110.0
393.04	110.0
409.48	110.0
430.52	110.0
1048.16	110.0
90.12	111.0
201.12	111.0
228.08	111.0
320.92	111.0
323.52	111.0
955.88	111.0
987.84	111.0
1322.72	111.0
1362.6	111.0
50.88	111.0
81.2	111.0
106.84	111.0
137.8	111.0
166.08	111.0
172.04	111.0
182.92	111.0
192.72	111.0
222.52	111.0
237.44	111.0
244.72	111.0
274.96	111.0
285.6	111.0
306.6	111.0
312.44	111.0
317.76	111.0
326.36	111.0
332.76	111.0
367.56	111.0
373.24	111.0
396.48	111.0
409.4	111.0
430.16	111.0
465.04	111.0
497.32	111.0
538.52	111.0
616.92	111.0
1003.36	111.0
1026.88	111.0
1055.4	111.0
1088.04	111.0
1147.24	111.0
1332.32	111.0
1392.56	111.0
1411.4	111.0
1438.36	111.0
312.0	113.0
319.04	113.0
319.16	114.0
1366.72	114.0
214.48	114.0
488.24	115.0
85.24	115.0
140.36	115.0
161.12	115.0
193.28	115.0
213.08	115.0
254.36	115.0
275.56	115.0
307.12	115.0
313.16	115.0
325.24	115.0
339.52	115.0
353.24	115.0
393.32	115.0
422.84	115.0
460.04	115.0
529.72	115.0
988.12	115.0
1005.2	115.0
1048.44	115.0
1334.72	115.0
1366.4	115.0
1406.44	115.0
182.8	116.0
316.96	116.0
333.04	116.0
999.04	116.0
1322.96	116.0
1328.8	116.0
44.72	116.0
49.72	116.0
77.2	116.0
95.76	116.0
105.68	116.0
117.48	116.0
157.84	116.0
189.12	116.0
209.0	116.0
212.92	116.0
238.6	116.0
267.6	116.0
273.6	116.0
309.04	116.0
321.2	116.0
324.16	116.0
340.32	116.0
346.0	116.0
362.6	116.0
422.36	116.0
463.24	116.0
957.6	116.0
963.16	116.0
973.24	116.0
975.76	116.0
996.0	116.0
1016.4	116.0
1034.6	116.0
1046.8	116.0
1057.36	116.0
1065.0	116.0
1068.44	116.0
1306.2	116.0
1325.8	116.0
1332.68	116.0
1350.88	116.0
1362.6	116.0
1385.72	116.0
1389.4	116.0
1400.36	116.0
1404.96	116.0
1417.32	116.0
309.08	117.0
172.32	117.0
201.16	117.0
318.08	117.0
387.64	117.0
430.72	117.0
987.92	117.0
1362.72	117.0
1033.76	118.0
137.84	118.0
217.76	118.0
307.84	118.0
315.76	118.0
322.64	118.0
332.56	118.0
338.84	118.0
345.68	118.0
370.88	118.0
379.8	118.0
1401.4	118.0
1429.36	118.0
310.68	119.0
1327.8	119.0
1361.88	119.0
1365.56	119.0
1381.8	119.0
309.12	120.0
1366.52	120.0
248.56	120.0
324.64	120.0
346.64	120.0
373.64	120.0
1163.16	120.0
1390.64	120.0
1416.4	120.0
