331.32	84.0
47.64	84.0
318.76	84.0
375.28	84.0
321.04	85.0
108.32	86.0
170.92	86.0
190.36	86.0
199.24	86.0
218.6	86.0
253.16	86.0
265.2	86.0
297.4	86.0
317.64	86.0
327.16	86.0
333.2	86.0
335.92	86.0
339.92	86.0
344.0	86.0
372.76	86.0
383.64	86.0
395.24	86.0
407.64	86.0
428.88	86.0
432.4	86.0
443.8	86.0
454.32	86.0
475.96	86.0
488.24	86.0
524.28	86.0
309.36	86.0
313.68	86.0
321.12	86.0
350.4	86.0
497.6	86.0
134.96	87.0
195.72	87.0
287.76	87.0
312.56	87.0
316.4	87.0
319.48	87.0
323.12	87.0
328.16	87.0
332.0	87.0
338.2	87.0
349.32	87.0
373.2	87.0
254.52	88.0
361.96	88.0
385.68	88.0
413.92	88.0
448.04	88.0
511.32	88.0
10.48	88.0
226.44	88.0
302.64	88.0
349.28	88.0
251.16	89.0
278.56	89.0
156.92	89.0
294.28	89.0
320.16	89.0
325.08	89.0
198.64	90.0
335.28	90.0
86.64	90.0
103.08	90.0
187.6	90.0
207.12	90.0
211.68	90.0
312.48	90.0
316.56	90.0
319.68	90.0
338.6	90.0
351.2	90.0
356.8	90.0
366.28	90.0
372.6	90.0
388.68	90.0
398.08	90.0
415.36	90.0
432.96	90.0
489.52	90.0
545.64	90.0
10.48	92.0
70.68	92.0
146.28	92.0
173.32	92.0
206.92	92.0
214.12	92.0
234.16	92.0
320.6	92.0
354.04	92.0
491.2	92.0
495.28	92.0
542.48	92.0
604.72	92.0
1326.68	92.0
28.68	92.0
46.48	92.0
53.0	92.0
127.8	92.0
181.76	92.0
188.44	92.0
246.32	92.0
275.84	92.0
284.92	92.0
296.96	92.0
302.72	92.0
310.92	92.0
317.76	92.0
329.96	92.0
333.72	92.0
346.92	92.0
362.44	92.0
387.16	92.0
440.04	92.0
449.84	92.0
550.24	92.0
1330.24	92.0
194.04	93.0
374.24	93.0
417.4	93.0
186.68	94.0
260.0	94.0
253.96	94.0
297.64	94.0
309.56	94.0
320.6	94.0
319.68	95.0
119.68	95.0
220.2	95.0
310.16	95.0
351.76	95.0
429.72	95.0
537.44	95.0
310.0	96.0
104.36	96.0
177.72	96.0
233.24	96.0
294.48	96.0
319.84	96.0
338.92	96.0
371.16	96.0
398.48	96.0
423.92	96.0
452.72	96.0
484.72	96.0
520.88	96.0
302.56	97.0
331.4	97.0
335.2	97.0
348.96	97.0
359.64	97.0
363.28	98.0
94.96	99.0
217.76	99.0
316.64	99.0
322.88	99.0
332.12	99.0
338.72	99.0
347.68	99.0
192.16	100.0
198.6	100.0
655.4	100.0
302.52	101.0
335.28	101.0
302.68	102.0
310.84	103.0
335.24	103.0
124.8	104.0
132.08	104.0
212.4	104.0
311.08	104.0
317.04	104.0
322.56	104.0
328.96	104.0
334.8	104.0
341.88	104.0
385.04	104.0
396.28	104.0
418.84	104.0
458.24	104.0
465.44	104.0
375.16	106.0
205.84	107.0
310.32	107.0
321.6	107.0
329.16	107.0
366.68	107.0
392.48	107.0
1340.16	107.0
345.2	108.0
201.96	108.0
314.32	108.0
334.24	108.0
348.84	108.0
373.52	108.0
398.24	108.0
440.88	108.0
465.72	108.0
493.44	108.0
206.92	109.0
312.2	109.0
319.32	109.0
309.72	110.0
334.52	110.0
360.12	110.0
386.72	110.0
210.24	110.0
250.52	110.0
317.84	110.0
324.12	110.0
339.16	110.0
351.48	110.0
432.64	110.0
447.32	110.0
183.2	111.0
246.28	111.0
310.24	111.0
12.76	111.0
75.36	111.0
97.16	111.0
122.12	111.0
148.64	111.0
175.52	111.0
194.56	111.0
201.68	111.0
209.8	111.0
237.16	111.0
271.56	111.0
292.16	111.0
319.48	111.0
323.92	111.0
327.0	111.0
330.2	111.0
334.64	111.0
345.72	111.0
352.96	111.0
360.24	111.0
364.68	111.0
367.28	111.0
371.44	111.0
378.88	111.0
389.04	111.0
402.68	111.0
438.12	111.0
467.28	111.0
522.44	111.0
527.96	111.0
545.68	111.0
310.48	112.0
322.12	113.0
321.28	114.0
372.64	114.0
323.16	115.0
371.76	115.0
135.64	115.0
210.56	115.0
250.76	115.0
319.28	115.0
335.12	115.0
339.56	115.0
351.72	115.0
376.76	115.0
405.28	115.0
455.68	115.0
151.16	116.0
181.72	116.0
184.8	116.0
322.72	116.0
422.36	116.0
455.64	116.0
201.04	116.0
208.52	116.0
211.68	116.0
310.92	116.0
313.68	116.0
318.68	116.0
327.24	116.0
351.24	116.0
356.36	116.0
359.44	116.0
365.28	116.0
372.08	116.0
399.28	116.0
427.76	116.0
447.8	116.0
658.88	116.0
326.64	117.0
183.2	117.0
246.32	117.0
310.24	117.0
319.8	117.0
419.28	117.0
447.52	117.0
287.76	118.0
310.28	118.0
316.12	118.0
322.44	118.0
325.32	118.0
330.08	118.0
337.4	118.0
347.88	118.0
362.32	118.0
398.24	118.0
426.24	118.0
446.68	118.0
93.88	119.0
310.64	119.0
322.76	119.0
321.0	120.0
391.88	120.0
