318.16	84.0
17.8	84.0
72.68	84.0
96.32	84.0
178.56	84.0
302.44	84.0
330.28	84.0
353.4	84.0
367.48	84.0
391.76	84.0
415.6	84.0
465.52	84.0
493.32	84.0
594.24	84.0
778.68	84.0
866.72	84.0
1074.56	84.0
1162.44	84.0
1355.64	84.0
1437.6	84.0
238.08	85.0
636.12	85.0
651.48	85.0
701.36	85.0
827.04	85.0
866.28	85.0
1082.24	85.0
3.76	86.0
18.8	86.0
29.84	86.0
52.12	86.0
78.16	86.0
124.68	86.0
139.24	86.0
170.52	86.0
184.56	86.0
222.52	86.0
237.36	86.0
316.48	86.0
320.8	86.0
328.2	86.0
331.16	86.0
335.92	86.0
352.28	86.0
373.96	86.0
384.28	86.0
395.32	86.0
413.92	86.0
433.08	86.0
614.28	86.0
704.68	86.0
743.52	86.0
783.4	86.0
860.2	86.0
957.32	86.0
1142.2	86.0
1150.24	86.0
1167.72	86.0
1182.0	86.0
1193.28	86.0
1220.4	86.0
1256.08	86.0
1275.88	86.0
1298.76	86.0
1311.28	86.0
1333.24	86.0
1339.92	86.0
1355.88	86.0
1394.72	86.0
1415.36	86.0
187.48	86.0
308.48	86.0
311.44	86.0
324.36	86.0
342.2	86.0
348.8	86.0
362.16	86.0
366.6	86.0
439.64	86.0
445.52	86.0
499.76	86.0
689.44	86.0
1070.84	86.0
1112.08	86.0
267.04	87.0
308.28	87.0
13.68	87.0
80.8	87.0
92.52	87.0
126.48	87.0
143.56	87.0
273.92	87.0
312.24	87.0
315.88	87.0
319.8	87.0
329.48	87.0
334.36	87.0
341.52	87.0
370.84	87.0
379.8	87.0
712.04	87.0
781.8	87.0
984.64	87.0
1188.84	87.0
33.04	88.0
82.92	88.0
150.44	88.0
306.24	88.0
320.32	88.0
427.32	88.0
430.12	88.0
496.52	88.0
527.52	88.0
1077.76	88.0
121.28	88.0
134.44	88.0
302.64	88.0
316.64	88.0
326.4	88.0
339.32	88.0
463.92	88.0
622.48	88.0
811.56	88.0
915.08	88.0
970.72	88.0
1008.04	88.0
1139.64	88.0
1411.44	88.0
51.76	89.0
84.12	89.0
129.2	89.0
329.04	89.0
433.24	89.0
438.72	89.0
620.2	89.0
1082.68	89.0
1398.08	89.0
1440.72	89.0
29.04	90.0
336.56	90.0
1101.24	90.0
71.16	90.0
161.44	90.0
224.2	90.0
347.0	90.0
352.68	90.0
363.76	90.0
419.08	90.0
566.88	90.0
586.76	90.0
619.84	90.0
670.92	90.0
707.72	90.0
848.88	90.0
915.72	90.0
1065.52	90.0
1157.12	90.0
1207.96	90.0
1333.44	90.0
1349.16	90.0
1397.76	90.0
315.6	91.0
331.04	91.0
1057.52	91.0
968.52	91.0
319.04	92.0
336.44	92.0
494.8	92.0
948.16	92.0
1379.24	92.0
19.8	92.0
44.68	92.0
76.36	92.0
102.12	92.0
120.36	92.0
127.4	92.0
175.04	92.0
178.04	92.0
185.32	92.0
196.92	92.0
220.68	92.0
236.56	92.0
302.68	92.0
311.24	92.0
323.08	92.0
368.96	92.0
383.16	92.0
393.76	92.0
412.84	92.0
481.12	92.0
515.76	92.0
535.6	92.0
583.08	92.0
597.12	92.0
620.4	92.0
651.48	92.0
689.0	92.0
715.44	92.0
742.12	92.0
750.52	92.0
777.0	92.0
783.04	92.0
849.48	92.0
894.2	92.0
908.88	92.0
920.64	92.0
943.68	92.0
1058.76	92.0
1062.28	92.0
1126.52	92.0
1133.12	92.0
1182.88	92.0
1200.0	92.0
1216.2	92.0
1235.44	92.0
22.76	93.0
33.8	93.0
100.6	93.0
128.96	93.0
250.2	93.0
320.16	93.0
355.2	93.0
495.12	93.0
526.56	93.0
686.64	93.0
863.8	93.0
966.92	93.0
1184.04	93.0
1214.12	93.0
1257.16	93.0
1290.88	93.0
1305.8	93.0
1336.44	93.0
1343.6	93.0
1377.6	93.0
307.16	93.0
337.76	94.0
688.2	94.0
1026.76	94.0
1395.6	94.0
8.08	94.0
78.4	94.0
128.16	94.0
171.08	94.0
217.0	94.0
320.2	94.0
357.04	94.0
411.88	94.0
466.32	94.0
598.96	94.0
782.08	94.0
967.04	94.0
1266.88	94.0
1285.8	94.0
1300.04	94.0
54.04	95.0
136.0	95.0
307.0	95.0
338.76	95.0
509.12	95.0
637.0	95.0
715.88	95.0
836.28	95.0
883.48	95.0
966.32	95.0
1082.92	95.0
1229.56	95.0
16.56	96.0
52.8	96.0
74.64	96.0
101.4	96.0
127.52	96.0
203.88	96.0
274.16	96.0
318.32	96.0
332.32	96.0
373.76	96.0
396.48	96.0
439.28	96.0
460.96	96.0
488.68	96.0
541.96	96.0
599.8	96.0
712.28	96.0
866.2	96.0
921.08	96.0
959.12	96.0
1078.72	96.0
1138.16	96.0
1250.16	96.0
1286.92	96.0
1307.32	96.0
1378.24	96.0
333.08	97.0
132.08	97.0
302.56	97.0
306.4	97.0
309.08	97.0
330.56	97.0
1122.76	97.0
1133.68	97.0
1192.84	97.0
1222.08	97.0
306.52	98.0
438.32	98.0
513.88	98.0
27.52	99.0
49.8	99.0
82.56	99.0
112.84	99.0
162.88	99.0
310.68	99.0
317.48	99.0
324.92	99.0
333.48	99.0
340.32	99.0
348.4	99.0
385.16	99.0
1080.6	99.0
1090.16	99.0
28.96	100.0
127.68	100.0
308.4	100.0
336.0	100.0
421.12	100.0
482.24	100.0
668.24	100.0
736.2	100.0
863.64	100.0
923.28	100.0
1060.24	100.0
1130.84	100.0
1296.8	100.0
1313.96	100.0
1434.48	100.0
302.52	101.0
336.48	101.0
434.76	101.0
1101.08	101.0
302.68	102.0
302.64	103.0
376.08	103.0
307.2	103.0
307.0	104.0
20.68	104.0
45.36	104.0
77.44	104.0
109.4	104.0
134.12	104.0
188.8	104.0
314.0	104.0
319.4	104.0
329.72	104.0
336.88	104.0
344.96	104.0
356.88	104.0
370.56	104.0
375.28	104.0
394.2	104.0
418.92	104.0
448.68	104.0
781.0	104.0
785.96	104.0
872.92	104.0
1133.6	104.0
1160.12	104.0
1218.36	104.0
1264.52	104.0
1332.56	104.0
306.28	105.0
333.8	106.0
442.24	106.0
866.4	106.0
1262.52	106.0
307.76	107.0
969.4	107.0
322.76	107.0
330.68	107.0
361.12	107.0
772.0	107.0
937.68	107.0
1185.64	107.0
309.44	108.0
33.04	108.0
132.68	108.0
258.28	108.0
306.04	108.0
314.0	108.0
339.28	108.0
407.0	108.0
463.24	108.0
615.36	108.0
674.88	108.0
745.88	108.0
927.24	108.0
1134.32	108.0
1182.4	108.0
1219.12	108.0
94.4	109.0
128.64	109.0
307.56	109.0
328.4	109.0
432.76	109.0
1190.12	109.0
368.24	109.0
183.6	110.0
321.76	110.0
330.2	110.0
375.56	110.0
1334.8	110.0
10.88	110.0
44.76	110.0
104.32	110.0
292.6	110.0
307.56	110.0
310.84	110.0
337.04	110.0
366.04	110.0
434.96	110.0
1035.56	110.0
1078.88	110.0
1086.84	110.0
1138.92	110.0
1265.36	110.0
109.72	111.0
309.72	111.0
1081.84	111.0
44.76	111.0
63.6	111.0
79.04	111.0
103.92	111.0
129.24	111.0
150.24	111.0
173.72	111.0
195.96	111.0
307.08	111.0
318.76	111.0
321.44	111.0
336.24	111.0
354.0	111.0
359.52	111.0
366.0	111.0
375.96	111.0
378.48	111.0
409.48	111.0
434.88	111.0
496.68	111.0
565.48	111.0
624.96	111.0
682.88	111.0
763.12	111.0
780.72	111.0
804.48	111.0
831.76	111.0
939.48	111.0
1078.8	111.0
1111.8	111.0
1136.08	111.0
1184.76	111.0
1215.84	111.0
1239.92	111.0
1272.36	111.0
1302.48	111.0
1396.96	111.0
1413.56	111.0
102.16	112.0
114.52	112.0
336.6	112.0
389.2	112.0
942.44	112.0
334.84	114.0
1336.96	114.0
1376.28	114.0
322.68	115.0
337.08	115.0
720.32	115.0
888.32	115.0
1413.48	115.0
25.56	115.0
104.56	115.0
292.88	115.0
307.92	115.0
350.04	115.0
356.72	115.0
410.68	115.0
455.92	115.0
556.12	115.0
621.04	115.0
682.56	115.0
774.96	115.0
780.12	115.0
869.44	115.0
925.72	115.0
1043.28	115.0
1099.8	115.0
1210.44	115.0
1265.64	115.0
1303.36	115.0
1337.28	115.0
1373.64	115.0
314.2	116.0
1442.64	116.0
31.56	116.0
36.52	116.0
43.4	116.0
84.6	116.0
99.96	116.0
124.72	116.0
130.12	116.0
142.6	116.0
151.0	116.0
185.92	116.0
239.24	116.0
307.68	116.0
323.36	116.0
327.84	116.0
334.32	116.0
349.36	116.0
356.92	116.0
376.28	116.0
671.32	116.0
681.32	116.0
708.72	116.0
752.92	116.0
776.24	116.0
781.24	116.0
787.6	116.0
850.28	116.0
906.76	116.0
915.4	116.0
926.36	116.0
936.44	116.0
963.84	116.0
970.84	116.0
997.04	116.0
1029.48	116.0
1060.12	116.0
1063.28	116.0
1078.56	116.0
1082.0	116.0
1095.64	116.0
1114.56	116.0
1133.16	116.0
1156.96	116.0
1182.4	116.0
1296.0	116.0
1298.84	116.0
1329.64	116.0
1411.32	116.0
1437.68	116.0
324.8	117.0
309.68	117.0
322.16	117.0
1335.2	117.0
1100.44	118.0
1141.72	118.0
1162.56	118.0
43.96	118.0
70.12	118.0
93.08	118.0
160.12	118.0
210.36	118.0
308.0	118.0
318.36	118.0
330.28	118.0
337.96	118.0
345.92	118.0
354.56	118.0
376.04	118.0
387.32	118.0
395.92	118.0
439.12	118.0
599.96	118.0
808.8	118.0
975.4	118.0
1176.68	118.0
310.52	119.0
339.16	120.0
18.44	120.0
45.92	120.0
61.8	120.0
181.2	120.0
288.88	120.0
306.44	120.0
353.0	120.0
388.72	120.0
424.36	120.0
495.08	120.0
690.24	120.0
932.16	120.0
995.88	120.0
1029.68	120.0
1101.64	120.0
1117.08	120.0
1161.2	120.0
1311.04	120.0
