338.92	84.0
361.04	84.0
395.08	84.0
455.44	84.0
508.24	84.0
320.04	84.0
328.6	84.0
345.36	84.0
379.56	84.0
436.92	84.0
474.16	84.0
537.44	84.0
631.16	84.0
820.8	84.0
881.28	84.0
996.16	84.0
1093.76	84.0
1201.72	84.0
507.96	85.0
315.2	85.0
333.24	85.0
348.88	85.0
379.32	85.0
403.76	85.0
436.36	85.0
456.36	85.0
524.48	85.0
538.4	85.0
641.68	85.0
737.16	85.0
861.6	85.0
958.28	85.0
1260.44	85.0
314.24	86.0
337.8	86.0
346.48	86.0
350.2	86.0
357.2	86.0
362.56	86.0
375.2	86.0
392.04	86.0
398.68	86.0
401.2	86.0
413.6	86.0
421.48	86.0
431.56	86.0
440.08	86.0
453.92	86.0
492.44	86.0
501.12	86.0
509.2	86.0
522.04	86.0
541.2	86.0
549.92	86.0
581.48	86.0
604.56	86.0
633.88	86.0
647.12	86.0
667.4	86.0
775.32	86.0
861.48	86.0
870.4	86.0
901.72	86.0
921.68	86.0
973.92	86.0
1111.08	86.0
1181.48	86.0
1212.92	86.0
1234.16	86.0
1253.52	86.0
1265.04	86.0
1301.48	86.0
1312.48	86.0
311.16	86.0
319.24	86.0
326.76	86.0
333.36	86.0
342.68	86.0
368.48	86.0
380.64	86.0
406.56	86.0
471.36	86.0
1218.2	86.0
318.96	87.0
327.68	87.0
345.32	87.0
1038.32	87.0
315.0	87.0
348.36	87.0
351.72	87.0
359.92	87.0
363.32	87.0
366.92	87.0
370.64	87.0
375.0	87.0
379.32	87.0
388.0	87.0
402.16	87.0
405.48	87.0
423.0	87.0
435.04	87.0
441.68	87.0
450.72	87.0
457.68	87.0
471.0	87.0
523.44	87.0
540.72	87.0
550.56	87.0
561.0	87.0
586.32	87.0
597.6	87.0
606.72	87.0
631.16	87.0
676.56	87.0
714.56	87.0
740.96	87.0
778.2	87.0
801.6	87.0
871.8	87.0
925.28	87.0
951.68	87.0
1092.88	87.0
1116.56	87.0
1133.88	87.0
1147.04	87.0
1157.72	87.0
1214.64	87.0
1246.36	87.0
1270.92	87.0
1317.88	87.0
1327.08	87.0
314.0	88.0
372.28	88.0
422.12	88.0
449.92	88.0
500.2	88.0
530.96	88.0
550.24	88.0
604.76	88.0
626.28	88.0
659.76	88.0
709.36	88.0
746.88	88.0
829.28	88.0
1001.96	88.0
302.72	88.0
310.68	88.0
338.48	88.0
353.96	88.0
356.48	88.0
365.16	88.0
389.48	88.0
429.24	88.0
469.48	88.0
477.76	88.0
485.76	88.0
534.88	88.0
583.44	88.0
586.52	88.0
607.68	88.0
642.16	88.0
679.96	88.0
682.72	88.0
695.2	88.0
737.32	88.0
765.4	88.0
771.72	88.0
832.48	88.0
878.6	88.0
883.44	88.0
920.04	88.0
925.12	88.0
985.8	88.0
989.52	88.0
1080.32	88.0
1151.68	88.0
1251.92	88.0
398.72	89.0
439.04	89.0
309.88	89.0
336.36	89.0
341.96	89.0
349.08	89.0
355.16	89.0
366.0	89.0
574.84	89.0
779.6	89.0
1079.32	89.0
1131.16	89.0
727.28	90.0
309.56	90.0
315.76	90.0
336.08	90.0
401.8	90.0
489.84	90.0
666.44	90.0
779.32	90.0
862.12	90.0
901.84	90.0
1243.08	90.0
1280.52	90.0
311.44	91.0
317.76	91.0
432.64	91.0
310.4	92.0
315.84	92.0
342.56	92.0
534.24	92.0
700.56	92.0
302.88	92.0
352.84	92.0
386.76	92.0
392.16	92.0
407.92	92.0
434.84	92.0
444.88	92.0
447.68	92.0
469.24	92.0
480.24	92.0
487.68	92.0
508.84	92.0
539.0	92.0
566.28	92.0
573.8	92.0
589.56	92.0
626.2	92.0
683.52	92.0
697.64	92.0
705.2	92.0
763.52	92.0
784.0	92.0
794.0	92.0
814.12	92.0
851.4	92.0
859.44	92.0
927.8	92.0
938.68	92.0
960.2	92.0
993.2	92.0
1055.16	92.0
1077.24	92.0
1083.2	92.0
1097.76	92.0
1109.0	92.0
1125.12	92.0
1149.0	92.0
1177.04	92.0
1197.16	92.0
1213.84	92.0
1282.2	92.0
1297.32	92.0
1319.88	92.0
1330.72	92.0
302.44	93.0
315.96	93.0
340.04	93.0
348.48	93.0
353.36	93.0
362.48	93.0
379.12	93.0
386.32	93.0
394.56	93.0
424.88	93.0
445.48	93.0
458.72	93.0
472.8	93.0
503.52	93.0
537.8	93.0
555.88	93.0
569.08	93.0
592.92	93.0
610.96	93.0
619.16	93.0
676.16	93.0
708.56	93.0
731.28	93.0
779.68	93.0
798.8	93.0
820.36	93.0
829.68	93.0
866.76	93.0
886.24	93.0
928.68	93.0
1049.24	93.0
1209.32	93.0
1233.6	93.0
1285.04	93.0
1296.36	93.0
309.0	93.0
310.16	94.0
453.72	94.0
317.04	94.0
340.72	94.0
359.48	94.0
383.44	94.0
473.84	94.0
720.2	94.0
820.84	94.0
964.92	94.0
1005.04	94.0
1129.32	94.0
1209.24	94.0
1262.0	94.0
309.32	95.0
333.96	95.0
339.48	95.0
344.28	95.0
359.48	95.0
369.84	95.0
396.24	95.0
457.72	95.0
475.96	95.0
503.84	95.0
543.96	95.0
569.08	95.0
593.32	95.0
611.48	95.0
640.16	95.0
679.4	95.0
733.44	95.0
776.72	95.0
801.84	95.0
864.2	95.0
902.32	95.0
928.84	95.0
1003.28	95.0
1043.32	95.0
1068.36	95.0
1173.12	95.0
1219.68	95.0
1322.92	95.0
328.28	96.0
488.84	96.0
506.52	96.0
522.92	96.0
538.36	96.0
557.4	96.0
648.92	96.0
732.32	96.0
797.64	96.0
818.68	96.0
1085.56	96.0
1203.52	96.0
1258.8	96.0
1296.76	96.0
302.48	97.0
326.64	97.0
371.56	97.0
480.04	97.0
491.4	97.0
1151.8	97.0
337.12	98.0
345.08	98.0
527.92	98.0
619.2	98.0
348.24	99.0
314.24	99.0
325.48	99.0
329.52	99.0
337.76	99.0
343.0	99.0
353.4	99.0
376.24	99.0
446.6	99.0
520.24	99.0
539.16	99.0
596.52	99.0
927.48	99.0
947.84	99.0
1157.16	99.0
1287.2	99.0
354.68	100.0
310.04	100.0
320.64	100.0
324.2	100.0
337.12	100.0
341.96	100.0
363.6	100.0
564.16	100.0
599.6	100.0
727.24	100.0
792.12	100.0
926.76	100.0
958.68	100.0
1087.24	100.0
1149.76	100.0
1169.32	100.0
1270.56	100.0
1285.52	100.0
1306.2	100.0
302.56	101.0
317.12	101.0
354.92	101.0
378.76	101.0
410.48	101.0
426.4	101.0
457.72	101.0
472.24	101.0
490.44	101.0
594.08	101.0
629.76	101.0
302.68	102.0
339.8	102.0
336.36	102.0
349.56	102.0
374.92	102.0
302.68	103.0
425.16	103.0
596.92	103.0
315.48	103.0
319.76	103.0
347.56	103.0
350.4	103.0
362.32	104.0
1216.92	104.0
309.56	104.0
314.52	104.0
318.28	104.0
324.0	104.0
336.96	104.0
343.64	104.0
349.2	104.0
356.08	104.0
370.16	104.0
384.32	104.0
387.72	104.0
400.28	104.0
412.48	104.0
424.16	104.0
461.92	104.0
530.8	104.0
555.24	104.0
585.16	104.0
595.36	104.0
612.0	104.0
666.6	104.0
677.8	104.0
756.12	104.0
799.12	104.0
853.08	104.0
883.68	104.0
979.32	104.0
1175.72	104.0
1282.92	104.0
1286.04	104.0
1326.52	104.0
329.44	106.0
999.76	106.0
1241.88	106.0
371.08	107.0
309.52	107.0
313.28	107.0
317.28	107.0
329.88	107.0
334.28	107.0
340.12	107.0
343.96	107.0
346.8	107.0
353.96	107.0
392.28	107.0
399.52	107.0
427.48	107.0
518.24	107.0
336.96	108.0
313.24	108.0
325.6	108.0
340.32	108.0
347.36	108.0
355.88	108.0
364.56	108.0
374.4	108.0
399.32	108.0
412.76	108.0
423.88	108.0
446.12	108.0
486.96	108.0
509.44	108.0
731.08	108.0
992.88	108.0
1095.76	108.0
1154.48	108.0
1317.04	108.0
316.72	109.0
1185.4	109.0
309.6	109.0
314.08	109.0
320.08	109.0
344.24	109.0
311.36	110.0
320.88	110.0
326.92	110.0
349.24	110.0
374.56	110.0
316.6	110.0
333.32	110.0
338.2	110.0
379.24	110.0
554.24	110.0
610.36	110.0
756.2	110.0
867.44	110.0
906.48	110.0
1157.0	110.0
1187.64	110.0
1216.88	110.0
1339.44	110.0
310.76	111.0
336.6	111.0
339.76	111.0
358.92	111.0
400.44	111.0
555.92	111.0
666.68	111.0
775.16	111.0
316.84	111.0
324.96	111.0
344.0	111.0
349.32	111.0
351.96	111.0
362.88	111.0
367.28	111.0
371.28	111.0
376.0	111.0
380.2	111.0
384.48	111.0
392.28	111.0
411.2	111.0
425.16	111.0
435.92	111.0
445.52	111.0
455.04	111.0
465.0	111.0
477.48	111.0
490.04	111.0
496.2	111.0
516.32	111.0
532.84	111.0
541.56	111.0
562.48	111.0
569.12	111.0
578.4	111.0
585.36	111.0
594.68	111.0
603.64	111.0
706.6	111.0
715.84	111.0
740.08	111.0
752.84	111.0
806.48	111.0
868.16	111.0
884.84	111.0
911.52	111.0
1026.92	111.0
1039.32	111.0
1059.96	111.0
1077.92	111.0
1117.72	111.0
1151.72	111.0
1174.56	111.0
1194.6	111.0
1236.36	111.0
1263.52	111.0
312.16	112.0
341.44	112.0
358.84	112.0
374.24	112.0
392.16	112.0
427.4	112.0
442.16	112.0
472.04	112.0
1280.56	112.0
341.64	113.0
353.32	113.0
370.72	113.0
312.44	114.0
337.88	114.0
342.08	114.0
352.12	114.0
369.48	114.0
353.48	115.0
411.84	115.0
310.08	115.0
312.92	115.0
316.92	115.0
337.6	115.0
350.12	115.0
362.48	115.0
400.8	115.0
424.56	115.0
439.16	115.0
457.44	115.0
476.24	115.0
489.6	115.0
504.48	115.0
517.4	115.0
554.52	115.0
581.28	115.0
597.68	115.0
610.64	115.0
649.96	115.0
686.84	115.0
709.0	115.0
804.08	115.0
867.72	115.0
886.8	115.0
906.8	115.0
929.76	115.0
999.28	115.0
1070.68	115.0
1113.36	115.0
1157.28	115.0
1187.92	115.0
1217.16	115.0
1265.36	115.0
1295.6	115.0
1339.72	115.0
311.56	116.0
338.12	116.0
340.96	116.0
382.32	116.0
316.28	116.0
319.88	116.0
327.32	116.0
335.6	116.0
344.04	116.0
346.68	116.0
353.48	116.0
361.04	116.0
366.4	116.0
375.6	116.0
389.96	116.0
401.52	116.0
406.32	116.0
411.24	116.0
418.8	116.0
432.72	116.0
438.08	116.0
451.28	116.0
457.0	116.0
467.16	116.0
475.8	116.0
486.16	116.0
503.24	116.0
519.92	116.0
536.68	116.0
584.2	116.0
611.04	116.0
665.6	116.0
686.88	116.0
729.6	116.0
771.4	116.0
964.24	116.0
967.04	116.0
1086.48	116.0
1159.44	116.0
1186.32	116.0
1216.6	116.0
1288.12	116.0
1291.16	116.0
1303.92	116.0
360.84	117.0
315.56	117.0
345.88	117.0
390.8	117.0
411.52	117.0
666.8	117.0
775.24	117.0
1142.16	117.0
1317.76	117.0
309.92	118.0
329.04	118.0
317.96	118.0
337.16	118.0
345.44	118.0
352.92	118.0
360.68	118.0
383.36	118.0
401.72	118.0
412.56	118.0
420.52	118.0
441.12	118.0
456.28	118.0
470.2	118.0
495.84	118.0
522.76	118.0
538.08	118.0
556.8	118.0
582.0	118.0
594.68	118.0
614.92	118.0
755.84	118.0
795.04	118.0
835.44	118.0
878.76	118.0
903.56	118.0
962.92	118.0
995.6	118.0
1066.12	118.0
1088.24	118.0
1104.92	118.0
1141.84	118.0
1194.12	118.0
1262.72	118.0
1325.0	118.0
318.2	119.0
337.52	119.0
310.6	119.0
353.48	119.0
517.72	119.0
555.56	119.0
309.2	120.0
638.84	120.0
312.8	120.0
318.28	120.0
333.44	120.0
338.12	120.0
343.36	120.0
349.52	120.0
353.08	120.0
371.64	120.0
410.52	120.0
426.96	120.0
615.76	120.0
674.8	120.0
701.72	120.0
794.44	120.0
903.64	120.0
1150.92	120.0
1219.16	120.0
1280.04	120.0
