310.56	84.0
320.64	84.0
331.04	84.0
343.28	84.0
358.64	84.0
382.96	84.0
402.8	84.0
428.68	84.0
449.44	84.0
464.28	84.0
519.84	84.0
592.6	84.0
629.36	84.0
648.44	84.0
673.28	84.0
708.28	84.0
728.12	84.0
760.28	84.0
789.44	84.0
818.8	84.0
859.4	84.0
890.2	84.0
915.32	84.0
940.12	84.0
964.96	84.0
991.4	84.0
1025.6	84.0
1055.8	84.0
1088.6	84.0
1107.88	84.0
1154.6	84.0
1233.4	84.0
1268.88	84.0
1301.08	84.0
1327.56	84.0
1363.64	84.0
1409.72	84.0
333.6	85.0
343.44	85.0
358.28	85.0
478.4	85.0
509.08	85.0
631.52	85.0
677.04	85.0
766.76	85.0
973.36	85.0
1027.52	85.0
1201.8	85.0
1242.56	85.0
1338.72	85.0
1379.12	85.0
1418.96	85.0
321.48	86.0
337.64	86.0
355.4	86.0
363.24	86.0
370.8	86.0
378.4	86.0
385.6	86.0
388.56	86.0
407.2	86.0
418.4	86.0
431.2	86.0
444.72	86.0
460.84	86.0
463.92	86.0
476.28	86.0
492.28	86.0
506.32	86.0
531.04	86.0
550.96	86.0
564.16	86.0
581.4	86.0
648.76	86.0
676.0	86.0
686.56	86.0
729.2	86.0
766.12	86.0
781.32	86.0
797.92	86.0
839.44	86.0
888.6	86.0
959.16	86.0
993.68	86.0
999.88	86.0
1078.0	86.0
1124.72	86.0
1143.24	86.0
1153.0	86.0
1179.92	86.0
1229.4	86.0
1234.08	86.0
1241.88	86.0
1274.2	86.0
1291.8	86.0
1294.32	86.0
1305.88	86.0
1323.08	86.0
1352.72	86.0
1366.68	86.0
1418.12	86.0
308.48	86.0
312.0	86.0
326.04	86.0
332.76	86.0
343.6	86.0
350.12	86.0
359.04	86.0
380.92	86.0
395.48	86.0
409.72	86.0
628.36	86.0
1433.88	86.0
308.8	87.0
314.32	87.0
317.64	87.0
322.56	87.0
326.88	87.0
343.32	87.0
353.88	87.0
360.32	87.0
365.4	87.0
376.72	87.0
420.6	87.0
758.68	87.0
796.16	87.0
986.92	87.0
1060.24	87.0
1153.32	87.0
1190.2	87.0
1208.68	87.0
1229.88	87.0
1364.24	87.0
347.52	88.0
429.32	88.0
450.6	88.0
491.0	88.0
646.6	88.0
691.32	88.0
967.12	88.0
1093.12	88.0
1312.0	88.0
302.76	88.0
316.28	88.0
383.28	88.0
498.04	88.0
602.88	88.0
629.68	88.0
735.96	88.0
777.76	88.0
1020.0	88.0
1100.44	88.0
1181.92	88.0
1271.96	88.0
1315.36	88.0
1340.56	88.0
320.88	89.0
323.92	89.0
311.4	89.0
316.96	89.0
354.24	89.0
359.44	89.0
382.12	89.0
466.12	89.0
967.64	89.0
1021.96	89.0
1064.28	89.0
1213.16	90.0
309.56	90.0
313.32	90.0
318.36	90.0
329.0	90.0
341.24	90.0
353.92	90.0
381.84	90.0
390.6	90.0
427.36	90.0
465.8	90.0
476.0	90.0
572.84	90.0
735.44	90.0
967.28	90.0
984.12	90.0
1009.84	90.0
1096.88	90.0
1230.88	90.0
1304.8	90.0
1383.44	90.0
313.76	91.0
326.16	91.0
333.28	91.0
371.68	91.0
1382.64	91.0
320.12	92.0
413.88	92.0
800.56	92.0
302.96	92.0
306.28	92.0
328.12	92.0
364.4	92.0
388.12	92.0
399.0	92.0
443.68	92.0
448.2	92.0
521.68	92.0
544.08	92.0
578.72	92.0
594.16	92.0
643.44	92.0
649.4	92.0
654.16	92.0
672.6	92.0
688.36	92.0
704.64	92.0
756.52	92.0
764.96	92.0
777.12	92.0
790.28	92.0
809.0	92.0
833.76	92.0
847.52	92.0
855.72	92.0
905.16	92.0
916.72	92.0
938.76	92.0
949.32	92.0
971.56	92.0
991.88	92.0
1023.8	92.0
1053.84	92.0
1066.96	92.0
1078.04	92.0
1111.44	92.0
1121.88	92.0
1184.44	92.0
1214.08	92.0
1228.68	92.0
1271.12	92.0
1315.0	92.0
1332.64	92.0
1345.44	92.0
1367.8	92.0
1380.2	92.0
1388.0	92.0
302.48	93.0
331.88	93.0
358.6	93.0
451.48	93.0
564.28	93.0
601.08	93.0
745.24	93.0
801.2	93.0
930.44	93.0
999.32	93.0
1026.48	93.0
891.92	93.0
940.8	93.0
891.8	94.0
1355.96	94.0
310.36	94.0
324.32	94.0
332.24	94.0
351.64	94.0
373.84	94.0
389.04	94.0
410.32	94.0
688.64	94.0
779.88	94.0
833.84	94.0
942.12	94.0
999.48	94.0
1006.72	94.0
318.52	95.0
311.8	95.0
329.52	95.0
334.24	95.0
375.0	95.0
495.68	95.0
575.04	95.0
620.64	95.0
706.56	95.0
846.96	95.0
893.92	95.0
1078.76	95.0
1203.0	95.0
1274.28	95.0
1389.56	95.0
1420.28	95.0
310.32	96.0
332.08	96.0
364.4	96.0
456.0	96.0
492.4	96.0
519.68	96.0
563.96	96.0
577.2	96.0
651.88	96.0
673.44	96.0
699.56	96.0
740.24	96.0
743.88	96.0
794.84	96.0
959.2	96.0
992.88	96.0
1112.44	96.0
1162.52	96.0
1203.92	96.0
1319.16	96.0
1413.88	96.0
302.72	97.0
308.2	97.0
332.0	97.0
340.68	97.0
343.76	97.0
369.0	97.0
434.52	97.0
460.52	97.0
472.76	97.0
505.36	97.0
562.72	97.0
603.48	97.0
647.88	97.0
673.72	97.0
859.88	97.0
916.92	97.0
969.56	97.0
1023.24	97.0
1199.32	97.0
1235.36	97.0
1370.76	97.0
1415.12	97.0
308.6	98.0
332.88	98.0
597.76	98.0
963.76	98.0
1080.96	98.0
1153.2	98.0
1212.92	98.0
1384.76	98.0
311.56	99.0
315.8	99.0
320.76	99.0
328.12	99.0
334.68	99.0
340.28	99.0
347.32	99.0
502.68	99.0
511.68	99.0
630.48	99.0
722.56	99.0
731.68	99.0
789.32	99.0
1120.04	99.0
1230.52	99.0
1298.2	99.0
1331.56	99.0
306.48	100.0
311.44	100.0
320.0	100.0
339.92	100.0
440.08	100.0
492.4	100.0
500.76	100.0
550.96	100.0
572.56	100.0
621.36	100.0
666.44	100.0
675.0	100.0
702.2	100.0
717.52	100.0
768.84	100.0
810.4	100.0
898.32	100.0
955.68	100.0
972.44	100.0
1018.6	100.0
1022.0	100.0
1083.84	100.0
1236.44	100.0
1410.24	100.0
1413.72	100.0
302.6	101.0
317.2	101.0
320.44	101.0
350.72	101.0
374.56	101.0
433.6	101.0
741.56	101.0
914.16	101.0
302.76	102.0
320.6	102.0
331.56	102.0
302.64	103.0
322.84	103.0
385.6	103.0
306.08	103.0
891.96	103.0
372.12	104.0
311.4	104.0
317.96	104.0
322.68	104.0
328.32	104.0
333.92	104.0
340.28	104.0
348.4	104.0
360.08	104.0
387.84	104.0
411.44	104.0
430.56	104.0
480.16	104.0
482.72	104.0
652.76	104.0
750.72	104.0
811.16	104.0
856.32	104.0
890.8	104.0
923.04	104.0
970.76	104.0
973.76	104.0
1138.68	104.0
1208.68	104.0
1241.36	104.0
1301.04	104.0
1384.2	104.0
1422.48	104.0
307.44	106.0
333.84	106.0
486.72	106.0
621.24	106.0
685.16	106.0
826.0	106.0
327.92	107.0
369.6	107.0
307.48	107.0
312.28	107.0
318.72	107.0
330.96	107.0
334.76	107.0
352.92	107.0
375.56	107.0
394.72	107.0
534.24	107.0
698.84	107.0
912.88	107.0
1061.12	107.0
1115.28	107.0
1246.24	107.0
1359.52	107.0
308.8	108.0
316.32	108.0
331.08	108.0
340.6	108.0
357.64	108.0
368.44	108.0
390.12	108.0
413.48	108.0
446.76	108.0
555.2	108.0
731.84	108.0
1003.84	108.0
1289.44	108.0
328.68	109.0
340.92	109.0
1304.56	109.0
308.8	109.0
314.4	109.0
309.32	110.0
320.08	110.0
329.32	110.0
373.2	110.0
427.32	110.0
342.6	110.0
357.8	110.0
386.12	110.0
448.24	110.0
485.88	110.0
571.56	110.0
1067.84	110.0
338.6	111.0
348.64	111.0
732.12	111.0
1231.72	111.0
312.84	111.0
326.68	111.0
329.68	111.0
342.44	111.0
358.6	111.0
385.52	111.0
409.52	111.0
426.0	111.0
434.36	111.0
448.2	111.0
466.52	111.0
469.84	111.0
479.08	111.0
488.76	111.0
504.16	111.0
533.48	111.0
572.88	111.0
629.68	111.0
674.6	111.0
701.12	111.0
719.04	111.0
726.88	111.0
748.12	111.0
768.08	111.0
796.28	111.0
848.8	111.0
873.04	111.0
907.6	111.0
919.12	111.0
994.44	111.0
1000.68	111.0
1016.36	111.0
1063.24	111.0
1131.8	111.0
1151.32	111.0
1188.6	111.0
1196.16	111.0
1204.44	111.0
1215.52	111.0
1235.36	111.0
1325.0	111.0
322.84	112.0
342.48	112.0
360.84	112.0
386.48	112.0
763.08	112.0
942.0	112.0
968.6	112.0
999.48	112.0
1292.0	112.0
1326.72	112.0
311.36	113.0
333.16	113.0
307.2	114.0
348.4	114.0
329.96	114.0
332.76	114.0
632.04	114.0
1061.12	114.0
1113.24	114.0
396.36	115.0
744.44	115.0
315.96	115.0
320.24	115.0
329.52	115.0
343.2	115.0
358.08	115.0
368.52	115.0
375.2	115.0
414.76	115.0
455.64	115.0
486.16	115.0
512.28	115.0
534.2	115.0
609.84	115.0
679.48	115.0
718.56	115.0
779.16	115.0
833.48	115.0
857.56	115.0
891.64	115.0
914.32	115.0
952.84	115.0
971.8	115.0
1068.12	115.0
1102.44	115.0
1135.6	115.0
1210.88	115.0
1344.08	115.0
1390.28	115.0
1418.32	115.0
306.36	116.0
316.56	116.0
330.96	116.0
428.76	116.0
577.0	116.0
679.12	116.0
967.52	116.0
309.28	116.0
313.4	116.0
320.84	116.0
327.8	116.0
336.6	116.0
347.48	116.0
350.0	116.0
352.52	116.0
362.6	116.0
367.2	116.0
375.04	116.0
381.44	116.0
386.2	116.0
392.72	116.0
402.4	116.0
412.72	116.0
442.56	116.0
467.16	116.0
495.96	116.0
530.28	116.0
532.96	116.0
536.08	116.0
644.36	116.0
734.08	116.0
793.72	116.0
814.4	116.0
856.16	116.0
903.44	116.0
916.52	116.0
925.72	116.0
958.88	116.0
1044.0	116.0
1063.12	116.0
1087.84	116.0
1160.52	116.0
1193.16	116.0
1196.76	116.0
1216.56	116.0
1231.48	116.0
1318.92	116.0
1327.88	116.0
1357.24	116.0
1386.6	116.0
1357.0	117.0
317.68	118.0
307.96	118.0
322.16	118.0
327.76	118.0
339.24	118.0
354.16	118.0
368.8	118.0
373.84	118.0
385.2	118.0
400.76	118.0
407.44	118.0
444.32	118.0
473.68	118.0
488.92	118.0
530.2	118.0
775.36	118.0
809.68	118.0
1014.88	118.0
1104.32	118.0
1153.52	118.0
1228.04	118.0
1301.64	118.0
310.72	119.0
698.44	119.0
1418.8	119.0
307.04	120.0
316.44	120.0
332.44	120.0
347.44	120.0
364.48	120.0
394.4	120.0
450.92	120.0
476.4	120.0
502.08	120.0
550.08	120.0
677.24	120.0
720.48	120.0
835.64	120.0
911.8	120.0
942.44	120.0
982.96	120.0
1055.64	120.0
1089.84	120.0
1151.32	120.0
1269.2	120.0
1326.44	120.0
1357.96	120.0
1369.44	120.0
