98.76	84.0
165.28	84.0
319.24	84.0
347.92	84.0
365.12	84.0
381.28	84.0
401.48	84.0
420.48	84.0
446.56	84.0
475.52	84.0
493.32	84.0
556.76	84.0
594.04	84.0
626.0	84.0
682.0	84.0
1372.24	84.0
1387.4	84.0
1404.72	84.0
1423.72	84.0
99.64	85.0
227.36	85.0
278.56	85.0
320.64	85.0
362.24	85.0
714.12	85.0
1376.68	85.0
36.16	86.0
57.2	86.0
94.12	86.0
117.28	86.0
134.16	86.0
176.68	86.0
224.44	86.0
274.32	86.0
282.92	86.0
306.64	86.0
315.52	86.0
334.44	86.0
340.64	86.0
346.32	86.0
353.04	86.0
358.8	86.0
367.4	86.0
377.24	86.0
386.32	86.0
401.52	86.0
422.88	86.0
451.08	86.0
475.52	86.0
480.76	86.0
542.96	86.0
595.56	86.0
736.48	86.0
1338.04	86.0
1345.92	86.0
1354.44	86.0
1360.96	86.0
1370.4	86.0
1380.0	86.0
1389.96	86.0
1398.6	86.0
1406.84	86.0
1438.2	86.0
309.6	86.0
320.4	86.0
325.64	86.0
328.28	86.0
343.32	86.0
407.8	86.0
1421.44	86.0
1424.36	86.0
1431.48	86.0
118.72	87.0
307.84	87.0
320.12	87.0
1389.48	87.0
283.48	87.0
312.16	87.0
315.92	87.0
327.0	87.0
330.8	87.0
334.8	87.0
340.08	87.0
351.36	87.0
359.92	87.0
370.32	87.0
385.44	87.0
1355.32	87.0
1376.76	87.0
1395.64	87.0
76.04	88.0
306.16	88.0
311.28	88.0
338.76	88.0
531.12	88.0
1320.64	88.0
93.96	88.0
143.04	88.0
291.88	88.0
302.68	88.0
319.96	88.0
332.88	88.0
364.4	88.0
374.52	88.0
682.48	88.0
701.52	88.0
1329.32	88.0
1344.0	88.0
1358.16	88.0
1362.36	88.0
1367.2	88.0
1390.36	88.0
1402.48	88.0
1432.56	88.0
1436.4	88.0
319.96	89.0
1316.04	89.0
21.44	89.0
46.84	89.0
65.68	89.0
313.84	89.0
355.68	89.0
362.44	89.0
365.04	89.0
390.32	89.0
400.28	89.0
514.68	89.0
530.2	89.0
599.24	89.0
328.2	90.0
1352.4	90.0
65.36	90.0
83.64	90.0
239.6	90.0
294.24	90.0
307.56	90.0
313.52	90.0
319.0	90.0
323.76	90.0
331.84	90.0
335.68	90.0
343.6	90.0
382.56	90.0
399.96	90.0
429.0	90.0
439.0	90.0
454.96	90.0
475.6	90.0
572.36	90.0
598.92	90.0
1324.92	90.0
1368.88	90.0
1398.72	90.0
1408.16	90.0
318.84	91.0
1353.36	91.0
25.12	92.0
306.16	92.0
315.68	92.0
371.32	92.0
441.08	92.0
1337.32	92.0
1343.92	92.0
1367.76	92.0
50.64	92.0
69.92	92.0
120.56	92.0
130.68	92.0
140.8	92.0
169.92	92.0
194.4	92.0
206.32	92.0
228.52	92.0
302.76	92.0
310.36	92.0
344.08	92.0
352.92	92.0
360.32	92.0
422.56	92.0
460.12	92.0
489.56	92.0
498.84	92.0
572.64	92.0
600.24	92.0
651.72	92.0
686.28	92.0
1321.52	92.0
1326.96	92.0
1353.8	92.0
1358.12	92.0
1372.64	92.0
1377.6	92.0
1400.52	92.0
131.16	93.0
346.08	93.0
569.84	93.0
1436.52	93.0
351.84	93.0
107.84	94.0
320.92	94.0
598.56	94.0
81.48	94.0
316.6	94.0
337.24	94.0
378.2	94.0
570.04	94.0
1370.4	94.0
1372.92	94.0
1421.56	94.0
8.44	95.0
275.96	95.0
310.04	95.0
332.44	95.0
707.44	95.0
1366.4	95.0
111.36	96.0
169.12	96.0
251.08	96.0
321.68	96.0
355.76	96.0
378.24	96.0
404.24	96.0
427.64	96.0
452.0	96.0
481.32	96.0
500.68	96.0
525.0	96.0
594.28	96.0
1350.04	96.0
1379.28	96.0
1406.04	96.0
1428.88	96.0
180.88	97.0
302.44	97.0
307.04	97.0
327.28	97.0
334.6	97.0
701.6	97.0
1382.8	97.0
249.92	98.0
307.76	98.0
367.32	98.0
410.52	98.0
327.76	99.0
364.72	99.0
311.84	99.0
318.28	99.0
323.72	99.0
335.88	99.0
344.56	99.0
353.72	99.0
391.92	99.0
1335.32	99.0
1353.36	99.0
1367.92	99.0
1401.96	99.0
57.96	100.0
364.0	100.0
405.24	100.0
531.36	100.0
672.8	100.0
1352.28	100.0
1361.0	100.0
1388.76	100.0
1397.2	100.0
306.0	101.0
1407.92	101.0
302.52	101.0
335.2	101.0
473.24	101.0
302.6	102.0
307.68	102.0
302.6	103.0
324.36	103.0
1359.24	103.0
1407.6	103.0
1429.16	103.0
310.0	103.0
321.12	103.0
352.04	103.0
351.64	104.0
1374.64	104.0
50.28	104.0
110.96	104.0
243.8	104.0
310.36	104.0
315.84	104.0
322.32	104.0
329.2	104.0
335.24	104.0
343.04	104.0
354.76	104.0
362.72	104.0
391.76	104.0
456.56	104.0
529.68	104.0
1343.76	104.0
1361.24	104.0
1381.36	104.0
1400.44	104.0
1437.08	104.0
307.56	105.0
171.88	106.0
408.72	106.0
528.8	106.0
561.8	106.0
307.84	107.0
178.92	107.0
313.12	107.0
322.04	107.0
346.72	107.0
354.72	107.0
379.56	107.0
404.96	107.0
1345.4	107.0
1387.0	107.0
1420.6	107.0
1432.28	107.0
306.04	108.0
1343.68	108.0
313.24	108.0
324.28	108.0
344.0	108.0
367.44	108.0
402.96	108.0
495.44	108.0
1361.52	108.0
1386.44	108.0
1431.4	108.0
307.68	109.0
377.12	109.0
485.24	109.0
1314.6	109.0
1346.12	109.0
1377.12	109.0
324.0	109.0
1340.56	109.0
307.68	110.0
344.36	110.0
416.44	110.0
1330.6	110.0
1344.24	110.0
74.92	110.0
326.84	110.0
360.36	110.0
380.76	110.0
401.32	110.0
1362.92	110.0
1383.56	110.0
1388.84	110.0
1401.28	110.0
337.8	111.0
1357.44	111.0
1401.68	111.0
22.92	111.0
49.88	111.0
72.0	111.0
101.56	111.0
149.2	111.0
173.28	111.0
228.48	111.0
275.92	111.0
306.28	111.0
309.72	111.0
315.16	111.0
319.4	111.0
324.36	111.0
344.44	111.0
355.72	111.0
360.96	111.0
370.12	111.0
401.2	111.0
416.6	111.0
429.72	111.0
442.88	111.0
459.6	111.0
500.72	111.0
686.92	111.0
1330.72	111.0
1344.4	111.0
1361.4	111.0
1378.72	111.0
1398.96	111.0
1407.56	111.0
1425.72	111.0
1429.12	111.0
1434.08	111.0
323.88	112.0
351.6	112.0
364.04	112.0
598.36	112.0
306.08	113.0
341.12	113.0
307.36	114.0
338.24	114.0
75.2	115.0
307.6	115.0
322.84	115.0
327.08	115.0
333.8	115.0
338.24	115.0
343.88	115.0
352.84	115.0
363.8	115.0
381.04	115.0
1339.92	115.0
1363.16	115.0
1373.76	115.0
1389.08	115.0
1411.28	115.0
1433.8	115.0
1327.12	116.0
1351.96	116.0
1354.68	116.0
41.16	116.0
47.56	116.0
50.08	116.0
60.56	116.0
101.36	116.0
118.16	116.0
144.92	116.0
172.56	116.0
184.08	116.0
287.48	116.0
307.56	116.0
312.48	116.0
319.44	116.0
323.68	116.0
326.2	116.0
335.8	116.0
338.68	116.0
341.56	116.0
364.12	116.0
402.08	116.0
408.0	116.0
424.68	116.0
473.92	116.0
490.76	116.0
531.76	116.0
534.44	116.0
1339.28	116.0
1343.92	116.0
1357.6	116.0
1363.24	116.0
1368.0	116.0
1373.56	116.0
1384.64	116.0
1389.28	116.0
1399.48	116.0
1402.8	116.0
1423.24	116.0
1425.76	116.0
1431.12	116.0
308.76	117.0
324.0	117.0
339.04	117.0
430.08	117.0
1357.56	117.0
121.44	118.0
190.96	118.0
306.64	118.0
318.44	118.0
324.0	118.0
334.76	118.0
338.96	118.0
345.04	118.0
355.24	118.0
363.88	118.0
379.4	118.0
391.28	118.0
404.72	118.0
421.8	118.0
452.2	118.0
492.56	118.0
498.44	118.0
554.4	118.0
1340.32	118.0
1343.2	118.0
1355.16	118.0
1362.24	118.0
1368.8	118.0
1388.16	118.0
1394.44	118.0
1404.36	118.0
1427.36	118.0
237.36	119.0
310.44	119.0
362.28	119.0
375.84	119.0
379.64	119.0
197.44	120.0
217.04	120.0
242.4	120.0
313.16	120.0
324.76	120.0
338.84	120.0
458.4	120.0
478.6	120.0
522.68	120.0
557.32	120.0
