338.92	84.0
307.4	84.0
317.2	84.0
330.64	84.0
382.24	84.0
429.48	84.0
452.4	84.0
479.44	84.0
521.52	84.0
563.12	84.0
595.0	84.0
640.0	84.0
671.88	84.0
697.56	84.0
738.44	84.0
757.8	84.0
838.24	84.0
926.12	84.0
320.96	85.0
345.92	85.0
354.2	85.0
422.48	85.0
485.28	85.0
598.4	85.0
622.24	85.0
646.44	85.0
691.16	85.0
715.6	85.0
738.84	85.0
767.0	85.0
826.64	85.0
926.0	85.0
1033.48	85.0
1085.8	85.0
1186.0	85.0
1249.44	85.0
307.0	86.0
329.68	86.0
337.4	86.0
345.92	86.0
350.24	86.0
355.0	86.0
374.48	86.0
382.56	86.0
409.68	86.0
420.08	86.0
444.92	86.0
454.12	86.0
477.64	86.0
489.48	86.0
499.6	86.0
510.28	86.0
531.32	86.0
539.08	86.0
556.24	86.0
580.84	86.0
600.76	86.0
612.36	86.0
643.8	86.0
664.92	86.0
685.6	86.0
694.4	86.0
715.08	86.0
737.0	86.0
761.0	86.0
801.88	86.0
820.84	86.0
844.48	86.0
882.6	86.0
906.96	86.0
981.52	86.0
1011.0	86.0
1130.64	86.0
1176.0	86.0
1203.72	86.0
316.48	86.0
319.0	86.0
321.56	86.0
325.48	86.0
333.64	86.0
343.04	86.0
367.72	86.0
394.52	86.0
397.04	86.0
623.4	86.0
307.88	87.0
318.92	87.0
328.44	87.0
343.2	87.0
312.24	87.0
322.28	87.0
336.48	87.0
345.88	87.0
353.24	87.0
355.84	87.0
360.76	87.0
364.52	87.0
368.76	87.0
373.92	87.0
380.32	87.0
389.6	87.0
464.28	87.0
601.44	87.0
715.0	87.0
753.84	87.0
894.84	87.0
940.44	87.0
314.28	88.0
328.6	88.0
337.92	88.0
346.12	88.0
366.52	88.0
369.36	88.0
302.76	88.0
306.88	88.0
320.96	88.0
411.56	88.0
446.56	88.0
468.24	88.0
517.8	88.0
651.28	88.0
681.6	88.0
774.88	88.0
788.16	88.0
894.2	88.0
972.68	88.0
1030.24	88.0
1135.28	88.0
1141.2	88.0
1194.04	88.0
306.08	89.0
313.72	89.0
317.48	89.0
351.0	89.0
355.2	89.0
360.56	89.0
512.84	89.0
601.2	89.0
609.96	89.0
641.88	89.0
1170.04	89.0
320.44	90.0
330.4	90.0
339.8	90.0
350.76	90.0
512.52	90.0
575.24	90.0
600.96	90.0
621.56	90.0
641.6	90.0
666.48	90.0
693.8	90.0
795.6	90.0
1051.96	90.0
1061.4	90.0
1188.96	90.0
1250.56	90.0
316.96	91.0
302.56	91.0
320.92	91.0
306.0	92.0
321.08	92.0
478.72	92.0
522.32	92.0
597.52	92.0
750.04	92.0
780.6	92.0
922.64	92.0
1002.56	92.0
1178.68	92.0
1276.44	92.0
1337.16	92.0
313.64	92.0
316.52	92.0
332.08	92.0
343.24	92.0
366.28	92.0
383.08	92.0
389.56	92.0
394.16	92.0
403.2	92.0
418.16	92.0
447.28	92.0
453.44	92.0
462.6	92.0
483.64	92.0
496.44	92.0
499.96	92.0
535.6	92.0
548.92	92.0
593.48	92.0
638.96	92.0
666.16	92.0
708.4	92.0
753.12	92.0
784.28	92.0
824.12	92.0
881.96	92.0
893.28	92.0
1077.36	92.0
1113.72	92.0
1141.92	92.0
1258.16	92.0
302.44	93.0
314.4	93.0
321.2	93.0
329.6	93.0
337.56	93.0
349.36	93.0
357.68	93.0
368.16	93.0
430.12	93.0
464.36	93.0
483.68	93.0
637.64	93.0
648.48	93.0
851.8	93.0
1112.72	93.0
803.16	94.0
320.2	94.0
327.76	94.0
330.64	94.0
337.36	94.0
347.56	94.0
383.6	94.0
391.36	94.0
404.48	94.0
483.4	94.0
521.84	94.0
582.36	94.0
648.12	94.0
308.84	95.0
323.32	95.0
342.04	95.0
354.84	95.0
542.2	95.0
604.76	95.0
644.56	95.0
694.68	95.0
718.48	95.0
755.76	95.0
785.56	95.0
847.28	95.0
890.72	95.0
928.4	95.0
978.6	95.0
1044.28	95.0
1172.0	95.0
1230.12	95.0
1262.92	95.0
320.6	96.0
307.12	96.0
367.2	96.0
465.92	96.0
500.0	96.0
535.92	96.0
641.52	96.0
302.48	97.0
938.2	97.0
312.2	97.0
323.44	97.0
335.0	97.0
443.48	97.0
1186.4	97.0
1272.4	97.0
323.0	98.0
377.64	98.0
1136.0	98.0
308.8	99.0
366.6	99.0
314.36	99.0
317.96	99.0
322.16	99.0
327.84	99.0
332.2	99.0
337.0	99.0
341.6	99.0
464.84	99.0
547.24	99.0
577.32	99.0
690.72	99.0
830.32	99.0
892.52	99.0
306.28	100.0
319.04	100.0
325.16	100.0
334.08	100.0
345.2	100.0
680.72	100.0
884.2	100.0
991.28	100.0
1177.44	100.0
1325.12	100.0
302.6	101.0
316.72	101.0
320.32	101.0
302.72	102.0
307.52	102.0
922.72	102.0
302.68	103.0
336.2	103.0
358.32	103.0
559.72	104.0
562.24	104.0
316.04	104.0
320.04	104.0
325.32	104.0
329.84	104.0
334.88	104.0
344.36	104.0
356.6	104.0
363.32	104.0
374.48	104.0
403.72	104.0
419.48	104.0
444.52	104.0
464.84	104.0
527.28	104.0
585.24	104.0
620.8	104.0
661.28	104.0
686.64	104.0
706.2	104.0
765.84	104.0
805.84	104.0
857.36	104.0
916.96	104.0
1030.0	104.0
1082.64	104.0
1237.96	104.0
64.28	106.0
200.16	106.0
260.56	106.0
306.28	106.0
322.12	106.0
349.68	106.0
408.68	106.0
528.32	106.0
672.64	106.0
883.12	106.0
306.92	107.0
315.48	107.0
312.68	107.0
318.8	107.0
329.6	107.0
335.32	107.0
346.48	107.0
369.2	107.0
394.28	107.0
577.76	107.0
691.92	107.0
738.96	107.0
763.4	107.0
821.28	107.0
1097.32	107.0
1332.72	107.0
306.84	108.0
312.92	108.0
320.6	108.0
331.96	108.0
338.52	108.0
345.56	108.0
362.6	108.0
376.84	108.0
387.32	108.0
405.12	108.0
430.92	108.0
490.72	108.0
688.84	108.0
887.24	108.0
1328.2	108.0
315.88	109.0
331.6	109.0
1061.2	109.0
1147.2	109.0
1222.84	109.0
308.12	109.0
312.2	109.0
339.24	109.0
335.8	110.0
338.4	110.0
372.0	110.0
488.16	110.0
800.36	110.0
1123.4	110.0
308.56	110.0
327.6	110.0
331.4	110.0
349.04	110.0
412.48	110.0
425.4	110.0
467.36	110.0
676.88	110.0
741.32	110.0
895.24	110.0
1164.48	110.0
1260.16	110.0
307.72	111.0
337.04	111.0
347.96	111.0
738.84	111.0
318.72	111.0
327.52	111.0
331.32	111.0
340.08	111.0
345.0	111.0
353.96	111.0
359.56	111.0
364.8	111.0
370.36	111.0
378.32	111.0
382.48	111.0
394.72	111.0
418.04	111.0
449.44	111.0
461.4	111.0
464.44	111.0
467.24	111.0
481.08	111.0
498.6	111.0
525.08	111.0
544.28	111.0
559.88	111.0
574.2	111.0
603.04	111.0
620.52	111.0
640.32	111.0
660.96	111.0
728.32	111.0
750.88	111.0
783.04	111.0
803.08	111.0
833.52	111.0
853.12	111.0
869.2	111.0
893.52	111.0
922.44	111.0
927.12	111.0
950.32	111.0
1006.68	111.0
1037.56	111.0
1086.88	111.0
1123.52	111.0
1146.28	111.0
1164.56	111.0
1250.84	111.0
1281.04	111.0
382.6	112.0
320.88	112.0
337.0	112.0
347.32	112.0
370.76	112.0
403.64	112.0
418.44	112.0
437.88	112.0
482.52	112.0
662.88	112.0
692.96	112.0
738.88	112.0
942.64	112.0
1118.24	112.0
1190.08	112.0
321.2	113.0
335.72	113.0
339.32	113.0
307.32	114.0
318.24	114.0
335.84	114.0
343.92	114.0
355.4	114.0
870.32	114.0
312.36	115.0
327.24	115.0
331.44	115.0
605.72	115.0
308.88	115.0
323.68	115.0
343.6	115.0
355.44	115.0
368.64	115.0
387.84	115.0
412.12	115.0
436.28	115.0
467.6	115.0
511.6	115.0
562.4	115.0
677.08	115.0
714.52	115.0
778.28	115.0
813.2	115.0
895.52	115.0
940.24	115.0
1061.92	115.0
1189.84	115.0
1260.4	115.0
312.88	116.0
344.88	116.0
394.72	116.0
802.56	116.0
1164.4	116.0
1250.72	116.0
307.08	116.0
318.6	116.0
327.52	116.0
330.44	116.0
333.48	116.0
336.88	116.0
341.56	116.0
351.0	116.0
355.2	116.0
364.88	116.0
369.36	116.0
373.52	116.0
377.88	116.0
383.92	116.0
391.32	116.0
408.68	116.0
420.16	116.0
445.16	116.0
447.96	116.0
491.68	116.0
522.32	116.0
682.88	116.0
731.12	116.0
766.88	116.0
886.68	116.0
889.32	116.0
893.72	116.0
923.44	116.0
926.04	116.0
994.64	116.0
1120.96	116.0
1180.12	116.0
1190.64	116.0
1247.64	116.0
1327.56	116.0
337.2	117.0
370.28	117.0
412.52	117.0
464.48	117.0
802.88	117.0
327.76	117.0
345.96	117.0
353.96	117.0
365.12	117.0
540.88	117.0
738.92	117.0
741.48	117.0
907.56	117.0
1123.8	117.0
307.32	118.0
312.8	118.0
318.44	118.0
322.32	118.0
329.68	118.0
336.68	118.0
340.92	118.0
355.8	118.0
370.72	118.0
385.04	118.0
405.56	118.0
408.08	118.0
427.44	118.0
430.56	118.0
456.44	118.0
464.44	118.0
485.48	118.0
497.96	118.0
513.68	118.0
541.44	118.0
558.04	118.0
582.88	118.0
630.56	118.0
663.96	118.0
740.88	118.0
927.36	118.0
313.4	119.0
329.36	119.0
335.32	119.0
391.76	119.0
452.4	119.0
868.44	119.0
1329.96	119.0
307.88	120.0
336.72	120.0
327.08	120.0
332.12	120.0
346.76	120.0
357.04	120.0
366.84	120.0
387.76	120.0
692.48	120.0
865.4	120.0
938.4	120.0
972.2	120.0
976.32	120.0
1057.08	120.0
1083.44	120.0
1135.12	120.0
1289.16	120.0
