342.4	84.0
448.16	84.0
412.36	84.0
1070.56	84.0
335.28	85.0
344.92	85.0
361.72	85.0
425.8	85.0
437.2	85.0
452.12	85.0
475.88	85.0
496.68	85.0
519.24	85.0
525.36	85.0
554.24	85.0
570.32	85.0
593.0	85.0
612.96	85.0
628.32	85.0
643.28	85.0
657.6	85.0
690.44	85.0
706.52	85.0
823.84	85.0
853.88	85.0
957.56	85.0
1004.64	85.0
1232.76	85.0
315.92	86.0
324.16	86.0
358.8	86.0
361.68	86.0
382.12	86.0
403.12	86.0
434.36	86.0
448.64	86.0
462.08	86.0
469.76	86.0
520.96	86.0
553.88	86.0
575.48	86.0
716.8	86.0
891.4	86.0
942.28	86.0
959.24	86.0
1077.4	86.0
1110.32	86.0
1130.0	86.0
1176.64	86.0
1208.4	86.0
1214.16	86.0
1225.96	86.0
1240.84	86.0
1277.96	86.0
1289.72	86.0
1321.64	86.0
306.92	86.0
309.64	86.0
312.32	86.0
319.48	86.0
328.56	86.0
336.68	86.0
345.56	86.0
353.16	86.0
370.2	86.0
373.96	86.0
390.0	86.0
418.0	86.0
962.84	86.0
1117.64	86.0
1187.96	86.0
1252.2	86.0
309.92	87.0
383.48	87.0
1213.0	87.0
316.2	87.0
330.32	87.0
334.12	87.0
342.08	87.0
346.28	87.0
366.52	87.0
389.36	87.0
405.48	87.0
469.04	87.0
486.12	87.0
528.04	87.0
543.12	87.0
551.36	87.0
570.48	87.0
607.32	87.0
651.92	87.0
679.52	87.0
827.96	87.0
839.8	87.0
937.16	87.0
941.84	87.0
1058.88	87.0
1098.16	87.0
1140.76	87.0
1187.64	87.0
1327.72	87.0
436.32	88.0
542.24	88.0
309.0	88.0
330.68	88.0
341.08	88.0
361.8	88.0
373.84	88.0
579.72	88.0
863.24	88.0
873.52	88.0
894.12	88.0
955.04	88.0
1018.48	88.0
1087.12	88.0
1099.64	88.0
1137.92	88.0
1184.24	88.0
424.92	89.0
314.56	89.0
324.48	89.0
329.8	89.0
364.4	89.0
397.44	89.0
438.64	89.0
524.48	89.0
934.72	89.0
323.96	90.0
312.84	90.0
333.68	90.0
341.2	90.0
1044.16	90.0
1124.52	90.0
1141.48	90.0
1188.64	90.0
322.6	91.0
350.84	91.0
353.4	91.0
423.28	91.0
465.12	91.0
306.16	91.0
374.44	91.0
451.68	91.0
594.72	91.0
306.4	92.0
334.28	92.0
346.48	92.0
358.12	92.0
373.76	92.0
311.12	92.0
391.0	92.0
413.2	92.0
465.28	92.0
554.08	92.0
593.92	92.0
940.28	92.0
949.56	92.0
970.04	92.0
984.72	92.0
302.92	93.0
326.12	93.0
355.32	93.0
361.92	93.0
377.52	93.0
384.24	93.0
396.44	93.0
411.4	93.0
426.4	93.0
436.32	93.0
442.0	93.0
465.52	93.0
481.2	93.0
497.6	93.0
523.52	93.0
544.64	93.0
562.88	93.0
612.48	93.0
659.64	93.0
742.28	93.0
779.24	93.0
882.76	93.0
901.36	93.0
1153.32	93.0
307.44	93.0
348.84	94.0
594.24	94.0
1001.2	94.0
306.04	94.0
310.56	94.0
319.76	94.0
326.24	94.0
328.76	94.0
353.96	94.0
369.88	94.0
1215.16	94.0
316.68	95.0
333.28	95.0
346.52	95.0
349.56	95.0
374.84	95.0
381.64	95.0
455.08	95.0
489.68	95.0
523.44	95.0
560.04	95.0
613.88	95.0
687.48	95.0
745.32	95.0
840.28	95.0
885.12	95.0
1106.32	95.0
303.0	96.0
306.52	97.0
662.92	97.0
857.2	97.0
897.28	97.0
975.56	97.0
1020.92	97.0
1069.44	97.0
1102.2	97.0
1127.72	97.0
1169.4	97.0
1237.04	97.0
1296.64	97.0
309.04	97.0
332.52	97.0
358.04	97.0
399.32	97.0
1157.84	97.0
1263.4	97.0
477.4	98.0
368.32	99.0
426.28	99.0
306.2	99.0
310.2	99.0
312.8	99.0
316.96	99.0
322.08	99.0
325.36	99.0
327.88	99.0
332.52	99.0
338.56	99.0
342.88	99.0
347.0	99.0
359.88	99.0
373.12	99.0
386.16	99.0
402.84	99.0
512.12	99.0
523.8	99.0
857.04	99.0
886.68	99.0
934.48	99.0
1007.96	99.0
1068.64	99.0
1124.84	99.0
1160.44	99.0
1225.72	99.0
1268.96	99.0
324.12	100.0
329.08	100.0
421.4	100.0
483.32	100.0
556.56	100.0
633.76	100.0
755.6	100.0
861.96	100.0
1164.32	100.0
1241.96	100.0
302.6	101.0
325.76	101.0
340.32	101.0
353.4	101.0
365.6	101.0
374.64	101.0
385.84	101.0
423.84	101.0
439.0	101.0
462.04	101.0
481.96	101.0
497.32	101.0
521.36	101.0
541.6	101.0
558.48	101.0
574.44	101.0
595.64	101.0
611.6	101.0
630.0	101.0
668.68	101.0
709.88	101.0
730.88	101.0
750.84	101.0
771.08	101.0
791.76	101.0
841.04	101.0
878.16	101.0
903.76	101.0
972.48	101.0
1015.28	101.0
302.84	102.0
325.88	102.0
374.88	102.0
557.08	102.0
324.04	103.0
307.48	103.0
340.6	103.0
424.04	103.0
307.32	104.0
423.56	104.0
310.96	104.0
318.6	104.0
324.44	104.0
332.84	104.0
342.4	104.0
348.72	104.0
351.44	104.0
355.52	104.0
360.84	104.0
368.72	104.0
376.36	104.0
380.64	104.0
389.92	104.0
401.88	104.0
415.52	104.0
473.36	104.0
487.08	104.0
501.12	104.0
516.52	104.0
541.88	104.0
557.04	104.0
573.8	104.0
600.6	104.0
630.84	104.0
675.48	104.0
697.04	104.0
725.56	104.0
841.2	104.0
878.24	104.0
935.76	104.0
964.88	104.0
1003.16	104.0
1083.48	104.0
1171.12	104.0
1245.36	104.0
1295.84	104.0
307.64	106.0
326.04	106.0
346.32	106.0
385.48	106.0
307.56	107.0
340.44	107.0
343.4	107.0
353.0	107.0
372.64	107.0
411.48	107.0
420.92	107.0
438.8	107.0
451.12	107.0
508.84	107.0
629.12	107.0
717.08	107.0
861.84	107.0
973.36	107.0
1225.04	107.0
1290.04	107.0
306.0	108.0
323.04	108.0
314.28	108.0
327.96	108.0
375.64	108.0
413.76	108.0
437.92	108.0
950.32	108.0
1026.48	108.0
1172.0	108.0
1225.32	108.0
1244.08	108.0
1269.08	108.0
324.4	109.0
412.68	109.0
556.96	109.0
309.24	110.0
349.08	110.0
376.56	110.0
393.72	110.0
346.36	110.0
370.96	110.0
404.44	110.0
413.08	110.0
435.6	110.0
438.76	110.0
453.2	110.0
489.68	110.0
513.88	110.0
640.8	110.0
674.24	110.0
954.4	110.0
974.84	110.0
1066.24	110.0
1084.56	110.0
1242.48	110.0
316.56	111.0
325.88	111.0
347.84	111.0
368.84	111.0
312.72	111.0
336.24	111.0
339.84	111.0
356.72	111.0
388.88	111.0
403.36	111.0
411.36	111.0
419.32	111.0
467.4	111.0
611.92	111.0
880.68	111.0
889.48	111.0
974.76	111.0
981.24	111.0
988.68	111.0
1055.96	111.0
1107.76	111.0
1124.36	111.0
1230.48	111.0
1242.44	111.0
1255.04	111.0
1273.12	111.0
1299.52	111.0
350.0	112.0
361.32	112.0
382.0	112.0
389.6	112.0
411.4	112.0
437.08	112.0
490.68	112.0
547.12	112.0
684.96	112.0
819.96	112.0
951.8	112.0
327.92	113.0
341.04	113.0
353.56	113.0
366.8	113.0
375.96	113.0
386.08	113.0
402.8	113.0
424.48	113.0
314.44	114.0
323.52	114.0
326.04	114.0
338.2	114.0
345.48	114.0
361.0	114.0
366.96	114.0
375.64	114.0
393.48	114.0
423.88	114.0
428.04	114.0
438.36	114.0
463.52	114.0
479.44	114.0
886.12	114.0
948.88	114.0
307.96	114.0
335.56	114.0
329.44	115.0
394.24	115.0
435.68	115.0
886.4	115.0
318.88	115.0
340.32	115.0
352.68	115.0
364.32	115.0
404.68	115.0
423.48	115.0
443.72	115.0
453.48	115.0
482.4	115.0
496.76	115.0
533.16	115.0
570.24	115.0
593.8	115.0
610.08	115.0
625.64	115.0
641.04	115.0
659.32	115.0
674.52	115.0
687.32	115.0
733.56	115.0
771.2	115.0
807.44	115.0
825.56	115.0
853.96	115.0
909.48	115.0
1021.64	115.0
1084.84	115.0
343.6	116.0
368.32	116.0
307.68	116.0
315.32	116.0
318.04	116.0
325.72	116.0
328.24	116.0
332.12	116.0
334.96	116.0
350.72	116.0
356.16	116.0
360.8	116.0
374.48	116.0
380.92	116.0
392.6	116.0
412.52	116.0
424.12	116.0
432.68	116.0
519.44	116.0
575.0	116.0
638.44	116.0
830.76	116.0
870.96	116.0
880.68	116.0
937.56	116.0
940.6	116.0
950.12	116.0
953.92	116.0
1096.64	116.0
1103.92	116.0
1148.56	116.0
1164.32	116.0
1208.52	116.0
1256.84	116.0
1268.28	116.0
1277.24	116.0
1285.36	116.0
1316.76	116.0
327.8	117.0
338.0	117.0
365.92	117.0
374.48	117.0
390.96	117.0
433.72	117.0
316.56	117.0
353.6	117.0
403.48	117.0
312.6	118.0
306.68	118.0
317.24	118.0
327.8	118.0
330.84	118.0
339.44	118.0
347.68	118.0
370.28	118.0
610.84	118.0
837.84	118.0
972.72	118.0
1240.4	118.0
1297.84	118.0
369.0	119.0
371.68	119.0
311.24	119.0
332.28	119.0
1140.28	119.0
1271.36	119.0
306.92	120.0
318.88	120.0
369.56	120.0
374.76	120.0
389.12	120.0
395.84	120.0
451.52	120.0
463.92	120.0
497.44	120.0
536.0	120.0
589.76	120.0
610.32	120.0
655.24	120.0
685.52	120.0
715.12	120.0
837.28	120.0
946.72	120.0
978.44	120.0
1176.44	120.0
1217.12	120.0
1229.84	120.0
1242.8	120.0
1289.84	120.0
