302.52	84.0
43.4	85.0
63.28	85.0
164.88	85.0
309.96	85.0
329.6	85.0
446.04	85.0
465.84	85.0
43.44	86.0
284.84	86.0
307.56	86.0
315.36	86.0
325.92	86.0
347.88	86.0
365.92	86.0
384.6	86.0
436.64	86.0
475.64	86.0
519.4	86.0
30.36	86.0
57.88	86.0
295.68	86.0
320.16	86.0
329.56	86.0
310.2	87.0
150.4	87.0
159.92	87.0
201.84	87.0
307.64	87.0
313.44	87.0
319.52	87.0
384.36	87.0
343.12	88.0
416.04	88.0
33.12	88.0
93.44	88.0
107.8	88.0
155.16	88.0
213.12	88.0
255.2	88.0
258.36	88.0
291.48	88.0
359.28	88.0
487.08	88.0
526.56	88.0
549.92	88.0
612.68	88.0
652.6	88.0
309.12	89.0
315.36	89.0
377.84	89.0
302.76	90.0
99.48	90.0
142.04	90.0
315.04	90.0
327.12	90.0
398.68	90.0
473.72	90.0
76.68	91.0
2.6	92.0
123.32	92.0
191.4	92.0
302.84	92.0
310.96	92.0
319.52	92.0
348.08	92.0
369.36	92.0
602.04	92.0
60.2	93.0
401.4	93.0
170.72	93.0
260.6	93.0
33.64	94.0
370.52	94.0
442.16	94.0
462.44	94.0
170.76	94.0
346.56	94.0
309.28	95.0
345.76	95.0
34.6	96.0
302.8	96.0
151.56	97.0
259.08	97.0
321.48	97.0
519.52	97.0
307.0	97.0
329.32	97.0
456.4	97.0
329.6	98.0
59.48	99.0
121.96	99.0
232.16	99.0
312.76	99.0
422.12	99.0
489.88	99.0
50.8	100.0
332.04	100.0
302.6	101.0
302.72	102.0
327.24	103.0
13.28	104.0
33.48	104.0
53.4	104.0
79.44	104.0
111.12	104.0
126.8	104.0
140.8	104.0
226.8	104.0
307.28	104.0
313.84	104.0
324.88	104.0
342.72	104.0
400.4	104.0
418.52	104.0
433.0	104.0
471.6	104.0
13.6	107.0
3.4	107.0
8.6	107.0
106.32	107.0
128.72	107.0
250.92	107.0
306.52	107.0
339.52	107.0
373.8	107.0
397.96	107.0
418.44	107.0
474.4	107.0
518.92	107.0
603.72	107.0
351.08	108.0
164.44	109.0
343.4	109.0
54.08	109.0
418.0	109.0
11.92	110.0
38.32	110.0
57.96	110.0
95.76	110.0
213.92	110.0
307.96	110.0
402.16	110.0
416.8	110.0
458.88	110.0
591.28	110.0
308.88	111.0
57.92	111.0
77.72	111.0
101.08	111.0
108.44	111.0
141.52	111.0
234.28	111.0
246.84	111.0
312.88	111.0
316.4	111.0
338.8	111.0
353.64	111.0
365.96	111.0
368.48	111.0
396.92	111.0
402.0	111.0
417.24	111.0
459.68	111.0
469.88	111.0
473.16	111.0
547.6	111.0
591.92	111.0
27.24	112.0
51.12	112.0
96.04	112.0
169.76	112.0
195.24	112.0
207.0	112.0
239.4	112.0
329.8	112.0
420.32	112.0
482.76	112.0
486.4	112.0
523.8	112.0
369.84	113.0
312.28	114.0
273.76	114.0
329.52	114.0
38.6	115.0
214.12	115.0
329.56	115.0
356.56	115.0
392.96	115.0
450.56	115.0
533.92	115.0
98.96	116.0
317.84	116.0
9.08	116.0
34.64	116.0
47.0	116.0
63.12	116.0
80.56	116.0
104.52	116.0
182.48	116.0
200.84	116.0
236.76	116.0
284.6	116.0
308.72	116.0
313.52	116.0
322.48	116.0
340.4	116.0
362.6	116.0
367.12	116.0
398.36	116.0
432.24	116.0
460.24	116.0
462.8	116.0
478.88	116.0
520.88	116.0
621.24	116.0
142.32	117.0
195.68	117.0
274.88	117.0
308.96	117.0
327.64	117.0
417.6	117.0
460.0	117.0
307.04	118.0
327.04	118.0
310.16	119.0
12.52	120.0
50.56	120.0
206.44	120.0
314.08	120.0
343.48	120.0
419.8	120.0
462.76	120.0
482.24	120.0
523.28	120.0
