439.8	84.0
287.08	84.0
302.48	84.0
306.28	84.0
322.96	84.0
839.12	84.0
741.2	85.0
82.64	85.0
105.96	85.0
122.68	85.0
140.92	85.0
350.72	85.0
446.84	85.0
524.92	85.0
624.56	85.0
726.12	85.0
1041.8	85.0
1377.6	85.0
12.6	86.0
48.2	86.0
108.64	86.0
250.52	86.0
275.68	86.0
314.32	86.0
324.56	86.0
334.32	86.0
370.36	86.0
380.32	86.0
407.56	86.0
438.2	86.0
478.0	86.0
530.0	86.0
541.52	86.0
564.76	86.0
592.56	86.0
685.04	86.0
717.6	86.0
746.12	86.0
777.12	86.0
792.92	86.0
885.44	86.0
927.28	86.0
955.36	86.0
1019.16	86.0
1060.8	86.0
1139.88	86.0
1163.76	86.0
1191.04	86.0
1201.92	86.0
1244.8	86.0
1272.24	86.0
1280.96	86.0
1310.96	86.0
1323.44	86.0
1349.72	86.0
1369.76	86.0
1406.88	86.0
1411.92	86.0
1431.44	86.0
1456.48	86.0
1470.64	86.0
20.72	86.0
35.8	86.0
52.28	86.0
86.28	86.0
104.56	86.0
127.08	86.0
290.76	86.0
310.2	86.0
354.12	86.0
361.4	86.0
546.48	86.0
701.0	86.0
734.44	86.0
763.52	86.0
781.04	86.0
831.6	86.0
845.28	86.0
993.44	86.0
1251.12	86.0
795.44	87.0
1060.96	87.0
1140.36	87.0
25.16	87.0
57.0	87.0
164.4	87.0
246.12	87.0
306.76	87.0
318.6	87.0
324.2	87.0
332.0	87.0
346.52	87.0
413.76	87.0
455.92	87.0
514.8	87.0
613.16	87.0
617.4	87.0
700.68	87.0
733.8	87.0
807.4	87.0
835.84	87.0
923.44	87.0
987.48	87.0
1115.48	87.0
1136.88	87.0
1202.16	87.0
1221.04	87.0
1248.6	87.0
1261.16	87.0
1294.48	87.0
1308.12	87.0
1340.6	87.0
1394.36	87.0
827.92	88.0
1293.28	88.0
302.72	88.0
313.76	88.0
321.28	88.0
323.8	88.0
485.88	88.0
523.24	88.0
600.64	88.0
981.48	88.0
1250.04	88.0
333.28	89.0
621.04	89.0
1321.52	89.0
233.4	89.0
283.88	89.0
345.64	89.0
561.0	89.0
721.32	89.0
749.84	89.0
795.56	89.0
1317.76	89.0
1479.08	89.0
5.96	90.0
28.36	90.0
50.8	90.0
413.24	90.0
545.52	90.0
560.72	90.0
721.0	90.0
769.52	90.0
788.8	90.0
795.12	90.0
856.08	90.0
931.68	90.0
1149.48	90.0
1256.16	90.0
1370.96	90.0
1415.52	90.0
1478.76	90.0
291.04	91.0
795.84	91.0
306.0	92.0
325.4	92.0
947.76	92.0
1341.0	92.0
5.04	92.0
57.52	92.0
241.44	92.0
280.2	92.0
302.88	92.0
320.2	92.0
339.08	92.0
349.28	92.0
355.48	92.0
579.6	92.0
722.76	92.0
737.4	92.0
769.88	92.0
777.36	92.0
796.84	92.0
826.6	92.0
951.52	92.0
1028.84	92.0
1104.84	92.0
1204.04	92.0
1314.6	92.0
1368.8	92.0
1428.72	92.0
100.92	93.0
417.16	93.0
949.8	93.0
1070.76	93.0
23.72	93.0
1198.52	94.0
4.0	94.0
274.44	94.0
291.68	94.0
317.0	94.0
347.96	94.0
379.92	94.0
445.52	94.0
702.64	94.0
737.64	94.0
776.44	94.0
864.4	94.0
1040.6	94.0
1109.28	94.0
1248.08	94.0
1328.84	94.0
1371.04	94.0
1450.92	94.0
1457.6	94.0
297.48	95.0
308.08	95.0
318.72	95.0
689.84	95.0
938.2	95.0
1187.84	95.0
1374.92	95.0
302.76	96.0
302.56	97.0
307.12	97.0
324.8	97.0
388.6	97.0
764.8	97.0
1128.84	97.0
1439.32	97.0
307.2	98.0
1058.2	98.0
287.12	99.0
311.52	99.0
320.24	99.0
334.28	99.0
353.24	99.0
717.36	99.0
778.48	99.0
795.76	99.0
834.08	99.0
855.12	99.0
1238.0	99.0
1388.36	99.0
23.28	100.0
147.52	100.0
269.84	100.0
465.72	100.0
702.8	100.0
964.24	100.0
1149.24	100.0
1178.88	100.0
1277.76	100.0
1308.88	100.0
302.52	101.0
302.72	102.0
324.68	102.0
302.6	103.0
1438.6	103.0
9.88	104.0
118.72	104.0
310.08	104.0
316.92	104.0
323.72	104.0
334.36	104.0
349.4	104.0
438.12	104.0
541.72	104.0
748.44	104.0
775.36	104.0
800.52	104.0
830.44	104.0
931.36	104.0
992.24	104.0
1251.52	104.0
1443.84	104.0
306.24	106.0
970.2	106.0
1159.52	106.0
308.04	107.0
45.72	107.0
81.04	107.0
88.52	107.0
178.6	107.0
206.0	107.0
286.08	107.0
324.64	107.0
327.16	107.0
349.44	107.0
547.48	107.0
653.48	107.0
789.84	107.0
833.32	107.0
867.84	107.0
934.6	107.0
982.32	107.0
1056.72	107.0
1142.96	107.0
1353.6	107.0
1437.28	107.0
776.4	108.0
26.64	108.0
32.4	108.0
52.92	108.0
90.6	108.0
280.0	108.0
287.2	108.0
317.16	108.0
700.44	108.0
730.4	108.0
831.76	108.0
907.4	108.0
990.68	108.0
1108.52	108.0
1148.2	108.0
1187.84	108.0
90.0	109.0
382.12	109.0
829.72	109.0
855.76	109.0
1094.48	109.0
1326.04	109.0
308.68	109.0
1440.28	109.0
383.0	110.0
547.24	110.0
1149.44	110.0
92.72	110.0
413.16	110.0
990.92	110.0
120.72	111.0
383.44	111.0
752.6	111.0
989.68	111.0
51.8	111.0
93.04	111.0
288.4	111.0
309.12	111.0
315.44	111.0
321.76	111.0
345.16	111.0
357.76	111.0
443.56	111.0
546.28	111.0
554.36	111.0
590.88	111.0
619.08	111.0
722.56	111.0
729.8	111.0
735.24	111.0
773.72	111.0
806.08	111.0
815.16	111.0
830.88	111.0
862.64	111.0
1038.24	111.0
1112.52	111.0
1148.88	111.0
1192.12	111.0
1227.04	111.0
1249.84	111.0
24.12	112.0
655.44	112.0
798.16	112.0
803.88	112.0
843.32	112.0
989.12	112.0
1328.8	112.0
348.88	113.0
756.44	115.0
829.64	115.0
1402.12	115.0
112.76	115.0
293.4	115.0
306.76	115.0
314.36	115.0
594.36	115.0
707.16	115.0
824.48	115.0
1330.96	115.0
49.52	116.0
307.64	116.0
847.04	116.0
1226.88	116.0
1372.96	116.0
1401.96	116.0
1412.04	116.0
36.36	116.0
90.88	116.0
93.56	116.0
178.12	116.0
203.84	116.0
247.04	116.0
266.6	116.0
272.48	116.0
284.0	116.0
288.2	116.0
314.52	116.0
319.76	116.0
324.36	116.0
329.64	116.0
345.32	116.0
377.04	116.0
469.96	116.0
540.0	116.0
547.36	116.0
551.52	116.0
564.12	116.0
605.28	116.0
608.56	116.0
615.16	116.0
625.08	116.0
663.4	116.0
705.64	116.0
732.72	116.0
754.92	116.0
772.84	116.0
794.96	116.0
807.6	116.0
829.72	116.0
869.48	116.0
905.24	116.0
931.32	116.0
933.84	116.0
966.76	116.0
988.44	116.0
994.8	116.0
1028.84	116.0
1065.72	116.0
1068.48	116.0
1108.52	116.0
1142.88	116.0
1148.16	116.0
1181.24	116.0
1190.64	116.0
1206.44	116.0
1215.76	116.0
1239.32	116.0
1255.44	116.0
1281.44	116.0
1326.04	116.0
1330.28	116.0
1367.52	116.0
1380.6	116.0
1484.2	116.0
120.72	117.0
287.92	117.0
309.72	117.0
735.4	117.0
989.72	117.0
310.2	118.0
317.16	118.0
328.52	118.0
735.68	118.0
750.36	118.0
813.08	118.0
310.12	119.0
138.2	119.0
201.96	119.0
1182.08	119.0
23.48	120.0
70.6	120.0
82.96	120.0
139.2	120.0
183.48	120.0
264.12	120.0
351.52	120.0
553.08	120.0
620.56	120.0
690.04	120.0
766.32	120.0
800.84	120.0
828.16	120.0
944.52	120.0
992.28	120.0
1142.28	120.0
1146.6	120.0
1293.32	120.0
1378.12	120.0
