21.88	84.0
309.88	84.0
36.56	84.0
73.68	84.0
302.56	84.0
331.12	84.0
617.88	84.0
636.8	84.0
4.44	85.0
63.08	85.0
283.2	85.0
397.88	85.0
414.08	85.0
550.0	85.0
558.36	85.0
622.16	85.0
850.8	85.0
905.36	85.0
947.2	85.0
966.76	85.0
1061.96	85.0
7.0	86.0
16.36	86.0
22.64	86.0
39.36	86.0
67.64	86.0
79.72	86.0
139.92	86.0
337.88	86.0
345.64	86.0
379.88	86.0
536.0	86.0
615.88	86.0
618.8	86.0
631.64	86.0
646.88	86.0
684.76	86.0
697.24	86.0
787.44	86.0
900.52	86.0
1019.8	86.0
1076.32	86.0
1079.48	86.0
1102.24	86.0
1133.0	86.0
1148.44	86.0
4.0	86.0
31.0	86.0
48.72	86.0
87.88	86.0
309.72	86.0
317.2	86.0
326.48	86.0
340.4	86.0
642.04	86.0
659.12	86.0
666.24	86.0
689.88	86.0
922.12	86.0
1010.48	86.0
1029.6	86.0
1037.0	86.0
1051.56	86.0
1060.44	86.0
1090.44	86.0
1108.84	86.0
549.28	87.0
943.2	87.0
6.64	87.0
32.84	87.0
58.4	87.0
312.0	87.0
481.92	87.0
560.2	87.0
601.64	87.0
757.2	87.0
956.16	87.0
983.92	87.0
1014.72	87.0
1038.88	87.0
1057.2	87.0
1112.68	87.0
5.16	88.0
80.92	88.0
999.24	88.0
1053.56	88.0
15.24	88.0
28.0	88.0
33.32	88.0
47.56	88.0
59.64	88.0
306.52	88.0
311.84	88.0
320.4	88.0
649.96	88.0
662.16	88.0
710.72	88.0
815.76	88.0
851.48	88.0
1021.0	88.0
1102.8	88.0
1132.0	88.0
1235.56	88.0
934.96	89.0
18.12	89.0
42.52	89.0
68.6	89.0
81.76	89.0
87.08	89.0
306.52	89.0
335.96	89.0
706.08	89.0
747.16	89.0
991.52	89.0
1007.2	89.0
1019.6	89.0
1029.44	89.0
1169.16	89.0
77.12	90.0
86.76	90.0
314.8	90.0
335.64	90.0
360.76	90.0
467.36	90.0
608.36	90.0
623.8	90.0
666.44	90.0
705.72	90.0
746.84	90.0
770.44	90.0
946.12	90.0
955.8	90.0
973.28	90.0
1019.28	90.0
1029.08	90.0
302.44	91.0
306.24	91.0
952.52	91.0
8.64	92.0
21.72	92.0
306.72	92.0
327.8	92.0
617.56	92.0
11.96	92.0
18.44	92.0
44.16	92.0
66.76	92.0
302.96	92.0
316.16	92.0
319.64	92.0
513.72	92.0
535.4	92.0
570.44	92.0
601.68	92.0
620.76	92.0
632.12	92.0
659.56	92.0
690.32	92.0
732.44	92.0
923.88	92.0
959.76	92.0
1001.24	92.0
1017.8	92.0
1024.24	92.0
1051.8	92.0
1057.12	92.0
1073.76	92.0
302.92	93.0
569.88	93.0
798.2	93.0
885.96	93.0
1096.88	93.0
306.04	93.0
30.92	94.0
615.16	94.0
1014.52	94.0
1053.56	94.0
1072.32	94.0
25.0	94.0
54.72	94.0
313.0	94.0
331.56	94.0
372.4	94.0
412.2	94.0
577.4	94.0
620.52	94.0
636.2	94.0
703.88	94.0
952.28	94.0
1024.36	94.0
1060.76	94.0
37.12	95.0
688.76	95.0
873.92	95.0
956.96	95.0
302.84	96.0
29.76	97.0
302.8	97.0
1040.04	97.0
307.28	97.0
687.04	97.0
117.16	98.0
701.4	98.0
744.12	98.0
787.0	98.0
838.32	98.0
968.56	98.0
72.04	99.0
24.92	99.0
65.24	99.0
312.64	99.0
324.88	99.0
335.92	99.0
339.0	99.0
549.72	99.0
591.96	99.0
616.84	99.0
664.6	99.0
707.84	99.0
735.76	99.0
950.44	99.0
1010.12	99.0
1035.68	99.0
1076.64	99.0
25.08	100.0
454.24	100.0
609.24	100.0
712.72	100.0
735.8	100.0
924.88	100.0
974.16	100.0
1056.12	100.0
1156.84	100.0
1196.32	100.0
309.04	101.0
21.84	101.0
302.64	101.0
706.4	101.0
302.76	102.0
306.48	102.0
8.68	102.0
945.88	102.0
588.56	103.0
1040.08	103.0
322.6	103.0
588.56	104.0
6.72	104.0
23.64	104.0
35.92	104.0
67.76	104.0
234.48	104.0
307.92	104.0
313.0	104.0
322.0	104.0
357.72	104.0
490.84	104.0
602.52	104.0
621.64	104.0
645.76	104.0
668.12	104.0
697.44	104.0
739.56	104.0
1034.44	104.0
1075.08	104.0
1139.12	104.0
1056.52	106.0
9.6	107.0
31.0	107.0
53.28	107.0
307.56	107.0
310.72	107.0
322.8	107.0
331.68	107.0
381.44	107.0
601.12	107.0
688.16	107.0
724.32	107.0
915.88	107.0
966.88	107.0
1039.16	107.0
1081.8	107.0
1101.0	107.0
6.04	108.0
25.72	108.0
53.32	108.0
83.48	108.0
308.4	108.0
321.8	108.0
469.76	108.0
520.36	108.0
665.36	108.0
699.48	108.0
752.88	108.0
928.32	108.0
955.92	108.0
985.64	108.0
1015.36	108.0
1076.84	108.0
1092.88	108.0
9.96	109.0
68.0	109.0
86.48	109.0
307.44	109.0
314.64	109.0
360.56	109.0
608.16	109.0
705.52	109.0
37.08	110.0
53.76	110.0
993.64	110.0
11.96	110.0
29.28	110.0
328.28	110.0
588.4	110.0
632.8	110.0
754.68	110.0
6.92	111.0
44.08	111.0
666.76	111.0
950.28	111.0
9.76	111.0
28.64	111.0
37.2	111.0
51.96	111.0
68.44	111.0
87.12	111.0
115.68	111.0
181.0	111.0
307.56	111.0
311.0	111.0
328.04	111.0
344.44	111.0
360.28	111.0
374.08	111.0
394.12	111.0
409.56	111.0
561.52	111.0
582.32	111.0
617.48	111.0
622.24	111.0
633.48	111.0
648.68	111.0
663.88	111.0
670.52	111.0
700.44	111.0
706.24	111.0
732.72	111.0
825.24	111.0
918.48	111.0
926.72	111.0
957.24	111.0
993.8	111.0
1004.48	111.0
1022.2	111.0
1029.08	111.0
1034.12	111.0
1053.6	111.0
1064.44	111.0
1077.56	111.0
1137.92	111.0
588.76	112.0
22.24	112.0
322.72	112.0
573.08	112.0
658.08	112.0
1011.8	112.0
1021.96	112.0
1043.8	112.0
1067.36	112.0
1103.12	112.0
12.24	115.0
18.6	115.0
310.6	115.0
343.36	115.0
380.8	115.0
385.96	115.0
601.96	115.0
676.24	115.0
754.96	115.0
961.44	115.0
1019.8	115.0
1206.24	115.0
43.56	116.0
308.36	116.0
311.12	116.0
342.32	116.0
585.08	116.0
628.28	116.0
1034.24	116.0
1054.04	116.0
1064.88	116.0
1073.56	116.0
1097.48	116.0
4.8	116.0
9.96	116.0
18.32	116.0
26.12	116.0
52.92	116.0
65.12	116.0
314.2	116.0
317.16	116.0
322.12	116.0
329.48	116.0
333.8	116.0
409.32	116.0
457.88	116.0
461.64	116.0
469.88	116.0
534.0	116.0
559.52	116.0
565.6	116.0
592.44	116.0
611.76	116.0
614.6	116.0
617.2	116.0
622.8	116.0
658.32	116.0
661.8	116.0
677.04	116.0
705.88	116.0
769.44	116.0
897.52	116.0
908.48	116.0
927.28	116.0
930.32	116.0
949.36	116.0
1028.72	116.0
1038.2	116.0
1051.52	116.0
1139.64	116.0
1214.84	116.0
54.8	117.0
703.24	117.0
21.48	117.0
51.92	117.0
411.56	117.0
563.6	117.0
1054.36	117.0
1064.8	117.0
1020.52	118.0
10.96	118.0
24.64	118.0
42.72	118.0
61.36	118.0
82.92	118.0
306.88	118.0
313.04	118.0
326.92	118.0
617.92	118.0
643.0	118.0
694.16	118.0
972.76	118.0
1041.52	118.0
1054.92	118.0
29.6	119.0
214.0	119.0
307.76	119.0
311.32	119.0
383.52	119.0
690.68	119.0
1077.36	119.0
1181.16	119.0
26.32	120.0
51.4	120.0
6.2	120.0
17.68	120.0
79.04	120.0
322.12	120.0
347.08	120.0
408.52	120.0
464.36	120.0
574.6	120.0
665.92	120.0
743.08	120.0
858.04	120.0
903.72	120.0
921.8	120.0
992.24	120.0
1043.2	120.0
1078.0	120.0
1110.92	120.0
