16.0	84.0
106.4	84.0
324.12	84.0
375.04	84.0
398.8	84.0
302.52	84.0
306.2	84.0
19.48	85.0
37.56	85.0
345.44	85.0
351.0	85.0
5.08	86.0
16.24	86.0
31.68	86.0
47.16	86.0
78.04	86.0
105.8	86.0
120.56	86.0
131.12	86.0
165.72	86.0
168.64	86.0
277.0	86.0
307.04	86.0
317.52	86.0
332.84	86.0
363.92	86.0
399.76	86.0
415.16	86.0
492.68	86.0
8.28	86.0
35.24	86.0
55.24	86.0
310.84	86.0
322.16	86.0
339.32	86.0
343.64	86.0
349.8	86.0
386.2	86.0
310.72	87.0
3.24	87.0
15.36	87.0
36.96	87.0
85.08	87.0
114.96	87.0
125.76	87.0
157.68	87.0
260.56	87.0
307.36	87.0
313.52	87.0
317.84	87.0
330.72	87.0
338.8	87.0
366.28	87.0
398.88	87.0
25.88	88.0
72.92	88.0
10.92	88.0
29.24	88.0
272.56	88.0
289.96	88.0
302.76	88.0
310.64	88.0
320.24	88.0
369.52	88.0
467.28	88.0
612.76	88.0
306.64	89.0
168.84	89.0
313.36	89.0
324.92	89.0
335.28	89.0
428.4	89.0
4.52	90.0
20.4	90.0
25.6	90.0
120.56	90.0
334.96	90.0
364.88	90.0
369.92	90.0
447.92	90.0
75.48	91.0
316.24	91.0
55.4	92.0
316.68	92.0
320.4	92.0
4.2	92.0
15.72	92.0
23.64	92.0
29.56	92.0
42.96	92.0
157.96	92.0
261.48	92.0
293.2	92.0
302.8	92.0
311.84	92.0
376.72	92.0
399.2	92.0
306.32	93.0
323.96	93.0
406.68	94.0
462.0	94.0
41.44	94.0
354.0	94.0
420.36	94.0
302.72	95.0
6.0	95.0
177.76	95.0
292.72	95.0
324.72	96.0
6.04	96.0
17.76	96.0
50.56	96.0
302.8	96.0
340.64	96.0
405.28	96.0
466.12	96.0
36.44	97.0
302.48	97.0
306.24	97.0
313.2	97.0
80.32	97.0
419.16	97.0
22.8	98.0
477.88	98.0
22.28	99.0
312.92	99.0
322.08	99.0
335.6	99.0
378.8	99.0
165.36	100.0
326.68	100.0
302.56	101.0
302.76	102.0
6.64	104.0
29.32	104.0
59.48	104.0
117.56	104.0
313.76	104.0
321.32	104.0
332.24	104.0
357.04	104.0
383.68	104.0
1013.12	104.0
237.4	106.0
409.72	106.0
1424.6	106.0
17.48	107.0
21.04	107.0
37.28	107.0
167.56	107.0
307.8	107.0
310.4	107.0
319.2	107.0
327.68	107.0
364.64	107.0
380.6	107.0
427.16	107.0
21.68	108.0
37.04	108.0
51.36	108.0
151.16	108.0
330.68	108.0
382.92	108.0
419.4	108.0
460.12	108.0
10.44	109.0
38.52	109.0
427.8	109.0
31.64	110.0
410.6	110.0
3.08	110.0
65.4	110.0
76.6	110.0
165.92	110.0
315.48	110.0
341.96	110.0
365.4	110.0
413.24	110.0
119.28	111.0
122.96	111.0
306.16	111.0
309.64	111.0
334.56	111.0
3.76	111.0
66.84	111.0
89.68	111.0
141.28	111.0
168.52	111.0
271.6	111.0
288.48	111.0
322.12	111.0
341.76	111.0
350.56	111.0
367.4	111.0
373.88	111.0
383.8	111.0
392.68	111.0
396.96	111.0
410.76	111.0
421.36	111.0
437.72	111.0
469.6	111.0
340.16	112.0
4.04	112.0
29.68	112.0
66.44	112.0
168.16	112.0
182.2	112.0
322.32	112.0
347.64	112.0
380.52	112.0
306.96	114.0
308.0	115.0
315.52	115.0
11.36	115.0
58.88	115.0
166.16	115.0
342.24	115.0
38.96	116.0
287.76	116.0
320.32	116.0
3.04	116.0
10.28	116.0
32.6	116.0
59.88	116.0
66.52	116.0
81.0	116.0
100.24	116.0
118.84	116.0
165.44	116.0
307.4	116.0
311.36	116.0
316.4	116.0
322.84	116.0
325.96	116.0
349.04	116.0
364.36	116.0
366.88	116.0
374.56	116.0
387.28	116.0
423.12	116.0
427.96	116.0
32.04	117.0
34.68	117.0
65.6	117.0
122.96	117.0
310.24	117.0
322.4	117.0
392.96	117.0
411.04	117.0
421.56	117.0
405.24	118.0
32.48	118.0
306.88	118.0
322.28	118.0
325.32	118.0
340.32	118.0
358.2	118.0
6.36	119.0
15.48	119.0
162.12	119.0
311.96	119.0
348.28	119.0
528.52	119.0
31.48	120.0
75.6	120.0
80.36	120.0
173.0	120.0
272.28	120.0
313.48	120.0
381.6	120.0
423.24	120.0
439.64	120.0
