375.4	84.0
393.2	84.0
326.6	84.0
334.84	84.0
309.56	85.0
40.84	85.0
141.72	85.0
374.84	85.0
384.72	85.0
406.24	85.0
432.76	85.0
457.6	85.0
632.68	85.0
711.24	85.0
4.28	86.0
37.8	86.0
60.08	86.0
77.52	86.0
106.24	86.0
147.24	86.0
168.28	86.0
210.96	86.0
273.16	86.0
308.32	86.0
314.68	86.0
323.68	86.0
338.84	86.0
343.6	86.0
352.12	86.0
383.76	86.0
389.32	86.0
396.32	86.0
424.24	86.0
444.68	86.0
453.48	86.0
491.56	86.0
505.96	86.0
522.36	86.0
536.36	86.0
568.6	86.0
575.6	86.0
610.48	86.0
623.68	86.0
657.64	86.0
672.04	86.0
707.84	86.0
754.96	86.0
811.56	86.0
852.96	86.0
1323.68	86.0
41.08	86.0
318.84	86.0
326.24	86.0
332.0	86.0
347.64	86.0
355.52	86.0
375.72	86.0
405.96	86.0
105.36	87.0
307.92	87.0
648.2	87.0
733.8	87.0
817.92	87.0
56.2	87.0
80.44	87.0
140.44	87.0
254.32	87.0
312.84	87.0
316.44	87.0
326.52	87.0
330.64	87.0
338.2	87.0
353.6	87.0
358.72	87.0
369.4	87.0
373.88	87.0
381.4	87.0
388.16	87.0
398.4	87.0
411.92	87.0
423.8	87.0
670.28	87.0
307.4	88.0
322.76	88.0
343.28	88.0
365.96	88.0
408.0	88.0
450.8	88.0
475.16	88.0
495.96	88.0
529.12	88.0
573.4	88.0
649.84	88.0
1320.32	88.0
12.88	88.0
94.12	88.0
264.88	88.0
293.0	88.0
302.72	88.0
311.72	88.0
315.92	88.0
340.2	88.0
380.36	88.0
549.72	88.0
553.96	88.0
595.84	88.0
619.12	88.0
665.92	88.0
678.16	88.0
1123.92	89.0
229.04	89.0
308.0	89.0
316.4	89.0
323.32	89.0
334.0	89.0
344.56	89.0
401.2	89.0
413.68	89.0
574.44	89.0
316.64	90.0
168.2	90.0
312.6	90.0
328.76	90.0
333.72	90.0
342.16	90.0
351.64	90.0
366.08	90.0
375.48	90.0
396.72	90.0
413.44	90.0
424.2	90.0
443.28	90.0
522.2	90.0
574.12	90.0
323.96	91.0
307.44	91.0
345.84	91.0
570.52	91.0
5.24	92.0
108.76	92.0
315.84	92.0
327.52	92.0
344.04	92.0
373.32	92.0
382.0	92.0
397.4	92.0
403.4	92.0
407.0	92.0
413.16	92.0
420.72	92.0
435.04	92.0
440.32	92.0
454.2	92.0
477.84	92.0
488.2	92.0
499.52	92.0
503.32	92.0
518.0	92.0
540.0	92.0
559.52	92.0
570.04	92.0
590.4	92.0
596.92	92.0
613.0	92.0
640.32	92.0
674.52	92.0
817.32	92.0
886.08	92.0
946.12	92.0
32.2	92.0
47.88	92.0
112.36	92.0
143.92	92.0
172.56	92.0
192.56	92.0
216.4	92.0
234.72	92.0
302.8	92.0
322.64	92.0
334.56	92.0
357.88	92.0
363.96	92.0
368.64	92.0
376.8	92.0
390.64	92.0
400.16	92.0
530.96	92.0
542.84	92.0
619.28	92.0
634.44	92.0
743.8	92.0
950.4	92.0
175.8	94.0
335.08	94.0
309.32	94.0
315.72	94.0
326.56	94.0
347.52	94.0
373.16	94.0
390.2	94.0
408.16	94.0
414.4	94.0
434.08	94.0
459.0	94.0
479.16	94.0
504.72	94.0
526.96	94.0
567.88	94.0
6.92	95.0
40.4	95.0
92.4	95.0
174.96	95.0
246.24	95.0
276.84	95.0
326.64	95.0
360.8	95.0
671.36	95.0
729.56	95.0
102.88	96.0
296.44	96.0
311.92	96.0
330.84	96.0
393.36	96.0
503.68	96.0
571.52	96.0
620.2	96.0
894.0	96.0
302.44	97.0
342.52	97.0
306.68	97.0
326.48	97.0
363.92	97.0
169.72	98.0
306.84	98.0
310.12	98.0
398.04	98.0
310.88	99.0
316.04	99.0
320.96	99.0
325.24	99.0
328.36	99.0
333.48	99.0
338.44	99.0
344.12	99.0
349.44	99.0
363.08	99.0
366.04	99.0
386.68	99.0
570.12	99.0
98.84	100.0
222.68	100.0
316.4	100.0
350.96	100.0
376.8	100.0
731.88	100.0
302.56	101.0
326.76	101.0
335.16	101.0
342.04	101.0
345.2	101.0
348.64	101.0
375.6	101.0
302.72	102.0
423.12	102.0
327.6	102.0
307.84	103.0
320.72	103.0
371.24	103.0
390.2	103.0
399.96	103.0
324.88	103.0
390.2	104.0
403.6	104.0
432.12	104.0
13.96	104.0
310.8	104.0
316.64	104.0
321.4	104.0
326.52	104.0
331.04	104.0
336.2	104.0
341.4	104.0
346.52	104.0
353.4	104.0
360.44	104.0
369.88	104.0
384.36	104.0
399.44	104.0
420.8	104.0
454.32	104.0
482.44	104.0
526.68	104.0
573.96	104.0
576.48	104.0
617.24	104.0
331.84	106.0
406.36	106.0
446.88	106.0
525.12	106.0
306.44	107.0
328.32	107.0
363.4	107.0
674.2	107.0
322.08	107.0
325.16	107.0
339.96	107.0
345.04	107.0
360.44	107.0
376.72	107.0
388.72	107.0
392.56	107.0
420.16	107.0
452.24	107.0
455.84	107.0
482.48	107.0
553.6	107.0
574.36	107.0
706.12	107.0
766.96	107.0
312.8	108.0
324.04	108.0
344.88	108.0
351.16	108.0
377.08	108.0
392.96	108.0
409.2	108.0
481.12	108.0
167.92	109.0
307.4	109.0
312.36	109.0
324.44	109.0
573.84	109.0
405.96	109.0
307.12	110.0
319.52	110.0
337.0	110.0
382.16	110.0
430.32	110.0
462.76	110.0
12.08	110.0
48.48	110.0
72.2	110.0
312.24	110.0
315.56	110.0
346.44	110.0
349.56	110.0
354.04	110.0
435.0	110.0
493.28	110.0
501.72	110.0
541.52	110.0
657.16	110.0
724.8	110.0
782.68	110.0
883.88	110.0
132.28	111.0
326.8	111.0
345.6	111.0
618.16	111.0
661.68	111.0
38.12	111.0
46.12	111.0
84.52	111.0
168.32	111.0
238.44	111.0
307.88	111.0
320.72	111.0
323.8	111.0
329.88	111.0
340.88	111.0
350.0	111.0
353.96	111.0
359.96	111.0
365.6	111.0
368.36	111.0
399.88	111.0
409.6	111.0
423.16	111.0
430.44	111.0
437.48	111.0
459.36	111.0
501.68	111.0
520.52	111.0
570.0	111.0
599.6	111.0
646.16	111.0
1322.84	111.0
320.92	112.0
46.96	112.0
190.12	112.0
308.52	112.0
313.92	112.0
371.16	112.0
1322.68	112.0
321.44	113.0
334.6	113.0
345.88	113.0
360.64	113.0
376.0	113.0
389.4	113.0
419.0	113.0
321.0	114.0
328.72	114.0
339.8	114.0
354.72	114.0
361.44	114.0
370.88	114.0
389.6	114.0
417.72	114.0
431.08	114.0
269.0	115.0
618.24	115.0
12.28	115.0
48.76	115.0
72.48	115.0
124.8	115.0
151.8	115.0
183.04	115.0
251.88	115.0
311.16	115.0
321.96	115.0
326.28	115.0
343.12	115.0
346.6	115.0
352.32	115.0
435.24	115.0
468.0	115.0
479.44	115.0
513.0	115.0
541.76	115.0
573.84	115.0
603.12	115.0
657.44	115.0
725.08	115.0
884.16	115.0
326.84	116.0
347.0	116.0
391.36	116.0
9.24	116.0
92.4	116.0
105.36	116.0
136.76	116.0
308.2	116.0
315.4	116.0
320.56	116.0
324.24	116.0
330.8	116.0
333.32	116.0
336.48	116.0
339.92	116.0
343.52	116.0
353.92	116.0
362.04	116.0
365.72	116.0
370.72	116.0
374.44	116.0
383.28	116.0
388.8	116.0
395.92	116.0
405.72	116.0
456.44	116.0
483.8	116.0
618.64	116.0
644.0	116.0
663.84	116.0
734.72	116.0
323.72	117.0
346.88	117.0
373.84	117.0
132.6	117.0
309.48	117.0
315.76	117.0
337.4	117.0
359.68	117.0
403.36	117.0
419.92	117.0
573.32	117.0
661.68	117.0
349.08	118.0
382.8	118.0
306.84	118.0
310.6	118.0
319.6	118.0
325.92	118.0
332.08	118.0
337.24	118.0
342.64	118.0
357.28	118.0
361.04	118.0
372.16	118.0
391.32	118.0
402.08	118.0
424.32	118.0
428.04	118.0
467.8	118.0
500.84	118.0
530.04	118.0
561.84	118.0
571.48	118.0
587.92	118.0
610.24	118.0
642.6	118.0
665.8	118.0
727.32	118.0
750.4	118.0
780.84	118.0
814.04	118.0
890.96	118.0
1008.88	118.0
1320.44	118.0
43.52	119.0
129.24	119.0
310.24	119.0
326.48	119.0
340.0	119.0
392.64	119.0
452.04	119.0
570.12	119.0
615.28	119.0
782.0	119.0
81.04	120.0
251.8	120.0
276.2	120.0
306.76	120.0
309.84	120.0
361.04	120.0
363.76	120.0
430.84	120.0
575.12	120.0
711.88	120.0
785.88	120.0
817.56	120.0
894.0	120.0
