340.48	84.0
302.56	84.0
310.8	84.0
323.16	84.0
393.28	84.0
313.32	85.0
324.12	85.0
341.4	85.0
364.2	85.0
427.28	85.0
451.24	85.0
482.04	85.0
505.76	85.0
579.64	85.0
613.8	85.0
938.32	85.0
336.8	86.0
343.12	86.0
353.72	86.0
372.56	86.0
388.72	86.0
394.4	86.0
406.16	86.0
412.76	86.0
457.12	86.0
489.48	86.0
513.92	86.0
553.96	86.0
630.6	86.0
663.8	86.0
759.24	86.0
849.92	86.0
965.68	86.0
995.32	86.0
1042.64	86.0
1059.8	86.0
1090.2	86.0
1096.16	86.0
1111.6	86.0
1127.68	86.0
1160.32	86.0
1179.2	86.0
1215.8	86.0
1234.44	86.0
311.08	86.0
319.12	86.0
323.24	86.0
326.28	86.0
332.8	86.0
339.56	86.0
348.24	86.0
356.36	86.0
364.52	86.0
380.64	86.0
409.76	86.0
438.16	86.0
448.4	86.0
503.44	86.0
523.0	86.0
596.6	86.0
350.44	87.0
750.84	87.0
988.72	87.0
312.76	87.0
322.96	87.0
326.44	87.0
329.92	87.0
333.64	87.0
337.52	87.0
343.76	87.0
354.48	87.0
358.8	87.0
366.32	87.0
372.84	87.0
382.0	87.0
409.84	87.0
855.8	87.0
909.16	87.0
962.64	87.0
998.0	87.0
1036.0	87.0
1072.6	87.0
1114.04	87.0
324.72	88.0
391.68	88.0
442.6	88.0
920.88	88.0
1094.4	88.0
1214.8	88.0
302.8	88.0
332.6	88.0
372.88	88.0
385.16	88.0
553.92	88.0
666.0	88.0
767.64	88.0
846.04	88.0
879.36	88.0
1069.92	88.0
1077.6	88.0
315.92	89.0
324.0	89.0
330.24	89.0
354.2	89.0
526.44	89.0
1125.44	89.0
311.04	90.0
317.08	90.0
323.72	90.0
337.48	90.0
353.88	90.0
359.44	90.0
410.56	90.0
506.12	90.0
538.96	90.0
578.28	90.0
983.48	90.0
330.08	91.0
335.56	91.0
371.84	91.0
368.08	91.0
491.2	91.0
316.2	92.0
323.28	92.0
329.64	92.0
341.28	92.0
357.24	92.0
368.44	92.0
392.16	92.0
398.0	92.0
406.04	92.0
412.8	92.0
437.24	92.0
452.96	92.0
473.32	92.0
493.08	92.0
517.32	92.0
566.36	92.0
580.56	92.0
848.04	92.0
925.32	92.0
962.04	92.0
1019.68	92.0
1033.72	92.0
1045.16	92.0
1097.6	92.0
1121.28	92.0
1185.96	92.0
1263.2	92.0
302.92	92.0
312.36	92.0
349.96	92.0
375.44	92.0
441.6	92.0
484.64	92.0
584.32	92.0
929.08	92.0
1004.88	92.0
1030.12	92.0
1063.52	92.0
1086.6	92.0
1143.44	92.0
1189.64	92.0
524.56	93.0
566.88	93.0
614.76	93.0
687.12	93.0
730.32	93.0
950.28	93.0
302.64	93.0
1107.84	93.0
311.28	94.0
460.76	94.0
315.2	94.0
335.24	94.0
378.48	94.0
403.52	94.0
444.72	94.0
471.96	94.0
507.48	94.0
533.88	94.0
313.72	95.0
325.28	95.0
339.44	95.0
368.56	95.0
471.36	95.0
630.52	95.0
733.12	95.0
786.84	95.0
881.92	95.0
965.04	95.0
1102.88	95.0
342.28	96.0
406.8	96.0
434.84	96.0
486.68	96.0
513.52	96.0
555.0	96.0
1062.04	96.0
1089.28	96.0
1129.16	96.0
302.48	97.0
312.32	97.0
409.6	97.0
309.96	98.0
659.68	98.0
1130.0	98.0
310.76	99.0
315.32	99.0
319.16	99.0
324.8	99.0
331.28	99.0
334.96	99.0
339.88	99.0
348.32	99.0
361.24	99.0
399.56	99.0
1101.12	99.0
1287.04	99.0
332.56	100.0
361.2	100.0
381.12	100.0
1091.28	100.0
302.6	101.0
310.24	101.0
313.6	101.0
330.04	101.0
368.72	101.0
302.76	102.0
368.96	102.0
366.44	103.0
310.36	103.0
325.52	103.0
309.84	104.0
315.36	104.0
320.92	104.0
326.0	104.0
331.2	104.0
335.64	104.0
341.4	104.0
348.52	104.0
355.92	104.0
364.64	104.0
374.76	104.0
385.52	104.0
403.16	104.0
413.96	104.0
459.28	104.0
994.76	104.0
1090.24	104.0
205.92	106.0
232.12	106.0
389.64	106.0
560.72	106.0
313.76	107.0
320.12	107.0
323.8	107.0
336.04	107.0
340.08	107.0
348.04	107.0
356.84	107.0
364.88	107.0
390.96	107.0
394.12	107.0
426.68	107.0
458.16	107.0
469.76	107.0
809.64	107.0
855.8	107.0
1004.32	107.0
1022.12	107.0
1185.08	107.0
311.12	108.0
316.76	108.0
327.12	108.0
351.64	108.0
369.12	108.0
383.92	108.0
402.16	108.0
436.24	108.0
462.12	108.0
498.04	108.0
1040.92	108.0
329.0	109.0
334.16	109.0
353.68	109.0
367.48	109.0
505.88	109.0
983.2	109.0
316.0	109.0
324.48	109.0
1046.6	109.0
317.6	110.0
320.2	110.0
323.6	110.0
333.52	110.0
343.72	110.0
348.64	110.0
357.8	110.0
388.96	110.0
421.6	110.0
362.56	110.0
380.84	110.0
432.96	110.0
468.04	110.0
858.12	110.0
1112.32	110.0
1241.08	110.0
1302.8	110.0
311.36	111.0
1016.12	111.0
1040.88	111.0
316.4	111.0
323.72	111.0
329.96	111.0
338.72	111.0
343.84	111.0
357.96	111.0
370.56	111.0
374.24	111.0
380.76	111.0
409.36	111.0
421.72	111.0
440.64	111.0
467.96	111.0
476.0	111.0
497.28	111.0
522.72	111.0
584.0	111.0
655.84	111.0
850.6	111.0
966.68	111.0
1027.4	111.0
1047.64	111.0
1057.28	111.0
1100.88	111.0
1126.36	111.0
1154.24	111.0
1188.72	111.0
1257.24	111.0
325.36	112.0
310.04	112.0
322.16	112.0
590.24	112.0
667.0	112.0
685.68	112.0
869.8	112.0
1089.96	112.0
322.68	113.0
330.72	113.0
349.28	113.0
362.96	113.0
376.64	113.0
389.6	113.0
411.28	113.0
452.8	113.0
311.48	114.0
320.12	114.0
325.68	114.0
330.52	114.0
334.08	114.0
352.8	114.0
360.04	114.0
358.2	115.0
312.16	115.0
316.6	115.0
325.0	115.0
342.84	115.0
349.56	115.0
362.88	115.0
382.56	115.0
393.2	115.0
413.88	115.0
433.2	115.0
456.8	115.0
486.04	115.0
512.52	115.0
607.2	115.0
751.64	115.0
858.4	115.0
900.44	115.0
950.24	115.0
995.6	115.0
1029.0	115.0
1057.28	115.0
1087.04	115.0
1112.6	115.0
1120.96	115.0
1153.6	115.0
1241.4	115.0
1303.08	115.0
334.64	116.0
337.4	116.0
700.36	116.0
993.8	116.0
1090.88	116.0
1148.52	116.0
311.12	116.0
316.4	116.0
319.64	116.0
324.16	116.0
328.4	116.0
343.84	116.0
347.88	116.0
354.48	116.0
361.8	116.0
369.72	116.0
372.88	116.0
381.32	116.0
406.92	116.0
572.24	116.0
670.56	116.0
737.72	116.0
846.68	116.0
856.88	116.0
900.52	116.0
946.92	116.0
985.84	116.0
1018.76	116.0
1022.92	116.0
1044.64	116.0
1048.2	116.0
1070.56	116.0
1079.36	116.0
1093.56	116.0
1112.32	116.0
1120.84	116.0
1131.28	116.0
1182.12	116.0
1185.16	116.0
1225.56	116.0
1299.44	116.0
337.32	117.0
348.6	117.0
355.92	117.0
388.8	117.0
403.8	117.0
309.88	117.0
318.04	117.0
324.52	117.0
330.32	117.0
375.24	117.0
411.52	117.0
1016.12	117.0
1041.08	117.0
311.92	118.0
320.72	118.0
325.52	118.0
332.92	118.0
338.8	118.0
350.72	118.0
362.48	118.0
375.32	118.0
384.64	118.0
417.4	118.0
486.0	118.0
915.32	118.0
1041.36	118.0
311.16	119.0
338.92	119.0
342.8	119.0
354.52	119.0
377.24	119.0
389.28	119.0
391.8	119.0
422.64	119.0
497.76	119.0
606.56	119.0
697.6	119.0
805.0	119.0
1017.52	119.0
1290.52	119.0
309.64	120.0
320.84	120.0
376.32	120.0
391.24	120.0
680.92	120.0
685.24	120.0
723.4	120.0
771.12	120.0
807.52	120.0
881.36	120.0
