440.0	84.0
306.6	84.0
317.96	84.0
336.32	84.0
311.0	85.0
327.92	85.0
353.32	85.0
16.04	86.0
40.08	86.0
122.92	86.0
307.72	86.0
312.4	86.0
316.68	86.0
323.36	86.0
330.0	86.0
335.56	86.0
347.76	86.0
363.6	86.0
368.6	86.0
381.32	86.0
389.6	86.0
397.4	86.0
404.92	86.0
413.76	86.0
440.08	86.0
452.28	86.0
465.8	86.0
490.64	86.0
534.52	86.0
319.2	86.0
326.88	86.0
339.08	86.0
353.04	86.0
373.24	86.0
316.0	87.0
319.2	87.0
327.52	87.0
331.4	87.0
336.92	87.0
342.04	87.0
349.6	87.0
357.28	87.0
428.56	87.0
443.6	87.0
455.08	88.0
124.0	88.0
302.72	88.0
308.76	88.0
320.92	88.0
325.24	88.0
337.92	88.0
344.24	88.0
372.12	88.0
389.44	88.0
402.92	88.0
522.0	88.0
526.28	88.0
227.88	89.0
430.8	89.0
502.24	89.0
308.52	89.0
312.56	89.0
317.6	89.0
325.76	89.0
351.24	89.0
381.44	89.0
396.32	89.0
403.72	89.0
415.96	89.0
435.2	89.0
456.64	89.0
312.28	90.0
317.32	90.0
336.52	90.0
341.16	90.0
345.84	90.0
350.92	90.0
358.04	90.0
364.8	90.0
374.44	90.0
381.12	90.0
396.0	90.0
402.6	90.0
415.68	90.0
462.52	90.0
480.56	90.0
38.2	91.0
307.44	91.0
354.04	91.0
26.28	92.0
56.68	92.0
134.72	92.0
307.4	92.0
323.76	92.0
336.6	92.0
350.56	92.0
362.92	92.0
369.8	92.0
382.16	92.0
393.6	92.0
430.32	92.0
451.24	92.0
473.32	92.0
483.8	92.0
509.32	92.0
514.48	92.0
550.68	92.0
561.36	92.0
30.44	92.0
109.44	92.0
302.84	92.0
311.36	92.0
329.08	92.0
342.76	92.0
378.16	92.0
397.76	92.0
407.4	92.0
435.72	92.0
477.16	92.0
401.68	93.0
581.96	93.0
309.8	94.0
324.72	94.0
353.12	94.0
386.0	94.0
402.56	94.0
443.24	94.0
468.32	94.0
487.04	94.0
535.52	94.0
311.76	95.0
401.68	95.0
535.56	95.0
309.8	96.0
39.56	96.0
302.92	96.0
307.16	96.0
332.32	96.0
450.68	96.0
469.52	96.0
491.0	96.0
302.44	97.0
338.68	97.0
307.04	97.0
324.6	97.0
354.28	97.0
385.12	97.0
397.84	97.0
402.36	97.0
307.8	98.0
311.8	99.0
309.0	99.0
317.72	99.0
323.76	99.0
329.52	99.0
340.08	99.0
351.88	99.0
380.24	99.0
403.72	99.0
412.56	99.0
425.56	99.0
302.84	100.0
302.56	101.0
326.72	101.0
302.8	102.0
453.08	102.0
324.32	102.0
393.68	102.0
311.52	103.0
351.6	103.0
326.64	103.0
326.32	104.0
351.56	104.0
312.84	104.0
317.92	104.0
323.44	104.0
329.92	104.0
336.24	104.0
345.0	104.0
367.36	104.0
382.6	104.0
391.68	104.0
415.2	104.0
435.16	104.0
451.0	104.0
471.04	104.0
616.36	104.0
336.36	106.0
338.96	106.0
353.96	106.0
34.12	107.0
308.48	107.0
311.16	107.0
317.44	107.0
333.0	107.0
336.44	107.0
397.4	107.0
418.52	107.0
448.84	107.0
558.08	107.0
324.12	108.0
306.04	108.0
313.8	108.0
374.48	108.0
396.84	108.0
425.0	108.0
312.12	109.0
340.88	109.0
380.92	109.0
402.36	109.0
462.28	109.0
321.92	109.0
331.88	110.0
337.52	110.0
343.8	110.0
391.48	110.0
428.0	110.0
212.24	110.0
308.68	110.0
321.96	110.0
352.16	110.0
368.0	110.0
416.44	110.0
419.92	110.0
450.92	110.0
5.12	111.0
310.36	111.0
382.8	111.0
451.2	111.0
29.92	111.0
59.84	111.0
137.84	111.0
307.84	111.0
314.52	111.0
322.52	111.0
326.32	111.0
337.64	111.0
343.96	111.0
351.32	111.0
359.16	111.0
368.88	111.0
371.84	111.0
374.92	111.0
385.6	111.0
396.2	111.0
416.32	111.0
422.04	111.0
428.12	111.0
433.92	111.0
476.04	111.0
496.4	111.0
511.76	111.0
539.72	111.0
553.68	111.0
574.24	111.0
351.68	112.0
417.36	112.0
306.68	113.0
310.08	113.0
327.52	113.0
310.28	114.0
323.6	114.0
345.48	114.0
387.8	114.0
327.44	115.0
5.48	115.0
44.88	115.0
106.48	115.0
128.84	115.0
212.48	115.0
306.68	115.0
317.12	115.0
344.6	115.0
368.24	115.0
402.84	115.0
420.16	115.0
438.84	115.0
466.32	115.0
492.52	115.0
593.44	115.0
106.88	116.0
151.36	116.0
351.16	116.0
308.08	116.0
311.0	116.0
315.0	116.0
322.88	116.0
325.48	116.0
335.32	116.0
340.84	116.0
353.68	116.0
358.56	116.0
382.56	116.0
400.56	116.0
411.56	116.0
433.12	116.0
491.56	116.0
650.2	116.0
342.12	117.0
350.48	117.0
310.48	117.0
322.12	117.0
332.32	117.0
337.92	117.0
399.2	117.0
327.16	118.0
401.16	118.0
44.04	118.0
306.8	118.0
310.56	118.0
316.84	118.0
323.72	118.0
334.12	118.0
344.24	118.0
352.76	118.0
375.64	118.0
378.92	118.0
393.36	118.0
411.64	118.0
444.4	118.0
310.76	119.0
328.52	119.0
472.56	119.0
123.0	120.0
246.76	120.0
336.84	120.0
