352.2	84.0
324.16	84.0
346.64	84.0
309.0	85.0
322.96	85.0
330.24	85.0
356.12	85.0
472.4	85.0
521.48	85.0
570.92	85.0
324.4	86.0
333.8	86.0
337.64	86.0
343.32	86.0
351.84	86.0
359.2	86.0
363.6	86.0
369.56	86.0
376.08	86.0
382.44	86.0
393.16	86.0
406.44	86.0
416.12	86.0
418.92	86.0
427.32	86.0
435.92	86.0
444.6	86.0
459.24	86.0
469.2	86.0
486.12	86.0
514.96	86.0
519.64	86.0
538.76	86.0
563.6	86.0
585.56	86.0
680.6	86.0
319.68	86.0
329.8	86.0
346.48	86.0
355.2	86.0
568.4	86.0
336.44	87.0
312.4	87.0
315.76	87.0
319.28	87.0
322.56	87.0
327.76	87.0
340.96	87.0
351.8	87.0
356.16	87.0
370.04	87.0
408.32	87.0
326.88	88.0
340.32	88.0
399.52	88.0
519.4	88.0
768.48	88.0
302.76	88.0
315.96	88.0
322.88	88.0
330.04	88.0
342.84	88.0
363.56	88.0
372.28	88.0
389.16	88.0
402.2	88.0
414.68	88.0
429.04	88.0
445.2	88.0
554.92	88.0
587.52	88.0
822.72	88.0
876.56	88.0
941.92	88.0
1064.56	88.0
341.68	89.0
312.48	89.0
319.08	89.0
322.48	89.0
358.36	89.0
503.4	89.0
706.68	89.0
337.2	90.0
621.16	90.0
322.2	90.0
329.08	90.0
333.16	90.0
358.08	90.0
389.28	90.0
414.64	90.0
482.48	90.0
506.8	90.0
529.4	90.0
317.28	91.0
319.96	91.0
322.64	91.0
333.68	91.0
737.56	91.0
313.88	92.0
319.04	92.0
330.88	92.0
334.64	92.0
356.92	92.0
370.92	92.0
383.24	92.0
397.92	92.0
413.08	92.0
415.68	92.0
431.52	92.0
447.56	92.0
465.68	92.0
503.88	92.0
570.68	92.0
603.76	92.0
651.8	92.0
692.16	92.0
745.76	92.0
785.08	92.0
302.92	92.0
323.0	92.0
326.76	92.0
338.52	92.0
341.72	92.0
373.92	92.0
386.76	92.0
482.52	92.0
508.44	92.0
671.0	92.0
769.84	92.0
796.48	92.0
326.08	93.0
479.72	93.0
573.08	93.0
302.64	93.0
338.52	93.0
302.92	94.0
314.72	94.0
322.8	94.0
329.2	94.0
345.44	94.0
361.52	94.0
377.44	94.0
405.16	94.0
434.2	94.0
479.84	94.0
524.76	94.0
1085.68	94.0
340.0	95.0
313.2	95.0
316.48	95.0
348.08	95.0
478.48	95.0
313.04	96.0
329.08	96.0
563.92	96.0
631.88	96.0
302.48	97.0
320.4	97.0
323.0	97.0
326.4	97.0
338.4	97.0
358.0	97.0
821.16	97.0
712.28	98.0
315.48	99.0
319.72	99.0
324.72	99.0
330.04	99.0
335.64	99.0
340.56	99.0
346.6	99.0
391.28	99.0
694.32	99.0
391.16	100.0
621.08	100.0
910.32	100.0
1227.6	100.0
1243.6	100.0
302.6	101.0
322.92	101.0
337.08	101.0
302.8	102.0
321.68	103.0
314.72	104.0
716.96	104.0
320.76	104.0
326.12	104.0
331.4	104.0
336.44	104.0
345.24	104.0
357.16	104.0
366.12	104.0
376.32	104.0
387.84	104.0
406.48	104.0
420.28	104.0
444.72	104.0
479.0	104.0
524.04	104.0
547.2	104.0
573.72	104.0
819.8	104.0
325.96	106.0
338.36	106.0
358.56	106.0
429.76	106.0
493.24	106.0
313.76	107.0
317.96	107.0
323.84	107.0
328.32	107.0
334.72	107.0
337.4	107.0
350.6	107.0
356.8	107.0
372.72	107.0
392.08	107.0
422.12	107.0
440.64	107.0
473.08	107.0
540.88	107.0
626.72	107.0
681.24	107.0
313.28	108.0
334.36	108.0
344.32	108.0
360.72	108.0
396.76	108.0
435.64	108.0
551.6	108.0
1246.52	108.0
405.56	109.0
450.96	109.0
315.96	109.0
340.84	109.0
327.16	110.0
338.96	110.0
418.48	110.0
333.2	110.0
358.68	110.0
400.84	110.0
407.04	110.0
507.2	110.0
805.72	110.0
331.44	111.0
339.6	111.0
312.8	111.0
317.68	111.0
321.64	111.0
324.76	111.0
336.88	111.0
345.12	111.0
349.6	111.0
358.6	111.0
373.76	111.0
385.72	111.0
396.76	111.0
400.52	111.0
414.72	111.0
433.6	111.0
449.76	111.0
467.76	111.0
506.4	111.0
551.52	111.0
574.24	111.0
607.12	111.0
658.44	111.0
694.88	111.0
749.32	111.0
789.32	111.0
322.08	112.0
344.12	112.0
680.96	112.0
335.16	113.0
354.8	113.0
323.08	114.0
336.92	114.0
327.16	115.0
352.52	115.0
382.96	115.0
805.72	115.0
322.16	115.0
332.08	115.0
335.72	115.0
366.52	115.0
407.28	115.0
468.68	115.0
513.88	115.0
561.2	115.0
630.12	115.0
679.04	115.0
739.04	115.0
357.88	116.0
443.52	116.0
506.28	116.0
521.04	116.0
599.96	116.0
631.12	116.0
805.56	116.0
936.32	116.0
313.52	116.0
318.52	116.0
322.84	116.0
326.32	116.0
332.36	116.0
341.36	116.0
344.8	116.0
362.36	116.0
372.28	116.0
390.12	116.0
439.08	116.0
459.32	116.0
623.84	116.0
656.4	116.0
774.08	116.0
824.84	116.0
845.04	116.0
913.24	116.0
1230.76	116.0
1246.68	116.0
326.48	117.0
336.8	117.0
317.92	117.0
322.08	117.0
339.36	117.0
358.84	117.0
387.16	117.0
319.0	118.0
321.56	118.0
328.24	118.0
330.76	118.0
335.96	118.0
343.88	118.0
351.24	118.0
365.32	118.0
372.24	118.0
393.32	118.0
406.92	118.0
420.8	118.0
443.64	118.0
471.36	118.0
490.56	118.0
357.0	119.0
383.64	119.0
312.44	120.0
327.36	120.0
330.96	120.0
333.96	120.0
338.84	120.0
835.56	120.0
