341.88	84.0
373.2	84.0
615.88	84.0
302.48	84.0
323.56	84.0
861.88	84.0
1157.6	84.0
1256.88	84.0
1296.08	84.0
332.64	85.0
351.56	85.0
365.24	85.0
390.6	85.0
466.2	85.0
505.6	85.0
553.92	85.0
875.76	85.0
907.76	85.0
312.48	86.0
316.48	86.0
330.32	86.0
339.68	86.0
351.64	86.0
355.08	86.0
361.96	86.0
368.52	86.0
373.16	86.0
382.04	86.0
392.08	86.0
402.76	86.0
414.6	86.0
420.84	86.0
432.16	86.0
440.84	86.0
454.6	86.0
467.32	86.0
486.36	86.0
495.76	86.0
505.12	86.0
545.4	86.0
569.0	86.0
603.04	86.0
616.36	86.0
639.4	86.0
644.84	86.0
656.48	86.0
666.56	86.0
682.48	86.0
699.24	86.0
732.28	86.0
752.04	86.0
777.04	86.0
783.4	86.0
793.72	86.0
820.28	86.0
849.0	86.0
864.96	86.0
873.96	86.0
898.4	86.0
903.56	86.0
918.0	86.0
962.68	86.0
975.08	86.0
1028.96	86.0
1039.52	86.0
1049.08	86.0
1081.08	86.0
1097.8	86.0
1103.12	86.0
1125.72	86.0
1135.96	86.0
1146.6	86.0
1160.48	86.0
1177.84	86.0
1188.12	86.0
1199.44	86.0
1215.48	86.0
1228.6	86.0
1242.44	86.0
1262.36	86.0
1265.16	86.0
1275.84	86.0
1287.76	86.0
1298.56	86.0
320.88	86.0
324.92	86.0
334.68	86.0
342.2	86.0
933.44	86.0
1154.6	86.0
1312.36	86.0
315.4	87.0
329.36	87.0
333.04	87.0
350.12	87.0
319.2	87.0
325.36	87.0
336.56	87.0
340.32	87.0
343.68	87.0
347.16	87.0
363.44	87.0
369.52	87.0
374.92	87.0
380.68	87.0
384.8	87.0
391.84	87.0
401.8	87.0
411.72	87.0
420.24	87.0
442.24	87.0
479.56	87.0
494.4	87.0
536.84	87.0
547.56	87.0
579.72	87.0
623.16	87.0
664.4	87.0
704.56	87.0
759.36	87.0
786.84	87.0
1076.36	87.0
1162.76	87.0
365.08	88.0
533.48	88.0
565.36	88.0
668.48	88.0
741.24	88.0
790.48	88.0
830.08	88.0
1050.36	88.0
302.72	88.0
315.88	88.0
322.2	88.0
327.96	88.0
360.28	88.0
469.04	88.0
483.36	88.0
490.08	88.0
502.36	88.0
571.84	88.0
658.64	88.0
692.12	88.0
749.44	88.0
799.44	88.0
987.96	88.0
1053.16	88.0
1102.8	88.0
1180.0	88.0
1222.68	88.0
1244.96	88.0
323.0	89.0
325.56	89.0
335.84	89.0
481.48	89.0
1188.4	89.0
1281.36	89.0
316.6	89.0
328.84	89.0
342.84	89.0
349.4	89.0
353.16	89.0
356.52	89.0
377.56	89.0
464.28	89.0
468.08	89.0
531.88	89.0
598.4	89.0
1193.84	90.0
312.16	90.0
316.28	90.0
342.48	90.0
354.16	90.0
453.36	90.0
497.48	90.0
598.12	90.0
643.04	90.0
905.76	90.0
1102.04	90.0
1132.76	90.0
1263.6	90.0
1284.12	90.0
1304.08	90.0
346.92	91.0
355.84	91.0
317.8	91.0
377.52	91.0
463.6	91.0
682.64	91.0
905.08	91.0
1129.72	91.0
1188.64	91.0
309.6	92.0
316.04	92.0
324.36	92.0
331.68	92.0
336.16	92.0
339.68	92.0
352.72	92.0
363.0	92.0
377.04	92.0
390.0	92.0
392.72	92.0
417.72	92.0
430.2	92.0
442.6	92.0
462.92	92.0
479.68	92.0
495.04	92.0
497.76	92.0
529.88	92.0
541.84	92.0
563.0	92.0
572.24	92.0
585.08	92.0
595.76	92.0
603.32	92.0
618.44	92.0
621.24	92.0
644.6	92.0
669.2	92.0
683.72	92.0
709.44	92.0
744.84	92.0
812.8	92.0
848.32	92.0
882.8	92.0
893.72	92.0
930.92	92.0
1004.16	92.0
1034.44	92.0
1047.04	92.0
1065.24	92.0
1095.92	92.0
1126.84	92.0
1192.4	92.0
1220.4	92.0
1239.64	92.0
1285.32	92.0
302.88	92.0
320.36	92.0
344.56	92.0
403.72	92.0
466.36	92.0
469.04	92.0
516.28	92.0
522.4	92.0
533.96	92.0
566.48	92.0
588.8	92.0
624.72	92.0
655.72	92.0
673.04	92.0
878.76	92.0
912.24	92.0
1058.4	92.0
1102.88	92.0
1155.56	92.0
1163.84	92.0
1195.88	92.0
1243.92	92.0
1260.28	92.0
1267.96	92.0
317.88	93.0
327.36	93.0
345.68	93.0
353.92	93.0
371.2	93.0
505.36	93.0
534.6	93.0
555.08	93.0
620.44	93.0
1082.08	93.0
409.48	93.0
462.44	93.0
342.96	94.0
553.72	94.0
1079.0	94.0
1162.28	94.0
1273.28	94.0
313.36	94.0
321.16	94.0
338.96	94.0
345.96	94.0
355.0	94.0
395.28	94.0
398.72	94.0
418.08	94.0
441.84	94.0
466.12	94.0
485.6	94.0
647.76	94.0
1268.2	94.0
1285.0	94.0
1294.8	94.0
321.52	95.0
325.0	95.0
335.24	95.0
343.88	95.0
346.4	95.0
506.0	95.0
552.92	95.0
640.76	95.0
695.08	95.0
770.64	95.0
910.8	95.0
1058.2	95.0
1202.84	95.0
303.0	96.0
1267.12	96.0
302.64	97.0
324.24	97.0
329.96	97.0
333.2	97.0
342.72	97.0
347.24	97.0
468.6	97.0
478.44	97.0
498.48	97.0
586.88	97.0
622.0	97.0
664.92	97.0
722.16	97.0
343.76	98.0
354.84	98.0
321.64	99.0
324.16	99.0
309.68	99.0
313.44	99.0
317.24	99.0
327.72	99.0
334.4	99.0
339.08	99.0
347.8	99.0
352.16	99.0
361.0	99.0
365.12	99.0
373.4	99.0
503.68	99.0
628.04	99.0
645.96	99.0
666.88	99.0
882.4	99.0
1012.48	99.0
1088.12	99.0
1135.4	99.0
1178.16	99.0
1203.92	99.0
318.96	100.0
359.92	100.0
617.96	100.0
649.52	100.0
744.68	100.0
927.36	100.0
1045.44	100.0
1193.8	100.0
302.56	101.0
313.04	101.0
317.36	101.0
332.6	101.0
353.44	101.0
302.72	102.0
353.6	102.0
333.56	102.0
347.28	102.0
409.36	103.0
430.4	103.0
617.76	103.0
324.4	103.0
392.92	104.0
409.32	104.0
430.4	104.0
443.96	104.0
462.32	104.0
550.88	104.0
310.0	104.0
315.16	104.0
320.0	104.0
323.8	104.0
329.4	104.0
333.96	104.0
340.96	104.0
346.72	104.0
352.88	104.0
361.44	104.0
373.0	104.0
380.36	104.0
399.8	104.0
477.16	104.0
504.2	104.0
506.88	104.0
525.6	104.0
571.0	104.0
584.92	104.0
589.44	104.0
617.88	104.0
644.84	104.0
655.16	104.0
670.84	104.0
704.64	104.0
739.28	104.0
802.44	104.0
839.0	104.0
884.84	104.0
1080.84	104.0
1140.8	104.0
1160.72	104.0
1204.4	104.0
1237.28	104.0
1253.8	104.0
1278.28	104.0
1160.84	105.0
323.36	106.0
351.8	106.0
375.08	106.0
394.04	106.0
452.0	106.0
313.44	107.0
333.56	107.0
355.36	107.0
505.4	107.0
317.28	107.0
321.04	107.0
341.6	107.0
344.16	107.0
366.04	107.0
376.08	107.0
390.68	107.0
418.32	107.0
462.36	107.0
478.16	107.0
501.2	107.0
508.0	107.0
526.4	107.0
587.16	107.0
636.2	107.0
661.32	107.0
694.08	107.0
752.44	107.0
863.08	107.0
901.76	107.0
976.28	107.0
1046.08	107.0
1101.12	107.0
1201.0	107.0
309.76	108.0
319.72	108.0
329.88	108.0
346.8	108.0
361.12	108.0
368.68	108.0
404.6	108.0
430.0	108.0
466.36	108.0
654.6	108.0
1196.92	108.0
332.44	109.0
353.84	109.0
884.6	109.0
905.48	109.0
1196.12	109.0
385.16	109.0
315.56	110.0
325.56	110.0
336.56	110.0
356.56	110.0
389.56	110.0
320.04	110.0
342.68	110.0
350.0	110.0
359.88	110.0
369.08	110.0
427.24	110.0
429.92	110.0
442.04	110.0
549.52	110.0
619.48	110.0
1180.0	110.0
1237.48	110.0
1261.04	110.0
1276.8	110.0
310.12	111.0
617.88	111.0
1066.32	111.0
1170.4	111.0
315.72	111.0
319.88	111.0
322.88	111.0
333.44	111.0
336.64	111.0
340.56	111.0
347.12	111.0
355.24	111.0
364.8	111.0
379.2	111.0
389.6	111.0
395.52	111.0
407.12	111.0
412.48	111.0
420.28	111.0
464.16	111.0
466.92	111.0
477.56	111.0
485.52	111.0
500.44	111.0
521.04	111.0
531.16	111.0
543.88	111.0
563.64	111.0
573.0	111.0
587.24	111.0
605.32	111.0
622.08	111.0
634.64	111.0
646.92	111.0
671.28	111.0
687.0	111.0
700.92	111.0
712.12	111.0
729.2	111.0
745.36	111.0
774.92	111.0
851.64	111.0
896.2	111.0
1007.64	111.0
1037.16	111.0
1079.8	111.0
1099.44	111.0
1130.48	111.0
1133.56	111.0
1196.32	111.0
1224.52	111.0
1241.92	111.0
1264.32	111.0
1289.24	111.0
361.72	112.0
334.68	112.0
337.88	112.0
370.72	112.0
413.88	112.0
464.0	112.0
1214.08	112.0
1247.48	112.0
309.4	113.0
320.68	113.0
323.88	113.0
334.16	113.0
341.0	113.0
343.92	113.0
370.72	113.0
313.12	114.0
317.04	114.0
322.32	114.0
336.08	114.0
342.56	114.0
346.24	114.0
369.88	114.0
354.24	114.0
484.96	114.0
316.4	115.0
326.36	115.0
342.68	115.0
549.56	115.0
1304.76	115.0
311.28	115.0
320.36	115.0
329.68	115.0
350.24	115.0
352.84	115.0
355.92	115.0
369.4	115.0
384.2	115.0
398.2	115.0
430.16	115.0
442.32	115.0
508.92	115.0
515.92	115.0
538.92	115.0
582.6	115.0
619.76	115.0
699.28	115.0
771.0	115.0
835.4	115.0
1007.48	115.0
1052.64	115.0
1081.36	115.0
1140.24	115.0
1180.24	115.0
1206.4	115.0
1277.08	115.0
311.4	116.0
1102.24	116.0
1162.32	116.0
1229.72	116.0
1266.88	116.0
316.48	116.0
319.12	116.0
321.64	116.0
326.44	116.0
332.48	116.0
336.52	116.0
341.0	116.0
346.68	116.0
352.04	116.0
360.32	116.0
365.08	116.0
373.68	116.0
379.8	116.0
384.96	116.0
390.6	116.0
404.24	116.0
413.2	116.0
423.08	116.0
436.96	116.0
477.4	116.0
502.6	116.0
525.08	116.0
538.04	116.0
601.68	116.0
637.64	116.0
747.4	116.0
1019.04	116.0
1035.68	116.0
1040.08	116.0
1044.28	116.0
1047.96	116.0
1065.08	116.0
1107.44	116.0
1135.4	116.0
1196.16	116.0
1208.36	116.0
1233.72	116.0
1251.08	116.0
1264.36	116.0
1304.92	116.0
347.2	117.0
360.92	117.0
369.52	117.0
410.84	117.0
462.4	117.0
601.36	117.0
1202.48	117.0
310.16	117.0
320.24	117.0
329.44	117.0
340.84	117.0
390.0	117.0
395.6	117.0
617.92	117.0
1066.32	117.0
1133.88	117.0
1170.44	117.0
1237.68	117.0
1302.44	117.0
1263.92	118.0
314.24	118.0
319.4	118.0
323.2	118.0
327.96	118.0
334.76	118.0
338.28	118.0
342.68	118.0
354.28	118.0
369.84	118.0
422.28	118.0
443.96	118.0
468.36	118.0
497.68	118.0
529.76	118.0
567.56	118.0
588.52	118.0
611.12	118.0
638.12	118.0
671.68	118.0
700.64	118.0
753.28	118.0
804.8	118.0
908.72	118.0
1267.0	118.0
344.36	119.0
310.68	119.0
323.16	119.0
1226.12	119.0
1290.04	119.0
309.76	120.0
319.44	120.0
324.64	120.0
328.52	120.0
334.24	120.0
345.92	120.0
373.84	120.0
379.28	120.0
475.92	120.0
502.4	120.0
533.36	120.0
563.0	120.0
587.96	120.0
616.12	120.0
641.76	120.0
671.24	120.0
699.16	120.0
974.96	120.0
1077.04	120.0
1128.72	120.0
