302.44	84.0
306.16	84.0
317.36	84.0
329.72	84.0
386.24	84.0
468.72	84.0
54.28	85.0
113.04	85.0
219.52	85.0
321.52	85.0
331.4	85.0
580.44	85.0
3.28	86.0
13.04	86.0
20.96	86.0
29.04	86.0
37.96	86.0
49.28	86.0
63.96	86.0
77.52	86.0
92.24	86.0
105.48	86.0
113.8	86.0
160.12	86.0
173.08	86.0
203.68	86.0
219.04	86.0
231.24	86.0
277.92	86.0
287.04	86.0
310.16	86.0
333.04	86.0
344.84	86.0
351.84	86.0
357.72	86.0
362.88	86.0
378.24	86.0
388.72	86.0
415.88	86.0
463.04	86.0
132.0	86.0
164.56	86.0
196.52	86.0
315.92	86.0
319.8	86.0
328.24	86.0
339.68	86.0
348.64	86.0
119.72	87.0
308.32	87.0
365.32	87.0
23.48	87.0
79.24	87.0
112.64	87.0
124.4	87.0
227.56	87.0
255.48	87.0
276.64	87.0
312.88	87.0
316.16	87.0
330.48	87.0
336.12	87.0
341.72	87.0
359.52	87.0
13.52	88.0
358.92	88.0
24.72	88.0
51.16	88.0
59.0	88.0
84.64	88.0
143.0	88.0
200.84	88.0
208.92	88.0
263.08	88.0
291.6	88.0
302.6	88.0
306.52	88.0
319.76	88.0
333.8	88.0
361.84	88.0
388.52	88.0
420.04	88.0
584.36	88.0
320.8	89.0
63.68	89.0
91.36	89.0
178.2	89.0
206.56	89.0
371.72	89.0
508.44	89.0
49.52	90.0
550.4	90.0
24.52	90.0
30.32	90.0
68.44	90.0
110.64	90.0
131.72	90.0
148.36	90.0
177.88	90.0
186.68	90.0
206.24	90.0
276.72	90.0
286.72	90.0
296.8	90.0
336.28	90.0
344.4	90.0
387.16	90.0
402.08	90.0
431.0	90.0
469.8	90.0
302.72	91.0
320.76	91.0
493.36	91.0
202.72	91.0
315.28	91.0
12.32	92.0
46.08	92.0
76.64	92.0
102.52	92.0
142.8	92.0
177.72	92.0
234.52	92.0
277.52	92.0
342.8	92.0
346.24	92.0
357.88	92.0
377.44	92.0
392.16	92.0
454.92	92.0
517.12	92.0
16.0	92.0
55.12	92.0
105.32	92.0
128.2	92.0
164.92	92.0
246.04	92.0
283.72	92.0
302.72	92.0
324.84	92.0
334.88	92.0
362.32	92.0
396.44	92.0
472.84	92.0
496.12	92.0
90.56	93.0
184.68	93.0
221.76	93.0
306.24	93.0
417.96	93.0
320.32	93.0
90.88	94.0
329.56	94.0
387.44	94.0
475.08	94.0
68.92	94.0
309.2	94.0
383.32	94.0
450.44	94.0
25.92	95.0
85.96	95.0
177.04	95.0
286.64	95.0
308.08	95.0
328.12	95.0
344.56	95.0
421.96	95.0
20.76	96.0
48.88	96.0
78.84	96.0
111.24	96.0
198.88	96.0
288.56	96.0
318.88	96.0
360.12	96.0
410.84	96.0
469.16	96.0
83.12	97.0
87.08	97.0
302.56	97.0
306.04	97.0
308.68	97.0
350.2	97.0
483.52	97.0
306.28	98.0
365.96	98.0
306.52	99.0
118.96	99.0
187.24	99.0
217.8	99.0
310.12	99.0
315.32	99.0
322.0	99.0
328.2	99.0
334.08	99.0
343.44	99.0
49.48	100.0
212.84	100.0
228.8	100.0
251.32	100.0
308.0	100.0
324.8	100.0
550.36	100.0
302.52	101.0
320.96	101.0
302.68	102.0
314.84	102.0
416.6	102.0
334.48	103.0
306.68	103.0
317.8	103.0
320.12	104.0
27.56	104.0
52.64	104.0
73.48	104.0
85.88	104.0
115.72	104.0
178.52	104.0
186.76	104.0
295.72	104.0
312.12	104.0
317.6	104.0
324.44	104.0
331.4	104.0
342.16	104.0
345.08	104.0
356.32	104.0
378.52	104.0
437.92	104.0
440.72	104.0
142.2	106.0
312.12	106.0
318.8	106.0
333.64	107.0
51.44	107.0
82.36	107.0
306.44	107.0
309.76	107.0
319.48	107.0
323.68	107.0
413.44	107.0
8.12	108.0
292.92	108.0
314.08	108.0
327.76	108.0
363.0	108.0
391.76	108.0
316.76	109.0
327.0	109.0
362.6	109.0
386.88	109.0
469.56	109.0
321.84	109.0
93.44	110.0
135.4	110.0
322.72	110.0
386.92	110.0
153.84	110.0
230.24	110.0
316.68	110.0
342.44	110.0
346.44	110.0
351.72	110.0
357.68	110.0
418.8	110.0
15.32	111.0
26.12	111.0
49.96	111.0
76.24	111.0
80.0	111.0
93.56	111.0
102.16	111.0
122.64	111.0
135.56	111.0
146.44	111.0
181.12	111.0
280.24	111.0
306.84	111.0
309.84	111.0
315.64	111.0
319.2	111.0
325.8	111.0
331.32	111.0
334.4	111.0
337.68	111.0
343.56	111.0
351.72	111.0
357.56	111.0
360.56	111.0
379.52	111.0
387.08	111.0
391.04	111.0
412.96	111.0
416.36	111.0
433.6	111.0
454.68	111.0
471.12	111.0
520.88	111.0
181.16	112.0
15.76	112.0
165.56	112.0
321.28	112.0
326.64	112.0
335.08	112.0
320.8	113.0
314.32	114.0
318.56	114.0
323.88	114.0
307.48	115.0
389.52	115.0
52.6	115.0
62.72	115.0
154.08	115.0
230.52	115.0
316.64	115.0
321.12	115.0
335.44	115.0
342.72	115.0
362.8	115.0
419.04	115.0
491.24	115.0
155.44	116.0
316.52	116.0
331.84	116.0
334.8	116.0
351.6	116.0
386.36	116.0
415.28	116.0
29.92	116.0
51.52	116.0
58.28	116.0
78.16	116.0
87.36	116.0
124.92	116.0
179.44	116.0
225.48	116.0
231.44	116.0
306.88	116.0
310.68	116.0
313.64	116.0
320.88	116.0
323.76	116.0
327.0	116.0
343.08	116.0
354.2	116.0
359.68	116.0
363.04	116.0
375.04	116.0
431.48	116.0
470.88	116.0
330.92	117.0
55.8	117.0
316.64	117.0
321.04	117.0
338.0	117.0
53.8	118.0
82.84	118.0
175.72	118.0
280.84	118.0
308.88	118.0
312.4	118.0
318.96	118.0
323.84	118.0
328.56	118.0
332.44	118.0
339.44	118.0
358.52	118.0
397.96	118.0
508.56	118.0
306.36	119.0
310.68	119.0
315.24	119.0
329.04	119.0
29.88	120.0
165.08	120.0
225.52	120.0
244.6	120.0
261.12	120.0
280.36	120.0
318.8	120.0
332.56	120.0
344.6	120.0
392.64	120.0
