108.88	84.0
168.6	84.0
200.76	84.0
248.0	84.0
302.44	84.0
318.32	84.0
322.24	84.0
339.36	84.0
409.68	84.0
910.6	84.0
1000.16	84.0
1050.2	84.0
1153.16	84.0
9.52	85.0
72.32	85.0
307.92	85.0
326.88	85.0
745.28	85.0
8.76	86.0
19.88	86.0
39.04	86.0
51.6	86.0
68.04	86.0
87.04	86.0
105.2	86.0
108.0	86.0
118.4	86.0
124.48	86.0
143.16	86.0
190.72	86.0
207.52	86.0
223.84	86.0
236.16	86.0
252.88	86.0
271.4	86.0
289.16	86.0
314.08	86.0
333.84	86.0
341.2	86.0
356.2	86.0
363.4	86.0
377.56	86.0
411.0	86.0
426.96	86.0
460.24	86.0
797.48	86.0
859.8	86.0
864.12	86.0
917.36	86.0
930.44	86.0
940.48	86.0
951.32	86.0
969.0	86.0
999.56	86.0
1007.56	86.0
1016.28	86.0
1030.28	86.0
1062.04	86.0
1069.28	86.0
1075.48	86.0
1094.48	86.0
1103.2	86.0
1112.88	86.0
1119.28	86.0
1128.04	86.0
1151.56	86.0
1154.24	86.0
1169.28	86.0
1227.68	86.0
1241.08	86.0
1337.2	86.0
166.36	86.0
240.4	86.0
243.2	86.0
308.8	86.0
318.2	86.0
326.32	86.0
338.08	86.0
346.12	86.0
973.08	86.0
987.64	86.0
1022.0	86.0
1041.0	86.0
1051.6	86.0
1065.52	86.0
1086.36	86.0
1115.96	86.0
1182.76	86.0
309.2	87.0
1060.36	87.0
1115.24	87.0
1151.36	87.0
199.12	87.0
252.76	87.0
306.68	87.0
313.04	87.0
316.4	87.0
321.52	87.0
327.04	87.0
331.4	87.0
340.2	87.0
360.88	87.0
391.48	87.0
774.52	87.0
1055.48	87.0
1073.44	87.0
1127.24	87.0
1333.68	87.0
35.4	88.0
130.08	88.0
233.92	88.0
360.4	88.0
853.16	88.0
888.16	88.0
947.04	88.0
984.48	88.0
1034.04	88.0
1060.24	88.0
1086.36	88.0
1104.16	88.0
1147.16	88.0
1321.48	88.0
114.56	88.0
139.68	88.0
160.0	88.0
302.6	88.0
318.6	88.0
765.56	88.0
820.68	88.0
855.68	88.0
907.92	88.0
987.52	88.0
1151.68	88.0
302.68	89.0
1037.92	89.0
25.04	89.0
146.68	89.0
197.48	89.0
255.04	89.0
307.44	89.0
335.12	89.0
468.52	89.0
1052.24	89.0
1068.52	89.0
1085.04	89.0
905.48	90.0
12.76	90.0
37.56	90.0
53.64	90.0
71.48	90.0
126.48	90.0
174.28	90.0
223.0	90.0
244.28	90.0
313.76	90.0
324.4	90.0
334.8	90.0
349.48	90.0
366.92	90.0
406.4	90.0
445.8	90.0
497.44	90.0
542.08	90.0
597.52	90.0
669.72	90.0
849.2	90.0
870.36	90.0
927.16	90.0
1032.04	90.0
1103.32	90.0
1108.52	90.0
1133.36	90.0
1178.84	90.0
1374.36	90.0
1069.72	91.0
2.84	92.0
276.32	92.0
306.0	92.0
549.4	92.0
597.24	92.0
642.24	92.0
780.16	92.0
846.32	92.0
105.36	92.0
166.52	92.0
185.12	92.0
212.76	92.0
245.4	92.0
302.68	92.0
335.4	92.0
340.56	92.0
375.04	92.0
447.36	92.0
487.44	92.0
602.4	92.0
681.56	92.0
688.84	92.0
717.04	92.0
749.24	92.0
822.4	92.0
850.96	92.0
932.68	92.0
956.6	92.0
976.96	92.0
1075.0	92.0
1096.8	92.0
1103.16	92.0
1120.44	92.0
1130.84	92.0
1134.16	92.0
1148.8	92.0
1154.64	92.0
1198.52	92.0
1279.76	92.0
1354.68	92.0
1411.12	92.0
169.16	93.0
223.28	93.0
250.2	93.0
927.72	93.0
1070.56	93.0
16.92	94.0
39.96	94.0
225.6	94.0
245.88	94.0
273.96	94.0
326.72	94.0
406.64	94.0
431.2	94.0
909.56	94.0
937.2	94.0
967.64	94.0
993.2	94.0
1023.88	94.0
1060.88	94.0
1127.52	94.0
1196.04	94.0
167.64	95.0
209.92	95.0
348.96	95.0
449.04	95.0
1019.12	95.0
5.24	96.0
35.84	96.0
103.12	96.0
187.04	96.0
207.16	96.0
251.8	96.0
320.96	96.0
341.96	96.0
375.44	96.0
409.72	96.0
444.24	96.0
488.84	96.0
545.44	96.0
789.4	96.0
861.52	96.0
934.56	96.0
997.24	96.0
1029.28	96.0
1152.08	96.0
1187.04	96.0
1264.04	96.0
216.84	97.0
177.04	97.0
224.84	97.0
302.6	97.0
306.8	97.0
1111.16	97.0
1131.52	98.0
275.32	98.0
345.0	98.0
367.36	98.0
1031.52	98.0
1069.32	98.0
871.24	99.0
8.76	99.0
40.32	99.0
214.28	99.0
247.48	99.0
309.12	99.0
312.32	99.0
319.16	99.0
326.92	99.0
336.16	99.0
348.6	99.0
772.04	99.0
843.32	99.0
935.16	99.0
981.88	99.0
1027.8	99.0
1055.64	99.0
1086.24	99.0
199.52	100.0
308.08	100.0
634.08	100.0
849.28	100.0
905.4	100.0
1046.56	100.0
1074.48	100.0
1316.08	100.0
235.6	101.0
302.52	101.0
828.84	101.0
302.68	102.0
325.24	103.0
27.0	104.0
43.2	104.0
64.64	104.0
123.04	104.0
195.24	104.0
213.8	104.0
223.32	104.0
273.64	104.0
310.4	104.0
317.72	104.0
324.24	104.0
333.68	104.0
350.44	104.0
381.48	104.0
824.76	104.0
862.32	104.0
909.0	104.0
945.52	104.0
979.56	104.0
1020.16	104.0
1046.32	104.0
1059.32	104.0
1070.16	104.0
1090.92	104.0
1109.44	104.0
1144.48	104.0
1181.68	104.0
1373.8	104.0
202.72	106.0
1071.76	106.0
1102.72	106.0
308.08	107.0
61.92	107.0
112.24	107.0
208.76	107.0
259.92	107.0
262.48	107.0
326.32	107.0
372.16	107.0
857.16	107.0
1069.68	107.0
1091.96	107.0
1121.56	107.0
1324.2	107.0
15.2	108.0
235.56	108.0
315.96	108.0
647.52	108.0
844.96	108.0
852.2	108.0
868.68	108.0
961.52	108.0
1037.88	108.0
1050.68	108.0
1080.72	108.0
1106.2	108.0
1111.64	108.0
1185.96	108.0
1303.24	108.0
24.4	109.0
37.28	109.0
71.2	109.0
611.84	109.0
848.96	109.0
1103.08	109.0
128.16	110.0
242.84	110.0
308.44	110.0
319.32	110.0
350.68	110.0
366.48	110.0
492.92	110.0
851.6	110.0
933.6	110.0
967.24	110.0
1021.4	110.0
1036.6	110.0
1070.48	110.0
1075.32	110.0
1116.36	110.0
1135.04	110.0
3.72	111.0
306.28	111.0
804.16	111.0
909.08	111.0
989.0	111.0
1049.8	111.0
1131.6	111.0
37.72	111.0
40.32	111.0
85.2	111.0
124.72	111.0
165.72	111.0
183.12	111.0
213.04	111.0
279.2	111.0
310.28	111.0
313.04	111.0
319.24	111.0
325.12	111.0
362.88	111.0
367.84	111.0
383.4	111.0
522.52	111.0
553.08	111.0
767.8	111.0
782.48	111.0
821.28	111.0
863.36	111.0
873.52	111.0
891.36	111.0
918.96	111.0
927.4	111.0
969.52	111.0
1044.92	111.0
1054.72	111.0
1063.6	111.0
1070.08	111.0
1082.36	111.0
1090.92	111.0
1107.6	111.0
1173.84	111.0
1184.28	111.0
1226.2	111.0
1376.84	111.0
1410.64	111.0
306.16	112.0
311.08	112.0
3.0	112.0
91.72	112.0
224.04	112.0
328.92	112.0
396.52	112.0
969.36	112.0
994.88	112.0
1082.04	112.0
1130.76	112.0
1152.56	112.0
1177.36	112.0
10.32	113.0
312.72	113.0
1022.6	113.0
312.88	114.0
856.12	114.0
1135.04	115.0
13.84	115.0
70.16	115.0
129.8	115.0
184.4	115.0
213.28	115.0
308.68	115.0
324.68	115.0
341.08	115.0
350.96	115.0
802.0	115.0
851.84	115.0
886.28	115.0
910.44	115.0
933.92	115.0
988.04	115.0
1021.64	115.0
1054.04	115.0
1068.28	115.0
1073.88	115.0
1092.72	115.0
1097.72	115.0
1114.28	115.0
163.28	116.0
210.52	116.0
288.16	116.0
324.44	116.0
362.76	116.0
919.48	116.0
1064.28	116.0
1081.32	116.0
3.68	116.0
24.36	116.0
36.0	116.0
40.28	116.0
158.56	116.0
201.8	116.0
213.76	116.0
241.36	116.0
243.88	116.0
277.04	116.0
307.72	116.0
313.12	116.0
316.8	116.0
333.72	116.0
344.08	116.0
377.92	116.0
520.24	116.0
637.04	116.0
750.68	116.0
777.96	116.0
798.4	116.0
827.32	116.0
830.72	116.0
833.52	116.0
851.64	116.0
883.4	116.0
885.92	116.0
895.24	116.0
906.68	116.0
926.52	116.0
968.0	116.0
1038.0	116.0
1048.8	116.0
1053.36	116.0
1069.0	116.0
1072.44	116.0
1085.56	116.0
1106.76	116.0
1135.32	116.0
1360.44	116.0
128.96	117.0
327.0	117.0
19.0	117.0
306.44	117.0
313.32	117.0
319.52	117.0
333.88	117.0
348.4	117.0
468.36	117.0
1052.44	117.0
1081.2	117.0
1091.28	117.0
1356.64	117.0
338.12	118.0
41.92	118.0
124.8	118.0
165.32	118.0
208.28	118.0
221.64	118.0
307.16	118.0
314.84	118.0
324.04	118.0
335.4	118.0
347.56	118.0
376.08	118.0
408.8	118.0
510.44	118.0
976.96	118.0
1016.6	118.0
1034.16	118.0
1050.92	118.0
1067.68	118.0
1071.56	118.0
1094.96	118.0
1182.84	118.0
1071.6	119.0
310.6	119.0
324.96	119.0
379.4	119.0
438.04	119.0
1089.64	119.0
1134.68	119.0
311.4	120.0
316.6	120.0
435.0	120.0
786.96	120.0
819.76	120.0
922.24	120.0
1037.96	120.0
1046.64	120.0
1102.48	120.0
1110.04	120.0
1130.24	120.0
1152.0	120.0
1344.44	120.0
1393.4	120.0
