306.36	84.0
57.92	84.0
253.76	84.0
302.44	84.0
317.2	84.0
345.96	84.0
366.52	84.0
399.8	84.0
418.28	84.0
434.32	84.0
470.12	84.0
504.92	84.0
542.52	84.0
583.28	84.0
611.8	84.0
665.2	84.0
717.4	84.0
772.8	84.0
803.56	84.0
834.04	84.0
917.36	84.0
982.44	84.0
1083.76	84.0
1193.64	84.0
8.48	85.0
117.8	85.0
177.2	85.0
296.6	85.0
322.36	85.0
330.2	85.0
345.0	85.0
603.4	85.0
892.44	85.0
1006.64	85.0
1201.56	85.0
14.52	86.0
26.68	86.0
57.36	86.0
81.0	86.0
215.92	86.0
247.24	86.0
307.08	86.0
310.56	86.0
316.4	86.0
330.76	86.0
338.28	86.0
351.64	86.0
374.6	86.0
388.12	86.0
403.24	86.0
419.92	86.0
438.36	86.0
453.96	86.0
469.6	86.0
567.8	86.0
585.96	86.0
609.88	86.0
679.84	86.0
694.8	86.0
715.72	86.0
726.0	86.0
740.88	86.0
749.16	86.0
751.68	86.0
759.64	86.0
778.28	86.0
782.28	86.0
795.64	86.0
819.68	86.0
838.52	86.0
895.36	86.0
924.12	86.0
1000.92	86.0
1041.08	86.0
1051.0	86.0
1175.24	86.0
1242.8	86.0
193.24	86.0
320.16	86.0
322.72	86.0
325.36	86.0
343.52	86.0
357.88	86.0
430.28	86.0
500.12	86.0
632.88	86.0
754.64	86.0
975.2	86.0
1081.04	86.0
308.76	87.0
427.52	87.0
316.48	87.0
320.92	87.0
330.4	87.0
340.52	87.0
348.6	87.0
355.36	87.0
368.0	87.0
677.12	87.0
804.64	87.0
974.16	87.0
125.6	88.0
323.04	88.0
339.2	88.0
167.36	88.0
189.16	88.0
302.6	88.0
310.52	88.0
330.08	88.0
468.32	88.0
561.44	88.0
587.32	88.0
640.04	88.0
793.48	88.0
880.76	88.0
891.84	88.0
1244.32	88.0
302.68	89.0
61.08	89.0
125.84	89.0
323.0	89.0
350.64	89.0
440.64	89.0
519.0	89.0
641.32	89.0
1232.52	89.0
283.72	90.0
307.4	90.0
5.88	90.0
18.32	90.0
37.2	90.0
125.48	90.0
165.72	90.0
244.88	90.0
322.64	90.0
328.0	90.0
331.36	90.0
342.68	90.0
356.8	90.0
363.12	90.0
369.36	90.0
393.44	90.0
416.72	90.0
496.36	90.0
507.12	90.0
518.64	90.0
524.76	90.0
548.92	90.0
695.24	90.0
726.8	90.0
806.32	90.0
927.08	90.0
960.36	90.0
993.32	90.0
1009.12	90.0
1079.56	90.0
1123.32	90.0
1161.44	90.0
1179.52	90.0
1232.16	90.0
1260.0	90.0
302.84	91.0
326.28	91.0
330.84	91.0
892.72	91.0
321.08	92.0
774.28	92.0
12.08	92.0
24.4	92.0
123.52	92.0
302.44	92.0
311.08	92.0
318.36	92.0
334.32	92.0
340.36	92.0
363.32	92.0
380.72	92.0
413.04	92.0
512.96	92.0
524.84	92.0
589.56	92.0
655.16	92.0
675.44	92.0
691.88	92.0
710.16	92.0
724.48	92.0
753.96	92.0
851.44	92.0
858.56	92.0
910.08	92.0
915.64	92.0
1000.56	92.0
1069.12	92.0
1196.68	92.0
1217.16	92.0
1237.16	92.0
97.52	93.0
217.32	93.0
295.56	93.0
306.16	93.0
320.92	93.0
590.8	93.0
633.36	93.0
869.36	93.0
925.72	93.0
1272.4	93.0
466.16	94.0
735.44	94.0
1160.44	94.0
52.36	94.0
315.16	94.0
321.28	94.0
340.04	94.0
369.12	94.0
493.88	94.0
546.48	94.0
606.12	94.0
794.0	94.0
836.56	94.0
915.64	94.0
18.84	95.0
78.68	95.0
144.52	95.0
258.8	95.0
309.4	95.0
326.6	95.0
339.6	95.0
510.2	95.0
570.96	95.0
681.16	95.0
891.72	95.0
1074.44	95.0
307.44	96.0
6.68	96.0
29.2	96.0
212.72	96.0
282.04	96.0
333.68	96.0
355.84	96.0
380.36	96.0
418.96	96.0
484.16	96.0
522.28	96.0
581.52	96.0
632.44	96.0
766.6	96.0
810.48	96.0
847.24	96.0
920.92	96.0
1195.92	96.0
308.84	97.0
302.56	97.0
306.16	97.0
321.76	97.0
324.64	97.0
333.72	97.0
347.36	97.0
351.6	97.0
595.04	97.0
37.44	98.0
223.72	98.0
320.84	98.0
726.24	98.0
890.44	98.0
1064.12	98.0
309.68	99.0
317.32	99.0
320.52	99.0
325.32	99.0
333.28	99.0
700.36	99.0
734.2	99.0
48.16	100.0
202.24	100.0
283.64	100.0
324.72	100.0
413.04	100.0
524.12	100.0
730.32	100.0
848.52	100.0
959.0	100.0
1231.68	100.0
302.52	101.0
322.24	101.0
302.6	103.0
321.6	103.0
336.36	103.0
369.24	103.0
306.28	103.0
3.88	104.0
28.2	104.0
222.96	104.0
245.36	104.0
307.0	104.0
314.08	104.0
320.8	104.0
330.12	104.0
337.64	104.0
352.68	104.0
370.52	104.0
385.32	104.0
409.28	104.0
495.44	104.0
574.72	104.0
650.4	104.0
695.28	104.0
720.84	104.0
756.68	104.0
868.24	104.0
893.72	104.0
309.52	106.0
461.16	106.0
757.72	106.0
868.16	106.0
1002.64	106.0
324.36	107.0
54.72	107.0
112.16	107.0
123.64	107.0
273.68	107.0
292.96	107.0
317.92	107.0
321.72	107.0
354.84	107.0
381.8	107.0
737.84	107.0
811.32	107.0
735.8	108.0
287.92	108.0
326.48	108.0
339.72	108.0
378.8	108.0
417.8	108.0
464.16	108.0
518.72	108.0
767.04	108.0
244.68	109.0
331.16	109.0
675.68	109.0
926.84	109.0
1086.48	109.0
306.64	109.0
569.76	109.0
891.0	109.0
19.4	110.0
324.68	110.0
356.96	110.0
672.16	110.0
717.08	110.0
296.0	110.0
307.6	110.0
313.92	110.0
337.72	110.0
361.36	110.0
406.88	110.0
434.64	110.0
481.52	110.0
741.2	110.0
310.88	111.0
885.72	111.0
13.28	111.0
31.32	111.0
67.52	111.0
95.28	111.0
143.16	111.0
170.68	111.0
195.72	111.0
253.64	111.0
265.8	111.0
291.64	111.0
308.36	111.0
318.96	111.0
323.64	111.0
336.44	111.0
347.36	111.0
393.36	111.0
424.2	111.0
439.96	111.0
465.44	111.0
481.44	111.0
501.24	111.0
524.36	111.0
548.92	111.0
573.44	111.0
630.28	111.0
653.28	111.0
672.28	111.0
690.6	111.0
717.28	111.0
739.08	111.0
753.52	111.0
773.88	111.0
777.96	111.0
798.64	111.0
836.04	111.0
859.28	111.0
883.04	111.0
911.72	111.0
966.8	111.0
1054.32	111.0
1095.36	111.0
1135.88	111.0
1175.48	111.0
1212.92	111.0
1243.36	111.0
112.12	112.0
313.24	112.0
333.08	112.0
363.64	112.0
378.84	112.0
736.36	112.0
755.8	112.0
950.04	112.0
307.32	113.0
325.4	113.0
227.04	114.0
306.88	114.0
324.32	114.0
483.2	114.0
244.64	115.0
313.92	115.0
20.4	115.0
197.28	115.0
296.28	115.0
308.76	115.0
319.28	115.0
336.4	115.0
361.68	115.0
398.48	115.0
425.44	115.0
481.68	115.0
639.72	115.0
701.48	115.0
741.44	115.0
871.96	115.0
895.76	115.0
932.32	115.0
1225.6	115.0
1294.52	115.0
393.24	116.0
773.64	116.0
4.96	116.0
50.88	116.0
205.28	116.0
224.0	116.0
239.76	116.0
254.64	116.0
285.96	116.0
289.64	116.0
292.36	116.0
295.4	116.0
308.48	116.0
312.4	116.0
323.76	116.0
331.24	116.0
338.16	116.0
344.08	116.0
351.88	116.0
407.56	116.0
415.8	116.0
420.4	116.0
424.88	116.0
463.28	116.0
466.24	116.0
529.36	116.0
675.44	116.0
701.32	116.0
733.08	116.0
783.52	116.0
851.44	116.0
871.8	116.0
961.96	116.0
990.88	116.0
995.2	116.0
997.96	116.0
1126.64	116.0
1134.52	116.0
1154.8	116.0
1161.44	116.0
1197.44	116.0
1233.96	116.0
1238.12	116.0
313.04	117.0
361.8	117.0
630.44	117.0
307.4	117.0
319.28	117.0
331.52	117.0
378.76	117.0
423.6	117.0
456.28	117.0
578.64	117.0
672.56	117.0
738.52	117.0
885.8	117.0
306.4	118.0
318.76	118.0
329.64	118.0
336.44	118.0
344.12	118.0
354.6	118.0
367.64	118.0
381.32	118.0
424.2	118.0
445.8	118.0
468.52	118.0
526.64	118.0
611.24	118.0
647.88	118.0
722.08	118.0
765.4	118.0
770.6	118.0
813.56	118.0
978.56	118.0
306.32	119.0
310.68	119.0
463.92	119.0
11.16	120.0
44.88	120.0
75.76	120.0
123.12	120.0
191.6	120.0
194.2	120.0
258.8	120.0
277.32	120.0
312.68	120.0
353.36	120.0
378.96	120.0
381.76	120.0
408.92	120.0
543.84	120.0
557.28	120.0
626.24	120.0
675.48	120.0
755.4	120.0
776.36	120.0
911.04	120.0
