19.92	84.0
54.48	84.0
277.4	84.0
318.08	84.0
332.08	84.0
349.28	84.0
857.56	84.0
890.96	84.0
930.16	84.0
975.32	84.0
1249.96	84.0
7.4	85.0
284.76	85.0
311.12	85.0
324.84	85.0
752.24	85.0
824.6	85.0
852.76	85.0
1089.8	85.0
1132.8	85.0
1219.6	85.0
7.2	86.0
14.2	86.0
52.24	86.0
72.0	86.0
97.56	86.0
122.52	86.0
185.0	86.0
215.48	86.0
221.56	86.0
236.52	86.0
249.8	86.0
265.4	86.0
272.36	86.0
294.48	86.0
316.76	86.0
331.8	86.0
339.64	86.0
346.24	86.0
360.76	86.0
372.44	86.0
406.68	86.0
473.32	86.0
694.32	86.0
733.28	86.0
746.92	86.0
764.68	86.0
806.64	86.0
818.96	86.0
828.76	86.0
839.2	86.0
866.56	86.0
874.52	86.0
904.68	86.0
916.2	86.0
936.64	86.0
941.16	86.0
954.2	86.0
973.44	86.0
986.04	86.0
998.28	86.0
1009.68	86.0
1118.24	86.0
1181.6	86.0
1189.44	86.0
1213.12	86.0
1235.52	86.0
1248.32	86.0
1256.48	86.0
1268.76	86.0
1290.68	86.0
1305.52	86.0
141.6	86.0
162.72	86.0
311.32	86.0
320.28	86.0
325.76	86.0
334.64	86.0
388.32	86.0
411.36	86.0
666.0	86.0
688.64	86.0
880.96	86.0
677.04	87.0
681.44	87.0
954.32	87.0
1178.96	87.0
8.24	87.0
47.52	87.0
91.16	87.0
144.4	87.0
226.88	87.0
247.2	87.0
280.08	87.0
306.72	87.0
311.28	87.0
317.08	87.0
321.12	87.0
326.12	87.0
336.24	87.0
345.4	87.0
976.64	87.0
1090.2	87.0
1107.0	87.0
1199.48	87.0
1254.52	87.0
654.28	88.0
1186.84	88.0
106.64	88.0
302.6	88.0
315.88	88.0
320.0	88.0
346.36	88.0
361.28	88.0
408.8	88.0
767.0	88.0
869.72	88.0
1272.88	88.0
1264.24	89.0
6.84	89.0
38.6	89.0
98.2	89.0
306.0	89.0
311.56	89.0
346.48	89.0
375.52	89.0
659.76	89.0
835.48	89.0
848.72	89.0
1035.48	89.0
1150.72	89.0
1242.0	89.0
6.52	90.0
14.2	90.0
19.56	90.0
38.28	90.0
125.32	90.0
171.84	90.0
202.72	90.0
219.12	90.0
248.32	90.0
280.84	90.0
323.56	90.0
331.52	90.0
336.44	90.0
351.24	90.0
375.2	90.0
428.52	90.0
474.16	90.0
491.24	90.0
751.48	90.0
848.4	90.0
869.56	90.0
950.56	90.0
979.56	90.0
1068.08	90.0
1119.08	90.0
1169.0	90.0
1186.28	90.0
1219.52	90.0
1263.4	90.0
1278.12	90.0
1282.92	90.0
1291.4	90.0
306.84	91.0
317.2	91.0
718.92	91.0
3.48	92.0
32.52	92.0
192.68	92.0
228.68	92.0
268.52	92.0
306.12	92.0
316.36	92.0
336.8	92.0
419.36	92.0
662.04	92.0
702.16	92.0
740.92	92.0
806.52	92.0
828.08	92.0
868.0	92.0
916.16	92.0
960.28	92.0
1021.16	92.0
1124.4	92.0
1191.04	92.0
1230.88	92.0
17.36	92.0
42.08	92.0
75.08	92.0
108.0	92.0
124.4	92.0
137.68	92.0
175.0	92.0
196.44	92.0
208.88	92.0
243.76	92.0
248.44	92.0
296.12	92.0
302.68	92.0
364.6	92.0
379.72	92.0
398.96	92.0
426.56	92.0
461.12	92.0
639.12	92.0
665.6	92.0
706.72	92.0
745.6	92.0
751.36	92.0
964.6	92.0
1069.56	92.0
1148.52	92.0
1212.76	92.0
1235.12	92.0
1254.08	92.0
1269.48	92.0
1281.36	92.0
1299.24	92.0
1202.96	93.0
332.84	93.0
1049.64	93.0
282.92	94.0
726.44	94.0
34.6	94.0
221.56	94.0
316.28	94.0
324.72	94.0
366.08	94.0
400.0	94.0
446.84	94.0
796.88	94.0
876.2	94.0
1191.2	94.0
312.16	95.0
171.2	95.0
327.76	95.0
685.12	95.0
931.6	95.0
1123.96	95.0
1185.72	95.0
307.56	96.0
6.6	96.0
269.4	96.0
325.52	96.0
369.6	96.0
414.0	96.0
463.52	96.0
1245.56	96.0
1299.96	96.0
29.8	97.0
189.68	97.0
326.0	97.0
353.16	97.0
953.92	97.0
302.56	97.0
306.2	97.0
754.72	97.0
820.6	97.0
1265.48	97.0
306.36	98.0
147.92	98.0
190.96	98.0
920.68	98.0
1199.28	98.0
1284.72	98.0
16.04	99.0
309.52	99.0
314.36	99.0
319.64	99.0
327.92	99.0
335.76	99.0
345.24	99.0
704.68	99.0
754.8	99.0
1189.88	99.0
306.84	100.0
127.4	100.0
198.32	100.0
264.76	100.0
331.28	100.0
557.8	100.0
723.28	100.0
750.6	100.0
912.08	100.0
1050.72	100.0
1069.2	100.0
1088.92	100.0
1093.52	100.0
1171.2	100.0
1210.84	100.0
302.52	101.0
316.28	101.0
302.64	102.0
916.28	102.0
302.64	103.0
308.56	103.0
321.36	103.0
332.68	103.0
844.88	103.0
98.56	104.0
204.32	104.0
222.68	104.0
273.8	104.0
290.28	104.0
311.84	104.0
317.76	104.0
331.0	104.0
338.64	104.0
351.2	104.0
399.36	104.0
686.16	104.0
718.92	104.0
823.8	104.0
874.64	104.0
889.12	104.0
920.32	104.0
964.92	104.0
972.64	104.0
1120.68	104.0
1186.4	104.0
1227.8	104.0
1257.56	104.0
74.52	106.0
99.48	106.0
474.6	106.0
976.88	106.0
1008.56	106.0
1022.28	106.0
1080.04	106.0
1221.52	107.0
23.72	107.0
31.76	107.0
225.04	107.0
271.08	107.0
307.48	107.0
322.52	107.0
423.32	107.0
756.88	107.0
818.92	107.0
1080.48	107.0
1115.6	107.0
1178.64	107.0
1182.28	107.0
1268.84	107.0
205.96	108.0
168.88	108.0
196.16	108.0
236.2	108.0
268.48	108.0
313.32	108.0
346.84	108.0
368.96	108.0
400.84	108.0
680.76	108.0
686.84	108.0
914.6	108.0
1176.72	108.0
1242.24	108.0
1259.72	108.0
1282.72	108.0
218.88	109.0
714.64	109.0
722.08	109.0
1219.32	109.0
1291.08	109.0
96.64	109.0
297.88	109.0
418.0	110.0
869.48	110.0
1280.76	110.0
159.84	110.0
285.56	110.0
297.56	110.0
351.4	110.0
376.6	110.0
388.36	110.0
456.24	110.0
466.2	110.0
702.44	110.0
749.84	110.0
883.16	110.0
930.64	110.0
1211.84	110.0
310.72	111.0
679.8	111.0
762.32	111.0
1246.8	111.0
35.96	111.0
203.4	111.0
220.64	111.0
274.12	111.0
283.72	111.0
297.56	111.0
306.12	111.0
321.32	111.0
324.4	111.0
330.72	111.0
337.08	111.0
356.88	111.0
365.8	111.0
398.72	111.0
418.16	111.0
423.68	111.0
442.56	111.0
467.76	111.0
647.2	111.0
684.12	111.0
706.16	111.0
723.04	111.0
745.12	111.0
781.44	111.0
809.0	111.0
818.6	111.0
846.92	111.0
851.52	111.0
869.6	111.0
918.48	111.0
953.76	111.0
962.88	111.0
972.44	111.0
975.96	111.0
1019.92	111.0
1023.84	111.0
1125.48	111.0
1211.8	111.0
1280.88	111.0
1284.44	111.0
36.04	112.0
324.16	112.0
30.24	112.0
124.28	112.0
128.56	112.0
203.76	112.0
214.88	112.0
283.48	112.0
342.64	112.0
472.24	112.0
792.48	112.0
883.32	112.0
903.6	112.0
1117.32	112.0
1210.28	112.0
1238.76	112.0
342.56	113.0
306.64	114.0
987.48	114.0
1109.12	114.0
315.76	115.0
40.04	115.0
172.12	115.0
204.32	115.0
259.16	115.0
311.48	115.0
321.2	115.0
351.64	115.0
388.64	115.0
456.48	115.0
702.68	115.0
750.08	115.0
823.92	115.0
930.88	115.0
1119.44	115.0
1163.88	115.0
1213.32	115.0
1271.76	115.0
324.2	116.0
351.36	116.0
399.36	116.0
652.68	116.0
744.76	116.0
811.8	116.0
972.28	116.0
989.36	116.0
1119.96	116.0
4.16	116.0
65.32	116.0
94.76	116.0
103.92	116.0
116.68	116.0
167.04	116.0
172.08	116.0
231.12	116.0
267.16	116.0
270.2	116.0
285.08	116.0
308.84	116.0
312.0	116.0
316.16	116.0
329.12	116.0
336.12	116.0
561.28	116.0
664.08	116.0
680.08	116.0
684.76	116.0
690.72	116.0
714.6	116.0
720.32	116.0
750.72	116.0
753.44	116.0
802.44	116.0
807.96	116.0
823.08	116.0
849.36	116.0
881.96	116.0
892.32	116.0
915.4	116.0
937.4	116.0
943.4	116.0
960.16	116.0
1027.2	116.0
1091.52	116.0
1147.4	116.0
1173.88	116.0
1185.84	116.0
1213.52	116.0
1239.6	116.0
1263.96	116.0
1291.0	116.0
96.92	117.0
336.72	117.0
108.6	117.0
255.56	117.0
311.28	117.0
326.48	117.0
366.12	117.0
679.8	117.0
762.36	117.0
954.08	117.0
976.24	117.0
1246.76	117.0
687.4	118.0
792.56	118.0
97.12	118.0
223.08	118.0
268.68	118.0
297.56	118.0
310.08	118.0
317.28	118.0
324.28	118.0
327.88	118.0
336.08	118.0
352.04	118.0
376.56	118.0
437.32	118.0
459.0	118.0
859.56	118.0
1221.76	118.0
1253.68	118.0
1271.8	118.0
310.6	119.0
168.28	120.0
1026.68	120.0
3.84	120.0
10.6	120.0
56.8	120.0
306.16	120.0
375.36	120.0
747.48	120.0
876.76	120.0
937.24	120.0
983.48	120.0
1151.44	120.0
1210.92	120.0
1221.28	120.0
1254.0	120.0
1283.0	120.0
