307.0	84.0
302.44	84.0
326.76	84.0
66.16	85.0
96.04	85.0
368.56	85.0
406.6	85.0
421.28	85.0
447.92	85.0
484.6	85.0
523.32	85.0
538.96	85.0
569.92	85.0
584.08	85.0
667.52	85.0
682.12	85.0
766.48	85.0
814.16	85.0
859.76	85.0
924.68	85.0
951.12	85.0
1059.52	85.0
1079.88	85.0
1087.64	85.0
1151.84	85.0
1159.84	85.0
1191.88	85.0
1244.92	85.0
1283.76	85.0
18.8	86.0
45.44	86.0
71.6	86.0
93.52	86.0
122.44	86.0
171.32	86.0
203.8	86.0
232.36	86.0
293.52	86.0
314.4	86.0
324.52	86.0
361.6	86.0
392.2	86.0
539.0	86.0
568.08	86.0
604.2	86.0
725.96	86.0
825.64	86.0
885.04	86.0
910.04	86.0
931.4	86.0
986.92	86.0
1148.76	86.0
1155.44	86.0
1211.16	86.0
1237.28	86.0
1304.64	86.0
59.6	86.0
309.44	86.0
318.68	86.0
329.72	86.0
337.84	86.0
349.28	86.0
383.92	86.0
394.72	86.0
419.84	86.0
443.88	86.0
446.72	86.0
1263.44	86.0
1272.52	86.0
27.32	87.0
82.96	87.0
280.96	87.0
307.52	87.0
311.96	87.0
320.84	87.0
323.44	87.0
334.48	87.0
339.24	87.0
349.36	87.0
358.04	87.0
367.28	87.0
384.2	87.0
403.56	87.0
518.16	87.0
537.04	87.0
679.52	87.0
838.44	87.0
933.04	87.0
1058.44	87.0
1179.64	87.0
306.24	88.0
340.44	88.0
914.52	88.0
146.92	88.0
166.48	88.0
198.04	88.0
212.72	88.0
302.6	88.0
313.92	88.0
319.92	88.0
329.68	88.0
893.28	88.0
1125.96	88.0
1283.52	88.0
174.92	89.0
326.92	89.0
342.04	89.0
416.72	89.0
1120.44	89.0
333.84	90.0
183.12	90.0
233.72	90.0
286.36	90.0
312.72	90.0
316.56	90.0
326.6	90.0
341.48	90.0
398.76	90.0
987.0	90.0
994.32	90.0
1216.08	90.0
308.96	91.0
420.8	91.0
436.64	91.0
328.16	91.0
340.28	91.0
1062.84	91.0
306.68	92.0
340.32	92.0
366.76	92.0
382.28	92.0
394.96	92.0
406.76	92.0
452.76	92.0
470.96	92.0
523.6	92.0
564.64	92.0
595.84	92.0
637.08	92.0
679.04	92.0
765.68	92.0
876.4	92.0
907.04	92.0
933.52	92.0
973.44	92.0
1039.84	92.0
1088.72	92.0
1126.56	92.0
1219.12	92.0
1304.4	92.0
233.12	92.0
290.4	92.0
302.68	92.0
335.6	92.0
427.32	92.0
442.36	92.0
499.32	92.0
539.4	92.0
613.64	92.0
716.08	92.0
795.76	92.0
1285.64	92.0
178.96	93.0
269.72	93.0
295.52	93.0
306.56	93.0
330.84	93.0
372.88	93.0
424.12	93.0
434.2	93.0
455.64	93.0
470.24	93.0
483.92	93.0
506.56	93.0
523.0	93.0
536.32	93.0
567.84	93.0
585.76	93.0
601.32	93.0
634.68	93.0
656.2	93.0
666.2	93.0
693.96	93.0
701.96	93.0
718.64	93.0
722.52	93.0
740.04	93.0
743.6	93.0
770.68	93.0
787.72	93.0
791.0	93.0
810.2	93.0
819.76	93.0
840.16	93.0
865.52	93.0
869.96	93.0
900.04	93.0
905.0	93.0
913.2	93.0
934.0	93.0
952.52	93.0
975.04	93.0
1000.04	93.0
1009.48	93.0
1034.32	93.0
1059.0	93.0
1086.4	93.0
1129.88	93.0
1149.8	93.0
1166.96	93.0
1193.4	93.0
1248.2	93.0
1273.96	93.0
1282.48	93.0
393.08	93.0
444.6	93.0
616.84	93.0
673.8	93.0
763.36	93.0
925.16	93.0
402.32	94.0
617.28	94.0
327.16	94.0
342.48	94.0
353.8	94.0
368.4	94.0
382.12	94.0
394.08	94.0
428.08	94.0
771.28	94.0
994.68	94.0
371.76	95.0
20.92	95.0
116.44	95.0
150.96	95.0
266.04	95.0
307.68	95.0
435.68	95.0
605.88	95.0
637.04	95.0
677.24	95.0
731.4	95.0
823.92	95.0
906.12	95.0
936.36	95.0
1017.36	95.0
1062.0	95.0
1090.08	95.0
1160.44	95.0
1248.32	95.0
1284.84	95.0
311.36	96.0
222.32	96.0
302.84	96.0
1063.2	96.0
302.6	97.0
306.36	97.0
328.52	97.0
420.72	97.0
704.72	97.0
889.08	97.0
1224.08	97.0
306.6	98.0
371.96	98.0
422.12	98.0
1232.32	98.0
277.96	99.0
309.8	99.0
315.0	99.0
321.04	99.0
327.36	99.0
335.6	99.0
380.2	99.0
394.52	99.0
417.56	99.0
659.76	99.0
807.52	99.0
1000.92	99.0
1226.24	99.0
397.52	100.0
54.52	100.0
141.0	100.0
225.76	100.0
291.4	100.0
333.68	100.0
420.48	100.0
443.28	100.0
512.52	100.0
654.76	100.0
693.64	100.0
724.2	100.0
818.36	100.0
857.28	100.0
890.16	100.0
973.44	100.0
1028.88	100.0
1089.6	100.0
1189.44	100.0
1260.88	100.0
302.48	101.0
420.08	101.0
236.52	102.0
302.68	102.0
302.6	103.0
616.72	103.0
379.88	104.0
467.56	104.0
504.64	104.0
536.36	104.0
566.0	104.0
673.64	104.0
692.12	104.0
763.24	104.0
902.96	104.0
925.0	104.0
950.76	104.0
1008.36	104.0
1280.96	104.0
151.92	104.0
230.52	104.0
234.92	104.0
310.4	104.0
317.44	104.0
325.48	104.0
332.0	104.0
338.8	104.0
349.92	104.0
357.48	104.0
375.08	104.0
402.88	104.0
458.24	104.0
620.64	104.0
809.12	104.0
894.08	104.0
935.2	104.0
1046.24	104.0
1084.04	104.0
1137.56	104.0
1203.92	104.0
327.84	106.0
339.84	106.0
347.36	106.0
357.52	106.0
385.52	106.0
401.64	106.0
421.36	106.0
448.2	106.0
467.4	106.0
513.52	106.0
603.0	106.0
473.52	107.0
147.48	107.0
251.52	107.0
307.92	107.0
320.8	107.0
323.52	107.0
331.6	107.0
358.68	107.0
375.24	107.0
384.84	107.0
410.28	107.0
428.56	107.0
433.8	107.0
501.32	107.0
569.96	107.0
646.2	107.0
666.96	107.0
793.88	107.0
843.04	107.0
1108.0	107.0
1157.8	107.0
1192.72	107.0
1228.0	107.0
295.6	108.0
308.12	108.0
314.4	108.0
335.24	108.0
361.6	108.0
722.16	108.0
810.12	108.0
977.28	108.0
1034.56	108.0
1193.4	108.0
1266.24	108.0
182.88	109.0
308.52	109.0
341.24	109.0
451.16	109.0
309.84	110.0
317.84	110.0
355.64	110.0
510.44	110.0
536.76	110.0
341.12	110.0
381.76	110.0
404.04	110.0
433.76	110.0
467.64	110.0
482.88	110.0
591.72	110.0
617.8	110.0
838.8	110.0
13.4	111.0
69.76	111.0
144.52	111.0
172.84	111.0
182.12	111.0
218.08	111.0
233.88	111.0
294.4	111.0
306.0	111.0
317.96	111.0
330.2	111.0
339.4	111.0
361.76	111.0
373.36	111.0
401.8	111.0
410.2	111.0
449.8	111.0
509.08	111.0
531.88	111.0
534.76	111.0
640.4	111.0
682.48	111.0
738.76	111.0
777.0	111.0
816.48	111.0
910.72	111.0
928.56	111.0
976.64	111.0
1009.96	111.0
1043.28	111.0
1082.52	111.0
1090.72	111.0
1131.68	111.0
1150.96	111.0
1161.96	111.0
1237.0	111.0
1289.2	111.0
267.2	112.0
368.48	112.0
584.88	112.0
660.52	112.0
715.48	112.0
864.44	112.0
927.68	112.0
1044.08	112.0
307.04	114.0
266.8	114.0
12.76	115.0
101.6	115.0
112.56	115.0
193.32	115.0
269.64	115.0
307.2	115.0
315.2	115.0
382.12	115.0
391.44	115.0
420.68	115.0
434.08	115.0
451.28	115.0
467.92	115.0
483.12	115.0
496.52	115.0
510.88	115.0
552.32	115.0
574.48	115.0
592.0	115.0
618.08	115.0
634.84	115.0
684.32	115.0
703.44	115.0
742.48	115.0
765.64	115.0
791.04	115.0
881.44	115.0
932.08	115.0
1131.88	115.0
1241.48	115.0
308.0	116.0
332.36	116.0
341.84	116.0
357.76	116.0
482.8	116.0
572.84	116.0
614.6	116.0
1169.0	116.0
1242.04	116.0
15.16	116.0
57.2	116.0
228.16	116.0
234.04	116.0
293.92	116.0
312.16	116.0
316.76	116.0
329.4	116.0
344.6	116.0
360.8	116.0
363.84	116.0
410.4	116.0
428.84	116.0
441.96	116.0
451.4	116.0
516.6	116.0
551.84	116.0
746.36	116.0
910.44	116.0
929.8	116.0
932.32	116.0
995.48	116.0
1000.24	116.0
1014.64	116.0
1119.04	116.0
1201.32	116.0
1220.6	116.0
1275.16	116.0
1302.24	116.0
328.52	117.0
346.96	117.0
365.4	117.0
468.12	117.0
306.28	117.0
313.24	117.0
318.32	117.0
450.08	117.0
839.04	117.0
111.68	118.0
231.2	118.0
309.84	118.0
317.88	118.0
339.36	118.0
836.92	118.0
1199.12	118.0
68.0	118.0
180.52	118.0
265.4	118.0
306.52	118.0
315.08	118.0
326.76	118.0
334.16	118.0
353.16	118.0
535.0	118.0
616.8	118.0
766.8	118.0
928.72	118.0
983.48	118.0
991.72	118.0
1132.16	118.0
1287.56	118.0
17.4	119.0
141.32	119.0
310.88	119.0
329.16	119.0
149.32	120.0
215.32	120.0
306.04	120.0
367.96	120.0
397.44	120.0
482.92	120.0
648.16	120.0
960.92	120.0
991.16	120.0
1251.36	120.0
