144.12	84.0
306.08	84.0
94.88	85.0
160.92	85.0
224.16	85.0
312.0	85.0
335.08	85.0
390.56	85.0
456.0	85.0
511.88	85.0
715.84	85.0
775.48	85.0
1137.08	85.0
1295.52	85.0
1326.72	85.0
1378.44	85.0
65.12	86.0
91.52	86.0
110.84	86.0
124.48	86.0
132.48	86.0
144.12	86.0
177.76	86.0
182.56	86.0
200.04	86.0
219.76	86.0
223.04	86.0
243.32	86.0
281.12	86.0
299.44	86.0
314.16	86.0
337.24	86.0
351.0	86.0
358.88	86.0
387.28	86.0
452.84	86.0
497.8	86.0
514.28	86.0
527.76	86.0
543.48	86.0
551.32	86.0
595.6	86.0
616.08	86.0
675.88	86.0
703.72	86.0
712.48	86.0
753.2	86.0
766.0	86.0
784.84	86.0
812.04	86.0
825.4	86.0
842.36	86.0
869.88	86.0
944.52	86.0
979.0	86.0
1004.12	86.0
1080.0	86.0
1102.16	86.0
1181.52	86.0
1194.84	86.0
1247.08	86.0
1280.56	86.0
1291.96	86.0
1373.16	86.0
1401.92	86.0
310.28	86.0
319.56	86.0
326.76	86.0
342.0	86.0
391.04	86.0
718.0	86.0
742.64	86.0
769.92	86.0
1198.24	86.0
738.28	87.0
1375.96	87.0
10.12	87.0
129.84	87.0
144.0	87.0
162.6	87.0
191.52	87.0
197.64	87.0
239.0	87.0
248.72	87.0
283.4	87.0
307.6	87.0
311.76	87.0
316.36	87.0
333.12	87.0
385.44	87.0
447.96	87.0
462.12	87.0
503.76	87.0
517.12	87.0
583.68	87.0
644.28	87.0
719.64	87.0
731.32	87.0
741.52	87.0
749.52	87.0
766.6	87.0
799.72	87.0
822.16	87.0
852.8	87.0
1087.2	87.0
1149.24	87.0
1155.44	87.0
1171.64	87.0
1208.64	87.0
1214.36	87.0
1369.36	87.0
1383.04	87.0
311.2	88.0
835.64	88.0
1178.88	88.0
82.64	88.0
119.32	88.0
284.72	88.0
293.12	88.0
302.84	88.0
385.48	88.0
544.84	88.0
705.32	88.0
799.0	88.0
838.6	88.0
874.08	88.0
883.68	88.0
967.44	88.0
1172.64	88.0
1276.68	88.0
1297.2	88.0
1309.76	88.0
1346.92	88.0
1398.76	88.0
1405.28	88.0
299.68	89.0
307.36	89.0
403.64	89.0
860.64	89.0
926.12	89.0
1153.96	89.0
1200.84	89.0
68.32	90.0
117.0	90.0
140.4	90.0
212.64	90.0
262.16	90.0
313.44	90.0
330.32	90.0
352.44	90.0
363.8	90.0
403.32	90.0
533.24	90.0
569.84	90.0
705.04	90.0
767.0	90.0
845.64	90.0
887.52	90.0
1006.36	90.0
1130.84	90.0
1153.64	90.0
1165.92	90.0
1200.52	90.0
1221.32	90.0
1282.44	90.0
302.76	91.0
311.24	91.0
68.28	91.0
199.28	91.0
318.96	92.0
38.28	92.0
117.2	92.0
150.28	92.0
302.64	92.0
709.4	92.0
714.24	92.0
964.84	92.0
1201.76	92.0
1395.64	92.0
100.92	93.0
308.28	93.0
324.0	93.0
615.04	93.0
1029.92	93.0
1168.28	93.0
532.56	94.0
821.28	94.0
1167.24	94.0
308.52	94.0
344.28	94.0
852.2	94.0
1016.96	94.0
162.0	95.0
261.56	95.0
296.72	95.0
310.04	95.0
313.56	95.0
576.48	95.0
840.6	95.0
929.08	95.0
976.68	95.0
1139.0	95.0
1221.8	95.0
302.8	96.0
1250.04	96.0
179.64	97.0
302.44	97.0
306.28	97.0
771.96	97.0
821.44	97.0
1323.6	97.0
308.84	98.0
429.28	98.0
38.2	99.0
311.12	99.0
317.08	99.0
321.32	99.0
325.12	99.0
339.68	99.0
579.88	99.0
651.72	99.0
749.6	99.0
796.04	99.0
963.56	99.0
1075.96	99.0
1112.12	99.0
1394.96	99.0
14.72	100.0
177.64	100.0
198.84	100.0
296.68	100.0
308.96	100.0
330.8	100.0
410.16	100.0
446.52	100.0
565.92	100.0
654.08	100.0
693.6	100.0
833.28	100.0
1043.92	100.0
1221.0	100.0
1274.0	100.0
302.48	101.0
302.64	102.0
302.64	103.0
306.2	103.0
720.08	104.0
146.24	104.0
184.24	104.0
190.76	104.0
263.92	104.0
309.48	104.0
316.16	104.0
324.16	104.0
333.72	104.0
359.08	104.0
400.68	104.0
473.24	104.0
755.96	104.0
964.28	104.0
993.12	104.0
1034.84	104.0
1076.24	104.0
1089.88	104.0
1152.8	104.0
1223.28	104.0
1286.32	104.0
306.08	106.0
690.72	106.0
709.04	106.0
722.24	106.0
943.12	106.0
1308.0	106.0
1343.92	106.0
25.36	107.0
93.6	107.0
176.32	107.0
265.52	107.0
307.72	107.0
318.44	107.0
337.52	107.0
527.36	107.0
570.36	107.0
601.56	107.0
716.64	107.0
752.36	107.0
863.08	107.0
955.8	107.0
1038.36	107.0
1085.8	107.0
1222.24	107.0
1319.6	107.0
1371.96	107.0
11.76	108.0
127.96	108.0
181.92	108.0
250.96	108.0
311.8	108.0
322.2	108.0
335.24	108.0
458.16	108.0
700.36	108.0
747.72	108.0
798.04	108.0
838.68	108.0
917.32	108.0
955.28	108.0
1074.0	108.0
1134.48	108.0
1331.2	108.0
212.36	109.0
532.96	109.0
684.92	109.0
937.68	109.0
17.24	109.0
306.16	109.0
319.12	109.0
1153.64	109.0
302.6	110.0
308.16	110.0
343.4	110.0
581.44	110.0
199.48	110.0
368.16	110.0
1175.0	110.0
192.88	111.0
294.4	111.0
306.32	111.0
716.24	111.0
39.12	111.0
81.56	111.0
138.88	111.0
177.92	111.0
182.12	111.0
197.68	111.0
261.36	111.0
266.2	111.0
313.08	111.0
368.12	111.0
385.44	111.0
402.56	111.0
482.56	111.0
525.24	111.0
581.68	111.0
611.56	111.0
637.68	111.0
677.08	111.0
724.64	111.0
742.36	111.0
765.6	111.0
773.04	111.0
804.4	111.0
903.4	111.0
926.04	111.0
937.16	111.0
980.44	111.0
1024.0	111.0
1034.68	111.0
1053.68	111.0
1063.72	111.0
1098.52	111.0
1158.28	111.0
1199.68	111.0
1220.12	111.0
1246.36	111.0
1283.36	111.0
1286.32	111.0
1329.28	111.0
1353.08	111.0
1402.56	111.0
217.2	112.0
366.64	112.0
415.72	112.0
466.8	112.0
700.92	112.0
742.0	112.0
1063.44	112.0
1199.6	112.0
1345.4	112.0
1153.24	113.0
306.32	114.0
1377.76	114.0
322.32	115.0
1229.36	115.0
35.24	115.0
189.88	115.0
250.84	115.0
296.64	115.0
306.96	115.0
313.16	115.0
619.2	115.0
750.2	115.0
799.32	115.0
968.32	115.0
1115.76	115.0
1175.24	115.0
1200.44	115.0
1262.96	115.0
308.24	116.0
714.96	116.0
126.04	116.0
151.68	116.0
156.48	116.0
180.88	116.0
247.32	116.0
250.8	116.0
261.16	116.0
275.2	116.0
296.04	116.0
318.92	116.0
329.44	116.0
356.88	116.0
392.0	116.0
404.32	116.0
453.16	116.0
533.16	116.0
577.28	116.0
601.32	116.0
660.2	116.0
684.92	116.0
705.12	116.0
726.56	116.0
747.2	116.0
761.76	116.0
817.24	116.0
830.4	116.0
836.0	116.0
851.6	116.0
864.52	116.0
911.28	116.0
948.04	116.0
1029.24	116.0
1041.16	116.0
1047.52	116.0
1080.16	116.0
1092.8	116.0
1100.32	116.0
1115.72	116.0
1139.64	116.0
1153.32	116.0
1200.88	116.0
1228.8	116.0
1232.12	116.0
1277.0	116.0
1289.96	116.0
1305.8	116.0
1327.52	116.0
192.96	117.0
294.4	117.0
322.72	117.0
364.44	117.0
385.68	117.0
404.8	117.0
717.44	117.0
1024.32	117.0
1129.16	117.0
1200.08	117.0
1220.76	117.0
1246.72	117.0
259.32	118.0
763.12	118.0
934.76	118.0
1126.72	118.0
1197.44	118.0
136.88	118.0
306.84	118.0
322.56	118.0
336.88	118.0
567.0	118.0
1218.6	118.0
1329.84	118.0
1375.96	118.0
52.96	119.0
152.08	119.0
310.84	119.0
53.6	120.0
151.08	120.0
192.48	120.0
199.08	120.0
309.68	120.0
581.76	120.0
770.48	120.0
846.24	120.0
866.76	120.0
1031.24	120.0
1133.04	120.0
