41.48	84.0
345.8	84.0
75.36	85.0
306.48	85.0
313.12	85.0
349.2	85.0
465.16	85.0
484.12	85.0
964.12	85.0
1037.52	85.0
1084.88	85.0
36.44	86.0
108.04	86.0
169.56	86.0
245.16	86.0
333.12	86.0
344.56	86.0
404.0	86.0
436.0	86.0
454.88	86.0
488.32	86.0
547.48	86.0
636.96	86.0
652.08	86.0
674.8	86.0
894.32	86.0
919.96	86.0
933.8	86.0
946.08	86.0
984.28	86.0
995.64	86.0
1032.16	86.0
1062.0	86.0
295.32	86.0
302.88	86.0
308.64	86.0
313.08	86.0
324.0	86.0
340.96	86.0
362.08	86.0
1138.68	86.0
994.36	87.0
15.12	87.0
23.96	87.0
96.88	87.0
106.28	87.0
150.12	87.0
171.28	87.0
197.64	87.0
222.16	87.0
288.24	87.0
307.4	87.0
313.88	87.0
319.0	87.0
323.8	87.0
331.48	87.0
339.76	87.0
367.24	87.0
377.96	87.0
403.88	87.0
472.04	87.0
513.76	87.0
519.52	87.0
539.52	87.0
565.32	87.0
616.56	87.0
651.84	87.0
685.96	87.0
772.92	87.0
819.84	87.0
853.6	87.0
874.68	87.0
901.88	87.0
923.68	87.0
934.4	87.0
952.72	87.0
1031.0	87.0
1070.4	87.0
1095.0	87.0
1117.84	87.0
1144.92	87.0
1268.44	87.0
1280.0	87.0
988.76	88.0
1030.92	88.0
123.44	88.0
127.68	88.0
261.56	88.0
276.8	88.0
302.76	88.0
324.16	88.0
336.96	88.0
341.76	88.0
478.4	88.0
577.08	88.0
636.72	88.0
649.6	88.0
665.28	88.0
861.04	88.0
889.92	88.0
919.28	88.0
950.44	88.0
1004.44	88.0
1027.64	88.0
1261.24	88.0
215.88	89.0
318.88	89.0
482.24	89.0
928.92	89.0
991.84	90.0
97.44	90.0
114.96	90.0
164.76	90.0
308.68	90.0
313.0	90.0
323.52	90.0
331.8	90.0
339.36	90.0
364.56	90.0
378.4	90.0
454.16	90.0
928.64	90.0
995.6	90.0
1032.28	90.0
1052.64	90.0
302.72	91.0
339.88	91.0
309.4	91.0
384.64	91.0
646.88	91.0
1189.16	91.0
340.8	92.0
348.52	92.0
420.28	92.0
485.96	92.0
269.04	92.0
293.72	92.0
302.68	92.0
316.56	92.0
326.64	92.0
334.2	92.0
424.52	92.0
490.96	92.0
643.32	92.0
958.0	92.0
1034.68	92.0
1067.6	92.0
1164.08	92.0
1189.88	92.0
306.2	93.0
469.88	93.0
974.76	93.0
1159.64	93.0
415.8	93.0
309.12	94.0
454.56	94.0
1129.08	94.0
311.8	94.0
333.72	94.0
345.88	94.0
380.52	94.0
394.08	94.0
413.76	94.0
433.32	94.0
547.84	94.0
611.92	94.0
930.36	94.0
1029.8	94.0
1061.56	94.0
1247.8	94.0
22.0	95.0
228.6	95.0
289.16	95.0
306.44	95.0
514.48	95.0
722.28	95.0
824.6	95.0
928.88	95.0
1037.44	95.0
1191.68	95.0
302.84	96.0
302.48	97.0
142.04	97.0
306.72	97.0
311.24	97.0
320.96	97.0
323.84	97.0
335.08	97.0
351.44	97.0
934.4	97.0
48.12	98.0
386.04	98.0
15.68	99.0
238.2	99.0
261.68	99.0
310.96	99.0
318.2	99.0
327.8	99.0
543.72	99.0
667.72	99.0
812.84	99.0
859.0	99.0
897.12	99.0
1034.4	99.0
1075.08	99.0
1182.16	99.0
38.96	100.0
134.28	100.0
257.96	100.0
262.08	100.0
413.8	100.0
539.04	100.0
541.96	100.0
632.56	100.0
668.2	100.0
896.64	100.0
932.36	100.0
991.76	100.0
1034.36	100.0
1068.2	100.0
1101.0	100.0
302.48	101.0
306.8	101.0
302.64	102.0
307.28	102.0
302.64	103.0
324.96	103.0
345.52	103.0
948.96	103.0
412.72	103.0
457.64	103.0
324.92	104.0
415.64	104.0
429.56	104.0
482.36	104.0
927.36	104.0
948.88	104.0
1025.76	104.0
24.32	104.0
53.56	104.0
208.88	104.0
258.56	104.0
265.84	104.0
306.8	104.0
311.48	104.0
318.24	104.0
333.92	104.0
343.08	104.0
354.96	104.0
380.8	104.0
432.16	104.0
516.08	104.0
548.2	104.0
581.72	104.0
609.16	104.0
668.96	104.0
835.2	104.0
956.6	104.0
1008.32	104.0
1068.16	104.0
1132.96	104.0
411.72	106.0
436.2	106.0
453.6	106.0
308.0	107.0
28.36	107.0
71.0	107.0
252.08	107.0
286.2	107.0
294.44	107.0
314.4	107.0
320.28	107.0
328.36	107.0
360.56	107.0
415.56	107.0
418.28	107.0
431.72	107.0
542.96	107.0
589.92	107.0
825.56	107.0
873.4	107.0
902.28	107.0
928.2	107.0
993.12	107.0
1092.84	107.0
1128.36	107.0
1205.48	107.0
1284.08	107.0
148.28	108.0
169.64	108.0
218.2	108.0
258.88	108.0
271.24	108.0
311.52	108.0
322.44	108.0
345.64	108.0
428.68	108.0
490.44	108.0
820.84	108.0
856.08	108.0
896.2	108.0
936.32	108.0
967.44	108.0
997.76	108.0
1037.56	108.0
1125.64	108.0
307.4	109.0
308.36	110.0
319.84	110.0
333.8	110.0
393.56	110.0
1033.52	110.0
172.6	110.0
313.2	110.0
451.56	110.0
500.44	110.0
865.84	110.0
1068.8	110.0
309.28	111.0
30.16	111.0
70.44	111.0
107.52	111.0
148.76	111.0
172.24	111.0
210.04	111.0
252.6	111.0
294.32	111.0
306.24	111.0
313.08	111.0
320.0	111.0
340.64	111.0
350.0	111.0
376.56	111.0
460.68	111.0
494.64	111.0
538.32	111.0
541.4	111.0
672.48	111.0
817.92	111.0
855.8	111.0
861.08	111.0
932.32	111.0
937.96	111.0
978.64	111.0
996.56	111.0
1011.4	111.0
1032.92	111.0
1065.48	111.0
1102.64	111.0
1152.32	111.0
1205.6	111.0
1297.96	111.0
306.32	112.0
46.84	112.0
314.28	112.0
464.48	112.0
484.08	112.0
665.96	112.0
825.48	112.0
987.52	112.0
1110.56	112.0
1141.68	112.0
362.4	113.0
539.92	113.0
307.64	114.0
311.84	114.0
897.68	114.0
64.96	115.0
172.8	115.0
239.0	115.0
308.88	115.0
313.48	115.0
340.72	115.0
481.4	115.0
510.92	115.0
619.44	115.0
875.4	115.0
1068.96	115.0
1133.48	115.0
398.76	116.0
410.36	116.0
958.08	116.0
17.16	116.0
25.48	116.0
71.24	116.0
93.52	116.0
137.4	116.0
155.56	116.0
172.88	116.0
198.96	116.0
226.64	116.0
252.32	116.0
296.8	116.0
307.76	116.0
312.4	116.0
319.12	116.0
323.84	116.0
327.16	116.0
339.08	116.0
378.24	116.0
384.44	116.0
417.08	116.0
445.72	116.0
473.88	116.0
481.28	116.0
511.8	116.0
539.48	116.0
543.12	116.0
559.96	116.0
614.6	116.0
710.84	116.0
757.08	116.0
767.2	116.0
822.32	116.0
864.84	116.0
882.28	116.0
890.6	116.0
934.88	116.0
950.84	116.0
954.04	116.0
963.76	116.0
994.0	116.0
1037.64	116.0
1059.12	116.0
1069.12	116.0
1098.44	116.0
1104.16	116.0
1123.32	116.0
1142.12	116.0
1152.72	116.0
1187.08	116.0
1204.72	116.0
1299.8	116.0
285.64	117.0
308.56	117.0
339.76	117.0
364.12	117.0
414.68	117.0
452.68	117.0
1152.72	117.0
313.6	117.0
325.68	117.0
393.96	117.0
874.88	117.0
938.28	117.0
105.44	118.0
319.84	118.0
27.08	118.0
43.76	118.0
306.8	118.0
311.84	118.0
323.56	118.0
336.44	118.0
506.88	118.0
665.28	118.0
952.04	118.0
1048.64	118.0
69.92	119.0
138.48	119.0
845.2	119.0
919.28	119.0
991.52	119.0
1063.92	119.0
1238.2	119.0
157.92	120.0
306.04	120.0
313.8	120.0
362.0	120.0
387.64	120.0
483.6	120.0
517.8	120.0
664.72	120.0
897.36	120.0
