338.48	84.0
302.52	84.0
305.68	84.0
317.04	84.0
810.04	84.0
832.72	84.0
858.48	84.0
345.48	85.0
829.56	85.0
18.36	86.0
60.4	86.0
214.76	86.0
241.64	86.0
265.68	86.0
285.52	86.0
296.48	86.0
309.36	86.0
316.32	86.0
350.8	86.0
359.48	86.0
413.28	86.0
438.16	86.0
464.84	86.0
487.84	86.0
513.72	86.0
658.44	86.0
711.56	86.0
798.2	86.0
808.44	86.0
814.52	86.0
832.52	86.0
845.44	86.0
859.0	86.0
866.44	86.0
891.64	86.0
911.04	86.0
950.16	86.0
980.84	86.0
986.48	86.0
1000.24	86.0
1052.84	86.0
1300.84	86.0
1329.44	86.0
1339.96	86.0
1365.12	86.0
1370.52	86.0
1380.76	86.0
305.44	86.0
327.92	86.0
337.2	86.0
368.04	86.0
837.28	86.0
880.6	86.0
898.76	86.0
983.44	86.0
1394.64	86.0
1397.6	86.0
359.76	87.0
266.44	87.0
289.16	87.0
304.8	87.0
314.12	87.0
319.6	87.0
322.12	87.0
326.8	87.0
333.12	87.0
370.24	87.0
520.48	87.0
782.0	87.0
789.76	87.0
830.28	87.0
896.68	87.0
957.08	87.0
1311.8	87.0
1359.84	87.0
1392.04	87.0
13.92	88.0
85.36	88.0
257.28	88.0
282.16	88.0
299.44	88.0
303.56	88.0
317.24	88.0
336.84	88.0
385.0	88.0
408.8	88.0
451.72	88.0
468.16	88.0
507.08	88.0
569.04	88.0
826.48	88.0
865.4	88.0
874.48	88.0
909.4	88.0
913.08	88.0
956.48	88.0
965.24	88.0
985.04	88.0
1021.92	88.0
1057.88	88.0
1092.68	88.0
1219.44	88.0
1304.12	88.0
1350.28	88.0
1391.56	88.0
304.04	89.0
124.52	89.0
323.16	89.0
359.16	89.0
380.68	89.0
914.08	89.0
926.88	89.0
1004.08	89.0
1086.92	89.0
1085.52	90.0
169.44	90.0
287.48	90.0
308.4	90.0
331.36	90.0
380.44	90.0
467.96	90.0
484.64	90.0
539.12	90.0
795.88	90.0
815.16	90.0
846.68	90.0
870.04	90.0
896.6	90.0
909.8	90.0
1323.08	90.0
1394.64	90.0
302.72	91.0
323.6	91.0
31.08	91.0
317.28	91.0
327.68	91.0
354.52	91.0
878.0	91.0
1138.56	91.0
306.08	92.0
302.72	92.0
316.92	92.0
847.68	92.0
936.48	92.0
968.48	92.0
1205.84	92.0
1358.24	92.0
306.88	93.0
619.56	93.0
1067.04	93.0
304.6	94.0
484.76	94.0
535.16	94.0
851.56	94.0
1261.8	94.0
1382.0	94.0
30.76	94.0
328.76	94.0
352.44	94.0
382.68	94.0
857.16	94.0
884.88	94.0
1000.36	94.0
267.28	95.0
304.4	95.0
321.6	95.0
427.12	95.0
821.2	95.0
1384.16	95.0
302.84	96.0
357.8	97.0
405.32	97.0
560.84	97.0
584.64	97.0
848.32	97.0
877.8	97.0
978.0	97.0
1129.48	97.0
1379.4	97.0
77.16	97.0
130.2	97.0
285.32	97.0
307.04	97.0
448.44	97.0
485.6	97.0
884.88	97.0
935.96	97.0
1024.2	97.0
1361.4	97.0
336.04	98.0
305.04	99.0
312.8	99.0
319.52	99.0
831.32	99.0
847.48	99.0
978.56	99.0
1000.24	99.0
1030.84	99.0
1221.76	99.0
1358.24	99.0
69.44	100.0
86.12	100.0
169.2	100.0
293.52	100.0
305.12	100.0
410.96	100.0
508.72	100.0
842.72	100.0
861.72	100.0
1011.28	100.0
1085.48	100.0
302.52	101.0
872.96	101.0
302.64	102.0
307.04	102.0
303.36	103.0
305.96	103.0
1344.72	103.0
16.04	104.0
87.68	104.0
263.08	104.0
297.84	104.0
304.76	104.0
311.88	104.0
325.96	104.0
337.32	104.0
353.04	104.0
511.6	104.0
538.52	104.0
722.92	104.0
790.36	104.0
808.12	104.0
847.76	104.0
881.68	104.0
911.76	104.0
934.8	104.0
958.76	104.0
984.96	104.0
1038.04	104.0
443.72	106.0
1031.4	106.0
154.16	107.0
181.48	107.0
265.72	107.0
304.24	107.0
307.76	107.0
322.68	107.0
331.76	107.0
359.88	107.0
386.68	107.0
443.24	107.0
539.36	107.0
746.24	107.0
821.24	107.0
849.0	107.0
856.12	107.0
872.92	107.0
912.52	107.0
961.32	107.0
988.28	107.0
1059.96	107.0
1082.56	107.0
1270.24	107.0
1301.32	107.0
1326.04	107.0
1359.52	107.0
305.32	108.0
260.4	108.0
313.04	108.0
329.76	108.0
355.68	108.0
374.52	108.0
796.92	108.0
844.12	108.0
860.4	108.0
1277.72	108.0
1357.76	108.0
169.2	109.0
313.24	109.0
869.8	109.0
909.64	109.0
1334.92	109.0
1394.36	109.0
352.04	109.0
360.64	109.0
334.16	110.0
359.84	110.0
468.84	110.0
1095.04	110.0
125.0	110.0
305.32	110.0
313.16	110.0
323.52	110.0
380.2	110.0
423.0	110.0
445.48	110.0
565.0	110.0
801.96	110.0
806.72	110.0
892.8	110.0
911.16	110.0
1066.0	110.0
1295.44	110.0
25.36	111.0
155.88	111.0
197.52	111.0
261.8	111.0
287.0	111.0
292.52	111.0
303.24	111.0
305.8	111.0
308.52	111.0
313.08	111.0
359.92	111.0
366.44	111.0
380.68	111.0
437.64	111.0
449.72	111.0
453.72	111.0
469.04	111.0
485.8	111.0
499.16	111.0
505.52	111.0
547.2	111.0
759.32	111.0
810.76	111.0
828.24	111.0
854.36	111.0
935.64	111.0
957.6	111.0
986.08	111.0
1003.52	111.0
1008.16	111.0
1027.0	111.0
1047.64	111.0
1084.4	111.0
1127.84	111.0
1147.24	111.0
1224.92	111.0
1251.76	111.0
1295.72	111.0
1303.68	111.0
1344.56	111.0
1366.72	111.0
1396.36	111.0
12.32	112.0
321.32	112.0
359.36	112.0
510.64	112.0
828.72	112.0
899.88	112.0
1280.84	112.0
1387.32	112.0
1000.88	113.0
303.84	114.0
306.88	114.0
424.24	114.0
919.2	114.0
359.76	115.0
276.96	115.0
296.64	115.0
313.56	115.0
322.52	115.0
423.28	115.0
445.72	115.0
520.04	115.0
802.2	115.0
852.68	115.0
876.2	115.0
952.28	115.0
1015.88	115.0
1019.8	115.0
1066.24	115.0
1109.88	115.0
1315.08	115.0
1326.44	115.0
1370.48	115.0
340.24	116.0
805.4	116.0
926.96	116.0
929.6	116.0
942.28	116.0
269.28	116.0
283.68	116.0
306.0	116.0
308.72	116.0
312.72	116.0
321.68	116.0
325.04	116.0
331.64	116.0
351.84	116.0
367.6	116.0
413.6	116.0
427.92	116.0
771.04	116.0
779.52	116.0
786.56	116.0
792.16	116.0
795.04	116.0
813.52	116.0
819.72	116.0
825.16	116.0
829.88	116.0
845.0	116.0
861.08	116.0
876.4	116.0
898.08	116.0
910.28	116.0
935.52	116.0
1001.96	116.0
1008.16	116.0
1091.12	116.0
1204.56	116.0
1316.16	116.0
1353.24	116.0
1388.24	116.0
325.12	117.0
328.2	117.0
380.76	117.0
308.92	117.0
340.0	117.0
350.76	117.0
847.12	117.0
967.2	117.0
986.28	117.0
999.2	117.0
1389.4	117.0
191.32	118.0
273.76	118.0
303.32	118.0
306.6	118.0
314.4	118.0
323.56	118.0
332.56	118.0
342.0	118.0
358.6	118.0
804.52	118.0
847.0	118.0
957.84	118.0
1323.64	118.0
261.76	119.0
311.44	119.0
322.12	119.0
764.08	119.0
794.72	119.0
821.24	119.0
895.2	119.0
1301.8	119.0
54.28	120.0
306.52	120.0
313.88	120.0
320.8	120.0
660.32	120.0
793.32	120.0
866.32	120.0
934.72	120.0
985.4	120.0
1279.64	120.0
