303.08	84.0
771.52	84.0
31.48	85.0
95.72	85.0
106.6	85.0
162.96	85.0
199.56	85.0
232.2	85.0
258.96	85.0
400.0	85.0
423.44	85.0
457.8	85.0
468.36	85.0
514.92	85.0
525.56	85.0
559.32	85.0
596.56	85.0
619.56	85.0
668.52	85.0
758.24	85.0
771.2	85.0
819.32	85.0
979.64	85.0
1074.64	85.0
1135.48	85.0
3.52	86.0
21.96	86.0
40.2	86.0
76.84	86.0
94.28	86.0
179.48	86.0
196.24	86.0
218.56	86.0
246.12	86.0
277.08	86.0
304.08	86.0
307.44	86.0
334.8	86.0
372.64	86.0
394.96	86.0
437.24	86.0
450.76	86.0
476.16	86.0
518.12	86.0
640.0	86.0
653.68	86.0
680.08	86.0
697.4	86.0
733.28	86.0
752.64	86.0
773.44	86.0
785.0	86.0
855.92	86.0
873.84	86.0
911.36	86.0
968.08	86.0
986.12	86.0
1003.84	86.0
1044.36	86.0
1136.0	86.0
1154.84	86.0
1180.72	86.0
1206.52	86.0
1269.64	86.0
32.52	86.0
49.6	86.0
66.36	86.0
109.36	86.0
126.24	86.0
139.32	86.0
313.64	86.0
323.36	86.0
540.36	86.0
779.56	86.0
841.0	86.0
1025.12	86.0
1298.08	86.0
1064.16	87.0
113.44	87.0
304.84	87.0
307.36	87.0
312.96	87.0
322.76	87.0
525.16	87.0
573.6	87.0
850.08	87.0
9.2	88.0
43.44	88.0
141.32	88.0
256.84	88.0
259.48	88.0
277.48	88.0
295.84	88.0
305.32	88.0
322.32	88.0
325.76	88.0
426.04	88.0
444.36	88.0
478.08	88.0
579.36	88.0
644.4	88.0
663.48	88.0
754.88	88.0
788.32	88.0
820.56	88.0
863.8	88.0
914.16	88.0
990.8	88.0
1016.6	88.0
1049.8	88.0
1108.88	88.0
1127.12	88.0
1181.4	88.0
1224.96	88.0
1247.16	88.0
1263.16	88.0
304.24	89.0
318.96	89.0
1154.16	89.0
304.88	90.0
310.36	90.0
379.24	90.0
578.44	90.0
768.76	90.0
1126.36	90.0
59.16	91.0
303.2	91.0
1018.36	92.0
1207.76	92.0
181.8	92.0
221.12	92.0
282.52	92.0
302.72	92.0
306.96	92.0
321.6	92.0
353.04	92.0
441.44	92.0
535.44	92.0
817.0	92.0
990.8	92.0
1051.84	92.0
1109.52	92.0
127.0	93.0
241.96	93.0
307.32	93.0
414.4	93.0
499.36	93.0
523.36	93.0
563.12	93.0
648.6	93.0
842.92	93.0
913.68	93.0
123.76	94.0
497.84	94.0
894.48	94.0
939.72	94.0
1093.28	94.0
306.16	94.0
3.96	95.0
293.76	95.0
528.64	95.0
836.72	95.0
994.84	95.0
1112.92	95.0
1210.08	95.0
302.8	96.0
24.2	97.0
49.88	97.0
215.08	97.0
559.92	97.0
637.76	97.0
724.16	97.0
762.72	97.0
1011.64	97.0
1148.44	97.0
1219.28	97.0
4.92	97.0
290.16	97.0
303.0	97.0
307.32	97.0
349.44	97.0
699.0	97.0
840.76	97.0
871.6	97.0
908.56	97.0
936.52	97.0
997.96	97.0
1297.92	97.0
307.56	98.0
850.12	98.0
941.64	98.0
69.48	99.0
95.68	99.0
140.8	99.0
181.96	99.0
259.24	99.0
296.52	99.0
305.76	99.0
313.72	99.0
433.96	99.0
534.24	99.0
569.68	99.0
600.32	99.0
670.72	99.0
770.44	99.0
775.32	99.0
890.68	99.0
962.56	99.0
1017.84	99.0
1108.52	99.0
1245.8	99.0
40.76	100.0
148.64	100.0
177.64	100.0
258.52	100.0
293.24	100.0
306.04	100.0
349.08	100.0
417.08	100.0
584.48	100.0
712.56	100.0
1049.44	100.0
1131.44	100.0
302.6	101.0
123.96	102.0
540.8	102.0
303.4	103.0
306.2	103.0
753.84	103.0
1094.0	103.0
1264.88	103.0
8.24	104.0
50.12	104.0
82.76	104.0
90.88	104.0
97.84	104.0
117.6	104.0
123.72	104.0
144.8	104.0
163.72	104.0
173.76	104.0
215.24	104.0
224.6	104.0
240.68	104.0
261.28	104.0
277.36	104.0
302.48	104.0
305.0	104.0
313.24	104.0
323.68	104.0
350.32	104.0
376.2	104.0
404.72	104.0
430.88	104.0
434.6	104.0
488.28	104.0
522.4	104.0
545.56	104.0
591.6	104.0
602.44	104.0
612.96	104.0
651.6	104.0
673.4	104.0
697.0	104.0
713.8	104.0
741.44	104.0
771.92	104.0
891.04	104.0
917.76	104.0
954.76	104.0
974.08	104.0
1001.12	104.0
1018.08	104.0
1090.32	104.0
1109.8	104.0
1152.88	104.0
1181.04	104.0
1250.0	104.0
11.88	106.0
306.88	106.0
1065.96	106.0
123.92	107.0
24.12	107.0
38.56	107.0
51.2	107.0
63.04	107.0
94.92	107.0
130.8	107.0
162.76	107.0
179.68	107.0
186.0	107.0
253.04	107.0
295.32	107.0
307.6	107.0
311.48	107.0
435.44	107.0
517.52	107.0
590.16	107.0
652.64	107.0
704.8	107.0
811.44	107.0
890.76	107.0
977.96	107.0
1030.28	107.0
1061.08	107.0
1186.28	107.0
1211.52	107.0
95.44	108.0
140.92	108.0
304.56	108.0
321.68	108.0
601.24	108.0
1108.16	108.0
46.92	109.0
100.12	109.0
1175.32	109.0
124.04	110.0
804.56	110.0
23.56	110.0
101.52	110.0
128.08	110.0
245.0	110.0
306.12	110.0
433.2	110.0
462.96	110.0
558.6	110.0
971.12	110.0
1065.96	110.0
1094.52	110.0
1229.68	110.0
97.12	111.0
310.96	111.0
323.2	111.0
5.32	111.0
17.52	111.0
70.04	111.0
78.88	111.0
86.48	111.0
94.4	111.0
141.64	111.0
188.32	111.0
259.52	111.0
282.24	111.0
284.92	111.0
296.96	111.0
303.28	111.0
306.64	111.0
354.48	111.0
394.52	111.0
422.44	111.0
434.56	111.0
535.4	111.0
565.92	111.0
571.96	111.0
601.2	111.0
645.52	111.0
667.76	111.0
678.12	111.0
685.4	111.0
714.72	111.0
731.04	111.0
753.56	111.0
772.44	111.0
842.72	111.0
879.4	111.0
897.28	111.0
915.04	111.0
958.8	111.0
971.6	111.0
1017.2	111.0
1029.2	111.0
1069.8	111.0
1108.72	111.0
1134.72	111.0
1142.72	111.0
1146.24	111.0
1152.84	111.0
1166.72	111.0
1245.04	111.0
306.32	112.0
9.88	112.0
335.72	112.0
437.56	112.0
469.36	112.0
640.64	112.0
838.04	112.0
895.36	112.0
939.04	112.0
988.0	112.0
1108.36	112.0
303.88	114.0
293.44	114.0
696.48	115.0
1186.4	115.0
101.8	115.0
128.32	115.0
187.64	115.0
254.2	115.0
283.28	115.0
406.36	115.0
463.28	115.0
500.08	115.0
569.56	115.0
722.8	115.0
892.04	115.0
933.56	115.0
982.24	115.0
1162.92	115.0
124.04	116.0
181.56	116.0
310.4	116.0
791.52	116.0
22.44	116.0
46.88	116.0
160.04	116.0
194.64	116.0
306.76	116.0
314.0	116.0
319.0	116.0
322.96	116.0
347.72	116.0
367.56	116.0
433.96	116.0
570.68	116.0
831.68	116.0
842.04	116.0
918.64	116.0
971.08	116.0
1289.04	116.0
604.52	117.0
20.28	117.0
94.64	117.0
304.96	117.0
559.24	117.0
582.84	117.0
248.28	118.0
309.68	118.0
306.56	119.0
310.84	119.0
678.8	119.0
307.76	120.0
62.44	120.0
181.36	120.0
262.52	120.0
589.6	120.0
603.28	120.0
637.52	120.0
939.04	120.0
987.52	120.0
1063.0	120.0
1114.2	120.0
