318.8	84.0
341.56	84.0
688.56	84.0
302.48	84.0
391.32	84.0
308.04	85.0
319.56	85.0
332.68	85.0
341.8	85.0
370.68	85.0
432.64	85.0
459.68	85.0
477.08	85.0
496.16	85.0
510.96	85.0
530.96	85.0
545.68	85.0
652.36	85.0
671.32	85.0
704.44	85.0
717.52	85.0
806.32	85.0
308.0	86.0
312.24	86.0
338.2	86.0
346.52	86.0
358.88	86.0
366.16	86.0
378.8	86.0
386.36	86.0
395.32	86.0
411.04	86.0
414.28	86.0
424.84	86.0
439.44	86.0
463.12	86.0
467.28	86.0
486.08	86.0
498.24	86.0
514.52	86.0
524.56	86.0
547.32	86.0
565.96	86.0
589.44	86.0
609.16	86.0
628.44	86.0
649.32	86.0
667.32	86.0
679.48	86.0
693.28	86.0
737.56	86.0
750.48	86.0
803.04	86.0
822.32	86.0
854.96	86.0
876.0	86.0
893.0	86.0
981.68	86.0
320.88	86.0
331.88	86.0
341.12	86.0
351.04	86.0
431.04	86.0
533.56	86.0
556.52	86.0
580.6	86.0
740.2	86.0
768.92	86.0
307.72	87.0
508.36	87.0
530.56	87.0
556.8	87.0
598.96	87.0
312.36	87.0
324.32	87.0
332.52	87.0
337.24	87.0
343.96	87.0
351.56	87.0
355.12	87.0
359.2	87.0
363.0	87.0
366.68	87.0
369.96	87.0
378.04	87.0
384.28	87.0
390.28	87.0
395.96	87.0
402.52	87.0
485.48	87.0
515.32	87.0
521.28	87.0
543.6	87.0
569.48	87.0
578.84	87.0
587.32	87.0
621.32	87.0
643.04	87.0
710.92	87.0
718.84	87.0
756.68	87.0
778.72	87.0
818.52	87.0
306.4	88.0
343.84	88.0
346.36	88.0
359.12	88.0
377.8	88.0
415.64	88.0
455.48	88.0
471.28	88.0
474.36	88.0
494.0	88.0
509.6	88.0
529.08	88.0
547.72	88.0
568.12	88.0
589.16	88.0
630.56	88.0
676.04	88.0
690.4	88.0
710.16	88.0
729.76	88.0
817.12	88.0
867.16	88.0
302.72	88.0
308.92	88.0
339.68	88.0
354.96	88.0
387.96	88.0
441.68	88.0
556.64	88.0
575.8	88.0
592.36	88.0
604.8	88.0
608.76	88.0
625.72	88.0
649.12	88.0
692.92	88.0
756.64	88.0
762.52	88.0
783.68	88.0
841.32	88.0
922.08	88.0
307.48	89.0
324.48	89.0
981.88	89.0
331.56	89.0
335.0	89.0
341.32	89.0
359.0	89.0
366.56	89.0
411.32	89.0
542.08	89.0
612.2	89.0
693.52	89.0
771.44	89.0
804.24	89.0
307.44	90.0
320.2	90.0
335.24	90.0
313.36	90.0
325.84	90.0
340.56	90.0
346.32	90.0
348.96	90.0
366.28	90.0
420.56	90.0
535.6	90.0
652.52	90.0
335.52	91.0
349.28	91.0
474.84	91.0
498.4	91.0
554.48	91.0
589.08	91.0
734.4	91.0
334.4	92.0
338.8	92.0
347.8	92.0
356.48	92.0
367.12	92.0
377.76	92.0
385.84	92.0
388.48	92.0
404.0	92.0
429.12	92.0
443.0	92.0
456.12	92.0
468.24	92.0
482.52	92.0
496.96	92.0
504.96	92.0
515.32	92.0
538.84	92.0
583.96	92.0
623.72	92.0
674.08	92.0
708.28	92.0
732.32	92.0
934.56	92.0
302.96	92.0
306.12	92.0
319.88	92.0
392.92	92.0
419.12	92.0
460.32	92.0
478.96	92.0
549.36	92.0
554.6	92.0
569.88	92.0
592.44	92.0
601.08	92.0
637.88	92.0
655.36	92.0
681.24	92.0
774.04	92.0
854.24	92.0
937.88	92.0
332.24	93.0
341.24	93.0
388.56	93.0
431.44	93.0
460.76	93.0
519.12	93.0
540.28	93.0
654.64	93.0
679.0	93.0
691.36	93.0
738.8	93.0
756.32	93.0
975.48	93.0
1075.2	93.0
1131.96	93.0
1155.76	93.0
306.36	93.0
324.32	93.0
712.8	94.0
720.68	94.0
738.12	94.0
313.36	94.0
334.48	94.0
348.08	94.0
357.32	94.0
379.24	94.0
420.6	94.0
449.04	94.0
495.72	94.0
572.0	94.0
594.68	94.0
628.68	94.0
764.4	94.0
308.28	95.0
324.8	95.0
333.32	95.0
346.76	95.0
371.24	95.0
556.96	95.0
612.44	95.0
652.64	95.0
678.72	95.0
707.0	95.0
738.16	95.0
787.6	95.0
807.92	95.0
840.76	95.0
898.72	95.0
937.16	95.0
988.88	95.0
1036.44	95.0
1106.36	95.0
1138.12	95.0
306.8	96.0
612.68	96.0
902.2	96.0
302.92	96.0
465.72	97.0
302.64	97.0
306.56	97.0
330.36	97.0
341.68	97.0
771.2	97.0
307.0	98.0
978.32	98.0
351.76	98.0
368.88	98.0
711.0	99.0
307.36	99.0
314.28	99.0
325.52	99.0
332.8	99.0
339.4	99.0
346.28	99.0
352.28	99.0
358.72	99.0
465.12	99.0
474.2	99.0
498.08	99.0
550.96	99.0
562.4	99.0
576.56	99.0
585.24	99.0
596.0	99.0
628.28	99.0
639.68	99.0
655.8	99.0
677.96	99.0
777.08	99.0
335.36	100.0
307.36	100.0
319.04	100.0
349.6	100.0
367.84	100.0
377.72	100.0
411.12	100.0
420.4	100.0
432.84	100.0
619.64	100.0
646.84	100.0
313.24	101.0
302.56	101.0
320.12	101.0
337.48	101.0
348.0	101.0
475.52	101.0
506.36	101.0
302.72	102.0
320.32	102.0
337.6	102.0
460.4	102.0
505.48	102.0
313.04	102.0
934.68	102.0
320.08	103.0
307.32	103.0
324.52	103.0
314.0	104.0
318.88	104.0
324.64	104.0
332.84	104.0
339.64	104.0
346.32	104.0
358.08	104.0
368.0	104.0
377.44	104.0
390.72	104.0
397.88	104.0
428.68	104.0
448.4	104.0
478.12	104.0
486.64	104.0
503.36	104.0
506.12	104.0
537.08	104.0
547.52	104.0
560.2	104.0
578.48	104.0
635.16	104.0
656.48	104.0
733.8	104.0
764.96	104.0
859.92	104.0
924.04	104.0
343.72	106.0
402.96	106.0
484.0	106.0
808.16	106.0
306.6	107.0
318.28	107.0
396.28	107.0
313.68	107.0
325.12	107.0
333.96	107.0
339.56	107.0
346.52	107.0
350.0	107.0
370.28	107.0
373.08	107.0
380.24	107.0
387.24	107.0
406.28	107.0
438.36	107.0
496.28	107.0
581.88	107.0
973.48	107.0
1062.56	107.0
334.48	108.0
337.88	108.0
348.76	108.0
358.4	108.0
380.12	108.0
389.4	108.0
402.0	108.0
422.68	108.0
462.36	108.0
497.0	108.0
514.72	108.0
542.48	108.0
576.08	108.0
611.8	108.0
650.6	108.0
737.32	108.0
761.32	108.0
854.28	108.0
325.68	109.0
560.68	109.0
306.48	109.0
313.96	109.0
330.24	109.0
335.24	109.0
348.0	109.0
695.04	109.0
319.76	110.0
324.04	110.0
350.64	110.0
355.04	110.0
359.64	110.0
326.88	110.0
334.68	110.0
377.76	110.0
467.84	110.0
485.0	110.0
565.44	110.0
576.16	110.0
680.76	110.0
307.48	111.0
339.88	111.0
344.6	111.0
347.4	111.0
385.88	111.0
392.72	111.0
569.12	111.0
614.56	111.0
663.92	111.0
708.92	111.0
742.24	111.0
928.8	111.0
319.52	111.0
330.04	111.0
334.56	111.0
351.84	111.0
355.12	111.0
359.72	111.0
367.76	111.0
388.76	111.0
401.36	111.0
405.08	111.0
411.8	111.0
448.72	111.0
461.76	111.0
476.16	111.0
507.08	111.0
522.6	111.0
549.2	111.0
555.52	111.0
558.64	111.0
578.44	111.0
592.84	111.0
627.8	111.0
643.28	111.0
656.64	111.0
678.2	111.0
691.32	111.0
712.16	111.0
730.56	111.0
738.4	111.0
764.48	111.0
771.24	111.0
777.04	111.0
802.8	111.0
857.4	111.0
870.72	111.0
339.76	112.0
347.16	112.0
351.4	112.0
362.6	112.0
373.04	112.0
378.52	112.0
435.48	112.0
485.76	112.0
492.08	112.0
560.04	112.0
585.0	112.0
696.08	112.0
307.6	113.0
332.04	113.0
346.44	113.0
356.8	113.0
369.76	113.0
388.2	113.0
426.56	113.0
475.6	113.0
307.36	114.0
333.84	114.0
340.76	114.0
349.8	114.0
385.68	114.0
398.84	114.0
420.72	114.0
477.52	114.0
521.56	114.0
545.88	114.0
324.36	114.0
350.0	115.0
475.92	115.0
582.36	115.0
612.28	115.0
308.24	115.0
312.64	115.0
318.68	115.0
331.24	115.0
334.52	115.0
337.08	115.0
357.8	115.0
367.84	115.0
378.16	115.0
388.44	115.0
430.52	115.0
455.92	115.0
485.28	115.0
539.24	115.0
565.68	115.0
618.36	115.0
649.6	115.0
681.04	115.0
709.2	115.0
715.2	115.0
744.56	115.0
770.04	115.0
820.4	115.0
318.0	116.0
358.84	116.0
504.32	116.0
512.52	116.0
573.52	116.0
612.16	116.0
308.12	116.0
314.64	116.0
326.8	116.0
334.92	116.0
338.6	116.0
346.68	116.0
349.4	116.0
355.88	116.0
364.0	116.0
373.2	116.0
383.08	116.0
394.68	116.0
403.24	116.0
411.24	116.0
420.52	116.0
450.24	116.0
467.68	116.0
474.88	116.0
496.24	116.0
531.16	116.0
579.52	116.0
648.36	116.0
691.08	116.0
715.0	116.0
765.88	116.0
777.08	116.0
320.2	117.0
412.76	117.0
428.4	117.0
460.44	117.0
480.96	117.0
507.56	117.0
545.36	117.0
307.6	117.0
313.04	117.0
324.92	117.0
335.2	117.0
339.88	117.0
346.92	117.0
359.68	117.0
373.48	117.0
377.76	117.0
386.0	117.0
538.16	117.0
569.16	117.0
614.64	117.0
742.32	117.0
928.92	117.0
307.2	118.0
395.48	118.0
319.52	118.0
325.96	118.0
332.96	118.0
339.88	118.0
343.64	118.0
346.56	118.0
351.8	118.0
433.72	118.0
463.84	118.0
480.8	118.0
505.36	118.0
530.68	118.0
546.72	118.0
580.0	118.0
608.64	118.0
635.36	118.0
665.96	118.0
693.92	118.0
733.72	118.0
765.72	118.0
799.0	118.0
885.08	118.0
324.6	119.0
313.0	119.0
338.6	119.0
376.8	119.0
434.28	119.0
664.04	119.0
1060.0	119.0
334.04	120.0
350.88	120.0
356.64	120.0
364.88	120.0
387.04	120.0
412.92	120.0
422.48	120.0
491.6	120.0
506.92	120.0
543.92	120.0
559.56	120.0
575.2	120.0
594.48	120.0
662.84	120.0
679.76	120.0
755.24	120.0
770.2	120.0
972.88	120.0
