1348.48	84.0
302.52	84.0
51.56	85.0
139.28	85.0
146.96	85.0
699.16	85.0
750.72	85.0
781.12	85.0
1248.96	85.0
1329.08	85.0
6.56	86.0
27.08	86.0
42.12	86.0
61.32	86.0
73.2	86.0
148.48	86.0
168.16	86.0
188.56	86.0
211.68	86.0
232.52	86.0
255.84	86.0
279.56	86.0
295.08	86.0
311.2	86.0
339.36	86.0
359.08	86.0
376.04	86.0
411.32	86.0
431.28	86.0
443.4	86.0
461.6	86.0
490.8	86.0
585.52	86.0
625.12	86.0
649.04	86.0
683.8	86.0
699.88	86.0
713.0	86.0
768.36	86.0
789.84	86.0
810.64	86.0
827.4	86.0
852.6	86.0
855.8	86.0
867.36	86.0
876.96	86.0
885.88	86.0
914.92	86.0
942.52	86.0
949.28	86.0
964.52	86.0
978.96	86.0
1001.08	86.0
1024.36	86.0
1038.16	86.0
1043.88	86.0
1154.72	86.0
1180.56	86.0
1215.64	86.0
1257.28	86.0
1289.6	86.0
1302.24	86.0
1323.64	86.0
1354.32	86.0
1383.4	86.0
1394.48	86.0
1409.24	86.0
1414.96	86.0
1436.56	86.0
1440.4	86.0
1486.32	86.0
23.2	86.0
31.0	86.0
97.72	86.0
123.24	86.0
134.36	86.0
170.72	86.0
235.48	86.0
267.84	86.0
318.0	86.0
353.24	86.0
386.16	86.0
544.68	86.0
567.0	86.0
716.8	86.0
730.84	86.0
752.76	86.0
784.16	86.0
786.84	86.0
803.96	86.0
838.16	86.0
843.76	86.0
858.88	86.0
881.84	86.0
903.2	86.0
1123.04	86.0
1225.0	86.0
1275.36	86.0
1279.08	86.0
1293.56	86.0
1307.88	86.0
411.36	87.0
745.76	87.0
10.8	87.0
80.92	87.0
105.6	87.0
137.36	87.0
285.24	87.0
316.88	87.0
322.24	87.0
333.68	87.0
517.96	87.0
544.72	87.0
740.0	87.0
767.64	87.0
796.8	87.0
898.32	87.0
924.32	87.0
1332.24	87.0
1340.72	87.0
1429.16	87.0
1447.88	87.0
1495.16	87.0
28.76	88.0
184.76	88.0
258.48	88.0
393.84	88.0
443.48	88.0
780.2	88.0
817.44	88.0
853.4	88.0
879.04	88.0
1269.44	88.0
1341.96	88.0
95.8	88.0
112.04	88.0
188.56	88.0
261.24	88.0
302.72	88.0
322.96	88.0
366.2	88.0
369.16	88.0
405.16	88.0
688.84	88.0
820.68	88.0
856.88	88.0
882.04	88.0
1211.48	88.0
1249.96	88.0
1332.96	89.0
74.12	89.0
116.0	89.0
129.36	89.0
249.12	89.0
369.64	89.0
469.36	89.0
526.68	89.0
536.8	89.0
567.8	89.0
751.96	89.0
939.0	89.0
1091.28	89.0
1364.4	89.0
23.76	90.0
115.64	90.0
184.88	90.0
265.92	90.0
312.04	90.0
363.96	90.0
447.04	90.0
536.48	90.0
546.68	90.0
561.84	90.0
567.52	90.0
604.48	90.0
687.36	90.0
751.64	90.0
789.84	90.0
794.0	90.0
815.32	90.0
837.32	90.0
901.08	90.0
971.64	90.0
1159.32	90.0
1276.4	90.0
1299.68	90.0
1357.64	90.0
1420.48	90.0
1427.36	90.0
688.48	91.0
1274.96	91.0
306.32	92.0
331.72	92.0
716.96	92.0
1306.64	92.0
26.56	92.0
97.68	92.0
134.28	92.0
170.0	92.0
302.72	92.0
335.56	92.0
366.44	92.0
401.84	92.0
531.24	92.0
757.24	92.0
760.2	92.0
781.52	92.0
813.28	92.0
851.48	92.0
861.96	92.0
898.32	92.0
925.76	92.0
1120.48	92.0
1247.72	92.0
1289.04	92.0
1310.12	92.0
1336.88	92.0
1350.44	92.0
1357.72	92.0
1391.32	92.0
19.88	93.0
298.52	93.0
330.8	93.0
371.72	93.0
409.88	93.0
427.52	93.0
1391.56	93.0
329.96	94.0
837.96	94.0
926.96	94.0
137.92	94.0
274.0	94.0
438.76	94.0
1076.84	94.0
1250.36	94.0
1278.28	94.0
1337.96	94.0
1371.44	94.0
1381.24	94.0
109.2	95.0
186.0	95.0
320.24	95.0
474.48	95.0
641.8	95.0
754.4	95.0
838.16	95.0
886.56	95.0
928.4	95.0
1124.04	95.0
1275.6	95.0
1280.56	95.0
1307.04	95.0
1335.0	95.0
302.76	96.0
834.96	96.0
239.72	97.0
1347.68	97.0
30.6	97.0
198.52	97.0
302.64	97.0
306.92	97.0
904.16	97.0
1274.92	97.0
1335.64	97.0
858.28	99.0
140.4	99.0
315.2	99.0
328.96	99.0
732.04	99.0
795.4	99.0
837.92	99.0
903.12	99.0
1279.04	99.0
1335.88	99.0
306.44	100.0
57.08	100.0
184.76	100.0
250.4	100.0
602.24	100.0
647.32	100.0
755.48	100.0
858.32	100.0
950.52	100.0
1167.88	100.0
270.96	101.0
302.52	101.0
1467.6	101.0
302.68	102.0
1358.88	102.0
187.64	102.0
1282.0	102.0
79.56	103.0
1281.44	103.0
26.8	104.0
47.44	104.0
73.04	104.0
109.08	104.0
132.0	104.0
188.16	104.0
236.04	104.0
289.36	104.0
311.0	104.0
319.4	104.0
372.36	104.0
384.04	104.0
408.04	104.0
418.24	104.0
466.76	104.0
483.32	104.0
523.52	104.0
612.12	104.0
641.44	104.0
681.08	104.0
694.48	104.0
716.96	104.0
755.48	104.0
836.4	104.0
859.4	104.0
902.96	104.0
928.84	104.0
955.04	104.0
1120.88	104.0
1277.64	104.0
1295.68	104.0
1309.08	104.0
1332.48	104.0
1380.68	104.0
1397.24	104.0
1407.36	104.0
1476.32	104.0
78.6	106.0
258.8	106.0
307.68	107.0
15.32	107.0
29.52	107.0
69.72	107.0
72.64	107.0
105.24	107.0
125.76	107.0
129.64	107.0
147.92	107.0
190.6	107.0
233.6	107.0
289.36	107.0
355.8	107.0
437.08	107.0
514.44	107.0
651.32	107.0
683.8	107.0
778.28	107.0
792.52	107.0
859.2	107.0
1000.64	107.0
1022.56	107.0
1140.2	107.0
1164.72	107.0
1213.48	107.0
1243.48	107.0
1282.8	107.0
1409.12	107.0
1422.2	107.0
1439.44	107.0
1463.0	107.0
309.76	108.0
111.56	108.0
321.24	108.0
489.76	108.0
514.88	108.0
565.88	108.0
666.0	108.0
737.28	108.0
884.96	108.0
1170.48	108.0
1222.28	108.0
1246.08	108.0
1268.4	108.0
1304.4	108.0
1346.08	108.0
1391.44	108.0
265.68	109.0
311.76	109.0
938.44	109.0
1308.48	109.0
875.36	109.0
1009.64	109.0
1420.56	109.0
769.4	110.0
1328.84	110.0
121.4	110.0
132.96	110.0
163.84	110.0
307.36	110.0
460.6	110.0
681.48	110.0
1009.92	110.0
1225.68	110.0
1305.84	110.0
1336.56	110.0
1383.08	110.0
730.84	111.0
761.88	111.0
827.24	111.0
2.8	111.0
22.0	111.0
61.6	111.0
79.92	111.0
90.52	111.0
105.88	111.0
130.24	111.0
135.08	111.0
148.52	111.0
151.76	111.0
187.08	111.0
198.84	111.0
214.48	111.0
234.76	111.0
249.4	111.0
267.8	111.0
353.36	111.0
376.52	111.0
390.52	111.0
393.8	111.0
420.64	111.0
436.0	111.0
450.6	111.0
464.8	111.0
472.52	111.0
498.36	111.0
530.8	111.0
542.36	111.0
566.08	111.0
653.08	111.0
719.6	111.0
766.88	111.0
783.92	111.0
823.28	111.0
838.96	111.0
861.0	111.0
876.76	111.0
890.64	111.0
901.76	111.0
964.08	111.0
1009.8	111.0
1049.4	111.0
1075.84	111.0
1102.32	111.0
1247.12	111.0
1255.68	111.0
1276.08	111.0
1281.8	111.0
1305.84	111.0
1314.6	111.0
1319.24	111.0
1329.36	111.0
1357.68	111.0
1372.72	111.0
1383.68	111.0
1392.48	111.0
1406.52	111.0
1450.24	111.0
1479.84	111.0
38.64	112.0
147.52	112.0
624.28	112.0
874.6	112.0
884.0	112.0
1245.56	112.0
1303.96	112.0
1328.92	112.0
308.12	113.0
318.84	113.0
463.72	113.0
1488.36	114.0
292.36	114.0
1303.68	114.0
10.84	115.0
184.48	115.0
296.48	115.0
460.56	115.0
902.72	115.0
1009.92	115.0
1040.2	115.0
1368.6	115.0
77.96	115.0
120.96	115.0
133.24	115.0
150.12	115.0
270.16	115.0
417.48	115.0
696.44	115.0
759.04	115.0
835.64	115.0
947.44	115.0
1259.84	115.0
1293.92	115.0
1306.56	115.0
1316.08	115.0
1328.88	115.0
1343.08	115.0
1395.96	115.0
1486.92	115.0
25.04	116.0
130.0	116.0
202.08	116.0
249.52	116.0
313.36	116.0
410.4	116.0
425.56	116.0
532.16	116.0
714.64	116.0
974.8	116.0
1025.32	116.0
1114.64	116.0
1238.0	116.0
1272.24	116.0
1410.24	116.0
1447.52	116.0
1491.92	116.0
6.8	116.0
9.36	116.0
36.64	116.0
108.04	116.0
124.96	116.0
174.32	116.0
188.04	116.0
238.4	116.0
259.64	116.0
284.72	116.0
309.04	116.0
318.52	116.0
331.16	116.0
348.4	116.0
361.68	116.0
437.84	116.0
527.56	116.0
620.44	116.0
680.28	116.0
717.64	116.0
732.72	116.0
754.4	116.0
758.68	116.0
763.12	116.0
769.24	116.0
802.16	116.0
859.24	116.0
875.16	116.0
942.64	116.0
1010.6	116.0
1147.64	116.0
1170.72	116.0
1195.96	116.0
1228.76	116.0
1247.04	116.0
1291.92	116.0
1315.24	116.0
1329.8	116.0
1334.52	116.0
1340.92	116.0
1382.96	116.0
1404.64	116.0
1495.36	116.0
67.72	117.0
383.36	117.0
730.88	117.0
761.96	117.0
827.32	117.0
901.0	117.0
1125.36	117.0
1258.0	117.0
1329.32	117.0
437.68	118.0
792.4	118.0
231.84	118.0
257.52	118.0
307.4	118.0
320.76	118.0
354.24	118.0
753.64	118.0
980.4	118.0
1245.16	118.0
310.28	119.0
434.2	120.0
564.0	120.0
794.08	120.0
56.4	120.0
489.48	120.0
751.48	120.0
781.52	120.0
825.64	120.0
876.52	120.0
903.48	120.0
1195.44	120.0
1283.12	120.0
1359.4	120.0
1391.48	120.0
1400.12	120.0
1487.0	120.0
1490.44	120.0
