331.12	84.0
339.48	84.0
310.44	84.0
313.44	84.0
306.48	85.0
324.2	85.0
332.24	85.0
340.72	85.0
346.6	85.0
357.68	85.0
406.12	85.0
512.32	85.0
531.0	85.0
540.32	85.0
555.44	85.0
573.92	85.0
613.52	85.0
714.08	85.0
753.8	85.0
782.04	85.0
836.76	85.0
877.88	85.0
24.12	86.0
129.04	86.0
142.8	86.0
306.72	86.0
327.92	86.0
332.48	86.0
335.48	86.0
339.28	86.0
349.36	86.0
386.68	86.0
466.92	86.0
489.0	86.0
539.0	86.0
579.16	86.0
610.48	86.0
660.72	86.0
725.24	86.0
1018.2	86.0
1306.96	86.0
313.12	86.0
317.76	86.0
324.0	86.0
344.48	86.0
352.12	86.0
360.28	86.0
366.16	86.0
371.96	86.0
380.76	86.0
396.36	86.0
412.88	86.0
427.36	86.0
434.0	86.0
554.92	86.0
878.32	86.0
308.08	87.0
571.4	87.0
313.08	87.0
316.44	87.0
324.16	87.0
328.76	87.0
336.16	87.0
340.68	87.0
343.92	87.0
372.6	87.0
392.52	87.0
400.92	87.0
412.36	87.0
422.56	87.0
446.08	87.0
540.56	87.0
553.56	87.0
581.68	87.0
601.16	87.0
611.16	87.0
647.64	87.0
673.2	87.0
695.04	87.0
709.12	87.0
726.96	87.0
747.28	87.0
759.92	87.0
799.44	87.0
817.72	87.0
837.2	87.0
925.92	87.0
956.56	87.0
1274.28	87.0
306.32	88.0
321.88	88.0
353.72	88.0
396.28	88.0
441.08	88.0
575.36	88.0
611.0	88.0
695.96	88.0
719.8	88.0
905.08	88.0
1125.08	88.0
92.04	88.0
302.76	88.0
318.32	88.0
329.8	88.0
333.24	88.0
545.8	88.0
552.52	88.0
656.68	88.0
681.08	88.0
702.8	88.0
726.64	88.0
755.12	88.0
768.04	88.0
826.92	88.0
847.32	88.0
874.36	88.0
907.6	88.0
928.96	88.0
1064.48	88.0
1133.04	88.0
368.68	89.0
5.64	89.0
310.08	89.0
329.16	89.0
342.56	89.0
459.8	89.0
466.36	89.0
649.6	89.0
808.8	89.0
1299.64	89.0
348.64	90.0
729.56	90.0
113.24	90.0
151.08	90.0
219.96	90.0
274.52	90.0
309.76	90.0
312.88	90.0
318.4	90.0
353.36	90.0
363.52	90.0
444.72	90.0
692.32	90.0
1135.08	90.0
1172.56	90.0
1328.6	90.0
306.6	91.0
318.16	91.0
320.68	91.0
330.84	91.0
334.28	91.0
394.4	91.0
76.92	92.0
123.8	92.0
205.32	92.0
277.16	92.0
316.0	92.0
329.84	92.0
346.92	92.0
357.88	92.0
378.28	92.0
410.8	92.0
429.36	92.0
448.16	92.0
465.72	92.0
505.28	92.0
530.52	92.0
569.96	92.0
589.56	92.0
628.36	92.0
663.72	92.0
700.32	92.0
732.28	92.0
753.8	92.0
776.0	92.0
786.68	92.0
840.12	92.0
909.36	92.0
964.8	92.0
1005.44	92.0
1049.36	92.0
1095.84	92.0
1131.52	92.0
1154.2	92.0
1211.28	92.0
1266.64	92.0
1309.32	92.0
1346.68	92.0
1371.24	92.0
17.36	92.0
302.8	92.0
341.76	92.0
349.44	92.0
364.28	92.0
413.76	92.0
433.24	92.0
469.52	92.0
490.96	92.0
559.8	92.0
573.08	92.0
579.96	92.0
597.8	92.0
677.48	92.0
798.32	92.0
805.96	92.0
829.12	92.0
881.08	92.0
950.16	92.0
1026.72	92.0
1053.36	92.0
1248.44	92.0
1375.24	92.0
135.6	93.0
158.4	93.0
235.4	93.0
306.2	93.0
332.84	93.0
359.6	93.0
370.36	93.0
383.36	93.0
410.52	93.0
425.56	93.0
478.08	93.0
507.44	93.0
554.44	93.0
572.44	93.0
613.56	93.0
635.92	93.0
733.72	93.0
787.32	93.0
320.08	93.0
445.88	93.0
751.4	93.0
394.04	94.0
788.12	94.0
309.32	94.0
315.72	94.0
323.8	94.0
350.88	94.0
377.8	94.0
407.12	94.0
505.76	94.0
524.92	94.0
551.04	94.0
572.56	94.0
632.56	94.0
648.0	94.0
705.12	94.0
190.48	95.0
326.28	95.0
371.96	95.0
581.52	95.0
645.12	95.0
737.24	95.0
810.36	95.0
884.24	95.0
1301.68	95.0
77.68	96.0
176.96	96.0
552.32	96.0
727.16	96.0
789.88	96.0
876.64	96.0
897.16	96.0
969.68	96.0
1008.64	96.0
1087.52	96.0
1183.76	96.0
1274.6	96.0
1335.72	96.0
1377.16	96.0
302.48	97.0
307.2	97.0
333.72	97.0
343.76	97.0
347.08	97.0
549.8	97.0
581.12	97.0
603.6	97.0
631.8	97.0
658.88	97.0
677.64	97.0
694.28	97.0
708.24	97.0
724.08	97.0
751.12	97.0
874.12	97.0
993.12	97.0
1242.28	97.0
1286.08	97.0
307.88	98.0
333.96	98.0
322.36	99.0
102.6	99.0
309.12	99.0
315.32	99.0
319.48	99.0
329.24	99.0
334.48	99.0
339.84	99.0
343.96	99.0
350.16	99.0
354.0	99.0
357.84	99.0
361.8	99.0
377.92	99.0
396.16	99.0
406.72	99.0
425.44	99.0
460.8	99.0
511.96	99.0
575.44	99.0
703.44	99.0
320.08	100.0
330.4	100.0
362.8	100.0
388.92	100.0
466.32	100.0
549.52	100.0
626.84	100.0
764.72	100.0
825.0	100.0
1083.84	100.0
1111.8	100.0
1183.08	100.0
1258.28	100.0
302.52	101.0
322.72	101.0
332.28	101.0
348.6	101.0
358.48	101.0
370.52	101.0
385.96	101.0
430.08	101.0
509.08	101.0
302.68	102.0
332.24	102.0
372.44	102.0
1311.16	102.0
302.6	103.0
319.92	103.0
354.68	103.0
324.76	103.0
420.72	103.0
319.88	104.0
323.0	104.0
408.48	104.0
445.72	104.0
503.08	104.0
552.68	104.0
571.08	104.0
574.0	104.0
611.04	104.0
634.12	104.0
729.32	104.0
785.52	104.0
176.84	104.0
311.2	104.0
317.12	104.0
327.52	104.0
332.76	104.0
339.4	104.0
346.72	104.0
351.44	104.0
354.88	104.0
360.84	104.0
369.8	104.0
381.6	104.0
391.28	104.0
397.44	104.0
414.32	104.0
424.32	104.0
466.4	104.0
507.32	104.0
525.08	104.0
530.92	104.0
581.96	104.0
607.8	104.0
637.64	104.0
651.68	104.0
703.16	104.0
749.92	104.0
808.16	104.0
851.32	104.0
873.88	104.0
889.0	104.0
938.04	104.0
1019.48	104.0
1293.56	104.0
323.76	106.0
385.08	106.0
426.2	106.0
461.76	106.0
530.64	106.0
680.24	106.0
903.76	106.0
308.28	107.0
131.56	107.0
147.12	107.0
316.52	107.0
329.12	107.0
332.4	107.0
339.92	107.0
350.72	107.0
360.56	107.0
366.8	107.0
380.28	107.0
385.36	107.0
404.72	107.0
466.88	107.0
594.32	107.0
662.2	107.0
703.56	107.0
788.68	107.0
874.72	107.0
1187.56	107.0
1344.36	107.0
322.44	108.0
114.2	108.0
312.6	108.0
325.16	108.0
336.6	108.0
349.6	108.0
356.96	108.0
371.36	108.0
419.84	108.0
436.72	108.0
533.92	108.0
749.44	108.0
886.28	108.0
1088.84	108.0
324.68	109.0
329.12	109.0
386.6	109.0
336.08	110.0
349.32	110.0
385.0	110.0
404.64	110.0
415.32	110.0
318.24	110.0
393.8	110.0
431.6	110.0
438.76	110.0
450.08	110.0
459.52	110.0
602.48	110.0
306.52	111.0
361.12	111.0
647.88	111.0
887.0	111.0
179.92	111.0
283.32	111.0
309.24	111.0
312.76	111.0
319.04	111.0
321.96	111.0
332.88	111.0
340.2	111.0
349.44	111.0
354.04	111.0
356.8	111.0
368.56	111.0
377.32	111.0
380.2	111.0
385.12	111.0
392.96	111.0
410.32	111.0
414.08	111.0
423.76	111.0
451.64	111.0
468.04	111.0
475.16	111.0
492.88	111.0
505.52	111.0
520.24	111.0
533.28	111.0
555.96	111.0
572.6	111.0
592.88	111.0
610.04	111.0
630.64	111.0
664.0	111.0
685.64	111.0
703.32	111.0
707.48	111.0
736.16	111.0
789.24	111.0
845.64	111.0
912.12	111.0
966.88	111.0
1009.44	111.0
1099.56	111.0
1134.48	111.0
1141.68	111.0
1157.0	111.0
1215.52	111.0
1270.12	111.0
1312.2	111.0
1375.96	111.0
348.16	112.0
363.72	112.0
966.56	112.0
314.56	113.0
323.04	113.0
329.72	113.0
341.16	113.0
360.52	113.0
386.28	113.0
410.92	113.0
434.08	113.0
445.2	113.0
480.2	113.0
524.12	113.0
556.16	113.0
310.52	114.0
320.44	114.0
340.32	114.0
350.04	114.0
354.68	114.0
365.8	114.0
329.0	114.0
332.36	114.0
404.4	114.0
422.56	114.0
373.48	115.0
410.72	115.0
1062.48	115.0
138.56	115.0
162.68	115.0
256.24	115.0
318.6	115.0
341.6	115.0
348.92	115.0
415.64	115.0
431.88	115.0
450.36	115.0
484.8	115.0
510.04	115.0
551.64	115.0
574.4	115.0
602.72	115.0
662.64	115.0
715.04	115.0
750.76	115.0
933.52	115.0
987.8	115.0
1036.0	115.0
1115.24	115.0
1345.48	115.0
339.24	116.0
363.28	116.0
390.32	116.0
411.76	116.0
983.56	116.0
1103.28	116.0
1224.8	116.0
112.4	116.0
136.84	116.0
163.32	116.0
188.4	116.0
210.04	116.0
269.48	116.0
272.52	116.0
306.4	116.0
311.4	116.0
317.32	116.0
322.32	116.0
325.56	116.0
328.4	116.0
331.96	116.0
336.44	116.0
342.92	116.0
348.96	116.0
357.32	116.0
375.04	116.0
379.0	116.0
384.56	116.0
393.28	116.0
405.0	116.0
425.08	116.0
550.0	116.0
620.04	116.0
759.96	116.0
828.04	116.0
902.2	116.0
994.24	116.0
1086.52	116.0
1098.08	116.0
1127.56	116.0
1137.32	116.0
1186.28	116.0
1331.2	116.0
321.88	117.0
348.76	117.0
362.48	117.0
410.2	117.0
425.72	117.0
457.8	117.0
481.96	117.0
310.8	117.0
336.6	117.0
357.16	117.0
368.88	117.0
386.28	117.0
393.2	117.0
405.08	117.0
438.96	117.0
551.2	117.0
574.84	117.0
1265.04	117.0
351.36	118.0
361.2	118.0
307.0	118.0
311.28	118.0
315.88	118.0
319.72	118.0
327.48	118.0
330.56	118.0
339.68	118.0
347.88	118.0
365.92	118.0
380.44	118.0
384.6	118.0
391.04	118.0
394.08	118.0
411.88	118.0
439.88	118.0
485.88	118.0
511.48	118.0
533.0	118.0
573.4	118.0
618.28	118.0
647.12	118.0
670.96	118.0
705.44	118.0
727.08	118.0
767.4	118.0
795.92	118.0
839.84	118.0
888.48	118.0
934.76	118.0
969.48	118.0
360.44	119.0
306.16	119.0
310.76	119.0
314.8	119.0
341.12	119.0
349.24	119.0
404.12	119.0
409.12	119.0
556.08	119.0
650.44	119.0
876.8	119.0
1134.44	119.0
1201.32	119.0
1270.72	119.0
1369.68	119.0
338.28	120.0
351.72	120.0
363.2	120.0
366.0	120.0
404.12	120.0
412.4	120.0
475.72	120.0
483.96	120.0
573.88	120.0
656.12	120.0
662.64	120.0
681.32	120.0
729.96	120.0
807.24	120.0
821.64	120.0
930.56	120.0
989.6	120.0
1045.52	120.0
