320.4	84.0
329.76	84.0
926.44	84.0
319.56	85.0
330.8	85.0
360.08	85.0
791.08	85.0
338.28	86.0
343.64	86.0
353.16	86.0
359.56	86.0
369.52	86.0
376.16	86.0
386.64	86.0
398.08	86.0
407.64	86.0
433.16	86.0
452.12	86.0
468.56	86.0
494.92	86.0
574.04	86.0
589.32	86.0
606.52	86.0
630.28	86.0
763.52	86.0
809.0	86.0
896.44	86.0
976.4	86.0
987.6	86.0
1058.24	86.0
1096.48	86.0
1130.96	86.0
319.0	86.0
327.56	86.0
333.64	86.0
346.8	86.0
382.36	86.0
528.08	86.0
508.12	87.0
532.12	87.0
568.4	87.0
599.04	87.0
315.88	87.0
320.36	87.0
327.44	87.0
330.8	87.0
333.92	87.0
337.0	87.0
343.64	87.0
347.48	87.0
350.72	87.0
354.16	87.0
367.0	87.0
372.24	87.0
379.52	87.0
388.6	87.0
795.08	87.0
827.04	87.0
888.24	87.0
921.0	87.0
936.64	87.0
315.52	88.0
320.6	88.0
388.56	88.0
491.56	88.0
807.72	88.0
302.76	88.0
330.72	88.0
337.92	88.0
352.64	88.0
396.44	88.0
546.52	88.0
619.28	88.0
625.0	88.0
1058.72	88.0
314.2	89.0
317.64	89.0
320.52	89.0
336.16	89.0
352.4	89.0
498.28	89.0
624.36	89.0
1165.44	90.0
314.68	90.0
319.84	90.0
335.2	90.0
347.32	90.0
357.24	90.0
418.76	90.0
461.6	90.0
517.2	90.0
525.2	90.0
557.52	90.0
318.44	91.0
302.56	91.0
314.84	91.0
424.92	91.0
860.6	91.0
314.8	92.0
332.24	92.0
343.88	92.0
355.28	92.0
359.2	92.0
378.44	92.0
392.12	92.0
406.88	92.0
424.6	92.0
446.36	92.0
468.2	92.0
477.24	92.0
496.24	92.0
514.16	92.0
536.36	92.0
570.64	92.0
627.28	92.0
665.68	92.0
739.04	92.0
796.68	92.0
869.72	92.0
958.16	92.0
1008.8	92.0
302.88	92.0
325.52	92.0
337.0	92.0
365.32	92.0
372.76	92.0
383.32	92.0
429.44	92.0
471.88	92.0
540.24	92.0
593.4	92.0
714.48	92.0
942.8	92.0
302.44	93.0
320.24	93.0
332.12	93.0
346.76	93.0
361.68	93.0
708.6	93.0
853.12	93.0
938.52	93.0
334.96	93.0
331.88	94.0
302.92	94.0
314.92	94.0
347.76	94.0
390.52	94.0
428.44	94.0
450.24	94.0
473.08	94.0
528.08	94.0
652.44	94.0
348.48	95.0
367.12	95.0
568.12	95.0
685.56	95.0
744.36	95.0
907.64	95.0
938.0	95.0
992.84	95.0
432.72	96.0
449.2	96.0
472.56	96.0
493.24	96.0
525.64	96.0
552.2	96.0
584.08	96.0
646.28	96.0
703.24	96.0
765.04	96.0
800.48	96.0
884.4	96.0
922.48	96.0
947.32	96.0
984.56	96.0
1160.6	96.0
302.48	97.0
312.0	97.0
341.04	97.0
334.12	98.0
346.36	98.0
467.44	98.0
1150.56	98.0
315.28	99.0
317.8	99.0
328.12	99.0
333.56	99.0
339.44	99.0
347.12	99.0
363.08	99.0
623.08	99.0
1172.76	99.0
316.12	100.0
837.28	100.0
1165.36	100.0
1196.68	100.0
302.6	101.0
335.36	101.0
302.72	102.0
317.48	102.0
302.68	103.0
390.08	103.0
332.0	103.0
333.08	104.0
919.24	104.0
315.08	104.0
319.68	104.0
329.72	104.0
339.16	104.0
345.64	104.0
356.44	104.0
365.2	104.0
375.92	104.0
391.04	104.0
428.12	104.0
734.0	104.0
373.24	106.0
435.0	106.0
471.04	106.0
495.8	106.0
314.08	107.0
317.72	107.0
335.48	107.0
339.72	107.0
348.24	107.0
357.44	107.0
378.84	107.0
385.92	107.0
424.68	107.0
430.0	107.0
453.64	107.0
461.52	107.0
491.8	107.0
545.28	107.0
603.72	107.0
694.08	107.0
793.0	107.0
846.44	107.0
984.36	107.0
1205.8	107.0
314.52	108.0
324.68	108.0
328.12	108.0
334.2	108.0
345.28	108.0
368.84	108.0
387.32	108.0
451.48	108.0
504.4	108.0
616.0	108.0
690.04	108.0
737.08	108.0
777.92	108.0
965.52	108.0
334.96	109.0
367.32	109.0
517.0	109.0
524.96	109.0
354.12	109.0
302.64	110.0
320.36	110.0
351.72	110.0
355.92	110.0
389.68	110.0
335.88	110.0
346.64	110.0
377.0	110.0
649.84	110.0
1233.2	110.0
345.88	111.0
313.4	111.0
316.08	111.0
320.32	111.0
328.68	111.0
335.4	111.0
342.48	111.0
351.84	111.0
357.88	111.0
361.8	111.0
394.28	111.0
410.12	111.0
424.28	111.0
427.56	111.0
449.68	111.0
471.32	111.0
495.08	111.0
538.2	111.0
649.8	111.0
724.88	111.0
746.56	111.0
873.88	111.0
881.96	111.0
1012.04	111.0
358.0	112.0
495.24	112.0
338.8	112.0
397.32	112.0
436.2	112.0
462.76	112.0
475.76	112.0
605.76	112.0
693.16	112.0
332.4	113.0
344.36	113.0
358.64	113.0
379.76	113.0
312.48	114.0
319.68	114.0
331.52	114.0
336.76	114.0
343.92	114.0
357.68	114.0
425.68	114.0
361.72	114.0
671.04	114.0
330.92	115.0
377.04	115.0
709.8	115.0
336.16	115.0
348.32	115.0
366.04	115.0
404.88	115.0
428.36	115.0
480.04	115.0
662.08	115.0
757.56	115.0
841.6	115.0
880.36	115.0
945.76	115.0
1006.44	115.0
1233.4	115.0
317.28	116.0
334.44	116.0
357.32	116.0
648.08	116.0
313.0	116.0
325.36	116.0
330.4	116.0
337.04	116.0
341.04	116.0
346.36	116.0
361.56	116.0
368.8	116.0
376.48	116.0
381.44	116.0
384.4	116.0
388.36	116.0
394.68	116.0
405.16	116.0
417.08	116.0
434.96	116.0
464.24	116.0
470.92	116.0
495.04	116.0
512.16	116.0
624.6	116.0
656.32	116.0
690.0	116.0
699.32	116.0
736.36	116.0
742.04	116.0
772.64	116.0
839.88	116.0
856.6	116.0
878.24	116.0
922.44	116.0
927.52	116.0
944.44	116.0
994.84	116.0
1199.52	116.0
319.76	117.0
369.28	117.0
313.2	117.0
316.4	117.0
359.04	117.0
318.92	118.0
325.04	118.0
336.48	118.0
344.88	118.0
359.8	118.0
362.48	118.0
377.44	118.0
395.08	118.0
465.24	118.0
317.16	119.0
338.32	119.0
346.08	119.0
352.68	119.0
367.08	119.0
376.44	119.0
421.96	119.0
691.56	119.0
725.24	119.0
358.52	120.0
312.4	120.0
319.68	120.0
332.04	120.0
435.68	120.0
535.6	120.0
605.28	120.0
639.64	120.0
676.4	120.0
767.28	120.0
886.48	120.0
1060.4	120.0
