339.4	84.0
319.48	84.0
347.72	85.0
361.48	85.0
392.6	85.0
469.56	85.0
495.48	85.0
537.2	85.0
949.28	85.0
317.6	86.0
328.36	86.0
336.92	86.0
352.04	86.0
371.72	86.0
376.92	86.0
383.92	86.0
393.36	86.0
396.64	86.0
433.48	86.0
470.36	86.0
491.56	86.0
518.96	86.0
542.56	86.0
569.28	86.0
619.36	86.0
632.0	86.0
674.56	86.0
755.12	86.0
796.64	86.0
930.24	86.0
937.48	86.0
1054.48	86.0
325.48	86.0
332.76	86.0
341.72	86.0
359.64	86.0
390.4	86.0
411.8	86.0
946.16	86.0
315.6	87.0
340.2	87.0
312.4	87.0
319.16	87.0
325.68	87.0
328.92	87.0
332.52	87.0
336.96	87.0
345.68	87.0
355.72	87.0
362.88	87.0
422.08	87.0
588.12	87.0
841.96	87.0
870.04	87.0
1062.8	87.0
312.56	88.0
315.76	88.0
331.48	88.0
376.12	88.0
485.64	88.0
539.52	88.0
556.4	88.0
577.4	88.0
617.24	88.0
633.4	88.0
678.16	88.0
23.24	88.0
302.72	88.0
336.88	88.0
366.16	88.0
878.2	88.0
1066.36	88.0
1306.76	88.0
326.96	89.0
364.88	89.0
1074.8	89.0
318.92	89.0
458.4	89.0
593.2	89.0
989.52	89.0
1186.2	89.0
337.0	90.0
358.52	90.0
396.52	90.0
402.52	90.0
583.56	90.0
789.76	90.0
317.36	91.0
302.52	91.0
556.64	91.0
1144.2	91.0
317.2	92.0
336.32	92.0
352.24	92.0
361.88	92.0
372.64	92.0
379.84	92.0
396.84	92.0
403.28	92.0
414.84	92.0
428.56	92.0
443.56	92.0
447.52	92.0
469.24	92.0
494.32	92.0
508.44	92.0
517.32	92.0
570.44	92.0
302.88	92.0
325.6	92.0
330.44	92.0
345.6	92.0
355.92	92.0
419.0	92.0
591.16	92.0
641.44	92.0
1142.36	92.0
338.84	93.0
362.56	93.0
469.92	93.0
779.8	93.0
869.76	93.0
302.64	93.0
354.8	93.0
682.36	94.0
334.56	94.0
378.24	94.0
429.56	94.0
447.28	94.0
480.56	94.0
496.2	94.0
521.6	94.0
549.24	94.0
600.12	94.0
625.52	94.0
332.24	95.0
447.4	95.0
655.4	95.0
1060.04	95.0
302.44	97.0
582.84	97.0
341.6	97.0
418.28	97.0
521.28	97.0
784.04	97.0
306.0	98.0
341.8	98.0
309.0	98.0
347.04	99.0
473.04	99.0
314.48	99.0
317.96	99.0
328.16	99.0
333.12	99.0
337.88	99.0
343.92	99.0
363.16	99.0
448.72	99.0
584.92	99.0
600.76	99.0
779.64	100.0
302.56	101.0
354.56	101.0
387.24	101.0
398.76	101.0
302.72	102.0
352.36	102.0
508.48	102.0
320.32	103.0
380.32	103.0
362.28	103.0
395.12	103.0
361.84	104.0
380.28	104.0
316.8	104.0
327.84	104.0
334.68	104.0
342.24	104.0
345.6	104.0
364.8	104.0
370.88	104.0
398.44	104.0
412.36	104.0
433.12	104.0
462.32	104.0
591.4	104.0
652.48	104.0
793.0	104.0
1006.36	104.0
326.32	106.0
384.2	106.0
442.28	106.0
514.48	106.0
377.56	107.0
386.12	107.0
319.16	107.0
333.32	107.0
344.8	107.0
360.48	107.0
374.6	107.0
410.6	107.0
434.72	107.0
470.96	107.0
499.52	107.0
546.48	107.0
635.24	107.0
643.68	107.0
691.72	107.0
719.96	107.0
319.88	108.0
315.48	108.0
324.08	108.0
334.72	108.0
344.4	108.0
361.04	108.0
375.84	108.0
399.68	108.0
425.92	108.0
453.0	108.0
523.12	108.0
572.16	108.0
628.12	108.0
663.44	108.0
336.8	109.0
396.32	109.0
420.72	109.0
673.64	109.0
379.08	109.0
313.08	110.0
336.64	110.0
350.08	110.0
375.24	110.0
414.88	110.0
332.48	110.0
342.28	110.0
361.52	110.0
370.08	110.0
402.64	110.0
406.76	110.0
550.12	110.0
628.52	110.0
686.64	110.0
343.04	111.0
406.96	111.0
828.2	111.0
317.2	111.0
325.8	111.0
328.48	111.0
332.4	111.0
336.72	111.0
340.4	111.0
350.2	111.0
354.76	111.0
357.28	111.0
367.72	111.0
380.04	111.0
382.84	111.0
385.92	111.0
397.72	111.0
400.36	111.0
413.64	111.0
416.88	111.0
427.4	111.0
445.04	111.0
479.64	111.0
511.84	111.0
550.2	111.0
594.04	111.0
597.04	111.0
614.28	111.0
661.4	111.0
688.2	111.0
321.0	112.0
343.12	112.0
385.68	112.0
571.2	112.0
646.24	112.0
666.32	112.0
765.6	112.0
825.0	112.0
329.6	113.0
343.52	113.0
356.0	113.0
374.64	113.0
318.8	114.0
329.24	114.0
340.36	114.0
344.4	114.0
359.16	114.0
401.68	114.0
317.4	115.0
535.92	115.0
591.04	115.0
312.44	115.0
332.68	115.0
342.6	115.0
351.8	115.0
361.76	115.0
370.36	115.0
380.24	115.0
391.16	115.0
402.88	115.0
428.4	115.0
446.24	115.0
470.2	115.0
492.4	115.0
518.44	115.0
550.4	115.0
570.6	115.0
615.12	115.0
628.76	115.0
686.92	115.0
720.6	115.0
326.88	116.0
330.08	116.0
350.36	116.0
364.04	116.0
367.32	116.0
379.4	116.0
312.08	116.0
315.96	116.0
319.84	116.0
337.52	116.0
342.4	116.0
347.24	116.0
357.88	116.0
361.32	116.0
386.88	116.0
398.48	116.0
415.04	116.0
455.16	116.0
591.12	116.0
782.44	116.0
834.08	116.0
360.88	117.0
376.04	117.0
313.52	117.0
328.04	117.0
337.04	117.0
398.04	117.0
415.24	117.0
445.32	117.0
594.96	117.0
828.24	117.0
319.08	118.0
324.0	118.0
332.16	118.0
343.0	118.0
352.92	118.0
358.84	118.0
375.64	118.0
404.6	118.0
449.56	118.0
517.16	118.0
337.96	119.0
313.4	119.0
344.28	119.0
349.92	119.0
376.72	119.0
590.84	119.0
640.2	119.0
320.08	120.0
332.76	120.0
344.28	120.0
364.44	120.0
376.36	120.0
645.72	120.0
665.88	120.0
810.88	120.0
966.12	120.0
997.0	120.0
1049.6	120.0
