356.04	84.0
370.8	84.0
498.6	84.0
302.44	84.0
313.68	84.0
316.4	84.0
324.64	84.0
314.32	85.0
306.6	85.0
326.4	85.0
334.96	85.0
1383.72	85.0
173.68	86.0
206.08	86.0
234.84	86.0
285.76	86.0
310.88	86.0
326.44	86.0
335.12	86.0
344.4	86.0
354.16	86.0
365.12	86.0
367.96	86.0
375.92	86.0
386.6	86.0
397.0	86.0
407.6	86.0
427.96	86.0
431.0	86.0
436.28	86.0
447.0	86.0
468.52	86.0
485.68	86.0
495.84	86.0
509.72	86.0
543.28	86.0
554.68	86.0
1375.68	86.0
1383.92	86.0
211.32	86.0
267.0	86.0
307.88	86.0
317.32	86.0
323.72	86.0
330.32	86.0
337.76	86.0
348.2	86.0
356.68	86.0
373.32	86.0
416.48	86.0
1378.96	86.0
1387.56	86.0
308.36	87.0
369.64	87.0
519.76	87.0
59.24	87.0
75.56	87.0
104.96	87.0
137.2	87.0
156.36	87.0
191.8	87.0
312.68	87.0
320.68	87.0
324.64	87.0
333.56	87.0
338.6	87.0
349.16	87.0
356.4	87.0
366.88	87.0
558.48	87.0
1387.44	87.0
328.44	88.0
380.64	88.0
410.84	88.0
426.68	88.0
477.44	88.0
530.92	88.0
568.56	88.0
198.8	88.0
204.12	88.0
262.36	88.0
302.6	88.0
308.2	88.0
318.0	88.0
321.72	88.0
339.16	88.0
352.08	88.0
360.12	88.0
368.28	88.0
430.0	88.0
444.72	88.0
449.04	88.0
1076.88	88.0
1355.84	88.0
1385.2	88.0
67.92	89.0
142.32	89.0
309.64	89.0
907.84	89.0
1346.76	89.0
1368.12	89.0
1377.0	89.0
258.88	89.0
313.6	89.0
352.24	89.0
459.6	89.0
616.84	89.0
1370.72	90.0
322.64	90.0
342.44	90.0
372.24	90.0
379.72	90.0
596.4	90.0
739.0	90.0
1348.84	90.0
1361.56	90.0
323.16	91.0
167.2	91.0
245.44	91.0
283.2	91.0
329.6	91.0
340.96	91.0
114.72	92.0
199.72	92.0
261.44	92.0
312.28	92.0
317.96	92.0
322.96	92.0
340.28	92.0
360.68	92.0
381.88	92.0
410.52	92.0
455.28	92.0
490.96	92.0
514.24	92.0
574.88	92.0
1345.64	92.0
1373.04	92.0
91.96	92.0
117.96	92.0
125.6	92.0
180.36	92.0
244.56	92.0
302.68	92.0
332.16	92.0
348.68	92.0
353.92	92.0
364.12	92.0
373.24	92.0
396.48	92.0
699.68	92.0
1339.0	92.0
1348.8	92.0
1355.24	92.0
1360.96	92.0
1365.24	92.0
1382.68	92.0
1386.52	92.0
334.4	93.0
361.24	93.0
320.52	94.0
333.32	94.0
359.96	94.0
442.56	94.0
511.16	94.0
1386.56	94.0
145.36	95.0
308.92	95.0
342.64	95.0
360.12	95.0
309.2	96.0
205.64	96.0
302.96	96.0
354.96	96.0
404.4	96.0
439.36	96.0
480.12	96.0
551.96	96.0
601.84	96.0
329.68	97.0
302.6	97.0
1388.36	97.0
85.52	99.0
174.92	99.0
308.52	99.0
314.56	99.0
320.44	99.0
326.48	99.0
332.88	99.0
337.92	99.0
347.88	99.0
365.92	99.0
699.12	99.0
730.88	99.0
1360.12	99.0
1366.44	99.0
1380.28	99.0
158.68	100.0
315.16	100.0
321.96	100.0
432.0	100.0
701.76	100.0
724.64	100.0
891.72	100.0
302.52	101.0
306.2	101.0
326.44	101.0
337.68	101.0
359.36	101.0
362.56	101.0
1370.56	101.0
302.64	102.0
1373.2	102.0
302.64	103.0
308.08	103.0
326.32	103.0
309.44	104.0
315.56	104.0
320.92	104.0
325.8	104.0
331.48	104.0
336.96	104.0
348.24	104.0
359.92	104.0
374.76	104.0
393.92	104.0
409.12	104.0
489.76	104.0
769.0	104.0
892.12	104.0
998.76	104.0
1376.76	104.0
341.08	106.0
480.12	106.0
556.56	106.0
306.0	107.0
309.4	107.0
316.68	107.0
321.0	107.0
330.4	107.0
341.8	107.0
354.6	107.0
371.84	107.0
408.48	107.0
433.8	107.0
544.76	107.0
601.88	107.0
706.96	107.0
351.24	108.0
1381.6	108.0
162.2	108.0
198.4	108.0
313.68	108.0
326.4	108.0
346.6	108.0
375.76	108.0
401.32	108.0
458.0	108.0
502.12	108.0
724.4	108.0
316.52	109.0
322.24	109.0
351.56	109.0
372.0	109.0
1361.36	109.0
1368.08	109.0
1383.68	109.0
325.12	109.0
331.08	109.0
1387.4	109.0
309.4	110.0
325.72	110.0
331.8	110.0
339.44	110.0
373.24	110.0
510.12	110.0
199.88	110.0
317.4	110.0
360.0	110.0
402.36	110.0
417.64	110.0
436.72	110.0
442.96	110.0
471.68	110.0
599.6	110.0
310.24	111.0
318.72	111.0
1375.44	111.0
307.12	111.0
315.88	111.0
321.44	111.0
326.28	111.0
331.92	111.0
343.0	111.0
351.44	111.0
358.0	111.0
365.32	111.0
370.36	111.0
373.36	111.0
381.36	111.0
385.08	111.0
389.12	111.0
402.2	111.0
413.28	111.0
436.68	111.0
458.56	111.0
490.4	111.0
518.24	111.0
559.04	111.0
578.52	111.0
595.44	111.0
700.76	111.0
1353.2	111.0
1362.04	111.0
1388.56	111.0
330.6	112.0
339.84	112.0
462.0	112.0
468.2	112.0
605.0	112.0
335.08	113.0
308.76	114.0
333.28	114.0
392.48	114.0
492.76	114.0
753.96	114.0
307.96	115.0
341.2	115.0
200.12	115.0
255.6	115.0
311.8	115.0
322.36	115.0
325.6	115.0
335.08	115.0
360.24	115.0
402.04	115.0
408.76	115.0
443.16	115.0
471.92	115.0
515.6	115.0
599.92	115.0
1375.88	115.0
308.96	116.0
312.44	116.0
339.2	116.0
360.0	116.0
371.92	116.0
374.8	116.0
387.0	116.0
595.08	116.0
735.68	116.0
1374.12	116.0
95.08	116.0
128.08	116.0
159.16	116.0
163.88	116.0
170.04	116.0
181.88	116.0
190.24	116.0
193.44	116.0
225.56	116.0
233.56	116.0
247.44	116.0
259.72	116.0
298.64	116.0
315.8	116.0
318.36	116.0
320.88	116.0
323.92	116.0
330.92	116.0
342.12	116.0
351.56	116.0
365.76	116.0
381.84	116.0
392.12	116.0
412.6	116.0
417.56	116.0
476.88	116.0
508.2	116.0
558.2	116.0
704.24	116.0
895.2	116.0
1364.12	116.0
1368.2	116.0
1383.6	116.0
1386.6	116.0
339.68	117.0
310.28	117.0
373.64	117.0
417.8	117.0
439.76	117.0
1368.68	117.0
1375.48	117.0
331.96	118.0
308.32	118.0
322.12	118.0
324.64	118.0
327.76	118.0
338.36	118.0
346.0	118.0
352.04	118.0
359.32	118.0
371.52	118.0
381.92	118.0
415.6	118.0
473.72	118.0
1365.84	118.0
1380.2	118.0
1387.64	118.0
310.68	119.0
331.8	119.0
410.72	119.0
99.32	120.0
225.6	120.0
309.48	120.0
312.88	120.0
329.88	120.0
334.16	120.0
349.68	120.0
353.48	120.0
356.68	120.0
402.36	120.0
548.52	120.0
711.4	120.0
753.68	120.0
