337.88	84.0
393.12	84.0
302.48	84.0
316.8	84.0
358.44	84.0
320.2	85.0
349.88	85.0
359.76	85.0
315.12	86.0
327.28	86.0
340.4	86.0
356.32	86.0
365.56	86.0
382.6	86.0
389.84	86.0
404.16	86.0
413.48	86.0
423.6	86.0
445.84	86.0
460.52	86.0
473.96	86.0
489.04	86.0
511.84	86.0
531.96	86.0
539.88	86.0
547.32	86.0
564.04	86.0
584.2	86.0
600.64	86.0
606.0	86.0
623.64	86.0
640.28	86.0
663.56	86.0
677.52	86.0
685.84	86.0
704.6	86.0
754.64	86.0
1181.8	86.0
1222.2	86.0
1241.2	86.0
1262.24	86.0
1270.72	86.0
1274.72	86.0
1289.92	86.0
1301.96	86.0
1313.96	86.0
1324.04	86.0
1342.92	86.0
1348.96	86.0
1360.72	86.0
1367.64	86.0
1373.36	86.0
1378.32	86.0
318.12	86.0
342.92	86.0
345.56	86.0
349.32	86.0
359.16	86.0
393.6	86.0
429.28	86.0
498.16	86.0
320.08	87.0
336.88	87.0
370.28	87.0
1374.64	87.0
312.08	87.0
316.76	87.0
325.44	87.0
327.96	87.0
334.32	87.0
340.64	87.0
343.92	87.0
353.52	87.0
357.84	87.0
360.88	87.0
365.36	87.0
380.64	87.0
385.64	87.0
392.68	87.0
410.88	87.0
421.68	87.0
429.88	87.0
537.0	87.0
633.8	87.0
663.4	87.0
700.32	87.0
785.28	87.0
1202.92	87.0
1232.4	87.0
1379.72	87.0
327.32	88.0
339.4	88.0
342.32	88.0
352.68	88.0
393.08	88.0
403.36	88.0
458.08	88.0
481.64	88.0
506.6	88.0
520.08	88.0
545.68	88.0
588.16	88.0
608.4	88.0
634.52	88.0
675.4	88.0
701.6	88.0
756.84	88.0
963.08	88.0
1343.24	88.0
1373.72	88.0
302.72	88.0
335.84	88.0
346.2	88.0
357.56	88.0
426.76	88.0
551.04	88.0
679.44	88.0
694.0	88.0
733.28	88.0
741.64	88.0
865.68	88.0
936.72	88.0
1083.28	88.0
1097.36	88.0
1148.36	88.0
1205.04	88.0
1229.36	88.0
1237.4	88.0
1260.76	88.0
1276.4	88.0
1282.84	88.0
1325.28	88.0
1328.0	88.0
317.56	89.0
340.84	89.0
396.24	89.0
610.84	89.0
822.2	89.0
1081.4	89.0
327.72	89.0
361.76	89.0
489.76	89.0
562.2	89.0
589.68	89.0
666.16	89.0
702.88	89.0
1262.2	89.0
1303.48	90.0
316.52	90.0
339.84	90.0
344.52	90.0
356.4	90.0
359.8	90.0
377.64	90.0
440.8	90.0
515.56	90.0
625.24	90.0
665.88	90.0
1181.2	90.0
1263.68	90.0
1271.76	90.0
1322.88	90.0
1333.68	90.0
1356.2	90.0
354.04	91.0
302.52	91.0
313.56	91.0
321.0	91.0
325.64	91.0
347.2	91.0
409.24	91.0
462.6	91.0
517.76	91.0
609.28	91.0
314.2	92.0
321.0	92.0
324.2	92.0
328.08	92.0
335.16	92.0
343.32	92.0
353.96	92.0
366.56	92.0
382.48	92.0
390.32	92.0
411.56	92.0
425.76	92.0
443.8	92.0
483.56	92.0
515.8	92.0
541.72	92.0
576.16	92.0
609.12	92.0
638.28	92.0
642.04	92.0
664.6	92.0
680.08	92.0
715.0	92.0
734.44	92.0
760.56	92.0
797.32	92.0
828.76	92.0
892.6	92.0
1082.28	92.0
1126.6	92.0
1167.84	92.0
1188.6	92.0
1210.32	92.0
1245.32	92.0
1320.84	92.0
1328.04	92.0
1363.16	92.0
1369.8	92.0
302.88	92.0
337.68	92.0
358.92	92.0
374.0	92.0
400.92	92.0
418.6	92.0
461.72	92.0
492.56	92.0
535.48	92.0
600.28	92.0
627.4	92.0
683.92	92.0
705.16	92.0
738.48	92.0
967.04	92.0
1086.68	92.0
1130.36	92.0
1170.36	92.0
1220.72	92.0
1226.68	92.0
1240.52	92.0
1299.64	92.0
1305.52	92.0
1312.44	92.0
1316.4	92.0
1366.92	92.0
346.72	93.0
352.32	93.0
374.32	93.0
385.04	93.0
417.96	93.0
429.92	93.0
748.56	93.0
1253.44	93.0
302.56	93.0
314.12	93.0
320.4	93.0
1366.68	93.0
1179.64	94.0
319.0	94.0
333.0	94.0
345.08	94.0
362.4	94.0
374.48	94.0
396.0	94.0
406.96	94.0
428.72	94.0
442.0	94.0
509.52	94.0
561.96	94.0
666.24	94.0
1329.68	94.0
1380.52	94.0
356.24	95.0
471.36	95.0
549.8	95.0
619.8	95.0
688.24	95.0
763.08	95.0
905.28	95.0
1263.44	95.0
341.0	96.0
413.92	96.0
477.92	96.0
502.48	96.0
524.52	96.0
543.92	96.0
569.32	96.0
598.96	96.0
659.08	96.0
742.96	96.0
818.36	96.0
856.12	96.0
1184.88	96.0
1247.6	96.0
1286.32	96.0
1311.48	96.0
1351.56	96.0
1377.24	96.0
1276.56	97.0
1371.48	97.0
302.68	97.0
320.32	97.0
1311.56	97.0
1381.16	97.0
342.72	98.0
314.24	98.0
368.2	98.0
383.44	98.0
320.64	99.0
313.64	99.0
317.24	99.0
325.56	99.0
329.4	99.0
334.68	99.0
340.48	99.0
347.92	99.0
360.44	99.0
374.32	99.0
398.04	99.0
405.48	99.0
527.56	99.0
545.52	99.0
548.04	99.0
611.44	99.0
624.48	99.0
1172.16	99.0
1206.4	99.0
1300.96	99.0
1374.56	99.0
1330.36	100.0
327.72	100.0
335.64	100.0
357.28	100.0
361.64	100.0
405.32	100.0
566.44	100.0
909.72	100.0
1036.96	100.0
1303.4	100.0
327.04	101.0
302.56	101.0
344.44	101.0
351.56	101.0
396.88	101.0
483.96	101.0
500.56	101.0
529.96	101.0
302.72	102.0
344.6	102.0
828.92	102.0
320.28	103.0
346.28	103.0
320.24	104.0
346.32	104.0
377.64	104.0
313.6	104.0
317.64	104.0
324.48	104.0
329.6	104.0
336.4	104.0
352.0	104.0
362.08	104.0
369.56	104.0
384.32	104.0
393.24	104.0
425.28	104.0
430.52	104.0
467.52	104.0
498.6	104.0
517.8	104.0
532.6	104.0
546.36	104.0
562.28	104.0
592.44	104.0
602.32	104.0
615.8	104.0
632.2	104.0
645.16	104.0
650.0	104.0
666.48	104.0
717.52	104.0
774.64	104.0
1182.48	104.0
1257.24	104.0
1273.6	104.0
1299.72	104.0
1324.4	104.0
319.04	105.0
335.52	106.0
450.6	106.0
558.32	106.0
313.88	107.0
400.44	107.0
333.36	107.0
345.32	107.0
349.64	107.0
372.96	107.0
397.76	107.0
409.52	107.0
430.24	107.0
442.28	107.0
464.24	107.0
482.64	107.0
512.56	107.0
519.2	107.0
522.04	107.0
538.36	107.0
548.88	107.0
561.2	107.0
591.68	107.0
612.44	107.0
662.4	107.0
681.12	107.0
719.48	107.0
784.56	107.0
1103.36	107.0
1153.84	107.0
1175.32	107.0
1211.92	107.0
1248.56	107.0
1291.6	107.0
1314.4	107.0
1375.68	107.0
319.64	108.0
351.08	108.0
442.28	108.0
465.6	108.0
334.8	108.0
340.6	108.0
356.92	108.0
371.24	108.0
381.8	108.0
387.76	108.0
396.6	108.0
410.6	108.0
427.88	108.0
454.04	108.0
483.76	108.0
510.68	108.0
544.88	108.0
994.24	108.0
1136.88	108.0
1309.64	108.0
1329.56	108.0
325.04	109.0
335.56	109.0
665.64	109.0
1263.44	109.0
315.48	109.0
328.16	109.0
347.68	109.0
312.64	110.0
316.08	110.0
324.8	110.0
335.16	110.0
345.16	110.0
351.6	110.0
354.92	110.0
358.76	110.0
362.2	110.0
367.92	110.0
371.16	110.0
377.56	110.0
406.12	110.0
428.96	110.0
473.16	110.0
507.72	110.0
545.2	110.0
575.12	110.0
623.24	110.0
968.68	110.0
320.96	111.0
347.64	111.0
356.96	111.0
1227.04	111.0
1272.96	111.0
312.76	111.0
316.2	111.0
337.24	111.0
341.28	111.0
345.12	111.0
350.52	111.0
353.88	111.0
362.88	111.0
369.16	111.0
377.8	111.0
384.76	111.0
390.44	111.0
397.48	111.0
413.96	111.0
443.36	111.0
456.12	111.0
466.76	111.0
476.56	111.0
486.28	111.0
500.0	111.0
517.72	111.0
522.92	111.0
533.04	111.0
545.12	111.0
553.16	111.0
568.4	111.0
582.12	111.0
607.16	111.0
621.36	111.0
633.24	111.0
647.96	111.0
664.92	111.0
682.0	111.0
700.68	111.0
718.16	111.0
736.28	111.0
762.6	111.0
799.32	111.0
830.96	111.0
895.36	111.0
929.36	111.0
1170.48	111.0
1192.52	111.0
1213.88	111.0
1249.16	111.0
1305.56	111.0
1332.08	111.0
1373.4	111.0
313.68	112.0
341.64	112.0
346.84	112.0
350.88	112.0
357.52	112.0
404.12	112.0
419.88	112.0
436.76	112.0
492.48	112.0
593.16	112.0
1203.76	112.0
319.4	113.0
338.48	113.0
350.8	113.0
366.84	113.0
402.36	113.0
319.24	114.0
339.12	114.0
348.88	114.0
353.16	114.0
361.08	114.0
403.32	114.0
336.36	114.0
411.44	114.0
329.08	115.0
362.24	115.0
396.56	115.0
1373.28	115.0
319.04	115.0
325.56	115.0
340.32	115.0
346.96	115.0
351.48	115.0
371.48	115.0
384.64	115.0
406.44	115.0
433.84	115.0
473.44	115.0
508.0	115.0
526.64	115.0
546.12	115.0
575.4	115.0
589.04	115.0
623.44	115.0
706.76	115.0
869.56	115.0
968.96	115.0
1037.84	115.0
1085.36	115.0
1154.28	115.0
1203.24	115.0
1238.24	115.0
1286.52	115.0
1300.08	115.0
1318.4	115.0
1342.0	115.0
508.4	116.0
576.68	116.0
610.24	116.0
791.72	116.0
1273.8	116.0
1327.84	116.0
1330.8	116.0
1373.32	116.0
1375.96	116.0
315.32	116.0
319.0	116.0
328.0	116.0
336.48	116.0
339.32	116.0
342.92	116.0
347.44	116.0
352.28	116.0
355.24	116.0
362.52	116.0
368.16	116.0
383.68	116.0
389.52	116.0
395.76	116.0
404.64	116.0
413.2	116.0
425.0	116.0
440.32	116.0
450.24	116.0
485.08	116.0
498.92	116.0
518.0	116.0
530.6	116.0
536.92	116.0
907.96	116.0
912.44	116.0
953.4	116.0
1029.0	116.0
1039.96	116.0
1058.12	116.0
1132.6	116.0
1138.36	116.0
1144.24	116.0
1164.0	116.0
1187.36	116.0
1193.84	116.0
1215.6	116.0
1230.64	116.0
1264.04	116.0
1281.12	116.0
1305.68	116.0
1310.84	116.0
1365.88	116.0
312.08	117.0
333.24	117.0
363.08	117.0
545.72	117.0
316.52	117.0
325.24	117.0
350.8	117.0
377.84	117.0
403.88	117.0
443.68	117.0
1194.96	117.0
1227.04	117.0
393.16	118.0
395.88	118.0
1332.28	118.0
317.32	118.0
324.52	118.0
328.84	118.0
338.24	118.0
345.84	118.0
348.8	118.0
361.84	118.0
375.84	118.0
379.84	118.0
405.32	118.0
415.8	118.0
437.8	118.0
454.32	118.0
481.8	118.0
496.44	118.0
503.24	118.0
526.96	118.0
567.96	118.0
590.44	118.0
617.6	118.0
636.0	118.0
661.4	118.0
682.08	118.0
717.6	118.0
763.12	118.0
844.28	118.0
895.04	118.0
977.76	118.0
1337.72	118.0
1378.56	118.0
313.36	119.0
317.8	119.0
320.72	119.0
329.88	119.0
352.24	119.0
397.48	119.0
567.28	119.0
607.2	119.0
665.6	119.0
1100.8	119.0
1151.2	119.0
314.2	120.0
320.44	120.0
328.52	120.0
337.24	120.0
344.2	120.0
350.44	120.0
357.0	120.0
361.32	120.0
376.52	120.0
393.44	120.0
411.12	120.0
436.32	120.0
454.36	120.0
519.48	120.0
772.88	120.0
837.88	120.0
977.2	120.0
1099.16	120.0
1372.0	120.0
