514.2	84.0
531.24	84.0
302.52	84.0
316.36	84.0
328.56	84.0
329.08	85.0
336.0	85.0
346.08	85.0
372.44	85.0
406.64	85.0
462.68	85.0
738.76	85.0
763.96	85.0
316.88	86.0
321.52	86.0
326.92	86.0
334.64	86.0
343.52	86.0
349.72	86.0
359.96	86.0
368.64	86.0
376.92	86.0
394.8	86.0
416.16	86.0
429.04	86.0
445.24	86.0
479.12	86.0
502.6	86.0
539.28	86.0
559.76	86.0
578.72	86.0
627.2	86.0
650.16	86.0
671.08	86.0
692.32	86.0
707.36	86.0
729.36	86.0
744.96	86.0
759.12	86.0
761.88	86.0
764.4	86.0
767.32	86.0
777.76	86.0
785.96	86.0
797.56	86.0
810.24	86.0
821.84	86.0
840.84	86.0
860.68	86.0
883.4	86.0
896.44	86.0
925.08	86.0
948.4	86.0
955.08	86.0
324.04	86.0
331.32	86.0
340.2	86.0
354.44	86.0
381.92	86.0
448.32	86.0
608.4	86.0
908.12	86.0
311.88	87.0
488.6	87.0
549.6	87.0
564.8	87.0
587.28	87.0
995.04	87.0
1046.76	87.0
315.32	87.0
324.28	87.0
330.28	87.0
333.36	87.0
337.64	87.0
341.2	87.0
348.04	87.0
352.8	87.0
362.4	87.0
368.2	87.0
373.8	87.0
380.12	87.0
388.72	87.0
473.4	87.0
493.28	87.0
506.52	87.0
539.16	87.0
554.04	87.0
583.24	87.0
596.92	87.0
611.24	87.0
620.08	87.0
630.8	87.0
637.04	87.0
652.92	87.0
674.48	87.0
693.64	87.0
710.12	87.0
732.8	87.0
790.96	87.0
903.24	87.0
344.72	88.0
357.92	88.0
371.88	88.0
383.32	88.0
441.64	88.0
463.52	88.0
484.52	88.0
503.04	88.0
522.96	88.0
538.32	88.0
602.4	88.0
636.64	88.0
656.36	88.0
691.56	88.0
744.16	88.0
778.36	88.0
857.52	88.0
302.76	88.0
312.64	88.0
323.28	88.0
326.24	88.0
329.2	88.0
336.4	88.0
364.24	88.0
421.56	88.0
497.24	88.0
506.8	88.0
527.96	88.0
556.4	88.0
576.0	88.0
590.52	88.0
608.56	88.0
619.2	88.0
623.4	88.0
658.88	88.0
695.04	88.0
722.28	88.0
725.44	88.0
1082.96	88.0
1364.4	88.0
324.04	89.0
344.8	89.0
364.36	89.0
516.68	89.0
602.72	89.0
729.84	89.0
893.16	89.0
333.32	89.0
336.72	89.0
359.08	89.0
389.4	89.0
399.44	89.0
480.24	89.0
692.4	89.0
848.72	89.0
312.24	90.0
318.0	90.0
321.36	90.0
336.4	90.0
344.8	90.0
430.08	90.0
450.24	90.0
559.68	90.0
591.28	90.0
632.84	90.0
712.28	90.0
864.44	90.0
316.56	91.0
336.96	91.0
327.28	91.0
695.6	91.0
309.8	92.0
316.56	92.0
325.64	92.0
336.12	92.0
344.72	92.0
349.68	92.0
357.92	92.0
363.8	92.0
381.32	92.0
393.0	92.0
396.12	92.0
405.32	92.0
417.6	92.0
426.84	92.0
430.48	92.0
442.96	92.0
454.44	92.0
465.84	92.0
469.44	92.0
481.88	92.0
497.56	92.0
510.84	92.0
537.56	92.0
543.32	92.0
557.16	92.0
575.76	92.0
630.84	92.0
650.16	92.0
672.4	92.0
691.32	92.0
724.2	92.0
782.92	92.0
860.0	92.0
302.88	92.0
314.04	92.0
484.96	92.0
514.52	92.0
520.32	92.0
530.68	92.0
561.32	92.0
571.24	92.0
578.84	92.0
596.08	92.0
614.04	92.0
660.68	92.0
760.52	92.0
877.8	92.0
899.32	92.0
322.24	93.0
344.84	93.0
350.24	93.0
373.48	93.0
548.28	93.0
592.76	93.0
901.84	93.0
1460.92	93.0
309.52	93.0
533.76	94.0
1236.12	94.0
314.48	94.0
322.36	94.0
328.4	94.0
344.96	94.0
359.4	94.0
363.72	94.0
384.24	94.0
407.36	94.0
420.12	94.0
455.72	94.0
475.76	94.0
513.16	94.0
559.08	94.0
609.56	94.0
700.08	94.0
737.88	94.0
327.0	95.0
351.92	95.0
359.64	95.0
512.72	95.0
581.56	95.0
649.36	95.0
700.96	95.0
769.32	95.0
827.64	95.0
901.24	95.0
987.96	95.0
1051.4	95.0
302.88	96.0
627.08	96.0
302.6	97.0
310.48	97.0
331.72	97.0
348.28	97.0
394.64	97.0
421.36	97.0
571.64	97.0
827.0	97.0
338.8	98.0
343.92	98.0
430.76	98.0
314.32	99.0
322.6	99.0
328.24	99.0
332.64	99.0
339.24	99.0
344.04	99.0
349.6	99.0
353.44	99.0
375.56	99.0
383.08	99.0
420.56	99.0
498.96	99.0
503.8	99.0
523.44	99.0
557.4	99.0
572.32	99.0
584.0	99.0
593.92	99.0
599.48	99.0
605.88	99.0
634.28	99.0
650.56	99.0
738.8	99.0
314.24	100.0
590.76	100.0
649.12	100.0
706.2	100.0
804.16	100.0
928.28	100.0
341.08	101.0
1043.24	101.0
302.56	101.0
316.52	101.0
322.4	101.0
330.52	101.0
346.68	101.0
302.72	102.0
375.92	102.0
783.04	102.0
340.56	103.0
327.88	103.0
337.04	104.0
312.76	104.0
316.88	104.0
322.4	104.0
327.56	104.0
345.04	104.0
349.32	104.0
352.4	104.0
361.08	104.0
370.68	104.0
382.68	104.0
409.0	104.0
424.28	104.0
439.56	104.0
478.72	104.0
496.6	104.0
502.8	104.0
526.16	104.0
537.32	104.0
559.96	104.0
579.2	104.0
604.88	104.0
608.44	104.0
628.56	104.0
651.04	104.0
701.6	104.0
719.12	104.0
738.88	104.0
743.88	104.0
764.76	104.0
833.12	104.0
905.52	104.0
937.2	104.0
1015.0	104.0
338.76	106.0
349.96	106.0
364.84	106.0
413.8	106.0
453.48	106.0
652.2	106.0
364.88	107.0
309.84	107.0
315.88	107.0
328.44	107.0
334.12	107.0
347.88	107.0
359.72	107.0
370.96	107.0
383.16	107.0
414.72	107.0
422.36	107.0
447.68	107.0
503.0	107.0
578.2	107.0
949.52	107.0
310.6	108.0
315.36	108.0
321.0	108.0
332.6	108.0
349.16	108.0
361.92	108.0
384.28	108.0
403.92	108.0
459.52	108.0
486.24	108.0
508.2	108.0
544.76	108.0
561.6	108.0
594.32	108.0
629.76	108.0
697.12	108.0
336.04	109.0
408.0	109.0
450.04	109.0
632.64	109.0
348.16	109.0
332.6	110.0
340.4	110.0
351.48	110.0
362.72	110.0
379.72	110.0
459.24	110.0
493.24	110.0
326.28	110.0
336.56	110.0
344.88	110.0
354.0	110.0
370.0	110.0
478.76	110.0
524.76	110.0
535.36	110.0
618.0	110.0
694.52	110.0
743.88	110.0
340.24	111.0
350.72	111.0
554.24	111.0
571.32	111.0
604.28	111.0
630.12	111.0
667.4	111.0
906.4	111.0
311.68	111.0
314.52	111.0
326.12	111.0
328.96	111.0
332.72	111.0
335.44	111.0
344.6	111.0
347.96	111.0
361.92	111.0
368.16	111.0
371.16	111.0
379.84	111.0
385.32	111.0
396.76	111.0
401.8	111.0
418.32	111.0
438.48	111.0
447.52	111.0
459.36	111.0
466.24	111.0
479.36	111.0
484.88	111.0
488.44	111.0
500.76	111.0
512.88	111.0
538.48	111.0
558.24	111.0
597.88	111.0
647.08	111.0
652.0	111.0
670.8	111.0
698.48	111.0
724.44	111.0
750.52	111.0
325.84	112.0
333.92	112.0
337.16	112.0
322.4	112.0
328.36	112.0
347.84	112.0
357.04	112.0
363.04	112.0
457.68	112.0
487.64	112.0
651.76	112.0
905.12	112.0
956.36	112.0
327.24	113.0
339.44	113.0
357.96	113.0
388.48	113.0
416.24	113.0
439.8	113.0
455.72	113.0
492.36	113.0
517.68	113.0
542.16	113.0
317.32	114.0
328.88	114.0
337.44	114.0
346.32	114.0
368.72	114.0
386.68	114.0
541.6	114.0
335.28	115.0
346.16	115.0
478.8	115.0
633.96	115.0
311.88	115.0
321.0	115.0
328.96	115.0
364.8	115.0
372.88	115.0
382.32	115.0
392.68	115.0
410.72	115.0
423.32	115.0
439.92	115.0
451.6	115.0
469.36	115.0
505.44	115.0
525.0	115.0
535.6	115.0
575.32	115.0
606.8	115.0
654.08	115.0
675.48	115.0
720.64	115.0
755.76	115.0
798.72	115.0
871.84	115.0
942.4	115.0
321.36	116.0
559.16	116.0
931.16	116.0
309.08	116.0
311.72	116.0
314.24	116.0
317.88	116.0
324.76	116.0
331.76	116.0
336.08	116.0
339.2	116.0
343.92	116.0
347.96	116.0
352.92	116.0
357.6	116.0
361.08	116.0
369.16	116.0
377.16	116.0
388.08	116.0
398.84	116.0
408.0	116.0
423.12	116.0
458.48	116.0
513.36	116.0
522.96	116.0
571.56	116.0
598.52	116.0
611.24	116.0
636.68	116.0
698.44	116.0
899.28	116.0
326.0	117.0
338.64	117.0
352.48	117.0
369.88	117.0
384.28	117.0
417.84	117.0
452.6	117.0
511.72	117.0
344.88	117.0
438.76	117.0
515.12	117.0
554.36	117.0
667.44	117.0
763.96	117.0
398.36	118.0
309.88	118.0
317.36	118.0
325.76	118.0
328.64	118.0
334.0	118.0
336.88	118.0
345.12	118.0
348.36	118.0
356.6	118.0
388.16	118.0
404.32	118.0
422.84	118.0
446.12	118.0
481.6	118.0
533.36	118.0
555.52	118.0
573.36	118.0
603.16	118.0
624.52	118.0
646.6	118.0
679.76	118.0
721.12	118.0
746.4	118.0
787.28	118.0
810.8	118.0
858.6	118.0
310.08	119.0
326.32	119.0
330.36	119.0
347.32	119.0
396.2	119.0
513.92	119.0
535.8	119.0
631.44	119.0
635.36	119.0
797.4	119.0
942.4	119.0
310.04	120.0
339.56	120.0
315.28	120.0
321.92	120.0
325.56	120.0
333.24	120.0
344.2	120.0
356.6	120.0
362.6	120.0
439.84	120.0
541.32	120.0
606.6	120.0
646.4	120.0
728.56	120.0
764.72	120.0
907.04	120.0
933.8	120.0
994.16	120.0
