316.56	84.0
332.28	84.0
358.96	84.0
188.32	85.0
308.6	85.0
325.48	85.0
334.16	85.0
13.88	86.0
25.36	86.0
43.92	86.0
52.08	86.0
66.52	86.0
105.36	86.0
125.48	86.0
144.12	86.0
309.12	86.0
339.32	86.0
346.48	86.0
352.72	86.0
358.56	86.0
367.12	86.0
373.56	86.0
380.96	86.0
389.08	86.0
404.96	86.0
413.24	86.0
431.6	86.0
448.12	86.0
459.16	86.0
501.16	86.0
623.24	86.0
314.52	86.0
317.12	86.0
325.32	86.0
327.84	86.0
334.52	86.0
343.2	86.0
363.88	86.0
385.48	86.0
307.64	87.0
53.36	87.0
311.48	87.0
315.6	87.0
319.36	87.0
333.12	87.0
338.08	87.0
342.52	87.0
348.92	87.0
379.76	87.0
308.36	88.0
333.08	88.0
382.8	88.0
428.2	88.0
495.4	88.0
74.12	88.0
79.44	88.0
203.6	88.0
302.64	88.0
310.92	88.0
320.2	88.0
338.88	88.0
350.92	88.0
394.32	88.0
432.96	88.0
456.52	88.0
610.64	88.0
98.08	89.0
320.16	89.0
317.48	89.0
338.24	89.0
349.48	89.0
355.64	89.0
371.96	89.0
379.32	89.0
401.84	89.0
418.96	89.0
433.12	89.0
454.4	89.0
231.48	90.0
309.48	90.0
30.72	90.0
155.44	90.0
241.32	90.0
312.12	90.0
328.52	90.0
333.4	90.0
349.16	90.0
355.24	90.0
372.52	90.0
390.44	90.0
409.44	90.0
485.68	90.0
527.4	90.0
542.32	90.0
320.0	91.0
310.56	91.0
10.76	92.0
66.2	92.0
104.96	92.0
144.92	92.0
190.84	92.0
243.32	92.0
295.2	92.0
306.12	92.0
320.16	92.0
330.16	92.0
352.68	92.0
378.96	92.0
391.72	92.0
413.56	92.0
434.32	92.0
455.08	92.0
480.08	92.0
517.08	92.0
529.04	92.0
571.96	92.0
22.08	92.0
24.88	92.0
32.24	92.0
43.88	92.0
55.84	92.0
69.76	92.0
107.52	92.0
116.84	92.0
125.12	92.0
206.8	92.0
302.72	92.0
314.72	92.0
333.64	92.0
346.04	92.0
356.32	92.0
382.8	92.0
417.56	92.0
436.92	92.0
459.56	92.0
533.28	92.0
576.44	92.0
50.92	93.0
135.2	93.0
270.32	93.0
345.68	93.0
244.52	94.0
315.56	94.0
337.4	94.0
341.0	94.0
368.08	94.0
417.32	94.0
438.04	94.0
474.96	94.0
500.28	94.0
538.04	94.0
211.84	95.0
306.84	95.0
326.16	95.0
309.16	96.0
102.16	96.0
184.0	96.0
318.16	96.0
356.6	96.0
368.56	96.0
385.32	96.0
407.48	96.0
458.64	96.0
478.4	96.0
503.8	96.0
542.6	96.0
566.32	96.0
646.72	96.0
312.52	97.0
341.96	97.0
423.64	97.0
65.24	97.0
302.6	97.0
309.08	97.0
367.12	97.0
369.72	97.0
475.6	97.0
528.08	97.0
307.04	98.0
77.48	98.0
45.32	99.0
248.32	99.0
308.32	99.0
311.28	99.0
316.2	99.0
321.0	99.0
326.04	99.0
332.68	99.0
338.4	99.0
344.88	99.0
370.6	99.0
231.44	100.0
267.32	100.0
316.76	100.0
615.72	100.0
302.56	101.0
308.64	101.0
345.92	101.0
302.68	102.0
145.08	102.0
308.44	102.0
319.56	103.0
337.28	103.0
341.56	103.0
66.12	104.0
161.12	104.0
307.36	104.0
310.28	104.0
314.2	104.0
316.92	104.0
329.6	104.0
334.52	104.0
339.56	104.0
345.84	104.0
357.56	104.0
378.64	104.0
391.96	104.0
402.28	104.0
437.6	104.0
334.8	106.0
341.08	106.0
387.52	106.0
307.88	107.0
366.52	107.0
246.32	107.0
315.28	107.0
326.76	107.0
340.0	107.0
347.04	107.0
377.2	107.0
389.52	107.0
476.04	107.0
508.28	107.0
565.08	107.0
315.68	108.0
335.28	108.0
344.08	108.0
398.8	108.0
414.28	108.0
456.88	108.0
505.92	108.0
155.16	109.0
307.92	109.0
378.84	109.0
435.4	109.0
485.44	109.0
507.0	109.0
332.44	110.0
337.84	110.0
366.28	110.0
372.2	110.0
56.44	110.0
77.04	110.0
179.56	110.0
324.52	110.0
328.76	110.0
344.4	110.0
379.08	110.0
390.92	110.0
475.6	110.0
498.4	110.0
48.04	111.0
60.8	111.0
309.52	111.0
335.8	111.0
13.0	111.0
74.24	111.0
109.16	111.0
112.2	111.0
150.8	111.0
194.92	111.0
299.28	111.0
306.32	111.0
318.04	111.0
320.68	111.0
329.8	111.0
339.24	111.0
344.88	111.0
351.28	111.0
354.88	111.0
366.4	111.0
372.32	111.0
378.96	111.0
381.48	111.0
387.92	111.0
401.8	111.0
408.88	111.0
416.12	111.0
418.64	111.0
432.52	111.0
458.12	111.0
475.08	111.0
481.8	111.0
513.12	111.0
532.36	111.0
542.96	111.0
574.76	111.0
10.8	112.0
325.52	112.0
338.6	112.0
418.4	112.0
613.48	112.0
309.92	113.0
333.2	113.0
306.48	114.0
331.0	114.0
347.16	114.0
326.12	114.0
339.68	114.0
414.56	114.0
308.48	115.0
337.28	115.0
360.52	115.0
19.72	115.0
96.92	115.0
179.84	115.0
240.24	115.0
316.2	115.0
324.88	115.0
329.4	115.0
391.04	115.0
420.16	115.0
460.32	115.0
580.04	115.0
179.84	116.0
306.04	116.0
308.64	116.0
335.6	116.0
338.2	116.0
340.8	116.0
353.84	116.0
372.84	116.0
541.48	116.0
12.52	116.0
51.72	116.0
54.4	116.0
66.36	116.0
201.56	116.0
233.72	116.0
240.36	116.0
267.4	116.0
312.96	116.0
316.0	116.0
319.92	116.0
324.2	116.0
328.68	116.0
332.04	116.0
344.8	116.0
367.44	116.0
376.76	116.0
381.36	116.0
395.0	116.0
438.12	116.0
531.36	116.0
575.64	116.0
325.16	117.0
359.48	117.0
60.88	117.0
309.52	117.0
320.4	117.0
337.64	117.0
340.2	117.0
351.56	117.0
379.24	117.0
475.8	117.0
345.92	118.0
308.52	118.0
312.36	118.0
327.4	118.0
333.76	118.0
337.72	118.0
353.76	118.0
359.68	118.0
372.96	118.0
391.52	118.0
401.0	118.0
422.92	118.0
448.92	118.0
479.4	118.0
310.64	119.0
14.24	120.0
30.36	120.0
110.76	120.0
190.52	120.0
194.04	120.0
286.08	120.0
339.16	120.0
382.36	120.0
