3.6	84.0
28.68	84.0
306.2	84.0
318.68	84.0
421.52	84.0
307.64	85.0
1302.08	85.0
7.28	86.0
22.24	86.0
37.4	86.0
51.36	86.0
72.32	86.0
100.44	86.0
117.44	86.0
142.68	86.0
320.84	86.0
332.52	86.0
335.76	86.0
343.24	86.0
352.28	86.0
360.68	86.0
383.44	86.0
395.76	86.0
403.24	86.0
415.72	86.0
437.24	86.0
479.72	86.0
1292.12	86.0
1328.76	86.0
309.2	86.0
318.16	86.0
328.24	86.0
347.92	86.0
375.16	86.0
459.08	86.0
308.12	87.0
311.72	87.0
316.24	87.0
320.12	87.0
329.84	87.0
396.72	87.0
1214.72	87.0
1329.36	87.0
13.48	88.0
184.88	88.0
309.68	88.0
362.16	88.0
1171.44	88.0
16.72	88.0
35.56	88.0
100.88	88.0
120.0	88.0
218.88	88.0
223.2	88.0
302.72	88.0
306.72	88.0
317.0	88.0
329.84	88.0
348.0	88.0
386.76	88.0
420.0	88.0
678.0	88.0
1023.56	88.0
1323.4	88.0
1372.8	88.0
329.84	89.0
362.84	89.0
447.36	89.0
1199.48	89.0
6.52	89.0
115.16	89.0
309.28	89.0
315.16	89.0
318.48	89.0
1081.0	89.0
16.56	90.0
25.48	90.0
114.84	90.0
308.96	90.0
344.92	90.0
361.8	90.0
365.96	90.0
427.16	90.0
459.0	90.0
1209.72	90.0
1308.88	90.0
1395.52	90.0
3.2	91.0
1221.28	91.0
16.96	92.0
37.8	92.0
97.92	92.0
131.28	92.0
236.2	92.0
306.28	92.0
337.44	92.0
361.2	92.0
390.6	92.0
420.8	92.0
447.08	92.0
503.56	92.0
549.64	92.0
616.16	92.0
1109.88	92.0
1168.44	92.0
1203.2	92.0
1224.8	92.0
1251.84	92.0
1281.28	92.0
1340.92	92.0
1375.24	92.0
1392.92	92.0
1398.92	92.0
1446.28	92.0
6.68	92.0
23.92	92.0
71.96	92.0
216.56	92.0
240.32	92.0
302.8	92.0
331.48	92.0
376.68	92.0
395.28	92.0
409.24	92.0
427.6	92.0
472.0	92.0
582.48	92.0
1106.12	92.0
1113.44	92.0
1206.6	92.0
1233.64	92.0
1244.96	92.0
1256.76	92.0
1263.84	92.0
1289.2	92.0
1329.96	92.0
1359.48	92.0
1395.64	92.0
1452.2	92.0
5.44	93.0
366.6	93.0
449.52	93.0
1290.76	93.0
1445.16	93.0
14.68	94.0
331.36	94.0
423.8	94.0
39.16	94.0
63.32	94.0
107.32	94.0
167.64	94.0
336.2	94.0
437.76	94.0
1228.4	94.0
64.04	95.0
85.92	95.0
250.68	95.0
331.24	95.0
403.88	95.0
509.08	95.0
1281.28	95.0
1355.12	95.0
15.88	96.0
43.76	96.0
63.96	96.0
101.04	96.0
127.68	96.0
147.72	96.0
180.92	96.0
212.24	96.0
242.48	96.0
296.88	96.0
307.12	96.0
318.92	96.0
348.28	96.0
380.84	96.0
424.6	96.0
477.92	96.0
1311.44	96.0
1392.68	96.0
302.44	97.0
322.12	97.0
307.04	97.0
315.48	97.0
336.4	97.0
412.88	99.0
1208.72	99.0
312.08	99.0
318.84	99.0
325.8	99.0
334.64	99.0
363.68	99.0
1201.44	99.0
1221.88	99.0
1245.52	99.0
1275.04	99.0
1314.4	99.0
1346.44	99.0
1394.72	99.0
553.68	100.0
592.08	100.0
640.8	100.0
1195.52	100.0
1214.96	100.0
1276.24	100.0
1320.52	100.0
1382.68	100.0
1392.56	100.0
302.52	101.0
302.68	102.0
306.04	103.0
322.12	103.0
347.04	103.0
19.4	104.0
174.44	104.0
214.92	104.0
306.88	104.0
314.6	104.0
322.8	104.0
330.52	104.0
340.24	104.0
355.36	104.0
376.24	104.0
401.28	104.0
438.12	104.0
1253.44	104.0
1283.64	104.0
1327.36	104.0
1400.12	104.0
307.2	106.0
246.96	106.0
312.88	106.0
1248.44	106.0
1269.64	106.0
1429.88	106.0
307.84	107.0
153.48	107.0
348.88	107.0
1224.04	107.0
1228.24	107.0
1255.0	107.0
1283.84	107.0
1346.24	107.0
1389.88	107.0
312.44	108.0
17.4	108.0
54.48	108.0
76.96	108.0
329.56	108.0
344.72	108.0
437.96	108.0
1217.68	108.0
1278.72	108.0
1324.0	108.0
1340.6	108.0
1385.52	108.0
51.08	109.0
312.64	109.0
407.64	109.0
446.96	109.0
558.52	109.0
337.6	109.0
313.16	110.0
415.04	110.0
485.16	110.0
1225.32	110.0
89.72	110.0
157.96	110.0
307.44	110.0
373.64	110.0
447.12	110.0
1248.2	110.0
1276.76	110.0
1341.28	110.0
1384.72	110.0
1414.92	110.0
350.84	111.0
1223.48	111.0
1275.12	111.0
1294.88	111.0
1341.96	111.0
5.84	111.0
20.76	111.0
39.32	111.0
100.16	111.0
112.52	111.0
133.72	111.0
167.48	111.0
181.24	111.0
234.96	111.0
283.12	111.0
307.16	111.0
309.68	111.0
313.28	111.0
316.12	111.0
318.84	111.0
328.04	111.0
333.0	111.0
339.96	111.0
387.28	111.0
393.24	111.0
415.12	111.0
423.8	111.0
446.76	111.0
485.2	111.0
506.24	111.0
554.72	111.0
1229.08	111.0
1284.52	111.0
1324.84	111.0
1396.56	111.0
17.76	112.0
306.12	112.0
50.8	112.0
82.0	112.0
315.84	112.0
364.52	112.0
373.04	112.0
483.88	112.0
1247.88	112.0
1411.36	112.0
307.24	114.0
182.28	114.0
448.0	114.0
1333.52	114.0
37.64	115.0
313.64	115.0
63.72	115.0
90.0	115.0
158.24	115.0
350.72	115.0
427.36	115.0
1225.48	115.0
1248.44	115.0
1277.04	115.0
1301.8	115.0
1315.68	115.0
1341.56	115.0
1385.08	115.0
1415.16	115.0
1465.04	115.0
341.96	116.0
387.12	116.0
1206.0	116.0
1220.36	116.0
36.84	116.0
102.48	116.0
156.12	116.0
307.76	116.0
311.48	116.0
314.16	116.0
318.84	116.0
325.88	116.0
328.68	116.0
332.12	116.0
338.0	116.0
350.84	116.0
364.4	116.0
376.36	116.0
379.16	116.0
403.64	116.0
447.36	116.0
456.44	116.0
534.56	116.0
595.08	116.0
1197.92	116.0
1208.88	116.0
1216.64	116.0
1224.24	116.0
1237.76	116.0
1264.12	116.0
1275.52	116.0
1291.76	116.0
1295.44	116.0
1316.84	116.0
1323.36	116.0
1360.56	116.0
1375.68	116.0
1385.8	116.0
1395.92	116.0
309.92	117.0
319.12	117.0
350.92	117.0
363.68	117.0
1295.04	117.0
1342.04	117.0
22.28	118.0
65.92	118.0
121.0	118.0
322.32	118.0
329.76	118.0
344.4	118.0
363.32	118.0
379.12	118.0
401.2	118.0
443.32	118.0
1310.6	118.0
307.84	119.0
105.48	119.0
186.08	119.0
1395.52	119.0
306.6	120.0
311.28	120.0
348.32	120.0
1315.16	120.0
