302.44	84.0
317.32	84.0
349.92	84.0
618.8	84.0
343.84	85.0
350.44	85.0
368.52	85.0
377.84	85.0
414.36	85.0
425.8	85.0
490.92	85.0
531.6	85.0
566.4	85.0
597.04	85.0
650.36	85.0
737.0	85.0
1089.16	85.0
1331.48	85.0
315.0	86.0
323.24	86.0
335.28	86.0
340.76	86.0
344.36	86.0
352.28	86.0
357.92	86.0
363.0	86.0
374.76	86.0
382.68	86.0
407.12	86.0
413.8	86.0
420.6	86.0
433.88	86.0
440.88	86.0
451.16	86.0
461.4	86.0
482.92	86.0
491.16	86.0
502.88	86.0
518.56	86.0
531.28	86.0
542.72	86.0
550.4	86.0
567.12	86.0
580.56	86.0
593.52	86.0
611.0	86.0
622.92	86.0
642.08	86.0
655.2	86.0
664.96	86.0
677.88	86.0
691.44	86.0
708.6	86.0
748.16	86.0
755.68	86.0
801.64	86.0
807.76	86.0
892.24	86.0
958.2	86.0
963.52	86.0
978.28	86.0
992.48	86.0
1033.96	86.0
1087.48	86.0
1102.52	86.0
1120.36	86.0
1127.56	86.0
1170.12	86.0
1191.08	86.0
1196.52	86.0
1212.12	86.0
1221.44	86.0
1239.56	86.0
1271.76	86.0
1285.64	86.0
1316.56	86.0
1345.32	86.0
1386.56	86.0
1397.4	86.0
1436.48	86.0
1472.92	86.0
317.52	86.0
326.96	86.0
347.56	86.0
365.76	86.0
378.68	86.0
387.8	86.0
394.84	86.0
456.08	86.0
485.56	86.0
826.16	86.0
1321.16	86.0
317.08	87.0
327.6	87.0
354.52	87.0
372.84	87.0
1319.04	87.0
323.68	87.0
334.64	87.0
337.48	87.0
340.8	87.0
343.88	87.0
347.44	87.0
359.56	87.0
368.28	87.0
405.8	87.0
412.04	87.0
419.44	87.0
428.12	87.0
437.64	87.0
465.84	87.0
511.36	87.0
547.6	87.0
625.0	87.0
641.88	87.0
673.88	87.0
691.92	87.0
715.44	87.0
762.6	87.0
779.0	87.0
1200.36	87.0
316.08	88.0
356.76	88.0
371.76	88.0
530.0	88.0
653.4	88.0
709.28	88.0
804.76	88.0
302.72	88.0
326.24	88.0
329.84	88.0
341.04	88.0
347.16	88.0
381.88	88.0
389.32	88.0
396.8	88.0
488.32	88.0
543.48	88.0
564.84	88.0
578.64	88.0
618.76	88.0
641.88	88.0
656.4	88.0
671.76	88.0
702.56	88.0
760.16	88.0
822.36	88.0
894.24	88.0
966.16	88.0
997.04	88.0
1032.48	88.0
1183.4	88.0
1290.4	88.0
1377.84	88.0
1476.16	88.0
317.16	89.0
1252.8	89.0
309.04	89.0
312.68	89.0
361.96	89.0
366.48	89.0
369.0	89.0
375.88	89.0
595.2	89.0
604.48	89.0
614.48	89.0
895.32	89.0
1214.4	89.0
1304.28	89.0
460.96	90.0
1020.64	90.0
312.36	90.0
345.8	90.0
349.0	90.0
357.24	90.0
361.6	90.0
375.56	90.0
476.68	90.0
486.56	90.0
515.92	90.0
895.0	90.0
1002.56	90.0
1091.04	90.0
1114.84	90.0
1129.84	90.0
1161.24	90.0
1243.48	90.0
1274.28	90.0
1316.88	90.0
1350.52	90.0
1376.56	90.0
1389.0	90.0
1401.6	90.0
1427.12	90.0
317.2	91.0
333.88	91.0
309.12	91.0
326.6	91.0
370.8	91.0
385.6	91.0
476.76	91.0
509.16	91.0
310.36	92.0
317.36	92.0
323.4	92.0
335.48	92.0
343.56	92.0
365.04	92.0
394.16	92.0
409.52	92.0
421.2	92.0
438.44	92.0
450.92	92.0
471.12	92.0
490.52	92.0
493.28	92.0
588.2	92.0
626.08	92.0
637.2	92.0
689.6	92.0
692.12	92.0
834.12	92.0
942.8	92.0
977.92	92.0
1002.88	92.0
1057.64	92.0
1077.48	92.0
1132.36	92.0
1357.76	92.0
1457.52	92.0
302.88	92.0
351.6	92.0
362.52	92.0
368.84	92.0
372.84	92.0
375.64	92.0
399.56	92.0
412.88	92.0
424.92	92.0
455.24	92.0
475.48	92.0
481.8	92.0
503.8	92.0
514.12	92.0
526.4	92.0
539.92	92.0
546.36	92.0
549.44	92.0
560.68	92.0
564.0	92.0
579.24	92.0
679.28	92.0
707.32	92.0
729.6	92.0
778.72	92.0
799.12	92.0
864.56	92.0
883.76	92.0
946.48	92.0
980.76	92.0
1045.64	92.0
1089.36	92.0
1116.64	92.0
1125.84	92.0
1136.0	92.0
1192.36	92.0
1253.76	92.0
1332.96	92.0
1404.56	92.0
1418.0	92.0
1469.28	92.0
302.44	93.0
321.32	93.0
340.2	93.0
345.52	93.0
365.04	93.0
368.36	93.0
379.96	93.0
389.8	93.0
413.6	93.0
426.48	93.0
456.36	93.0
489.76	93.0
517.04	93.0
520.44	93.0
735.84	93.0
761.92	93.0
1176.44	93.0
1179.04	93.0
351.72	93.0
439.16	93.0
548.72	93.0
564.8	93.0
904.4	93.0
414.4	94.0
425.76	94.0
457.04	94.0
608.72	94.0
1193.8	94.0
314.28	94.0
337.16	94.0
345.84	94.0
359.68	94.0
369.44	94.0
409.12	94.0
435.36	94.0
452.44	94.0
481.84	94.0
547.92	94.0
579.52	94.0
628.76	94.0
669.24	94.0
1134.28	94.0
315.48	95.0
324.84	95.0
336.64	95.0
519.36	95.0
567.16	95.0
595.32	95.0
652.28	95.0
716.32	95.0
744.08	95.0
851.68	95.0
932.8	95.0
1005.48	95.0
1143.72	95.0
1228.88	95.0
1371.12	95.0
323.72	96.0
335.12	96.0
341.68	96.0
460.04	96.0
477.24	96.0
507.32	96.0
527.96	96.0
549.36	96.0
565.96	96.0
590.92	96.0
609.32	96.0
630.64	96.0
673.8	96.0
689.32	96.0
733.32	96.0
779.16	96.0
881.56	96.0
963.08	96.0
1009.24	96.0
1123.68	96.0
1183.6	96.0
1212.68	96.0
1283.92	96.0
1311.84	96.0
1390.88	96.0
1419.36	96.0
302.48	97.0
362.32	97.0
367.72	97.0
441.48	97.0
563.96	97.0
591.16	97.0
609.72	97.0
627.64	97.0
647.96	97.0
679.24	97.0
715.76	97.0
347.76	98.0
309.12	98.0
339.88	98.0
353.56	98.0
623.76	98.0
771.68	98.0
1365.2	98.0
309.76	99.0
314.64	99.0
321.52	99.0
325.72	99.0
329.8	99.0
335.0	99.0
339.44	99.0
344.32	99.0
347.84	99.0
367.4	99.0
377.8	99.0
462.72	99.0
472.88	99.0
550.68	99.0
563.72	99.0
627.6	99.0
650.32	99.0
765.04	99.0
781.96	99.0
890.76	99.0
957.16	99.0
990.48	99.0
1041.28	99.0
1131.92	99.0
1167.96	99.0
1197.2	99.0
1275.72	99.0
1367.24	99.0
815.96	100.0
315.6	100.0
326.32	100.0
329.8	100.0
333.2	100.0
335.76	100.0
340.72	100.0
356.44	100.0
366.36	100.0
370.56	100.0
377.04	100.0
524.92	100.0
653.28	100.0
681.96	100.0
762.28	100.0
780.36	100.0
810.68	100.0
820.84	100.0
896.52	100.0
902.0	100.0
947.76	100.0
1020.56	100.0
1049.8	100.0
1159.48	100.0
1278.56	100.0
1355.88	100.0
302.56	101.0
315.56	101.0
326.72	101.0
339.4	101.0
351.4	101.0
377.36	101.0
460.88	101.0
494.92	101.0
519.64	101.0
549.4	101.0
1070.52	101.0
302.72	102.0
315.68	102.0
302.68	103.0
321.56	103.0
356.88	103.0
375.92	103.0
514.8	103.0
1230.8	103.0
345.6	103.0
426.28	103.0
345.32	104.0
356.88	104.0
400.36	104.0
411.56	104.0
423.2	104.0
439.0	104.0
488.04	104.0
514.72	104.0
548.56	104.0
564.64	104.0
567.52	104.0
309.36	104.0
314.8	104.0
317.96	104.0
325.52	104.0
329.84	104.0
338.76	104.0
342.36	104.0
351.52	104.0
366.72	104.0
375.76	104.0
383.44	104.0
408.24	104.0
434.32	104.0
454.0	104.0
505.28	104.0
524.24	104.0
579.64	104.0
594.88	104.0
614.08	104.0
622.4	104.0
629.92	104.0
677.92	104.0
683.44	104.0
701.92	104.0
777.32	104.0
813.44	104.0
844.68	104.0
905.52	104.0
981.04	104.0
1021.48	104.0
1099.24	104.0
1125.24	104.0
1146.84	104.0
1171.52	104.0
1205.52	104.0
1216.44	104.0
1266.12	104.0
1286.68	104.0
1320.24	104.0
1387.36	104.0
1476.64	104.0
311.2	105.0
353.08	105.0
321.28	106.0
350.76	106.0
371.0	106.0
417.12	106.0
508.36	106.0
629.92	106.0
337.92	107.0
346.6	107.0
357.36	107.0
387.72	107.0
314.0	107.0
321.0	107.0
333.92	107.0
343.04	107.0
365.04	107.0
368.4	107.0
375.68	107.0
381.44	107.0
384.64	107.0
408.24	107.0
441.68	107.0
506.68	107.0
529.28	107.0
550.8	107.0
564.48	107.0
590.96	107.0
812.0	107.0
1029.16	107.0
1325.28	107.0
1391.0	107.0
1408.4	107.0
311.76	108.0
317.6	108.0
325.2	108.0
334.52	108.0
339.92	108.0
347.2	108.0
353.36	108.0
360.56	108.0
368.4	108.0
380.64	108.0
393.32	108.0
414.8	108.0
483.36	108.0
526.32	108.0
1163.0	108.0
1223.56	108.0
1281.6	108.0
1352.48	108.0
1359.0	108.0
1384.6	108.0
1399.8	108.0
312.12	109.0
324.44	109.0
337.36	109.0
369.72	109.0
387.0	109.0
1285.8	109.0
1357.4	109.0
1130.16	109.0
311.24	110.0
345.0	110.0
364.72	110.0
376.72	110.0
413.2	110.0
1109.96	110.0
1251.44	110.0
324.0	110.0
326.52	110.0
333.48	110.0
341.68	110.0
351.68	110.0
360.0	110.0
369.72	110.0
440.0	110.0
462.48	110.0
549.2	110.0
754.88	110.0
843.12	110.0
1226.56	110.0
1357.12	110.0
1455.0	110.0
626.68	111.0
753.8	111.0
798.16	111.0
900.88	111.0
1032.88	111.0
1097.32	111.0
1207.48	111.0
310.12	111.0
315.72	111.0
322.8	111.0
335.08	111.0
346.36	111.0
349.96	111.0
359.68	111.0
364.8	111.0
370.24	111.0
375.84	111.0
395.72	111.0
399.32	111.0
412.08	111.0
415.16	111.0
452.36	111.0
464.48	111.0
476.96	111.0
489.16	111.0
505.64	111.0
517.36	111.0
523.12	111.0
527.16	111.0
548.48	111.0
590.6	111.0
608.2	111.0
620.4	111.0
629.32	111.0
643.16	111.0
654.04	111.0
668.92	111.0
690.12	111.0
703.44	111.0
717.68	111.0
731.4	111.0
760.72	111.0
781.76	111.0
815.76	111.0
863.56	111.0
883.24	111.0
908.32	111.0
945.24	111.0
1002.28	111.0
1022.52	111.0
1060.24	111.0
1132.96	111.0
1165.4	111.0
1183.64	111.0
1220.8	111.0
1226.16	111.0
1245.28	111.0
1269.92	111.0
1296.44	111.0
1328.24	111.0
1361.12	111.0
1383.76	111.0
1400.04	111.0
1440.12	111.0
1459.88	111.0
1481.2	111.0
357.24	112.0
336.96	112.0
342.96	112.0
346.84	112.0
376.6	112.0
383.16	112.0
388.68	112.0
395.04	112.0
441.52	112.0
461.96	112.0
531.6	112.0
1139.08	112.0
1165.2	112.0
1193.68	112.0
1273.24	112.0
1284.96	112.0
1389.04	112.0
1448.2	112.0
329.4	113.0
339.44	113.0
351.68	113.0
365.84	113.0
377.76	113.0
413.56	113.0
328.68	114.0
333.72	114.0
336.92	114.0
344.04	114.0
350.36	114.0
353.28	114.0
357.8	114.0
367.32	114.0
377.0	114.0
412.92	114.0
314.8	114.0
343.76	115.0
351.76	115.0
378.8	115.0
419.6	115.0
627.4	115.0
1362.8	115.0
310.92	115.0
322.8	115.0
326.72	115.0
360.44	115.0
367.08	115.0
369.84	115.0
387.88	115.0
399.96	115.0
440.28	115.0
482.8	115.0
505.64	115.0
549.44	115.0
568.76	115.0
581.68	115.0
610.0	115.0
651.96	115.0
687.92	115.0
710.24	115.0
755.12	115.0
776.96	115.0
805.64	115.0
843.48	115.0
873.6	115.0
902.0	115.0
932.64	115.0
966.44	115.0
1003.68	115.0
1032.44	115.0
1084.76	115.0
1121.4	115.0
1186.28	115.0
1252.32	115.0
1281.64	115.0
1320.08	115.0
1392.88	115.0
1411.28	115.0
1475.96	115.0
325.4	116.0
426.96	116.0
591.72	116.0
629.6	116.0
1059.04	116.0
1133.56	116.0
1220.68	116.0
1328.12	116.0
309.32	116.0
312.2	116.0
314.88	116.0
333.76	116.0
337.96	116.0
341.8	116.0
344.32	116.0
346.84	116.0
352.88	116.0
356.16	116.0
360.72	116.0
369.72	116.0
376.52	116.0
381.76	116.0
387.0	116.0
394.32	116.0
399.72	116.0
409.0	116.0
418.96	116.0
433.76	116.0
441.52	116.0
452.28	116.0
470.44	116.0
495.0	116.0
510.68	116.0
542.52	116.0
601.12	116.0
626.72	116.0
651.56	116.0
723.48	116.0
752.4	116.0
764.6	116.0
899.04	116.0
927.4	116.0
964.28	116.0
1003.04	116.0
1065.92	116.0
1130.16	116.0
1146.84	116.0
1161.96	116.0
1175.24	116.0
1225.68	116.0
1272.56	116.0
1280.84	116.0
1358.96	116.0
1362.2	116.0
1376.28	116.0
1438.64	116.0
368.12	117.0
425.68	117.0
334.28	117.0
345.36	117.0
353.64	117.0
395.36	117.0
413.64	117.0
531.12	117.0
753.84	117.0
900.96	117.0
1032.96	117.0
1251.88	117.0
310.92	118.0
317.44	118.0
321.56	118.0
324.28	118.0
340.52	118.0
346.36	118.0
350.08	118.0
358.16	118.0
365.4	118.0
378.28	118.0
388.32	118.0
398.28	118.0
411.68	118.0
434.08	118.0
457.32	118.0
476.8	118.0
491.36	118.0
513.48	118.0
531.8	118.0
550.24	118.0
587.64	118.0
626.16	118.0
636.4	118.0
665.72	118.0
690.72	118.0
700.44	118.0
731.12	118.0
775.6	118.0
808.2	118.0
836.36	118.0
886.6	118.0
926.2	118.0
1134.52	118.0
310.64	119.0
356.4	119.0
325.52	120.0
312.2	120.0
329.0	120.0
336.52	120.0
346.36	120.0
352.64	120.0
358.8	120.0
367.0	120.0
382.68	120.0
412.8	120.0
440.52	120.0
517.92	120.0
564.72	120.0
608.04	120.0
625.6	120.0
673.76	120.0
681.44	120.0
709.0	120.0
727.0	120.0
1425.08	120.0
1473.44	120.0
