335.8	84.0
320.12	84.0
126.84	85.0
140.32	85.0
306.44	85.0
317.32	85.0
331.52	85.0
344.56	85.0
361.56	85.0
385.2	85.0
431.52	85.0
501.0	85.0
797.6	85.0
853.04	85.0
862.84	85.0
941.08	85.0
975.68	85.0
1043.08	85.0
1096.68	85.0
1190.64	85.0
1357.44	85.0
52.52	86.0
57.72	86.0
75.8	86.0
89.84	86.0
105.88	86.0
119.84	86.0
178.16	86.0
226.48	86.0
311.6	86.0
328.6	86.0
335.2	86.0
381.76	86.0
396.12	86.0
434.56	86.0
450.2	86.0
461.48	86.0
854.8	86.0
865.84	86.0
928.96	86.0
959.48	86.0
1076.56	86.0
1100.04	86.0
1348.84	86.0
1408.76	86.0
263.04	86.0
308.28	86.0
315.8	86.0
323.24	86.0
338.68	86.0
342.24	86.0
355.24	86.0
365.76	86.0
368.36	86.0
967.76	86.0
55.6	87.0
308.36	87.0
195.4	87.0
268.24	87.0
312.6	87.0
316.56	87.0
321.72	87.0
326.16	87.0
336.08	87.0
342.32	87.0
841.6	87.0
922.12	87.0
1020.4	87.0
1175.28	87.0
1422.12	87.0
309.72	88.0
336.72	88.0
1408.6	88.0
93.28	88.0
139.44	88.0
302.6	88.0
314.2	88.0
318.4	88.0
326.92	88.0
349.88	88.0
366.76	88.0
499.92	88.0
527.96	88.0
766.08	88.0
992.32	88.0
1134.24	88.0
1224.52	88.0
1276.12	88.0
1452.68	88.0
302.68	89.0
46.28	89.0
314.04	89.0
319.04	89.0
326.52	89.0
398.4	89.0
527.88	89.0
859.36	89.0
886.6	89.0
1043.96	89.0
1099.88	89.0
1182.76	89.0
307.48	90.0
46.0	90.0
54.4	90.0
81.48	90.0
133.2	90.0
198.52	90.0
266.28	90.0
292.44	90.0
313.64	90.0
322.92	90.0
332.32	90.0
338.76	90.0
380.16	90.0
455.08	90.0
856.04	90.0
909.84	90.0
1196.56	90.0
1281.76	90.0
1462.12	90.0
328.4	91.0
344.12	91.0
89.36	91.0
185.12	91.0
234.8	91.0
323.24	91.0
358.64	91.0
840.56	91.0
857.28	91.0
977.76	91.0
306.4	92.0
1351.2	92.0
1464.12	92.0
6.32	92.0
66.6	92.0
117.0	92.0
197.48	92.0
210.32	92.0
252.28	92.0
282.56	92.0
302.44	92.0
341.16	92.0
381.48	92.0
398.4	92.0
436.24	92.0
506.6	92.0
619.32	92.0
809.24	92.0
844.56	92.0
947.92	92.0
982.84	92.0
1016.64	92.0
1034.8	92.0
1049.4	92.0
1100.6	92.0
1108.44	92.0
1157.68	92.0
1160.72	92.0
1228.28	92.0
1318.12	92.0
1355.36	92.0
1403.16	92.0
49.0	93.0
268.0	93.0
327.28	93.0
380.72	93.0
399.8	93.0
434.44	93.0
473.12	93.0
531.88	93.0
590.36	93.0
677.32	93.0
885.0	93.0
945.12	93.0
988.76	93.0
1027.36	93.0
1126.92	93.0
1185.4	93.0
358.8	93.0
1117.88	93.0
1364.08	93.0
164.12	94.0
175.44	94.0
342.84	94.0
765.2	94.0
882.16	94.0
135.76	94.0
325.96	94.0
372.28	94.0
497.84	94.0
1208.16	94.0
1364.2	94.0
134.08	95.0
306.92	95.0
309.8	95.0
382.4	95.0
529.96	95.0
644.12	95.0
800.56	95.0
861.08	95.0
1007.2	95.0
1104.68	95.0
1189.08	95.0
1411.44	95.0
86.24	96.0
120.44	96.0
160.52	96.0
223.8	96.0
262.64	96.0
498.36	96.0
590.32	96.0
837.2	96.0
943.64	96.0
1004.4	96.0
1225.72	96.0
1392.68	96.0
1470.72	96.0
892.12	97.0
261.4	97.0
302.56	97.0
306.44	97.0
330.16	97.0
336.28	97.0
363.88	97.0
372.76	97.0
1474.4	97.0
306.32	98.0
330.32	98.0
346.08	98.0
687.8	98.0
853.4	98.0
1072.88	98.0
1346.36	98.0
417.64	98.0
569.8	98.0
690.44	98.0
1163.04	98.0
186.16	99.0
265.36	99.0
308.68	99.0
311.72	99.0
317.04	99.0
323.84	99.0
331.52	99.0
337.76	99.0
343.68	99.0
861.8	99.0
1022.92	99.0
1084.36	99.0
1101.0	99.0
1145.28	99.0
1322.72	99.0
36.6	100.0
100.04	100.0
110.96	100.0
126.8	100.0
136.36	100.0
264.6	100.0
332.12	100.0
371.08	100.0
457.84	100.0
469.56	100.0
516.64	100.0
557.32	100.0
583.4	100.0
633.4	100.0
668.0	100.0
736.6	100.0
821.08	100.0
860.04	100.0
901.04	100.0
942.72	100.0
1081.4	100.0
1157.68	100.0
1234.76	100.0
1252.36	100.0
1342.8	100.0
1402.04	100.0
1449.56	100.0
302.52	101.0
327.92	101.0
302.64	102.0
365.28	102.0
262.2	103.0
302.64	103.0
332.36	103.0
234.64	103.0
262.2	104.0
326.08	104.0
377.28	104.0
428.08	104.0
497.92	104.0
71.88	104.0
118.36	104.0
195.6	104.0
268.04	104.0
308.52	104.0
315.2	104.0
321.84	104.0
330.48	104.0
336.6	104.0
342.68	104.0
358.48	104.0
416.44	104.0
445.0	104.0
669.36	104.0
837.64	104.0
867.68	104.0
1101.36	104.0
1424.52	104.0
1467.92	104.0
339.32	106.0
366.12	106.0
420.8	106.0
892.56	106.0
307.84	107.0
322.32	107.0
140.32	107.0
212.48	107.0
327.4	107.0
347.52	107.0
366.88	107.0
383.28	107.0
434.48	107.0
803.16	107.0
1096.48	107.0
1127.12	107.0
1350.2	107.0
40.72	108.0
149.68	108.0
166.8	108.0
224.0	108.0
268.24	108.0
357.32	108.0
718.52	108.0
746.88	108.0
906.4	108.0
946.28	108.0
1022.36	108.0
1084.08	108.0
1100.64	108.0
1214.08	108.0
1250.36	108.0
1406.88	108.0
313.56	109.0
454.8	109.0
554.92	109.0
617.4	109.0
1085.88	109.0
1364.48	109.0
318.08	110.0
322.32	110.0
327.08	110.0
393.96	110.0
58.08	110.0
111.48	110.0
122.64	110.0
279.16	110.0
307.4	110.0
365.12	110.0
438.36	110.0
555.08	110.0
594.72	110.0
639.28	110.0
803.08	110.0
310.8	111.0
58.0	111.0
80.8	111.0
88.76	111.0
116.72	111.0
135.52	111.0
171.64	111.0
183.44	111.0
197.12	111.0
266.12	111.0
285.4	111.0
307.44	111.0
313.92	111.0
318.56	111.0
327.2	111.0
332.2	111.0
342.56	111.0
348.84	111.0
357.96	111.0
438.0	111.0
543.88	111.0
555.04	111.0
563.88	111.0
699.16	111.0
761.24	111.0
860.88	111.0
881.48	111.0
942.04	111.0
1001.84	111.0
1036.92	111.0
1101.84	111.0
1124.92	111.0
1161.2	111.0
1184.2	111.0
1204.4	111.0
1249.0	111.0
1268.84	111.0
1354.68	111.0
1395.48	111.0
1446.12	111.0
1450.32	111.0
50.48	112.0
91.12	112.0
137.92	112.0
215.12	112.0
258.0	112.0
346.24	112.0
558.12	112.0
772.6	112.0
929.2	112.0
950.08	112.0
1032.04	112.0
1097.04	112.0
1289.96	112.0
1106.36	113.0
334.28	113.0
379.56	113.0
468.72	113.0
333.72	114.0
337.48	114.0
341.2	114.0
366.56	114.0
1244.72	114.0
828.56	115.0
9.48	115.0
122.92	115.0
142.92	115.0
234.32	115.0
279.4	115.0
310.16	115.0
326.48	115.0
332.6	115.0
341.36	115.0
379.68	115.0
423.2	115.0
504.48	115.0
558.36	115.0
595.04	115.0
639.6	115.0
665.12	115.0
695.8	115.0
717.0	115.0
757.56	115.0
803.36	115.0
825.88	115.0
878.24	115.0
1009.88	115.0
1049.28	115.0
1105.24	115.0
1187.72	115.0
1217.56	115.0
231.76	116.0
329.0	116.0
855.08	116.0
975.92	116.0
1062.96	116.0
35.88	116.0
94.28	116.0
130.52	116.0
133.12	116.0
140.6	116.0
152.96	116.0
160.6	116.0
176.16	116.0
183.56	116.0
215.16	116.0
263.6	116.0
308.8	116.0
313.56	116.0
319.08	116.0
323.84	116.0
331.96	116.0
337.72	116.0
349.56	116.0
365.36	116.0
369.68	116.0
393.8	116.0
398.16	116.0
472.88	116.0
483.8	116.0
521.0	116.0
524.12	116.0
528.32	116.0
554.96	116.0
665.04	116.0
696.44	116.0
699.76	116.0
728.0	116.0
758.08	116.0
802.2	116.0
824.56	116.0
827.24	116.0
857.68	116.0
885.04	116.0
905.24	116.0
915.16	116.0
948.84	116.0
1019.88	116.0
1042.16	116.0
1087.16	116.0
1118.6	116.0
1178.76	116.0
1189.84	116.0
1214.72	116.0
1256.0	116.0
1268.36	116.0
1286.04	116.0
1346.96	116.0
1406.8	116.0
1447.96	116.0
197.04	117.0
310.36	117.0
327.84	117.0
349.36	117.0
1452.08	117.0
365.28	117.0
451.36	117.0
234.52	118.0
11.72	118.0
306.88	118.0
317.72	118.0
328.4	118.0
346.84	118.0
351.32	118.0
408.8	118.0
322.64	119.0
209.84	119.0
306.92	119.0
336.36	119.0
648.2	119.0
769.92	119.0
1349.2	119.0
134.88	120.0
137.4	120.0
172.8	120.0
329.32	120.0
335.28	120.0
499.32	120.0
795.36	120.0
858.48	120.0
935.76	120.0
1010.2	120.0
1044.68	120.0
1245.4	120.0
1295.16	120.0
1351.08	120.0
1441.28	120.0
1451.44	120.0
