269.96	84.0
317.92	84.0
39.12	84.0
115.64	84.0
148.28	84.0
204.36	84.0
340.76	84.0
58.84	85.0
104.64	85.0
205.4	85.0
268.04	85.0
296.08	85.0
306.28	85.0
369.72	85.0
499.56	85.0
616.44	85.0
659.96	85.0
728.56	85.0
789.96	85.0
799.08	85.0
929.88	85.0
1076.72	85.0
1257.16	85.0
1306.64	85.0
1332.6	85.0
1376.16	85.0
1442.16	85.0
1467.52	85.0
3.24	86.0
26.8	86.0
45.44	86.0
88.32	86.0
99.52	86.0
115.72	86.0
123.04	86.0
134.8	86.0
148.4	86.0
167.2	86.0
178.6	86.0
187.64	86.0
196.08	86.0
212.16	86.0
317.4	86.0
319.92	86.0
344.16	86.0
348.12	86.0
354.4	86.0
375.28	86.0
412.72	86.0
470.76	86.0
495.36	86.0
539.12	86.0
658.4	86.0
727.44	86.0
784.72	86.0
802.92	86.0
820.04	86.0
831.88	86.0
841.32	86.0
869.76	86.0
926.64	86.0
965.76	86.0
1050.72	86.0
1069.88	86.0
1100.72	86.0
1127.72	86.0
1145.72	86.0
1165.6	86.0
1193.52	86.0
1199.2	86.0
1240.76	86.0
1274.6	86.0
1281.96	86.0
1293.64	86.0
1314.0	86.0
1365.52	86.0
1405.84	86.0
1434.84	86.0
1455.96	86.0
1472.88	86.0
50.24	86.0
73.0	86.0
203.92	86.0
280.12	86.0
308.88	86.0
326.6	86.0
331.64	86.0
362.6	86.0
635.48	86.0
758.6	86.0
997.24	86.0
1015.96	86.0
1138.68	86.0
1260.72	86.0
1346.08	86.0
1370.68	86.0
1389.16	86.0
308.16	87.0
50.76	87.0
102.68	87.0
312.96	87.0
317.2	87.0
337.0	87.0
365.8	87.0
441.56	87.0
520.56	87.0
667.04	87.0
703.0	87.0
934.96	87.0
1103.04	87.0
1171.76	87.0
1237.4	87.0
1340.92	87.0
1346.76	87.0
1463.8	87.0
306.32	88.0
315.68	88.0
363.68	88.0
1323.04	88.0
23.56	88.0
109.2	88.0
179.32	88.0
278.36	88.0
302.6	88.0
320.04	88.0
558.4	88.0
606.08	88.0
798.2	88.0
844.72	88.0
887.96	88.0
893.32	88.0
1289.28	88.0
1357.36	88.0
1385.8	88.0
238.36	89.0
241.36	89.0
543.36	89.0
606.44	89.0
670.12	89.0
1013.88	89.0
1096.36	89.0
1237.12	89.0
15.4	90.0
75.16	90.0
191.16	90.0
319.2	90.0
323.32	90.0
331.24	90.0
338.12	90.0
403.96	90.0
423.84	90.0
446.76	90.0
540.92	90.0
693.56	90.0
787.36	90.0
830.88	90.0
869.04	90.0
978.12	90.0
1013.6	90.0
1027.92	90.0
1236.84	90.0
1296.44	90.0
1338.4	90.0
1377.44	90.0
109.84	92.0
50.84	92.0
91.32	92.0
116.84	92.0
140.64	92.0
154.92	92.0
176.36	92.0
182.68	92.0
302.68	92.0
311.84	92.0
323.32	92.0
371.56	92.0
408.44	92.0
420.28	92.0
451.04	92.0
635.32	92.0
654.44	92.0
682.96	92.0
759.92	92.0
782.8	92.0
797.12	92.0
892.24	92.0
936.72	92.0
1010.16	92.0
1022.52	92.0
1089.48	92.0
1135.84	92.0
1152.08	92.0
1185.68	92.0
1201.36	92.0
1252.8	92.0
1288.2	92.0
1312.84	92.0
1330.64	92.0
1413.24	92.0
1439.04	92.0
1466.64	92.0
54.44	93.0
66.84	93.0
206.68	93.0
240.92	93.0
326.08	93.0
345.72	93.0
388.0	93.0
413.04	93.0
343.08	93.0
112.12	94.0
210.88	94.0
323.2	94.0
343.2	94.0
388.16	94.0
390.68	94.0
858.56	94.0
1065.56	94.0
66.28	95.0
92.32	95.0
216.0	95.0
277.84	95.0
298.52	95.0
307.12	95.0
332.12	95.0
637.08	95.0
898.52	95.0
1032.56	95.0
1261.88	95.0
1408.28	95.0
1464.48	95.0
307.68	96.0
107.28	97.0
302.6	97.0
306.48	97.0
327.32	97.0
364.4	97.0
761.24	97.0
1148.52	97.0
1181.08	97.0
1459.52	97.0
306.72	98.0
963.28	98.0
104.4	98.0
312.08	98.0
606.28	98.0
795.16	99.0
73.64	99.0
108.68	99.0
236.32	99.0
270.96	99.0
293.8	99.0
313.0	99.0
324.2	99.0
332.4	99.0
578.4	99.0
653.08	99.0
797.68	99.0
934.64	99.0
1099.36	99.0
1131.0	99.0
1253.4	99.0
1372.6	99.0
109.52	100.0
276.96	100.0
457.88	100.0
635.12	100.0
748.16	100.0
795.24	100.0
953.48	100.0
1183.12	100.0
1222.2	100.0
1371.88	100.0
1414.8	100.0
1468.72	100.0
135.44	101.0
302.52	101.0
346.96	101.0
302.64	102.0
324.32	103.0
343.0	103.0
308.64	103.0
342.92	104.0
366.6	104.0
410.44	104.0
870.96	104.0
33.12	104.0
87.64	104.0
244.68	104.0
297.24	104.0
313.92	104.0
322.16	104.0
330.0	104.0
338.64	104.0
380.4	104.0
507.28	104.0
563.96	104.0
667.28	104.0
759.08	104.0
797.76	104.0
857.6	104.0
889.08	104.0
944.76	104.0
1016.32	104.0
1098.96	104.0
1134.64	104.0
1205.6	104.0
1302.92	104.0
1370.4	104.0
410.68	106.0
291.64	107.0
306.6	107.0
327.24	107.0
351.76	107.0
390.68	107.0
688.68	107.0
881.2	107.0
963.88	107.0
1099.16	107.0
1232.68	107.0
1398.76	107.0
1430.52	107.0
1465.52	107.0
993.92	108.0
283.28	108.0
316.52	108.0
338.28	108.0
653.08	108.0
935.4	108.0
1011.48	108.0
1019.08	108.0
1097.4	108.0
1307.44	108.0
1373.44	108.0
240.84	109.0
318.92	109.0
717.28	109.0
977.88	109.0
1027.68	109.0
1095.84	109.0
1285.52	109.0
509.76	109.0
352.2	110.0
1132.08	110.0
1363.84	110.0
226.6	110.0
241.28	110.0
345.36	110.0
367.36	110.0
666.48	110.0
743.84	110.0
893.0	110.0
896.12	110.0
1072.16	110.0
307.36	111.0
654.36	111.0
842.24	111.0
50.08	111.0
104.12	111.0
126.16	111.0
173.08	111.0
206.92	111.0
226.6	111.0
239.16	111.0
275.44	111.0
292.72	111.0
314.04	111.0
321.48	111.0
330.76	111.0
352.28	111.0
382.16	111.0
414.8	111.0
544.92	111.0
552.64	111.0
610.96	111.0
635.68	111.0
723.92	111.0
743.8	111.0
756.96	111.0
799.2	111.0
838.52	111.0
902.68	111.0
928.96	111.0
964.28	111.0
1014.84	111.0
1069.12	111.0
1072.04	111.0
1100.4	111.0
1132.0	111.0
1195.32	111.0
1232.92	111.0
1266.0	111.0
1364.16	111.0
1373.52	111.0
1398.48	111.0
1431.08	111.0
127.92	112.0
306.56	112.0
347.52	112.0
605.84	112.0
808.68	112.0
1097.76	112.0
1147.56	112.0
1231.4	112.0
307.52	114.0
28.6	114.0
311.84	114.0
1376.08	114.0
306.96	115.0
200.0	115.0
241.52	115.0
345.64	115.0
381.56	115.0
430.76	115.0
666.72	115.0
767.24	115.0
780.84	115.0
896.4	115.0
1098.96	115.0
1198.16	115.0
1348.32	115.0
131.48	116.0
226.48	116.0
414.64	116.0
104.12	116.0
108.8	116.0
112.4	116.0
134.56	116.0
196.08	116.0
205.48	116.0
216.44	116.0
233.12	116.0
308.44	116.0
311.4	116.0
319.0	116.0
326.24	116.0
336.28	116.0
346.84	116.0
384.36	116.0
402.84	116.0
461.2	116.0
638.36	116.0
662.08	116.0
695.8	116.0
723.24	116.0
767.88	116.0
780.64	116.0
789.8	116.0
820.84	116.0
843.64	116.0
846.96	116.0
869.6	116.0
877.64	116.0
923.64	116.0
932.68	116.0
956.36	116.0
963.72	116.0
993.56	116.0
1008.72	116.0
1014.44	116.0
1041.32	116.0
1097.52	116.0
1118.96	116.0
1133.56	116.0
1186.36	116.0
1207.44	116.0
1285.72	116.0
1291.0	116.0
1321.96	116.0
1362.52	116.0
1418.2	116.0
1434.28	116.0
1446.56	116.0
336.44	117.0
126.44	117.0
313.4	117.0
324.84	117.0
757.24	117.0
763.92	117.0
1072.36	117.0
1398.64	117.0
12.96	118.0
53.92	118.0
102.6	118.0
107.52	118.0
215.64	118.0
316.72	118.0
326.96	118.0
334.24	118.0
337.08	118.0
348.24	118.0
741.92	118.0
975.52	118.0
1011.0	118.0
1079.08	118.0
1163.76	118.0
1244.88	118.0
1286.56	118.0
1362.28	118.0
1459.88	118.0
27.92	119.0
76.08	119.0
145.24	119.0
201.04	119.0
235.12	119.0
311.72	119.0
469.12	119.0
505.32	119.0
598.0	119.0
634.76	119.0
722.0	119.0
888.12	119.0
927.08	119.0
958.96	119.0
963.0	119.0
992.4	119.0
1061.0	119.0
1093.76	119.0
1163.4	119.0
1190.96	119.0
1226.48	119.0
1393.96	119.0
1430.52	119.0
239.24	120.0
306.0	120.0
321.64	120.0
346.08	120.0
561.32	120.0
605.32	120.0
708.4	120.0
788.0	120.0
810.76	120.0
934.6	120.0
938.48	120.0
1015.52	120.0
1096.44	120.0
1167.32	120.0
1197.6	120.0
1245.92	120.0
1258.92	120.0
1353.48	120.0
1439.08	120.0
1464.84	120.0
