302.48	84.0
306.12	84.0
310.0	84.0
318.76	84.0
1345.36	84.0
327.16	85.0
124.4	85.0
311.92	85.0
909.96	85.0
979.44	85.0
1232.16	85.0
1266.44	85.0
1365.68	85.0
17.2	86.0
51.72	86.0
73.28	86.0
128.72	86.0
147.36	86.0
191.2	86.0
220.68	86.0
229.36	86.0
232.08	86.0
240.28	86.0
254.64	86.0
277.44	86.0
336.28	86.0
346.72	86.0
353.72	86.0
379.04	86.0
413.12	86.0
447.32	86.0
799.16	86.0
877.2	86.0
897.64	86.0
950.68	86.0
974.48	86.0
986.24	86.0
993.76	86.0
1040.16	86.0
1059.16	86.0
1068.96	86.0
1228.8	86.0
1252.56	86.0
1275.72	86.0
1286.8	86.0
1301.12	86.0
1316.64	86.0
1330.12	86.0
1346.24	86.0
1358.8	86.0
1377.6	86.0
261.44	86.0
308.64	86.0
317.68	86.0
325.64	86.0
1264.16	86.0
1308.68	86.0
1362.16	86.0
22.76	87.0
307.8	87.0
933.92	87.0
1316.68	87.0
9.16	87.0
312.48	87.0
316.44	87.0
320.76	87.0
323.44	87.0
331.08	87.0
336.64	87.0
345.68	87.0
353.64	87.0
364.04	87.0
367.52	87.0
637.32	87.0
695.28	87.0
946.92	87.0
1221.24	87.0
1247.44	87.0
1261.56	87.0
1277.32	87.0
1352.92	87.0
473.12	88.0
795.4	88.0
973.92	88.0
1328.56	88.0
1340.2	88.0
12.04	88.0
77.56	88.0
302.64	88.0
308.0	88.0
320.04	88.0
323.08	88.0
329.92	88.0
664.56	88.0
920.0	88.0
1060.32	88.0
1214.88	88.0
1262.76	88.0
1278.68	88.0
1295.72	88.0
1312.68	88.0
1317.28	88.0
1354.04	88.0
302.64	89.0
1326.96	89.0
93.96	89.0
318.36	89.0
357.72	89.0
402.96	89.0
556.56	89.0
784.92	89.0
973.56	89.0
977.36	89.0
1065.6	89.0
1251.24	89.0
5.04	90.0
83.36	90.0
93.68	90.0
131.04	90.0
173.6	90.0
208.56	90.0
236.72	90.0
261.52	90.0
282.28	90.0
323.84	90.0
345.88	90.0
579.72	90.0
844.88	90.0
858.16	90.0
897.48	90.0
905.88	90.0
935.12	90.0
968.36	90.0
973.28	90.0
996.0	90.0
1012.44	90.0
1048.08	90.0
1086.84	90.0
1256.04	90.0
1280.12	90.0
1286.64	90.0
1307.28	90.0
1341.32	90.0
1353.88	90.0
309.24	91.0
334.4	91.0
348.84	91.0
786.84	91.0
796.64	91.0
1241.08	91.0
155.28	92.0
718.64	92.0
862.44	92.0
904.88	92.0
1095.6	92.0
1235.2	92.0
1245.64	92.0
1271.88	92.0
8.28	92.0
18.44	92.0
36.4	92.0
61.28	92.0
72.6	92.0
158.8	92.0
188.44	92.0
212.72	92.0
228.0	92.0
237.32	92.0
256.04	92.0
266.0	92.0
302.72	92.0
316.12	92.0
320.12	92.0
330.92	92.0
345.8	92.0
353.16	92.0
386.92	92.0
397.96	92.0
698.04	92.0
811.84	92.0
894.84	92.0
960.28	92.0
973.32	92.0
1043.88	92.0
1215.12	92.0
1241.84	92.0
1314.6	92.0
1344.4	92.0
1353.28	92.0
1090.6	93.0
1304.0	93.0
403.84	94.0
226.24	94.0
349.08	94.0
881.72	94.0
911.44	94.0
1297.28	94.0
1321.08	94.0
1345.36	94.0
204.56	95.0
263.92	95.0
687.12	95.0
834.76	95.0
888.96	95.0
214.48	96.0
308.04	96.0
1315.6	97.0
302.56	97.0
306.08	97.0
323.44	97.0
828.88	97.0
1373.76	97.0
124.84	98.0
330.64	98.0
230.0	99.0
242.0	99.0
312.52	99.0
319.0	99.0
328.4	99.0
336.76	99.0
696.4	99.0
717.04	99.0
978.48	99.0
1239.32	99.0
1351.76	99.0
989.88	100.0
76.92	100.0
237.72	100.0
313.0	100.0
322.04	100.0
880.12	100.0
925.0	100.0
975.12	100.0
1063.12	100.0
1272.0	100.0
302.48	101.0
302.64	102.0
306.88	102.0
280.92	103.0
107.24	104.0
238.76	104.0
311.0	104.0
316.76	104.0
322.96	104.0
330.88	104.0
338.08	104.0
355.84	104.0
429.2	104.0
783.6	104.0
893.88	104.0
976.96	104.0
980.32	104.0
1068.32	104.0
1260.96	104.0
1268.44	104.0
1297.0	104.0
1336.08	104.0
1355.8	104.0
315.92	106.0
1033.8	106.0
1077.12	106.0
308.04	107.0
1303.36	107.0
125.32	107.0
219.52	107.0
323.16	107.0
463.48	107.0
968.96	107.0
976.8	107.0
1029.48	107.0
1093.56	107.0
1249.44	107.0
1351.16	107.0
236.2	108.0
252.84	108.0
315.96	108.0
340.4	108.0
365.48	108.0
718.76	108.0
983.76	108.0
1274.64	108.0
1338.28	108.0
329.72	109.0
333.92	109.0
1047.8	109.0
1286.44	109.0
1307.08	109.0
1341.08	109.0
346.28	109.0
680.52	110.0
1258.48	110.0
1320.28	110.0
46.96	110.0
236.72	110.0
459.08	110.0
857.16	110.0
972.48	110.0
1023.24	110.0
1048.08	110.0
1063.08	110.0
1090.68	110.0
1332.88	110.0
1345.08	110.0
5.12	111.0
253.04	111.0
309.92	111.0
742.4	111.0
9.56	111.0
21.68	111.0
25.76	111.0
132.64	111.0
213.88	111.0
236.4	111.0
241.48	111.0
260.96	111.0
278.64	111.0
306.76	111.0
317.2	111.0
320.12	111.0
323.08	111.0
346.28	111.0
356.96	111.0
363.44	111.0
403.0	111.0
409.44	111.0
439.32	111.0
896.08	111.0
904.52	111.0
933.96	111.0
971.88	111.0
995.16	111.0
1000.92	111.0
1018.76	111.0
1047.96	111.0
1063.04	111.0
1067.32	111.0
1239.6	111.0
1255.48	111.0
1272.84	111.0
1283.92	111.0
1295.08	111.0
1336.48	111.0
1345.08	111.0
1351.28	111.0
1372.76	111.0
321.28	112.0
1067.52	112.0
23.2	112.0
125.84	112.0
261.2	112.0
275.92	112.0
310.04	112.0
374.32	112.0
899.2	112.0
1292.8	112.0
1323.8	112.0
1377.8	112.0
972.56	113.0
306.96	114.0
323.76	114.0
226.4	114.0
363.56	115.0
934.12	115.0
47.2	115.0
88.6	115.0
219.72	115.0
324.12	115.0
347.2	115.0
503.84	115.0
798.32	115.0
857.44	115.0
972.72	115.0
1023.88	115.0
1090.96	115.0
1227.36	115.0
1270.92	115.0
1307.28	115.0
1330.44	115.0
275.52	116.0
309.36	116.0
335.2	116.0
348.96	116.0
356.8	116.0
402.88	116.0
439.24	116.0
935.0	116.0
959.16	116.0
1062.96	116.0
1307.08	116.0
1322.44	116.0
9.4	116.0
18.6	116.0
23.2	116.0
54.56	116.0
80.4	116.0
92.36	116.0
127.52	116.0
180.72	116.0
223.64	116.0
226.76	116.0
236.92	116.0
249.88	116.0
267.52	116.0
313.08	116.0
316.28	116.0
323.32	116.0
329.72	116.0
342.28	116.0
345.68	116.0
392.0	116.0
591.28	116.0
683.04	116.0
738.32	116.0
772.8	116.0
811.52	116.0
819.56	116.0
829.16	116.0
866.92	116.0
882.56	116.0
903.88	116.0
929.2	116.0
956.32	116.0
975.72	116.0
980.8	116.0
996.96	116.0
1216.32	116.0
1227.8	116.0
1234.32	116.0
1246.04	116.0
1248.96	116.0
1258.04	116.0
1274.96	116.0
1279.6	116.0
1318.72	116.0
1344.76	116.0
1358.72	116.0
1365.68	116.0
1064.36	117.0
23.88	117.0
323.52	117.0
329.76	117.0
906.92	117.0
972.2	117.0
1333.08	117.0
91.04	118.0
343.44	118.0
7.36	118.0
23.88	118.0
247.36	118.0
259.36	118.0
307.12	118.0
318.16	118.0
321.4	118.0
328.32	118.0
336.08	118.0
371.72	118.0
556.6	118.0
894.76	118.0
932.48	118.0
993.48	118.0
1016.08	118.0
1101.24	118.0
1258.92	118.0
1284.0	118.0
1288.0	118.0
1301.32	118.0
1311.76	118.0
1324.36	118.0
1351.36	118.0
2.52	119.0
272.52	119.0
691.44	119.0
728.2	119.0
777.8	119.0
856.76	119.0
938.36	119.0
1212.12	119.0
1251.88	119.0
1321.52	119.0
1351.32	119.0
195.44	120.0
276.56	120.0
306.44	120.0
322.2	120.0
1018.8	120.0
1038.72	120.0
1066.76	120.0
1220.52	120.0
1292.32	120.0
1347.88	120.0
