318.48	84.0
381.76	84.0
321.92	84.0
333.76	84.0
1190.4	84.0
1241.48	84.0
1274.24	84.0
31.08	85.0
222.68	85.0
343.8	85.0
352.4	85.0
385.68	85.0
545.84	85.0
586.68	85.0
644.68	85.0
765.32	85.0
918.6	85.0
947.32	85.0
979.48	85.0
996.84	85.0
1174.88	85.0
1341.04	85.0
50.44	86.0
59.08	86.0
76.52	86.0
89.36	86.0
109.36	86.0
145.6	86.0
163.84	86.0
168.76	86.0
237.92	86.0
241.48	86.0
297.56	86.0
322.48	86.0
355.2	86.0
375.52	86.0
408.72	86.0
485.64	86.0
585.0	86.0
645.12	86.0
722.04	86.0
773.96	86.0
860.92	86.0
882.72	86.0
893.68	86.0
1129.72	86.0
1156.76	86.0
1160.96	86.0
1189.92	86.0
1211.76	86.0
1226.2	86.0
1241.6	86.0
1247.12	86.0
1262.96	86.0
1277.12	86.0
1284.68	86.0
1313.72	86.0
1326.28	86.0
183.52	86.0
263.04	86.0
271.08	86.0
308.36	86.0
313.36	86.0
317.84	86.0
327.96	86.0
336.0	86.0
346.28	86.0
898.48	86.0
1133.36	86.0
1149.64	86.0
1175.56	86.0
1179.56	86.0
100.36	87.0
307.88	87.0
104.52	87.0
229.72	87.0
266.16	87.0
313.0	87.0
316.96	87.0
322.0	87.0
327.12	87.0
335.28	87.0
341.6	87.0
357.4	87.0
367.4	87.0
388.44	87.0
461.92	87.0
575.48	87.0
774.6	87.0
780.24	87.0
988.12	87.0
1133.92	87.0
1145.88	87.0
1161.72	87.0
1175.6	87.0
1205.96	87.0
1230.52	87.0
1312.84	87.0
1331.24	87.0
306.32	88.0
323.88	88.0
330.72	88.0
40.92	88.0
61.92	88.0
222.92	88.0
282.8	88.0
302.64	88.0
312.4	88.0
318.52	88.0
344.8	88.0
700.56	88.0
1137.28	88.0
1172.52	88.0
1186.68	88.0
1219.28	88.0
150.2	89.0
182.16	89.0
329.76	89.0
339.28	89.0
351.92	89.0
364.28	89.0
409.04	89.0
514.2	89.0
707.0	89.0
849.48	89.0
1190.08	89.0
1286.84	89.0
89.2	90.0
107.2	90.0
234.96	90.0
287.88	90.0
308.32	90.0
329.44	90.0
334.28	90.0
375.44	90.0
487.88	90.0
606.24	90.0
690.04	90.0
849.2	90.0
907.36	90.0
1022.48	90.0
1186.2	90.0
1189.8	90.0
1229.16	90.0
1239.16	90.0
1275.28	90.0
1286.52	90.0
1310.4	90.0
1352.72	90.0
302.88	91.0
318.4	91.0
327.36	91.0
340.32	91.0
37.0	92.0
120.4	92.0
171.52	92.0
306.68	92.0
323.84	92.0
329.8	92.0
338.84	92.0
360.24	92.0
381.48	92.0
1162.56	92.0
1180.6	92.0
1188.0	92.0
1215.12	92.0
89.56	92.0
127.96	92.0
190.28	92.0
210.76	92.0
302.68	92.0
311.76	92.0
417.56	92.0
513.6	92.0
773.32	92.0
780.76	92.0
906.8	92.0
1080.68	92.0
1121.28	92.0
1165.76	92.0
1170.96	92.0
1198.36	92.0
1204.48	92.0
1227.08	92.0
1247.64	92.0
1261.52	92.0
1271.92	92.0
1312.6	92.0
1362.48	92.0
1375.0	92.0
309.16	93.0
1237.92	93.0
1329.16	93.0
88.28	94.0
295.92	94.0
583.76	94.0
780.56	94.0
849.04	94.0
314.32	94.0
325.04	94.0
349.4	94.0
380.96	94.0
383.84	94.0
1161.48	94.0
1249.88	94.0
1310.6	94.0
310.04	95.0
122.12	95.0
126.32	95.0
237.64	95.0
306.52	95.0
480.16	95.0
824.64	95.0
1293.24	95.0
122.12	96.0
1154.6	96.0
1316.48	97.0
302.56	97.0
306.64	97.0
645.0	97.0
1207.56	97.0
308.56	98.0
318.48	98.0
1142.92	98.0
1174.68	98.0
248.36	99.0
307.48	99.0
311.32	99.0
316.8	99.0
323.68	99.0
332.08	99.0
339.88	99.0
408.8	99.0
1223.24	99.0
117.72	100.0
220.76	100.0
309.92	100.0
317.32	100.0
326.88	100.0
343.32	100.0
843.12	100.0
908.48	100.0
1161.96	100.0
1275.44	100.0
302.48	101.0
321.56	101.0
333.4	101.0
130.0	102.0
302.68	102.0
339.88	102.0
307.96	102.0
1215.2	102.0
339.76	103.0
312.56	103.0
705.72	103.0
302.84	104.0
339.72	104.0
349.28	104.0
352.16	104.0
382.36	104.0
112.64	104.0
288.16	104.0
310.04	104.0
315.68	104.0
320.88	104.0
327.72	104.0
336.2	104.0
345.32	104.0
367.12	104.0
394.84	104.0
488.2	104.0
512.96	104.0
585.8	104.0
815.44	104.0
1165.2	104.0
1188.84	104.0
1223.16	104.0
1291.48	104.0
263.8	106.0
395.36	106.0
490.72	106.0
589.72	106.0
773.96	106.0
796.24	106.0
308.36	107.0
318.52	107.0
822.32	107.0
1162.4	107.0
80.36	107.0
194.84	107.0
263.6	107.0
322.8	107.0
325.64	107.0
329.88	107.0
347.0	107.0
383.72	107.0
450.72	107.0
571.2	107.0
1022.72	107.0
1141.6	107.0
1158.6	107.0
1179.0	107.0
1266.4	107.0
1281.52	107.0
1297.12	108.0
325.08	108.0
332.2	108.0
399.92	108.0
402.84	108.0
438.24	108.0
1164.8	108.0
1249.32	108.0
1267.32	108.0
279.2	109.0
306.64	109.0
374.36	109.0
487.0	109.0
311.04	110.0
333.04	110.0
417.76	110.0
1161.64	110.0
106.36	110.0
148.8	110.0
341.08	110.0
354.12	110.0
366.52	110.0
373.8	110.0
455.32	110.0
486.48	110.0
1171.72	110.0
1202.4	110.0
134.64	111.0
323.72	111.0
1172.24	111.0
87.6	111.0
106.32	111.0
125.04	111.0
147.0	111.0
162.56	111.0
206.0	111.0
223.36	111.0
237.16	111.0
278.08	111.0
293.92	111.0
311.16	111.0
328.16	111.0
340.04	111.0
354.88	111.0
366.4	111.0
373.8	111.0
385.0	111.0
396.44	111.0
404.8	111.0
426.24	111.0
538.64	111.0
578.64	111.0
750.88	111.0
801.44	111.0
815.6	111.0
848.52	111.0
854.16	111.0
860.16	111.0
906.0	111.0
1159.4	111.0
1163.32	111.0
1186.16	111.0
1211.92	111.0
1228.84	111.0
1266.24	111.0
1276.32	111.0
1285.12	111.0
1322.8	111.0
1352.0	111.0
222.04	112.0
319.64	112.0
584.2	112.0
1188.16	112.0
1262.56	112.0
330.92	113.0
1187.8	115.0
1352.16	115.0
55.92	115.0
131.68	115.0
206.92	115.0
248.16	115.0
308.72	115.0
321.0	115.0
358.16	115.0
378.8	115.0
398.52	115.0
442.32	115.0
487.52	115.0
578.88	115.0
659.92	115.0
783.32	115.0
1172.0	115.0
1254.04	115.0
318.16	116.0
326.4	116.0
337.92	116.0
340.44	116.0
373.72	116.0
384.6	116.0
416.4	116.0
477.68	116.0
538.48	116.0
1019.48	116.0
1265.96	116.0
1285.2	116.0
1328.84	116.0
90.72	116.0
93.8	116.0
118.76	116.0
121.28	116.0
190.32	116.0
222.68	116.0
233.92	116.0
262.0	116.0
306.96	116.0
310.84	116.0
315.0	116.0
323.4	116.0
330.28	116.0
346.56	116.0
357.0	116.0
361.16	116.0
365.4	116.0
394.24	116.0
399.8	116.0
405.56	116.0
454.36	116.0
579.76	116.0
781.36	116.0
803.44	116.0
818.0	116.0
845.6	116.0
1145.08	116.0
1150.68	116.0
1159.0	116.0
1165.0	116.0
1181.44	116.0
1197.56	116.0
1206.96	116.0
1211.48	116.0
1215.72	116.0
1222.64	116.0
1226.48	116.0
1279.52	116.0
1293.0	116.0
1372.52	116.0
331.32	117.0
354.84	117.0
373.2	117.0
394.56	117.0
134.72	117.0
310.76	117.0
322.92	117.0
689.36	117.0
1021.68	117.0
221.36	118.0
307.64	118.0
495.32	118.0
585.64	118.0
846.52	118.0
904.16	118.0
1159.08	118.0
1186.0	118.0
1189.44	118.0
1350.12	118.0
104.72	118.0
147.12	118.0
276.4	118.0
315.28	118.0
319.2	118.0
323.04	118.0
330.28	118.0
332.8	118.0
337.56	118.0
340.92	118.0
356.48	118.0
484.72	118.0
687.36	118.0
799.68	118.0
1019.64	118.0
1163.96	118.0
1225.0	118.0
1290.8	118.0
192.76	119.0
236.88	119.0
307.12	119.0
328.4	119.0
738.0	119.0
1209.12	119.0
1265.0	119.0
1312.0	119.0
182.92	120.0
263.04	120.0
310.92	120.0
375.92	120.0
740.24	120.0
830.4	120.0
924.56	120.0
1135.6	120.0
1162.2	120.0
