307.96	84.0
435.84	84.0
329.84	84.0
734.48	84.0
329.16	85.0
528.12	85.0
567.84	85.0
859.72	85.0
940.56	85.0
966.32	85.0
984.6	85.0
1032.68	85.0
1144.84	85.0
23.12	86.0
150.56	86.0
172.84	86.0
183.68	86.0
224.64	86.0
241.08	86.0
274.68	86.0
277.92	86.0
287.88	86.0
337.0	86.0
408.8	86.0
515.36	86.0
589.2	86.0
595.04	86.0
621.12	86.0
697.08	86.0
719.6	86.0
767.32	86.0
789.0	86.0
811.92	86.0
842.16	86.0
942.4	86.0
960.28	86.0
981.36	86.0
1015.64	86.0
1029.92	86.0
1049.76	86.0
1055.88	86.0
1097.52	86.0
1142.16	86.0
1331.32	86.0
1354.52	86.0
1361.92	86.0
80.32	86.0
95.52	86.0
154.48	86.0
318.04	86.0
329.0	86.0
345.48	86.0
349.44	86.0
360.6	86.0
475.64	86.0
527.84	86.0
559.04	86.0
662.4	86.0
734.44	86.0
898.2	86.0
905.64	86.0
914.44	86.0
1244.6	86.0
1307.52	86.0
1345.28	86.0
1369.4	86.0
33.88	87.0
283.68	87.0
308.24	87.0
660.72	87.0
881.84	87.0
1026.32	87.0
1139.76	87.0
1243.16	87.0
1279.96	87.0
1334.0	87.0
1363.28	87.0
21.04	87.0
47.44	87.0
113.08	87.0
138.52	87.0
151.04	87.0
181.64	87.0
191.76	87.0
200.36	87.0
249.08	87.0
314.12	87.0
317.72	87.0
322.56	87.0
339.52	87.0
361.16	87.0
376.52	87.0
513.16	87.0
521.28	87.0
530.28	87.0
589.56	87.0
667.6	87.0
679.08	87.0
816.92	87.0
863.6	87.0
918.96	87.0
1019.92	87.0
1039.16	87.0
1066.56	87.0
1160.8	87.0
1197.88	87.0
1207.72	87.0
1246.64	87.0
1284.48	87.0
1307.2	87.0
958.0	88.0
1078.6	88.0
28.32	88.0
45.44	88.0
160.84	88.0
291.76	88.0
302.64	88.0
307.32	88.0
314.52	88.0
320.84	88.0
346.92	88.0
817.44	88.0
870.2	88.0
963.88	88.0
1010.04	88.0
1332.16	88.0
340.36	89.0
42.44	89.0
245.2	89.0
264.4	89.0
330.6	89.0
396.32	89.0
831.56	89.0
932.88	89.0
1091.0	89.0
1142.0	89.0
1159.44	89.0
1314.92	89.0
1324.92	89.0
1363.16	89.0
950.36	90.0
185.28	90.0
199.84	90.0
220.48	90.0
230.68	90.0
234.32	90.0
244.88	90.0
308.8	90.0
313.44	90.0
317.76	90.0
384.8	90.0
560.12	90.0
1034.0	90.0
1090.68	90.0
1142.96	90.0
1155.76	90.0
1159.12	90.0
1171.64	90.0
1355.68	90.0
1362.84	90.0
526.28	91.0
306.12	92.0
77.28	92.0
155.68	92.0
236.56	92.0
302.68	92.0
309.96	92.0
331.32	92.0
712.32	92.0
907.36	92.0
1029.4	92.0
1034.36	92.0
1158.56	92.0
1177.08	92.0
1182.6	92.0
1268.08	92.0
1313.92	92.0
1359.8	92.0
1371.56	92.0
664.08	93.0
1075.64	93.0
1101.36	93.0
47.56	94.0
203.48	94.0
366.56	94.0
867.92	94.0
314.48	94.0
324.28	94.0
734.48	94.0
1026.44	94.0
1117.64	94.0
1268.28	94.0
46.64	95.0
147.92	95.0
306.4	95.0
766.28	95.0
978.92	95.0
1103.52	95.0
1149.36	95.0
286.36	97.0
302.56	97.0
306.04	97.0
445.44	97.0
528.4	97.0
306.72	98.0
89.84	98.0
233.24	98.0
788.36	98.0
1031.92	98.0
143.12	99.0
235.28	99.0
311.44	99.0
320.48	99.0
331.48	99.0
562.52	99.0
907.32	99.0
1027.76	99.0
1145.32	99.0
1370.48	99.0
90.92	100.0
231.92	100.0
348.44	100.0
456.8	100.0
575.48	100.0
932.88	100.0
950.28	100.0
989.92	100.0
1232.8	100.0
102.4	101.0
302.48	101.0
307.8	101.0
302.64	102.0
1219.24	103.0
925.88	104.0
48.88	104.0
61.44	104.0
311.36	104.0
318.44	104.0
332.44	104.0
364.24	104.0
372.32	104.0
454.08	104.0
532.32	104.0
551.56	104.0
905.56	104.0
939.56	104.0
1038.32	104.0
1103.44	104.0
1145.48	104.0
1163.24	104.0
1217.36	104.0
73.04	106.0
85.8	106.0
180.52	106.0
203.64	106.0
391.56	106.0
76.64	107.0
118.48	107.0
231.88	107.0
280.76	107.0
286.4	107.0
306.68	107.0
323.0	107.0
480.52	107.0
520.84	107.0
662.92	107.0
728.8	107.0
821.12	107.0
858.12	107.0
981.0	107.0
1030.56	107.0
1140.6	107.0
1215.12	107.0
1277.8	107.0
1361.24	107.0
20.24	108.0
143.28	108.0
308.84	108.0
313.64	108.0
326.72	108.0
342.44	108.0
561.76	108.0
720.4	108.0
736.04	108.0
1031.16	108.0
1138.68	108.0
1214.68	108.0
1371.2	108.0
50.4	109.0
185.08	109.0
263.8	109.0
307.96	109.0
923.88	109.0
1314.32	109.0
343.04	109.0
108.44	110.0
271.16	110.0
325.12	110.0
1157.16	110.0
285.88	110.0
359.2	110.0
551.24	110.0
578.0	110.0
590.2	110.0
1102.72	110.0
1141.92	110.0
321.28	111.0
1129.04	111.0
11.72	111.0
45.32	111.0
52.16	111.0
90.32	111.0
108.6	111.0
143.76	111.0
154.72	111.0
183.68	111.0
203.96	111.0
222.56	111.0
236.56	111.0
258.72	111.0
271.36	111.0
313.48	111.0
324.6	111.0
342.12	111.0
367.6	111.0
410.04	111.0
455.8	111.0
485.56	111.0
529.96	111.0
547.12	111.0
562.52	111.0
621.6	111.0
656.84	111.0
683.92	111.0
721.72	111.0
737.04	111.0
842.04	111.0
875.0	111.0
908.92	111.0
960.12	111.0
982.6	111.0
987.48	111.0
1009.56	111.0
1039.84	111.0
1065.4	111.0
1192.88	111.0
1234.44	111.0
1298.6	111.0
1369.48	111.0
17.76	112.0
126.72	112.0
142.0	112.0
464.96	112.0
487.32	112.0
827.96	112.0
1129.6	112.0
1279.8	112.0
1330.28	112.0
1103.16	113.0
350.32	113.0
307.32	114.0
984.04	114.0
1104.88	114.0
221.88	115.0
313.8	115.0
14.84	115.0
134.88	115.0
286.16	115.0
337.68	115.0
432.24	115.0
578.28	115.0
865.76	115.0
1008.64	115.0
1113.88	115.0
1214.68	115.0
156.36	116.0
483.44	116.0
588.88	116.0
822.68	116.0
901.6	116.0
924.36	116.0
1034.28	116.0
18.8	116.0
45.2	116.0
55.0	116.0
57.84	116.0
92.96	116.0
106.28	116.0
135.12	116.0
235.48	116.0
286.64	116.0
308.48	116.0
312.96	116.0
317.72	116.0
326.2	116.0
332.96	116.0
342.88	116.0
403.04	116.0
526.76	116.0
536.0	116.0
551.28	116.0
593.16	116.0
695.28	116.0
725.56	116.0
766.84	116.0
808.84	116.0
838.04	116.0
861.92	116.0
892.04	116.0
913.96	116.0
953.08	116.0
961.68	116.0
1079.08	116.0
1093.52	116.0
1137.52	116.0
1142.84	116.0
1145.52	116.0
1188.16	116.0
1208.4	116.0
1214.8	116.0
1252.28	116.0
1281.04	116.0
1334.6	116.0
1366.72	116.0
286.16	117.0
310.04	117.0
551.36	117.0
684.28	117.0
1129.12	117.0
1157.88	117.0
9.56	118.0
183.04	118.0
681.44	118.0
1214.12	118.0
50.28	118.0
106.72	118.0
306.08	118.0
310.92	118.0
317.6	118.0
323.24	118.0
332.8	118.0
392.6	118.0
527.96	118.0
588.32	118.0
851.96	118.0
922.12	118.0
980.52	118.0
1087.64	118.0
1155.6	118.0
1314.16	118.0
103.24	119.0
204.88	119.0
266.0	119.0
311.12	119.0
414.28	119.0
447.96	119.0
481.08	119.0
660.36	119.0
700.84	119.0
1212.64	119.0
1245.24	119.0
1300.2	119.0
14.96	120.0
139.36	120.0
289.32	120.0
306.96	120.0
442.92	120.0
529.72	120.0
547.6	120.0
595.12	120.0
687.88	120.0
734.08	120.0
758.6	120.0
827.32	120.0
983.12	120.0
1029.2	120.0
1069.24	120.0
1099.28	120.0
1129.96	120.0
1142.92	120.0
