359.52	84.0
310.96	84.0
344.32	84.0
323.76	85.0
331.88	85.0
562.84	85.0
597.0	85.0
619.8	85.0
645.28	85.0
737.28	85.0
762.48	85.0
798.44	85.0
310.72	86.0
316.2	86.0
322.52	86.0
332.8	86.0
336.24	86.0
338.84	86.0
343.16	86.0
349.88	86.0
356.4	86.0
363.12	86.0
377.76	86.0
384.24	86.0
402.92	86.0
415.92	86.0
433.0	86.0
451.88	86.0
467.52	86.0
490.68	86.0
533.92	86.0
558.68	86.0
577.8	86.0
593.32	86.0
613.36	86.0
635.84	86.0
641.36	86.0
659.68	86.0
684.84	86.0
702.84	86.0
733.64	86.0
756.88	86.0
766.12	86.0
780.64	86.0
806.28	86.0
827.84	86.0
860.76	86.0
325.88	86.0
368.96	86.0
476.72	86.0
510.88	86.0
529.8	86.0
546.68	86.0
617.4	86.0
688.68	86.0
795.16	86.0
343.04	87.0
376.64	87.0
525.48	87.0
856.88	87.0
311.32	87.0
316.2	87.0
319.36	87.0
324.16	87.0
326.96	87.0
329.68	87.0
333.24	87.0
336.84	87.0
347.48	87.0
353.24	87.0
359.04	87.0
363.96	87.0
372.16	87.0
382.44	87.0
401.96	87.0
507.2	87.0
536.68	87.0
573.4	87.0
610.92	87.0
623.2	87.0
660.72	87.0
768.32	87.0
846.16	87.0
314.84	88.0
320.92	88.0
324.84	88.0
351.2	88.0
417.92	88.0
454.92	88.0
488.04	88.0
507.96	88.0
533.4	88.0
557.16	88.0
574.28	88.0
591.12	88.0
602.4	88.0
643.92	88.0
660.4	88.0
674.16	88.0
717.12	88.0
748.96	88.0
812.52	88.0
864.92	88.0
302.76	88.0
311.2	88.0
337.08	88.0
347.88	88.0
361.72	88.0
371.08	88.0
404.6	88.0
433.92	88.0
472.68	88.0
492.08	88.0
619.36	88.0
634.92	88.0
703.12	88.0
770.08	88.0
788.04	88.0
796.76	88.0
821.72	88.0
829.68	88.0
879.48	88.0
324.44	89.0
367.24	89.0
539.48	89.0
612.48	89.0
784.32	89.0
340.44	89.0
348.56	89.0
569.28	89.0
651.08	89.0
776.16	89.0
985.36	89.0
312.88	90.0
316.08	90.0
320.16	90.0
331.56	90.0
357.84	90.0
374.44	90.0
391.2	90.0
448.4	90.0
458.32	90.0
482.56	90.0
597.16	90.0
637.08	90.0
662.8	90.0
667.2	90.0
702.32	90.0
775.88	90.0
863.12	90.0
302.52	91.0
320.32	91.0
684.08	91.0
314.16	92.0
322.08	92.0
340.84	92.0
351.88	92.0
354.52	92.0
360.76	92.0
368.84	92.0
375.52	92.0
391.04	92.0
403.08	92.0
406.96	92.0
427.56	92.0
448.68	92.0
470.28	92.0
490.6	92.0
507.4	92.0
527.72	92.0
588.16	92.0
621.16	92.0
647.68	92.0
302.88	92.0
310.56	92.0
317.52	92.0
328.4	92.0
333.2	92.0
336.28	92.0
547.48	92.0
613.88	92.0
664.68	92.0
669.92	92.0
706.08	92.0
731.68	92.0
788.52	92.0
834.92	92.0
323.6	93.0
331.76	93.0
615.04	93.0
762.08	93.0
309.4	93.0
362.68	94.0
314.32	94.0
320.28	94.0
338.24	94.0
406.12	94.0
433.64	94.0
464.28	94.0
486.36	94.0
501.92	94.0
526.84	94.0
610.16	94.0
854.36	94.0
324.76	95.0
329.52	95.0
345.52	95.0
579.44	95.0
664.84	95.0
739.28	95.0
865.48	95.0
353.2	96.0
302.84	96.0
738.56	96.0
302.44	97.0
322.12	97.0
327.88	97.0
351.68	97.0
365.6	97.0
418.76	97.0
757.64	97.0
314.6	99.0
318.44	99.0
323.16	99.0
327.64	99.0
331.84	99.0
337.16	99.0
341.08	99.0
347.04	99.0
357.32	99.0
360.84	99.0
369.28	99.0
651.28	99.0
686.0	99.0
708.2	99.0
731.64	99.0
798.16	99.0
325.28	100.0
341.88	100.0
302.56	101.0
313.68	101.0
322.36	101.0
302.64	102.0
310.64	102.0
320.44	102.0
346.48	102.0
317.92	102.0
407.04	102.0
448.84	102.0
320.4	103.0
358.6	103.0
388.92	103.0
346.24	103.0
355.68	103.0
358.6	104.0
309.16	104.0
313.56	104.0
316.96	104.0
321.48	104.0
324.44	104.0
330.04	104.0
336.8	104.0
343.88	104.0
351.76	104.0
361.76	104.0
379.36	104.0
389.04	104.0
404.16	104.0
479.12	104.0
495.24	104.0
535.12	104.0
545.2	104.0
561.16	104.0
593.48	104.0
597.04	104.0
616.28	104.0
624.8	104.0
665.04	104.0
686.2	104.0
692.68	104.0
710.32	104.0
721.16	104.0
757.96	104.0
786.56	104.0
812.6	104.0
853.56	104.0
892.2	104.0
993.12	104.0
318.72	106.0
321.92	106.0
479.8	106.0
323.16	107.0
312.92	107.0
320.64	107.0
330.52	107.0
341.36	107.0
345.64	107.0
348.28	107.0
358.04	107.0
373.84	107.0
385.24	107.0
400.76	107.0
428.64	107.0
474.32	107.0
488.96	107.0
325.68	108.0
358.48	108.0
362.44	108.0
372.36	108.0
393.56	108.0
420.2	108.0
460.64	108.0
488.56	108.0
563.68	108.0
671.6	108.0
339.88	109.0
347.52	109.0
614.44	109.0
702.08	109.0
751.92	109.0
791.56	109.0
310.76	109.0
322.4	109.0
309.16	110.0
348.44	110.0
366.84	110.0
394.44	110.0
481.84	110.0
536.44	110.0
313.68	110.0
326.08	110.0
335.0	110.0
342.44	110.0
351.16	110.0
400.4	110.0
406.88	110.0
415.2	110.0
685.56	110.0
774.6	110.0
321.64	111.0
334.72	111.0
344.04	111.0
694.08	111.0
792.12	111.0
317.76	111.0
325.44	111.0
329.24	111.0
340.0	111.0
348.52	111.0
351.8	111.0
356.08	111.0
363.12	111.0
366.96	111.0
370.28	111.0
377.64	111.0
384.04	111.0
393.84	111.0
407.36	111.0
410.24	111.0
430.92	111.0
452.68	111.0
458.04	111.0
481.96	111.0
499.4	111.0
510.72	111.0
536.56	111.0
592.08	111.0
622.48	111.0
650.08	111.0
686.92	111.0
711.16	111.0
736.0	111.0
756.16	111.0
779.84	111.0
810.68	111.0
329.16	112.0
339.16	112.0
344.24	112.0
356.56	112.0
362.32	112.0
373.76	112.0
384.68	112.0
404.12	112.0
431.32	112.0
498.36	112.0
543.88	112.0
596.08	112.0
665.52	112.0
687.68	112.0
707.0	112.0
321.36	113.0
339.68	113.0
347.6	113.0
359.76	113.0
320.0	114.0
329.48	114.0
345.28	114.0
364.32	114.0
465.56	114.0
316.56	115.0
319.08	115.0
400.44	115.0
457.84	115.0
550.64	115.0
562.84	115.0
312.16	115.0
326.32	115.0
335.32	115.0
342.72	115.0
346.32	115.0
351.4	115.0
360.56	115.0
368.28	115.0
387.0	115.0
415.44	115.0
424.92	115.0
439.48	115.0
481.64	115.0
536.08	115.0
601.52	115.0
641.68	115.0
656.88	115.0
685.84	115.0
705.8	115.0
754.12	115.0
806.88	115.0
850.8	115.0
896.6	115.0
332.88	116.0
370.72	116.0
550.48	116.0
309.8	116.0
314.24	116.0
316.8	116.0
320.04	116.0
323.48	116.0
339.4	116.0
342.64	116.0
348.84	116.0
353.0	116.0
356.52	116.0
360.68	116.0
373.68	116.0
379.16	116.0
393.4	116.0
413.6	116.0
438.68	116.0
508.72	116.0
526.08	116.0
560.4	116.0
599.04	116.0
621.96	116.0
652.4	116.0
706.16	116.0
712.12	116.0
729.64	116.0
753.52	116.0
785.64	116.0
791.6	116.0
806.64	116.0
848.84	116.0
992.24	116.0
327.32	117.0
344.16	117.0
359.0	117.0
366.44	117.0
313.88	117.0
321.76	117.0
330.68	117.0
334.64	117.0
482.24	117.0
694.16	117.0
792.2	117.0
324.68	118.0
338.48	118.0
385.48	118.0
404.96	118.0
425.6	118.0
310.0	118.0
318.0	118.0
330.28	118.0
334.8	118.0
343.12	118.0
349.8	118.0
360.8	118.0
366.12	118.0
391.2	118.0
419.64	118.0
430.24	118.0
451.84	118.0
488.76	118.0
513.48	118.0
536.44	118.0
599.32	118.0
620.8	118.0
665.84	118.0
310.68	119.0
321.68	119.0
327.04	119.0
347.96	119.0
470.28	119.0
505.24	119.0
508.04	119.0
542.0	119.0
581.44	119.0
617.8	119.0
684.24	119.0
328.96	120.0
309.28	120.0
312.32	120.0
322.08	120.0
338.96	120.0
345.16	120.0
349.8	120.0
359.16	120.0
372.56	120.0
487.6	120.0
543.44	120.0
616.4	120.0
619.88	120.0
639.08	120.0
651.16	120.0
659.72	120.0
671.88	120.0
687.2	120.0
706.52	120.0
735.68	120.0
787.64	120.0
