307.12	84.0
1100.56	84.0
59.96	85.0
18.8	85.0
324.84	85.0
403.64	85.0
427.68	85.0
464.2	85.0
656.32	85.0
1131.52	85.0
1218.16	85.0
1238.96	85.0
1282.04	85.0
1337.88	85.0
1371.52	85.0
1385.12	85.0
1423.28	85.0
185.08	86.0
306.8	86.0
318.44	86.0
321.44	86.0
332.36	86.0
346.48	86.0
359.48	86.0
392.12	86.0
409.72	86.0
427.48	86.0
808.04	86.0
1169.96	86.0
1209.16	86.0
1213.72	86.0
1257.16	86.0
1274.04	86.0
1284.52	86.0
1300.04	86.0
1336.04	86.0
1362.12	86.0
1366.96	86.0
312.0	86.0
325.04	86.0
342.28	86.0
789.64	86.0
1234.36	86.0
1252.72	86.0
1212.68	87.0
35.76	87.0
109.32	87.0
188.4	87.0
214.48	87.0
228.84	87.0
307.72	87.0
310.92	87.0
314.8	87.0
319.56	87.0
324.2	87.0
350.2	87.0
383.52	87.0
607.36	87.0
636.2	87.0
741.96	87.0
802.92	87.0
852.88	87.0
972.88	87.0
1083.24	87.0
1116.88	87.0
1128.84	87.0
1150.32	87.0
1160.52	87.0
1175.12	87.0
1186.96	87.0
1199.76	87.0
1232.92	87.0
1256.32	87.0
1326.36	87.0
1351.76	87.0
1382.8	87.0
1405.6	87.0
1464.56	87.0
25.4	88.0
316.48	88.0
580.12	88.0
63.88	88.0
129.04	88.0
302.68	88.0
312.64	88.0
323.8	88.0
357.12	88.0
751.12	88.0
874.84	88.0
1105.36	88.0
1166.0	88.0
1216.56	88.0
1332.48	88.0
302.68	89.0
306.4	89.0
357.56	89.0
1181.12	89.0
1219.8	89.0
1352.16	89.0
324.52	89.0
339.48	89.0
463.48	89.0
505.68	89.0
694.2	89.0
919.24	89.0
973.52	89.0
1240.4	89.0
1250.32	89.0
40.12	90.0
114.72	90.0
245.4	90.0
284.48	90.0
317.64	90.0
324.0	90.0
334.28	90.0
428.48	90.0
659.76	90.0
693.88	90.0
734.0	90.0
787.32	90.0
847.96	90.0
1114.2	90.0
1168.92	90.0
1250.08	90.0
1347.04	90.0
197.68	91.0
339.32	91.0
1116.6	91.0
1240.52	91.0
89.92	92.0
252.56	92.0
328.8	92.0
356.36	92.0
367.6	92.0
405.28	92.0
428.12	92.0
461.32	92.0
523.36	92.0
656.44	92.0
1124.08	92.0
1188.12	92.0
1215.64	92.0
1239.36	92.0
1256.0	92.0
1287.84	92.0
1312.76	92.0
1349.48	92.0
1372.84	92.0
1421.8	92.0
1457.96	92.0
64.24	92.0
94.56	92.0
199.68	92.0
256.32	92.0
302.72	92.0
312.4	92.0
315.16	92.0
342.16	92.0
360.68	92.0
371.92	92.0
378.28	92.0
393.12	92.0
397.88	92.0
486.76	92.0
530.68	92.0
660.24	92.0
870.16	92.0
1027.36	92.0
1097.6	92.0
1117.16	92.0
1219.36	92.0
1232.56	92.0
1298.4	92.0
1392.6	92.0
1451.2	92.0
132.56	93.0
333.88	93.0
356.76	93.0
402.92	93.0
468.04	93.0
489.8	93.0
521.68	93.0
1220.08	93.0
1235.76	93.0
1251.36	93.0
1266.6	93.0
1349.36	93.0
1377.36	93.0
1421.76	93.0
1456.2	93.0
1216.76	93.0
1284.44	93.0
88.6	94.0
307.68	94.0
398.52	94.0
426.6	94.0
848.0	94.0
1121.72	94.0
1180.64	94.0
1330.0	94.0
278.8	94.0
321.32	94.0
335.92	94.0
357.24	94.0
406.2	94.0
819.12	94.0
1124.36	94.0
1188.92	94.0
1220.16	94.0
1236.12	94.0
1239.2	94.0
1282.48	94.0
1345.88	94.0
1372.84	94.0
1381.48	94.0
26.44	95.0
68.16	95.0
207.44	95.0
337.36	95.0
404.16	95.0
469.32	95.0
525.76	95.0
658.08	95.0
994.04	95.0
1016.08	95.0
1074.92	95.0
1126.76	95.0
1181.68	95.0
1295.8	95.0
1407.92	95.0
1442.64	95.0
302.88	96.0
1283.52	96.0
302.44	97.0
1239.96	97.0
306.72	97.0
309.76	97.0
323.04	97.0
388.64	97.0
990.0	97.0
1175.24	97.0
1214.92	97.0
1235.4	97.0
1260.12	97.0
1282.68	97.0
1311.56	97.0
655.36	98.0
57.88	99.0
312.28	99.0
321.8	99.0
335.0	99.0
383.76	99.0
793.44	99.0
989.68	99.0
1026.36	99.0
1115.84	99.0
1263.0	99.0
1325.92	99.0
1351.08	99.0
1379.92	99.0
1397.92	99.0
199.16	100.0
341.24	100.0
357.84	100.0
429.12	100.0
458.88	100.0
466.88	100.0
727.2	100.0
830.76	100.0
851.36	100.0
990.56	100.0
1041.68	100.0
1079.88	100.0
1139.2	100.0
1141.96	100.0
1229.08	100.0
1261.52	100.0
1338.36	100.0
1396.48	100.0
1439.12	100.0
302.52	101.0
302.68	102.0
306.76	102.0
1132.24	102.0
130.52	104.0
465.48	104.0
1120.2	104.0
1249.48	104.0
198.84	104.0
282.36	104.0
312.8	104.0
315.6	104.0
322.0	104.0
330.28	104.0
338.28	104.0
362.4	104.0
853.4	104.0
1122.72	104.0
1203.72	104.0
1221.24	104.0
1244.96	104.0
1263.12	104.0
1311.52	104.0
1316.2	104.0
1376.24	104.0
1405.64	104.0
1408.2	104.0
306.32	106.0
363.08	106.0
392.56	106.0
425.04	106.0
429.64	106.0
525.52	106.0
1306.28	106.0
1314.2	106.0
1317.96	106.0
1350.56	106.0
1374.08	106.0
1427.44	106.0
307.44	107.0
89.28	107.0
151.32	107.0
315.0	107.0
334.76	107.0
337.96	107.0
352.84	107.0
402.6	107.0
466.96	107.0
659.36	107.0
697.28	107.0
872.36	107.0
950.76	107.0
1073.52	107.0
1089.12	107.0
1163.4	107.0
1221.72	107.0
1238.32	107.0
1311.04	107.0
1343.36	107.0
1452.28	107.0
619.52	108.0
845.48	108.0
974.8	108.0
1045.4	108.0
1200.44	108.0
39.88	109.0
621.6	109.0
1215.36	109.0
1240.6	109.0
86.96	110.0
400.28	110.0
311.44	110.0
334.68	110.0
371.0	110.0
451.92	110.0
972.56	110.0
1114.64	110.0
1166.32	110.0
1255.68	110.0
1369.76	110.0
989.28	111.0
20.2	111.0
63.44	111.0
119.88	111.0
197.68	111.0
308.8	111.0
318.72	111.0
331.92	111.0
350.72	111.0
370.84	111.0
381.36	111.0
430.92	111.0
464.32	111.0
485.04	111.0
527.52	111.0
616.36	111.0
792.12	111.0
847.0	111.0
858.4	111.0
972.56	111.0
1012.4	111.0
1069.48	111.0
1105.08	111.0
1141.84	111.0
1166.28	111.0
1179.76	111.0
1212.56	111.0
1219.72	111.0
1226.16	111.0
1236.56	111.0
1260.08	111.0
1262.68	111.0
1269.64	111.0
1291.24	111.0
1299.56	111.0
1317.04	111.0
1352.68	111.0
1376.68	111.0
1403.28	111.0
1409.24	111.0
1421.8	111.0
1461.64	111.0
306.28	112.0
63.92	112.0
98.04	112.0
399.32	112.0
694.32	112.0
847.4	112.0
1179.52	112.0
1236.2	112.0
1261.08	112.0
1357.56	112.0
1369.72	113.0
797.4	114.0
356.08	115.0
1132.08	115.0
1377.04	115.0
31.0	115.0
306.12	115.0
311.72	115.0
324.24	115.0
334.96	115.0
381.52	115.0
452.2	115.0
475.56	115.0
1084.92	115.0
1129.28	115.0
1185.12	115.0
1255.96	115.0
1287.48	115.0
1312.6	115.0
1357.4	115.0
1402.96	115.0
1458.84	115.0
123.28	116.0
286.6	116.0
318.76	116.0
353.56	116.0
359.44	116.0
1184.88	116.0
61.92	116.0
89.12	116.0
186.56	116.0
197.44	116.0
309.16	116.0
324.12	116.0
328.84	116.0
338.32	116.0
344.8	116.0
356.08	116.0
399.28	116.0
616.12	116.0
642.64	116.0
778.08	116.0
792.32	116.0
801.8	116.0
839.0	116.0
905.96	116.0
937.76	116.0
967.68	116.0
981.96	116.0
995.0	116.0
1050.92	116.0
1061.96	116.0
1076.48	116.0
1088.04	116.0
1113.16	116.0
1116.64	116.0
1125.16	116.0
1128.8	116.0
1145.2	116.0
1166.36	116.0
1194.68	116.0
1216.6	116.0
1234.08	116.0
1238.92	116.0
1254.52	116.0
1268.48	116.0
1275.72	116.0
1281.32	116.0
1313.68	116.0
1374.96	116.0
1390.96	116.0
382.84	117.0
1377.68	117.0
129.96	117.0
202.76	117.0
307.88	117.0
847.28	117.0
972.8	117.0
1049.56	117.0
1114.84	117.0
1166.6	117.0
1180.08	117.0
1240.12	117.0
1283.92	117.0
1370.04	117.0
242.6	118.0
790.04	118.0
844.84	118.0
970.04	118.0
1311.6	118.0
36.88	118.0
85.16	118.0
246.52	118.0
307.44	118.0
322.08	118.0
333.28	118.0
403.64	118.0
424.84	118.0
690.92	118.0
1010.4	118.0
1067.52	118.0
1130.08	118.0
1164.2	118.0
1266.0	118.0
61.12	119.0
131.0	119.0
174.04	119.0
735.72	119.0
772.96	119.0
1053.92	119.0
1106.36	119.0
394.92	120.0
35.36	120.0
172.0	120.0
306.08	120.0
337.32	120.0
403.04	120.0
507.2	120.0
972.96	120.0
1134.0	120.0
1193.64	120.0
1249.12	120.0
1265.52	120.0
1292.72	120.0
1309.92	120.0
1346.6	120.0
1471.96	120.0
