487.0	84.0
263.08	84.0
317.12	84.0
953.88	85.0
57.8	85.0
208.24	85.0
270.6	85.0
293.48	85.0
346.28	85.0
420.56	85.0
510.88	85.0
864.96	85.0
1039.96	85.0
1331.56	85.0
1362.76	85.0
13.68	86.0
53.72	86.0
77.0	86.0
87.0	86.0
98.64	86.0
111.48	86.0
168.92	86.0
176.84	86.0
220.72	86.0
246.8	86.0
279.96	86.0
286.0	86.0
306.72	86.0
318.84	86.0
323.64	86.0
333.0	86.0
340.56	86.0
360.12	86.0
373.68	86.0
384.36	86.0
408.92	86.0
461.92	86.0
488.88	86.0
529.92	86.0
579.88	86.0
594.24	86.0
719.8	86.0
766.2	86.0
802.56	86.0
859.2	86.0
910.76	86.0
924.72	86.0
949.96	86.0
968.16	86.0
990.36	86.0
993.72	86.0
999.28	86.0
1010.04	86.0
1037.76	86.0
1151.16	86.0
1174.16	86.0
1178.08	86.0
1200.96	86.0
1225.96	86.0
1237.16	86.0
1306.16	86.0
313.88	86.0
343.76	86.0
352.44	86.0
23.16	87.0
45.96	87.0
86.28	87.0
256.2	87.0
286.24	87.0
312.84	87.0
343.92	87.0
362.4	87.0
519.4	87.0
566.64	87.0
742.36	87.0
776.88	87.0
809.44	87.0
834.08	87.0
929.08	87.0
967.24	87.0
1063.88	87.0
1205.08	87.0
1287.48	87.0
177.72	88.0
289.72	88.0
440.64	88.0
746.92	88.0
10.8	88.0
64.56	88.0
72.48	88.0
168.56	88.0
215.96	88.0
240.44	88.0
302.64	88.0
323.52	88.0
415.64	88.0
496.72	88.0
526.6	88.0
545.76	88.0
794.36	88.0
1101.52	88.0
1175.96	88.0
1204.88	88.0
1308.16	88.0
980.4	89.0
144.48	89.0
315.32	89.0
320.56	89.0
339.64	89.0
856.72	89.0
1013.16	89.0
1105.84	89.0
1206.84	89.0
1226.28	89.0
1285.56	89.0
1320.64	89.0
60.4	90.0
95.6	90.0
223.24	90.0
271.56	90.0
289.24	90.0
339.28	90.0
356.76	90.0
382.8	90.0
583.2	90.0
607.12	90.0
629.24	90.0
670.92	90.0
705.2	90.0
745.28	90.0
902.48	90.0
940.04	90.0
958.84	90.0
982.72	90.0
1036.76	90.0
1126.0	90.0
1157.04	90.0
1244.16	90.0
148.64	91.0
4.44	92.0
22.48	92.0
62.96	92.0
71.6	92.0
83.8	92.0
134.76	92.0
151.36	92.0
170.32	92.0
201.64	92.0
232.6	92.0
274.24	92.0
284.68	92.0
302.68	92.0
311.84	92.0
341.56	92.0
356.12	92.0
366.08	92.0
410.76	92.0
439.52	92.0
481.44	92.0
522.72	92.0
554.4	92.0
583.84	92.0
601.28	92.0
643.28	92.0
675.68	92.0
694.16	92.0
707.96	92.0
720.92	92.0
750.24	92.0
774.56	92.0
789.28	92.0
840.12	92.0
861.0	92.0
908.44	92.0
920.24	92.0
943.16	92.0
971.36	92.0
981.32	92.0
999.4	92.0
1054.68	92.0
1090.4	92.0
1119.0	92.0
1166.16	92.0
1185.36	92.0
1200.12	92.0
1235.6	92.0
1249.2	92.0
1322.8	92.0
1333.04	92.0
38.08	93.0
65.44	93.0
103.0	93.0
163.6	93.0
200.96	93.0
249.72	93.0
278.76	93.0
290.44	93.0
306.56	93.0
343.08	93.0
365.16	93.0
467.76	93.0
524.56	93.0
544.2	93.0
566.24	93.0
616.24	93.0
682.68	93.0
711.6	93.0
738.2	93.0
747.12	93.0
768.16	93.0
795.92	93.0
888.8	93.0
911.28	93.0
925.28	93.0
952.84	93.0
984.88	93.0
999.2	93.0
1029.68	93.0
1056.96	93.0
1086.68	93.0
1106.48	93.0
1163.0	93.0
1187.64	93.0
1230.2	93.0
1257.28	93.0
1269.68	93.0
1289.2	93.0
1318.24	93.0
1353.24	93.0
322.0	93.0
1058.28	94.0
87.08	94.0
113.4	94.0
186.0	94.0
250.6	94.0
293.16	94.0
324.24	94.0
355.12	94.0
366.0	94.0
461.84	94.0
523.12	94.0
592.6	94.0
630.4	94.0
639.36	94.0
981.8	94.0
1084.56	94.0
1133.24	94.0
1138.04	94.0
1286.6	94.0
1316.32	94.0
35.32	95.0
62.6	95.0
88.0	95.0
117.72	95.0
144.84	95.0
172.56	95.0
194.48	95.0
213.6	95.0
267.76	95.0
279.64	95.0
311.08	95.0
339.0	95.0
442.84	95.0
470.56	95.0
519.64	95.0
583.28	95.0
613.8	95.0
693.6	95.0
733.84	95.0
794.0	95.0
843.4	95.0
920.88	95.0
970.56	95.0
1038.72	95.0
1096.2	95.0
1153.36	95.0
1201.16	95.0
1352.2	95.0
302.8	96.0
325.48	96.0
467.68	96.0
302.44	97.0
466.72	97.0
322.52	97.0
347.84	97.0
361.04	97.0
1018.76	97.0
29.08	98.0
598.2	98.0
1068.96	98.0
180.64	99.0
290.44	99.0
316.76	99.0
338.36	99.0
365.88	99.0
416.24	99.0
673.72	99.0
744.24	99.0
28.04	100.0
52.6	100.0
148.36	100.0
258.52	100.0
263.84	100.0
376.12	100.0
409.48	100.0
536.28	100.0
645.04	100.0
770.84	100.0
947.76	100.0
976.28	100.0
1072.92	100.0
1122.84	100.0
1166.84	100.0
302.48	101.0
302.64	102.0
302.64	103.0
307.12	103.0
77.44	104.0
405.52	104.0
27.96	104.0
89.0	104.0
147.04	104.0
168.2	104.0
180.2	104.0
273.16	104.0
311.76	104.0
318.92	104.0
335.84	104.0
375.32	104.0
466.84	104.0
608.96	104.0
696.08	104.0
893.76	104.0
940.96	104.0
1040.64	104.0
1059.4	104.0
1136.56	104.0
1200.72	104.0
1339.64	104.0
216.24	106.0
393.64	106.0
467.68	106.0
1056.16	106.0
1266.68	106.0
308.08	107.0
311.68	107.0
30.0	107.0
97.84	107.0
122.6	107.0
170.32	107.0
324.16	107.0
349.0	107.0
489.96	107.0
769.08	107.0
934.6	107.0
979.84	107.0
1011.36	107.0
1243.56	107.0
1311.16	107.0
120.6	108.0
161.4	108.0
254.04	108.0
450.44	108.0
490.0	108.0
634.24	108.0
645.48	108.0
671.04	108.0
765.12	108.0
815.96	108.0
865.04	108.0
928.28	108.0
1132.12	108.0
1193.0	108.0
1281.0	108.0
843.2	109.0
1170.68	109.0
1206.24	109.0
315.48	109.0
685.32	109.0
340.04	110.0
121.48	110.0
309.44	110.0
443.12	110.0
632.68	110.0
871.44	110.0
1000.64	110.0
1104.2	110.0
1228.72	110.0
1258.64	110.0
385.24	111.0
6.76	111.0
23.8	111.0
37.72	111.0
54.48	111.0
71.04	111.0
87.88	111.0
96.4	111.0
112.2	111.0
127.4	111.0
149.2	111.0
182.52	111.0
247.0	111.0
269.0	111.0
278.6	111.0
289.08	111.0
307.4	111.0
320.68	111.0
337.6	111.0
340.12	111.0
357.6	111.0
412.24	111.0
463.0	111.0
496.68	111.0
526.16	111.0
555.12	111.0
572.68	111.0
584.52	111.0
711.84	111.0
722.4	111.0
750.64	111.0
764.84	111.0
792.08	111.0
824.44	111.0
1036.64	111.0
1068.52	111.0
1151.84	111.0
1181.36	111.0
1224.2	111.0
1244.68	111.0
1261.2	111.0
1324.48	111.0
1348.32	111.0
118.36	112.0
177.12	112.0
206.64	112.0
707.16	112.0
5.64	114.0
341.04	114.0
449.4	114.0
735.84	115.0
42.36	115.0
80.56	115.0
109.16	115.0
146.8	115.0
170.76	115.0
221.92	115.0
253.72	115.0
274.04	115.0
295.6	115.0
367.28	115.0
425.08	115.0
458.2	115.0
479.72	115.0
511.52	115.0
525.96	115.0
576.2	115.0
607.92	115.0
632.92	115.0
649.92	115.0
684.4	115.0
708.16	115.0
764.76	115.0
831.32	115.0
871.72	115.0
904.96	115.0
1000.92	115.0
1104.48	115.0
1145.4	115.0
1209.56	115.0
1258.92	115.0
1289.52	115.0
1315.8	115.0
1358.72	115.0
73.36	116.0
142.8	116.0
356.72	116.0
3.16	116.0
12.88	116.0
55.2	116.0
63.92	116.0
79.32	116.0
100.88	116.0
123.48	116.0
149.72	116.0
180.68	116.0
224.72	116.0
244.88	116.0
267.24	116.0
289.76	116.0
309.96	116.0
315.2	116.0
323.08	116.0
347.0	116.0
412.56	116.0
436.72	116.0
445.52	116.0
464.28	116.0
484.88	116.0
496.76	116.0
542.96	116.0
566.92	116.0
585.92	116.0
599.52	116.0
630.68	116.0
675.84	116.0
685.28	116.0
713.16	116.0
764.36	116.0
781.72	116.0
789.32	116.0
817.56	116.0
825.88	116.0
892.64	116.0
912.28	116.0
941.44	116.0
963.96	116.0
977.56	116.0
1008.68	116.0
1022.28	116.0
1036.0	116.0
1049.48	116.0
1072.0	116.0
1094.48	116.0
1130.52	116.0
1169.84	116.0
1193.84	116.0
1202.84	116.0
1227.88	116.0
1284.28	116.0
1333.68	116.0
586.12	117.0
307.52	117.0
339.6	117.0
738.76	117.0
857.8	117.0
316.72	118.0
326.12	118.0
378.88	118.0
979.32	118.0
1327.0	118.0
167.16	119.0
311.0	119.0
322.52	119.0
397.52	119.0
862.56	119.0
111.52	120.0
176.64	120.0
913.84	120.0
1136.68	120.0
1239.56	120.0
