359.24	84.0
309.36	84.0
322.12	84.0
335.68	84.0
349.4	84.0
539.8	84.0
578.32	84.0
600.0	84.0
645.6	84.0
669.32	84.0
704.96	84.0
728.6	84.0
760.92	84.0
779.8	84.0
807.24	84.0
875.2	84.0
936.48	84.0
992.28	84.0
1083.52	84.0
1209.92	84.0
1273.56	84.0
1323.64	84.0
1414.76	84.0
1442.72	84.0
308.52	85.0
320.16	85.0
359.88	85.0
477.24	85.0
516.36	85.0
559.52	85.0
616.28	85.0
1249.28	85.0
1339.92	85.0
1421.4	85.0
307.6	86.0
318.44	86.0
321.44	86.0
329.04	86.0
342.92	86.0
349.92	86.0
356.64	86.0
363.56	86.0
376.04	86.0
383.52	86.0
389.8	86.0
400.6	86.0
447.6	86.0
472.96	86.0
492.32	86.0
506.8	86.0
522.08	86.0
546.64	86.0
558.4	86.0
577.0	86.0
584.36	86.0
595.88	86.0
628.4	86.0
657.88	86.0
667.84	86.0
688.48	86.0
710.24	86.0
735.96	86.0
762.52	86.0
784.28	86.0
794.6	86.0
803.76	86.0
829.56	86.0
835.28	86.0
864.52	86.0
877.2	86.0
885.68	86.0
899.96	86.0
930.88	86.0
964.04	86.0
979.4	86.0
993.52	86.0
1016.92	86.0
1047.44	86.0
1062.52	86.0
1130.48	86.0
1147.6	86.0
1166.88	86.0
1171.32	86.0
1194.04	86.0
1219.76	86.0
1247.64	86.0
1264.92	86.0
1345.12	86.0
1371.72	86.0
1398.92	86.0
1421.52	86.0
1454.04	86.0
313.0	86.0
324.08	86.0
334.6	86.0
345.44	86.0
352.52	86.0
366.96	86.0
378.6	86.0
397.0	86.0
411.0	86.0
434.36	86.0
454.56	86.0
537.32	86.0
1375.92	86.0
308.28	87.0
331.6	87.0
356.8	87.0
387.48	87.0
312.96	87.0
317.2	87.0
320.28	87.0
322.84	87.0
328.8	87.0
335.88	87.0
359.84	87.0
371.0	87.0
374.28	87.0
379.0	87.0
384.88	87.0
395.44	87.0
409.4	87.0
435.32	87.0
457.32	87.0
493.48	87.0
549.8	87.0
577.56	87.0
629.56	87.0
672.48	87.0
679.4	87.0
703.56	87.0
752.96	87.0
794.0	87.0
828.44	87.0
840.48	87.0
929.8	87.0
967.52	87.0
1335.76	87.0
1440.24	87.0
306.36	88.0
313.2	88.0
326.36	88.0
334.72	88.0
421.56	88.0
501.16	88.0
536.88	88.0
616.44	88.0
675.56	88.0
759.4	88.0
979.96	88.0
1169.24	88.0
1367.76	88.0
302.76	88.0
309.68	88.0
331.32	88.0
340.6	88.0
346.68	88.0
351.32	88.0
359.92	88.0
366.64	88.0
378.6	88.0
393.36	88.0
489.68	88.0
504.52	88.0
577.52	88.0
590.56	88.0
682.32	88.0
720.36	88.0
753.96	88.0
784.0	88.0
801.92	88.0
814.36	88.0
844.24	88.0
880.16	88.0
921.36	88.0
953.04	88.0
995.88	88.0
1107.32	88.0
1172.44	88.0
1235.4	88.0
1237.92	88.0
1299.96	88.0
1442.76	88.0
316.4	89.0
348.16	89.0
393.08	89.0
549.76	89.0
617.84	89.0
1007.12	89.0
1101.92	89.0
345.4	90.0
471.64	90.0
1335.8	90.0
319.2	90.0
339.92	90.0
448.84	90.0
517.88	90.0
687.44	90.0
735.08	90.0
836.6	90.0
922.68	90.0
1006.88	90.0
1373.32	90.0
1421.12	90.0
315.64	91.0
302.56	91.0
312.6	91.0
329.04	91.0
340.12	91.0
306.52	92.0
316.04	92.0
325.92	92.0
334.92	92.0
364.32	92.0
413.08	92.0
443.72	92.0
457.64	92.0
515.0	92.0
538.28	92.0
554.96	92.0
581.72	92.0
684.96	92.0
733.0	92.0
767.4	92.0
832.92	92.0
1127.56	92.0
1309.68	92.0
1396.96	92.0
302.92	92.0
321.8	92.0
338.64	92.0
346.68	92.0
356.96	92.0
387.84	92.0
420.04	92.0
430.0	92.0
441.04	92.0
466.92	92.0
487.16	92.0
504.64	92.0
519.08	92.0
526.08	92.0
533.92	92.0
549.76	92.0
558.56	92.0
574.96	92.0
611.6	92.0
625.12	92.0
654.4	92.0
670.0	92.0
702.04	92.0
721.8	92.0
756.24	92.0
763.6	92.0
802.24	92.0
829.92	92.0
845.48	92.0
860.2	92.0
877.6	92.0
903.8	92.0
923.8	92.0
958.8	92.0
1000.32	92.0
1051.12	92.0
1118.96	92.0
1136.36	92.0
1168.76	92.0
1180.28	92.0
1187.52	92.0
1201.2	92.0
1233.56	92.0
1240.92	92.0
1248.52	92.0
1280.04	92.0
1304.96	92.0
1322.76	92.0
1352.2	92.0
1391.68	92.0
1424.68	92.0
1454.64	92.0
322.52	93.0
327.84	93.0
336.4	93.0
343.08	93.0
370.44	93.0
416.52	93.0
460.56	93.0
481.32	93.0
582.24	93.0
646.64	93.0
764.68	93.0
811.04	93.0
870.76	93.0
922.0	93.0
1106.68	93.0
1179.2	93.0
1277.04	93.0
302.84	93.0
322.28	94.0
622.36	94.0
1168.56	94.0
309.88	94.0
315.32	94.0
335.48	94.0
360.16	94.0
366.56	94.0
382.04	94.0
385.0	94.0
390.72	94.0
414.04	94.0
416.56	94.0
450.68	94.0
492.88	94.0
507.52	94.0
519.28	94.0
529.16	94.0
536.6	94.0
544.48	94.0
581.44	94.0
601.92	94.0
647.0	94.0
781.8	94.0
874.0	94.0
932.48	94.0
1132.2	94.0
1190.0	94.0
1227.4	94.0
1247.88	94.0
1335.16	94.0
1403.96	94.0
1430.04	94.0
310.6	95.0
313.6	95.0
325.64	95.0
336.12	95.0
346.68	95.0
351.88	95.0
479.64	95.0
526.32	95.0
581.64	95.0
626.12	95.0
784.28	95.0
855.32	95.0
944.84	95.0
1021.88	95.0
1109.96	95.0
1148.52	95.0
1339.48	95.0
1455.24	95.0
309.12	96.0
322.92	96.0
1190.68	96.0
1411.08	96.0
317.12	97.0
367.28	97.0
302.72	97.0
308.92	97.0
323.68	97.0
345.76	97.0
352.12	97.0
356.84	97.0
438.24	97.0
456.0	97.0
501.28	97.0
556.68	97.0
582.96	97.0
604.36	97.0
648.28	97.0
707.96	97.0
837.0	97.0
882.16	97.0
935.08	97.0
1038.6	97.0
1192.6	97.0
1217.4	97.0
1335.72	97.0
1417.72	97.0
355.52	98.0
693.68	98.0
717.84	98.0
842.44	98.0
950.0	98.0
1083.92	98.0
1372.64	98.0
310.0	99.0
328.28	99.0
315.04	99.0
320.24	99.0
324.4	99.0
331.96	99.0
345.48	99.0
358.52	99.0
365.24	99.0
368.56	99.0
489.64	99.0
548.76	99.0
704.84	99.0
724.96	99.0
804.04	99.0
833.6	99.0
876.32	99.0
915.76	99.0
998.68	99.0
306.48	100.0
314.6	100.0
326.28	100.0
364.76	100.0
392.04	100.0
418.16	100.0
423.52	100.0
482.68	100.0
517.24	100.0
620.88	100.0
655.04	100.0
673.28	100.0
697.8	100.0
712.96	100.0
796.8	100.0
822.56	100.0
849.92	100.0
912.36	100.0
935.76	100.0
983.04	100.0
1154.32	100.0
1190.68	100.0
1285.08	100.0
1293.76	100.0
1309.36	100.0
1335.72	100.0
1385.16	100.0
1441.32	100.0
302.56	101.0
316.16	101.0
328.56	101.0
343.92	101.0
369.6	101.0
411.24	101.0
432.96	101.0
456.56	101.0
502.04	101.0
530.44	101.0
562.0	101.0
619.92	101.0
854.92	101.0
1190.96	101.0
1322.24	101.0
302.72	102.0
302.76	103.0
583.28	103.0
309.32	103.0
363.2	103.0
361.6	104.0
310.96	104.0
316.24	104.0
320.36	104.0
323.36	104.0
327.56	104.0
335.52	104.0
343.96	104.0
350.28	104.0
356.76	104.0
364.8	104.0
372.36	104.0
393.52	104.0
437.28	104.0
462.48	104.0
477.88	104.0
482.32	104.0
499.08	104.0
517.04	104.0
561.2	104.0
581.8	104.0
653.2	104.0
668.84	104.0
713.24	104.0
743.08	104.0
765.88	104.0
899.52	104.0
939.76	104.0
959.56	104.0
1004.76	104.0
1080.96	104.0
1198.52	104.0
1224.88	104.0
1275.92	104.0
1336.12	104.0
1367.36	104.0
1455.68	104.0
308.6	106.0
321.08	106.0
340.68	106.0
352.96	106.0
371.28	106.0
436.84	106.0
492.92	106.0
544.92	106.0
623.32	106.0
1137.0	106.0
307.56	107.0
319.44	107.0
335.0	107.0
346.56	107.0
356.16	107.0
362.32	107.0
366.8	107.0
389.76	107.0
398.88	107.0
543.92	107.0
559.08	107.0
607.2	107.0
985.88	107.0
314.92	108.0
308.24	108.0
327.24	108.0
330.52	108.0
334.44	108.0
346.2	108.0
358.64	108.0
377.92	108.0
391.2	108.0
396.56	108.0
413.72	108.0
479.44	108.0
509.76	108.0
602.88	108.0
781.48	108.0
1070.0	108.0
1127.24	108.0
1193.88	108.0
1386.32	108.0
1428.64	108.0
308.52	109.0
328.28	109.0
339.72	109.0
517.64	109.0
599.52	109.0
734.84	109.0
985.6	109.0
1006.64	109.0
313.36	109.0
316.76	109.0
604.68	109.0
309.16	110.0
316.08	110.0
327.24	110.0
338.8	110.0
346.76	110.0
360.56	110.0
459.2	110.0
506.08	110.0
319.84	110.0
363.16	110.0
417.04	110.0
437.56	110.0
561.92	110.0
674.76	110.0
787.24	110.0
963.68	110.0
1246.64	110.0
384.08	111.0
627.28	111.0
996.32	111.0
1434.16	111.0
308.44	111.0
313.84	111.0
324.76	111.0
332.04	111.0
338.88	111.0
342.88	111.0
351.76	111.0
354.44	111.0
367.28	111.0
372.68	111.0
401.96	111.0
414.16	111.0
428.44	111.0
463.2	111.0
478.76	111.0
481.76	111.0
499.0	111.0
516.84	111.0
537.92	111.0
579.92	111.0
599.52	111.0
614.04	111.0
624.76	111.0
638.96	111.0
655.76	111.0
668.0	111.0
689.48	111.0
734.16	111.0
741.64	111.0
753.96	111.0
785.44	111.0
805.0	111.0
824.88	111.0
833.52	111.0
845.72	111.0
878.16	111.0
926.56	111.0
944.84	111.0
963.6	111.0
966.68	111.0
978.68	111.0
1002.52	111.0
1038.96	111.0
1080.4	111.0
1110.0	111.0
1148.04	111.0
1170.2	111.0
1201.52	111.0
1219.0	111.0
1236.16	111.0
1269.4	111.0
1340.92	111.0
1381.08	111.0
1411.24	111.0
1457.52	111.0
624.96	112.0
309.8	112.0
474.0	112.0
579.68	112.0
309.44	113.0
319.16	113.0
323.48	113.0
338.64	113.0
350.04	113.0
357.04	113.0
363.76	113.0
371.96	113.0
382.56	113.0
307.4	114.0
310.92	114.0
320.32	114.0
336.36	114.0
345.04	114.0
351.36	114.0
367.44	114.0
339.2	114.0
398.0	114.0
487.64	114.0
1019.0	114.0
308.4	115.0
311.48	115.0
319.84	115.0
327.6	115.0
331.2	115.0
335.04	115.0
348.28	115.0
417.32	115.0
437.84	115.0
468.64	115.0
518.08	115.0
533.32	115.0
598.44	115.0
654.12	115.0
675.0	115.0
704.96	115.0
739.04	115.0
767.48	115.0
787.48	115.0
808.32	115.0
829.6	115.0
893.0	115.0
932.88	115.0
985.96	115.0
1086.52	115.0
1144.96	115.0
1191.76	115.0
1246.92	115.0
1300.6	115.0
1330.52	115.0
1402.84	115.0
1437.84	115.0
364.56	116.0
1189.68	116.0
307.92	116.0
311.08	116.0
314.88	116.0
318.2	116.0
321.68	116.0
324.48	116.0
328.16	116.0
336.2	116.0
338.84	116.0
342.4	116.0
346.36	116.0
350.84	116.0
355.12	116.0
359.28	116.0
367.6	116.0
387.4	116.0
393.92	116.0
398.52	116.0
408.08	116.0
411.16	116.0
415.4	116.0
420.4	116.0
445.92	116.0
453.8	116.0
460.52	116.0
479.28	116.0
485.72	116.0
493.84	116.0
497.0	116.0
503.92	116.0
517.56	116.0
539.68	116.0
544.68	116.0
553.28	116.0
577.16	116.0
587.28	116.0
599.6	116.0
644.64	116.0
658.56	116.0
681.0	116.0
698.96	116.0
716.24	116.0
750.88	116.0
779.76	116.0
794.44	116.0
813.24	116.0
826.36	116.0
839.52	116.0
853.6	116.0
862.6	116.0
873.88	116.0
885.12	116.0
909.88	116.0
929.32	116.0
943.88	116.0
962.8	116.0
972.04	116.0
985.6	116.0
1018.96	116.0
1073.64	116.0
1102.04	116.0
1105.68	116.0
1129.24	116.0
1157.2	116.0
1231.8	116.0
1250.96	116.0
1287.56	116.0
1318.28	116.0
1338.88	116.0
1353.16	116.0
1372.48	116.0
1430.2	116.0
1440.16	116.0
309.4	117.0
316.2	117.0
372.08	117.0
1105.84	117.0
333.6	117.0
350.8	117.0
364.68	117.0
394.16	117.0
506.44	117.0
627.48	117.0
776.68	117.0
307.84	118.0
313.2	118.0
318.64	118.0
322.96	118.0
325.68	118.0
331.2	118.0
336.16	118.0
343.76	118.0
357.52	118.0
365.84	118.0
382.32	118.0
396.56	118.0
414.2	118.0
428.12	118.0
457.92	118.0
461.16	118.0
511.0	118.0
527.68	118.0
545.52	118.0
557.12	118.0
579.36	118.0
623.16	118.0
647.92	118.0
676.8	118.0
700.48	118.0
707.76	118.0
736.84	118.0
775.56	118.0
840.08	118.0
907.16	118.0
942.72	118.0
1059.28	118.0
1106.2	118.0
1170.36	118.0
1222.28	118.0
1305.76	118.0
1370.76	118.0
306.72	119.0
310.72	119.0
313.56	119.0
336.64	120.0
311.52	120.0
318.8	120.0
345.96	120.0
356.0	120.0
363.56	120.0
415.96	120.0
560.44	120.0
647.0	120.0
663.64	120.0
684.2	120.0
707.28	120.0
742.48	120.0
800.76	120.0
1018.68	120.0
1305.32	120.0
