306.0	84.0
59.12	84.0
84.08	84.0
159.88	84.0
195.2	84.0
264.88	84.0
302.48	84.0
320.44	84.0
356.36	84.0
397.16	84.0
474.2	84.0
18.44	85.0
483.92	85.0
776.76	85.0
3.68	86.0
14.52	86.0
50.56	86.0
58.0	86.0
80.88	86.0
83.56	86.0
110.96	86.0
127.72	86.0
148.0	86.0
190.92	86.0
235.12	86.0
268.12	86.0
291.88	86.0
307.8	86.0
310.44	86.0
314.0	86.0
322.72	86.0
331.28	86.0
357.24	86.0
365.04	86.0
370.44	86.0
382.0	86.0
423.84	86.0
430.88	86.0
479.2	86.0
318.52	86.0
334.4	86.0
345.24	86.0
404.16	86.0
1230.84	86.0
4.24	87.0
42.48	87.0
54.84	87.0
77.16	87.0
234.32	87.0
266.52	87.0
309.96	87.0
321.76	87.0
334.2	87.0
421.72	87.0
146.8	88.0
162.96	88.0
316.08	88.0
83.56	88.0
189.2	88.0
232.0	88.0
302.64	88.0
308.8	88.0
318.84	88.0
331.92	88.0
341.96	88.0
357.92	88.0
365.8	88.0
331.28	89.0
18.8	89.0
302.88	89.0
317.68	89.0
398.68	89.0
596.28	89.0
3.24	90.0
18.48	90.0
38.64	90.0
157.0	90.0
167.36	90.0
227.16	90.0
317.4	90.0
324.16	90.0
329.76	90.0
342.08	90.0
459.84	90.0
306.08	91.0
302.48	91.0
331.56	91.0
444.8	91.0
179.4	92.0
252.56	92.0
306.92	92.0
311.12	92.0
547.88	92.0
5.04	92.0
15.72	92.0
38.84	92.0
48.8	92.0
72.32	92.0
82.76	92.0
89.4	92.0
117.68	92.0
139.12	92.0
144.88	92.0
164.24	92.0
183.52	92.0
258.96	92.0
295.2	92.0
302.76	92.0
320.72	92.0
324.2	92.0
333.4	92.0
352.12	92.0
376.4	92.0
398.4	92.0
418.88	92.0
426.8	92.0
450.08	92.0
455.16	92.0
480.56	92.0
130.4	93.0
150.68	93.0
198.4	93.0
302.48	93.0
306.52	93.0
346.56	93.0
399.32	93.0
451.48	93.0
517.92	93.0
319.24	94.0
28.24	94.0
59.08	94.0
85.76	94.0
167.0	94.0
270.12	94.0
326.28	94.0
371.44	94.0
444.04	94.0
471.12	94.0
14.56	95.0
228.48	95.0
307.08	95.0
373.92	95.0
125.28	96.0
302.84	96.0
302.44	97.0
312.6	97.0
306.44	97.0
319.08	98.0
522.08	98.0
663.12	98.0
712.96	98.0
27.84	99.0
200.88	99.0
312.6	99.0
323.08	99.0
332.68	99.0
340.0	99.0
547.48	99.0
2.92	100.0
317.08	100.0
532.56	100.0
302.52	101.0
302.64	102.0
419.0	102.0
302.64	103.0
324.72	103.0
18.72	104.0
68.68	104.0
94.8	104.0
134.12	104.0
274.28	104.0
277.12	104.0
312.24	104.0
321.64	104.0
329.28	104.0
377.4	104.0
401.52	104.0
407.68	104.0
495.16	104.0
58.92	106.0
66.4	106.0
89.92	106.0
200.08	106.0
312.84	106.0
623.88	106.0
206.12	107.0
308.16	107.0
84.28	107.0
224.68	107.0
336.76	108.0
418.52	108.0
3.04	109.0
49.76	109.0
88.72	109.0
181.64	109.0
306.6	109.0
329.52	109.0
358.68	109.0
417.12	109.0
317.64	109.0
473.8	110.0
6.12	110.0
77.88	110.0
204.68	110.0
310.08	110.0
383.6	110.0
42.28	111.0
129.44	111.0
242.56	111.0
401.64	111.0
6.04	111.0
18.52	111.0
35.2	111.0
63.44	111.0
71.24	111.0
80.48	111.0
118.2	111.0
144.12	111.0
163.36	111.0
184.08	111.0
198.32	111.0
210.0	111.0
228.88	111.0
255.0	111.0
281.64	111.0
309.48	111.0
312.76	111.0
318.28	111.0
322.16	111.0
336.48	111.0
344.36	111.0
348.92	111.0
361.88	111.0
376.16	111.0
384.72	111.0
396.72	111.0
419.6	111.0
444.96	111.0
469.56	111.0
508.84	111.0
550.76	111.0
19.68	112.0
285.44	112.0
310.04	112.0
328.76	112.0
406.8	112.0
439.28	112.0
398.0	113.0
306.4	114.0
409.24	114.0
77.88	115.0
347.2	115.0
22.48	115.0
54.72	115.0
105.52	115.0
131.12	115.0
161.04	115.0
204.88	115.0
231.16	115.0
262.4	115.0
306.68	115.0
309.44	115.0
429.88	115.0
72.92	116.0
151.12	116.0
324.24	116.0
327.04	116.0
361.0	116.0
5.24	116.0
9.08	116.0
17.8	116.0
32.52	116.0
98.24	116.0
113.72	116.0
269.4	116.0
309.32	116.0
313.44	116.0
317.96	116.0
337.2	116.0
366.48	116.0
373.68	116.0
441.16	116.0
444.16	116.0
502.84	116.0
535.52	116.0
452.32	117.0
310.64	117.0
330.76	117.0
344.64	117.0
474.2	117.0
341.6	118.0
8.08	118.0
32.88	118.0
44.6	118.0
58.48	118.0
73.84	118.0
126.2	118.0
190.44	118.0
234.04	118.0
308.48	118.0
316.84	118.0
322.28	118.0
325.72	118.0
335.6	118.0
357.4	118.0
371.36	118.0
374.2	118.0
462.72	118.0
406.88	119.0
310.64	119.0
47.0	120.0
234.0	120.0
275.2	120.0
306.04	120.0
438.76	120.0
