1009.4	84.0
310.0	84.0
313.84	84.0
317.52	84.0
549.28	84.0
310.68	85.0
338.12	85.0
377.96	85.0
505.88	85.0
538.76	85.0
548.92	85.0
575.52	85.0
604.16	85.0
638.28	85.0
655.16	85.0
673.28	85.0
712.96	85.0
749.56	85.0
773.84	85.0
825.36	85.0
848.2	85.0
956.52	85.0
311.68	86.0
316.16	86.0
325.24	86.0
328.96	86.0
341.36	86.0
349.44	86.0
354.44	86.0
363.16	86.0
372.16	86.0
400.52	86.0
413.76	86.0
427.52	86.0
518.36	86.0
556.32	86.0
564.96	86.0
584.12	86.0
606.44	86.0
635.64	86.0
655.8	86.0
669.88	86.0
684.36	86.0
702.88	86.0
721.12	86.0
726.76	86.0
730.8	86.0
746.92	86.0
759.92	86.0
771.24	86.0
785.32	86.0
801.48	86.0
834.04	86.0
335.6	86.0
343.88	86.0
357.16	86.0
383.84	86.0
446.56	86.0
449.28	86.0
536.52	86.0
567.6	86.0
710.72	86.0
317.76	87.0
328.12	87.0
400.44	87.0
874.56	87.0
915.92	87.0
1063.88	87.0
312.2	87.0
325.04	87.0
331.88	87.0
338.48	87.0
343.68	87.0
349.24	87.0
353.12	87.0
356.76	87.0
364.12	87.0
369.48	87.0
374.8	87.0
381.92	87.0
390.6	87.0
470.76	87.0
546.2	87.0
578.72	87.0
654.96	87.0
675.08	87.0
690.2	87.0
734.48	87.0
769.72	87.0
793.48	87.0
889.44	87.0
967.96	87.0
1119.92	87.0
316.88	88.0
350.04	88.0
441.12	88.0
486.8	88.0
546.04	88.0
566.16	88.0
610.36	88.0
630.24	88.0
648.92	88.0
670.64	88.0
696.72	88.0
713.4	88.0
733.12	88.0
753.48	88.0
781.24	88.0
804.24	88.0
990.52	88.0
1039.24	88.0
302.76	88.0
306.0	88.0
309.48	88.0
320.92	88.0
339.88	88.0
342.48	88.0
472.16	88.0
489.8	88.0
507.6	88.0
549.12	88.0
586.72	88.0
651.48	88.0
680.44	88.0
741.08	88.0
806.92	88.0
839.32	88.0
924.4	88.0
955.32	88.0
996.28	88.0
1118.72	88.0
319.04	89.0
331.84	89.0
343.72	89.0
356.84	89.0
428.64	89.0
497.68	89.0
548.2	89.0
590.2	89.0
637.52	89.0
904.24	89.0
1104.04	89.0
311.52	90.0
319.76	90.0
331.56	90.0
349.68	90.0
354.68	90.0
364.8	90.0
384.4	90.0
428.36	90.0
447.56	90.0
494.36	90.0
513.48	90.0
576.2	90.0
592.56	90.0
743.8	90.0
847.48	90.0
903.96	90.0
302.76	91.0
311.4	91.0
317.4	91.0
331.12	91.0
342.8	91.0
375.56	91.0
409.64	91.0
309.6	92.0
317.28	92.0
338.72	92.0
346.8	92.0
349.68	92.0
362.68	92.0
384.2	92.0
402.24	92.0
422.16	92.0
439.52	92.0
468.68	92.0
489.36	92.0
511.2	92.0
514.72	92.0
544.64	92.0
564.16	92.0
589.88	92.0
594.28	92.0
654.68	92.0
302.88	92.0
313.16	92.0
332.6	92.0
343.2	92.0
387.48	92.0
417.44	92.0
430.92	92.0
445.24	92.0
482.4	92.0
494.76	92.0
518.2	92.0
548.0	92.0
613.04	92.0
631.8	92.0
646.4	92.0
651.92	92.0
939.08	92.0
324.6	93.0
331.56	93.0
349.44	93.0
554.32	93.0
577.92	93.0
638.8	93.0
652.96	93.0
674.44	93.0
733.8	93.0
764.56	93.0
781.96	93.0
803.48	93.0
826.36	93.0
853.84	93.0
1017.56	93.0
605.28	94.0
805.24	94.0
854.32	94.0
340.96	94.0
363.16	94.0
406.56	94.0
421.08	94.0
429.8	94.0
453.2	94.0
474.6	94.0
550.56	94.0
624.24	94.0
751.24	94.0
329.8	95.0
529.56	95.0
626.12	95.0
679.48	95.0
703.72	95.0
749.96	95.0
811.2	95.0
1167.36	95.0
306.0	97.0
302.64	97.0
318.48	97.0
337.2	97.0
343.92	97.0
499.4	97.0
516.28	97.0
575.64	97.0
677.48	97.0
926.84	97.0
499.68	98.0
326.08	98.0
330.56	98.0
310.92	99.0
637.32	99.0
314.08	99.0
317.68	99.0
325.72	99.0
329.28	99.0
332.92	99.0
337.6	99.0
342.92	99.0
348.88	99.0
650.68	99.0
728.52	99.0
592.88	100.0
770.48	100.0
310.76	100.0
318.88	100.0
332.16	100.0
343.36	100.0
611.56	100.0
724.16	100.0
901.32	100.0
313.32	101.0
331.52	101.0
302.56	101.0
320.6	101.0
329.0	101.0
340.84	101.0
349.32	101.0
388.0	101.0
404.68	101.0
450.64	101.0
473.24	101.0
499.36	101.0
522.92	101.0
551.12	101.0
577.52	101.0
302.72	102.0
330.88	102.0
404.8	102.0
499.48	102.0
343.72	102.0
439.64	102.0
606.96	102.0
319.84	103.0
349.0	103.0
324.64	103.0
313.56	104.0
317.64	104.0
328.48	104.0
335.64	104.0
342.0	104.0
348.56	104.0
351.68	104.0
356.84	104.0
365.8	104.0
377.24	104.0
387.72	104.0
432.08	104.0
467.6	104.0
493.12	104.0
521.64	104.0
539.36	104.0
585.76	104.0
789.96	104.0
999.2	104.0
1215.2	104.0
319.0	105.0
338.76	106.0
376.4	106.0
465.24	106.0
825.36	106.0
317.88	107.0
331.6	107.0
590.36	107.0
309.72	107.0
320.64	107.0
344.04	107.0
359.24	107.0
370.88	107.0
380.52	107.0
383.24	107.0
402.2	107.0
449.56	107.0
610.16	107.0
952.32	107.0
1030.56	107.0
1090.8	107.0
331.88	108.0
315.0	108.0
341.84	108.0
349.36	108.0
360.92	108.0
367.28	108.0
380.84	108.0
391.68	108.0
497.76	108.0
524.24	108.0
544.2	108.0
574.0	108.0
653.24	108.0
715.28	108.0
845.84	108.0
349.52	109.0
447.36	109.0
468.88	109.0
494.16	109.0
513.28	109.0
743.52	109.0
903.8	109.0
1019.96	109.0
342.6	109.0
315.48	110.0
319.12	110.0
364.72	110.0
328.32	110.0
331.24	110.0
344.68	110.0
354.56	110.0
360.32	110.0
371.32	110.0
375.6	110.0
437.6	110.0
568.28	110.0
606.84	110.0
632.52	110.0
713.92	110.0
749.08	110.0
772.8	110.0
930.32	110.0
1024.28	110.0
327.4	111.0
637.88	111.0
653.32	111.0
309.72	111.0
315.6	111.0
319.2	111.0
324.4	111.0
335.56	111.0
350.72	111.0
354.44	111.0
360.88	111.0
365.76	111.0
371.28	111.0
382.52	111.0
399.0	111.0
413.24	111.0
420.56	111.0
437.52	111.0
450.88	111.0
470.12	111.0
481.4	111.0
492.24	111.0
522.08	111.0
548.64	111.0
574.6	111.0
593.0	111.0
606.68	111.0
635.04	111.0
665.36	111.0
695.4	111.0
713.56	111.0
732.0	111.0
760.68	111.0
772.72	111.0
789.0	111.0
797.08	111.0
830.36	111.0
854.0	111.0
930.24	111.0
976.48	111.0
311.04	112.0
349.32	112.0
430.28	112.0
473.08	112.0
551.12	112.0
588.64	112.0
593.84	112.0
614.16	112.0
624.8	112.0
698.6	112.0
329.32	113.0
343.48	113.0
374.4	113.0
454.88	113.0
316.8	114.0
328.64	114.0
334.76	114.0
339.96	114.0
351.84	114.0
375.2	114.0
423.2	114.0
569.64	114.0
613.92	114.0
480.72	115.0
653.4	115.0
310.2	115.0
319.92	115.0
331.48	115.0
344.92	115.0
354.32	115.0
375.84	115.0
398.64	115.0
407.68	115.0
422.64	115.0
440.08	115.0
454.84	115.0
469.28	115.0
497.84	115.0
525.48	115.0
538.8	115.0
556.2	115.0
576.88	115.0
585.64	115.0
610.04	115.0
632.8	115.0
674.52	115.0
691.12	115.0
714.24	115.0
749.36	115.0
779.28	115.0
807.32	115.0
834.28	115.0
859.88	115.0
974.04	115.0
335.96	116.0
364.4	116.0
632.68	116.0
309.68	116.0
313.04	116.0
316.48	116.0
320.0	116.0
324.8	116.0
329.0	116.0
331.52	116.0
339.44	116.0
343.48	116.0
348.84	116.0
354.2	116.0
357.84	116.0
360.36	116.0
370.92	116.0
375.52	116.0
381.88	116.0
390.28	116.0
397.64	116.0
407.52	116.0
418.6	116.0
435.76	116.0
455.0	116.0
496.84	116.0
645.44	116.0
723.8	116.0
729.52	116.0
852.08	116.0
404.32	117.0
435.24	117.0
319.52	117.0
324.48	117.0
331.84	117.0
335.88	117.0
343.32	117.0
354.96	117.0
365.12	117.0
607.0	117.0
310.4	118.0
317.36	118.0
324.88	118.0
329.72	118.0
339.88	118.0
349.16	118.0
376.72	118.0
400.24	118.0
425.28	118.0
455.56	118.0
480.16	118.0
543.8	118.0
568.92	118.0
591.24	118.0
653.84	118.0
698.28	118.0
721.92	118.0
332.24	119.0
399.96	119.0
409.52	119.0
446.88	119.0
597.76	119.0
306.0	120.0
316.56	120.0
340.44	120.0
359.28	120.0
400.76	120.0
409.76	120.0
588.16	120.0
725.64	120.0
761.68	120.0
803.2	120.0
941.84	120.0
1065.56	120.0
1149.68	120.0
