387.6	84.0
840.6	84.0
972.92	84.0
498.12	85.0
638.28	85.0
319.76	85.0
327.84	85.0
405.88	85.0
421.92	85.0
454.88	85.0
472.36	85.0
549.84	85.0
583.72	85.0
598.68	85.0
613.6	85.0
635.32	85.0
676.84	85.0
698.32	85.0
715.48	85.0
781.08	85.0
839.08	85.0
944.48	85.0
1001.28	85.0
1318.76	85.0
311.44	86.0
325.6	86.0
332.44	86.0
342.12	86.0
357.8	86.0
366.16	86.0
373.0	86.0
381.96	86.0
395.92	86.0
405.4	86.0
418.28	86.0
435.96	86.0
452.96	86.0
455.56	86.0
463.76	86.0
484.08	86.0
499.68	86.0
513.24	86.0
532.28	86.0
556.4	86.0
610.12	86.0
612.76	86.0
635.92	86.0
673.84	86.0
690.68	86.0
709.32	86.0
711.84	86.0
745.48	86.0
790.04	86.0
940.88	86.0
1250.64	86.0
1293.76	86.0
1310.24	86.0
1318.56	86.0
1341.36	86.0
1354.28	86.0
307.88	86.0
316.96	86.0
328.2	86.0
335.4	86.0
354.56	86.0
388.28	86.0
496.32	86.0
565.64	86.0
568.16	86.0
584.6	86.0
622.64	86.0
632.88	86.0
640.36	86.0
655.44	86.0
695.04	86.0
778.0	86.0
787.32	86.0
807.6	86.0
1022.68	86.0
1102.96	86.0
1180.8	86.0
1266.52	86.0
1337.76	86.0
1360.44	86.0
307.8	87.0
319.32	87.0
341.6	87.0
356.24	87.0
315.48	87.0
324.04	87.0
329.4	87.0
332.72	87.0
349.4	87.0
362.2	87.0
368.84	87.0
376.6	87.0
383.52	87.0
492.04	87.0
502.76	87.0
540.48	87.0
595.04	87.0
611.52	87.0
655.24	87.0
708.48	87.0
746.28	87.0
781.08	87.0
940.96	87.0
1024.84	87.0
1301.8	87.0
314.12	88.0
320.8	88.0
378.92	88.0
415.6	88.0
435.96	88.0
455.24	88.0
492.12	88.0
515.52	88.0
536.16	88.0
551.72	88.0
572.08	88.0
584.96	88.0
602.88	88.0
623.52	88.0
639.12	88.0
654.52	88.0
672.56	88.0
689.08	88.0
739.24	88.0
787.84	88.0
804.84	88.0
829.2	88.0
850.12	88.0
882.68	88.0
908.92	88.0
935.08	88.0
966.72	88.0
997.04	88.0
1015.32	88.0
1044.08	88.0
1148.2	88.0
1242.4	88.0
1279.8	88.0
1328.72	88.0
1354.24	88.0
302.76	88.0
307.2	88.0
326.68	88.0
334.6	88.0
351.28	88.0
424.44	88.0
459.72	88.0
473.28	88.0
505.68	88.0
678.2	88.0
815.6	88.0
940.08	88.0
1083.32	88.0
1111.08	88.0
1189.56	88.0
1257.16	88.0
1303.6	88.0
1317.2	88.0
1341.76	88.0
326.4	89.0
347.36	89.0
773.96	89.0
924.08	89.0
1169.0	89.0
1190.6	89.0
311.72	89.0
334.96	89.0
374.64	89.0
558.56	89.0
668.8	89.0
837.64	89.0
1081.48	89.0
1291.96	89.0
307.04	90.0
316.44	90.0
330.28	90.0
339.6	90.0
366.0	90.0
428.32	90.0
550.8	90.0
558.24	90.0
571.24	90.0
604.92	90.0
680.2	90.0
744.52	90.0
863.2	90.0
957.44	90.0
1099.92	90.0
1259.44	90.0
1327.24	90.0
316.96	91.0
302.52	91.0
334.92	91.0
339.12	91.0
314.64	92.0
327.0	92.0
333.88	92.0
386.44	92.0
528.84	92.0
603.72	92.0
1309.76	92.0
302.88	92.0
310.88	92.0
339.72	92.0
356.52	92.0
376.04	92.0
404.04	92.0
436.0	92.0
464.72	92.0
563.68	92.0
600.64	92.0
647.2	92.0
680.32	92.0
718.68	92.0
725.36	92.0
741.52	92.0
780.56	92.0
808.6	92.0
856.36	92.0
1000.44	92.0
1022.04	92.0
1097.92	92.0
1102.96	92.0
1194.84	92.0
1214.6	92.0
1322.04	92.0
1337.16	92.0
302.44	93.0
326.48	93.0
336.32	93.0
350.84	93.0
366.48	93.0
499.72	93.0
522.52	93.0
568.48	93.0
584.96	93.0
611.16	93.0
635.56	93.0
659.2	93.0
681.4	93.0
699.0	93.0
715.92	93.0
782.12	93.0
877.44	93.0
928.92	93.0
1000.96	93.0
1029.52	93.0
1200.44	93.0
1248.92	93.0
1342.6	93.0
373.56	94.0
533.16	94.0
634.96	94.0
682.64	94.0
839.08	94.0
1309.68	94.0
1329.24	94.0
309.0	94.0
315.0	94.0
333.88	94.0
348.92	94.0
385.28	94.0
405.32	94.0
458.4	94.0
476.84	94.0
508.04	94.0
587.4	94.0
881.8	94.0
1336.88	94.0
310.32	95.0
314.56	95.0
334.4	95.0
678.84	95.0
758.28	95.0
808.88	95.0
840.72	95.0
1032.76	95.0
1097.64	95.0
310.28	96.0
1300.6	96.0
302.92	96.0
307.12	96.0
678.84	96.0
327.28	97.0
1301.76	97.0
302.64	97.0
307.08	97.0
335.84	97.0
373.72	97.0
386.84	97.0
552.16	97.0
306.52	98.0
338.44	98.0
454.96	98.0
325.12	98.0
420.4	98.0
307.48	99.0
310.32	99.0
314.88	99.0
318.84	99.0
327.4	99.0
332.48	99.0
338.44	99.0
348.36	99.0
355.48	99.0
359.84	99.0
565.52	99.0
628.88	99.0
652.16	99.0
716.24	99.0
891.64	99.0
1018.04	99.0
1102.52	99.0
1195.68	99.0
1215.2	99.0
1323.44	99.0
307.0	100.0
315.4	100.0
330.04	100.0
428.08	100.0
732.64	100.0
1212.92	100.0
1299.44	100.0
302.56	101.0
330.76	101.0
344.16	101.0
363.52	101.0
376.16	101.0
302.72	102.0
376.24	102.0
1166.4	102.0
306.0	103.0
360.12	103.0
437.64	103.0
783.92	103.0
309.84	104.0
315.24	104.0
319.4	104.0
326.68	104.0
332.48	104.0
335.4	104.0
343.64	104.0
349.2	104.0
362.04	104.0
370.72	104.0
419.8	104.0
441.84	104.0
506.72	104.0
511.68	104.0
560.48	104.0
594.32	104.0
629.4	104.0
644.04	104.0
680.24	104.0
699.2	104.0
737.08	104.0
761.08	104.0
774.24	104.0
790.32	104.0
801.48	104.0
813.88	104.0
912.88	104.0
999.12	104.0
1006.68	104.0
1036.68	104.0
1068.96	104.0
1100.4	104.0
1188.28	104.0
1217.96	104.0
1292.36	104.0
1311.08	104.0
1336.52	104.0
319.84	106.0
333.08	106.0
336.6	106.0
378.28	106.0
456.64	106.0
576.36	106.0
358.92	107.0
957.64	107.0
306.88	107.0
309.8	107.0
333.12	107.0
336.96	107.0
343.24	107.0
348.04	107.0
355.48	107.0
379.0	107.0
386.96	107.0
402.6	107.0
432.6	107.0
452.64	107.0
517.08	107.0
657.56	107.0
724.44	107.0
792.96	107.0
915.56	107.0
1023.6	107.0
1300.16	107.0
1315.8	107.0
325.96	108.0
310.16	108.0
319.72	108.0
348.0	108.0
362.24	108.0
398.24	108.0
418.92	108.0
457.76	108.0
509.44	108.0
532.76	108.0
561.16	108.0
653.56	108.0
744.4	108.0
905.16	108.0
1182.6	108.0
1191.24	108.0
1214.0	108.0
1263.84	108.0
1318.16	108.0
326.44	109.0
334.56	109.0
497.12	109.0
550.56	109.0
604.72	109.0
744.28	109.0
1081.0	109.0
1189.28	109.0
309.2	109.0
316.12	110.0
330.04	110.0
335.64	110.0
354.68	110.0
365.28	110.0
811.96	110.0
1231.6	110.0
308.0	110.0
358.72	110.0
371.56	110.0
381.64	110.0
405.2	110.0
415.36	110.0
429.72	110.0
438.44	110.0
459.2	110.0
558.32	110.0
835.36	110.0
893.16	110.0
1015.0	110.0
1344.52	110.0
309.72	111.0
324.32	111.0
370.0	111.0
688.76	111.0
812.56	111.0
1016.36	111.0
1102.48	111.0
1187.88	111.0
1310.68	111.0
1338.08	111.0
306.92	111.0
312.76	111.0
315.64	111.0
319.6	111.0
335.6	111.0
350.08	111.0
365.36	111.0
380.84	111.0
388.24	111.0
403.28	111.0
428.08	111.0
443.6	111.0
459.12	111.0
473.04	111.0
495.8	111.0
504.56	111.0
516.52	111.0
532.44	111.0
558.24	111.0
563.48	111.0
580.88	111.0
585.96	111.0
597.64	111.0
642.92	111.0
655.32	111.0
661.44	111.0
697.72	111.0
724.48	111.0
781.88	111.0
803.64	111.0
857.56	111.0
868.76	111.0
893.12	111.0
913.96	111.0
925.68	111.0
956.12	111.0
994.76	111.0
1000.36	111.0
1028.96	111.0
1045.28	111.0
1109.92	111.0
1134.88	111.0
1266.56	111.0
1278.48	111.0
1291.16	111.0
1293.84	111.0
1313.76	111.0
1321.72	111.0
1333.0	111.0
1344.2	111.0
320.88	112.0
328.76	112.0
359.6	112.0
389.4	112.0
437.76	112.0
530.72	112.0
568.16	112.0
614.04	112.0
713.76	112.0
918.52	112.0
957.0	112.0
1330.36	112.0
319.44	113.0
327.64	113.0
355.36	113.0
381.6	113.0
388.24	113.0
956.96	113.0
307.36	114.0
310.56	114.0
320.12	114.0
328.72	114.0
333.4	114.0
341.88	114.0
356.52	114.0
359.12	114.0
582.68	114.0
343.52	115.0
869.88	115.0
1190.28	115.0
307.72	115.0
310.68	115.0
319.64	115.0
332.72	115.0
358.96	115.0
374.32	115.0
396.72	115.0
405.56	115.0
415.6	115.0
430.0	115.0
445.36	115.0
461.12	115.0
474.08	115.0
491.92	115.0
522.72	115.0
569.96	115.0
592.32	115.0
611.64	115.0
644.2	115.0
673.64	115.0
699.24	115.0
721.72	115.0
755.04	115.0
787.12	115.0
835.64	115.0
893.88	115.0
923.4	115.0
974.36	115.0
1015.24	115.0
1051.56	115.0
1094.84	115.0
1142.4	115.0
1314.48	115.0
1320.56	115.0
1334.64	115.0
1340.0	115.0
1344.8	115.0
306.04	116.0
310.2	116.0
312.96	116.0
316.4	116.0
319.4	116.0
755.96	116.0
957.12	116.0
1248.84	116.0
1295.6	116.0
1303.76	116.0
325.52	116.0
330.44	116.0
334.28	116.0
339.28	116.0
347.64	116.0
354.6	116.0
359.12	116.0
363.24	116.0
372.08	116.0
380.24	116.0
395.6	116.0
403.24	116.0
416.52	116.0
427.4	116.0
439.88	116.0
483.4	116.0
491.04	116.0
506.24	116.0
540.8	116.0
570.4	116.0
619.12	116.0
651.28	116.0
653.88	116.0
680.24	116.0
771.96	116.0
812.68	116.0
822.32	116.0
927.28	116.0
972.16	116.0
1016.24	116.0
1100.32	116.0
1109.6	116.0
1189.32	116.0
1259.52	116.0
1266.36	116.0
1278.32	116.0
1286.6	116.0
1291.04	116.0
1298.84	116.0
1318.84	116.0
1322.76	116.0
1330.0	116.0
1338.72	116.0
1358.08	116.0
330.0	117.0
355.96	117.0
372.2	117.0
400.76	117.0
513.0	117.0
308.24	117.0
316.48	117.0
332.88	117.0
358.8	117.0
388.56	117.0
395.92	117.0
494.28	117.0
688.8	117.0
812.6	117.0
1016.44	117.0
1102.52	117.0
1187.88	117.0
1232.04	117.0
1310.8	117.0
1338.16	117.0
306.76	118.0
316.2	118.0
320.96	118.0
324.84	118.0
328.08	118.0
340.64	118.0
353.08	118.0
358.24	118.0
370.64	118.0
393.72	118.0
448.72	118.0
550.2	118.0
679.0	118.0
403.12	119.0
310.64	119.0
338.24	119.0
356.92	119.0
386.32	119.0
400.4	119.0
506.84	119.0
1091.52	120.0
1262.96	120.0
310.16	120.0
320.24	120.0
335.44	120.0
343.64	120.0
359.08	120.0
372.6	120.0
381.2	120.0
526.6	120.0
549.44	120.0
718.52	120.0
744.28	120.0
754.24	120.0
917.92	120.0
999.96	120.0
1035.72	120.0
1162.88	120.0
1188.88	120.0
