319.72	84.0
334.2	84.0
484.24	84.0
323.8	85.0
337.4	85.0
350.92	85.0
374.6	85.0
397.48	85.0
447.4	85.0
485.96	85.0
545.96	85.0
571.88	85.0
606.72	85.0
632.6	85.0
665.72	85.0
686.24	85.0
756.36	85.0
796.64	85.0
863.76	85.0
1339.48	85.0
311.08	86.0
315.12	86.0
322.96	86.0
328.08	86.0
335.36	86.0
340.12	86.0
350.48	86.0
360.48	86.0
370.24	86.0
381.28	86.0
394.16	86.0
408.52	86.0
420.44	86.0
427.12	86.0
442.36	86.0
458.76	86.0
482.4	86.0
504.08	86.0
509.96	86.0
540.04	86.0
570.48	86.0
594.84	86.0
603.76	86.0
614.76	86.0
638.36	86.0
662.16	86.0
666.6	86.0
681.16	86.0
696.16	86.0
723.32	86.0
750.96	86.0
791.84	86.0
823.64	86.0
847.2	86.0
860.4	86.0
909.6	86.0
939.04	86.0
965.92	86.0
1319.44	86.0
1344.12	86.0
1355.56	86.0
1358.44	86.0
318.24	86.0
332.16	86.0
344.56	86.0
354.96	86.0
363.44	86.0
387.6	86.0
422.96	86.0
445.96	86.0
469.32	86.0
528.48	86.0
543.04	86.0
627.48	86.0
630.08	86.0
731.16	86.0
763.96	86.0
786.64	86.0
795.76	86.0
864.48	86.0
901.24	86.0
1307.88	86.0
1339.32	86.0
315.68	87.0
355.48	87.0
360.48	87.0
312.84	87.0
322.48	87.0
327.76	87.0
330.96	87.0
334.2	87.0
337.72	87.0
341.28	87.0
344.64	87.0
364.8	87.0
372.84	87.0
381.36	87.0
508.52	87.0
563.4	87.0
664.52	87.0
1325.96	87.0
1330.56	87.0
1360.68	87.0
313.68	88.0
324.0	88.0
332.2	88.0
342.2	88.0
357.12	88.0
382.04	88.0
426.12	88.0
458.68	88.0
481.48	88.0
514.6	88.0
529.2	88.0
562.6	88.0
607.8	88.0
623.32	88.0
647.92	88.0
670.4	88.0
722.0	88.0
767.28	88.0
807.16	88.0
841.84	88.0
932.28	88.0
1275.48	88.0
1297.48	88.0
1301.36	88.0
1321.44	88.0
1331.44	88.0
302.76	88.0
371.24	88.0
396.8	88.0
417.88	88.0
447.4	88.0
532.56	88.0
579.16	88.0
651.84	88.0
689.56	88.0
866.2	88.0
876.28	88.0
1077.16	88.0
1278.6	88.0
1316.0	88.0
1359.76	88.0
319.12	89.0
1097.0	89.0
316.4	89.0
323.76	89.0
326.28	89.0
328.8	89.0
403.92	89.0
530.08	89.0
540.56	89.0
637.68	89.0
895.4	89.0
946.36	89.0
316.08	90.0
352.56	90.0
365.2	90.0
388.8	90.0
424.32	90.0
463.96	90.0
483.52	90.0
509.6	90.0
580.6	90.0
612.56	90.0
630.12	90.0
723.28	90.0
797.76	90.0
826.8	90.0
893.28	90.0
985.08	90.0
1328.28	90.0
1333.92	90.0
1355.2	90.0
1319.6	91.0
310.92	92.0
318.52	92.0
339.72	92.0
302.88	92.0
315.28	92.0
328.32	92.0
336.36	92.0
346.2	92.0
388.84	92.0
431.0	92.0
466.88	92.0
724.56	92.0
774.44	92.0
911.84	92.0
1299.16	92.0
1307.92	92.0
1327.52	92.0
1342.04	92.0
1360.84	92.0
302.44	93.0
318.64	93.0
334.96	93.0
561.96	93.0
652.68	93.0
768.08	93.0
1341.68	93.0
324.6	93.0
319.92	94.0
356.8	94.0
938.68	94.0
1339.76	94.0
309.44	94.0
316.6	94.0
324.68	94.0
371.24	94.0
411.92	94.0
436.4	94.0
444.0	94.0
484.56	94.0
563.08	94.0
590.48	94.0
633.2	94.0
654.0	94.0
1359.52	94.0
309.52	95.0
319.04	95.0
323.44	95.0
337.32	95.0
542.68	95.0
609.52	95.0
777.28	95.0
971.4	95.0
1346.12	95.0
324.6	96.0
302.96	96.0
319.56	96.0
1337.96	96.0
302.48	97.0
317.28	97.0
321.36	97.0
329.28	97.0
343.92	97.0
486.44	97.0
723.52	97.0
333.32	98.0
467.24	98.0
524.56	98.0
1069.4	98.0
1341.76	98.0
315.04	99.0
312.28	99.0
318.76	99.0
323.44	99.0
329.64	99.0
334.16	99.0
343.0	99.0
358.72	99.0
455.6	99.0
614.56	99.0
1295.76	99.0
1317.48	99.0
1331.48	99.0
1347.56	99.0
1359.64	99.0
314.72	100.0
417.32	100.0
998.2	100.0
302.56	101.0
337.56	101.0
356.08	101.0
302.72	102.0
514.12	102.0
426.64	102.0
323.12	103.0
1331.52	103.0
314.44	104.0
318.24	104.0
323.08	104.0
327.68	104.0
332.68	104.0
335.48	104.0
340.72	104.0
347.72	104.0
357.36	104.0
368.76	104.0
463.0	104.0
538.32	104.0
552.64	104.0
565.36	104.0
593.8	104.0
624.28	104.0
656.44	104.0
674.92	104.0
697.68	104.0
729.16	104.0
770.24	104.0
802.16	104.0
809.68	104.0
846.44	104.0
1305.32	104.0
1324.56	104.0
1335.96	104.0
1357.68	104.0
328.0	106.0
1314.6	106.0
313.44	107.0
322.08	107.0
325.44	107.0
336.28	107.0
346.52	107.0
355.32	107.0
360.72	107.0
388.36	107.0
417.4	107.0
511.76	107.0
537.96	107.0
604.6	107.0
669.64	107.0
723.52	107.0
826.08	107.0
919.8	107.0
1359.72	107.0
315.08	108.0
323.76	108.0
335.16	108.0
348.16	108.0
365.92	108.0
385.56	108.0
409.96	108.0
426.92	108.0
462.48	108.0
541.44	108.0
583.04	108.0
601.32	108.0
644.0	108.0
772.36	108.0
819.08	108.0
950.92	108.0
1328.16	108.0
1360.68	108.0
388.64	109.0
403.32	109.0
424.12	109.0
509.36	109.0
656.76	109.0
893.08	109.0
1341.96	109.0
309.72	109.0
323.76	109.0
396.96	109.0
443.04	110.0
1331.52	110.0
320.48	110.0
345.92	110.0
355.76	110.0
377.44	110.0
388.84	110.0
415.8	110.0
426.56	110.0
508.2	110.0
584.92	110.0
673.0	110.0
706.88	110.0
1356.48	110.0
1359.56	110.0
553.0	111.0
1327.08	111.0
315.6	111.0
320.16	111.0
323.32	111.0
327.04	111.0
331.8	111.0
336.4	111.0
341.84	111.0
344.4	111.0
355.64	111.0
361.56	111.0
370.84	111.0
377.36	111.0
407.16	111.0
415.8	111.0
426.48	111.0
435.92	111.0
443.24	111.0
485.64	111.0
575.68	111.0
586.24	111.0
601.32	111.0
611.36	111.0
634.52	111.0
664.16	111.0
683.52	111.0
694.64	111.0
700.68	111.0
720.84	111.0
791.64	111.0
807.96	111.0
813.56	111.0
841.44	111.0
891.6	111.0
918.76	111.0
1305.28	111.0
1319.44	111.0
1341.8	111.0
1348.64	111.0
1353.88	111.0
1358.6	111.0
323.72	112.0
355.48	112.0
310.08	112.0
332.8	112.0
377.2	112.0
426.56	112.0
454.32	112.0
617.48	112.0
802.52	112.0
311.24	113.0
322.52	113.0
335.24	113.0
351.64	113.0
311.84	114.0
319.96	114.0
322.48	114.0
327.08	114.0
333.2	114.0
341.36	114.0
361.6	114.0
407.08	114.0
319.36	115.0
309.2	115.0
324.12	115.0
333.12	115.0
336.24	115.0
346.24	115.0
357.84	115.0
369.76	115.0
384.6	115.0
393.04	115.0
415.8	115.0
454.4	115.0
472.76	115.0
517.36	115.0
560.48	115.0
585.16	115.0
632.12	115.0
673.24	115.0
707.36	115.0
802.76	115.0
945.72	115.0
1319.36	115.0
1343.72	115.0
1355.64	115.0
330.2	116.0
333.28	116.0
355.48	116.0
365.52	116.0
415.92	116.0
464.28	116.0
498.44	116.0
649.48	116.0
702.72	116.0
722.32	116.0
803.0	116.0
807.88	116.0
982.68	116.0
1311.56	116.0
1353.72	116.0
1357.36	116.0
310.48	116.0
313.44	116.0
318.96	116.0
323.4	116.0
327.4	116.0
336.28	116.0
340.36	116.0
348.28	116.0
380.52	116.0
394.76	116.0
432.04	116.0
442.92	116.0
483.04	116.0
509.48	116.0
547.88	116.0
574.88	116.0
595.08	116.0
616.64	116.0
674.12	116.0
706.16	116.0
727.8	116.0
730.88	116.0
763.0	116.0
768.44	116.0
786.92	116.0
813.24	116.0
826.08	116.0
942.24	116.0
955.32	116.0
996.76	116.0
1314.96	116.0
1318.92	116.0
1322.92	116.0
1327.08	116.0
1330.08	116.0
1338.96	116.0
335.16	117.0
784.76	117.0
324.4	117.0
369.64	117.0
377.6	117.0
508.44	117.0
813.96	117.0
941.84	117.0
1327.08	117.0
1337.32	117.0
1355.48	117.0
1359.32	117.0
310.08	118.0
312.64	118.0
320.68	118.0
323.8	118.0
334.04	118.0
352.64	118.0
355.2	118.0
370.08	118.0
1305.16	118.0
1313.6	118.0
1336.56	118.0
1359.64	118.0
1305.28	119.0
310.68	119.0
321.12	119.0
324.12	119.0
337.4	119.0
719.48	119.0
1357.2	119.0
1296.36	120.0
316.72	120.0
336.32	120.0
354.72	120.0
367.36	120.0
387.88	120.0
397.84	120.0
427.44	120.0
644.0	120.0
663.8	120.0
716.24	120.0
841.8	120.0
882.8	120.0
1047.8	120.0
1331.36	120.0
1358.36	120.0
