702.32	84.0
710.64	84.0
763.12	84.0
1285.28	84.0
324.72	84.0
372.16	84.0
338.6	85.0
457.2	85.0
482.96	85.0
523.8	85.0
546.08	85.0
601.76	85.0
820.52	85.0
890.68	85.0
1252.68	85.0
1282.44	85.0
1317.32	85.0
1351.76	85.0
315.6	86.0
324.8	86.0
337.32	86.0
342.88	86.0
364.8	86.0
393.16	86.0
398.0	86.0
413.04	86.0
429.6	86.0
453.76	86.0
508.8	86.0
579.92	86.0
598.8	86.0
716.8	86.0
811.76	86.0
843.44	86.0
853.8	86.0
946.4	86.0
981.96	86.0
1211.96	86.0
1232.16	86.0
1241.8	86.0
1257.8	86.0
1271.44	86.0
1279.08	86.0
1289.84	86.0
1299.2	86.0
1306.68	86.0
1312.32	86.0
1321.28	86.0
1328.76	86.0
1331.28	86.0
1333.84	86.0
1345.12	86.0
1351.44	86.0
309.16	86.0
321.52	86.0
327.32	86.0
333.12	86.0
339.88	86.0
350.64	86.0
357.28	86.0
369.6	86.0
379.48	86.0
385.56	86.0
388.08	86.0
477.28	86.0
589.44	86.0
651.48	86.0
682.36	86.0
696.56	86.0
713.24	86.0
758.68	86.0
1275.36	86.0
1282.56	86.0
1295.36	86.0
1316.08	86.0
1341.64	86.0
138.92	87.0
322.6	87.0
655.44	87.0
312.64	87.0
315.96	87.0
318.56	87.0
326.08	87.0
330.08	87.0
333.6	87.0
337.84	87.0
350.44	87.0
356.2	87.0
366.24	87.0
1205.32	87.0
1247.52	87.0
1295.64	87.0
313.68	88.0
323.04	88.0
360.68	88.0
391.08	88.0
544.0	88.0
783.0	88.0
1253.68	88.0
1274.76	88.0
57.64	88.0
302.76	88.0
316.88	88.0
326.04	88.0
332.8	88.0
352.08	88.0
374.12	88.0
403.4	88.0
774.28	88.0
913.84	88.0
1147.92	88.0
1277.72	88.0
1315.52	88.0
1332.76	88.0
1343.12	88.0
374.16	89.0
316.52	89.0
320.92	89.0
325.88	89.0
331.92	89.0
336.64	89.0
389.12	89.0
415.12	89.0
831.24	89.0
932.04	89.0
981.84	89.0
1283.24	89.0
1320.52	89.0
1336.88	89.0
309.28	90.0
321.68	90.0
316.88	90.0
331.64	90.0
366.24	90.0
388.84	90.0
418.88	90.0
430.6	90.0
514.16	90.0
592.44	90.0
667.92	90.0
766.28	90.0
849.92	90.0
981.52	90.0
1250.84	90.0
1268.76	90.0
1275.44	90.0
1313.6	90.0
1356.84	90.0
310.72	91.0
320.84	91.0
334.72	91.0
355.96	91.0
524.08	91.0
306.0	92.0
324.64	92.0
334.32	92.0
302.84	92.0
311.48	92.0
320.32	92.0
350.4	92.0
684.28	92.0
740.0	92.0
760.8	92.0
767.72	92.0
811.56	92.0
848.64	92.0
1253.52	92.0
1259.16	92.0
1271.64	92.0
1276.84	92.0
1295.6	92.0
1306.76	92.0
1313.52	92.0
1330.4	92.0
1343.24	92.0
12.2	93.0
333.16	93.0
394.84	93.0
562.24	93.0
1323.56	93.0
369.16	94.0
1283.44	94.0
312.24	94.0
323.36	94.0
335.24	94.0
458.8	94.0
1317.6	94.0
317.64	95.0
354.0	95.0
770.4	95.0
852.72	95.0
996.4	95.0
1284.32	95.0
302.92	96.0
1304.08	96.0
1319.64	96.0
1358.8	96.0
302.44	97.0
340.56	97.0
565.76	97.0
324.0	97.0
348.72	97.0
388.52	97.0
388.68	98.0
1197.32	98.0
338.52	98.0
414.0	98.0
472.96	98.0
853.24	98.0
1343.08	98.0
311.2	99.0
315.52	99.0
321.2	99.0
326.12	99.0
330.92	99.0
335.92	99.0
342.4	99.0
594.04	99.0
731.56	99.0
767.28	99.0
1282.04	99.0
1332.44	99.0
332.56	100.0
442.48	100.0
523.88	100.0
1295.52	100.0
302.56	101.0
324.76	101.0
302.68	102.0
309.08	102.0
324.56	102.0
340.64	102.0
327.4	102.0
352.84	103.0
53.44	104.0
309.32	104.0
316.28	104.0
324.6	104.0
329.52	104.0
332.28	104.0
339.8	104.0
345.48	104.0
352.32	104.0
360.8	104.0
371.8	104.0
387.88	104.0
418.76	104.0
707.08	104.0
734.6	104.0
765.6	104.0
785.76	104.0
1275.64	104.0
1284.0	104.0
1296.44	104.0
1317.12	104.0
1334.12	104.0
1347.04	104.0
168.52	106.0
318.92	106.0
476.92	106.0
394.6	107.0
1341.8	107.0
314.08	107.0
324.44	107.0
329.0	107.0
349.24	107.0
355.68	107.0
374.12	107.0
389.16	107.0
401.88	107.0
424.88	107.0
473.04	107.0
588.24	107.0
636.56	107.0
653.0	107.0
1325.56	107.0
1331.04	107.0
312.44	108.0
333.8	108.0
354.92	108.0
373.6	108.0
390.8	108.0
408.68	108.0
425.8	108.0
459.96	108.0
742.0	108.0
767.4	108.0
1309.52	108.0
1319.8	108.0
316.6	109.0
365.92	109.0
372.72	109.0
592.16	109.0
981.36	109.0
1292.28	109.0
1305.28	109.0
309.24	110.0
313.04	110.0
323.2	110.0
331.48	110.0
416.2	110.0
340.92	110.0
349.12	110.0
385.04	110.0
453.72	110.0
595.88	110.0
751.88	110.0
1281.36	110.0
1304.92	110.0
1321.0	110.0
1328.88	110.0
1343.6	110.0
334.52	111.0
369.28	111.0
712.32	111.0
1331.6	111.0
50.32	111.0
313.12	111.0
318.92	111.0
324.04	111.0
330.32	111.0
339.2	111.0
355.2	111.0
360.44	111.0
393.92	111.0
416.32	111.0
428.32	111.0
438.44	111.0
464.4	111.0
604.76	111.0
673.8	111.0
691.48	111.0
719.4	111.0
737.32	111.0
762.72	111.0
775.36	111.0
802.32	111.0
807.08	111.0
880.96	111.0
1040.92	111.0
1281.28	111.0
1284.76	111.0
1292.84	111.0
1318.08	111.0
1320.92	111.0
1340.84	111.0
1351.84	111.0
1282.8	112.0
1292.92	112.0
310.48	112.0
340.36	112.0
344.72	112.0
388.48	112.0
439.6	112.0
762.52	112.0
829.44	112.0
846.6	112.0
895.0	112.0
930.28	112.0
1279.64	112.0
1341.0	112.0
310.56	113.0
329.16	113.0
310.12	114.0
317.4	114.0
328.76	114.0
340.6	114.0
339.36	115.0
350.68	115.0
877.24	115.0
318.52	115.0
322.28	115.0
332.04	115.0
334.56	115.0
372.68	115.0
393.92	115.0
492.0	115.0
717.4	115.0
741.6	115.0
801.0	115.0
993.32	115.0
1270.04	115.0
1280.52	115.0
1302.12	115.0
1305.2	115.0
1329.2	115.0
1332.68	115.0
1343.92	115.0
323.92	116.0
334.68	116.0
360.2	116.0
479.32	116.0
522.04	116.0
655.16	116.0
741.92	116.0
751.48	116.0
1286.28	116.0
1320.68	116.0
1336.36	116.0
1346.12	116.0
311.84	116.0
315.96	116.0
328.16	116.0
331.24	116.0
339.36	116.0
345.16	116.0
349.8	116.0
365.92	116.0
372.8	116.0
382.56	116.0
386.76	116.0
400.44	116.0
469.32	116.0
505.8	116.0
546.68	116.0
574.96	116.0
592.28	116.0
694.08	116.0
728.12	116.0
767.36	116.0
776.68	116.0
793.84	116.0
809.88	116.0
847.48	116.0
916.64	116.0
923.64	116.0
1269.48	116.0
1278.44	116.0
1291.72	116.0
1296.12	116.0
1304.44	116.0
1312.96	116.0
1325.44	116.0
1331.96	116.0
1351.24	116.0
332.76	117.0
370.48	117.0
323.64	117.0
339.56	117.0
464.68	117.0
523.76	117.0
712.36	117.0
736.8	117.0
764.72	117.0
1294.6	117.0
1321.24	117.0
1331.76	117.0
1336.28	117.0
53.52	118.0
317.92	118.0
323.52	118.0
313.48	118.0
320.44	118.0
326.24	118.0
333.12	118.0
343.64	118.0
351.0	118.0
368.08	118.0
379.04	118.0
1249.64	118.0
1284.64	118.0
1293.0	118.0
1296.32	118.0
1321.88	118.0
310.64	119.0
340.44	119.0
353.6	119.0
357.36	119.0
392.24	119.0
919.84	119.0
1293.72	119.0
1337.44	119.0
372.4	120.0
1228.76	120.0
1277.24	120.0
309.96	120.0
313.28	120.0
325.4	120.0
333.0	120.0
339.88	120.0
363.2	120.0
395.16	120.0
672.4	120.0
694.28	120.0
734.56	120.0
780.24	120.0
809.56	120.0
967.72	120.0
1152.2	120.0
1281.68	120.0
