324.36	84.0
326.88	84.0
510.52	84.0
302.48	84.0
371.48	84.0
333.48	85.0
484.32	85.0
314.64	86.0
317.52	86.0
323.4	86.0
337.28	86.0
345.0	86.0
355.0	86.0
366.44	86.0
389.16	86.0
397.64	86.0
411.32	86.0
421.56	86.0
442.76	86.0
450.12	86.0
462.48	86.0
483.12	86.0
500.96	86.0
517.0	86.0
528.32	86.0
542.84	86.0
551.44	86.0
567.88	86.0
583.76	86.0
599.56	86.0
615.16	86.0
650.4	86.0
668.04	86.0
719.52	86.0
774.56	86.0
328.44	86.0
332.64	86.0
341.68	86.0
347.52	86.0
360.4	86.0
378.28	86.0
327.84	87.0
331.28	87.0
1352.6	87.0
315.84	87.0
324.36	87.0
338.92	87.0
341.92	87.0
345.92	87.0
350.96	87.0
355.12	87.0
358.36	87.0
365.12	87.0
372.48	87.0
378.92	87.0
389.84	87.0
409.76	87.0
443.52	87.0
498.88	87.0
519.08	87.0
538.56	87.0
562.88	87.0
588.8	87.0
623.32	87.0
648.0	87.0
337.12	88.0
346.88	88.0
363.72	88.0
429.92	88.0
472.52	88.0
580.0	88.0
601.84	88.0
622.04	88.0
643.16	88.0
686.72	88.0
706.0	88.0
279.16	88.0
302.72	88.0
324.32	88.0
329.52	88.0
349.88	88.0
382.64	88.0
406.6	88.0
438.92	88.0
452.28	88.0
521.2	88.0
546.2	88.0
570.08	88.0
586.12	88.0
604.44	88.0
664.52	88.0
675.28	88.0
726.12	88.0
751.16	88.0
814.04	88.0
940.08	88.0
1091.52	88.0
323.4	89.0
347.88	89.0
500.24	89.0
605.6	89.0
623.56	89.0
681.12	89.0
705.32	89.0
724.4	89.0
752.0	89.0
1146.64	89.0
313.52	89.0
330.0	89.0
345.12	89.0
359.96	89.0
541.0	89.0
568.96	89.0
658.12	89.0
799.16	89.0
947.08	89.0
1050.6	89.0
312.12	90.0
324.52	90.0
328.4	90.0
331.56	90.0
336.44	90.0
340.44	90.0
344.8	90.0
413.2	90.0
513.84	90.0
579.32	90.0
329.36	91.0
314.2	91.0
313.68	92.0
322.8	92.0
325.68	92.0
334.32	92.0
339.6	92.0
346.68	92.0
356.44	92.0
367.56	92.0
381.8	92.0
408.48	92.0
411.04	92.0
418.56	92.0
422.28	92.0
432.72	92.0
438.84	92.0
458.48	92.0
471.76	92.0
482.96	92.0
498.08	92.0
512.84	92.0
524.4	92.0
553.48	92.0
556.44	92.0
568.4	92.0
585.04	92.0
588.36	92.0
602.64	92.0
611.12	92.0
630.88	92.0
654.48	92.0
678.4	92.0
710.6	92.0
719.8	92.0
772.2	92.0
302.84	92.0
316.64	92.0
349.36	92.0
360.28	92.0
371.04	92.0
401.92	92.0
465.96	92.0
516.44	92.0
614.76	92.0
661.84	92.0
1293.84	92.0
1314.52	92.0
325.8	93.0
332.36	93.0
343.0	93.0
352.76	93.0
371.04	93.0
483.52	93.0
649.4	93.0
667.48	93.0
756.56	93.0
777.6	93.0
467.0	93.0
325.48	94.0
432.8	94.0
334.08	94.0
342.88	94.0
350.0	94.0
369.36	94.0
426.6	94.0
499.24	94.0
522.44	94.0
613.76	94.0
326.12	95.0
354.6	95.0
549.24	95.0
591.44	95.0
631.4	95.0
655.24	95.0
719.32	95.0
302.84	96.0
471.84	96.0
544.44	96.0
591.36	96.0
665.72	96.0
302.44	97.0
513.44	97.0
331.84	97.0
604.96	97.0
332.0	98.0
325.96	98.0
630.48	98.0
806.4	98.0
313.52	99.0
316.88	99.0
325.56	99.0
329.64	99.0
336.76	99.0
349.08	99.0
355.4	99.0
363.76	99.0
382.4	99.0
451.72	99.0
475.4	99.0
513.04	99.0
537.88	99.0
558.76	99.0
605.0	99.0
608.68	99.0
615.04	99.0
330.12	100.0
336.6	100.0
609.04	100.0
649.72	100.0
302.56	101.0
316.52	101.0
321.16	101.0
332.2	101.0
349.48	101.0
368.44	101.0
302.68	102.0
368.68	102.0
322.44	103.0
340.84	103.0
397.24	103.0
420.04	103.0
466.92	103.0
524.68	103.0
330.8	103.0
420.0	104.0
481.92	104.0
524.68	104.0
313.08	104.0
316.68	104.0
323.56	104.0
328.12	104.0
333.28	104.0
339.16	104.0
344.08	104.0
349.64	104.0
359.44	104.0
368.24	104.0
376.2	104.0
387.6	104.0
397.8	104.0
414.8	104.0
424.28	104.0
432.88	104.0
440.96	104.0
451.64	104.0
466.56	104.0
485.28	104.0
488.2	104.0
513.24	104.0
527.32	104.0
547.04	104.0
558.88	104.0
574.28	104.0
588.84	104.0
607.08	104.0
628.56	104.0
648.8	104.0
662.32	104.0
725.44	104.0
749.92	104.0
782.4	104.0
143.36	106.0
197.76	106.0
325.2	106.0
334.32	106.0
427.2	106.0
649.08	106.0
329.28	107.0
338.84	107.0
325.16	107.0
374.96	107.0
387.12	107.0
395.96	107.0
409.24	107.0
424.76	107.0
441.64	107.0
459.32	107.0
477.44	107.0
494.72	107.0
522.16	107.0
539.72	107.0
570.88	107.0
585.76	107.0
604.64	107.0
626.52	107.0
645.56	107.0
714.2	107.0
746.76	107.0
772.28	107.0
802.12	107.0
820.96	107.0
1299.12	107.0
374.44	108.0
321.28	108.0
331.76	108.0
345.56	108.0
352.88	108.0
366.16	108.0
396.6	108.0
428.24	108.0
452.28	108.0
470.48	108.0
500.28	108.0
573.44	108.0
315.84	109.0
328.2	109.0
382.16	109.0
439.16	109.0
620.52	109.0
343.88	109.0
315.92	110.0
327.92	110.0
334.72	110.0
343.56	110.0
348.6	110.0
359.52	110.0
366.56	110.0
373.04	110.0
381.88	110.0
389.08	110.0
438.32	110.0
324.04	110.0
331.28	110.0
369.68	110.0
516.96	110.0
610.48	110.0
703.0	110.0
316.88	111.0
359.44	111.0
362.96	111.0
371.84	111.0
466.76	111.0
323.92	111.0
327.44	111.0
333.36	111.0
337.44	111.0
343.76	111.0
348.68	111.0
355.32	111.0
382.04	111.0
385.92	111.0
389.24	111.0
414.64	111.0
428.12	111.0
434.56	111.0
438.4	111.0
457.8	111.0
484.52	111.0
500.4	111.0
505.44	111.0
514.28	111.0
527.6	111.0
531.04	111.0
553.96	111.0
564.92	111.0
589.36	111.0
597.76	111.0
613.08	111.0
632.96	111.0
649.96	111.0
670.24	111.0
680.52	111.0
700.8	111.0
717.72	111.0
749.96	111.0
775.44	111.0
790.32	111.0
825.56	111.0
322.56	112.0
348.52	112.0
385.4	112.0
396.6	112.0
404.8	112.0
449.24	112.0
528.08	112.0
306.0	113.0
317.04	113.0
325.16	113.0
332.08	113.0
348.6	113.0
360.24	113.0
370.24	113.0
380.56	113.0
397.48	113.0
413.16	113.0
455.64	113.0
477.08	113.0
540.92	113.0
309.0	114.0
317.68	114.0
329.8	114.0
333.24	114.0
340.92	114.0
360.28	114.0
325.44	114.0
345.36	114.0
540.88	114.0
332.6	115.0
343.4	115.0
396.84	115.0
312.64	115.0
321.76	115.0
330.08	115.0
337.48	115.0
351.0	115.0
369.04	115.0
388.12	115.0
392.96	115.0
406.48	115.0
420.12	115.0
441.16	115.0
469.52	115.0
498.2	115.0
517.16	115.0
540.68	115.0
559.92	115.0
575.2	115.0
587.6	115.0
610.72	115.0
630.52	115.0
680.44	115.0
713.32	115.0
731.0	115.0
759.04	115.0
787.48	115.0
323.52	116.0
328.08	116.0
397.24	116.0
513.84	116.0
315.52	116.0
331.84	116.0
336.92	116.0
343.2	116.0
347.16	116.0
354.92	116.0
360.76	116.0
367.72	116.0
374.12	116.0
382.88	116.0
413.88	116.0
439.0	116.0
461.12	116.0
466.04	116.0
588.6	116.0
326.12	117.0
360.28	117.0
373.72	117.0
413.16	117.0
438.24	117.0
513.76	117.0
312.92	117.0
340.6	117.0
349.04	117.0
351.76	117.0
355.52	117.0
389.52	117.0
417.12	117.0
465.36	117.0
540.4	118.0
313.12	118.0
316.84	118.0
322.32	118.0
326.36	118.0
329.84	118.0
337.72	118.0
345.68	118.0
360.0	118.0
372.6	118.0
389.64	118.0
407.12	118.0
422.84	118.0
453.76	118.0
468.68	118.0
495.0	118.0
521.44	118.0
531.84	118.0
569.28	118.0
623.72	118.0
665.48	118.0
692.08	118.0
713.84	118.0
743.36	118.0
803.16	118.0
847.84	118.0
324.04	119.0
329.64	119.0
346.0	119.0
351.28	119.0
409.44	119.0
484.2	119.0
543.4	119.0
337.84	120.0
316.4	120.0
327.2	120.0
355.12	120.0
384.96	120.0
393.96	120.0
404.36	120.0
625.48	120.0
640.04	120.0
768.28	120.0
865.0	120.0
956.76	120.0
