503.96	1.0
526.72	1.0
565.92	1.0
573.4	1.0
617.24	1.0
620.24	1.0
637.44	1.0
690.92	1.0
719.12	1.0
752.96	1.0
1162.68	1.0
1261.12	1.0
1354.2	1.0
586.08	1.0
598.04	1.0
608.24	1.0
641.92	1.0
658.36	1.0
660.96	1.0
677.92	1.0
698.24	1.0
729.6	1.0
475.96	2.0
540.16	2.0
606.4	2.0
616.24	2.0
632.68	2.0
656.88	2.0
728.24	2.0
1410.92	2.0
593.08	3.0
596.12	3.0
621.08	3.0
661.8	3.0
697.32	3.0
1164.12	3.0
542.4	3.0
552.08	3.0
588.12	3.0
604.64	3.0
611.48	3.0
617.48	3.0
631.48	3.0
670.64	3.0
679.12	3.0
687.88	3.0
726.24	3.0
757.36	3.0
768.2	3.0
776.84	3.0
786.44	3.0
798.4	3.0
820.16	3.0
830.16	3.0
842.88	3.0
872.2	3.0
882.56	3.0
897.68	3.0
974.56	3.0
995.52	3.0
1014.96	3.0
1036.4	3.0
1072.0	3.0
1090.76	3.0
1114.16	3.0
1138.76	3.0
1148.64	3.0
1183.72	3.0
1222.68	3.0
1232.88	3.0
1263.12	3.0
1276.4	3.0
1292.44	3.0
1485.44	3.0
593.6	5.0
782.76	5.0
1062.4	5.0
584.72	5.0
607.88	5.0
617.2	5.0
631.64	5.0
644.12	5.0
658.48	5.0
674.28	5.0
686.76	5.0
692.04	5.0
708.6	5.0
727.36	5.0
741.64	5.0
810.88	5.0
839.24	5.0
889.2	5.0
949.48	5.0
1004.36	5.0
1051.4	5.0
1054.96	5.0
1119.44	5.0
1178.16	5.0
1282.28	5.0
547.44	6.0
560.28	6.0
570.52	6.0
578.44	6.0
583.4	6.0
595.92	6.0
599.6	6.0
607.04	6.0
612.12	6.0
618.24	6.0
626.16	6.0
631.48	6.0
637.24	6.0
641.68	6.0
647.68	6.0
659.76	6.0
680.28	6.0
686.16	6.0
693.76	6.0
701.4	6.0
737.68	6.0
761.16	6.0
765.16	6.0
822.36	6.0
870.72	6.0
893.44	6.0
911.12	6.0
964.84	6.0
978.32	6.0
1051.56	6.0
1080.64	6.0
1130.2	6.0
1140.68	6.0
1162.96	6.0
1227.88	6.0
1257.4	6.0
1309.24	6.0
1341.8	6.0
1368.88	6.0
1419.8	6.0
1450.08	6.0
570.84	7.0
583.04	7.0
594.88	7.0
599.96	7.0
606.16	7.0
618.36	7.0
627.92	7.0
646.48	7.0
655.76	7.0
667.84	7.0
700.16	7.0
749.52	7.0
833.88	7.0
886.76	7.0
991.68	7.0
1130.56	7.0
593.04	8.0
698.0	8.0
772.56	8.0
977.56	8.0
1362.16	8.0
605.12	8.0
616.72	8.0
620.16	8.0
601.96	9.0
620.76	9.0
637.08	9.0
641.12	9.0
661.44	9.0
958.72	9.0
1066.48	9.0
597.16	11.0
606.52	11.0
617.96	11.0
628.56	11.0
637.88	11.0
681.32	11.0
555.64	11.0
582.6	11.0
658.56	11.0
1209.44	11.0
563.84	12.0
581.4	12.0
593.08	12.0
596.36	12.0
691.92	12.0
746.4	12.0
842.6	12.0
922.32	12.0
570.04	12.0
616.16	12.0
636.92	12.0
659.72	12.0
667.52	12.0
703.56	12.0
756.56	12.0
774.0	12.0
784.92	12.0
795.32	12.0
818.32	12.0
871.6	12.0
1003.48	12.0
1050.12	12.0
1131.88	12.0
1302.28	12.0
1396.84	12.0
646.52	13.0
584.76	13.0
596.48	13.0
607.08	13.0
614.12	13.0
620.44	13.0
623.96	13.0
629.12	13.0
636.12	13.0
643.84	13.0
654.28	13.0
660.64	13.0
670.88	13.0
676.48	13.0
679.32	13.0
690.4	13.0
700.4	13.0
716.92	13.0
725.32	13.0
728.56	13.0
735.56	13.0
743.8	13.0
756.84	13.0
772.52	13.0
785.8	13.0
796.56	13.0
813.48	13.0
833.04	13.0
848.56	13.0
865.24	13.0
890.28	13.0
907.48	13.0
936.8	13.0
956.08	13.0
976.96	13.0
997.32	13.0
1020.28	13.0
1053.56	13.0
1093.96	13.0
1148.44	13.0
1173.2	13.0
1275.92	13.0
1343.56	13.0
596.8	14.0
605.2	14.0
648.2	14.0
583.12	15.0
618.52	15.0
700.36	15.0
749.64	15.0
834.0	15.0
609.84	15.0
707.76	15.0
596.84	16.0
621.84	16.0
660.04	16.0
603.2	17.0
704.24	17.0
504.2	17.0
542.48	17.0
590.44	17.0
597.8	17.0
616.24	17.0
619.72	17.0
657.04	17.0
723.16	17.0
842.24	17.0
938.68	17.0
945.48	17.0
958.2	17.0
977.8	17.0
985.72	17.0
1024.64	17.0
585.44	18.0
608.4	18.0
621.6	18.0
678.12	18.0
739.8	18.0
932.08	18.0
1032.68	18.0
1422.68	18.0
1280.2	19.0
591.28	19.0
616.76	19.0
660.44	19.0
669.88	19.0
673.04	19.0
772.92	19.0
798.68	19.0
1138.88	19.0
1388.64	19.0
1411.52	19.0
373.84	20.0
453.12	20.0
470.68	20.0
478.64	20.0
495.72	20.0
500.2	20.0
525.36	20.0
528.64	20.0
533.24	20.0
540.48	20.0
551.0	20.0
555.24	20.0
561.16	20.0
566.52	20.0
569.56	20.0
572.8	20.0
577.0	20.0
581.88	20.0
585.88	20.0
591.36	20.0
595.88	20.0
601.4	20.0
606.36	20.0
615.92	20.0
620.6	20.0
627.0	20.0
643.12	20.0
660.16	20.0
669.96	20.0
675.52	20.0
705.36	20.0
708.28	20.0
711.48	20.0
719.04	20.0
726.08	20.0
731.32	20.0
736.2	20.0
740.4	20.0
751.24	20.0
764.28	20.0
772.92	20.0
842.68	20.0
855.56	20.0
871.44	20.0
877.12	20.0
908.92	20.0
931.12	20.0
973.32	20.0
976.76	20.0
990.48	20.0
1013.16	20.0
1050.32	20.0
1065.72	20.0
1119.12	20.0
1125.04	20.0
1138.96	20.0
1158.68	20.0
1183.36	20.0
1199.76	20.0
1207.64	20.0
1224.92	20.0
1233.92	20.0
1248.24	20.0
1268.52	20.0
1271.28	20.0
1297.52	20.0
1304.88	20.0
1332.48	20.0
1353.16	20.0
1367.84	20.0
1382.76	20.0
1413.84	20.0
1464.2	20.0
1478.72	20.0
597.68	21.0
617.0	21.0
582.28	22.0
619.48	22.0
659.16	22.0
582.64	23.0
610.64	23.0
634.32	23.0
647.36	23.0
660.16	23.0
597.0	23.0
677.08	23.0
699.32	23.0
748.2	23.0
1060.56	23.0
1107.8	23.0
594.68	24.0
581.24	24.0
