845.8	1.0
865.8	1.0
886.2	1.0
952.92	1.0
984.48	1.0
993.6	1.0
1025.2	1.0
912.6	1.0
945.96	1.0
962.72	1.0
981.48	1.0
1038.84	1.0
772.88	2.0
827.48	2.0
923.24	2.0
948.04	2.0
962.2	2.0
996.08	2.0
1022.16	2.0
1037.68	2.0
1225.08	2.0
1433.84	2.0
925.48	3.0
941.44	3.0
944.68	3.0
957.12	3.0
975.52	3.0
978.2	3.0
980.72	3.0
991.48	3.0
1001.56	3.0
1009.44	3.0
1020.64	3.0
1027.28	3.0
1033.68	3.0
1046.64	3.0
1062.16	3.0
1065.04	3.0
1087.96	3.0
1103.28	3.0
1106.24	3.0
1121.08	3.0
1141.72	3.0
1157.56	3.0
1170.2	3.0
1178.76	3.0
1184.72	3.0
1208.48	3.0
1225.92	3.0
1239.24	3.0
1245.12	3.0
1268.48	3.0
1273.84	3.0
1350.08	3.0
1365.56	3.0
1422.36	3.0
1439.04	3.0
1106.88	5.0
1116.84	5.0
1297.2	5.0
946.56	5.0
969.84	5.0
1012.4	5.0
1019.12	5.0
1051.36	5.0
1070.4	5.0
1100.12	5.0
1123.4	5.0
1161.96	5.0
1165.16	5.0
1168.84	5.0
1217.96	5.0
1258.96	5.0
1309.44	5.0
1405.08	5.0
894.72	6.0
939.48	6.0
947.4	6.0
957.88	6.0
964.92	6.0
979.68	6.0
995.64	6.0
1000.08	6.0
1006.76	6.0
1020.36	6.0
1027.84	6.0
1039.48	6.0
1055.12	6.0
1065.16	6.0
1074.4	6.0
1077.36	6.0
1091.48	6.0
1096.76	6.0
1125.08	6.0
1137.32	6.0
1148.24	6.0
1160.64	6.0
1211.24	6.0
1227.92	6.0
1274.64	6.0
1464.24	6.0
939.84	7.0
944.96	7.0
975.28	7.0
1014.48	7.0
1039.84	7.0
1055.48	7.0
1217.44	7.0
977.44	8.0
997.44	8.0
1018.0	8.0
1031.48	8.0
1052.84	8.0
1308.2	8.0
964.84	9.0
1032.24	9.0
1136.24	9.0
1158.52	9.0
945.24	11.0
975.48	11.0
1000.56	11.0
1058.04	11.0
925.72	11.0
958.4	11.0
980.76	11.0
1009.36	11.0
1026.16	11.0
1050.88	11.0
1020.48	12.0
1347.76	12.0
903.08	12.0
923.68	12.0
926.48	12.0
949.08	12.0
958.68	12.0
962.84	12.0
965.84	12.0
982.76	12.0
987.92	12.0
1000.56	12.0
1006.6	12.0
1023.2	12.0
1031.52	12.0
1041.56	12.0
1061.92	12.0
1071.68	12.0
1075.04	12.0
1092.08	12.0
1107.04	12.0
1119.0	12.0
1133.52	12.0
1154.72	12.0
1168.32	12.0
1176.76	12.0
1216.92	12.0
1235.96	12.0
1256.04	12.0
1367.84	12.0
1390.24	12.0
1429.04	12.0
1474.28	12.0
963.08	13.0
978.04	13.0
996.28	13.0
999.64	13.0
1007.76	13.0
1023.24	13.0
1040.56	13.0
1057.44	13.0
1074.68	13.0
1091.52	13.0
1111.44	13.0
1128.24	13.0
1152.56	13.0
1171.84	13.0
1194.32	13.0
1213.32	13.0
1246.92	13.0
1288.48	13.0
1347.56	13.0
976.72	14.0
1000.64	14.0
1070.44	14.0
1405.08	14.0
975.36	15.0
1014.56	15.0
1217.56	15.0
1147.12	15.0
946.56	16.0
980.8	16.0
1024.28	16.0
1065.52	16.0
1125.88	16.0
1219.88	16.0
1309.12	16.0
974.68	17.0
940.96	17.0
964.92	17.0
1018.92	17.0
1054.4	17.0
1092.92	17.0
1202.6	17.0
1219.2	17.0
1266.68	17.0
1302.84	17.0
1309.56	17.0
1329.48	17.0
1014.92	18.0
1031.48	18.0
1157.88	18.0
1279.48	18.0
1475.68	18.0
1364.6	19.0
1015.04	19.0
1138.92	19.0
1180.96	19.0
977.28	20.0
342.4	20.0
724.28	20.0
734.92	20.0
776.0	20.0
784.36	20.0
798.56	20.0
813.96	20.0
830.68	20.0
836.32	20.0
850.8	20.0
861.72	20.0
878.76	20.0
886.52	20.0
891.04	20.0
902.08	20.0
910.28	20.0
917.88	20.0
924.12	20.0
928.44	20.0
934.76	20.0
939.68	20.0
946.4	20.0
953.56	20.0
957.8	20.0
960.48	20.0
964.2	20.0
974.04	20.0
980.28	20.0
984.32	20.0
991.4	20.0
998.84	20.0
1002.52	20.0
1014.92	20.0
1020.6	20.0
1032.28	20.0
1039.04	20.0
1048.8	20.0
1055.16	20.0
1062.96	20.0
1074.0	20.0
1079.76	20.0
1085.92	20.0
1092.84	20.0
1098.44	20.0
1107.92	20.0
1119.36	20.0
1147.52	20.0
1181.4	20.0
1189.24	20.0
1204.8	20.0
1211.64	20.0
1220.12	20.0
1246.04	20.0
1263.52	20.0
1274.52	20.0
1277.48	20.0
1293.36	20.0
1316.64	20.0
1351.52	20.0
1369.24	20.0
1424.84	20.0
1433.0	20.0
1436.44	20.0
1444.52	20.0
1475.4	20.0
1486.6	20.0
1041.32	21.0
1018.84	22.0
1076.56	22.0
933.0	23.0
983.56	23.0
1020.84	23.0
1027.88	23.0
1074.8	24.0
894.76	24.0
1352.72	24.0
1391.0	24.0
