553.4	1.0
614.88	1.0
620.12	1.0
682.28	1.0
759.68	1.0
809.6	1.0
602.76	1.0
644.96	1.0
648.36	1.0
716.04	1.0
719.96	1.0
838.28	1.0
944.56	1.0
1031.4	1.0
544.08	2.0
565.88	2.0
599.48	2.0
662.68	2.0
679.52	2.0
703.52	2.0
741.28	2.0
759.56	2.0
602.0	3.0
612.08	3.0
618.68	3.0
626.04	3.0
629.76	3.0
637.32	3.0
640.48	3.0
649.8	3.0
658.52	3.0
675.28	3.0
681.12	3.0
684.52	3.0
694.16	3.0
704.32	3.0
726.64	3.0
736.2	3.0
741.72	3.0
758.76	3.0
783.84	3.0
798.12	3.0
808.76	3.0
813.2	3.0
841.92	3.0
858.92	3.0
875.08	3.0
887.8	3.0
907.16	3.0
927.96	3.0
947.56	3.0
1021.28	3.0
1052.04	3.0
1055.48	3.0
1070.04	3.0
1094.72	3.0
1117.24	3.0
1141.84	3.0
1153.2	3.0
1230.44	3.0
1247.52	3.0
1293.32	3.0
1372.16	3.0
782.16	5.0
949.32	5.0
1337.16	5.0
592.44	5.0
609.08	5.0
622.36	5.0
636.2	5.0
658.56	5.0
680.28	5.0
684.56	5.0
701.88	5.0
712.48	5.0
724.12	5.0
734.44	5.0
792.44	5.0
800.36	5.0
821.8	5.0
828.24	5.0
885.56	5.0
908.48	5.0
969.28	5.0
1116.88	5.0
577.56	6.0
551.76	6.0
584.92	6.0
598.48	6.0
610.72	6.0
614.88	6.0
622.12	6.0
632.24	6.0
639.4	6.0
648.16	6.0
654.76	6.0
658.88	6.0
667.04	6.0
673.32	6.0
680.48	6.0
694.76	6.0
702.8	6.0
736.4	6.0
742.56	6.0
759.88	6.0
779.56	6.0
797.24	6.0
814.76	6.0
839.72	6.0
876.4	6.0
948.2	6.0
957.24	6.0
986.64	6.0
1057.76	6.0
1097.52	6.0
1221.04	6.0
1247.92	6.0
1393.24	6.0
611.0	7.0
620.36	7.0
639.84	7.0
650.32	7.0
653.8	7.0
679.2	7.0
682.88	7.0
716.8	7.0
720.88	7.0
840.08	7.0
957.56	7.0
1050.64	7.0
1393.64	7.0
944.36	8.0
1148.32	8.0
613.16	8.0
638.04	8.0
651.64	8.0
670.8	8.0
651.2	9.0
681.08	9.0
581.0	11.0
608.8	11.0
637.16	11.0
640.24	11.0
703.28	11.0
652.36	11.0
691.76	11.0
1300.24	12.0
577.2	12.0
583.72	12.0
599.0	12.0
608.64	12.0
611.36	12.0
627.32	12.0
636.92	12.0
639.56	12.0
647.04	12.0
652.08	12.0
664.04	12.0
675.12	12.0
680.36	12.0
683.28	12.0
701.28	12.0
745.6	12.0
749.16	12.0
770.32	12.0
795.04	12.0
816.2	12.0
839.36	12.0
883.88	12.0
968.56	12.0
1114.52	12.0
1173.92	12.0
1345.52	12.0
1392.8	12.0
599.32	13.0
608.64	13.0
621.08	13.0
633.08	13.0
637.64	13.0
649.2	13.0
660.64	13.0
664.44	13.0
680.6	13.0
693.96	13.0
700.88	13.0
704.8	13.0
714.68	13.0
729.36	13.0
733.8	13.0
740.04	13.0
754.6	13.0
779.56	13.0
795.48	13.0
809.32	13.0
831.16	13.0
849.96	13.0
877.48	13.0
907.24	13.0
932.84	13.0
954.76	13.0
994.0	13.0
1031.32	13.0
1168.0	13.0
1236.08	13.0
1308.28	13.0
620.48	14.0
626.48	14.0
693.84	14.0
751.84	14.0
767.2	14.0
679.32	15.0
622.84	16.0
689.76	16.0
719.64	16.0
755.12	16.0
884.16	16.0
1050.96	16.0
702.52	17.0
724.12	17.0
1037.2	17.0
604.24	17.0
610.08	17.0
624.44	17.0
644.0	17.0
649.16	17.0
661.92	17.0
688.04	17.0
720.96	17.0
742.96	17.0
783.48	17.0
839.76	17.0
855.24	17.0
939.08	17.0
626.72	18.0
906.48	18.0
970.92	18.0
1093.0	18.0
646.52	19.0
860.32	19.0
546.8	19.0
580.84	19.0
639.76	19.0
848.48	19.0
1241.68	19.0
838.8	20.0
321.84	20.0
530.12	20.0
540.24	20.0
546.84	20.0
550.68	20.0
557.2	20.0
568.4	20.0
572.64	20.0
575.16	20.0
580.88	20.0
585.8	20.0
591.92	20.0
597.4	20.0
603.2	20.0
607.56	20.0
612.68	20.0
617.0	20.0
621.6	20.0
625.84	20.0
632.64	20.0
637.96	20.0
642.56	20.0
647.36	20.0
651.44	20.0
657.24	20.0
661.16	20.0
668.88	20.0
674.16	20.0
677.92	20.0
682.6	20.0
687.12	20.0
697.12	20.0
702.96	20.0
713.96	20.0
719.88	20.0
725.24	20.0
734.72	20.0
740.28	20.0
748.72	20.0
762.0	20.0
769.0	20.0
786.92	20.0
792.44	20.0
798.28	20.0
811.08	20.0
817.64	20.0
832.92	20.0
856.96	20.0
868.2	20.0
889.68	20.0
901.36	20.0
908.52	20.0
917.16	20.0
923.28	20.0
943.4	20.0
948.44	20.0
979.68	20.0
990.2	20.0
1005.52	20.0
1030.32	20.0
1054.0	20.0
1066.76	20.0
1078.08	20.0
1094.8	20.0
1122.44	20.0
1149.32	20.0
1182.56	20.0
1245.96	20.0
1259.16	20.0
1280.52	20.0
1290.04	20.0
1303.28	20.0
1334.12	20.0
1344.16	20.0
1354.68	20.0
1365.2	20.0
1388.0	20.0
649.0	21.0
680.92	22.0
702.16	22.0
738.84	22.0
756.32	22.0
781.12	22.0
646.08	22.0
606.56	23.0
668.68	23.0
652.64	23.0
675.56	23.0
801.4	23.0
646.64	24.0
932.08	24.0
