638.8	1.0
701.72	1.0
718.52	1.0
742.56	1.0
754.84	1.0
764.72	1.0
811.8	1.0
856.4	1.0
869.56	1.0
1274.64	1.0
641.48	1.0
679.88	1.0
690.0	1.0
790.04	1.0
793.6	1.0
990.88	1.0
620.88	2.0
643.0	2.0
680.44	2.0
724.4	2.0
776.08	2.0
796.6	2.0
812.24	2.0
681.4	3.0
688.72	3.0
704.24	3.0
720.12	3.0
722.64	3.0
734.36	3.0
745.16	3.0
750.8	3.0
754.44	3.0
767.56	3.0
785.64	3.0
790.08	3.0
796.28	3.0
807.04	3.0
811.4	3.0
816.68	3.0
819.2	3.0
830.96	3.0
843.68	3.0
854.96	3.0
861.04	3.0
891.44	3.0
901.76	3.0
917.08	3.0
929.04	3.0
935.68	3.0
954.24	3.0
968.68	3.0
971.52	3.0
983.16	3.0
993.84	3.0
1004.28	3.0
1024.32	3.0
1049.52	3.0
1093.52	3.0
1111.4	3.0
1150.68	3.0
1190.52	3.0
1225.04	3.0
1241.68	3.0
1254.64	3.0
1287.08	3.0
1337.68	3.0
690.32	5.0
706.28	5.0
721.64	5.0
969.08	5.0
984.04	5.0
1132.36	5.0
713.76	5.0
747.8	5.0
781.0	5.0
805.04	5.0
845.52	5.0
868.52	5.0
631.8	6.0
674.68	6.0
685.24	6.0
690.12	6.0
705.64	6.0
717.96	6.0
724.28	6.0
748.32	6.0
761.44	6.0
776.16	6.0
790.4	6.0
794.8	6.0
809.88	6.0
820.4	6.0
846.28	6.0
855.68	6.0
868.68	6.0
898.44	6.0
991.96	6.0
1026.96	6.0
1093.96	6.0
1112.72	6.0
1209.36	6.0
1219.24	6.0
690.48	7.0
705.44	7.0
746.8	7.0
805.64	7.0
845.88	7.0
898.8	7.0
1113.0	7.0
764.16	8.0
807.6	8.0
1192.2	8.0
726.6	8.0
744.44	8.0
768.76	8.0
1182.48	8.0
1300.28	8.0
768.44	9.0
789.28	9.0
864.04	9.0
1341.32	9.0
689.4	11.0
790.52	11.0
779.36	11.0
929.8	11.0
701.04	12.0
715.68	12.0
859.68	12.0
875.52	12.0
929.88	12.0
646.84	12.0
664.68	12.0
681.6	12.0
684.36	12.0
686.88	12.0
689.4	12.0
704.4	12.0
735.24	12.0
752.76	12.0
766.84	12.0
773.12	12.0
780.48	12.0
787.76	12.0
790.36	12.0
812.84	12.0
821.68	12.0
849.56	12.0
854.88	12.0
894.6	12.0
964.04	12.0
981.2	12.0
987.2	12.0
1000.32	12.0
1037.8	12.0
1059.0	12.0
1087.08	12.0
1202.76	12.0
1326.28	12.0
1329.84	12.0
1349.92	12.0
710.48	13.0
722.68	13.0
732.04	13.0
745.8	13.0
760.84	13.0
777.04	13.0
782.64	13.0
791.24	13.0
807.16	13.0
819.04	13.0
831.96	13.0
848.2	13.0
866.8	13.0
878.16	13.0
888.6	13.0
898.88	13.0
919.2	13.0
935.28	13.0
962.96	13.0
986.72	13.0
1011.04	13.0
1035.04	13.0
1067.8	13.0
1103.08	13.0
1132.6	13.0
1244.16	13.0
1330.64	13.0
749.08	14.0
886.6	14.0
924.2	14.0
746.84	15.0
805.72	15.0
767.72	15.0
709.48	16.0
753.56	16.0
811.68	16.0
1185.72	16.0
1246.0	16.0
690.24	17.0
771.08	17.0
782.08	17.0
819.44	17.0
951.56	17.0
696.88	17.0
712.8	17.0
764.12	17.0
797.24	17.0
843.56	17.0
883.92	17.0
924.72	17.0
1043.56	17.0
754.12	18.0
762.24	18.0
806.32	18.0
843.28	18.0
871.44	18.0
906.28	18.0
955.04	18.0
1007.04	18.0
806.24	19.0
882.0	19.0
701.12	20.0
1300.44	20.0
609.52	20.0
614.36	20.0
622.6	20.0
629.96	20.0
637.64	20.0
642.88	20.0
645.72	20.0
654.24	20.0
659.4	20.0
663.32	20.0
671.64	20.0
676.0	20.0
681.68	20.0
687.76	20.0
705.28	20.0
709.28	20.0
716.32	20.0
720.28	20.0
724.52	20.0
734.4	20.0
739.52	20.0
744.72	20.0
749.44	20.0
757.24	20.0
763.04	20.0
768.12	20.0
774.84	20.0
778.6	20.0
784.72	20.0
792.32	20.0
801.52	20.0
806.44	20.0
813.8	20.0
820.12	20.0
823.88	20.0
829.28	20.0
836.2	20.0
845.08	20.0
853.24	20.0
857.56	20.0
867.08	20.0
872.24	20.0
882.08	20.0
891.92	20.0
899.96	20.0
905.76	20.0
917.28	20.0
933.52	20.0
956.88	20.0
965.28	20.0
993.08	20.0
999.0	20.0
1023.96	20.0
1032.76	20.0
1042.12	20.0
1056.0	20.0
1079.16	20.0
1092.88	20.0
1097.48	20.0
1125.76	20.0
1135.84	20.0
1167.52	20.0
1175.8	20.0
1183.52	20.0
1199.48	20.0
1218.52	20.0
1230.36	20.0
1238.72	20.0
1289.4	20.0
1316.84	20.0
1324.6	20.0
1330.16	20.0
1362.68	20.0
1388.28	20.0
794.88	22.0
748.32	22.0
786.68	22.0
852.32	22.0
684.4	23.0
866.64	23.0
870.16	23.0
1249.28	23.0
785.8	23.0
817.8	23.0
662.28	24.0
705.12	24.0
750.32	24.0
1038.56	24.0
1305.04	24.0
