555.44	1.0
604.6	1.0
628.2	1.0
646.48	1.0
666.44	1.0
738.48	1.0
820.36	1.0
573.68	1.0
616.24	1.0
632.12	1.0
652.0	1.0
656.8	1.0
683.0	1.0
695.4	1.0
704.48	1.0
733.0	1.0
747.64	1.0
797.04	1.0
890.44	1.0
1044.72	1.0
1061.72	1.0
1067.6	1.0
1264.32	1.0
1274.92	1.0
400.96	2.0
546.16	2.0
615.04	2.0
642.32	2.0
660.36	2.0
687.72	2.0
697.32	2.0
715.32	2.0
720.08	2.0
793.56	2.0
600.56	3.0
616.84	3.0
626.72	3.0
632.16	3.0
639.04	3.0
644.24	3.0
648.52	3.0
655.72	3.0
665.56	3.0
670.52	3.0
682.28	3.0
692.56	3.0
707.96	3.0
716.08	3.0
730.32	3.0
736.36	3.0
738.96	3.0
741.52	3.0
756.04	3.0
774.08	3.0
801.76	3.0
820.72	3.0
849.0	3.0
872.32	3.0
895.88	3.0
917.8	3.0
936.36	3.0
944.88	3.0
1021.16	3.0
1048.8	3.0
1073.64	3.0
1096.48	3.0
1121.44	3.0
1126.96	3.0
1164.0	3.0
1248.68	3.0
1281.76	3.0
1317.16	3.0
1338.12	3.0
614.04	5.0
729.0	5.0
736.24	5.0
915.44	5.0
619.84	5.0
633.12	5.0
649.88	5.0
667.4	5.0
680.12	5.0
705.8	5.0
713.08	5.0
749.68	5.0
771.88	5.0
798.44	5.0
818.12	5.0
869.4	5.0
874.2	5.0
930.36	5.0
986.96	5.0
1067.32	5.0
552.88	6.0
580.08	6.0
600.28	6.0
610.04	6.0
614.2	6.0
625.32	6.0
631.72	6.0
638.08	6.0
644.68	6.0
656.24	6.0
662.64	6.0
667.6	6.0
677.12	6.0
685.8	6.0
691.52	6.0
702.04	6.0
708.24	6.0
712.2	6.0
720.04	6.0
727.72	6.0
736.72	6.0
753.16	6.0
762.4	6.0
769.32	6.0
813.6	6.0
831.12	6.0
851.04	6.0
910.68	6.0
949.0	6.0
1116.2	6.0
1147.72	6.0
1356.16	6.0
600.6	7.0
626.84	7.0
632.04	7.0
654.92	7.0
677.48	7.0
688.6	7.0
691.92	7.0
709.28	7.0
712.56	7.0
728.04	7.0
751.16	7.0
753.68	7.0
792.28	7.0
932.32	7.0
1052.4	7.0
1055.12	7.0
1116.52	7.0
371.52	8.0
804.44	8.0
841.4	8.0
860.56	8.0
892.76	8.0
1061.52	8.0
1308.12	8.0
1350.28	8.0
558.0	8.0
622.48	8.0
644.8	8.0
660.36	8.0
694.64	8.0
1067.28	9.0
586.96	9.0
607.0	9.0
616.96	9.0
666.68	9.0
716.24	9.0
599.96	11.0
616.24	11.0
624.64	11.0
683.52	11.0
694.44	11.0
867.76	11.0
643.92	11.0
731.28	11.0
774.56	11.0
796.68	11.0
828.0	11.0
1018.24	11.0
603.52	12.0
697.04	12.0
712.44	12.0
578.6	12.0
593.16	12.0
599.8	12.0
612.2	12.0
617.44	12.0
626.84	12.0
629.8	12.0
633.08	12.0
640.12	12.0
645.24	12.0
654.04	12.0
669.08	12.0
679.24	12.0
683.6	12.0
689.68	12.0
700.84	12.0
709.92	12.0
732.28	12.0
739.6	12.0
758.0	12.0
780.96	12.0
797.2	12.0
816.36	12.0
828.56	12.0
847.64	12.0
881.6	12.0
960.96	12.0
990.6	12.0
1046.88	12.0
1112.76	12.0
1121.76	12.0
1200.0	12.0
1271.64	12.0
1379.6	12.0
604.8	13.0
619.28	13.0
631.4	13.0
642.4	13.0
651.92	13.0
661.6	13.0
670.96	13.0
681.52	13.0
691.04	13.0
696.92	13.0
706.28	13.0
719.08	13.0
727.08	13.0
729.6	13.0
739.0	13.0
750.08	13.0
758.56	13.0
771.88	13.0
788.52	13.0
801.48	13.0
818.08	13.0
834.8	13.0
869.32	13.0
888.8	13.0
909.08	13.0
926.48	13.0
965.64	13.0
991.4	13.0
1015.88	13.0
1041.76	13.0
1069.64	13.0
1116.28	13.0
1170.12	13.0
626.16	14.0
691.36	14.0
608.4	14.0
628.8	14.0
704.32	14.0
799.24	14.0
626.96	15.0
1052.52	15.0
649.04	15.0
612.76	16.0
658.04	16.0
689.16	16.0
781.2	16.0
617.04	17.0
630.52	17.0
598.04	17.0
647.28	17.0
675.44	17.0
689.72	17.0
706.52	17.0
712.6	17.0
722.24	17.0
731.72	17.0
765.04	17.0
804.88	17.0
997.24	17.0
617.24	18.0
633.56	18.0
764.8	18.0
811.32	18.0
976.52	18.0
997.04	18.0
583.12	19.0
604.2	19.0
725.6	20.0
404.72	20.0
485.32	20.0
517.76	20.0
533.04	20.0
537.04	20.0
544.52	20.0
547.44	20.0
558.2	20.0
562.32	20.0
570.36	20.0
574.2	20.0
579.32	20.0
590.28	20.0
593.88	20.0
601.48	20.0
607.04	20.0
614.84	20.0
624.44	20.0
629.4	20.0
633.08	20.0
644.44	20.0
651.88	20.0
656.48	20.0
663.92	20.0
668.32	20.0
676.12	20.0
682.76	20.0
689.72	20.0
714.84	20.0
721.68	20.0
731.4	20.0
735.68	20.0
743.36	20.0
771.0	20.0
779.52	20.0
787.6	20.0
801.92	20.0
810.88	20.0
824.04	20.0
853.88	20.0
868.6	20.0
877.4	20.0
892.68	20.0
898.8	20.0
909.84	20.0
919.28	20.0
927.64	20.0
939.52	20.0
955.6	20.0
972.0	20.0
977.92	20.0
985.92	20.0
998.48	20.0
1031.76	20.0
1043.92	20.0
1050.0	20.0
1060.84	20.0
1072.8	20.0
1099.76	20.0
1108.72	20.0
1118.8	20.0
1124.52	20.0
1142.28	20.0
1153.6	20.0
1171.04	20.0
1175.72	20.0
1201.76	20.0
1209.64	20.0
1227.92	20.0
1244.24	20.0
1253.76	20.0
1273.36	20.0
1307.4	20.0
1339.0	20.0
1350.04	20.0
1376.72	20.0
1379.96	20.0
663.6	21.0
714.56	21.0
598.84	22.0
641.64	22.0
668.08	22.0
680.08	22.0
614.68	23.0
652.8	23.0
679.12	23.0
886.88	23.0
969.96	23.0
1262.68	23.0
656.48	23.0
692.88	23.0
754.52	23.0
802.24	23.0
581.88	24.0
600.0	24.0
