455.4	1.0
474.52	1.0
508.92	1.0
532.44	1.0
541.48	1.0
562.44	1.0
568.12	1.0
581.84	1.0
604.52	1.0
481.32	1.0
522.96	1.0
529.88	1.0
556.88	1.0
579.12	1.0
597.12	1.0
600.6	1.0
614.28	1.0
622.4	1.0
626.4	1.0
675.72	1.0
702.4	1.0
739.44	1.0
391.48	2.0
455.0	2.0
486.72	2.0
523.92	2.0
537.68	2.0
545.4	2.0
569.24	2.0
572.4	2.0
592.32	2.0
600.48	2.0
652.92	2.0
788.52	2.0
510.08	3.0
521.2	3.0
529.88	3.0
537.64	3.0
544.72	3.0
551.16	3.0
561.4	3.0
568.88	3.0
571.68	3.0
575.84	3.0
581.28	3.0
589.48	3.0
598.52	3.0
619.12	3.0
628.84	3.0
654.08	3.0
657.52	3.0
666.08	3.0
678.44	3.0
741.36	3.0
783.68	3.0
786.6	3.0
819.68	3.0
902.44	3.0
915.84	3.0
921.0	3.0
923.56	3.0
939.84	3.0
953.72	3.0
980.0	3.0
1017.2	3.0
1043.12	3.0
1067.64	3.0
1073.4	3.0
1095.32	3.0
1119.24	3.0
1151.8	3.0
1163.6	3.0
1194.48	3.0
1224.52	3.0
1241.16	3.0
1301.96	3.0
1340.64	3.0
501.2	5.0
506.04	5.0
517.0	5.0
538.88	5.0
719.16	5.0
779.04	5.0
911.04	5.0
1340.2	5.0
533.0	5.0
561.52	5.0
573.2	5.0
587.96	5.0
600.24	5.0
627.44	5.0
629.96	5.0
705.04	5.0
740.36	5.0
809.48	5.0
823.44	5.0
893.2	5.0
922.72	5.0
967.52	5.0
1036.64	5.0
1090.04	5.0
1141.88	5.0
1282.88	5.0
462.64	6.0
480.6	6.0
495.44	6.0
503.4	6.0
508.16	6.0
515.96	6.0
521.24	6.0
528.0	6.0
532.04	6.0
539.36	6.0
544.16	6.0
549.16	6.0
554.04	6.0
596.2	6.0
601.96	6.0
653.44	6.0
659.44	6.0
676.32	6.0
684.0	6.0
695.36	6.0
702.52	6.0
719.8	6.0
737.32	6.0
757.88	6.0
771.4	6.0
785.32	6.0
810.48	6.0
850.4	6.0
876.52	6.0
901.76	6.0
938.92	6.0
957.88	6.0
974.48	6.0
994.84	6.0
1013.48	6.0
1099.2	6.0
1132.6	6.0
1169.36	6.0
1350.36	6.0
535.12	7.0
504.52	7.0
525.76	7.0
539.92	7.0
543.2	7.0
557.08	7.0
575.84	7.0
612.2	7.0
635.24	7.0
684.32	7.0
702.04	7.0
758.76	7.0
810.8	7.0
488.36	8.0
458.16	8.0
523.48	8.0
542.68	8.0
558.44	8.0
561.56	8.0
581.4	8.0
724.36	8.0
837.52	8.0
926.16	8.0
535.4	9.0
607.68	9.0
522.84	9.0
539.24	9.0
570.24	9.0
590.88	9.0
793.16	9.0
689.84	10.0
512.56	11.0
521.24	11.0
532.96	11.0
613.28	11.0
627.12	11.0
517.28	11.0
536.92	11.0
582.88	11.0
589.36	11.0
634.32	11.0
652.8	11.0
499.84	12.0
616.2	12.0
626.6	12.0
678.28	12.0
833.4	12.0
481.68	12.0
531.64	12.0
537.72	12.0
560.24	12.0
566.64	12.0
571.76	12.0
591.76	12.0
600.92	12.0
613.28	12.0
651.24	12.0
666.64	12.0
685.68	12.0
790.92	12.0
805.0	12.0
819.92	12.0
854.4	12.0
894.0	12.0
907.0	12.0
948.28	12.0
994.44	12.0
1015.92	12.0
1034.52	12.0
1056.08	12.0
1118.56	12.0
1174.12	12.0
1357.52	12.0
639.32	13.0
500.12	13.0
511.0	13.0
524.56	13.0
534.32	13.0
542.24	13.0
549.96	13.0
552.48	13.0
558.96	13.0
568.72	13.0
574.92	13.0
593.2	13.0
601.2	13.0
610.16	13.0
618.72	13.0
627.44	13.0
636.56	13.0
645.32	13.0
655.84	13.0
661.12	13.0
665.08	13.0
682.12	13.0
697.88	13.0
709.68	13.0
732.68	13.0
745.12	13.0
762.16	13.0
776.84	13.0
790.52	13.0
806.64	13.0
823.84	13.0
853.4	13.0
883.76	13.0
905.76	13.0
931.68	13.0
961.28	13.0
998.96	13.0
1035.6	13.0
1065.2	13.0
1098.4	13.0
1114.92	13.0
1158.32	13.0
1225.44	13.0
533.32	14.0
587.52	14.0
504.6	15.0
516.04	15.0
521.36	15.0
543.56	15.0
532.52	16.0
560.84	16.0
593.88	16.0
516.68	17.0
594.52	17.0
496.44	17.0
501.36	17.0
552.08	17.0
557.44	17.0
567.56	17.0
572.8	17.0
608.84	17.0
619.56	17.0
880.92	17.0
1172.4	17.0
481.36	18.0
516.72	18.0
543.04	18.0
607.8	18.0
655.52	18.0
676.48	18.0
741.0	18.0
744.52	18.0
593.76	19.0
676.36	19.0
968.44	19.0
1040.6	19.0
552.24	20.0
629.32	20.0
958.8	20.0
393.96	20.0
426.04	20.0
440.8	20.0
453.48	20.0
457.76	20.0
462.84	20.0
470.04	20.0
473.84	20.0
476.56	20.0
482.84	20.0
486.24	20.0
503.76	20.0
508.88	20.0
514.32	20.0
521.8	20.0
525.68	20.0
531.36	20.0
534.32	20.0
537.24	20.0
540.92	20.0
561.16	20.0
570.24	20.0
580.36	20.0
584.76	20.0
587.96	20.0
590.84	20.0
600.04	20.0
605.32	20.0
613.6	20.0
619.8	20.0
623.76	20.0
639.2	20.0
645.72	20.0
652.16	20.0
656.12	20.0
676.36	20.0
681.72	20.0
689.52	20.0
724.08	20.0
738.48	20.0
749.76	20.0
800.68	20.0
837.12	20.0
852.12	20.0
876.24	20.0
893.76	20.0
899.72	20.0
956.08	20.0
968.56	20.0
976.8	20.0
995.44	20.0
1021.28	20.0
1040.68	20.0
1064.16	20.0
1072.16	20.0
1077.44	20.0
1097.76	20.0
1116.08	20.0
1125.92	20.0
1196.32	20.0
1224.36	20.0
1258.48	20.0
1269.4	20.0
1321.56	20.0
1327.4	20.0
1358.56	20.0
1371.72	20.0
618.76	21.0
568.84	22.0
591.28	22.0
562.64	22.0
633.2	22.0
496.08	23.0
517.44	23.0
533.72	23.0
542.64	23.0
564.64	23.0
592.12	23.0
740.36	23.0
607.2	23.0
619.56	23.0
715.24	23.0
462.76	24.0
481.56	24.0
