283.56	1.0
340.76	1.0
356.92	1.0
389.2	1.0
400.96	1.0
419.32	1.0
317.68	1.0
347.76	1.0
372.16	1.0
374.68	1.0
408.0	1.0
415.52	1.0
423.76	1.0
444.08	1.0
458.84	1.0
1112.64	1.0
264.16	2.0
355.36	2.0
403.92	2.0
439.08	2.0
448.68	2.0
458.88	2.0
605.32	2.0
1186.48	2.0
1347.6	2.0
335.6	3.0
346.68	3.0
354.84	3.0
357.36	3.0
364.12	3.0
371.72	3.0
380.24	3.0
386.2	3.0
399.2	3.0
404.44	3.0
416.52	3.0
427.0	3.0
430.08	3.0
442.8	3.0
451.96	3.0
464.28	3.0
512.76	3.0
575.76	3.0
589.92	3.0
622.32	3.0
625.6	3.0
644.04	3.0
659.84	3.0
680.04	3.0
683.0	3.0
704.76	3.0
719.64	3.0
726.16	3.0
751.12	3.0
800.32	3.0
833.92	3.0
870.2	3.0
913.4	3.0
950.92	3.0
961.84	3.0
989.2	3.0
1008.08	3.0
1035.72	3.0
1074.08	3.0
1084.84	3.0
1157.48	3.0
1174.04	3.0
1259.36	3.0
1277.32	3.0
1365.4	3.0
362.16	5.0
375.68	5.0
577.52	5.0
782.12	5.0
837.6	5.0
1211.6	5.0
333.4	5.0
345.04	5.0
372.6	5.0
383.32	5.0
396.36	5.0
412.96	5.0
438.56	5.0
456.16	5.0
479.52	5.0
504.8	5.0
527.32	5.0
560.16	5.0
631.12	5.0
675.72	5.0
703.6	5.0
286.68	6.0
304.32	6.0
322.64	6.0
333.0	6.0
341.44	6.0
346.64	6.0
352.2	6.0
356.0	6.0
370.6	6.0
376.6	6.0
382.16	6.0
390.92	6.0
396.16	6.0
401.72	6.0
408.0	6.0
421.08	6.0
428.12	6.0
448.6	6.0
455.8	6.0
463.16	6.0
480.28	6.0
491.8	6.0
524.84	6.0
559.44	6.0
591.08	6.0
665.0	6.0
691.32	6.0
726.64	6.0
781.92	6.0
820.44	6.0
852.08	6.0
887.12	6.0
967.44	6.0
1005.52	6.0
1035.76	6.0
1094.44	6.0
1116.36	6.0
322.96	7.0
333.32	7.0
347.32	7.0
382.52	7.0
398.68	7.0
402.44	7.0
418.84	7.0
428.44	7.0
437.44	7.0
465.36	7.0
505.24	7.0
612.64	7.0
782.2	7.0
1116.72	7.0
264.64	8.0
423.52	8.0
443.88	8.0
871.68	8.0
1095.96	8.0
1433.72	8.0
279.76	8.0
334.04	8.0
362.4	8.0
375.48	8.0
414.88	8.0
986.88	8.0
1069.88	8.0
1189.08	8.0
407.68	9.0
452.68	9.0
760.2	9.0
492.76	10.0
351.96	11.0
381.52	11.0
385.8	11.0
393.92	11.0
402.6	11.0
415.96	11.0
429.92	11.0
523.88	11.0
333.2	11.0
346.28	11.0
358.28	11.0
363.72	11.0
373.08	11.0
377.08	11.0
388.32	11.0
597.4	11.0
336.48	12.0
372.36	12.0
419.96	12.0
754.88	12.0
797.12	12.0
944.88	12.0
316.12	12.0
333.08	12.0
344.2	12.0
351.8	12.0
362.32	12.0
381.8	12.0
387.48	12.0
405.48	12.0
425.36	12.0
428.16	12.0
454.2	12.0
476.2	12.0
529.6	12.0
575.64	12.0
582.2	12.0
623.68	12.0
689.16	12.0
781.48	12.0
801.44	12.0
851.28	12.0
868.4	12.0
963.96	12.0
1022.04	12.0
1072.56	12.0
1284.76	12.0
1300.4	12.0
1442.8	12.0
382.64	13.0
348.0	13.0
357.24	13.0
371.32	13.0
379.72	13.0
389.8	13.0
398.6	13.0
409.6	13.0
419.52	13.0
427.4	13.0
439.64	13.0
450.24	13.0
460.92	13.0
465.6	13.0
469.68	13.0
485.92	13.0
505.36	13.0
509.64	13.0
515.24	13.0
526.48	13.0
547.12	13.0
566.52	13.0
582.8	13.0
607.32	13.0
623.12	13.0
644.64	13.0
675.84	13.0
703.84	13.0
750.68	13.0
777.48	13.0
839.08	13.0
849.84	13.0
872.84	13.0
900.2	13.0
339.48	14.0
353.64	14.0
387.32	14.0
456.08	14.0
653.12	14.0
675.76	14.0
782.36	14.0
1034.88	14.0
398.72	15.0
612.8	15.0
358.6	15.0
654.84	15.0
370.8	16.0
425.64	16.0
457.04	16.0
759.72	16.0
1192.24	16.0
349.56	17.0
378.96	17.0
334.8	17.0
362.24	17.0
383.76	17.0
444.96	17.0
508.84	17.0
528.48	17.0
558.76	17.0
783.08	17.0
861.24	17.0
1097.56	17.0
1118.24	17.0
1189.6	17.0
1445.92	17.0
319.52	18.0
336.0	18.0
353.44	18.0
377.76	18.0
420.6	18.0
630.32	18.0
371.88	19.0
320.72	19.0
384.92	19.0
400.96	19.0
406.96	19.0
570.36	19.0
575.68	19.0
347.88	20.0
226.48	20.0
252.56	20.0
262.6	20.0
266.8	20.0
277.24	20.0
284.48	20.0
306.0	20.0
310.72	20.0
316.32	20.0
320.88	20.0
326.12	20.0
331.12	20.0
339.16	20.0
353.84	20.0
357.48	20.0
365.84	20.0
371.52	20.0
380.52	20.0
385.04	20.0
397.44	20.0
401.48	20.0
421.68	20.0
426.44	20.0
432.76	20.0
437.6	20.0
444.2	20.0
450.56	20.0
456.56	20.0
464.04	20.0
475.88	20.0
483.04	20.0
489.64	20.0
497.0	20.0
507.4	20.0
522.92	20.0
530.96	20.0
547.16	20.0
553.28	20.0
568.44	20.0
575.76	20.0
587.08	20.0
599.04	20.0
604.52	20.0
617.72	20.0
630.92	20.0
646.92	20.0
659.56	20.0
682.08	20.0
693.08	20.0
719.68	20.0
727.56	20.0
779.96	20.0
791.36	20.0
834.68	20.0
847.0	20.0
885.4	20.0
912.72	20.0
919.84	20.0
927.48	20.0
935.24	20.0
944.48	20.0
964.28	20.0
978.24	20.0
1003.44	20.0
1011.0	20.0
1022.76	20.0
1033.0	20.0
1049.96	20.0
1065.08	20.0
1084.32	20.0
1093.88	20.0
1110.52	20.0
1127.12	20.0
1146.76	20.0
1167.6	20.0
1184.88	20.0
1188.6	20.0
1237.2	20.0
1242.04	20.0
1246.04	20.0
1268.0	20.0
1296.12	20.0
1341.44	20.0
1350.44	20.0
1393.28	20.0
1429.96	20.0
1440.12	20.0
334.28	21.0
386.8	21.0
423.8	22.0
455.88	22.0
329.64	23.0
352.8	23.0
381.36	23.0
400.48	23.0
644.68	23.0
386.88	23.0
311.76	24.0
322.44	24.0
728.24	24.0
1064.44	24.0
1098.92	24.0
