13.48	1.0
43.04	1.0
60.2	1.0
958.12	1.0
1025.28	1.0
1084.08	1.0
1437.2	1.0
10.92	1.0
23.36	1.0
26.84	1.0
38.08	1.0
45.88	1.0
48.92	1.0
68.64	1.0
81.44	1.0
87.8	1.0
95.12	1.0
110.68	1.0
122.36	1.0
124.88	1.0
129.0	1.0
215.8	1.0
292.56	1.0
361.0	1.0
420.84	1.0
1229.48	1.0
38.16	2.0
41.56	2.0
52.76	2.0
67.48	2.0
78.08	2.0
85.48	2.0
110.6	2.0
113.36	2.0
121.56	2.0
135.16	2.0
153.72	2.0
187.08	2.0
248.08	2.0
382.32	2.0
909.4	2.0
1161.64	2.0
1373.16	2.0
10.2	3.0
21.08	3.0
23.8	3.0
38.48	3.0
41.24	3.0
45.12	3.0
51.2	3.0
57.68	3.0
63.52	3.0
70.44	3.0
76.8	3.0
82.72	3.0
85.28	3.0
94.88	3.0
102.6	3.0
113.6	3.0
134.4	3.0
149.32	3.0
154.44	3.0
217.28	3.0
291.12	3.0
302.96	3.0
328.76	3.0
333.2	3.0
344.68	3.0
363.4	3.0
372.32	3.0
383.72	3.0
407.08	3.0
410.0	3.0
427.44	3.0
456.92	3.0
483.88	3.0
488.28	3.0
496.24	3.0
508.88	3.0
537.16	3.0
549.92	3.0
573.8	3.0
601.8	3.0
618.6	3.0
634.44	3.0
658.0	3.0
679.24	3.0
725.44	3.0
745.72	3.0
769.44	3.0
795.4	3.0
799.92	3.0
936.56	3.0
955.16	3.0
1080.12	3.0
1115.04	3.0
1159.52	3.0
1175.76	3.0
4.32	5.0
17.04	5.0
35.16	5.0
48.72	5.0
70.52	5.0
80.28	5.0
95.52	5.0
112.96	5.0
130.84	5.0
148.8	5.0
171.44	5.0
179.2	5.0
188.76	5.0
205.84	5.0
231.56	5.0
256.52	5.0
274.72	5.0
296.12	5.0
347.96	5.0
420.48	5.0
597.28	5.0
8.16	6.0
12.84	6.0
23.0	6.0
27.36	6.0
32.68	6.0
39.6	6.0
43.48	6.0
58.32	6.0
62.28	6.0
96.4	6.0
103.04	6.0
107.2	6.0
113.28	6.0
119.96	6.0
127.12	6.0
136.72	6.0
141.84	6.0
146.08	6.0
153.08	6.0
169.44	6.0
190.04	6.0
220.84	6.0
230.12	6.0
246.96	6.0
277.48	6.0
348.96	6.0
407.04	6.0
458.32	6.0
488.56	6.0
529.08	6.0
569.48	6.0
667.72	6.0
700.8	6.0
752.8	6.0
806.28	6.0
893.08	6.0
1068.84	6.0
1148.72	6.0
1286.56	6.0
1358.12	6.0
13.08	7.0
23.0	7.0
35.04	7.0
50.4	7.0
73.12	7.0
85.76	7.0
387.92	7.0
701.16	7.0
10.44	8.0
568.6	8.0
911.0	8.0
1183.36	8.0
20.92	8.0
32.96	8.0
41.84	8.0
46.48	8.0
68.52	8.0
112.52	8.0
298.28	8.0
326.92	8.0
7.04	9.0
38.24	9.0
48.52	9.0
69.6	9.0
114.96	9.0
135.12	9.0
252.84	9.0
279.52	9.0
14.88	11.0
24.84	11.0
36.88	11.0
64.36	11.0
111.56	11.0
143.08	11.0
11.92	11.0
28.12	11.0
49.68	11.0
78.36	11.0
18.12	12.0
38.56	12.0
41.2	12.0
96.16	12.0
112.28	12.0
299.64	12.0
595.36	12.0
647.0	12.0
793.88	12.0
1117.24	12.0
7.28	12.0
14.64	12.0
32.96	12.0
49.32	12.0
62.68	12.0
82.88	12.0
130.16	12.0
178.64	12.0
184.36	12.0
205.96	12.0
211.28	12.0
220.0	12.0
241.12	12.0
246.64	12.0
321.8	12.0
333.56	12.0
342.96	12.0
383.56	12.0
426.88	12.0
463.68	12.0
514.32	12.0
523.4	12.0
573.16	12.0
718.88	12.0
831.44	12.0
857.52	12.0
907.72	12.0
959.72	12.0
964.0	12.0
1063.72	12.0
1248.76	12.0
1437.4	12.0
24.24	13.0
34.68	13.0
43.72	13.0
50.84	13.0
60.88	13.0
70.52	13.0
77.4	13.0
83.52	13.0
96.08	13.0
103.88	13.0
112.12	13.0
126.52	13.0
131.12	13.0
134.8	13.0
145.96	13.0
156.44	13.0
170.76	13.0
182.68	13.0
193.12	13.0
212.64	13.0
223.8	13.0
238.28	13.0
251.2	13.0
281.64	13.0
296.92	13.0
326.68	13.0
344.68	13.0
362.8	13.0
380.88	13.0
401.28	13.0
424.76	13.0
453.04	13.0
489.72	13.0
518.16	13.0
553.72	13.0
575.36	13.0
627.08	13.0
705.2	13.0
1117.04	13.0
23.24	14.0
30.2	14.0
130.84	14.0
73.28	15.0
24.2	15.0
28.72	16.0
74.08	16.0
385.96	16.0
467.64	16.0
137.96	17.0
5.68	17.0
42.16	17.0
65.12	17.0
69.92	17.0
75.04	17.0
114.64	17.0
243.28	17.0
546.16	17.0
714.48	17.0
819.2	17.0
1343.72	17.0
1405.48	17.0
109.32	18.0
29.68	19.0
165.68	19.0
723.48	20.0
4.64	20.0
11.44	20.0
17.6	20.0
22.36	20.0
29.84	20.0
33.56	20.0
37.52	20.0
41.04	20.0
45.84	20.0
49.16	20.0
54.12	20.0
58.64	20.0
61.4	20.0
77.84	20.0
82.04	20.0
124.8	20.0
129.2	20.0
139.72	20.0
147.36	20.0
154.44	20.0
159.52	20.0
192.6	20.0
212.2	20.0
218.6	20.0
242.64	20.0
295.12	20.0
324.84	20.0
330.28	20.0
353.12	20.0
360.28	20.0
367.56	20.0
387.24	20.0
399.52	20.0
447.48	20.0
464.28	20.0
468.4	20.0
484.48	20.0
520.04	20.0
527.32	20.0
570.0	20.0
584.32	20.0
598.0	20.0
612.84	20.0
618.12	20.0
631.52	20.0
647.32	20.0
666.92	20.0
682.4	20.0
696.44	20.0
757.24	20.0
776.12	20.0
784.76	20.0
797.88	20.0
807.08	20.0
832.0	20.0
842.84	20.0
863.72	20.0
885.84	20.0
891.56	20.0
907.52	20.0
912.08	20.0
926.12	20.0
935.84	20.0
954.2	20.0
961.4	20.0
965.44	20.0
995.6	20.0
1003.2	20.0
1021.32	20.0
1052.36	20.0
1065.04	20.0
1073.56	20.0
1115.64	20.0
1140.36	20.0
1147.32	20.0
1153.76	20.0
1165.12	20.0
1183.2	20.0
1190.2	20.0
1214.04	20.0
1228.76	20.0
1241.04	20.0
1272.28	20.0
1284.72	20.0
1297.16	20.0
1325.92	20.0
1376.16	20.0
1403.56	20.0
1429.28	20.0
1448.16	20.0
16.12	21.0
74.2	21.0
78.48	22.0
40.0	22.0
13.84	23.0
37.08	23.0
58.64	23.0
77.64	23.0
83.52	23.0
86.4	23.0
104.76	23.0
130.36	23.0
61.8	23.0
101.28	23.0
108.72	23.0
273.48	23.0
248.44	24.0
13.2	24.0
25.64	24.0
425.56	24.0
1155.48	24.0
