518.8	1.0
522.08	1.0
548.2	1.0
570.04	1.0
603.52	1.0
668.72	1.0
812.2	1.0
1151.84	1.0
1315.8	1.0
535.76	1.0
543.76	1.0
556.36	1.0
561.92	1.0
565.52	1.0
577.48	1.0
581.24	1.0
588.32	1.0
597.12	1.0
606.68	1.0
614.84	1.0
625.32	1.0
630.76	1.0
652.08	1.0
987.6	1.0
506.08	2.0
534.16	2.0
544.68	2.0
550.92	2.0
562.72	2.0
578.08	2.0
609.24	2.0
621.28	2.0
685.76	2.0
709.6	2.0
1190.52	2.0
1254.84	2.0
1366.72	2.0
632.0	3.0
543.32	3.0
551.24	3.0
557.04	3.0
560.32	3.0
565.56	3.0
570.64	3.0
578.28	3.0
585.12	3.0
589.76	3.0
611.96	3.0
625.72	3.0
637.84	3.0
652.6	3.0
656.2	3.0
660.76	3.0
671.92	3.0
680.12	3.0
689.04	3.0
721.6	3.0
733.96	3.0
738.84	3.0
746.6	3.0
753.56	3.0
851.04	3.0
859.2	3.0
866.08	3.0
880.32	3.0
892.16	3.0
918.12	3.0
934.52	3.0
939.28	3.0
984.52	3.0
1037.56	3.0
1048.84	3.0
1063.6	3.0
1112.16	3.0
1119.0	3.0
1204.08	3.0
1231.84	3.0
1260.84	3.0
1268.24	3.0
1290.84	3.0
1364.6	3.0
524.72	5.0
548.64	5.0
594.2	5.0
937.8	5.0
1135.8	5.0
1188.8	5.0
558.8	5.0
573.4	5.0
577.64	5.0
597.92	5.0
610.92	5.0
625.64	5.0
642.92	5.0
656.08	5.0
676.4	5.0
705.24	5.0
748.64	5.0
768.16	5.0
842.92	5.0
859.72	5.0
927.6	5.0
1008.28	5.0
545.8	6.0
565.64	6.0
514.8	6.0
533.56	6.0
537.28	6.0
542.84	6.0
549.04	6.0
555.88	6.0
561.36	6.0
575.16	6.0
580.92	6.0
586.92	6.0
592.44	6.0
598.76	6.0
610.6	6.0
615.64	6.0
652.68	6.0
660.12	6.0
665.88	6.0
672.92	6.0
719.4	6.0
730.64	6.0
743.28	6.0
770.84	6.0
830.96	6.0
863.0	6.0
908.08	6.0
969.24	6.0
1047.88	6.0
1085.56	6.0
1135.68	6.0
1192.08	6.0
1250.0	6.0
1281.88	6.0
1344.0	6.0
1370.16	6.0
629.68	7.0
546.68	7.0
549.32	7.0
558.32	7.0
580.0	7.0
595.96	7.0
608.56	7.0
632.88	7.0
642.56	7.0
673.2	7.0
687.84	7.0
717.76	7.0
744.72	7.0
792.2	7.0
846.28	7.0
1235.08	7.0
1354.56	7.0
907.64	8.0
913.84	8.0
545.8	8.0
554.0	8.0
569.68	8.0
583.84	8.0
607.72	8.0
611.6	8.0
620.76	8.0
685.44	8.0
830.84	8.0
1135.36	8.0
562.16	9.0
541.32	9.0
557.32	9.0
606.92	9.0
625.52	9.0
645.52	9.0
771.0	9.0
609.08	10.0
1006.4	10.0
541.16	11.0
545.32	11.0
560.36	11.0
573.16	11.0
581.12	11.0
602.52	11.0
625.68	11.0
652.4	11.0
1055.52	11.0
608.96	11.0
634.84	11.0
645.92	11.0
686.4	11.0
702.84	11.0
711.96	11.0
585.44	12.0
608.28	12.0
531.96	12.0
538.48	12.0
541.08	12.0
546.32	12.0
557.48	12.0
572.12	12.0
582.68	12.0
596.08	12.0
602.92	12.0
611.28	12.0
618.36	12.0
624.64	12.0
629.84	12.0
665.32	12.0
676.52	12.0
695.84	12.0
699.56	12.0
731.24	12.0
751.6	12.0
888.6	12.0
967.16	12.0
1028.12	12.0
1055.56	12.0
1070.76	12.0
1101.76	12.0
1136.96	12.0
1188.08	12.0
537.92	13.0
547.84	13.0
551.2	13.0
557.76	13.0
566.0	13.0
572.28	13.0
580.24	13.0
588.88	13.0
595.48	13.0
601.8	13.0
608.76	13.0
622.68	13.0
630.52	13.0
639.68	13.0
648.44	13.0
656.28	13.0
664.68	13.0
673.64	13.0
683.6	13.0
698.68	13.0
708.64	13.0
719.36	13.0
723.32	13.0
734.36	13.0
746.68	13.0
760.96	13.0
774.12	13.0
787.0	13.0
802.4	13.0
828.96	13.0
845.16	13.0
873.76	13.0
892.84	13.0
912.4	13.0
934.48	13.0
961.44	13.0
988.92	13.0
1020.56	13.0
1044.52	13.0
1084.52	13.0
1113.2	13.0
1135.68	13.0
1173.24	13.0
1219.88	13.0
1256.04	13.0
1351.92	13.0
529.76	14.0
582.88	14.0
612.68	14.0
806.28	14.0
1295.84	14.0
546.84	15.0
596.08	15.0
717.92	15.0
744.84	15.0
531.92	15.0
601.92	15.0
829.24	15.0
549.2	16.0
589.2	16.0
635.12	16.0
796.2	16.0
969.8	16.0
552.92	17.0
579.16	17.0
775.52	17.0
596.84	17.0
606.12	17.0
618.32	17.0
644.32	17.0
652.12	17.0
670.52	17.0
692.64	17.0
737.04	17.0
761.56	17.0
766.48	17.0
855.2	17.0
927.72	17.0
973.48	17.0
1007.52	17.0
1050.24	17.0
1091.36	17.0
1129.96	17.0
544.72	18.0
590.16	18.0
650.16	18.0
727.72	18.0
854.76	18.0
1222.36	18.0
545.76	19.0
552.12	19.0
570.12	19.0
699.64	19.0
986.24	19.0
607.64	20.0
332.68	20.0
336.72	20.0
487.8	20.0
504.76	20.0
508.44	20.0
512.12	20.0
515.76	20.0
521.84	20.0
526.08	20.0
531.96	20.0
535.6	20.0
539.68	20.0
542.92	20.0
548.72	20.0
554.44	20.0
560.2	20.0
565.72	20.0
570.28	20.0
573.52	20.0
578.2	20.0
590.8	20.0
596.12	20.0
611.6	20.0
617.08	20.0
624.72	20.0
632.8	20.0
649.96	20.0
667.84	20.0
672.6	20.0
699.72	20.0
708.96	20.0
728.36	20.0
734.84	20.0
750.88	20.0
760.0	20.0
768.64	20.0
798.36	20.0
807.8	20.0
839.16	20.0
847.48	20.0
858.36	20.0
866.36	20.0
878.84	20.0
910.36	20.0
936.28	20.0
969.28	20.0
995.0	20.0
1031.36	20.0
1082.64	20.0
1103.12	20.0
1112.8	20.0
1118.04	20.0
1138.76	20.0
1159.32	20.0
1191.88	20.0
1197.08	20.0
1212.04	20.0
1223.4	20.0
1255.4	20.0
1270.64	20.0
1281.0	20.0
1292.2	20.0
1298.92	20.0
1330.0	20.0
1339.2	20.0
1350.84	20.0
1369.96	20.0
707.8	21.0
549.72	21.0
579.08	21.0
531.24	22.0
582.48	22.0
608.84	22.0
652.36	22.0
696.16	22.0
569.6	22.0
534.28	23.0
551.36	23.0
557.8	23.0
573.04	23.0
612.68	23.0
645.84	23.0
696.24	23.0
562.28	23.0
654.8	23.0
749.88	23.0
531.56	24.0
547.2	24.0
611.28	24.0
1137.24	24.0
