628.36	1.0
669.32	1.0
687.72	1.0
709.84	1.0
728.68	1.0
778.6	1.0
857.72	1.0
1045.84	1.0
1300.48	1.0
690.68	1.0
705.84	1.0
718.24	1.0
762.0	1.0
772.44	1.0
781.36	1.0
800.72	1.0
806.68	1.0
1109.88	1.0
608.04	2.0
648.08	2.0
703.0	2.0
722.52	2.0
736.8	2.0
741.68	2.0
756.68	2.0
778.36	2.0
781.88	2.0
799.24	2.0
822.08	2.0
861.4	2.0
1223.24	2.0
1255.72	2.0
651.52	3.0
677.88	3.0
691.76	3.0
695.48	3.0
706.92	3.0
709.72	3.0
715.2	3.0
723.68	3.0
731.72	3.0
740.96	3.0
751.32	3.0
762.28	3.0
769.92	3.0
779.92	3.0
799.28	3.0
808.52	3.0
819.96	3.0
824.12	3.0
837.4	3.0
849.0	3.0
858.28	3.0
862.32	3.0
881.84	3.0
895.64	3.0
911.56	3.0
924.08	3.0
942.4	3.0
961.4	3.0
980.96	3.0
997.24	3.0
1014.76	3.0
1021.56	3.0
1051.44	3.0
1102.72	3.0
1121.52	3.0
1141.48	3.0
1157.28	3.0
1178.6	3.0
1197.4	3.0
1203.48	3.0
676.4	5.0
712.72	5.0
1132.64	5.0
695.64	5.0
708.56	5.0
721.88	5.0
734.92	5.0
740.56	5.0
758.88	5.0
764.24	5.0
796.4	5.0
799.32	5.0
818.96	5.0
841.68	5.0
893.2	5.0
981.44	6.0
636.32	6.0
659.28	6.0
674.16	6.0
681.48	6.0
688.12	6.0
692.48	6.0
697.24	6.0
704.56	6.0
710.52	6.0
719.56	6.0
723.8	6.0
729.36	6.0
736.04	6.0
744.84	6.0
750.92	6.0
761.32	6.0
764.08	6.0
770.36	6.0
778.32	6.0
783.04	6.0
799.88	6.0
808.52	6.0
820.4	6.0
830.4	6.0
847.24	6.0
862.72	6.0
877.48	6.0
898.08	6.0
910.4	6.0
931.24	6.0
1266.0	6.0
659.6	7.0
721.24	7.0
738.08	7.0
757.76	7.0
775.48	7.0
795.56	7.0
836.08	7.0
872.52	7.0
678.32	8.0
1152.84	8.0
700.28	8.0
726.28	8.0
735.92	8.0
754.16	8.0
1194.24	8.0
697.56	9.0
748.52	9.0
751.48	9.0
782.84	9.0
791.92	9.0
881.72	9.0
920.4	9.0
942.76	9.0
779.84	11.0
798.92	11.0
611.16	11.0
694.4	11.0
729.68	11.0
762.0	11.0
1012.32	11.0
735.92	12.0
758.56	12.0
804.4	12.0
1316.88	12.0
657.12	12.0
667.44	12.0
686.04	12.0
693.76	12.0
696.32	12.0
707.76	12.0
739.88	12.0
749.56	12.0
754.52	12.0
763.4	12.0
775.84	12.0
780.52	12.0
798.32	12.0
821.4	12.0
841.96	12.0
864.4	12.0
904.16	12.0
931.12	12.0
982.28	12.0
986.68	12.0
1001.28	12.0
1042.56	12.0
1077.72	12.0
1094.08	12.0
1184.96	12.0
1199.0	12.0
749.36	13.0
702.72	13.0
717.44	13.0
729.96	13.0
739.2	13.0
744.96	13.0
760.76	13.0
771.6	13.0
774.28	13.0
779.8	13.0
792.64	13.0
798.88	13.0
802.24	13.0
805.64	13.0
821.4	13.0
837.24	13.0
852.6	13.0
865.32	13.0
896.04	13.0
912.52	13.0
937.68	13.0
960.48	13.0
981.44	13.0
1011.12	13.0
1033.08	13.0
1057.88	13.0
1082.76	13.0
1113.6	13.0
1166.04	13.0
1198.44	13.0
1304.76	13.0
731.28	14.0
710.36	14.0
777.08	14.0
1306.92	14.0
738.12	15.0
757.88	15.0
836.16	15.0
872.64	15.0
708.28	16.0
741.96	16.0
779.0	16.0
902.68	17.0
684.04	17.0
686.8	17.0
697.76	17.0
727.96	17.0
736.68	17.0
751.04	17.0
807.6	17.0
857.24	17.0
938.28	17.0
1010.32	17.0
1263.2	17.0
667.08	18.0
705.68	18.0
770.28	18.0
839.8	18.0
999.2	18.0
1023.52	18.0
735.16	19.0
762.44	19.0
805.84	19.0
655.28	19.0
767.32	19.0
1032.88	19.0
1049.16	19.0
1337.68	19.0
903.2	20.0
323.32	20.0
586.28	20.0
590.4	20.0
607.0	20.0
610.48	20.0
621.76	20.0
629.76	20.0
635.2	20.0
641.96	20.0
648.88	20.0
653.4	20.0
663.48	20.0
666.84	20.0
674.64	20.0
681.12	20.0
684.64	20.0
691.96	20.0
696.72	20.0
702.16	20.0
708.32	20.0
720.16	20.0
723.32	20.0
725.84	20.0
730.12	20.0
735.8	20.0
740.08	20.0
744.96	20.0
754.52	20.0
759.24	20.0
763.16	20.0
769.32	20.0
775.2	20.0
782.64	20.0
799.4	20.0
813.76	20.0
817.56	20.0
832.28	20.0
838.04	20.0
842.04	20.0
845.04	20.0
850.72	20.0
861.28	20.0
877.4	20.0
889.76	20.0
895.76	20.0
914.92	20.0
926.08	20.0
934.68	20.0
946.96	20.0
971.44	20.0
978.68	20.0
983.16	20.0
996.92	20.0
1011.76	20.0
1034.32	20.0
1043.8	20.0
1055.4	20.0
1068.68	20.0
1078.36	20.0
1104.92	20.0
1112.8	20.0
1135.2	20.0
1152.16	20.0
1156.96	20.0
1196.76	20.0
1214.64	20.0
1231.4	20.0
1253.28	20.0
1261.64	20.0
1278.36	20.0
1285.48	20.0
1306.64	20.0
1315.0	20.0
1322.28	20.0
1338.0	20.0
1358.32	20.0
1367.72	20.0
721.04	21.0
776.24	22.0
707.92	22.0
680.8	23.0
706.96	23.0
746.68	23.0
777.44	23.0
981.48	23.0
721.24	23.0
875.92	23.0
903.12	23.0
1039.76	23.0
671.72	24.0
801.48	24.0
1138.96	24.0
