652.04	1.0
732.72	1.0
749.64	1.0
771.96	1.0
795.92	1.0
814.84	1.0
830.48	1.0
878.28	1.0
1354.28	1.0
675.12	1.0
742.6	1.0
914.6	1.0
646.28	2.0
674.6	2.0
705.84	2.0
781.12	2.0
814.64	2.0
880.12	2.0
884.0	2.0
929.36	2.0
970.2	2.0
854.16	3.0
648.8	3.0
674.32	3.0
742.48	3.0
746.36	3.0
754.72	3.0
761.68	3.0
764.68	3.0
773.48	3.0
785.6	3.0
796.16	3.0
803.12	3.0
814.28	3.0
825.96	3.0
828.48	3.0
840.64	3.0
867.08	3.0
879.08	3.0
882.12	3.0
898.4	3.0
909.44	3.0
923.12	3.0
963.96	3.0
978.4	3.0
993.32	3.0
1012.64	3.0
1023.32	3.0
1036.08	3.0
1048.2	3.0
1060.96	3.0
1100.92	3.0
1104.32	3.0
1130.36	3.0
1152.36	3.0
1159.4	3.0
1226.56	3.0
1229.92	3.0
1256.64	3.0
1283.96	3.0
1311.8	3.0
862.4	5.0
982.08	5.0
1104.56	5.0
1190.16	5.0
1296.32	5.0
734.88	5.0
780.44	5.0
784.4	5.0
824.08	5.0
850.0	5.0
877.4	5.0
881.68	5.0
888.4	5.0
907.84	5.0
961.92	5.0
986.12	5.0
1030.64	5.0
644.4	6.0
676.12	6.0
699.04	6.0
717.56	6.0
725.36	6.0
739.16	6.0
744.52	6.0
757.6	6.0
777.28	6.0
781.44	6.0
790.24	6.0
799.32	6.0
810.24	6.0
819.96	6.0
835.48	6.0
849.6	6.0
861.52	6.0
874.84	6.0
900.16	6.0
909.8	6.0
925.56	6.0
951.44	6.0
1023.2	6.0
1065.76	6.0
1154.24	6.0
1187.52	6.0
1225.36	6.0
1249.52	6.0
1334.76	6.0
721.24	7.0
737.64	7.0
744.88	7.0
773.36	7.0
776.8	7.0
792.64	7.0
810.64	7.0
822.36	7.0
1022.52	7.0
1154.6	7.0
673.84	8.0
721.44	8.0
728.24	8.0
751.72	8.0
840.72	8.0
851.92	8.0
864.72	8.0
716.2	9.0
783.28	9.0
878.72	9.0
891.2	9.0
914.6	9.0
674.12	10.0
648.64	11.0
727.6	11.0
757.44	11.0
761.76	11.0
932.64	11.0
962.68	11.0
734.28	11.0
781.64	11.0
794.24	11.0
809.52	11.0
843.56	11.0
885.8	11.0
1225.4	11.0
793.24	12.0
853.56	12.0
962.6	12.0
674.4	12.0
683.36	12.0
706.8	12.0
713.68	12.0
720.64	12.0
736.0	12.0
744.8	12.0
754.88	12.0
760.48	12.0
788.76	12.0
815.36	12.0
843.84	12.0
847.96	12.0
885.12	12.0
911.08	12.0
913.64	12.0
926.12	12.0
982.56	12.0
1008.0	12.0
1102.4	12.0
1157.16	12.0
1188.64	12.0
1218.44	12.0
1249.4	12.0
1304.12	12.0
1324.8	12.0
745.92	13.0
758.68	13.0
769.32	13.0
787.16	13.0
796.64	13.0
807.72	13.0
820.68	13.0
835.28	13.0
847.2	13.0
849.72	13.0
861.24	13.0
877.36	13.0
889.52	13.0
910.16	13.0
925.6	13.0
953.44	13.0
982.28	13.0
996.2	13.0
1008.52	13.0
1019.32	13.0
1037.52	13.0
1059.36	13.0
1091.92	13.0
1111.0	13.0
1160.88	13.0
1241.16	13.0
1316.28	13.0
789.68	14.0
863.36	14.0
809.96	14.0
824.04	14.0
849.0	14.0
857.48	14.0
776.92	15.0
822.4	15.0
748.32	15.0
771.04	16.0
804.4	16.0
1157.16	16.0
675.36	17.0
689.4	17.0
710.28	17.0
727.96	17.0
762.68	17.0
796.36	17.0
815.64	17.0
867.0	17.0
886.72	17.0
914.24	17.0
1002.68	17.0
1057.92	17.0
1092.16	17.0
742.24	18.0
850.96	18.0
1039.2	18.0
1184.48	18.0
729.04	19.0
840.24	19.0
798.48	19.0
913.44	19.0
1041.96	19.0
1067.64	19.0
913.28	20.0
604.08	20.0
620.52	20.0
630.36	20.0
639.6	20.0
644.48	20.0
647.64	20.0
655.28	20.0
661.36	20.0
671.92	20.0
676.64	20.0
684.44	20.0
686.96	20.0
693.0	20.0
699.2	20.0
707.36	20.0
714.36	20.0
719.24	20.0
721.84	20.0
727.88	20.0
734.48	20.0
741.92	20.0
755.92	20.0
762.2	20.0
765.48	20.0
769.2	20.0
782.96	20.0
788.2	20.0
798.08	20.0
803.36	20.0
808.8	20.0
815.24	20.0
818.56	20.0
823.56	20.0
831.96	20.0
838.84	20.0
848.48	20.0
856.24	20.0
862.24	20.0
875.84	20.0
884.68	20.0
890.96	20.0
900.88	20.0
908.24	20.0
925.32	20.0
937.72	20.0
943.36	20.0
951.28	20.0
960.16	20.0
964.04	20.0
973.76	20.0
983.64	20.0
991.56	20.0
999.48	20.0
1008.8	20.0
1017.56	20.0
1042.04	20.0
1050.64	20.0
1063.12	20.0
1073.44	20.0
1084.12	20.0
1093.2	20.0
1105.6	20.0
1115.12	20.0
1138.32	20.0
1154.8	20.0
1187.92	20.0
1196.24	20.0
1223.88	20.0
1242.0	20.0
1246.96	20.0
1270.04	20.0
1273.32	20.0
1285.4	20.0
1309.44	20.0
1323.6	20.0
1339.32	20.0
1355.68	20.0
759.24	22.0
793.4	22.0
852.92	22.0
877.0	22.0
826.0	22.0
735.16	23.0
790.2	23.0
820.72	23.0
930.64	23.0
1040.72	23.0
1044.04	23.0
703.0	24.0
1008.76	24.0
1225.8	24.0
