293.04	1.0
311.08	1.0
372.4	1.0
395.12	1.0
418.12	1.0
435.6	1.0
455.12	1.0
476.92	1.0
502.88	1.0
534.36	1.0
883.24	1.0
1098.16	1.0
1319.56	1.0
359.32	1.0
442.8	1.0
449.12	1.0
585.84	1.0
621.56	1.0
720.52	1.0
730.56	1.0
774.16	1.0
1011.76	1.0
1175.64	1.0
1301.72	1.0
268.68	2.0
322.28	2.0
384.08	2.0
405.0	2.0
413.48	2.0
416.0	2.0
440.0	2.0
500.68	2.0
1079.56	2.0
357.84	3.0
375.2	3.0
388.6	3.0
397.28	3.0
405.32	3.0
414.36	3.0
423.72	3.0
435.96	3.0
444.64	3.0
454.36	3.0
461.24	3.0
472.6	3.0
483.44	3.0
496.6	3.0
503.24	3.0
506.32	3.0
510.56	3.0
529.2	3.0
534.04	3.0
544.88	3.0
550.2	3.0
563.28	3.0
594.04	3.0
609.6	3.0
656.6	3.0
668.2	3.0
684.56	3.0
719.92	3.0
762.92	3.0
781.4	3.0
823.72	3.0
829.12	3.0
858.8	3.0
889.04	3.0
919.52	3.0
963.2	3.0
1068.52	3.0
1144.68	3.0
1147.56	3.0
1189.32	3.0
1293.0	3.0
1296.96	3.0
367.96	5.0
375.04	5.0
464.16	5.0
421.2	5.0
426.36	5.0
448.4	5.0
454.96	5.0
477.88	5.0
485.0	5.0
517.28	5.0
536.72	5.0
540.04	5.0
551.0	5.0
564.36	5.0
604.44	5.0
775.48	5.0
1008.64	5.0
316.44	6.0
332.24	6.0
355.36	6.0
363.56	6.0
371.96	6.0
376.08	6.0
387.48	6.0
397.6	6.0
406.32	6.0
412.24	6.0
419.56	6.0
426.88	6.0
439.2	6.0
442.92	6.0
453.56	6.0
460.32	6.0
477.8	6.0
485.64	6.0
495.76	6.0
502.68	6.0
508.48	6.0
518.0	6.0
528.84	6.0
564.6	6.0
581.48	6.0
623.32	6.0
656.88	6.0
667.32	6.0
751.2	6.0
810.88	6.0
888.52	6.0
926.76	6.0
958.76	6.0
1050.8	6.0
1126.36	6.0
1175.0	6.0
1212.4	6.0
1249.16	6.0
1319.92	6.0
363.84	7.0
387.04	7.0
412.6	7.0
417.44	7.0
420.08	7.0
443.28	7.0
456.08	7.0
460.76	7.0
562.56	7.0
565.08	7.0
667.68	7.0
888.92	7.0
1175.36	7.0
398.0	8.0
905.92	8.0
345.44	8.0
395.0	8.0
419.76	8.0
438.92	8.0
471.04	8.0
1292.04	8.0
386.24	9.0
450.36	9.0
364.16	11.0
397.6	11.0
472.68	11.0
343.44	11.0
360.64	11.0
401.56	11.0
413.28	11.0
486.36	11.0
1109.48	11.0
330.88	12.0
379.88	12.0
412.8	12.0
950.88	12.0
324.8	12.0
343.04	12.0
364.2	12.0
366.72	12.0
369.6	12.0
372.96	12.0
388.32	12.0
396.4	12.0
402.76	12.0
433.08	12.0
435.88	12.0
447.08	12.0
456.16	12.0
472.64	12.0
478.12	12.0
497.12	12.0
512.04	12.0
604.48	12.0
621.6	12.0
648.44	12.0
781.68	12.0
799.24	12.0
824.8	12.0
898.88	12.0
989.04	12.0
1018.6	12.0
1048.48	12.0
1168.76	12.0
1210.32	12.0
1232.76	12.0
1274.64	12.0
1332.36	12.0
360.32	13.0
377.84	13.0
392.8	13.0
404.16	13.0
415.44	13.0
433.28	13.0
449.4	13.0
456.4	13.0
462.04	13.0
470.4	13.0
481.52	13.0
496.36	13.0
506.92	13.0
524.96	13.0
535.32	13.0
548.44	13.0
566.64	13.0
584.6	13.0
587.12	13.0
607.36	13.0
623.44	13.0
644.64	13.0
667.16	13.0
693.76	13.0
719.72	13.0
750.76	13.0
774.04	13.0
805.08	13.0
867.6	13.0
893.68	13.0
998.24	13.0
1178.92	13.0
397.04	14.0
499.84	14.0
426.12	14.0
503.2	14.0
508.84	14.0
582.04	14.0
417.56	15.0
456.2	15.0
468.36	15.0
1161.32	15.0
403.4	16.0
460.24	16.0
509.96	16.0
363.76	17.0
372.0	17.0
474.68	17.0
528.36	17.0
564.96	17.0
586.48	17.0
833.92	17.0
1207.2	17.0
1341.2	17.0
401.52	18.0
421.4	18.0
490.28	18.0
775.76	18.0
808.92	18.0
451.08	19.0
483.04	19.0
518.92	19.0
684.56	19.0
867.88	19.0
370.68	20.0
416.6	20.0
868.32	20.0
212.0	20.0
243.72	20.0
254.52	20.0
271.2	20.0
282.24	20.0
303.0	20.0
312.04	20.0
320.4	20.0
324.16	20.0
328.68	20.0
334.8	20.0
341.28	20.0
347.08	20.0
351.4	20.0
354.68	20.0
362.48	20.0
379.52	20.0
386.6	20.0
393.6	20.0
398.92	20.0
406.88	20.0
413.24	20.0
426.84	20.0
438.12	20.0
443.2	20.0
449.76	20.0
454.44	20.0
458.64	20.0
466.6	20.0
471.24	20.0
477.08	20.0
483.16	20.0
489.2	20.0
496.36	20.0
503.36	20.0
508.36	20.0
514.68	20.0
526.64	20.0
530.8	20.0
536.64	20.0
543.92	20.0
565.24	20.0
570.44	20.0
575.36	20.0
584.96	20.0
605.92	20.0
612.52	20.0
620.84	20.0
647.04	20.0
667.24	20.0
684.64	20.0
693.88	20.0
719.68	20.0
735.96	20.0
746.92	20.0
759.88	20.0
773.4	20.0
787.04	20.0
800.64	20.0
825.0	20.0
831.76	20.0
878.56	20.0
901.12	20.0
907.28	20.0
911.12	20.0
944.44	20.0
965.88	20.0
988.28	20.0
1006.08	20.0
1017.8	20.0
1048.48	20.0
1077.68	20.0
1083.2	20.0
1108.4	20.0
1116.48	20.0
1128.08	20.0
1153.8	20.0
1171.56	20.0
1178.52	20.0
1197.24	20.0
1213.8	20.0
1245.32	20.0
1255.92	20.0
1303.92	20.0
1316.16	20.0
472.24	21.0
417.8	21.0
503.08	21.0
374.12	22.0
530.84	22.0
541.8	22.0
624.76	22.0
457.12	22.0
502.64	22.0
356.84	23.0
420.48	23.0
460.24	23.0
484.92	23.0
744.64	23.0
784.28	23.0
1112.92	23.0
343.2	24.0
365.6	24.0
