484.24	1.0
487.28	1.0
525.52	1.0
536.0	1.0
555.08	1.0
581.08	1.0
601.88	1.0
620.52	1.0
1175.76	1.0
1278.8	1.0
544.44	1.0
574.12	1.0
585.32	1.0
597.16	1.0
616.4	1.0
638.56	1.0
450.16	2.0
468.64	2.0
494.36	2.0
513.16	2.0
543.0	2.0
583.56	2.0
596.8	2.0
613.4	2.0
698.36	2.0
708.32	2.0
1333.2	2.0
500.4	3.0
524.84	3.0
538.56	3.0
545.24	3.0
549.68	3.0
561.88	3.0
570.32	3.0
580.6	3.0
588.48	3.0
601.64	3.0
613.24	3.0
624.28	3.0
634.24	3.0
641.96	3.0
678.04	3.0
690.88	3.0
702.2	3.0
722.04	3.0
733.8	3.0
762.44	3.0
794.2	3.0
811.16	3.0
834.6	3.0
837.2	3.0
844.56	3.0
856.6	3.0
869.28	3.0
883.0	3.0
885.96	3.0
918.56	3.0
938.48	3.0
953.68	3.0
984.24	3.0
991.6	3.0
1043.12	3.0
1084.68	3.0
1109.12	3.0
1120.76	3.0
1127.76	3.0
1142.92	3.0
1166.24	3.0
1176.64	3.0
1204.44	3.0
1264.84	3.0
1296.96	3.0
1347.12	3.0
563.16	5.0
538.52	5.0
545.56	5.0
553.28	5.0
578.04	5.0
597.24	5.0
617.6	5.0
635.72	5.0
659.24	5.0
686.68	5.0
715.8	5.0
762.72	5.0
812.56	5.0
839.68	5.0
857.0	5.0
1207.28	5.0
1294.36	5.0
464.36	6.0
493.84	6.0
501.4	6.0
516.6	6.0
526.76	6.0
535.24	6.0
538.72	6.0
541.48	6.0
551.68	6.0
560.68	6.0
566.52	6.0
574.44	6.0
582.0	6.0
595.92	6.0
615.56	6.0
633.36	6.0
643.84	6.0
654.88	6.0
669.6	6.0
685.72	6.0
694.88	6.0
716.16	6.0
730.32	6.0
751.96	6.0
764.88	6.0
774.2	6.0
797.24	6.0
848.72	6.0
885.0	6.0
912.36	6.0
983.08	6.0
1041.8	6.0
1211.92	6.0
1278.88	6.0
1350.64	6.0
562.84	7.0
566.76	7.0
579.12	7.0
612.56	7.0
686.04	7.0
713.28	7.0
797.6	7.0
885.4	7.0
1351.0	7.0
1176.48	8.0
1206.08	8.0
565.68	8.0
581.44	8.0
598.6	8.0
601.52	8.0
657.44	8.0
882.4	8.0
489.56	9.0
547.08	9.0
616.92	9.0
620.0	9.0
649.0	9.0
684.56	9.0
1282.76	9.0
555.0	11.0
613.04	11.0
616.6	11.0
668.0	11.0
880.76	11.0
1358.56	11.0
546.12	12.0
672.72	12.0
502.64	12.0
512.16	12.0
528.88	12.0
533.0	12.0
541.08	12.0
560.08	12.0
577.4	12.0
583.36	12.0
601.52	12.0
610.96	12.0
614.28	12.0
627.88	12.0
660.2	12.0
699.8	12.0
764.8	12.0
784.28	12.0
804.2	12.0
819.88	12.0
910.84	12.0
966.72	12.0
985.72	12.0
1013.96	12.0
1039.28	12.0
1108.04	12.0
1175.8	12.0
1287.0	12.0
1339.44	12.0
542.4	13.0
557.72	13.0
564.48	13.0
568.64	13.0
578.48	13.0
586.8	13.0
597.92	13.0
609.04	13.0
618.12	13.0
630.56	13.0
641.44	13.0
657.2	13.0
670.36	13.0
688.68	13.0
701.08	13.0
716.92	13.0
730.28	13.0
746.72	13.0
767.6	13.0
789.04	13.0
811.52	13.0
833.04	13.0
872.0	13.0
896.16	13.0
932.24	13.0
977.44	13.0
1062.52	13.0
533.72	14.0
553.84	14.0
611.52	14.0
614.96	14.0
669.6	14.0
789.56	14.0
562.92	15.0
579.2	15.0
842.04	15.0
554.56	16.0
598.0	16.0
634.96	16.0
864.64	16.0
611.32	17.0
493.36	17.0
501.2	17.0
531.36	17.0
534.04	17.0
587.2	17.0
666.92	17.0
713.16	17.0
793.88	17.0
814.4	17.0
832.16	17.0
531.16	18.0
578.76	18.0
611.32	18.0
700.48	18.0
776.48	18.0
1080.4	18.0
560.72	19.0
812.84	19.0
391.04	20.0
425.6	20.0
438.64	20.0
452.76	20.0
461.84	20.0
471.12	20.0
478.2	20.0
486.48	20.0
491.08	20.0
496.84	20.0
500.0	20.0
506.36	20.0
512.36	20.0
525.12	20.0
528.6	20.0
538.32	20.0
543.4	20.0
549.04	20.0
554.88	20.0
559.84	20.0
566.28	20.0
572.2	20.0
577.2	20.0
585.32	20.0
596.2	20.0
609.84	20.0
613.72	20.0
616.52	20.0
634.24	20.0
640.52	20.0
652.92	20.0
656.92	20.0
660.08	20.0
667.24	20.0
678.0	20.0
682.96	20.0
697.92	20.0
706.24	20.0
715.92	20.0
721.24	20.0
729.6	20.0
736.68	20.0
743.16	20.0
748.2	20.0
762.0	20.0
768.72	20.0
787.8	20.0
793.08	20.0
818.92	20.0
844.2	20.0
852.08	20.0
861.08	20.0
881.36	20.0
890.32	20.0
911.32	20.0
929.76	20.0
943.08	20.0
947.68	20.0
970.96	20.0
984.12	20.0
1020.64	20.0
1023.72	20.0
1040.84	20.0
1071.96	20.0
1088.24	20.0
1105.56	20.0
1121.72	20.0
1132.08	20.0
1178.44	20.0
1219.04	20.0
1231.2	20.0
1242.08	20.0
1263.0	20.0
1281.36	20.0
1289.84	20.0
1312.6	20.0
1335.6	20.0
1341.96	20.0
1360.68	20.0
544.64	21.0
598.56	22.0
700.2	22.0
637.16	22.0
496.12	23.0
525.2	23.0
562.96	23.0
789.2	23.0
1153.04	23.0
614.08	23.0
663.44	23.0
791.88	23.0
502.08	24.0
