457.76	1.0
476.32	1.0
521.8	1.0
531.48	1.0
536.64	1.0
552.2	1.0
566.16	1.0
578.2	1.0
609.28	1.0
641.08	1.0
793.88	1.0
495.2	1.0
525.04	1.0
539.88	1.0
546.44	1.0
562.44	1.0
583.6	1.0
591.32	1.0
602.48	1.0
616.52	1.0
621.44	1.0
634.32	1.0
675.04	1.0
705.76	1.0
1361.2	1.0
382.16	2.0
464.4	2.0
504.36	2.0
524.8	2.0
536.64	2.0
545.52	2.0
567.04	2.0
588.64	2.0
597.96	2.0
617.2	2.0
636.88	2.0
681.24	2.0
684.92	2.0
733.72	2.0
741.64	2.0
1158.96	2.0
467.24	3.0
480.28	3.0
499.52	3.0
514.68	3.0
518.12	3.0
521.28	3.0
525.92	3.0
532.36	3.0
538.24	3.0
552.16	3.0
554.84	3.0
568.36	3.0
579.0	3.0
583.12	3.0
586.8	3.0
590.32	3.0
598.68	3.0
601.76	3.0
606.84	3.0
610.88	3.0
615.44	3.0
648.36	3.0
676.4	3.0
718.2	3.0
728.24	3.0
736.04	3.0
740.48	3.0
745.56	3.0
759.0	3.0
776.52	3.0
850.76	3.0
884.76	3.0
893.44	3.0
907.72	3.0
926.0	3.0
941.0	3.0
951.12	3.0
969.48	3.0
973.44	3.0
1000.04	3.0
1040.08	3.0
1056.16	3.0
1079.48	3.0
1086.04	3.0
1108.44	3.0
1130.72	3.0
1178.08	3.0
1220.48	3.0
1253.44	3.0
515.96	5.0
523.84	5.0
536.04	5.0
544.56	5.0
559.04	5.0
578.84	5.0
592.48	5.0
614.8	5.0
631.56	5.0
668.0	5.0
683.32	5.0
700.52	5.0
707.52	5.0
746.16	5.0
776.68	5.0
806.8	5.0
850.44	5.0
905.44	5.0
940.88	5.0
990.44	5.0
1070.88	5.0
1116.2	5.0
473.96	6.0
495.24	6.0
509.12	6.0
516.08	6.0
526.64	6.0
531.64	6.0
535.68	6.0
542.04	6.0
547.52	6.0
561.6	6.0
567.6	6.0
577.8	6.0
588.04	6.0
604.72	6.0
648.56	6.0
654.84	6.0
660.84	6.0
667.4	6.0
678.96	6.0
690.28	6.0
696.32	6.0
704.04	6.0
716.6	6.0
727.04	6.0
738.36	6.0
766.68	6.0
779.8	6.0
811.88	6.0
823.16	6.0
846.32	6.0
887.36	6.0
923.52	6.0
991.56	6.0
1256.04	6.0
1313.08	6.0
521.8	7.0
548.16	7.0
563.16	7.0
574.48	7.0
587.36	7.0
598.28	7.0
615.56	7.0
630.84	7.0
646.08	7.0
660.24	7.0
475.64	8.0
537.76	8.0
709.6	8.0
528.44	8.0
534.92	8.0
545.88	8.0
550.48	8.0
556.76	8.0
562.0	8.0
567.4	8.0
571.56	8.0
578.72	8.0
634.88	8.0
669.84	8.0
694.68	8.0
728.4	8.0
756.6	8.0
523.92	9.0
532.24	9.0
551.12	9.0
571.28	9.0
582.32	9.0
601.32	9.0
587.2	10.0
551.0	10.0
533.96	11.0
550.6	11.0
562.8	11.0
568.2	11.0
617.96	11.0
654.56	11.0
497.52	11.0
525.76	11.0
641.2	11.0
528.4	12.0
582.76	12.0
498.44	12.0
515.64	12.0
518.56	12.0
524.88	12.0
547.36	12.0
563.48	12.0
568.28	12.0
587.32	12.0
610.08	12.0
616.92	12.0
635.68	12.0
644.4	12.0
650.48	12.0
661.48	12.0
668.72	12.0
682.64	12.0
694.44	12.0
699.56	12.0
708.4	12.0
727.68	12.0
736.08	12.0
756.36	12.0
773.52	12.0
778.84	12.0
867.08	12.0
885.2	12.0
914.96	12.0
925.76	12.0
956.4	12.0
994.16	12.0
1217.0	12.0
1335.68	12.0
609.32	13.0
520.4	13.0
528.8	13.0
536.64	13.0
546.88	13.0
558.44	13.0
565.52	13.0
573.28	13.0
582.64	13.0
590.36	13.0
597.36	13.0
606.12	13.0
614.76	13.0
620.28	13.0
632.84	13.0
643.88	13.0
651.32	13.0
660.8	13.0
671.44	13.0
679.96	13.0
696.92	13.0
714.24	13.0
728.16	13.0
740.12	13.0
756.92	13.0
769.8	13.0
790.8	13.0
809.6	13.0
825.08	13.0
846.0	13.0
869.4	13.0
890.08	13.0
916.44	13.0
939.68	13.0
962.76	13.0
997.24	13.0
1040.36	13.0
1081.68	13.0
1145.28	13.0
1256.4	13.0
519.08	14.0
522.68	14.0
538.04	14.0
547.08	14.0
588.2	14.0
644.48	14.0
831.0	14.0
548.36	15.0
564.32	15.0
686.84	15.0
525.84	16.0
564.4	16.0
593.8	17.0
711.56	17.0
885.08	17.0
489.68	17.0
512.04	17.0
551.68	17.0
558.76	17.0
568.56	17.0
583.28	17.0
588.04	17.0
613.28	17.0
663.12	17.0
676.48	17.0
693.28	17.0
729.68	17.0
848.0	17.0
1250.36	17.0
524.48	18.0
530.8	18.0
598.24	18.0
968.4	18.0
1175.28	18.0
551.12	19.0
466.84	19.0
562.68	19.0
603.92	19.0
855.8	19.0
709.56	20.0
320.96	20.0
384.88	20.0
442.6	20.0
466.88	20.0
473.88	20.0
481.28	20.0
485.6	20.0
489.76	20.0
495.64	20.0
503.16	20.0
506.8	20.0
512.68	20.0
517.32	20.0
521.52	20.0
526.2	20.0
532.08	20.0
534.88	20.0
537.68	20.0
547.44	20.0
551.88	20.0
560.08	20.0
563.32	20.0
571.56	20.0
577.96	20.0
583.2	20.0
592.28	20.0
597.36	20.0
602.2	20.0
635.0	20.0
639.92	20.0
645.04	20.0
661.28	20.0
672.96	20.0
678.2	20.0
683.16	20.0
688.0	20.0
694.28	20.0
722.4	20.0
727.96	20.0
743.16	20.0
748.52	20.0
756.84	20.0
786.56	20.0
853.44	20.0
871.32	20.0
879.04	20.0
914.76	20.0
929.24	20.0
947.52	20.0
958.24	20.0
995.12	20.0
1038.44	20.0
1093.44	20.0
1110.08	20.0
1156.92	20.0
1192.72	20.0
1267.28	20.0
1299.2	20.0
1315.72	20.0
1329.88	20.0
1360.68	20.0
526.72	21.0
582.32	22.0
613.92	22.0
645.8	22.0
506.24	23.0
525.16	23.0
546.6	23.0
550.92	23.0
572.48	23.0
635.4	23.0
643.2	23.0
1040.08	23.0
482.12	24.0
524.08	24.0
503.36	24.0
550.16	24.0
617.4	24.0
926.6	24.0
