25.08	1.0
109.2	1.0
206.36	1.0
251.0	1.0
415.8	1.0
470.76	1.0
597.76	1.0
669.52	1.0
851.0	1.0
1427.96	1.0
62.6	1.0
134.72	1.0
153.32	1.0
176.52	1.0
190.44	1.0
203.68	1.0
209.24	1.0
240.08	1.0
305.48	1.0
394.04	1.0
1102.64	1.0
24.92	2.0
105.6	2.0
117.96	2.0
172.4	2.0
176.48	2.0
191.4	2.0
201.4	2.0
238.44	2.0
271.96	2.0
379.32	2.0
908.52	2.0
1163.04	2.0
1241.24	2.0
1372.6	2.0
119.48	3.0
133.56	3.0
140.08	3.0
151.04	3.0
163.4	3.0
168.56	3.0
172.6	3.0
180.72	3.0
198.88	3.0
207.6	3.0
215.96	3.0
226.84	3.0
248.4	3.0
254.8	3.0
266.4	3.0
280.32	3.0
294.16	3.0
313.6	3.0
322.96	3.0
335.04	3.0
368.12	3.0
400.52	3.0
418.4	3.0
429.08	3.0
449.08	3.0
501.28	3.0
539.36	3.0
545.16	3.0
578.48	3.0
618.6	3.0
649.8	3.0
674.64	3.0
701.64	3.0
704.6	3.0
752.12	3.0
756.2	3.0
790.32	3.0
824.0	3.0
916.72	3.0
1181.8	3.0
1409.04	3.0
150.12	5.0
642.12	5.0
1190.56	5.0
1227.12	5.0
153.56	5.0
164.4	5.0
196.96	5.0
221.36	5.0
247.76	5.0
272.68	5.0
297.28	5.0
321.44	5.0
393.72	5.0
397.56	5.0
503.68	5.0
667.52	5.0
48.48	6.0
90.0	6.0
102.96	6.0
117.36	6.0
122.56	6.0
132.24	6.0
135.6	6.0
143.68	6.0
152.44	6.0
158.6	6.0
176.64	6.0
184.12	6.0
193.48	6.0
197.56	6.0
203.2	6.0
208.96	6.0
219.2	6.0
224.68	6.0
235.92	6.0
245.88	6.0
252.04	6.0
265.96	6.0
273.16	6.0
292.4	6.0
295.72	6.0
306.08	6.0
313.72	6.0
339.16	6.0
380.36	6.0
428.88	6.0
443.2	6.0
471.96	6.0
512.96	6.0
573.04	6.0
660.04	6.0
737.32	6.0
845.76	6.0
988.32	6.0
1013.32	6.0
1162.72	6.0
1222.24	6.0
1272.12	6.0
1342.84	6.0
1382.08	6.0
90.32	7.0
97.2	7.0
115.84	7.0
148.64	7.0
165.2	7.0
182.24	7.0
210.32	7.0
243.64	7.0
246.2	7.0
423.68	7.0
1222.56	7.0
77.16	8.0
108.2	8.0
247.64	8.0
470.8	8.0
672.24	8.0
1285.24	8.0
129.24	8.0
147.52	8.0
180.32	8.0
891.96	8.0
94.6	9.0
127.76	9.0
178.84	9.0
596.24	9.0
1105.16	9.0
104.12	11.0
1219.04	11.0
203.6	11.0
1244.16	11.0
177.96	12.0
273.48	12.0
60.12	12.0
90.88	12.0
93.6	12.0
121.36	12.0
126.08	12.0
136.48	12.0
143.92	12.0
146.56	12.0
153.6	12.0
180.76	12.0
189.72	12.0
196.36	12.0
203.76	12.0
207.96	12.0
220.04	12.0
225.24	12.0
246.12	12.0
265.88	12.0
287.28	12.0
329.04	12.0
411.24	12.0
449.16	12.0
489.28	12.0
507.24	12.0
625.08	12.0
672.4	12.0
722.32	12.0
928.88	12.0
1069.56	12.0
1203.32	12.0
1224.8	12.0
1335.96	12.0
1375.48	12.0
1382.8	12.0
1390.44	12.0
131.88	13.0
143.12	13.0
153.16	13.0
163.84	13.0
171.64	13.0
182.12	13.0
191.68	13.0
200.0	13.0
211.2	13.0
223.76	13.0
238.0	13.0
247.64	13.0
258.68	13.0
268.56	13.0
288.32	13.0
305.76	13.0
321.4	13.0
346.92	13.0
361.92	13.0
380.48	13.0
399.08	13.0
413.24	13.0
431.72	13.0
452.44	13.0
472.52	13.0
520.72	13.0
558.84	13.0
586.32	13.0
647.08	13.0
673.72	13.0
243.8	14.0
321.92	14.0
990.24	14.0
115.92	15.0
182.32	15.0
423.76	15.0
109.8	16.0
167.0	16.0
182.56	16.0
229.92	16.0
634.88	16.0
1223.8	16.0
154.92	17.0
162.2	17.0
188.04	17.0
774.6	17.0
107.72	17.0
134.04	17.0
149.6	17.0
222.44	17.0
246.64	17.0
259.44	17.0
319.92	17.0
476.76	17.0
563.12	17.0
706.88	17.0
1310.6	17.0
1373.36	17.0
1393.68	17.0
171.32	18.0
149.64	18.0
188.12	18.0
223.04	18.0
638.68	18.0
806.08	18.0
987.36	18.0
226.84	19.0
697.08	19.0
749.0	19.0
7.0	20.0
17.64	20.0
27.16	20.0
38.68	20.0
43.04	20.0
47.56	20.0
55.76	20.0
63.4	20.0
69.6	20.0
81.76	20.0
88.68	20.0
91.72	20.0
94.44	20.0
102.92	20.0
108.16	20.0
114.32	20.0
120.72	20.0
125.24	20.0
130.8	20.0
145.64	20.0
153.72	20.0
159.32	20.0
166.56	20.0
174.84	20.0
183.56	20.0
187.56	20.0
193.08	20.0
196.08	20.0
202.96	20.0
207.68	20.0
212.6	20.0
217.32	20.0
224.04	20.0
232.24	20.0
246.68	20.0
260.96	20.0
303.88	20.0
321.76	20.0
330.84	20.0
356.88	20.0
364.72	20.0
373.12	20.0
378.96	20.0
396.04	20.0
406.6	20.0
428.52	20.0
447.32	20.0
471.44	20.0
493.64	20.0
534.04	20.0
542.24	20.0
550.92	20.0
583.24	20.0
612.12	20.0
638.4	20.0
659.04	20.0
666.2	20.0
686.44	20.0
734.28	20.0
745.4	20.0
755.84	20.0
782.32	20.0
799.4	20.0
821.72	20.0
855.92	20.0
866.76	20.0
872.76	20.0
891.48	20.0
911.2	20.0
929.0	20.0
947.36	20.0
961.6	20.0
980.48	20.0
987.56	20.0
1005.2	20.0
1013.6	20.0
1086.96	20.0
1118.6	20.0
1126.44	20.0
1152.6	20.0
1161.68	20.0
1167.76	20.0
1192.4	20.0
1217.84	20.0
1243.48	20.0
1251.0	20.0
1274.4	20.0
1284.32	20.0
1293.16	20.0
1299.56	20.0
1332.88	20.0
1340.88	20.0
1372.68	20.0
1381.12	20.0
1406.48	20.0
59.28	21.0
128.6	21.0
154.12	21.0
204.6	21.0
178.2	22.0
291.92	22.0
94.28	23.0
128.68	23.0
164.52	23.0
219.64	23.0
178.08	23.0
201.12	23.0
332.8	23.0
672.88	23.0
84.44	24.0
166.88	24.0
