377.32	1.0
395.76	1.0
426.36	1.0
480.8	1.0
494.48	1.0
498.28	1.0
522.2	1.0
546.04	1.0
561.24	1.0
566.28	1.0
589.16	1.0
600.16	1.0
752.96	1.0
1415.8	1.0
462.2	1.0
470.2	1.0
503.88	1.0
536.44	1.0
558.2	1.0
579.76	1.0
607.4	1.0
625.44	1.0
679.0	1.0
773.04	1.0
975.8	1.0
1095.6	1.0
1186.96	1.0
1411.92	1.0
351.0	2.0
381.76	2.0
463.2	2.0
487.8	2.0
557.24	2.0
560.52	2.0
575.32	2.0
595.6	2.0
600.68	2.0
645.24	2.0
711.84	2.0
797.8	2.0
1273.28	2.0
1422.32	2.0
385.12	3.0
449.04	3.0
470.24	3.0
482.32	3.0
493.48	3.0
503.08	3.0
513.76	3.0
526.24	3.0
538.08	3.0
553.4	3.0
563.0	3.0
585.16	3.0
588.52	3.0
596.84	3.0
600.24	3.0
609.16	3.0
627.88	3.0
638.32	3.0
648.68	3.0
681.36	3.0
691.32	3.0
710.24	3.0
726.16	3.0
737.76	3.0
749.32	3.0
767.92	3.0
777.36	3.0
786.76	3.0
810.72	3.0
822.0	3.0
826.44	3.0
848.8	3.0
864.12	3.0
869.12	3.0
897.2	3.0
909.8	3.0
934.12	3.0
938.96	3.0
964.92	3.0
996.64	3.0
999.16	3.0
1030.72	3.0
1044.68	3.0
1071.64	3.0
1104.36	3.0
1125.52	3.0
1157.2	3.0
1185.8	3.0
1218.68	3.0
1256.32	3.0
503.32	5.0
583.12	5.0
795.4	5.0
1138.36	5.0
485.32	5.0
513.84	5.0
536.04	5.0
552.36	5.0
557.52	5.0
569.96	5.0
598.0	5.0
617.56	5.0
631.12	5.0
635.08	5.0
658.24	5.0
668.44	5.0
699.68	5.0
789.0	5.0
852.92	5.0
942.28	5.0
1060.32	5.0
1110.76	5.0
397.24	6.0
450.56	6.0
466.4	6.0
476.0	6.0
478.56	6.0
483.6	6.0
490.68	6.0
496.4	6.0
504.12	6.0
509.64	6.0
524.04	6.0
533.12	6.0
540.44	6.0
547.44	6.0
557.68	6.0
565.48	6.0
572.84	6.0
580.96	6.0
588.44	6.0
594.0	6.0
599.72	6.0
605.84	6.0
620.12	6.0
629.32	6.0
634.16	6.0
646.28	6.0
652.4	6.0
658.52	6.0
678.2	6.0
692.0	6.0
706.76	6.0
742.52	6.0
757.64	6.0
789.12	6.0
843.64	6.0
867.0	6.0
911.4	6.0
1035.72	6.0
1106.56	6.0
1177.56	6.0
1342.2	6.0
1415.24	6.0
491.0	7.0
496.72	7.0
501.92	7.0
522.8	7.0
542.52	7.0
558.04	7.0
560.92	7.0
572.96	7.0
598.2	7.0
629.68	7.0
658.88	7.0
707.08	7.0
540.28	8.0
560.92	8.0
795.8	8.0
865.68	8.0
962.44	8.0
489.92	8.0
506.32	8.0
523.56	8.0
554.68	8.0
585.16	8.0
592.2	8.0
488.72	9.0
491.76	9.0
534.76	9.0
586.28	9.0
603.08	9.0
450.24	11.0
466.52	11.0
510.28	11.0
552.68	11.0
591.56	11.0
504.0	11.0
605.32	11.0
516.44	12.0
620.28	12.0
745.96	12.0
807.8	12.0
848.68	12.0
448.36	12.0
470.28	12.0
483.0	12.0
486.72	12.0
490.2	12.0
501.88	12.0
504.4	12.0
527.84	12.0
543.96	12.0
549.04	12.0
573.44	12.0
599.4	12.0
612.16	12.0
676.28	12.0
678.92	12.0
723.48	12.0
794.88	12.0
876.28	12.0
1045.4	12.0
1082.16	12.0
1107.44	12.0
1110.04	12.0
1125.44	12.0
1246.24	12.0
1346.76	12.0
496.84	13.0
506.32	13.0
514.84	13.0
523.68	13.0
534.72	13.0
544.36	13.0
557.28	13.0
571.0	13.0
580.12	13.0
590.24	13.0
597.6	13.0
613.28	13.0
617.88	13.0
632.48	13.0
644.96	13.0
659.16	13.0
669.48	13.0
682.96	13.0
698.04	13.0
716.12	13.0
730.72	13.0
758.88	13.0
775.48	13.0
792.48	13.0
809.84	13.0
824.08	13.0
833.2	13.0
851.56	13.0
882.8	13.0
909.88	13.0
928.84	13.0
952.12	13.0
974.56	13.0
1000.16	13.0
1037.64	13.0
1117.6	13.0
490.8	14.0
616.24	14.0
502.88	14.0
523.84	14.0
538.12	14.0
545.76	14.0
580.88	14.0
598.08	14.0
1138.64	14.0
502.04	15.0
522.92	15.0
584.88	15.0
615.64	15.0
506.04	16.0
577.08	16.0
686.0	16.0
522.16	17.0
540.72	17.0
813.24	17.0
417.64	17.0
470.0	17.0
498.16	17.0
509.96	17.0
534.36	17.0
575.12	17.0
577.64	17.0
587.32	17.0
608.0	17.0
731.8	17.0
772.76	17.0
793.52	17.0
796.68	17.0
851.08	17.0
922.6	17.0
515.92	18.0
796.44	18.0
865.88	18.0
521.92	19.0
633.56	19.0
434.12	19.0
450.32	19.0
580.44	19.0
618.16	20.0
315.2	20.0
343.76	20.0
353.8	20.0
365.08	20.0
370.92	20.0
384.12	20.0
395.28	20.0
411.16	20.0
429.12	20.0
434.76	20.0
439.92	20.0
445.88	20.0
450.36	20.0
458.64	20.0
463.08	20.0
468.0	20.0
474.28	20.0
478.6	20.0
481.96	20.0
487.48	20.0
492.68	20.0
497.76	20.0
503.36	20.0
509.16	20.0
513.88	20.0
517.68	20.0
523.24	20.0
530.92	20.0
535.08	20.0
540.16	20.0
543.24	20.0
554.16	20.0
559.68	20.0
566.4	20.0
571.6	20.0
575.6	20.0
581.76	20.0
585.12	20.0
590.6	20.0
594.68	20.0
598.8	20.0
604.96	20.0
634.36	20.0
641.76	20.0
647.12	20.0
654.12	20.0
665.6	20.0
677.0	20.0
701.76	20.0
709.52	20.0
726.64	20.0
738.8	20.0
745.8	20.0
758.8	20.0
763.52	20.0
772.08	20.0
796.08	20.0
824.0	20.0
849.16	20.0
877.16	20.0
883.56	20.0
890.76	20.0
936.52	20.0
976.28	20.0
985.6	20.0
1032.76	20.0
1049.56	20.0
1067.36	20.0
1081.36	20.0
1105.32	20.0
1108.0	20.0
1113.48	20.0
1146.36	20.0
1177.0	20.0
1186.24	20.0
1249.12	20.0
1274.72	20.0
1279.68	20.0
1292.56	20.0
1307.12	20.0
1318.8	20.0
1353.28	20.0
1369.68	20.0
1404.24	20.0
1425.6	20.0
1434.76	20.0
526.08	21.0
491.84	22.0
582.16	22.0
462.4	23.0
503.04	23.0
561.24	23.0
570.2	23.0
596.32	23.0
599.4	23.0
833.4	23.0
851.84	23.0
933.36	23.0
544.84	23.0
581.76	23.0
655.36	23.0
745.56	23.0
1064.4	23.0
428.12	24.0
580.2	24.0
914.28	24.0
450.24	24.0
545.6	24.0
619.36	24.0
