933.68	1.0
951.56	1.0
991.36	1.0
1041.56	1.0
1077.0	1.0
1120.04	1.0
1127.2	1.0
1343.92	1.0
973.0	1.0
999.36	1.0
1007.08	1.0
1031.6	1.0
1054.84	1.0
1141.6	1.0
1182.32	1.0
1198.12	1.0
1038.48	2.0
882.24	2.0
924.28	2.0
968.2	2.0
971.8	2.0
1051.36	2.0
1100.84	2.0
927.04	3.0
971.68	3.0
994.72	3.0
1005.6	3.0
1012.72	3.0
1022.48	3.0
1038.32	3.0
1049.48	3.0
1059.4	3.0
1063.24	3.0
1070.44	3.0
1075.72	3.0
1087.28	3.0
1095.68	3.0
1100.08	3.0
1104.28	3.0
1116.84	3.0
1119.56	3.0
1132.84	3.0
1150.96	3.0
1181.24	3.0
1219.36	3.0
1231.16	3.0
1242.72	3.0
1252.52	3.0
1273.36	3.0
1287.32	3.0
1310.6	3.0
1313.12	3.0
1338.6	3.0
1226.16	5.0
1017.68	5.0
1023.2	5.0
1040.52	5.0
1046.72	5.0
1060.08	5.0
1077.52	5.0
1097.44	5.0
1119.08	5.0
1148.28	5.0
1184.52	5.0
1199.68	5.0
1202.4	5.0
1217.44	5.0
1265.8	5.0
944.16	6.0
954.4	6.0
974.24	6.0
981.68	6.0
997.24	6.0
1008.4	6.0
1016.48	6.0
1024.88	6.0
1032.84	6.0
1042.72	6.0
1048.16	6.0
1053.28	6.0
1061.92	6.0
1066.6	6.0
1082.08	6.0
1087.36	6.0
1101.56	6.0
1105.56	6.0
1122.64	6.0
1132.96	6.0
1156.0	6.0
1164.36	6.0
1219.2	6.0
1234.28	6.0
954.68	7.0
994.8	7.0
1016.84	7.0
1032.16	7.0
1051.28	7.0
1092.04	7.0
1120.76	7.0
1133.32	7.0
1200.12	7.0
1081.12	8.0
1278.12	8.0
1346.8	8.0
936.4	8.0
1014.52	8.0
1031.32	8.0
1054.96	8.0
1001.04	9.0
987.68	9.0
1018.6	9.0
1030.0	9.0
1057.12	9.0
1161.32	9.0
1278.6	9.0
959.0	11.0
1002.16	11.0
1158.52	11.0
1163.0	11.0
927.28	11.0
972.48	11.0
990.44	11.0
1033.76	11.0
1052.92	11.0
1000.92	12.0
1187.84	12.0
1198.2	12.0
1252.24	12.0
927.12	12.0
958.76	12.0
972.84	12.0
978.72	12.0
982.64	12.0
991.08	12.0
1009.52	12.0
1016.88	12.0
1033.12	12.0
1036.24	12.0
1044.52	12.0
1048.08	12.0
1055.44	12.0
1064.24	12.0
1067.88	12.0
1077.76	12.0
1095.6	12.0
1101.0	12.0
1110.32	12.0
1117.16	12.0
1127.28	12.0
1132.48	12.0
1158.6	12.0
1165.44	12.0
1175.52	12.0
1244.2	12.0
1258.32	12.0
1330.88	12.0
1339.08	12.0
1033.4	13.0
997.68	13.0
1015.4	13.0
1027.0	13.0
1038.12	13.0
1049.0	13.0
1057.04	13.0
1076.48	13.0
1099.24	13.0
1113.56	13.0
1126.48	13.0
1130.76	13.0
1146.52	13.0
1160.84	13.0
1175.08	13.0
1186.84	13.0
1208.8	13.0
1225.8	13.0
1232.88	13.0
1259.8	13.0
1290.92	13.0
1326.32	13.0
1024.64	14.0
1131.4	14.0
1145.04	14.0
994.96	15.0
1032.32	15.0
1051.4	15.0
1015.28	15.0
1171.8	15.0
1002.64	16.0
1085.52	16.0
964.76	17.0
1056.44	17.0
1152.32	17.0
985.76	17.0
997.72	17.0
1030.48	17.0
1039.64	17.0
1046.16	17.0
1077.92	17.0
1111.48	17.0
1130.72	17.0
1210.48	17.0
1299.64	17.0
1032.8	18.0
1039.32	18.0
1052.16	18.0
1160.72	18.0
1248.64	18.0
999.6	19.0
1022.56	19.0
1046.6	19.0
1102.76	19.0
1217.92	19.0
1038.56	20.0
760.8	20.0
822.36	20.0
837.68	20.0
854.16	20.0
858.52	20.0
884.6	20.0
891.52	20.0
901.64	20.0
914.48	20.0
926.72	20.0
931.76	20.0
934.76	20.0
943.72	20.0
951.2	20.0
959.04	20.0
963.6	20.0
969.12	20.0
972.28	20.0
981.32	20.0
989.12	20.0
999.68	20.0
1005.48	20.0
1010.4	20.0
1017.44	20.0
1020.72	20.0
1027.24	20.0
1033.16	20.0
1043.64	20.0
1048.36	20.0
1052.56	20.0
1062.48	20.0
1072.76	20.0
1086.8	20.0
1097.96	20.0
1113.52	20.0
1121.24	20.0
1142.36	20.0
1147.2	20.0
1160.96	20.0
1169.88	20.0
1181.4	20.0
1191.0	20.0
1205.08	20.0
1224.52	20.0
1234.84	20.0
1244.72	20.0
1257.6	20.0
1277.48	20.0
1290.04	20.0
1309.2	20.0
1319.72	20.0
1330.64	20.0
1031.0	22.0
1148.0	22.0
1101.92	22.0
1133.4	22.0
979.08	23.0
1026.52	23.0
1053.4	23.0
1049.52	23.0
1133.04	23.0
1197.88	23.0
962.48	24.0
983.32	24.0
