873.24	1.0
890.56	1.0
910.84	1.0
942.32	1.0
979.32	1.0
986.0	1.0
1025.16	1.0
1077.52	1.0
1082.2	1.0
847.64	1.0
952.0	1.0
959.16	1.0
970.16	1.0
989.0	1.0
999.84	1.0
1003.48	1.0
1037.32	1.0
1383.88	1.0
1404.44	1.0
1414.4	1.0
1448.68	1.0
845.8	2.0
890.36	2.0
951.68	2.0
989.76	2.0
1008.68	2.0
1021.4	2.0
1025.68	2.0
1028.92	2.0
1127.0	2.0
990.64	3.0
1014.08	3.0
926.24	3.0
937.56	3.0
951.32	3.0
957.0	3.0
966.28	3.0
975.0	3.0
987.2	3.0
999.36	3.0
1010.96	3.0
1020.0	3.0
1025.8	3.0
1031.96	3.0
1040.2	3.0
1053.8	3.0
1060.2	3.0
1075.24	3.0
1091.32	3.0
1104.96	3.0
1152.68	3.0
1166.28	3.0
1188.2	3.0
1211.4	3.0
1223.04	3.0
1236.8	3.0
1266.04	3.0
1268.84	3.0
1284.6	3.0
1289.2	3.0
1309.52	3.0
1332.52	3.0
1390.24	3.0
1419.84	3.0
1424.88	3.0
1448.12	3.0
938.12	5.0
1001.92	5.0
1127.68	5.0
1248.36	5.0
1424.28	5.0
953.56	5.0
961.08	5.0
997.28	5.0
1009.44	5.0
1020.68	5.0
1041.96	5.0
1067.28	5.0
1075.88	5.0
1093.88	5.0
1109.84	5.0
1121.72	5.0
1144.76	5.0
1207.32	5.0
1260.8	5.0
1282.76	5.0
1342.68	5.0
1194.28	6.0
881.36	6.0
894.4	6.0
928.2	6.0
937.24	6.0
950.48	6.0
959.72	6.0
966.12	6.0
970.56	6.0
978.08	6.0
987.08	6.0
991.96	6.0
1000.76	6.0
1015.52	6.0
1023.2	6.0
1027.12	6.0
1036.92	6.0
1046.36	6.0
1055.36	6.0
1073.96	6.0
1084.84	6.0
1091.24	6.0
1131.92	6.0
1150.56	6.0
1165.8	6.0
1216.96	6.0
1239.2	6.0
1259.52	6.0
1301.32	6.0
1357.4	6.0
1390.16	6.0
894.68	7.0
947.16	7.0
950.24	7.0
975.64	7.0
1000.44	7.0
1007.64	7.0
1014.32	7.0
1055.72	7.0
1085.4	7.0
963.76	8.0
1027.36	8.0
1122.36	8.0
1127.76	8.0
875.68	8.0
981.96	8.0
997.88	8.0
1000.72	8.0
1013.92	8.0
1042.48	8.0
1065.92	8.0
963.12	9.0
1126.64	9.0
1135.44	9.0
1207.4	9.0
1013.72	10.0
940.52	11.0
949.36	11.0
959.16	11.0
980.96	11.0
1000.72	11.0
1235.6	11.0
892.84	12.0
944.76	12.0
1004.4	12.0
1049.48	12.0
900.44	12.0
925.2	12.0
937.76	12.0
951.96	12.0
961.72	12.0
965.56	12.0
978.36	12.0
983.2	12.0
991.32	12.0
1001.0	12.0
1008.68	12.0
1012.12	12.0
1023.2	12.0
1026.0	12.0
1053.68	12.0
1103.24	12.0
1133.32	12.0
1149.28	12.0
1179.96	12.0
1189.28	12.0
1201.08	12.0
1230.76	12.0
1236.52	12.0
1246.92	12.0
1267.8	12.0
1300.64	12.0
1407.64	12.0
1426.24	12.0
955.76	13.0
960.6	13.0
966.76	13.0
977.72	13.0
987.76	13.0
1000.28	13.0
1004.88	13.0
1012.64	13.0
1020.2	13.0
1038.96	13.0
1047.92	13.0
1054.2	13.0
1063.12	13.0
1077.88	13.0
1087.12	13.0
1104.44	13.0
1125.32	13.0
1136.92	13.0
1167.04	13.0
1189.52	13.0
1209.08	13.0
1229.2	13.0
1244.68	13.0
1262.88	13.0
1301.6	13.0
1325.16	13.0
1354.44	13.0
1397.36	13.0
1424.24	13.0
946.96	14.0
974.04	14.0
1000.92	14.0
1024.88	14.0
1000.56	15.0
1085.4	15.0
947.72	16.0
980.2	16.0
1006.2	16.0
1441.52	16.0
952.28	17.0
1064.8	17.0
1136.6	17.0
1387.64	17.0
631.28	17.0
865.12	17.0
898.6	17.0
943.16	17.0
947.16	17.0
961.48	17.0
979.08	17.0
1000.72	17.0
1024.88	17.0
1042.88	17.0
1047.8	17.0
1216.0	17.0
1237.0	17.0
1356.04	17.0
1379.0	17.0
963.84	18.0
982.6	18.0
1042.28	18.0
977.52	19.0
1235.32	19.0
1383.28	19.0
1319.4	20.0
761.56	20.0
778.88	20.0
813.4	20.0
833.0	20.0
839.72	20.0
848.28	20.0
861.2	20.0
869.88	20.0
875.56	20.0
884.28	20.0
892.8	20.0
898.72	20.0
905.4	20.0
915.76	20.0
923.52	20.0
929.0	20.0
934.88	20.0
941.16	20.0
945.88	20.0
949.2	20.0
954.48	20.0
959.12	20.0
963.48	20.0
971.36	20.0
978.48	20.0
984.68	20.0
988.56	20.0
996.88	20.0
1001.6	20.0
1006.56	20.0
1017.04	20.0
1021.52	20.0
1026.64	20.0
1034.68	20.0
1041.84	20.0
1047.24	20.0
1053.88	20.0
1060.44	20.0
1065.92	20.0
1072.12	20.0
1081.36	20.0
1093.16	20.0
1111.96	20.0
1119.8	20.0
1128.52	20.0
1142.84	20.0
1156.96	20.0
1165.04	20.0
1173.4	20.0
1191.08	20.0
1197.52	20.0
1215.28	20.0
1236.52	20.0
1244.36	20.0
1254.4	20.0
1273.72	20.0
1300.36	20.0
1328.76	20.0
1361.32	20.0
1393.72	20.0
1424.6	20.0
934.96	21.0
977.92	22.0
1000.44	22.0
1083.04	22.0
1027.68	22.0
926.16	23.0
1002.72	23.0
1012.8	23.0
1015.8	23.0
1076.0	23.0
1099.0	23.0
1183.2	23.0
1270.0	23.0
897.12	24.0
938.6	24.0
1155.4	24.0
