574.8	1.0
663.16	1.0
697.88	1.0
715.68	1.0
763.04	1.0
792.2	1.0
850.8	1.0
1217.08	1.0
615.16	1.0
636.88	1.0
653.92	1.0
678.64	1.0
690.68	1.0
720.32	1.0
866.56	1.0
1221.84	1.0
556.32	2.0
604.64	2.0
632.44	2.0
651.8	2.0
673.0	2.0
713.0	2.0
721.4	2.0
737.4	2.0
838.92	2.0
843.72	2.0
930.64	2.0
1003.48	2.0
621.84	3.0
632.0	3.0
647.56	3.0
650.16	3.0
653.8	3.0
661.88	3.0
668.24	3.0
678.04	3.0
686.68	3.0
697.0	3.0
707.08	3.0
712.32	3.0
716.84	3.0
725.68	3.0
736.36	3.0
745.8	3.0
763.0	3.0
786.4	3.0
796.8	3.0
814.88	3.0
836.24	3.0
845.8	3.0
857.28	3.0
869.92	3.0
874.88	3.0
912.32	3.0
935.6	3.0
949.04	3.0
991.72	3.0
1015.96	3.0
1024.36	3.0
1044.68	3.0
1069.16	3.0
1076.0	3.0
1150.8	3.0
1199.36	3.0
1226.92	3.0
1247.84	3.0
1267.68	3.0
1311.16	3.0
1339.08	3.0
647.76	5.0
660.2	5.0
669.96	5.0
678.08	5.0
697.68	5.0
714.96	5.0
734.84	5.0
747.72	5.0
751.64	5.0
762.8	5.0
778.52	5.0
784.04	5.0
801.0	5.0
846.56	5.0
887.36	5.0
1063.6	5.0
580.92	6.0
612.48	6.0
624.44	6.0
630.36	6.0
634.36	6.0
643.52	6.0
648.92	6.0
654.36	6.0
671.04	6.0
674.68	6.0
680.08	6.0
688.6	6.0
694.0	6.0
700.36	6.0
705.44	6.0
712.36	6.0
719.72	6.0
728.56	6.0
738.92	6.0
742.68	6.0
752.84	6.0
759.88	6.0
768.64	6.0
794.16	6.0
812.48	6.0
830.2	6.0
841.8	6.0
860.24	6.0
874.48	6.0
894.52	6.0
986.36	6.0
1014.96	6.0
1074.32	6.0
1148.24	6.0
1167.8	6.0
1312.04	6.0
456.36	7.0
641.4	7.0
659.32	7.0
686.8	7.0
712.4	7.0
729.68	7.0
739.32	7.0
768.96	7.0
830.2	7.0
558.24	8.0
595.72	8.0
606.68	8.0
783.68	8.0
668.52	8.0
690.16	8.0
706.52	8.0
725.72	8.0
645.4	9.0
729.68	9.0
1120.2	9.0
641.28	11.0
717.2	11.0
654.92	12.0
739.04	12.0
757.56	12.0
793.72	12.0
846.32	12.0
622.08	12.0
631.88	12.0
641.04	12.0
650.52	12.0
664.4	12.0
681.88	12.0
688.6	12.0
700.24	12.0
712.48	12.0
720.36	12.0
763.56	12.0
802.2	12.0
813.08	12.0
822.36	12.0
835.76	12.0
839.0	12.0
855.92	12.0
898.04	12.0
915.24	12.0
925.44	12.0
1050.28	12.0
1072.96	12.0
1147.24	12.0
1177.12	12.0
1268.8	12.0
1301.24	12.0
1310.8	12.0
1332.16	12.0
644.76	13.0
658.84	13.0
663.36	13.0
669.84	13.0
680.36	13.0
690.32	13.0
699.68	13.0
709.84	13.0
718.72	13.0
730.72	13.0
743.32	13.0
761.56	13.0
784.92	13.0
797.36	13.0
811.08	13.0
825.72	13.0
842.52	13.0
846.2	13.0
858.28	13.0
875.28	13.0
891.96	13.0
908.0	13.0
931.12	13.0
954.16	13.0
983.56	13.0
1016.48	13.0
1052.84	13.0
1092.8	13.0
1144.88	13.0
1198.56	13.0
1211.08	13.0
653.28	14.0
655.96	14.0
692.28	14.0
758.6	14.0
781.8	14.0
900.8	14.0
659.48	15.0
686.92	15.0
699.56	15.0
714.88	15.0
642.2	16.0
681.16	16.0
715.6	16.0
790.56	16.0
1112.84	16.0
633.84	17.0
662.16	17.0
763.76	17.0
779.52	17.0
691.96	17.0
701.48	17.0
716.32	17.0
737.88	17.0
820.28	17.0
1057.04	17.0
1101.12	17.0
1314.6	17.0
732.64	18.0
765.72	18.0
791.48	18.0
861.48	18.0
892.96	18.0
1147.8	18.0
1199.44	18.0
1215.2	18.0
847.44	19.0
650.96	19.0
718.96	19.0
780.76	19.0
1082.56	19.0
765.12	20.0
324.0	20.0
513.36	20.0
542.56	20.0
547.4	20.0
558.56	20.0
566.16	20.0
573.92	20.0
579.32	20.0
582.6	20.0
586.28	20.0
596.12	20.0
602.44	20.0
607.48	20.0
612.36	20.0
616.92	20.0
621.72	20.0
626.4	20.0
630.0	20.0
632.64	20.0
635.92	20.0
642.76	20.0
648.28	20.0
655.0	20.0
660.16	20.0
666.08	20.0
673.04	20.0
676.48	20.0
681.16	20.0
686.72	20.0
690.92	20.0
696.64	20.0
705.24	20.0
710.24	20.0
717.44	20.0
722.84	20.0
729.56	20.0
743.2	20.0
748.92	20.0
756.0	20.0
811.44	20.0
817.2	20.0
832.0	20.0
841.24	20.0
848.6	20.0
857.52	20.0
863.12	20.0
875.16	20.0
882.76	20.0
919.92	20.0
943.2	20.0
953.96	20.0
967.0	20.0
995.88	20.0
1009.4	20.0
1017.12	20.0
1035.8	20.0
1082.68	20.0
1099.72	20.0
1111.2	20.0
1157.24	20.0
1164.96	20.0
1178.84	20.0
1184.04	20.0
1206.04	20.0
1214.68	20.0
1260.56	20.0
1311.44	20.0
1318.56	20.0
1339.72	20.0
691.04	21.0
760.8	22.0
846.2	22.0
723.76	22.0
629.92	23.0
657.36	23.0
688.6	23.0
759.08	23.0
846.6	23.0
1101.28	23.0
1000.72	23.0
1114.92	23.0
626.48	24.0
