586.84	1.0
605.84	1.0
649.56	1.0
666.88	1.0
706.68	1.0
767.48	1.0
805.24	1.0
831.04	1.0
849.28	1.0
1068.4	1.0
676.6	1.0
688.88	1.0
704.0	1.0
712.68	1.0
736.8	1.0
786.76	1.0
967.6	1.0
1185.72	1.0
1229.52	1.0
1232.92	1.0
573.92	2.0
598.88	2.0
638.64	2.0
676.56	2.0
695.92	2.0
699.68	2.0
758.28	2.0
771.16	2.0
807.8	2.0
924.36	2.0
1052.64	2.0
1075.16	2.0
1138.32	2.0
576.64	3.0
619.52	3.0
641.4	3.0
664.48	3.0
667.0	3.0
675.72	3.0
682.84	3.0
693.96	3.0
711.32	3.0
718.12	3.0
729.04	3.0
746.68	3.0
754.72	3.0
763.36	3.0
771.52	3.0
802.96	3.0
813.52	3.0
828.16	3.0
834.16	3.0
840.0	3.0
848.8	3.0
856.4	3.0
875.84	3.0
879.2	3.0
896.04	3.0
907.92	3.0
923.16	3.0
948.6	3.0
951.6	3.0
974.04	3.0
980.24	3.0
1003.88	3.0
1031.72	3.0
1058.08	3.0
1078.16	3.0
1109.88	3.0
1124.52	3.0
1136.6	3.0
1155.32	3.0
1172.36	3.0
1216.76	3.0
1243.0	3.0
1252.36	3.0
1308.76	3.0
1373.76	3.0
1378.72	3.0
676.08	5.0
826.68	5.0
922.72	5.0
668.8	5.0
685.68	5.0
693.08	5.0
709.24	5.0
724.0	5.0
739.4	5.0
755.08	5.0
784.84	5.0
850.52	5.0
861.2	5.0
994.04	5.0
1075.52	5.0
642.16	6.0
598.2	6.0
617.36	6.0
636.24	6.0
648.84	6.0
661.44	6.0
667.12	6.0
677.0	6.0
683.36	6.0
688.52	6.0
691.56	6.0
699.12	6.0
710.6	6.0
715.72	6.0
733.08	6.0
739.64	6.0
742.88	6.0
746.52	6.0
762.56	6.0
769.72	6.0
786.32	6.0
794.52	6.0
808.84	6.0
825.52	6.0
853.04	6.0
885.84	6.0
906.48	6.0
926.36	6.0
947.56	6.0
996.36	6.0
1031.44	6.0
1074.64	6.0
1091.76	6.0
1149.72	6.0
1185.32	6.0
1200.72	6.0
1305.68	6.0
1373.24	6.0
1415.52	6.0
649.24	7.0
676.84	7.0
692.64	7.0
696.56	7.0
711.84	7.0
738.36	7.0
803.24	7.0
669.92	8.0
677.96	8.0
837.8	8.0
1090.84	8.0
621.16	8.0
641.0	8.0
659.2	8.0
673.08	8.0
689.96	8.0
708.52	8.0
751.92	8.0
806.44	8.0
679.76	9.0
717.0	9.0
833.0	9.0
1314.6	9.0
678.12	10.0
665.48	11.0
685.56	11.0
700.6	11.0
770.28	11.0
1265.72	11.0
576.84	11.0
679.04	11.0
712.88	11.0
799.92	11.0
813.68	11.0
996.4	11.0
641.04	12.0
651.76	12.0
678.76	12.0
739.12	12.0
812.76	12.0
825.64	12.0
950.04	12.0
1206.92	12.0
610.2	12.0
630.44	12.0
666.16	12.0
674.04	12.0
685.64	12.0
692.4	12.0
695.76	12.0
698.84	12.0
713.36	12.0
720.52	12.0
725.28	12.0
741.88	12.0
759.2	12.0
771.68	12.0
790.28	12.0
802.68	12.0
848.08	12.0
859.68	12.0
876.88	12.0
905.72	12.0
942.68	12.0
976.16	12.0
1049.6	12.0
1070.48	12.0
1143.88	12.0
1159.6	12.0
1225.96	12.0
1365.56	12.0
1373.36	12.0
1392.96	12.0
1406.4	12.0
784.64	13.0
787.64	13.0
668.0	13.0
677.0	13.0
691.52	13.0
700.88	13.0
708.68	13.0
713.16	13.0
718.28	13.0
731.6	13.0
739.4	13.0
750.28	13.0
762.16	13.0
773.16	13.0
791.2	13.0
803.6	13.0
825.4	13.0
843.48	13.0
860.8	13.0
878.04	13.0
896.32	13.0
925.92	13.0
951.28	13.0
973.24	13.0
999.12	13.0
1057.2	13.0
1104.44	13.0
1157.68	13.0
1230.68	13.0
1311.56	13.0
710.56	14.0
825.36	14.0
676.36	14.0
685.72	14.0
804.08	14.0
1302.68	14.0
1422.04	14.0
692.8	15.0
803.36	15.0
834.8	15.0
667.52	16.0
695.88	16.0
738.68	16.0
789.0	16.0
856.4	16.0
1108.72	16.0
967.32	17.0
607.84	17.0
677.88	17.0
764.52	17.0
811.68	17.0
993.56	17.0
1074.84	17.0
1091.96	17.0
1154.6	17.0
679.0	18.0
700.12	18.0
787.16	18.0
872.16	18.0
879.56	18.0
938.8	18.0
664.48	19.0
677.96	19.0
751.88	19.0
967.64	19.0
996.0	19.0
595.8	20.0
322.08	20.0
566.96	20.0
576.24	20.0
580.16	20.0
584.28	20.0
590.6	20.0
593.12	20.0
601.04	20.0
606.24	20.0
612.56	20.0
617.08	20.0
630.08	20.0
638.04	20.0
642.32	20.0
648.36	20.0
651.4	20.0
654.8	20.0
659.44	20.0
664.24	20.0
669.12	20.0
672.52	20.0
676.44	20.0
687.24	20.0
691.16	20.0
698.64	20.0
701.16	20.0
708.4	20.0
712.0	20.0
714.68	20.0
727.08	20.0
739.92	20.0
742.56	20.0
750.36	20.0
764.8	20.0
769.56	20.0
793.52	20.0
801.52	20.0
806.52	20.0
813.92	20.0
818.76	20.0
825.0	20.0
838.8	20.0
849.96	20.0
880.88	20.0
884.92	20.0
892.24	20.0
906.88	20.0
912.48	20.0
923.64	20.0
929.52	20.0
944.48	20.0
967.68	20.0
976.92	20.0
996.04	20.0
1012.52	20.0
1024.24	20.0
1030.24	20.0
1046.36	20.0
1051.12	20.0
1068.84	20.0
1089.28	20.0
1105.92	20.0
1136.72	20.0
1145.56	20.0
1158.16	20.0
1184.52	20.0
1195.64	20.0
1226.56	20.0
1239.44	20.0
1272.84	20.0
1281.2	20.0
1304.36	20.0
1326.64	20.0
1334.52	20.0
1346.8	20.0
1374.8	20.0
1391.12	20.0
1398.2	20.0
1417.08	20.0
1439.92	20.0
712.44	21.0
686.56	21.0
892.8	21.0
697.8	22.0
712.88	22.0
725.64	22.0
742.56	22.0
772.72	22.0
803.2	22.0
678.72	23.0
1051.32	23.0
1300.68	23.0
639.76	23.0
740.2	23.0
804.04	23.0
854.08	23.0
998.08	23.0
1095.48	23.0
638.0	24.0
657.32	24.0
834.12	24.0
