519.76	1.0
575.68	1.0
593.92	1.0
618.4	1.0
622.76	1.0
639.8	1.0
656.24	1.0
661.44	1.0
673.32	1.0
705.08	1.0
768.32	1.0
877.48	1.0
1122.52	1.0
605.88	1.0
612.52	1.0
632.44	1.0
636.12	1.0
681.68	1.0
702.2	1.0
717.28	1.0
746.88	1.0
825.24	1.0
1056.8	1.0
1190.72	1.0
399.04	2.0
524.84	2.0
565.36	2.0
598.8	2.0
633.28	2.0
641.68	2.0
674.56	2.0
778.2	2.0
713.64	3.0
576.24	3.0
586.72	3.0
591.92	3.0
596.16	3.0
611.6	3.0
615.48	3.0
619.88	3.0
624.88	3.0
629.36	3.0
636.12	3.0
644.12	3.0
653.32	3.0
661.2	3.0
670.88	3.0
682.28	3.0
693.88	3.0
708.8	3.0
723.28	3.0
732.92	3.0
749.84	3.0
763.28	3.0
779.56	3.0
800.44	3.0
807.12	3.0
830.6	3.0
839.32	3.0
849.12	3.0
903.32	3.0
910.76	3.0
933.64	3.0
954.32	3.0
959.8	3.0
973.16	3.0
1003.6	3.0
1006.32	3.0
1033.24	3.0
1078.6	3.0
1146.92	3.0
1171.92	3.0
1202.36	3.0
1211.96	3.0
1276.2	3.0
615.16	5.0
640.96	5.0
594.12	5.0
603.16	5.0
618.16	5.0
624.12	5.0
663.64	5.0
685.68	5.0
709.88	5.0
737.76	5.0
743.92	5.0
770.6	5.0
791.64	5.0
832.32	5.0
894.6	5.0
1040.68	5.0
542.16	6.0
558.2	6.0
569.84	6.0
577.76	6.0
585.28	6.0
595.72	6.0
601.0	6.0
605.2	6.0
613.4	6.0
625.96	6.0
636.28	6.0
641.44	6.0
664.6	6.0
683.48	6.0
692.52	6.0
729.68	6.0
737.32	6.0
753.48	6.0
762.72	6.0
793.24	6.0
816.48	6.0
830.56	6.0
845.72	6.0
872.44	6.0
950.24	6.0
998.2	6.0
1009.72	6.0
1128.8	6.0
1190.72	6.0
585.6	7.0
599.76	7.0
606.8	7.0
623.0	7.0
643.64	7.0
647.16	7.0
670.08	7.0
830.8	7.0
872.72	7.0
895.08	7.0
535.08	8.0
555.24	8.0
567.08	8.0
575.12	8.0
803.28	8.0
825.04	8.0
874.72	8.0
1306.6	8.0
571.44	8.0
586.28	8.0
615.68	8.0
789.8	8.0
932.44	8.0
672.96	9.0
710.6	9.0
1088.96	9.0
584.88	11.0
674.92	11.0
780.96	11.0
577.4	11.0
604.72	11.0
618.96	11.0
625.32	11.0
646.48	11.0
684.96	11.0
698.28	11.0
897.12	11.0
620.36	12.0
731.76	12.0
848.64	12.0
933.28	12.0
1103.0	12.0
1256.76	12.0
538.6	12.0
556.6	12.0
567.64	12.0
571.04	12.0
577.84	12.0
584.96	12.0
587.84	12.0
593.04	12.0
603.96	12.0
616.56	12.0
632.32	12.0
641.96	12.0
655.96	12.0
666.84	12.0
680.92	12.0
684.32	12.0
690.08	12.0
724.68	12.0
742.64	12.0
831.28	12.0
875.24	12.0
897.64	12.0
951.0	12.0
1008.76	12.0
1126.0	12.0
1128.84	12.0
1198.2	12.0
1207.76	12.0
1297.96	12.0
587.28	13.0
601.16	13.0
620.12	13.0
628.72	13.0
639.32	13.0
649.76	13.0
656.32	13.0
670.88	13.0
677.08	13.0
687.28	13.0
700.4	13.0
726.72	13.0
737.96	13.0
754.84	13.0
769.36	13.0
781.28	13.0
800.56	13.0
835.64	13.0
855.32	13.0
882.12	13.0
903.36	13.0
928.24	13.0
952.68	13.0
1002.4	13.0
1057.36	13.0
1160.72	13.0
1239.56	13.0
1323.6	13.0
672.16	14.0
623.12	15.0
572.88	15.0
603.68	16.0
641.4	16.0
676.4	16.0
825.6	17.0
552.68	17.0
573.2	17.0
582.16	17.0
651.16	17.0
656.36	17.0
747.44	17.0
757.36	17.0
876.8	17.0
929.68	17.0
1026.28	17.0
1134.68	17.0
1197.92	17.0
592.76	18.0
674.2	18.0
687.16	18.0
947.44	18.0
563.84	19.0
572.6	19.0
735.24	19.0
695.16	19.0
763.24	19.0
1016.08	19.0
1165.28	20.0
401.84	20.0
504.12	20.0
508.88	20.0
517.88	20.0
527.88	20.0
534.0	20.0
536.6	20.0
539.4	20.0
545.08	20.0
551.28	20.0
555.2	20.0
563.64	20.0
567.04	20.0
570.92	20.0
575.2	20.0
580.4	20.0
584.4	20.0
587.0	20.0
597.4	20.0
601.8	20.0
606.56	20.0
611.08	20.0
620.6	20.0
625.48	20.0
631.28	20.0
635.76	20.0
639.8	20.0
646.32	20.0
656.68	20.0
660.96	20.0
663.64	20.0
669.56	20.0
672.84	20.0
679.84	20.0
684.16	20.0
697.72	20.0
716.2	20.0
722.24	20.0
725.4	20.0
735.6	20.0
743.88	20.0
753.44	20.0
758.08	20.0
763.12	20.0
786.84	20.0
795.88	20.0
814.04	20.0
825.6	20.0
831.32	20.0
837.96	20.0
873.96	20.0
888.16	20.0
896.32	20.0
903.92	20.0
922.32	20.0
932.04	20.0
944.88	20.0
951.72	20.0
974.8	20.0
980.8	20.0
1016.16	20.0
1038.72	20.0
1049.08	20.0
1074.64	20.0
1098.32	20.0
1124.24	20.0
1156.12	20.0
1177.4	20.0
1190.08	20.0
1200.24	20.0
1248.84	20.0
1256.56	20.0
1295.68	20.0
1324.72	20.0
618.32	21.0
690.08	22.0
620.72	22.0
571.04	23.0
646.12	23.0
655.56	23.0
665.72	23.0
757.16	23.0
774.96	23.0
1103.16	23.0
585.6	24.0
639.4	24.0
539.32	24.0
973.0	24.0
