466.64	1.0
485.44	1.0
501.64	1.0
517.6	1.0
550.36	1.0
564.84	1.0
569.6	1.0
605.84	1.0
608.76	1.0
703.56	1.0
766.6	1.0
1268.56	1.0
498.56	1.0
510.92	1.0
513.44	1.0
521.68	1.0
527.88	1.0
533.28	1.0
539.4	1.0
545.96	1.0
555.68	1.0
572.12	1.0
579.08	1.0
584.04	1.0
594.56	1.0
597.16	1.0
626.76	1.0
643.68	1.0
668.76	1.0
677.16	1.0
1086.36	1.0
700.6	2.0
376.32	2.0
458.68	2.0
489.32	2.0
516.04	2.0
547.0	2.0
550.36	2.0
568.08	2.0
573.28	2.0
581.32	2.0
587.28	2.0
594.48	2.0
617.92	2.0
622.6	2.0
643.64	2.0
651.48	2.0
677.0	2.0
689.56	2.0
729.96	2.0
787.44	2.0
820.76	2.0
497.72	3.0
490.4	3.0
501.96	3.0
504.92	3.0
510.28	3.0
517.96	3.0
521.36	3.0
524.16	3.0
529.12	3.0
534.32	3.0
549.64	3.0
566.44	3.0
579.8	3.0
591.04	3.0
602.2	3.0
605.48	3.0
617.48	3.0
624.68	3.0
633.72	3.0
673.44	3.0
691.44	3.0
702.88	3.0
712.96	3.0
724.68	3.0
753.6	3.0
758.8	3.0
798.88	3.0
828.24	3.0
844.0	3.0
859.4	3.0
875.44	3.0
899.32	3.0
938.32	3.0
953.16	3.0
971.96	3.0
1006.96	3.0
1011.64	3.0
1019.8	3.0
1048.64	3.0
1083.84	3.0
1092.68	3.0
1122.08	3.0
1156.68	3.0
1166.0	3.0
1207.4	3.0
1211.12	3.0
1255.84	3.0
1291.04	3.0
1308.4	3.0
549.52	4.0
520.64	5.0
529.04	5.0
835.52	5.0
545.36	5.0
556.6	5.0
567.32	5.0
575.92	5.0
586.32	5.0
601.16	5.0
613.24	5.0
625.72	5.0
640.12	5.0
645.56	5.0
662.56	5.0
678.4	5.0
719.4	5.0
750.92	5.0
775.68	5.0
799.72	5.0
826.28	5.0
831.32	5.0
926.08	5.0
1080.04	5.0
1252.32	5.0
1310.76	5.0
468.84	6.0
480.88	6.0
491.36	6.0
497.76	6.0
508.16	6.0
511.8	6.0
516.16	6.0
530.52	6.0
557.8	6.0
567.04	6.0
604.32	6.0
620.2	6.0
626.68	6.0
635.76	6.0
644.2	6.0
664.0	6.0
689.72	6.0
713.76	6.0
727.92	6.0
752.0	6.0
769.28	6.0
802.56	6.0
823.28	6.0
846.84	6.0
918.68	6.0
1139.08	6.0
1248.8	6.0
1324.56	6.0
498.08	7.0
503.04	7.0
506.6	7.0
529.8	7.0
545.8	7.0
558.2	7.0
573.48	7.0
585.44	7.0
596.12	7.0
613.56	7.0
634.08	7.0
659.32	7.0
714.2	7.0
727.64	7.0
1046.52	7.0
1208.52	7.0
501.8	8.0
1270.8	8.0
467.52	8.0
513.8	8.0
520.8	8.0
526.28	8.0
544.2	8.0
560.68	8.0
572.96	8.0
1198.04	8.0
502.76	9.0
535.32	9.0
550.52	9.0
571.76	9.0
621.56	9.0
643.84	9.0
707.0	9.0
519.76	11.0
530.08	11.0
537.2	11.0
549.24	11.0
556.32	11.0
590.28	11.0
596.88	11.0
605.2	11.0
525.6	11.0
545.4	11.0
571.12	11.0
810.08	11.0
1045.72	11.0
520.76	12.0
529.0	12.0
650.28	12.0
488.44	12.0
497.16	12.0
506.04	12.0
518.08	12.0
533.0	12.0
537.2	12.0
545.84	12.0
556.12	12.0
562.12	12.0
568.04	12.0
579.48	12.0
599.72	12.0
636.48	12.0
740.6	12.0
753.12	12.0
949.44	12.0
970.88	12.0
1078.76	12.0
1295.84	12.0
509.72	13.0
512.48	13.0
491.24	13.0
500.84	13.0
517.64	13.0
528.84	13.0
536.52	13.0
544.0	13.0
549.96	13.0
559.32	13.0
565.88	13.0
573.68	13.0
580.64	13.0
586.52	13.0
596.08	13.0
602.96	13.0
615.72	13.0
618.68	13.0
625.36	13.0
633.48	13.0
644.0	13.0
650.28	13.0
661.32	13.0
669.96	13.0
678.92	13.0
689.44	13.0
707.44	13.0
716.68	13.0
727.4	13.0
744.12	13.0
754.24	13.0
764.76	13.0
778.32	13.0
801.24	13.0
817.6	13.0
830.96	13.0
857.24	13.0
875.16	13.0
896.8	13.0
917.12	13.0
948.92	13.0
970.44	13.0
998.92	13.0
1026.8	13.0
1060.76	13.0
1091.56	13.0
1133.92	13.0
1209.28	13.0
492.24	14.0
508.56	14.0
549.92	14.0
580.32	14.0
645.56	14.0
727.24	14.0
741.24	14.0
538.48	15.0
545.88	15.0
1082.24	15.0
511.04	16.0
533.4	16.0
564.24	16.0
586.44	16.0
556.92	17.0
603.6	17.0
473.72	17.0
489.2	17.0
502.12	17.0
531.08	17.0
543.68	17.0
547.96	17.0
562.84	17.0
576.76	17.0
588.24	17.0
595.52	17.0
608.56	17.0
670.36	17.0
689.6	17.0
722.64	17.0
752.24	17.0
777.0	17.0
1050.16	17.0
536.56	18.0
596.48	18.0
662.12	18.0
689.44	18.0
1099.52	18.0
532.56	19.0
586.84	19.0
966.52	19.0
1045.44	19.0
1134.68	19.0
487.32	20.0
534.72	20.0
379.12	20.0
452.96	20.0
461.16	20.0
467.16	20.0
474.84	20.0
478.64	20.0
491.72	20.0
497.8	20.0
503.92	20.0
507.56	20.0
511.52	20.0
516.12	20.0
522.84	20.0
529.48	20.0
541.88	20.0
546.96	20.0
551.08	20.0
555.64	20.0
562.16	20.0
569.84	20.0
573.32	20.0
584.72	20.0
594.72	20.0
613.72	20.0
649.92	20.0
666.76	20.0
671.68	20.0
677.8	20.0
713.4	20.0
718.76	20.0
739.4	20.0
745.48	20.0
752.08	20.0
765.32	20.0
866.32	20.0
877.2	20.0
917.0	20.0
925.2	20.0
929.84	20.0
936.96	20.0
942.32	20.0
963.0	20.0
1035.8	20.0
1067.4	20.0
1099.24	20.0
1106.44	20.0
1114.44	20.0
1132.24	20.0
1136.56	20.0
1143.08	20.0
1186.08	20.0
1197.56	20.0
1208.56	20.0
1228.44	20.0
1256.52	20.0
1273.0	20.0
1303.08	20.0
1317.32	20.0
531.92	21.0
519.24	21.0
518.96	22.0
547.76	22.0
575.4	22.0
580.84	22.0
599.24	22.0
487.84	23.0
519.56	23.0
528.96	23.0
535.36	23.0
553.52	23.0
632.96	23.0
658.88	23.0
1104.88	23.0
549.92	23.0
604.88	23.0
859.76	23.0
468.72	24.0
537.92	24.0
