457.28	1.0
514.44	1.0
530.6	1.0
547.0	1.0
967.2	1.0
1043.68	1.0
1180.76	1.0
475.72	1.0
487.2	1.0
498.64	1.0
534.68	1.0
557.44	1.0
560.36	1.0
564.4	1.0
574.6	1.0
577.56	1.0
594.96	1.0
597.68	1.0
609.24	1.0
631.88	1.0
654.92	1.0
400.28	2.0
452.48	2.0
481.04	2.0
498.68	2.0
513.52	2.0
545.28	2.0
569.32	2.0
582.88	2.0
585.92	2.0
612.0	2.0
661.24	2.0
689.28	2.0
727.84	2.0
839.52	2.0
943.84	2.0
1302.52	2.0
477.52	3.0
503.24	3.0
514.28	3.0
522.6	3.0
529.48	3.0
537.76	3.0
546.32	3.0
550.64	3.0
553.32	3.0
562.08	3.0
570.12	3.0
583.64	3.0
587.04	3.0
592.48	3.0
596.24	3.0
600.88	3.0
610.84	3.0
620.32	3.0
630.04	3.0
647.32	3.0
688.6	3.0
699.56	3.0
708.8	3.0
720.2	3.0
732.56	3.0
737.84	3.0
751.48	3.0
777.8	3.0
782.44	3.0
797.68	3.0
805.32	3.0
836.0	3.0
851.68	3.0
869.04	3.0
878.08	3.0
893.88	3.0
920.52	3.0
971.16	3.0
979.0	3.0
1023.12	3.0
1095.68	3.0
1112.28	3.0
1143.52	3.0
1177.84	3.0
1191.4	3.0
1222.28	3.0
1245.36	3.0
1294.72	3.0
1305.32	3.0
586.52	5.0
495.44	5.0
527.48	5.0
544.76	5.0
549.44	5.0
558.64	5.0
570.0	5.0
583.32	5.0
595.0	5.0
609.64	5.0
623.68	5.0
647.8	5.0
664.92	5.0
681.4	5.0
696.28	5.0
715.84	5.0
733.72	5.0
780.12	5.0
917.6	5.0
1043.28	5.0
1168.84	5.0
460.76	6.0
472.4	6.0
482.88	6.0
490.72	6.0
498.6	6.0
502.36	6.0
509.72	6.0
514.4	6.0
541.4	6.0
546.92	6.0
564.16	6.0
569.0	6.0
573.32	6.0
580.32	6.0
592.0	6.0
598.56	6.0
609.96	6.0
619.08	6.0
638.36	6.0
650.68	6.0
660.12	6.0
668.44	6.0
678.88	6.0
688.88	6.0
704.2	6.0
726.12	6.0
749.32	6.0
803.16	6.0
823.4	6.0
876.84	6.0
891.88	6.0
909.16	6.0
931.28	6.0
945.4	6.0
967.2	6.0
999.56	6.0
1040.28	6.0
1087.36	6.0
1234.52	6.0
1299.4	6.0
481.32	7.0
491.0	7.0
500.28	7.0
514.84	7.0
530.92	7.0
536.44	7.0
546.28	7.0
563.84	7.0
579.56	7.0
639.04	7.0
717.44	7.0
1290.4	7.0
801.48	8.0
515.4	8.0
527.4	8.0
530.92	8.0
540.44	8.0
559.08	8.0
589.68	8.0
686.96	8.0
867.08	8.0
498.92	9.0
574.24	9.0
502.04	9.0
545.48	9.0
589.72	9.0
1104.0	9.0
1235.92	9.0
545.24	10.0
500.56	11.0
515.6	11.0
538.2	11.0
562.88	11.0
575.72	11.0
583.56	11.0
639.0	11.0
555.04	11.0
601.96	11.0
469.32	12.0
513.92	12.0
517.36	12.0
590.04	12.0
390.48	12.0
483.92	12.0
495.64	12.0
499.72	12.0
504.48	12.0
528.48	12.0
533.48	12.0
544.56	12.0
549.2	12.0
557.32	12.0
565.64	12.0
621.88	12.0
636.88	12.0
678.56	12.0
686.68	12.0
696.28	12.0
778.68	12.0
842.0	12.0
872.76	12.0
899.48	12.0
942.72	12.0
1033.84	12.0
1084.4	12.0
1154.08	12.0
1262.72	12.0
583.52	13.0
608.08	13.0
487.64	13.0
494.52	13.0
498.84	13.0
510.84	13.0
517.64	13.0
527.16	13.0
535.28	13.0
543.12	13.0
556.52	13.0
564.88	13.0
571.52	13.0
580.64	13.0
587.68	13.0
595.08	13.0
613.08	13.0
620.24	13.0
629.72	13.0
639.84	13.0
660.04	13.0
669.2	13.0
681.68	13.0
695.68	13.0
718.56	13.0
730.48	13.0
747.08	13.0
772.76	13.0
790.08	13.0
800.76	13.0
804.92	13.0
825.92	13.0
858.92	13.0
874.52	13.0
890.92	13.0
917.88	13.0
946.16	13.0
984.8	13.0
1031.8	13.0
1053.8	13.0
1117.84	13.0
1148.04	13.0
1238.68	13.0
536.68	14.0
500.4	15.0
520.08	16.0
550.88	16.0
571.4	16.0
604.28	16.0
514.96	17.0
531.2	17.0
538.88	17.0
541.84	17.0
546.96	17.0
554.24	17.0
565.12	17.0
575.6	17.0
582.36	17.0
616.68	17.0
637.24	17.0
680.16	17.0
704.92	17.0
838.08	17.0
858.36	17.0
1019.72	17.0
530.36	18.0
532.88	18.0
547.88	18.0
565.96	18.0
582.92	18.0
601.56	18.0
909.24	18.0
1150.92	18.0
559.52	19.0
480.4	19.0
546.64	19.0
555.28	19.0
565.04	19.0
1201.64	19.0
473.96	20.0
608.64	20.0
402.6	20.0
440.24	20.0
453.32	20.0
457.24	20.0
463.72	20.0
470.0	20.0
480.44	20.0
483.88	20.0
488.64	20.0
497.56	20.0
501.2	20.0
506.04	20.0
509.6	20.0
515.2	20.0
523.48	20.0
527.64	20.0
535.04	20.0
542.6	20.0
545.4	20.0
554.56	20.0
559.12	20.0
563.84	20.0
572.04	20.0
575.56	20.0
582.56	20.0
586.12	20.0
611.68	20.0
617.84	20.0
622.0	20.0
633.4	20.0
638.04	20.0
651.88	20.0
661.72	20.0
666.84	20.0
673.4	20.0
695.0	20.0
700.2	20.0
729.04	20.0
733.6	20.0
749.04	20.0
758.8	20.0
770.64	20.0
774.48	20.0
793.76	20.0
799.2	20.0
822.88	20.0
832.52	20.0
855.96	20.0
866.6	20.0
876.16	20.0
883.2	20.0
886.52	20.0
896.84	20.0
923.68	20.0
934.08	20.0
939.64	20.0
944.68	20.0
967.68	20.0
1000.08	20.0
1009.08	20.0
1027.56	20.0
1034.88	20.0
1064.12	20.0
1073.72	20.0
1076.92	20.0
1088.76	20.0
1131.76	20.0
1142.56	20.0
1179.24	20.0
1182.96	20.0
1189.84	20.0
1201.36	20.0
1206.04	20.0
1236.6	20.0
1242.44	20.0
1249.6	20.0
1277.44	20.0
1289.08	20.0
1300.36	20.0
1305.52	20.0
1315.36	20.0
493.56	22.0
519.4	22.0
582.84	22.0
924.52	22.0
548.24	22.0
495.44	23.0
515.56	23.0
543.8	23.0
582.6	23.0
857.44	23.0
538.56	23.0
564.44	23.0
624.32	23.0
666.56	23.0
682.04	23.0
688.92	23.0
467.08	24.0
494.8	24.0
514.4	24.0
