1021.48	1.0
1066.44	1.0
1088.72	1.0
1108.64	1.0
1131.96	1.0
1163.96	1.0
1062.12	1.0
1105.72	1.0
1150.92	1.0
1158.68	1.0
1196.84	1.0
1003.2	2.0
1033.08	2.0
1097.6	2.0
1160.0	2.0
1179.16	2.0
1279.04	2.0
1060.92	3.0
1082.56	3.0
1101.28	3.0
1110.36	3.0
1114.08	3.0
1119.36	3.0
1128.6	3.0
1140.76	3.0
1146.24	3.0
1148.8	3.0
1169.24	3.0
1173.88	3.0
1177.2	3.0
1180.2	3.0
1197.96	3.0
1212.72	3.0
1235.44	3.0
1239.6	3.0
1255.84	3.0
1270.6	3.0
1287.32	3.0
1304.32	3.0
1319.36	3.0
1056.48	5.0
1117.68	5.0
1142.96	5.0
1159.04	5.0
1174.12	5.0
1200.12	5.0
1210.36	5.0
1230.24	5.0
1237.0	5.0
1263.6	5.0
1287.0	5.0
1309.84	5.0
1056.64	6.0
1142.96	6.0
1009.52	6.0
1031.64	6.0
1048.56	6.0
1064.12	6.0
1072.44	6.0
1086.6	6.0
1095.08	6.0
1102.8	6.0
1118.16	6.0
1124.72	6.0
1139.28	6.0
1162.96	6.0
1170.12	6.0
1176.0	6.0
1183.96	6.0
1192.28	6.0
1206.76	6.0
1217.28	6.0
1225.32	6.0
1248.68	6.0
1258.56	6.0
1283.64	6.0
1301.6	6.0
1323.96	6.0
1009.88	7.0
1048.92	7.0
1083.76	7.0
1117.72	7.0
1125.16	7.0
1142.84	7.0
1165.96	7.0
1236.2	7.0
991.28	8.0
1056.68	8.0
1067.76	8.0
1133.64	8.0
1095.0	8.0
1098.28	8.0
1107.56	8.0
1114.36	8.0
1144.48	8.0
1071.0	9.0
1117.08	9.0
1150.96	9.0
1172.8	9.0
1118.4	11.0
1144.52	11.0
1155.08	11.0
1177.88	11.0
1111.4	11.0
1126.84	11.0
1190.32	11.0
1255.72	11.0
1031.52	12.0
1071.4	12.0
1094.48	12.0
1098.92	12.0
1102.2	12.0
1304.8	12.0
1042.2	12.0
1050.08	12.0
1088.24	12.0
1105.0	12.0
1127.76	12.0
1143.0	12.0
1153.36	12.0
1160.92	12.0
1223.48	12.0
1258.0	12.0
1268.36	12.0
1274.44	12.0
1292.08	12.0
1324.92	12.0
1096.4	13.0
1108.68	13.0
1123.4	13.0
1136.84	13.0
1143.96	13.0
1156.76	13.0
1173.84	13.0
1185.56	13.0
1199.72	13.0
1217.6	13.0
1233.52	13.0
1258.4	13.0
1276.52	13.0
1298.4	13.0
1305.8	14.0
1264.12	14.0
1117.8	15.0
1059.0	15.0
1101.88	15.0
1144.24	15.0
1076.44	16.0
1188.72	16.0
1026.12	17.0
1049.72	17.0
1068.04	17.0
1094.72	17.0
1108.4	17.0
1136.64	17.0
1164.96	17.0
1196.88	17.0
1263.76	17.0
1282.44	17.0
1136.88	18.0
1155.68	18.0
1223.0	18.0
1248.48	18.0
1132.88	19.0
1172.72	19.0
799.84	20.0
872.6	20.0
967.96	20.0
986.24	20.0
992.12	20.0
1004.04	20.0
1012.6	20.0
1019.12	20.0
1025.52	20.0
1030.4	20.0
1035.6	20.0
1039.68	20.0
1042.32	20.0
1046.6	20.0
1051.16	20.0
1056.48	20.0
1063.64	20.0
1069.92	20.0
1077.4	20.0
1082.36	20.0
1086.0	20.0
1089.6	20.0
1095.24	20.0
1100.88	20.0
1108.36	20.0
1115.24	20.0
1120.04	20.0
1127.92	20.0
1132.6	20.0
1137.52	20.0
1142.8	20.0
1150.16	20.0
1154.36	20.0
1157.92	20.0
1164.76	20.0
1168.64	20.0
1174.04	20.0
1178.12	20.0
1185.8	20.0
1190.92	20.0
1196.64	20.0
1201.2	20.0
1209.8	20.0
1218.0	20.0
1230.84	20.0
1235.92	20.0
1243.84	20.0
1250.56	20.0
1254.4	20.0
1269.24	20.0
1278.28	20.0
1283.0	20.0
1288.72	20.0
1292.56	20.0
1304.6	20.0
1116.0	21.0
1052.68	23.0
1092.28	23.0
1132.84	23.0
1144.16	23.0
1164.72	23.0
1233.68	23.0
1284.2	23.0
1046.16	24.0
1232.28	24.0
