907.8	1.0
969.36	1.0
987.52	1.0
1001.96	1.0
1085.64	1.0
1093.16	1.0
1137.92	1.0
1206.24	1.0
929.08	1.0
952.52	1.0
983.52	1.0
1007.36	1.0
1029.4	1.0
1032.96	1.0
1040.64	1.0
1047.16	1.0
1074.32	1.0
843.36	2.0
891.04	2.0
941.76	2.0
968.72	2.0
1001.88	2.0
1020.68	2.0
1031.24	2.0
1042.64	2.0
1047.24	2.0
1050.36	2.0
1069.84	2.0
1158.2	2.0
1071.4	3.0
918.44	3.0
951.52	3.0
966.04	3.0
971.28	3.0
974.92	3.0
987.48	3.0
995.88	3.0
1001.6	3.0
1005.52	3.0
1015.08	3.0
1020.84	3.0
1031.0	3.0
1040.24	3.0
1062.64	3.0
1081.72	3.0
1084.64	3.0
1089.64	3.0
1092.16	3.0
1102.6	3.0
1106.44	3.0
1122.32	3.0
1159.16	3.0
1180.84	3.0
1191.0	3.0
1203.28	3.0
1216.76	3.0
1227.96	3.0
1234.44	3.0
1252.64	3.0
1273.64	3.0
1280.72	3.0
1082.96	5.0
1174.32	5.0
1251.48	5.0
1305.32	5.0
966.52	5.0
982.08	5.0
993.28	5.0
995.84	5.0
1008.76	5.0
1017.84	5.0
1031.2	5.0
1054.04	5.0
1057.04	5.0
1064.44	5.0
1080.0	5.0
1126.12	5.0
1129.36	5.0
1139.48	5.0
1190.52	5.0
1232.44	5.0
898.64	6.0
917.8	6.0
953.56	6.0
967.04	6.0
977.84	6.0
990.08	6.0
996.44	6.0
1004.32	6.0
1016.4	6.0
1021.8	6.0
1027.04	6.0
1032.44	6.0
1041.88	6.0
1048.88	6.0
1072.48	6.0
1078.48	6.0
1085.68	6.0
1098.56	6.0
1106.28	6.0
1114.16	6.0
1167.36	6.0
1206.08	6.0
1219.68	6.0
1245.68	6.0
1264.32	6.0
1282.4	6.0
918.12	7.0
984.0	7.0
1003.64	7.0
1021.28	7.0
1032.8	7.0
1047.56	7.0
1042.12	8.0
981.32	8.0
1019.4	8.0
1084.32	8.0
1005.52	9.0
1010.88	9.0
1029.96	9.0
1050.72	9.0
1065.52	10.0
957.52	11.0
1006.52	11.0
1032.88	11.0
1191.12	11.0
894.0	11.0
960.68	11.0
982.64	11.0
1020.52	11.0
1039.44	11.0
1050.64	11.0
1096.24	11.0
1136.48	11.0
1206.64	11.0
961.88	12.0
1018.04	12.0
1030.8	12.0
1082.44	12.0
1088.2	12.0
1106.0	12.0
928.6	12.0
944.48	12.0
957.6	12.0
964.44	12.0
974.68	12.0
981.68	12.0
991.08	12.0
998.84	12.0
1003.72	12.0
1006.56	12.0
1012.8	12.0
1023.16	12.0
1034.36	12.0
1038.96	12.0
1060.48	12.0
1063.76	12.0
1069.24	12.0
1136.52	12.0
1145.68	12.0
1181.08	12.0
1185.88	12.0
1249.16	12.0
1323.2	12.0
1082.96	13.0
959.68	13.0
970.48	13.0
990.12	13.0
1000.92	13.0
1008.84	13.0
1019.36	13.0
1031.64	13.0
1038.24	13.0
1050.32	13.0
1059.0	13.0
1069.88	13.0
1075.56	13.0
1086.12	13.0
1094.32	13.0
1113.36	13.0
1124.52	13.0
1135.44	13.0
1148.56	13.0
1175.4	13.0
1189.12	13.0
1209.52	13.0
1228.96	13.0
1255.6	13.0
1280.32	13.0
1310.36	13.0
961.32	14.0
1061.96	14.0
1081.84	14.0
1151.72	14.0
1191.32	14.0
1286.2	14.0
1003.76	15.0
1047.68	15.0
1020.56	15.0
1036.08	15.0
963.0	16.0
1000.76	16.0
1091.72	16.0
1255.76	16.0
1182.72	16.0
1088.92	17.0
931.56	17.0
949.84	17.0
988.96	17.0
1015.16	17.0
1029.52	17.0
1037.4	17.0
1072.72	17.0
1118.8	17.0
973.96	18.0
1012.56	18.0
1018.84	18.0
1043.4	18.0
1118.4	18.0
1189.84	18.0
1070.8	19.0
1117.88	19.0
1206.0	19.0
1311.96	19.0
1148.6	20.0
792.32	20.0
833.72	20.0
836.64	20.0
845.92	20.0
852.96	20.0
871.84	20.0
883.04	20.0
892.28	20.0
901.32	20.0
908.52	20.0
911.16	20.0
914.48	20.0
919.8	20.0
926.16	20.0
931.4	20.0
940.72	20.0
944.96	20.0
953.48	20.0
957.92	20.0
961.16	20.0
963.88	20.0
967.6	20.0
971.32	20.0
976.88	20.0
985.16	20.0
989.36	20.0
1000.28	20.0
1004.64	20.0
1013.0	20.0
1015.52	20.0
1020.92	20.0
1023.6	20.0
1032.76	20.0
1036.72	20.0
1040.4	20.0
1045.92	20.0
1050.08	20.0
1058.44	20.0
1069.32	20.0
1074.0	20.0
1082.24	20.0
1101.04	20.0
1105.28	20.0
1108.8	20.0
1113.04	20.0
1118.04	20.0
1136.04	20.0
1141.32	20.0
1168.68	20.0
1179.8	20.0
1185.0	20.0
1206.12	20.0
1216.88	20.0
1231.68	20.0
1237.84	20.0
1259.16	20.0
1282.24	20.0
1290.32	20.0
1304.36	20.0
1322.68	20.0
1006.6	21.0
1087.6	22.0
943.8	23.0
964.84	23.0
1002.2	23.0
1022.44	23.0
1042.08	23.0
1185.96	23.0
918.12	24.0
963.88	24.0
1064.52	24.0
