936.2	1.0
998.64	1.0
1015.84	1.0
1032.28	1.0
1045.68	1.0
1124.04	1.0
1140.24	1.0
1193.44	1.0
943.32	1.0
1003.68	1.0
1020.36	1.0
1062.6	1.0
1069.72	1.0
1080.96	1.0
1174.08	1.0
1055.76	2.0
879.56	2.0
927.88	2.0
985.76	2.0
1037.24	2.0
1066.96	2.0
1173.48	2.0
1005.88	3.0
986.24	3.0
1003.04	3.0
1013.68	3.0
1021.6	3.0
1034.76	3.0
1043.12	3.0
1053.12	3.0
1062.92	3.0
1075.68	3.0
1085.24	3.0
1092.52	3.0
1101.36	3.0
1120.72	3.0
1135.92	3.0
1148.12	3.0
1156.16	3.0
1162.0	3.0
1179.52	3.0
1197.72	3.0
1207.36	3.0
1216.52	3.0
1233.36	3.0
1249.24	3.0
1274.92	3.0
1294.96	3.0
1297.52	3.0
1301.48	3.0
1031.92	5.0
1038.12	5.0
1052.44	5.0
1095.88	5.0
1006.0	5.0
1023.72	5.0
1047.2	5.0
1092.0	5.0
1121.44	5.0
1138.76	5.0
1159.24	5.0
939.6	6.0
966.68	6.0
991.92	6.0
998.12	6.0
1006.92	6.0
1019.52	6.0
1031.12	6.0
1038.28	6.0
1052.84	6.0
1059.36	6.0
1062.68	6.0
1073.48	6.0
1077.64	6.0
1092.48	6.0
1099.72	6.0
1112.84	6.0
1133.84	6.0
1140.28	6.0
1150.8	6.0
1173.76	6.0
1190.6	6.0
1224.4	6.0
1246.84	6.0
1269.44	6.0
992.28	7.0
1092.8	7.0
1129.96	7.0
1140.56	7.0
1190.96	7.0
881.4	8.0
897.12	8.0
912.76	8.0
987.44	8.0
1106.68	8.0
1139.24	8.0
1015.08	8.0
1059.92	8.0
1129.84	9.0
1061.44	11.0
995.04	11.0
1032.44	11.0
1053.44	11.0
1077.0	11.0
1102.12	11.0
1202.12	11.0
1220.76	11.0
987.6	12.0
1093.44	12.0
1099.0	12.0
1294.6	12.0
1307.6	12.0
961.4	12.0
977.4	12.0
984.2	12.0
994.44	12.0
1005.48	12.0
1016.8	12.0
1023.76	12.0
1028.56	12.0
1032.4	12.0
1046.12	12.0
1051.64	12.0
1054.76	12.0
1069.28	12.0
1073.2	12.0
1078.32	12.0
1083.2	12.0
1105.24	12.0
1114.28	12.0
1131.88	12.0
1140.84	12.0
1166.56	12.0
1215.92	12.0
1257.56	12.0
1298.24	12.0
1316.12	12.0
1006.8	13.0
1025.04	13.0
1041.28	13.0
1054.2	13.0
1057.44	13.0
1075.48	13.0
1086.48	13.0
1100.56	13.0
1113.36	13.0
1125.76	13.0
1130.72	13.0
1140.8	13.0
1150.48	13.0
1166.28	13.0
1184.76	13.0
1201.96	13.0
1223.4	13.0
1243.8	13.0
1273.88	13.0
1319.12	13.0
1103.88	14.0
1130.08	15.0
985.8	15.0
1039.04	16.0
1075.92	16.0
1155.8	17.0
952.24	17.0
984.92	17.0
993.64	17.0
1045.8	17.0
1091.72	17.0
1305.04	17.0
1037.16	18.0
1059.88	18.0
1093.16	18.0
1077.48	19.0
955.52	19.0
978.24	19.0
1045.32	19.0
1057.44	19.0
1090.0	19.0
1268.36	19.0
1000.04	20.0
696.44	20.0
732.24	20.0
813.88	20.0
838.24	20.0
841.44	20.0
865.36	20.0
882.24	20.0
888.56	20.0
894.92	20.0
904.04	20.0
911.68	20.0
918.88	20.0
926.32	20.0
931.64	20.0
937.08	20.0
945.88	20.0
955.64	20.0
962.52	20.0
968.56	20.0
974.56	20.0
978.36	20.0
985.72	20.0
991.64	20.0
995.2	20.0
1005.16	20.0
1008.6	20.0
1014.24	20.0
1019.08	20.0
1025.52	20.0
1031.12	20.0
1036.84	20.0
1039.52	20.0
1045.4	20.0
1051.04	20.0
1057.52	20.0
1061.16	20.0
1067.2	20.0
1076.52	20.0
1083.56	20.0
1091.84	20.0
1099.92	20.0
1106.68	20.0
1109.2	20.0
1122.56	20.0
1130.12	20.0
1138.88	20.0
1149.48	20.0
1168.12	20.0
1176.56	20.0
1193.28	20.0
1201.16	20.0
1231.36	20.0
1243.16	20.0
1248.72	20.0
1268.48	20.0
1292.52	20.0
1302.24	20.0
1310.32	20.0
1050.72	22.0
983.52	23.0
1033.04	23.0
1078.52	23.0
1104.12	23.0
1140.08	23.0
962.0	24.0
985.48	24.0
995.12	24.0
