4.12	1.0
121.84	1.0
201.76	2.0
324.6	2.0
468.52	2.0
3.64	3.0
47.28	3.0
64.04	3.0
71.4	3.0
83.48	3.0
91.92	3.0
103.16	3.0
124.6	3.0
136.48	3.0
163.76	3.0
254.6	3.0
273.24	3.0
327.08	3.0
139.52	5.0
182.44	5.0
49.6	6.0
122.12	6.0
154.08	6.0
205.6	6.0
220.12	6.0
219.6	8.0
261.36	8.0
347.88	8.0
470.92	8.0
153.96	9.0
135.24	11.0
23.6	12.0
26.12	12.0
59.64	12.0
90.0	12.0
105.24	12.0
136.08	12.0
197.72	12.0
217.32	12.0
249.16	12.0
322.52	12.0
144.76	13.0
21.56	14.0
208.68	14.0
101.64	17.0
134.16	17.0
1086.2	17.0
26.04	20.0
36.48	20.0
48.88	20.0
58.2	20.0
87.88	20.0
111.64	20.0
120.96	20.0
134.56	20.0
155.04	20.0
163.56	20.0
204.36	20.0
215.56	20.0
220.52	20.0
228.8	20.0
260.56	20.0
281.04	20.0
292.2	20.0
327.52	20.0
355.8	20.0
53.24	23.0
165.84	24.0
