41.64	1.0
241.88	1.0
313.04	1.0
503.48	1.0
728.96	1.0
17.64	1.0
44.16	1.0
129.44	1.0
170.76	2.0
273.04	2.0
360.56	2.0
27.44	3.0
132.72	3.0
143.68	3.0
222.6	3.0
275.92	3.0
309.28	3.0
338.88	3.0
566.68	3.0
174.36	5.0
71.0	5.0
129.44	5.0
35.36	6.0
45.92	6.0
105.32	6.0
156.52	6.0
183.96	6.0
214.92	6.0
291.32	6.0
390.4	6.0
489.08	6.0
521.68	6.0
46.24	7.0
181.4	8.0
275.28	8.0
285.76	8.0
126.72	8.0
296.04	8.0
17.76	11.0
123.12	11.0
4.0	11.0
47.28	11.0
146.84	11.0
2.72	12.0
40.12	12.0
17.8	12.0
46.76	12.0
73.68	12.0
92.92	12.0
146.8	12.0
186.12	12.0
213.48	12.0
224.92	12.0
262.12	12.0
295.0	12.0
298.04	12.0
334.0	12.0
404.36	12.0
411.12	12.0
511.52	12.0
527.44	12.0
18.28	13.0
21.88	13.0
74.8	13.0
95.6	13.0
193.28	13.0
118.6	14.0
532.76	14.0
65.36	15.0
444.44	16.0
18.08	17.0
52.72	17.0
142.52	17.0
180.12	17.0
210.72	17.0
218.88	17.0
263.0	17.0
413.08	17.0
673.12	17.0
15.08	18.0
45.96	18.0
99.72	18.0
128.48	18.0
449.52	18.0
149.28	19.0
525.28	19.0
547.2	19.0
242.8	20.0
16.6	20.0
37.44	20.0
46.72	20.0
71.52	20.0
91.52	20.0
100.0	20.0
122.76	20.0
126.2	20.0
136.2	20.0
145.4	20.0
172.24	20.0
183.0	20.0
212.28	20.0
217.72	20.0
254.88	20.0
263.6	20.0
279.88	20.0
296.8	20.0
307.56	20.0
330.2	20.0
335.2	20.0
350.76	20.0
354.56	20.0
383.24	20.0
391.68	20.0
403.48	20.0
434.96	20.0
447.4	20.0
481.04	20.0
488.12	20.0
496.28	20.0
547.28	20.0
585.24	20.0
