612.36	1.0
707.76	1.0
726.72	1.0
753.56	1.0
756.4	1.0
818.76	1.0
821.64	1.0
848.36	1.0
892.92	1.0
1123.0	1.0
732.16	1.0
745.64	1.0
764.44	1.0
778.68	1.0
781.64	1.0
785.76	1.0
804.04	1.0
814.16	1.0
832.6	1.0
896.36	1.0
933.64	1.0
1027.52	1.0
1069.96	1.0
1133.28	1.0
758.52	2.0
588.0	2.0
639.0	2.0
706.68	2.0
736.88	2.0
793.48	2.0
835.04	2.0
852.92	2.0
892.92	2.0
957.68	2.0
1133.44	2.0
1260.48	2.0
677.8	3.0
687.4	3.0
699.04	3.0
711.72	3.0
723.48	3.0
732.16	3.0
742.64	3.0
751.96	3.0
758.96	3.0
766.92	3.0
776.08	3.0
780.12	3.0
784.76	3.0
794.0	3.0
800.56	3.0
806.2	3.0
808.84	3.0
813.6	3.0
824.44	3.0
834.2	3.0
847.24	3.0
853.08	3.0
856.76	3.0
888.28	3.0
904.2	3.0
926.64	3.0
940.24	3.0
952.6	3.0
972.12	3.0
979.24	3.0
994.24	3.0
1020.64	3.0
1047.04	3.0
1070.56	3.0
1100.44	3.0
1122.8	3.0
1166.64	3.0
1172.04	3.0
1196.04	3.0
1228.12	3.0
1239.56	3.0
1288.44	3.0
1302.16	3.0
715.48	5.0
741.28	5.0
703.84	5.0
718.36	5.0
760.08	5.0
795.84	5.0
826.0	5.0
850.56	5.0
871.08	5.0
880.96	5.0
927.04	5.0
1063.32	5.0
1199.08	5.0
635.08	6.0
652.32	6.0
661.96	6.0
684.32	6.0
689.24	6.0
696.44	6.0
703.24	6.0
713.04	6.0
723.0	6.0
730.24	6.0
743.4	6.0
747.88	6.0
755.24	6.0
763.84	6.0
770.08	6.0
782.2	6.0
787.88	6.0
798.24	6.0
803.04	6.0
829.72	6.0
835.32	6.0
848.08	6.0
856.08	6.0
864.84	6.0
876.88	6.0
903.48	6.0
925.6	6.0
935.64	6.0
1015.6	6.0
1043.64	6.0
1072.16	6.0
1104.72	6.0
1178.76	6.0
1231.96	6.0
1309.72	6.0
702.6	7.0
716.0	7.0
746.64	7.0
760.08	7.0
777.96	7.0
826.24	7.0
866.12	7.0
1177.2	7.0
689.64	8.0
726.04	8.0
836.68	8.0
735.4	8.0
747.52	8.0
779.64	8.0
812.28	8.0
830.96	8.0
724.72	9.0
771.56	9.0
777.56	9.0
852.6	10.0
686.96	11.0
712.52	11.0
763.88	11.0
818.88	11.0
916.76	11.0
986.0	11.0
708.68	12.0
783.08	12.0
818.2	12.0
926.96	12.0
929.48	12.0
942.04	12.0
659.04	12.0
683.0	12.0
685.92	12.0
714.84	12.0
718.4	12.0
724.12	12.0
728.32	12.0
737.56	12.0
749.8	12.0
757.16	12.0
760.24	12.0
763.12	12.0
774.04	12.0
779.44	12.0
800.8	12.0
807.32	12.0
826.04	12.0
836.48	12.0
849.6	12.0
857.64	12.0
864.08	12.0
934.44	12.0
1010.84	12.0
1027.08	12.0
1067.72	12.0
1093.64	12.0
1128.64	12.0
1227.16	12.0
1282.88	12.0
689.96	13.0
705.4	13.0
718.0	13.0
730.0	13.0
739.56	13.0
750.64	13.0
754.28	13.0
758.8	13.0
768.08	13.0
774.28	13.0
778.68	13.0
793.2	13.0
804.48	13.0
816.4	13.0
829.76	13.0
841.92	13.0
853.36	13.0
867.36	13.0
880.44	13.0
895.6	13.0
913.44	13.0
941.92	13.0
960.8	13.0
977.92	13.0
1015.56	13.0
1033.24	13.0
1066.8	13.0
1112.76	13.0
1143.6	13.0
1183.76	13.0
1230.96	13.0
776.88	14.0
702.64	14.0
731.44	14.0
758.24	14.0
805.2	14.0
1098.08	14.0
716.08	15.0
746.76	15.0
778.04	15.0
689.92	15.0
702.44	16.0
760.4	16.0
796.24	16.0
847.36	16.0
719.48	17.0
882.8	17.0
1012.52	17.0
680.64	17.0
701.88	17.0
706.96	17.0
724.08	17.0
760.76	17.0
774.0	17.0
777.12	17.0
862.4	17.0
903.32	17.0
970.68	17.0
1109.32	17.0
1179.48	17.0
996.08	18.0
707.48	19.0
852.04	19.0
532.48	20.0
576.4	20.0
589.56	20.0
602.2	20.0
605.84	20.0
615.88	20.0
623.68	20.0
631.44	20.0
638.76	20.0
641.96	20.0
647.12	20.0
651.8	20.0
659.6	20.0
674.16	20.0
680.56	20.0
685.88	20.0
693.32	20.0
700.36	20.0
703.76	20.0
709.32	20.0
713.96	20.0
724.36	20.0
736.08	20.0
745.0	20.0
751.32	20.0
756.04	20.0
762.84	20.0
770.36	20.0
775.68	20.0
780.24	20.0
783.2	20.0
787.16	20.0
791.12	20.0
794.6	20.0
802.6	20.0
812.0	20.0
816.08	20.0
830.6	20.0
835.2	20.0
848.32	20.0
852.16	20.0
864.2	20.0
871.8	20.0
876.48	20.0
891.92	20.0
896.96	20.0
904.84	20.0
915.6	20.0
932.92	20.0
938.96	20.0
948.88	20.0
956.44	20.0
972.72	20.0
977.72	20.0
985.12	20.0
1005.44	20.0
1012.0	20.0
1020.48	20.0
1040.0	20.0
1046.16	20.0
1062.04	20.0
1070.64	20.0
1091.4	20.0
1100.08	20.0
1108.28	20.0
1127.88	20.0
1132.56	20.0
1193.72	20.0
1205.08	20.0
1245.48	20.0
1255.08	20.0
772.84	21.0
694.88	22.0
779.92	22.0
806.4	22.0
831.48	22.0
850.52	22.0
755.8	22.0
714.32	23.0
748.36	23.0
1091.44	23.0
766.76	23.0
836.84	23.0
656.88	24.0
674.24	24.0
780.2	24.0
