87.24	1.0
137.8	1.0
158.08	1.0
180.36	1.0
233.28	1.0
103.68	1.0
125.92	1.0
162.6	1.0
172.64	1.0
189.64	1.0
208.68	1.0
215.48	1.0
220.2	1.0
229.0	1.0
246.4	1.0
260.32	1.0
406.72	1.0
41.56	2.0
101.68	2.0
157.44	2.0
198.68	2.0
210.36	2.0
221.08	2.0
232.0	2.0
248.32	2.0
286.8	2.0
307.88	2.0
383.68	2.0
665.16	2.0
752.56	2.0
837.2	2.0
931.68	2.0
1022.04	2.0
362.4	3.0
125.08	3.0
142.28	3.0
153.72	3.0
157.36	3.0
162.92	3.0
172.2	3.0
182.56	3.0
190.48	3.0
198.24	3.0
207.84	3.0
211.36	3.0
218.28	3.0
225.36	3.0
233.24	3.0
242.76	3.0
245.36	3.0
251.32	3.0
261.04	3.0
273.72	3.0
307.96	3.0
313.68	3.0
316.76	3.0
330.44	3.0
346.48	3.0
349.24	3.0
374.28	3.0
386.52	3.0
442.68	3.0
459.04	3.0
475.48	3.0
493.76	3.0
527.48	3.0
549.28	3.0
555.28	3.0
572.32	3.0
592.88	3.0
611.48	3.0
644.92	3.0
656.36	3.0
679.28	3.0
702.36	3.0
732.96	3.0
777.2	3.0
790.92	3.0
818.56	3.0
853.4	3.0
892.8	3.0
924.12	3.0
127.52	5.0
119.88	5.0
151.28	5.0
181.6	5.0
221.96	5.0
231.52	5.0
249.68	5.0
268.6	5.0
276.52	5.0
299.32	5.0
308.76	5.0
313.44	5.0
348.64	5.0
391.6	5.0
398.48	5.0
447.04	5.0
455.44	5.0
93.72	6.0
114.56	6.0
126.48	6.0
134.12	6.0
144.88	6.0
150.32	6.0
156.4	6.0
163.28	6.0
170.76	6.0
181.64	6.0
194.32	6.0
198.32	6.0
205.52	6.0
214.6	6.0
220.52	6.0
227.64	6.0
245.16	6.0
288.96	6.0
296.84	6.0
307.4	6.0
324.96	6.0
333.4	6.0
361.44	6.0
379.84	6.0
389.88	6.0
440.44	6.0
471.92	6.0
541.92	6.0
671.88	6.0
688.88	6.0
727.04	6.0
753.88	6.0
795.64	6.0
835.24	6.0
867.4	6.0
965.56	6.0
126.76	7.0
145.28	7.0
168.16	7.0
186.96	7.0
203.24	7.0
228.8	7.0
241.92	7.0
256.12	7.0
333.68	7.0
429.0	7.0
667.96	7.0
867.72	7.0
43.44	8.0
146.36	8.0
335.36	8.0
1031.28	8.0
162.44	8.0
181.0	8.0
200.76	8.0
206.08	8.0
149.76	9.0
154.72	9.0
211.32	9.0
224.76	9.0
234.44	9.0
250.72	9.0
405.8	9.0
45.48	11.0
152.96	11.0
177.48	11.0
186.52	11.0
258.36	11.0
125.0	11.0
234.72	11.0
178.08	12.0
180.76	12.0
265.6	12.0
588.68	12.0
657.52	12.0
123.76	12.0
146.44	12.0
152.76	12.0
155.76	12.0
174.0	12.0
186.4	12.0
206.48	12.0
210.48	12.0
219.16	12.0
230.08	12.0
256.28	12.0
259.64	12.0
276.64	12.0
336.08	12.0
357.44	12.0
369.36	12.0
399.28	12.0
413.04	12.0
443.44	12.0
523.68	12.0
592.48	12.0
596.12	12.0
701.16	12.0
718.04	12.0
751.48	12.0
854.36	12.0
941.68	12.0
1015.84	12.0
146.92	13.0
157.2	13.0
170.64	13.0
183.32	13.0
192.52	13.0
205.68	13.0
211.04	13.0
213.72	13.0
220.8	13.0
229.92	13.0
241.52	13.0
250.88	13.0
256.84	13.0
268.16	13.0
277.12	13.0
291.12	13.0
304.24	13.0
315.96	13.0
332.4	13.0
345.52	13.0
360.68	13.0
374.32	13.0
387.0	13.0
408.08	13.0
428.52	13.0
447.32	13.0
472.08	13.0
502.84	13.0
525.72	13.0
543.32	13.0
572.88	13.0
605.28	13.0
624.24	13.0
662.52	13.0
686.24	13.0
724.6	13.0
752.92	13.0
828.8	13.0
151.56	14.0
183.0	14.0
353.04	14.0
455.08	14.0
168.28	15.0
187.12	15.0
203.4	15.0
242.0	15.0
429.08	15.0
668.08	15.0
207.56	15.0
317.64	15.0
184.76	16.0
232.36	16.0
962.56	16.0
258.84	17.0
160.8	17.0
165.56	17.0
211.0	17.0
219.52	17.0
250.0	17.0
284.52	17.0
370.76	17.0
402.68	17.0
753.8	17.0
1089.6	17.0
123.32	18.0
153.48	18.0
202.52	18.0
325.4	18.0
417.64	18.0
437.12	18.0
443.04	18.0
481.48	18.0
216.68	19.0
182.4	19.0
208.44	19.0
211.4	19.0
281.48	19.0
622.92	19.0
840.96	19.0
36.28	20.0
44.04	20.0
60.68	20.0
81.04	20.0
85.44	20.0
91.84	20.0
100.4	20.0
104.08	20.0
110.64	20.0
117.12	20.0
122.6	20.0
126.56	20.0
132.92	20.0
142.8	20.0
146.6	20.0
151.8	20.0
156.0	20.0
160.08	20.0
164.92	20.0
170.96	20.0
176.68	20.0
183.64	20.0
192.76	20.0
197.88	20.0
200.64	20.0
206.44	20.0
211.52	20.0
215.68	20.0
220.04	20.0
223.92	20.0
230.44	20.0
236.6	20.0
244.44	20.0
250.08	20.0
255.72	20.0
261.44	20.0
273.24	20.0
279.72	20.0
286.96	20.0
308.4	20.0
319.72	20.0
330.76	20.0
342.16	20.0
348.8	20.0
362.72	20.0
371.36	20.0
376.84	20.0
380.2	20.0
399.48	20.0
407.2	20.0
417.68	20.0
442.08	20.0
451.0	20.0
464.12	20.0
475.2	20.0
484.52	20.0
513.84	20.0
524.32	20.0
532.88	20.0
542.2	20.0
552.8	20.0
579.36	20.0
588.24	20.0
599.6	20.0
610.24	20.0
616.52	20.0
640.88	20.0
650.24	20.0
659.28	20.0
681.56	20.0
701.32	20.0
722.08	20.0
739.84	20.0
756.4	20.0
761.52	20.0
815.2	20.0
826.6	20.0
841.0	20.0
850.4	20.0
878.44	20.0
899.6	20.0
905.16	20.0
933.64	20.0
945.48	20.0
986.48	20.0
1012.44	20.0
1038.24	20.0
1048.32	20.0
1072.0	20.0
1085.92	20.0
1102.48	20.0
1139.6	20.0
1158.96	20.0
1177.48	20.0
1275.52	20.0
159.44	21.0
183.04	21.0
210.96	22.0
235.2	22.0
245.04	22.0
162.52	22.0
230.64	22.0
139.48	23.0
167.52	23.0
184.2	23.0
613.8	23.0
895.6	23.0
209.76	23.0
285.96	23.0
313.88	23.0
412.48	23.0
432.32	23.0
492.88	23.0
209.24	24.0
126.2	24.0
