520.6	1.0
598.24	1.0
610.16	1.0
629.36	1.0
643.84	1.0
671.36	1.0
759.68	1.0
848.12	1.0
580.32	1.0
584.8	1.0
589.24	1.0
613.76	1.0
641.0	1.0
666.24	1.0
689.84	1.0
747.92	1.0
933.24	1.0
640.56	2.0
418.0	2.0
528.56	2.0
565.32	2.0
618.48	2.0
644.88	2.0
657.04	2.0
672.36	2.0
718.16	2.0
731.6	2.0
756.12	2.0
848.04	2.0
890.32	2.0
993.52	2.0
1067.68	2.0
1261.04	2.0
1320.92	2.0
537.08	3.0
573.88	3.0
579.64	3.0
588.24	3.0
597.12	3.0
608.0	3.0
617.48	3.0
622.24	3.0
631.72	3.0
648.28	3.0
657.28	3.0
672.16	3.0
675.44	3.0
686.68	3.0
695.08	3.0
707.52	3.0
719.2	3.0
732.36	3.0
741.6	3.0
748.2	3.0
756.28	3.0
762.72	3.0
768.16	3.0
782.28	3.0
795.48	3.0
810.92	3.0
847.56	3.0
861.88	3.0
875.36	3.0
889.96	3.0
907.2	3.0
936.88	3.0
954.8	3.0
992.6	3.0
998.76	3.0
1013.68	3.0
1037.76	3.0
1077.88	3.0
1091.04	3.0
1126.64	3.0
1153.68	3.0
1181.84	3.0
1270.28	3.0
1339.4	3.0
1364.44	3.0
589.08	5.0
600.84	5.0
613.04	5.0
622.16	5.0
649.36	5.0
652.24	5.0
1334.4	5.0
585.44	5.0
609.96	5.0
625.28	5.0
643.36	5.0
659.64	5.0
668.92	5.0
689.32	5.0
716.64	5.0
743.48	5.0
765.12	5.0
811.44	5.0
846.04	5.0
928.84	5.0
994.24	5.0
535.56	6.0
561.0	6.0
569.4	6.0
579.28	6.0
585.84	6.0
589.64	6.0
598.52	6.0
605.44	6.0
609.32	6.0
622.84	6.0
631.08	6.0
636.84	6.0
647.48	6.0
655.44	6.0
662.72	6.0
669.24	6.0
676.2	6.0
683.84	6.0
692.32	6.0
697.6	6.0
705.76	6.0
715.96	6.0
724.56	6.0
732.56	6.0
745.2	6.0
779.0	6.0
799.8	6.0
810.96	6.0
878.2	6.0
889.52	6.0
907.24	6.0
950.12	6.0
974.16	6.0
1003.52	6.0
1034.16	6.0
1112.48	6.0
1134.8	6.0
1204.6	6.0
1287.56	6.0
1310.12	6.0
1401.28	6.0
631.24	7.0
574.8	7.0
603.2	7.0
606.24	7.0
620.28	7.0
647.92	7.0
660.76	7.0
682.6	7.0
718.12	7.0
741.88	7.0
745.6	7.0
795.48	7.0
885.36	7.0
889.88	7.0
997.04	7.0
1112.84	7.0
954.6	8.0
1188.16	8.0
1203.96	8.0
613.16	8.0
626.6	8.0
640.48	8.0
663.48	8.0
740.52	8.0
581.52	9.0
604.64	9.0
633.24	9.0
661.16	9.0
765.48	10.0
606.52	11.0
630.28	11.0
656.68	11.0
661.32	11.0
679.68	11.0
421.72	11.0
549.88	11.0
593.6	11.0
599.52	11.0
627.52	11.0
675.12	11.0
853.36	11.0
1032.56	11.0
656.36	12.0
680.12	12.0
690.56	12.0
716.2	12.0
819.04	12.0
907.64	12.0
1032.84	12.0
552.4	12.0
572.12	12.0
582.84	12.0
585.48	12.0
591.8	12.0
599.72	12.0
605.72	12.0
628.6	12.0
633.0	12.0
646.44	12.0
665.36	12.0
670.84	12.0
676.36	12.0
693.96	12.0
730.92	12.0
812.56	12.0
830.76	12.0
838.04	12.0
958.28	12.0
963.92	12.0
1121.08	12.0
1259.4	12.0
1287.36	12.0
1395.44	12.0
575.52	13.0
588.84	13.0
600.52	13.0
603.24	13.0
609.56	13.0
612.8	13.0
619.04	13.0
623.52	13.0
631.64	13.0
646.6	13.0
656.56	13.0
666.76	13.0
671.76	13.0
688.04	13.0
699.92	13.0
712.92	13.0
721.6	13.0
741.0	13.0
753.44	13.0
766.28	13.0
783.72	13.0
795.72	13.0
798.72	13.0
813.16	13.0
826.8	13.0
831.68	13.0
842.76	13.0
859.84	13.0
884.4	13.0
907.4	13.0
930.44	13.0
978.44	13.0
1001.72	13.0
1036.84	13.0
1085.8	13.0
1130.48	13.0
1160.48	13.0
613.24	14.0
632.04	14.0
659.32	14.0
939.12	14.0
1044.48	14.0
574.88	15.0
795.6	15.0
997.28	15.0
577.4	15.0
626.92	15.0
674.16	15.0
926.4	15.0
599.6	16.0
626.72	16.0
671.76	16.0
732.48	16.0
995.88	16.0
1134.04	16.0
564.56	17.0
573.96	17.0
577.64	17.0
588.56	17.0
627.76	17.0
641.52	17.0
645.16	17.0
659.52	17.0
662.12	17.0
708.36	17.0
711.36	17.0
726.08	17.0
893.32	17.0
930.12	17.0
1034.88	17.0
632.84	18.0
641.08	18.0
647.6	18.0
913.36	18.0
930.12	18.0
1139.52	18.0
661.32	19.0
765.28	19.0
559.84	19.0
576.96	19.0
674.36	19.0
961.0	19.0
626.4	20.0
421.28	20.0
487.8	20.0
499.48	20.0
514.32	20.0
529.08	20.0
533.92	20.0
540.88	20.0
548.56	20.0
554.36	20.0
559.76	20.0
563.88	20.0
567.88	20.0
572.72	20.0
580.72	20.0
586.36	20.0
590.12	20.0
598.88	20.0
603.32	20.0
609.8	20.0
614.16	20.0
620.68	20.0
631.56	20.0
636.24	20.0
640.0	20.0
645.72	20.0
664.44	20.0
670.48	20.0
674.56	20.0
679.68	20.0
685.24	20.0
691.72	20.0
696.56	20.0
705.88	20.0
710.2	20.0
717.08	20.0
721.16	20.0
724.36	20.0
732.88	20.0
736.92	20.0
743.44	20.0
753.04	20.0
759.64	20.0
765.68	20.0
788.84	20.0
795.56	20.0
801.64	20.0
806.8	20.0
812.92	20.0
821.92	20.0
837.36	20.0
847.8	20.0
858.92	20.0
864.4	20.0
867.8	20.0
895.2	20.0
905.16	20.0
928.16	20.0
953.76	20.0
987.52	20.0
1002.44	20.0
1011.2	20.0
1048.88	20.0
1084.12	20.0
1109.48	20.0
1119.44	20.0
1129.36	20.0
1132.92	20.0
1136.84	20.0
1148.72	20.0
1156.84	20.0
1165.96	20.0
1193.24	20.0
1203.0	20.0
1211.76	20.0
1218.6	20.0
1281.92	20.0
1288.76	20.0
1306.16	20.0
1321.36	20.0
1363.08	20.0
1374.84	20.0
1403.56	20.0
613.2	21.0
937.72	21.0
567.4	22.0
648.76	22.0
660.52	22.0
668.96	22.0
718.56	22.0
753.04	22.0
570.04	23.0
607.92	23.0
614.16	23.0
633.64	23.0
667.24	23.0
1031.12	23.0
642.16	23.0
1033.8	23.0
1066.96	23.0
569.44	24.0
586.16	24.0
624.4	24.0
