402.12	1.0
421.56	1.0
454.24	1.0
481.92	1.0
512.96	1.0
529.72	1.0
540.96	1.0
581.12	1.0
624.8	1.0
783.8	1.0
1215.16	1.0
545.56	1.0
557.4	1.0
561.36	1.0
564.12	1.0
589.4	1.0
595.12	1.0
604.04	1.0
620.12	1.0
640.0	1.0
672.24	1.0
711.16	1.0
894.72	1.0
335.96	2.0
383.48	2.0
484.76	2.0
517.6	2.0
562.24	2.0
583.4	2.0
637.32	2.0
678.88	2.0
800.4	2.0
567.56	3.0
458.04	3.0
484.2	3.0
498.4	3.0
521.04	3.0
531.48	3.0
541.28	3.0
550.76	3.0
560.08	3.0
578.44	3.0
581.88	3.0
585.96	3.0
594.0	3.0
602.72	3.0
628.72	3.0
637.2	3.0
650.68	3.0
662.12	3.0
751.28	3.0
758.04	3.0
761.92	3.0
776.52	3.0
782.2	3.0
791.84	3.0
810.12	3.0
822.12	3.0
842.96	3.0
850.28	3.0
866.88	3.0
879.16	3.0
890.12	3.0
910.0	3.0
929.0	3.0
945.52	3.0
973.32	3.0
979.24	3.0
1007.6	3.0
1028.32	3.0
1045.96	3.0
1081.36	3.0
1095.28	3.0
1116.92	3.0
1188.24	3.0
1246.64	3.0
1298.28	3.0
502.64	5.0
581.92	5.0
1225.04	5.0
518.76	5.0
535.04	5.0
540.52	5.0
559.76	5.0
567.36	5.0
598.2	5.0
613.56	5.0
628.96	5.0
649.32	5.0
663.52	5.0
686.92	5.0
706.04	5.0
733.8	5.0
759.6	5.0
809.04	5.0
840.64	5.0
855.68	5.0
909.44	5.0
965.08	5.0
1048.36	5.0
1133.8	5.0
584.32	6.0
613.48	6.0
480.52	6.0
485.8	6.0
493.24	6.0
513.84	6.0
518.04	6.0
530.2	6.0
536.84	6.0
544.04	6.0
555.92	6.0
561.52	6.0
577.4	6.0
587.16	6.0
603.2	6.0
608.28	6.0
636.44	6.0
645.88	6.0
652.16	6.0
663.76	6.0
671.32	6.0
682.72	6.0
698.76	6.0
712.16	6.0
724.68	6.0
737.16	6.0
747.48	6.0
771.44	6.0
790.04	6.0
864.24	6.0
924.44	6.0
958.48	6.0
1006.24	6.0
1162.48	6.0
1227.04	6.0
500.4	7.0
518.16	7.0
524.88	7.0
541.92	7.0
560.6	7.0
563.52	7.0
572.92	7.0
595.28	7.0
618.0	7.0
636.48	7.0
671.64	7.0
707.4	7.0
922.92	7.0
517.16	8.0
805.92	8.0
972.64	8.0
533.12	8.0
562.76	8.0
599.36	8.0
759.92	8.0
544.8	9.0
579.72	9.0
592.8	9.0
757.92	10.0
515.16	11.0
535.24	11.0
541.24	11.0
562.56	11.0
619.96	11.0
673.68	11.0
566.92	11.0
583.48	11.0
587.72	11.0
606.16	11.0
515.28	12.0
846.08	12.0
484.24	12.0
488.92	12.0
508.0	12.0
518.88	12.0
530.32	12.0
534.32	12.0
544.36	12.0
555.4	12.0
560.68	12.0
581.16	12.0
592.96	12.0
602.88	12.0
612.84	12.0
621.08	12.0
633.32	12.0
637.44	12.0
681.28	12.0
710.28	12.0
768.16	12.0
906.64	12.0
924.56	12.0
982.96	12.0
999.96	12.0
1039.68	12.0
1058.2	12.0
1201.36	12.0
517.36	13.0
527.68	13.0
530.4	13.0
540.8	13.0
543.52	13.0
557.72	13.0
566.0	13.0
576.68	13.0
584.0	13.0
595.56	13.0
605.68	13.0
614.04	13.0
622.08	13.0
628.8	13.0
646.68	13.0
653.76	13.0
663.68	13.0
680.56	13.0
689.8	13.0
695.48	13.0
705.84	13.0
724.96	13.0
737.92	13.0
749.32	13.0
761.32	13.0
774.0	13.0
789.8	13.0
816.08	13.0
839.32	13.0
866.48	13.0
890.68	13.0
907.68	13.0
929.12	13.0
956.88	13.0
971.56	13.0
984.96	13.0
1022.52	13.0
1052.84	13.0
1077.44	13.0
1116.36	13.0
1153.72	13.0
1219.4	13.0
566.64	14.0
601.96	14.0
759.96	14.0
786.4	14.0
525.0	15.0
542.08	15.0
573.04	15.0
618.92	15.0
628.04	15.0
535.6	16.0
575.92	16.0
604.32	16.0
919.64	16.0
653.04	17.0
493.08	17.0
516.04	17.0
521.88	17.0
540.88	17.0
582.52	17.0
585.48	17.0
613.52	17.0
627.2	17.0
635.16	17.0
686.16	17.0
694.0	17.0
903.24	17.0
977.04	17.0
1134.24	17.0
532.48	18.0
538.4	18.0
550.76	18.0
968.44	18.0
544.16	19.0
555.64	19.0
585.48	19.0
651.6	19.0
768.36	20.0
318.44	20.0
328.48	20.0
338.84	20.0
385.96	20.0
410.6	20.0
455.88	20.0
462.6	20.0
476.2	20.0
482.0	20.0
487.04	20.0
492.32	20.0
495.48	20.0
500.56	20.0
503.16	20.0
507.36	20.0
510.4	20.0
515.0	20.0
519.48	20.0
531.28	20.0
535.52	20.0
541.32	20.0
545.72	20.0
552.08	20.0
559.2	20.0
566.12	20.0
569.16	20.0
575.68	20.0
579.84	20.0
584.44	20.0
594.76	20.0
602.56	20.0
629.24	20.0
636.64	20.0
641.48	20.0
646.76	20.0
651.4	20.0
659.24	20.0
664.84	20.0
673.84	20.0
680.12	20.0
686.96	20.0
698.92	20.0
704.48	20.0
713.08	20.0
720.88	20.0
726.72	20.0
736.96	20.0
743.36	20.0
755.68	20.0
788.72	20.0
814.48	20.0
824.52	20.0
845.52	20.0
853.04	20.0
862.48	20.0
882.04	20.0
892.56	20.0
901.32	20.0
922.76	20.0
945.72	20.0
959.84	20.0
974.6	20.0
993.56	20.0
1005.04	20.0
1035.56	20.0
1048.84	20.0
1074.16	20.0
1086.52	20.0
1095.76	20.0
1106.32	20.0
1120.8	20.0
1139.36	20.0
1147.84	20.0
1159.24	20.0
1196.92	20.0
1216.52	20.0
1222.4	20.0
1225.76	20.0
563.76	21.0
514.68	22.0
631.84	22.0
581.08	22.0
515.84	23.0
545.04	23.0
566.0	23.0
579.88	23.0
587.36	23.0
647.2	23.0
711.12	23.0
923.08	23.0
482.48	24.0
509.08	24.0
