290.44	1.0
342.32	1.0
350.96	1.0
366.12	1.0
376.96	1.0
392.56	1.0
416.32	1.0
444.68	1.0
485.36	1.0
357.64	1.0
381.4	1.0
386.72	1.0
402.92	1.0
407.2	1.0
424.36	1.0
447.2	1.0
480.64	1.0
517.0	1.0
598.68	1.0
177.2	2.0
293.44	2.0
326.12	2.0
357.4	2.0
365.52	2.0
380.2	2.0
404.72	2.0
419.24	2.0
441.52	2.0
479.28	2.0
515.04	2.0
547.44	2.0
591.56	2.0
660.68	2.0
840.68	2.0
1105.8	2.0
1130.04	2.0
1233.04	2.0
1290.6	2.0
344.72	3.0
356.12	3.0
366.28	3.0
370.92	3.0
375.56	3.0
378.08	3.0
384.12	3.0
392.52	3.0
396.32	3.0
400.24	3.0
406.96	3.0
414.48	3.0
418.04	3.0
422.4	3.0
439.16	3.0
445.52	3.0
456.48	3.0
470.44	3.0
475.68	3.0
509.04	3.0
515.08	3.0
520.0	3.0
531.6	3.0
542.76	3.0
551.08	3.0
557.44	3.0
577.8	3.0
593.0	3.0
601.64	3.0
628.84	3.0
673.6	3.0
737.72	3.0
758.48	3.0
774.0	3.0
800.16	3.0
819.16	3.0
829.08	3.0
859.68	3.0
891.6	3.0
897.4	3.0
926.72	3.0
939.28	3.0
974.44	3.0
990.84	3.0
1002.92	3.0
1033.52	3.0
1046.32	3.0
1058.24	3.0
1078.16	3.0
1123.4	3.0
1190.2	3.0
1209.76	3.0
358.92	5.0
392.36	5.0
597.6	5.0
363.48	5.0
378.4	5.0
385.28	5.0
403.12	5.0
420.24	5.0
438.4	5.0
441.4	5.0
453.56	5.0
470.68	5.0
492.6	5.0
508.72	5.0
532.52	5.0
613.24	5.0
662.88	5.0
691.88	5.0
725.4	5.0
763.16	5.0
789.92	5.0
843.76	5.0
885.88	5.0
916.8	5.0
951.6	5.0
959.08	5.0
1042.72	5.0
303.08	6.0
318.76	6.0
341.4	6.0
348.4	6.0
358.08	6.0
370.88	6.0
375.24	6.0
381.88	6.0
388.16	6.0
395.44	6.0
404.96	6.0
418.2	6.0
424.6	6.0
444.4	6.0
449.24	6.0
456.28	6.0
463.64	6.0
473.72	6.0
496.72	6.0
519.2	6.0
530.12	6.0
540.8	6.0
551.04	6.0
600.96	6.0
618.96	6.0
628.52	6.0
660.68	6.0
686.56	6.0
703.8	6.0
729.76	6.0
801.92	6.0
818.64	6.0
950.2	6.0
979.04	6.0
997.0	6.0
1052.0	6.0
1128.6	6.0
1176.48	6.0
1208.68	6.0
1260.16	6.0
1291.28	6.0
358.08	7.0
370.92	7.0
387.04	7.0
397.56	7.0
407.72	7.0
411.32	7.0
418.6	7.0
422.44	7.0
439.08	7.0
471.92	7.0
552.04	7.0
1148.84	7.0
599.92	8.0
699.08	8.0
354.08	8.0
370.36	8.0
387.4	8.0
405.64	8.0
456.24	8.0
818.24	8.0
392.08	9.0
558.56	9.0
444.72	10.0
358.96	11.0
378.04	11.0
399.44	11.0
458.64	11.0
367.68	11.0
393.12	11.0
447.56	11.0
370.56	12.0
395.44	12.0
439.44	12.0
508.0	12.0
649.52	12.0
698.32	12.0
855.64	12.0
1236.12	12.0
338.64	12.0
356.8	12.0
360.48	12.0
384.4	12.0
390.8	12.0
412.16	12.0
424.04	12.0
431.6	12.0
453.48	12.0
527.96	12.0
666.8	12.0
816.16	12.0
847.4	12.0
978.6	12.0
987.56	12.0
1048.36	12.0
1065.96	12.0
1200.68	12.0
1274.28	12.0
468.04	13.0
365.68	13.0
374.24	13.0
388.56	13.0
397.08	13.0
400.08	13.0
407.76	13.0
412.72	13.0
416.64	13.0
424.52	13.0
436.32	13.0
438.84	13.0
443.44	13.0
454.04	13.0
476.52	13.0
488.0	13.0
499.2	13.0
506.52	13.0
511.28	13.0
520.6	13.0
537.6	13.0
554.32	13.0
570.88	13.0
587.84	13.0
604.04	13.0
616.64	13.0
631.6	13.0
649.24	13.0
665.88	13.0
684.2	13.0
720.96	13.0
738.84	13.0
766.6	13.0
808.04	13.0
828.24	13.0
869.52	13.0
952.32	13.0
979.24	13.0
983.64	13.0
1052.08	13.0
1117.72	13.0
414.56	14.0
439.64	14.0
371.04	15.0
394.36	16.0
427.96	16.0
368.16	17.0
393.88	17.0
397.64	17.0
410.4	17.0
415.6	17.0
423.68	17.0
436.36	17.0
459.04	17.0
476.96	17.0
507.56	17.0
622.36	17.0
630.4	17.0
753.72	17.0
866.28	17.0
899.84	17.0
948.52	17.0
330.44	18.0
360.6	18.0
397.72	18.0
415.36	18.0
919.92	18.0
975.44	18.0
392.16	19.0
486.08	19.0
684.32	19.0
332.92	19.0
352.24	19.0
439.76	19.0
481.16	19.0
504.48	19.0
1048.08	19.0
1164.56	19.0
356.6	20.0
381.12	20.0
159.76	20.0
178.0	20.0
210.6	20.0
266.72	20.0
281.6	20.0
293.92	20.0
313.52	20.0
317.56	20.0
322.12	20.0
326.04	20.0
329.08	20.0
332.64	20.0
338.84	20.0
343.32	20.0
348.16	20.0
352.32	20.0
360.4	20.0
372.88	20.0
377.16	20.0
388.48	20.0
392.44	20.0
407.44	20.0
412.76	20.0
419.92	20.0
424.04	20.0
439.8	20.0
481.24	20.0
498.8	20.0
504.6	20.0
509.24	20.0
514.88	20.0
520.48	20.0
527.96	20.0
537.8	20.0
548.04	20.0
552.44	20.0
578.64	20.0
591.32	20.0
601.16	20.0
608.56	20.0
629.28	20.0
635.44	20.0
654.8	20.0
683.76	20.0
699.76	20.0
732.84	20.0
740.72	20.0
769.8	20.0
779.92	20.0
807.48	20.0
817.88	20.0
825.6	20.0
852.76	20.0
865.04	20.0
877.92	20.0
919.6	20.0
940.32	20.0
944.6	20.0
987.48	20.0
1013.76	20.0
1027.52	20.0
1033.96	20.0
1048.12	20.0
1090.44	20.0
1108.32	20.0
1152.84	20.0
1203.76	20.0
1232.36	20.0
1252.64	20.0
1260.6	20.0
1271.92	20.0
1292.08	20.0
380.56	21.0
370.16	22.0
361.48	23.0
395.12	23.0
397.68	23.0
462.96	23.0
374.8	23.0
420.04	23.0
432.04	23.0
440.52	23.0
470.36	23.0
487.84	23.0
397.8	24.0
341.16	24.0
