383.56	1.0
548.92	1.0
578.84	1.0
616.32	1.0
632.92	1.0
653.88	1.0
673.6	1.0
744.16	1.0
1226.4	1.0
594.84	1.0
636.04	1.0
650.92	1.0
664.12	1.0
685.68	1.0
695.88	1.0
710.76	1.0
1110.2	1.0
372.92	2.0
513.36	2.0
546.0	2.0
595.16	2.0
613.88	2.0
638.6	2.0
649.04	2.0
662.36	2.0
665.04	2.0
699.36	2.0
710.28	2.0
730.8	2.0
779.04	2.0
823.08	2.0
965.4	2.0
1090.36	2.0
876.08	3.0
584.16	3.0
590.64	3.0
593.88	3.0
600.44	3.0
618.72	3.0
628.0	3.0
631.04	3.0
635.72	3.0
642.88	3.0
649.0	3.0
658.68	3.0
667.56	3.0
675.6	3.0
683.52	3.0
696.08	3.0
700.96	3.0
705.32	3.0
714.6	3.0
751.92	3.0
764.28	3.0
773.12	3.0
785.4	3.0
796.52	3.0
805.04	3.0
821.4	3.0
827.24	3.0
857.72	3.0
862.28	3.0
892.48	3.0
910.88	3.0
927.2	3.0
948.96	3.0
973.32	3.0
1009.28	3.0
1077.48	3.0
1115.2	3.0
1148.88	3.0
1169.44	3.0
1188.24	3.0
1192.4	3.0
1226.88	3.0
1261.4	3.0
1279.72	3.0
1289.64	3.0
583.48	5.0
610.48	5.0
996.88	5.0
601.76	5.0
622.04	5.0
631.88	5.0
639.56	5.0
656.6	5.0
669.84	5.0
685.8	5.0
700.64	5.0
725.8	5.0
745.92	5.0
786.68	5.0
860.76	5.0
883.72	5.0
954.04	5.0
1047.36	5.0
1140.76	5.0
1191.44	5.0
536.32	6.0
551.0	6.0
561.52	6.0
571.84	6.0
576.36	6.0
586.92	6.0
591.84	6.0
596.32	6.0
608.12	6.0
613.4	6.0
622.48	6.0
627.8	6.0
635.2	6.0
642.76	6.0
648.4	6.0
654.96	6.0
678.2	6.0
686.28	6.0
693.92	6.0
703.08	6.0
712.36	6.0
748.72	6.0
755.68	6.0
772.52	6.0
801.2	6.0
837.8	6.0
857.6	6.0
866.88	6.0
934.76	6.0
1002.96	6.0
1067.2	6.0
1091.36	6.0
1121.24	6.0
1230.76	6.0
1272.28	6.0
576.76	7.0
591.72	7.0
610.84	7.0
622.84	7.0
637.24	7.0
640.0	7.0
648.6	7.0
664.56	7.0
676.08	7.0
705.44	7.0
712.64	7.0
748.44	7.0
772.84	7.0
820.4	7.0
986.64	7.0
1222.56	7.0
911.8	8.0
570.76	8.0
602.24	8.0
635.76	8.0
1106.52	8.0
610.76	9.0
617.4	9.0
650.0	9.0
863.6	9.0
1097.88	9.0
611.0	11.0
636.12	11.0
643.96	11.0
1060.76	11.0
572.48	11.0
591.04	11.0
672.36	11.0
713.32	11.0
736.28	11.0
784.68	11.0
1164.4	11.0
569.44	12.0
615.2	12.0
806.08	12.0
1060.76	12.0
521.52	12.0
557.28	12.0
596.64	12.0
599.48	12.0
607.56	12.0
610.6	12.0
628.6	12.0
667.52	12.0
675.36	12.0
685.6	12.0
698.88	12.0
768.08	12.0
778.32	12.0
822.92	12.0
847.24	12.0
991.44	12.0
1087.36	12.0
1100.12	12.0
1104.96	12.0
1115.32	12.0
1145.56	12.0
1186.92	12.0
1210.6	12.0
1278.04	12.0
1283.68	12.0
586.64	13.0
594.4	13.0
598.0	13.0
607.92	13.0
615.04	13.0
626.32	13.0
631.28	13.0
636.28	13.0
639.52	13.0
643.64	13.0
646.16	13.0
652.12	13.0
663.88	13.0
668.44	13.0
671.12	13.0
674.88	13.0
681.8	13.0
694.4	13.0
704.0	13.0
711.64	13.0
723.84	13.0
734.52	13.0
748.8	13.0
754.12	13.0
757.96	13.0
772.0	13.0
786.92	13.0
799.96	13.0
806.44	13.0
822.36	13.0
843.28	13.0
860.88	13.0
882.2	13.0
905.28	13.0
933.2	13.0
954.0	13.0
989.68	13.0
1016.36	13.0
1062.76	13.0
1106.68	13.0
1193.48	13.0
1278.6	13.0
609.08	14.0
631.48	14.0
1229.08	14.0
748.56	15.0
820.52	15.0
986.84	15.0
587.76	15.0
665.12	15.0
790.92	15.0
599.72	16.0
633.24	16.0
659.32	16.0
713.96	16.0
777.52	16.0
570.16	17.0
764.6	17.0
784.56	17.0
792.6	17.0
879.08	17.0
589.32	17.0
604.64	17.0
647.28	17.0
667.6	17.0
673.28	17.0
728.92	17.0
743.68	17.0
747.72	17.0
808.4	17.0
896.16	17.0
1032.68	17.0
1062.64	17.0
588.88	18.0
600.12	18.0
613.76	18.0
726.12	18.0
728.76	18.0
735.04	18.0
808.12	18.0
824.36	18.0
1273.36	18.0
589.08	19.0
610.28	19.0
650.52	19.0
729.16	19.0
732.24	20.0
1144.56	20.0
375.32	20.0
398.68	20.0
412.04	20.0
431.4	20.0
470.88	20.0
491.84	20.0
500.76	20.0
516.36	20.0
521.8	20.0
527.04	20.0
533.48	20.0
538.64	20.0
544.84	20.0
548.56	20.0
551.08	20.0
554.16	20.0
562.36	20.0
568.64	20.0
577.32	20.0
583.72	20.0
588.4	20.0
593.92	20.0
597.52	20.0
602.16	20.0
607.84	20.0
610.96	20.0
613.48	20.0
619.52	20.0
625.44	20.0
631.4	20.0
640.04	20.0
644.04	20.0
648.72	20.0
661.6	20.0
667.64	20.0
673.48	20.0
684.96	20.0
692.16	20.0
699.32	20.0
704.32	20.0
710.08	20.0
712.6	20.0
729.48	20.0
746.12	20.0
751.8	20.0
764.08	20.0
780.44	20.0
785.0	20.0
801.04	20.0
807.64	20.0
810.4	20.0
816.24	20.0
823.72	20.0
832.6	20.0
839.44	20.0
857.52	20.0
863.0	20.0
892.88	20.0
909.96	20.0
941.48	20.0
1031.16	20.0
1044.28	20.0
1068.48	20.0
1106.16	20.0
1119.28	20.0
1129.24	20.0
1139.36	20.0
1163.92	20.0
1174.96	20.0
1178.4	20.0
1196.16	20.0
1234.72	20.0
1238.24	20.0
1251.32	20.0
1273.12	20.0
1288.56	20.0
611.96	22.0
645.16	22.0
674.2	22.0
710.4	22.0
579.8	23.0
612.76	23.0
634.64	23.0
668.28	23.0
1112.0	23.0
671.64	23.0
592.36	24.0
568.8	24.0
823.72	24.0
859.44	24.0
