426.32	1.0
474.28	1.0
515.76	1.0
524.44	1.0
564.04	1.0
570.36	1.0
653.12	1.0
527.16	1.0
531.4	1.0
543.68	1.0
566.88	1.0
582.0	1.0
588.48	1.0
596.84	1.0
611.04	1.0
614.64	1.0
619.4	1.0
642.84	1.0
658.84	1.0
668.84	1.0
695.64	1.0
778.92	1.0
1226.96	1.0
409.08	2.0
438.96	2.0
490.6	2.0
521.4	2.0
541.04	2.0
549.92	2.0
570.12	2.0
579.0	2.0
593.12	2.0
602.76	2.0
623.48	2.0
636.0	2.0
646.8	2.0
669.76	2.0
713.4	2.0
800.28	2.0
845.44	2.0
896.52	2.0
956.92	2.0
1000.92	2.0
1071.64	2.0
725.84	3.0
514.72	3.0
517.68	3.0
526.4	3.0
532.32	3.0
539.32	3.0
543.68	3.0
551.52	3.0
567.12	3.0
584.24	3.0
587.52	3.0
590.6	3.0
599.4	3.0
612.48	3.0
631.68	3.0
652.2	3.0
675.96	3.0
755.96	3.0
764.2	3.0
781.52	3.0
784.36	3.0
796.84	3.0
810.96	3.0
825.64	3.0
859.12	3.0
871.32	3.0
891.44	3.0
898.12	3.0
913.68	3.0
928.28	3.0
937.44	3.0
963.48	3.0
992.64	3.0
1016.64	3.0
1036.2	3.0
1047.64	3.0
1060.08	3.0
1068.44	3.0
1083.68	3.0
1097.2	3.0
1110.76	3.0
1132.6	3.0
1157.76	3.0
1178.28	3.0
1245.36	3.0
1274.0	3.0
1286.6	3.0
563.68	5.0
788.76	5.0
906.68	5.0
537.44	5.0
552.56	5.0
578.96	5.0
593.48	5.0
615.56	5.0
630.32	5.0
634.76	5.0
649.56	5.0
666.56	5.0
681.44	5.0
700.96	5.0
748.04	5.0
820.0	5.0
827.32	5.0
837.88	5.0
871.0	5.0
932.56	5.0
968.12	5.0
991.4	5.0
1020.8	5.0
1049.32	5.0
1072.12	5.0
1107.64	5.0
1145.08	5.0
1160.28	5.0
1208.52	5.0
1238.32	5.0
492.96	6.0
507.12	6.0
514.2	6.0
521.36	6.0
527.4	6.0
537.12	6.0
541.8	6.0
550.0	6.0
554.8	6.0
559.08	6.0
564.72	6.0
575.68	6.0
591.76	6.0
599.52	6.0
609.12	6.0
620.24	6.0
626.76	6.0
651.4	6.0
661.0	6.0
684.28	6.0
708.52	6.0
715.4	6.0
727.92	6.0
738.2	6.0
746.6	6.0
756.4	6.0
774.24	6.0
782.32	6.0
796.88	6.0
850.72	6.0
876.24	6.0
902.6	6.0
918.84	6.0
952.24	6.0
993.96	6.0
1067.04	6.0
1124.64	6.0
1241.2	6.0
1276.76	6.0
515.48	7.0
531.72	7.0
539.8	7.0
562.32	7.0
578.16	7.0
600.92	7.0
624.08	7.0
637.64	7.0
814.88	7.0
1097.64	7.0
539.72	8.0
535.56	8.0
544.6	8.0
553.8	8.0
586.4	8.0
600.4	8.0
727.88	8.0
735.4	8.0
807.04	8.0
569.44	9.0
501.68	9.0
516.52	9.0
541.48	9.0
598.76	9.0
650.6	9.0
620.6	10.0
532.64	11.0
541.68	11.0
566.04	11.0
580.92	11.0
611.76	11.0
528.68	11.0
538.36	11.0
571.32	11.0
600.68	11.0
655.64	11.0
668.52	11.0
673.44	11.0
692.4	11.0
851.84	11.0
442.08	12.0
500.48	12.0
549.0	12.0
557.16	12.0
586.12	12.0
939.36	12.0
508.48	12.0
529.08	12.0
532.48	12.0
539.44	12.0
553.84	12.0
565.8	12.0
573.28	12.0
580.24	12.0
592.36	12.0
631.6	12.0
669.24	12.0
680.32	12.0
698.48	12.0
718.64	12.0
739.76	12.0
795.36	12.0
833.12	12.0
851.12	12.0
915.2	12.0
951.36	12.0
961.12	12.0
999.12	12.0
1026.08	12.0
1040.88	12.0
1084.72	12.0
1100.16	12.0
1129.56	12.0
1148.4	12.0
1157.92	12.0
1175.8	12.0
1218.68	12.0
1243.08	12.0
1246.12	12.0
527.76	13.0
539.72	13.0
548.08	13.0
558.16	13.0
562.12	13.0
568.52	13.0
578.32	13.0
580.84	13.0
584.64	13.0
592.56	13.0
598.64	13.0
611.64	13.0
617.88	13.0
629.56	13.0
635.88	13.0
645.2	13.0
649.12	13.0
658.4	13.0
666.64	13.0
675.88	13.0
687.6	13.0
700.52	13.0
723.6	13.0
744.88	13.0
757.64	13.0
774.4	13.0
792.36	13.0
815.4	13.0
833.88	13.0
849.24	13.0
871.96	13.0
890.96	13.0
926.96	13.0
953.36	13.0
981.76	13.0
1003.72	13.0
1045.8	13.0
1067.6	13.0
1084.76	13.0
1113.76	13.0
1122.12	13.0
1134.76	13.0
1164.4	13.0
1197.68	13.0
1246.48	13.0
1283.64	13.0
513.92	14.0
557.04	14.0
582.36	14.0
1005.48	14.0
539.88	15.0
562.4	15.0
1097.72	15.0
532.24	15.0
690.96	15.0
541.92	16.0
565.96	16.0
635.08	16.0
510.84	17.0
491.88	17.0
524.4	17.0
541.12	17.0
600.04	17.0
609.2	17.0
616.48	17.0
651.56	17.0
713.52	17.0
729.12	17.0
775.28	17.0
873.08	17.0
898.16	17.0
949.88	17.0
1053.72	17.0
1080.28	17.0
1150.36	17.0
1242.16	17.0
520.84	18.0
548.44	18.0
619.84	18.0
627.28	18.0
735.64	18.0
544.8	20.0
397.92	20.0
411.6	20.0
426.24	20.0
440.52	20.0
449.6	20.0
472.16	20.0
478.56	20.0
486.68	20.0
491.36	20.0
497.48	20.0
501.64	20.0
505.04	20.0
508.12	20.0
510.72	20.0
515.88	20.0
520.64	20.0
524.4	20.0
531.72	20.0
536.48	20.0
540.24	20.0
548.6	20.0
558.76	20.0
563.36	20.0
566.68	20.0
574.36	20.0
578.68	20.0
586.4	20.0
591.48	20.0
595.68	20.0
599.72	20.0
617.6	20.0
649.56	20.0
655.08	20.0
661.6	20.0
667.76	20.0
672.28	20.0
685.12	20.0
692.08	20.0
699.8	20.0
706.72	20.0
713.44	20.0
725.6	20.0
734.16	20.0
743.84	20.0
748.56	20.0
757.68	20.0
781.6	20.0
786.8	20.0
807.64	20.0
815.96	20.0
838.32	20.0
873.24	20.0
906.08	20.0
925.16	20.0
939.48	20.0
952.0	20.0
1012.36	20.0
1025.08	20.0
1039.6	20.0
1081.12	20.0
1089.2	20.0
1108.68	20.0
1157.2	20.0
1172.48	20.0
1203.8	20.0
1228.4	20.0
1242.0	20.0
1276.16	20.0
1289.04	20.0
595.04	21.0
537.4	21.0
580.96	21.0
563.52	22.0
581.64	22.0
596.88	22.0
517.44	23.0
527.8	23.0
548.08	23.0
567.04	23.0
589.08	23.0
618.72	23.0
542.92	23.0
577.64	23.0
591.84	23.0
648.88	23.0
659.0	23.0
688.52	23.0
914.52	23.0
495.92	24.0
579.6	24.0
1267.12	24.0
