1100.08	1.0
1155.88	1.0
1172.96	1.0
1179.8	1.0
1192.92	1.0
1212.04	1.0
1241.96	1.0
1292.96	1.0
1389.76	1.0
1127.64	1.0
1188.72	1.0
1224.52	1.0
1247.88	1.0
1279.0	1.0
1344.96	1.0
1173.08	2.0
1082.72	2.0
1127.2	2.0
1162.24	2.0
1176.64	2.0
1294.24	2.0
1333.0	2.0
1139.52	3.0
1147.12	3.0
1158.48	3.0
1166.08	3.0
1173.32	3.0
1180.56	3.0
1184.24	3.0
1192.68	3.0
1202.8	3.0
1213.88	3.0
1227.8	3.0
1232.16	3.0
1238.64	3.0
1246.28	3.0
1257.68	3.0
1270.32	3.0
1286.48	3.0
1298.44	3.0
1317.56	3.0
1331.04	3.0
1345.36	3.0
1383.64	3.0
1281.76	4.0
1156.36	5.0
1161.36	5.0
1174.44	5.0
1177.04	5.0
1193.0	5.0
1207.52	5.0
1221.36	5.0
1232.2	5.0
1240.6	5.0
1259.56	5.0
1276.88	5.0
1296.0	5.0
1299.24	5.0
1355.76	5.0
1366.88	5.0
1382.6	5.0
1090.4	6.0
1121.0	6.0
1132.32	6.0
1148.6	6.0
1165.0	6.0
1172.0	6.0
1184.84	6.0
1191.48	6.0
1195.72	6.0
1208.76	6.0
1222.2	6.0
1234.36	6.0
1238.76	6.0
1248.4	6.0
1254.24	6.0
1259.56	6.0
1307.68	6.0
1327.72	6.0
1345.56	6.0
1366.84	6.0
1380.68	6.0
1277.68	7.0
1090.68	7.0
1162.4	7.0
1168.84	7.0
1196.04	7.0
1205.32	7.0
1208.48	7.0
1231.68	7.0
1248.12	7.0
1294.04	7.0
1075.96	8.0
1096.96	8.0
1115.76	8.0
1161.12	8.0
1241.48	8.0
1153.24	8.0
1171.92	8.0
1188.88	8.0
1339.08	8.0
1147.72	9.0
1211.96	9.0
1279.08	9.0
1191.68	10.0
1146.96	11.0
1155.04	11.0
1189.28	11.0
1200.12	11.0
1336.68	11.0
1129.72	11.0
1158.68	11.0
1177.48	11.0
1193.96	11.0
1147.96	12.0
1281.16	12.0
1289.16	12.0
1346.6	12.0
1115.32	12.0
1127.2	12.0
1132.44	12.0
1141.68	12.0
1158.44	12.0
1161.56	12.0
1177.0	12.0
1180.04	12.0
1195.0	12.0
1204.84	12.0
1220.48	12.0
1223.44	12.0
1233.36	12.0
1241.96	12.0
1245.36	12.0
1248.0	12.0
1262.12	12.0
1268.92	12.0
1394.16	12.0
1173.8	13.0
1193.76	13.0
1207.84	13.0
1231.6	13.0
1245.76	13.0
1258.28	13.0
1272.04	13.0
1283.36	13.0
1295.96	13.0
1322.4	13.0
1340.96	13.0
1362.2	13.0
1382.0	13.0
1149.96	14.0
1184.72	14.0
1261.12	14.0
1296.36	14.0
1162.56	15.0
1232.24	15.0
1207.68	16.0
1240.84	16.0
1126.76	17.0
1365.0	17.0
1153.04	17.0
1175.68	17.0
1192.0	17.0
1219.0	17.0
1244.24	17.0
1267.56	17.0
1283.12	17.0
1287.96	17.0
1349.96	17.0
1173.76	18.0
1179.36	18.0
1195.28	18.0
1224.36	18.0
1392.12	18.0
246.0	19.0
1147.36	19.0
1205.36	19.0
1209.64	19.0
1327.32	19.0
1367.48	19.0
1119.8	19.0
1195.4	19.0
1227.2	19.0
1259.12	19.0
1281.92	20.0
1293.92	20.0
467.52	20.0
903.64	20.0
1024.56	20.0
1070.32	20.0
1074.88	20.0
1080.44	20.0
1085.48	20.0
1089.28	20.0
1095.24	20.0
1102.48	20.0
1111.72	20.0
1116.84	20.0
1120.04	20.0
1125.04	20.0
1128.4	20.0
1132.88	20.0
1139.84	20.0
1147.92	20.0
1153.12	20.0
1157.92	20.0
1161.12	20.0
1165.08	20.0
1170.52	20.0
1175.0	20.0
1179.48	20.0
1186.8	20.0
1191.0	20.0
1201.76	20.0
1206.04	20.0
1211.28	20.0
1220.28	20.0
1226.96	20.0
1235.68	20.0
1242.8	20.0
1250.36	20.0
1257.24	20.0
1262.96	20.0
1269.52	20.0
1275.88	20.0
1305.32	20.0
1323.92	20.0
1342.28	20.0
1347.96	20.0
1365.88	20.0
1376.2	20.0
1394.6	20.0
1233.56	23.0
1278.68	23.0
1131.6	24.0
1154.96	24.0
