475.0	1.0
494.08	1.0
568.6	1.0
586.44	1.0
633.24	1.0
702.52	1.0
706.04	1.0
756.04	1.0
577.2	1.0
589.36	1.0
605.36	1.0
613.04	1.0
627.44	1.0
639.0	1.0
645.84	1.0
663.48	1.0
678.08	1.0
722.24	1.0
776.6	1.0
845.36	1.0
899.6	1.0
452.0	2.0
525.28	2.0
577.4	2.0
590.6	2.0
621.96	2.0
629.64	2.0
649.44	2.0
664.84	2.0
671.76	2.0
676.56	2.0
706.4	2.0
718.08	2.0
732.76	2.0
788.08	2.0
828.48	2.0
870.72	2.0
908.64	2.0
943.4	2.0
982.4	2.0
1029.84	2.0
1126.92	2.0
1234.92	2.0
1317.76	2.0
1452.32	2.0
562.68	3.0
573.96	3.0
577.4	3.0
588.4	3.0
594.64	3.0
602.76	3.0
610.56	3.0
619.28	3.0
628.04	3.0
633.08	3.0
639.32	3.0
644.36	3.0
648.8	3.0
662.12	3.0
670.8	3.0
673.76	3.0
679.4	3.0
690.64	3.0
706.52	3.0
709.44	3.0
717.8	3.0
732.44	3.0
734.96	3.0
757.4	3.0
776.76	3.0
803.52	3.0
810.12	3.0
842.32	3.0
896.8	3.0
904.64	3.0
926.52	3.0
944.68	3.0
967.96	3.0
977.28	3.0
988.76	3.0
1019.04	3.0
1028.28	3.0
1050.84	3.0
1078.96	3.0
1082.08	3.0
1103.72	3.0
1136.96	3.0
1174.72	3.0
1180.56	3.0
1237.52	3.0
1252.72	3.0
1295.48	3.0
1340.6	3.0
1389.0	3.0
569.36	5.0
980.52	5.0
563.24	5.0
572.76	5.0
582.96	5.0
598.96	5.0
614.72	5.0
618.4	5.0
624.36	5.0
638.4	5.0
659.0	5.0
693.4	5.0
709.92	5.0
730.88	5.0
744.6	5.0
754.64	5.0
805.88	5.0
917.88	5.0
1005.48	5.0
1099.16	5.0
659.04	6.0
532.64	6.0
549.56	6.0
562.08	6.0
568.48	6.0
572.16	6.0
575.92	6.0
582.64	6.0
592.96	6.0
598.52	6.0
604.72	6.0
612.64	6.0
618.24	6.0
638.92	6.0
649.92	6.0
668.28	6.0
673.32	6.0
679.36	6.0
684.92	6.0
693.88	6.0
715.72	6.0
730.6	6.0
735.72	6.0
751.12	6.0
789.48	6.0
867.84	6.0
895.28	6.0
912.12	6.0
948.36	6.0
987.68	6.0
1009.0	6.0
1032.04	6.0
1093.24	6.0
1145.4	6.0
1159.8	6.0
1197.92	6.0
1443.12	6.0
1482.4	6.0
729.72	7.0
523.2	7.0
549.84	7.0
568.8	7.0
576.24	7.0
581.84	7.0
604.8	7.0
629.4	7.0
648.52	7.0
659.28	7.0
789.8	7.0
802.08	7.0
893.12	7.0
999.4	7.0
533.92	8.0
819.24	8.0
580.36	8.0
586.2	8.0
593.32	8.0
601.56	8.0
617.96	8.0
632.88	8.0
640.88	8.0
653.0	8.0
656.76	8.0
704.36	8.0
1217.64	8.0
563.28	9.0
574.0	9.0
589.36	9.0
609.08	9.0
646.84	9.0
676.2	9.0
1247.96	9.0
566.08	10.0
624.72	10.0
584.28	11.0
595.28	11.0
628.08	11.0
649.92	11.0
572.56	11.0
590.2	11.0
640.64	11.0
698.16	11.0
711.44	11.0
723.4	11.0
730.84	11.0
739.08	11.0
573.32	12.0
711.52	12.0
965.84	12.0
984.64	12.0
1058.36	12.0
548.88	12.0
551.4	12.0
580.08	12.0
586.08	12.0
590.84	12.0
602.28	12.0
606.32	12.0
609.32	12.0
614.76	12.0
617.4	12.0
628.8	12.0
640.44	12.0
647.84	12.0
672.88	12.0
721.64	12.0
726.08	12.0
730.0	12.0
749.2	12.0
754.32	12.0
788.8	12.0
809.12	12.0
828.24	12.0
866.88	12.0
932.2	12.0
941.8	12.0
1016.44	12.0
1047.12	12.0
1077.92	12.0
1123.88	12.0
1156.16	12.0
1250.8	12.0
1289.76	12.0
1413.0	12.0
1435.96	12.0
1463.76	12.0
563.36	13.0
572.64	13.0
582.16	13.0
590.12	13.0
601.72	13.0
613.84	13.0
622.76	13.0
632.56	13.0
641.0	13.0
643.56	13.0
648.8	13.0
662.24	13.0
670.56	13.0
673.32	13.0
678.72	13.0
685.12	13.0
694.68	13.0
704.84	13.0
721.0	13.0
731.04	13.0
749.44	13.0
757.6	13.0
777.56	13.0
791.92	13.0
806.32	13.0
819.84	13.0
838.16	13.0
864.52	13.0
889.64	13.0
904.92	13.0
925.48	13.0
943.84	13.0
969.76	13.0
987.16	13.0
1007.12	13.0
1026.52	13.0
1052.0	13.0
1084.56	13.0
1124.08	13.0
1156.16	13.0
1198.68	13.0
573.2	14.0
604.44	14.0
696.56	14.0
733.16	14.0
591.16	14.0
600.56	14.0
626.0	14.0
705.44	14.0
581.96	15.0
802.12	15.0
893.28	15.0
616.96	15.0
927.52	15.0
583.48	16.0
631.16	16.0
665.84	16.0
729.44	16.0
757.56	17.0
589.04	17.0
621.44	17.0
633.88	17.0
638.28	17.0
645.4	17.0
666.2	17.0
690.92	17.0
811.24	17.0
1003.44	17.0
1076.36	17.0
562.12	18.0
647.6	18.0
712.52	18.0
721.64	18.0
755.72	18.0
893.64	18.0
923.64	18.0
976.88	18.0
621.24	19.0
627.28	19.0
789.64	19.0
601.16	19.0
647.24	19.0
668.12	19.0
839.08	19.0
1137.56	19.0
609.44	20.0
875.8	20.0
456.12	20.0
496.44	20.0
506.56	20.0
516.96	20.0
519.92	20.0
527.76	20.0
531.4	20.0
540.36	20.0
546.28	20.0
550.4	20.0
557.84	20.0
561.36	20.0
563.88	20.0
570.44	20.0
576.08	20.0
579.68	20.0
582.72	20.0
589.72	20.0
600.92	20.0
605.8	20.0
615.68	20.0
620.72	20.0
626.8	20.0
630.04	20.0
640.12	20.0
647.4	20.0
655.12	20.0
658.96	20.0
666.2	20.0
669.76	20.0
677.56	20.0
697.76	20.0
703.96	20.0
708.96	20.0
711.88	20.0
717.28	20.0
738.52	20.0
747.44	20.0
752.8	20.0
757.64	20.0
763.68	20.0
769.92	20.0
788.68	20.0
796.04	20.0
803.28	20.0
819.72	20.0
836.04	20.0
838.76	20.0
848.64	20.0
860.52	20.0
885.04	20.0
895.44	20.0
914.2	20.0
921.76	20.0
932.24	20.0
941.96	20.0
954.8	20.0
967.32	20.0
980.88	20.0
990.44	20.0
1010.04	20.0
1018.0	20.0
1043.0	20.0
1050.32	20.0
1072.76	20.0
1102.6	20.0
1137.92	20.0
1152.64	20.0
1160.96	20.0
1192.44	20.0
1196.88	20.0
1222.68	20.0
1225.72	20.0
1239.24	20.0
1247.76	20.0
1251.8	20.0
1319.32	20.0
1339.56	20.0
1381.36	20.0
1404.56	20.0
1433.36	20.0
1468.16	20.0
634.04	21.0
677.76	21.0
597.88	21.0
966.64	21.0
559.6	22.0
641.84	22.0
647.16	22.0
665.84	22.0
730.68	22.0
562.04	23.0
581.12	23.0
603.84	23.0
641.92	23.0
648.96	23.0
858.84	23.0
620.96	23.0
712.84	23.0
788.12	23.0
907.28	23.0
985.6	23.0
582.24	24.0
561.8	24.0
626.56	24.0
