1119.12	1.0
1126.88	1.0
1143.92	1.0
1198.24	1.0
1224.4	1.0
1261.88	1.0
1284.88	1.0
1459.04	1.0
1134.12	1.0
1154.4	1.0
1173.92	1.0
1178.52	1.0
1184.76	1.0
1229.16	1.0
1233.28	1.0
1255.28	1.0
1276.48	1.0
1340.76	1.0
1400.84	1.0
1110.28	2.0
1132.16	2.0
1156.28	2.0
1167.64	2.0
1221.32	2.0
1245.32	2.0
1255.12	2.0
1290.28	2.0
1350.28	2.0
1424.84	2.0
1480.32	2.0
1153.72	3.0
1171.72	3.0
1184.12	3.0
1190.12	3.0
1194.84	3.0
1204.6	3.0
1210.04	3.0
1216.24	3.0
1237.24	3.0
1245.16	3.0
1256.36	3.0
1268.08	3.0
1277.68	3.0
1283.92	3.0
1290.0	3.0
1310.52	3.0
1316.68	3.0
1327.04	3.0
1330.88	3.0
1338.32	3.0
1354.6	3.0
1369.6	3.0
1372.44	3.0
1381.72	3.0
1398.0	3.0
1436.16	3.0
1452.52	3.0
1469.0	3.0
1483.48	3.0
1193.2	5.0
1231.92	5.0
1188.0	5.0
1217.36	5.0
1235.4	5.0
1245.32	5.0
1253.92	5.0
1265.0	5.0
1286.28	5.0
1303.64	5.0
1329.6	5.0
1372.36	5.0
1405.24	5.0
1417.56	5.0
1109.48	6.0
1126.88	6.0
1151.44	6.0
1168.24	6.0
1184.76	6.0
1193.88	6.0
1202.56	6.0
1214.72	6.0
1221.4	6.0
1230.4	6.0
1238.92	6.0
1247.64	6.0
1255.16	6.0
1265.08	6.0
1270.48	6.0
1273.52	6.0
1278.4	6.0
1313.84	6.0
1319.8	6.0
1328.44	6.0
1339.76	6.0
1352.44	6.0
1371.32	6.0
1389.36	6.0
1398.6	6.0
1418.08	6.0
1439.28	6.0
1453.2	6.0
1479.96	6.0
1151.84	7.0
1211.16	7.0
1237.16	7.0
1254.52	7.0
1352.8	7.0
1371.36	7.0
1439.64	7.0
1132.88	8.0
1168.96	8.0
1173.76	8.0
1198.44	8.0
1346.0	8.0
1194.88	8.0
1219.52	8.0
1238.52	8.0
1257.2	8.0
1284.56	8.0
1287.88	8.0
1324.36	8.0
1188.92	9.0
1221.68	9.0
1258.68	9.0
1283.8	9.0
1395.56	9.0
1155.84	11.0
1180.36	11.0
1248.32	11.0
1263.68	11.0
1382.08	11.0
1173.96	11.0
1211.56	11.0
1220.68	11.0
1236.04	11.0
1275.4	11.0
1309.04	11.0
1373.24	11.0
1436.88	11.0
1165.08	12.0
1168.32	12.0
1138.36	12.0
1149.96	12.0
1186.64	12.0
1199.16	12.0
1211.24	12.0
1217.6	12.0
1247.52	12.0
1253.96	12.0
1257.64	12.0
1263.6	12.0
1269.64	12.0
1272.76	12.0
1284.8	12.0
1291.04	12.0
1312.52	12.0
1343.32	12.0
1369.44	12.0
1437.76	12.0
1450.72	12.0
1478.08	12.0
1204.88	13.0
1217.92	13.0
1236.92	13.0
1245.32	13.0
1260.76	13.0
1269.52	13.0
1279.36	13.0
1289.8	13.0
1302.48	13.0
1318.52	13.0
1332.12	13.0
1340.84	13.0
1350.04	13.0
1367.84	13.0
1382.04	13.0
1396.52	13.0
1416.72	13.0
1436.96	13.0
1454.52	13.0
1474.12	13.0
1237.24	15.0
1254.68	15.0
1180.64	16.0
1215.68	16.0
1249.56	16.0
1289.76	16.0
1336.8	16.0
1278.64	17.0
1305.6	17.0
1131.4	17.0
1166.28	17.0
1175.28	17.0
1241.04	17.0
1257.16	17.0
1264.08	17.0
1266.92	17.0
1325.04	17.0
1351.28	17.0
1372.16	17.0
1395.04	17.0
1415.28	17.0
1447.88	17.0
1312.08	18.0
1160.56	18.0
1183.28	18.0
1239.16	18.0
1263.4	18.0
1436.52	18.0
1462.24	18.0
1474.36	18.0
1235.24	19.0
1195.56	19.0
1317.92	19.0
1233.32	20.0
329.36	20.0
1074.68	20.0
1088.88	20.0
1098.32	20.0
1106.96	20.0
1112.52	20.0
1121.56	20.0
1127.32	20.0
1130.88	20.0
1135.16	20.0
1142.52	20.0
1149.48	20.0
1155.2	20.0
1164.0	20.0
1167.24	20.0
1171.96	20.0
1180.84	20.0
1185.2	20.0
1190.08	20.0
1193.16	20.0
1195.68	20.0
1199.76	20.0
1204.84	20.0
1210.76	20.0
1215.88	20.0
1220.28	20.0
1229.32	20.0
1236.16	20.0
1240.28	20.0
1247.04	20.0
1253.2	20.0
1259.68	20.0
1264.52	20.0
1272.64	20.0
1283.24	20.0
1288.64	20.0
1298.2	20.0
1308.28	20.0
1313.84	20.0
1318.04	20.0
1324.8	20.0
1330.44	20.0
1342.12	20.0
1349.24	20.0
1359.68	20.0
1367.36	20.0
1372.52	20.0
1381.0	20.0
1399.96	20.0
1409.52	20.0
1422.16	20.0
1452.04	20.0
1460.32	20.0
1470.44	20.0
1482.52	20.0
1255.44	21.0
1171.16	22.0
1276.44	22.0
1307.32	22.0
1328.16	22.0
1455.8	22.0
1150.12	23.0
1176.24	23.0
1218.96	23.0
1245.0	23.0
1283.96	23.0
1399.76	23.0
1418.8	23.0
1479.04	23.0
1203.44	23.0
1353.72	23.0
1148.0	24.0
1166.24	24.0
1212.04	24.0
1270.28	24.0
