455.4	1.0
481.8	1.0
494.32	1.0
511.08	1.0
603.4	1.0
777.68	1.0
1233.04	1.0
489.8	1.0
498.12	1.0
516.8	1.0
524.48	1.0
530.68	1.0
544.92	1.0
552.28	1.0
560.96	1.0
574.32	1.0
576.84	1.0
592.76	1.0
755.28	1.0
570.64	2.0
447.52	2.0
483.96	2.0
506.04	2.0
525.76	2.0
542.84	2.0
561.12	2.0
595.88	2.0
616.8	2.0
646.56	2.0
669.8	2.0
711.48	2.0
1129.16	2.0
1299.32	2.0
489.44	3.0
500.2	3.0
507.28	3.0
509.8	3.0
516.76	3.0
524.52	3.0
530.32	3.0
538.12	3.0
545.12	3.0
551.76	3.0
563.76	3.0
572.08	3.0
578.56	3.0
583.84	3.0
595.28	3.0
613.08	3.0
621.48	3.0
624.72	3.0
647.44	3.0
652.92	3.0
659.48	3.0
668.0	3.0
670.92	3.0
694.76	3.0
709.72	3.0
721.84	3.0
730.8	3.0
763.0	3.0
782.36	3.0
796.92	3.0
829.04	3.0
853.48	3.0
929.64	3.0
987.4	3.0
1003.2	3.0
1029.88	3.0
1046.16	3.0
1061.68	3.0
1088.68	3.0
1112.4	3.0
1132.96	3.0
1154.0	3.0
1196.72	3.0
1228.72	3.0
1242.84	3.0
1261.8	3.0
1275.92	3.0
1285.48	3.0
911.12	5.0
493.44	5.0
507.44	5.0
524.92	5.0
550.68	5.0
564.12	5.0
575.84	5.0
589.72	5.0
593.76	5.0
605.36	5.0
617.04	5.0
624.32	5.0
671.12	5.0
703.84	5.0
725.16	5.0
758.24	5.0
790.44	5.0
865.8	5.0
973.84	5.0
1041.68	5.0
1227.12	5.0
1278.04	5.0
453.84	6.0
466.56	6.0
472.16	6.0
480.56	6.0
486.52	6.0
491.08	6.0
496.96	6.0
506.4	6.0
510.08	6.0
516.64	6.0
521.32	6.0
528.56	6.0
533.12	6.0
543.48	6.0
552.68	6.0
561.36	6.0
567.08	6.0
572.76	6.0
577.96	6.0
595.8	6.0
600.44	6.0
615.24	6.0
633.76	6.0
642.52	6.0
649.72	6.0
657.12	6.0
728.08	6.0
748.16	6.0
756.28	6.0
802.48	6.0
825.52	6.0
843.6	6.0
902.6	6.0
918.84	6.0
929.32	6.0
948.48	6.0
977.96	6.0
988.4	6.0
1019.72	6.0
1047.92	6.0
1107.4	6.0
1132.32	6.0
1166.2	6.0
1188.12	6.0
1246.0	6.0
1263.16	6.0
1286.08	6.0
1337.24	6.0
503.92	7.0
506.8	7.0
522.52	7.0
536.96	7.0
549.2	7.0
562.08	7.0
584.72	7.0
607.64	7.0
671.84	7.0
717.48	7.0
754.24	7.0
1129.72	7.0
484.44	8.0
1300.96	8.0
507.6	8.0
521.8	8.0
531.76	8.0
549.4	8.0
571.4	8.0
574.4	8.0
489.6	9.0
510.28	9.0
529.32	9.0
591.28	9.0
849.52	10.0
492.12	11.0
518.48	11.0
530.96	11.0
544.12	11.0
570.36	11.0
599.08	11.0
524.2	11.0
541.56	11.0
582.8	11.0
590.4	11.0
603.52	11.0
620.84	11.0
633.2	11.0
526.36	12.0
571.96	12.0
728.92	12.0
478.64	12.0
488.36	12.0
491.92	12.0
507.68	12.0
513.96	12.0
534.52	12.0
541.16	12.0
596.0	12.0
625.0	12.0
683.0	12.0
739.4	12.0
789.8	12.0
854.44	12.0
876.24	12.0
928.2	12.0
978.68	12.0
998.64	12.0
1058.96	12.0
1127.2	12.0
1132.56	12.0
1154.04	12.0
1201.56	12.0
1277.92	12.0
1308.28	12.0
529.48	13.0
549.2	13.0
500.68	13.0
507.8	13.0
510.44	13.0
518.32	13.0
526.48	13.0
533.56	13.0
540.12	13.0
562.08	13.0
572.16	13.0
578.52	13.0
587.72	13.0
594.4	13.0
609.04	13.0
616.2	13.0
624.0	13.0
634.88	13.0
646.12	13.0
659.44	13.0
665.24	13.0
668.96	13.0
690.72	13.0
705.2	13.0
714.04	13.0
728.64	13.0
737.04	13.0
742.6	13.0
755.96	13.0
772.2	13.0
786.04	13.0
809.76	13.0
826.48	13.0
842.36	13.0
862.44	13.0
879.16	13.0
898.28	13.0
926.6	13.0
954.32	13.0
980.2	13.0
1012.32	13.0
1043.96	13.0
1073.04	13.0
1111.76	13.0
1132.72	13.0
1170.2	13.0
1206.08	13.0
1280.48	13.0
400.48	14.0
528.72	14.0
760.44	14.0
509.48	14.0
537.88	14.0
549.04	14.0
560.6	14.0
592.92	14.0
731.52	14.0
522.64	15.0
754.36	15.0
508.96	15.0
824.72	15.0
1200.56	15.0
515.4	16.0
539.48	16.0
566.28	16.0
595.52	16.0
723.72	16.0
847.72	16.0
483.6	17.0
520.44	17.0
836.04	17.0
900.68	17.0
490.48	17.0
495.12	17.0
502.16	17.0
559.52	17.0
707.88	17.0
711.16	17.0
965.4	17.0
1043.0	17.0
490.32	18.0
510.88	18.0
520.64	18.0
549.32	18.0
590.32	18.0
633.52	18.0
710.88	18.0
910.64	18.0
450.0	19.0
489.96	19.0
529.28	19.0
545.4	19.0
571.0	19.0
696.24	19.0
808.36	19.0
1307.4	19.0
950.76	20.0
427.12	20.0
441.44	20.0
446.96	20.0
450.08	20.0
464.2	20.0
468.12	20.0
473.2	20.0
479.16	20.0
484.28	20.0
490.04	20.0
497.16	20.0
506.28	20.0
511.52	20.0
514.52	20.0
519.48	20.0
525.36	20.0
529.24	20.0
534.32	20.0
542.0	20.0
545.56	20.0
573.52	20.0
579.12	20.0
583.68	20.0
602.08	20.0
606.68	20.0
612.0	20.0
626.0	20.0
634.92	20.0
669.56	20.0
675.76	20.0
682.76	20.0
688.2	20.0
696.24	20.0
702.08	20.0
710.04	20.0
714.44	20.0
748.28	20.0
756.92	20.0
777.84	20.0
792.8	20.0
808.32	20.0
822.68	20.0
855.84	20.0
871.4	20.0
894.16	20.0
906.12	20.0
928.08	20.0
1003.16	20.0
1019.56	20.0
1029.32	20.0
1058.68	20.0
1081.16	20.0
1097.64	20.0
1110.56	20.0
1131.16	20.0
1144.16	20.0
1153.12	20.0
1161.0	20.0
1169.28	20.0
1196.16	20.0
1207.0	20.0
1233.44	20.0
1261.32	20.0
1276.96	20.0
1307.48	20.0
1323.56	20.0
540.24	21.0
502.8	21.0
484.48	22.0
521.2	22.0
541.76	22.0
544.52	22.0
694.96	22.0
567.16	22.0
579.88	22.0
482.64	23.0
510.56	23.0
541.36	23.0
532.92	23.0
568.96	23.0
579.44	23.0
589.0	23.0
659.76	23.0
475.16	24.0
528.76	24.0
557.08	24.0
492.2	24.0
505.56	24.0
514.52	24.0
768.68	24.0
