31.0	1.0
102.28	1.0
181.4	1.0
223.68	1.0
287.88	1.0
319.8	1.0
130.0	1.0
285.36	1.0
8.4	2.0
323.48	2.0
187.08	3.0
8.76	3.0
12.88	3.0
27.6	3.0
49.04	3.0
70.6	3.0
89.48	3.0
117.72	3.0
165.72	3.0
218.72	3.0
277.12	3.0
313.2	3.0
328.32	3.0
220.44	4.0
9.52	5.0
182.64	5.0
222.48	5.0
4.52	6.0
110.64	6.0
126.32	6.0
210.24	6.0
303.68	6.0
358.72	6.0
210.52	7.0
354.04	8.0
363.12	8.0
100.6	8.0
27.08	11.0
80.48	11.0
114.28	12.0
27.64	12.0
36.68	12.0
60.8	12.0
68.48	12.0
75.2	12.0
100.56	12.0
110.04	12.0
125.6	12.0
151.76	12.0
204.24	12.0
236.4	12.0
274.92	12.0
369.72	12.0
389.64	12.0
37.32	13.0
114.28	13.0
135.44	13.0
213.68	13.0
17.32	17.0
10.08	17.0
54.84	17.0
89.68	17.0
101.0	17.0
347.04	17.0
166.12	18.0
208.56	18.0
360.4	19.0
2.96	20.0
187.56	20.0
26.6	20.0
57.16	20.0
80.04	20.0
98.56	20.0
107.28	20.0
136.76	20.0
151.48	20.0
176.12	20.0
201.68	20.0
221.28	20.0
228.44	20.0
248.2	20.0
277.4	20.0
291.44	20.0
315.72	20.0
327.04	20.0
348.24	20.0
355.32	20.0
408.6	20.0
434.88	20.0
7.72	24.0
