495.68	1.0
519.08	1.0
561.28	1.0
606.04	1.0
638.84	1.0
658.88	1.0
684.32	1.0
725.4	1.0
761.4	1.0
967.8	1.0
1032.72	1.0
1106.8	1.0
1179.44	1.0
715.04	1.0
916.52	1.0
1035.4	1.0
1132.96	1.0
1319.28	1.0
1329.2	1.0
1331.92	2.0
479.72	2.0
548.08	2.0
585.48	2.0
660.88	2.0
674.36	2.0
708.04	2.0
726.36	2.0
796.72	2.0
843.24	2.0
902.72	2.0
1019.2	2.0
1124.64	2.0
1227.52	2.0
1349.6	2.0
550.44	3.0
607.36	3.0
641.24	3.0
653.16	3.0
656.88	3.0
662.88	3.0
667.96	3.0
671.88	3.0
686.16	3.0
701.08	3.0
710.92	3.0
719.08	3.0
729.52	3.0
742.04	3.0
746.16	3.0
757.96	3.0
770.12	3.0
790.2	3.0
802.8	3.0
805.36	3.0
821.84	3.0
836.6	3.0
844.48	3.0
852.16	3.0
866.72	3.0
882.64	3.0
898.48	3.0
905.92	3.0
924.0	3.0
931.12	3.0
952.44	3.0
975.96	3.0
992.32	3.0
1006.4	3.0
1016.8	3.0
1036.76	3.0
1079.36	3.0
1132.44	3.0
1155.6	3.0
1159.68	3.0
1222.48	3.0
1313.64	3.0
1328.16	3.0
1349.16	3.0
686.12	5.0
935.96	5.0
1331.4	5.0
666.76	5.0
679.8	5.0
709.6	5.0
723.56	5.0
731.96	5.0
740.44	5.0
744.2	5.0
767.12	5.0
793.12	5.0
822.72	5.0
846.48	5.0
881.92	5.0
904.8	5.0
947.6	5.0
1262.24	5.0
539.6	6.0
579.08	6.0
591.68	6.0
612.72	6.0
626.56	6.0
635.04	6.0
643.72	6.0
650.64	6.0
660.68	6.0
666.32	6.0
681.04	6.0
689.16	6.0
704.48	6.0
710.32	6.0
730.44	6.0
737.52	6.0
747.96	6.0
755.88	6.0
777.32	6.0
787.96	6.0
812.88	6.0
816.72	6.0
827.88	6.0
847.28	6.0
855.0	6.0
858.24	6.0
877.56	6.0
892.56	6.0
903.72	6.0
923.6	6.0
952.52	6.0
977.24	6.0
1009.48	6.0
1080.16	6.0
1137.4	6.0
1300.92	6.0
1334.68	6.0
663.28	7.0
682.6	7.0
702.88	7.0
737.84	7.0
1335.0	7.0
472.88	8.0
641.64	8.0
904.24	8.0
596.36	8.0
654.16	8.0
710.04	8.0
1136.84	8.0
606.04	9.0
711.96	9.0
771.56	9.0
687.08	11.0
723.84	11.0
550.64	11.0
588.44	11.0
653.88	11.0
691.24	11.0
898.92	11.0
968.24	11.0
710.16	12.0
878.04	12.0
608.68	12.0
634.88	12.0
638.08	12.0
643.04	12.0
661.88	12.0
671.32	12.0
677.36	12.0
686.08	12.0
695.04	12.0
705.72	12.0
723.56	12.0
740.36	12.0
747.2	12.0
755.76	12.0
778.68	12.0
784.04	12.0
794.28	12.0
798.44	12.0
833.0	12.0
855.72	12.0
900.68	12.0
946.56	12.0
950.56	12.0
971.24	12.0
975.8	12.0
1000.68	12.0
1069.36	12.0
1160.56	12.0
1304.44	12.0
644.24	13.0
635.88	13.0
638.52	13.0
649.0	13.0
670.84	13.0
686.44	13.0
697.08	13.0
707.68	13.0
716.28	13.0
726.64	13.0
739.08	13.0
750.0	13.0
764.16	13.0
777.96	13.0
791.76	13.0
802.16	13.0
814.44	13.0
827.84	13.0
842.36	13.0
857.28	13.0
879.0	13.0
900.04	13.0
923.44	13.0
944.84	13.0
970.2	13.0
996.48	13.0
1011.56	13.0
1028.48	13.0
1067.72	13.0
1095.88	13.0
1121.6	13.0
1203.44	13.0
663.4	14.0
731.68	14.0
723.88	14.0
663.4	15.0
682.68	15.0
703.04	15.0
716.24	15.0
1110.24	15.0
639.52	16.0
671.24	16.0
737.32	16.0
807.6	16.0
911.56	16.0
1289.76	16.0
629.68	17.0
642.84	17.0
712.04	17.0
802.36	17.0
1080.0	17.0
544.88	17.0
573.56	17.0
578.8	17.0
594.52	17.0
608.28	17.0
649.88	17.0
674.72	17.0
701.92	17.0
764.24	17.0
936.52	17.0
971.72	17.0
1032.48	17.0
1041.56	17.0
1067.44	17.0
1106.72	17.0
831.68	18.0
578.6	18.0
605.44	18.0
631.44	18.0
647.36	18.0
659.32	18.0
701.68	18.0
728.24	18.0
911.28	18.0
725.36	19.0
825.48	19.0
713.88	19.0
633.24	20.0
471.96	20.0
481.88	20.0
499.96	20.0
516.48	20.0
534.48	20.0
537.88	20.0
543.68	20.0
550.12	20.0
567.0	20.0
572.48	20.0
577.68	20.0
588.0	20.0
596.08	20.0
601.4	20.0
606.2	20.0
613.16	20.0
617.8	20.0
624.8	20.0
637.8	20.0
648.6	20.0
653.56	20.0
663.0	20.0
668.36	20.0
673.2	20.0
681.68	20.0
688.12	20.0
692.04	20.0
697.68	20.0
704.96	20.0
709.64	20.0
714.72	20.0
720.2	20.0
726.16	20.0
731.92	20.0
739.48	20.0
746.44	20.0
751.36	20.0
755.2	20.0
776.92	20.0
782.6	20.0
798.08	20.0
818.08	20.0
825.24	20.0
830.68	20.0
845.0	20.0
853.8	20.0
875.36	20.0
890.88	20.0
904.16	20.0
917.6	20.0
924.24	20.0
931.48	20.0
934.96	20.0
944.76	20.0
969.4	20.0
975.96	20.0
993.56	20.0
1007.16	20.0
1035.92	20.0
1051.64	20.0
1068.2	20.0
1080.08	20.0
1105.72	20.0
1128.76	20.0
1136.24	20.0
1145.0	20.0
1158.08	20.0
1179.32	20.0
1200.76	20.0
1214.96	20.0
1230.4	20.0
1238.44	20.0
1251.12	20.0
1262.52	20.0
1272.6	20.0
1315.6	20.0
1331.92	20.0
1352.2	20.0
1363.28	20.0
725.12	21.0
708.36	22.0
739.52	22.0
820.88	22.0
682.6	22.0
636.32	23.0
728.08	23.0
755.0	23.0
846.36	23.0
1019.52	23.0
759.08	23.0
908.8	23.0
605.4	24.0
