479.72	1.0
505.08	1.0
559.0	1.0
574.44	1.0
585.0	1.0
588.84	1.0
592.96	1.0
620.96	1.0
625.88	1.0
659.32	1.0
724.28	1.0
727.56	1.0
792.84	1.0
994.28	1.0
1160.96	1.0
1284.96	1.0
1361.76	1.0
534.24	1.0
551.64	1.0
579.76	1.0
596.96	1.0
603.8	1.0
606.68	1.0
614.4	1.0
632.52	1.0
637.92	1.0
649.8	1.0
671.68	1.0
694.52	1.0
844.96	1.0
930.04	1.0
568.8	2.0
603.08	2.0
721.32	2.0
417.48	2.0
506.76	2.0
551.16	2.0
580.4	2.0
621.76	2.0
624.48	2.0
665.2	2.0
697.0	2.0
745.44	2.0
800.56	2.0
818.6	2.0
884.84	2.0
941.68	2.0
985.8	2.0
1074.92	2.0
738.56	3.0
487.16	3.0
533.32	3.0
541.72	3.0
550.8	3.0
558.68	3.0
567.08	3.0
578.6	3.0
584.4	3.0
592.64	3.0
599.32	3.0
606.52	3.0
614.64	3.0
622.4	3.0
638.28	3.0
646.96	3.0
650.72	3.0
659.32	3.0
670.0	3.0
678.92	3.0
691.4	3.0
701.6	3.0
704.48	3.0
712.8	3.0
751.08	3.0
806.6	3.0
815.76	3.0
829.92	3.0
842.84	3.0
865.16	3.0
909.48	3.0
925.2	3.0
945.2	3.0
993.76	3.0
1002.48	3.0
1020.76	3.0
1054.72	3.0
1079.16	3.0
1090.28	3.0
1122.4	3.0
1157.76	3.0
1188.96	3.0
1233.44	3.0
1277.24	3.0
1306.44	3.0
562.48	5.0
618.0	5.0
655.84	5.0
709.56	5.0
858.56	5.0
581.88	5.0
592.4	5.0
595.48	5.0
599.88	5.0
611.92	5.0
627.32	5.0
644.44	5.0
662.72	5.0
674.84	5.0
683.84	5.0
700.12	5.0
737.72	5.0
767.04	5.0
849.0	5.0
906.4	5.0
1140.36	5.0
516.4	6.0
529.04	6.0
542.52	6.0
551.68	6.0
560.28	6.0
565.36	6.0
574.0	6.0
579.88	6.0
583.76	6.0
591.04	6.0
600.8	6.0
606.2	6.0
611.84	6.0
618.16	6.0
645.04	6.0
658.2	6.0
692.32	6.0
702.4	6.0
711.36	6.0
729.24	6.0
767.48	6.0
798.4	6.0
828.12	6.0
846.32	6.0
886.16	6.0
901.76	6.0
966.28	6.0
1034.8	6.0
1119.6	6.0
1141.96	6.0
1189.16	6.0
1286.0	6.0
1305.4	6.0
561.0	7.0
580.0	7.0
596.6	7.0
616.28	7.0
622.52	7.0
627.92	7.0
644.72	7.0
686.6	7.0
710.28	7.0
807.68	7.0
828.4	7.0
526.32	8.0
538.68	8.0
745.0	8.0
1354.52	8.0
519.88	8.0
551.72	8.0
558.16	8.0
574.24	8.0
583.2	8.0
603.2	8.0
608.84	8.0
567.68	9.0
539.92	9.0
561.32	9.0
583.6	9.0
594.4	9.0
626.64	9.0
654.56	9.0
755.88	9.0
550.12	11.0
568.0	11.0
583.8	11.0
604.56	11.0
613.04	11.0
652.72	11.0
556.44	11.0
580.12	11.0
591.88	11.0
616.84	11.0
624.44	11.0
668.12	11.0
592.96	12.0
602.2	12.0
624.76	12.0
630.32	12.0
848.8	12.0
929.68	12.0
1022.4	12.0
1111.08	12.0
510.16	12.0
540.08	12.0
548.92	12.0
563.8	12.0
566.72	12.0
569.36	12.0
574.08	12.0
581.08	12.0
583.6	12.0
599.08	12.0
607.44	12.0
617.28	12.0
619.8	12.0
635.0	12.0
638.84	12.0
658.04	12.0
661.96	12.0
675.0	12.0
688.04	12.0
698.52	12.0
711.12	12.0
728.72	12.0
745.68	12.0
876.64	12.0
942.76	12.0
1141.44	12.0
1174.44	12.0
1258.56	12.0
1318.08	12.0
621.6	13.0
541.12	13.0
553.84	13.0
564.6	13.0
575.56	13.0
583.56	13.0
594.04	13.0
597.72	13.0
600.6	13.0
606.36	13.0
615.56	13.0
629.88	13.0
639.44	13.0
645.48	13.0
656.12	13.0
662.16	13.0
678.36	13.0
688.44	13.0
698.6	13.0
710.52	13.0
725.6	13.0
734.6	13.0
746.96	13.0
764.44	13.0
785.72	13.0
801.64	13.0
819.0	13.0
835.12	13.0
849.6	13.0
866.84	13.0
882.6	13.0
907.0	13.0
929.36	13.0
950.8	13.0
966.88	13.0
993.0	13.0
1015.6	13.0
1040.76	13.0
1080.08	13.0
1157.0	13.0
580.88	14.0
621.72	14.0
567.2	14.0
645.64	14.0
675.64	14.0
734.48	14.0
580.08	15.0
596.76	15.0
644.8	15.0
686.68	15.0
565.6	16.0
589.2	16.0
637.88	16.0
583.52	17.0
682.56	17.0
748.8	17.0
845.56	17.0
958.96	17.0
528.0	17.0
552.08	17.0
568.28	17.0
571.6	17.0
625.6	17.0
633.6	17.0
643.6	17.0
655.28	17.0
718.28	17.0
741.04	17.0
767.8	17.0
809.56	17.0
990.72	17.0
551.84	18.0
568.0	18.0
583.6	18.0
645.12	18.0
665.28	18.0
697.32	18.0
845.6	18.0
584.08	19.0
664.8	19.0
654.48	19.0
660.24	19.0
684.04	19.0
420.44	20.0
469.24	20.0
486.36	20.0
500.12	20.0
508.96	20.0
512.68	20.0
520.12	20.0
525.04	20.0
529.88	20.0
535.28	20.0
539.28	20.0
545.48	20.0
551.24	20.0
553.92	20.0
556.84	20.0
562.16	20.0
567.56	20.0
573.32	20.0
579.68	20.0
582.8	20.0
588.36	20.0
592.56	20.0
598.32	20.0
602.48	20.0
606.64	20.0
612.56	20.0
616.36	20.0
621.0	20.0
624.72	20.0
630.84	20.0
645.08	20.0
649.56	20.0
660.32	20.0
664.52	20.0
681.32	20.0
694.28	20.0
710.88	20.0
717.2	20.0
727.92	20.0
746.36	20.0
751.96	20.0
798.88	20.0
804.36	20.0
817.8	20.0
825.88	20.0
837.72	20.0
844.0	20.0
862.12	20.0
881.88	20.0
898.28	20.0
907.96	20.0
917.88	20.0
927.16	20.0
966.44	20.0
985.6	20.0
1000.36	20.0
1022.84	20.0
1033.36	20.0
1049.68	20.0
1059.2	20.0
1071.0	20.0
1088.76	20.0
1108.56	20.0
1118.84	20.0
1141.24	20.0
1152.44	20.0
1168.4	20.0
1223.8	20.0
1237.6	20.0
1250.0	20.0
1273.8	20.0
1306.56	20.0
1320.24	20.0
1353.56	20.0
1367.64	20.0
587.0	21.0
646.0	21.0
568.8	21.0
604.28	21.0
538.6	22.0
581.84	22.0
648.56	22.0
620.68	22.0
537.56	23.0
579.88	23.0
604.64	23.0
610.08	23.0
858.76	23.0
928.84	23.0
1154.24	23.0
551.32	23.0
583.28	23.0
601.12	23.0
633.04	23.0
638.2	23.0
751.08	23.0
1006.6	23.0
527.24	24.0
579.52	24.0
606.48	24.0
633.44	24.0
