423.8	1.0
472.28	1.0
488.4	1.0
492.92	1.0
527.48	1.0
644.32	1.0
1136.56	1.0
1332.84	1.0
1339.28	1.0
477.32	1.0
482.12	1.0
495.56	1.0
508.12	1.0
553.72	1.0
575.52	1.0
606.52	1.0
654.68	1.0
899.68	1.0
1186.2	1.0
410.12	2.0
438.12	2.0
493.32	2.0
510.12	2.0
528.0	2.0
559.76	2.0
644.36	2.0
735.72	2.0
980.88	2.0
1113.56	2.0
1215.24	2.0
1303.92	2.0
1398.28	2.0
412.88	3.0
478.36	3.0
482.64	3.0
493.08	3.0
496.68	3.0
501.12	3.0
506.32	3.0
510.44	3.0
516.16	3.0
527.76	3.0
536.88	3.0
546.88	3.0
552.48	3.0
561.32	3.0
569.28	3.0
601.72	3.0
637.56	3.0
738.92	3.0
742.08	3.0
758.44	3.0
763.44	3.0
786.28	3.0
801.2	3.0
815.0	3.0
817.96	3.0
829.48	3.0
865.84	3.0
884.2	3.0
916.44	3.0
945.88	3.0
981.72	3.0
992.6	3.0
1026.92	3.0
1030.32	3.0
1070.76	3.0
1078.56	3.0
1115.12	3.0
1117.84	3.0
1120.88	3.0
1221.24	3.0
1269.12	3.0
1302.4	3.0
1338.64	3.0
1467.8	3.0
482.88	5.0
698.24	5.0
770.52	5.0
1071.6	5.0
470.84	5.0
474.32	5.0
535.6	5.0
558.24	5.0
561.92	5.0
587.6	5.0
627.32	5.0
653.44	5.0
677.92	5.0
682.48	5.0
692.56	5.0
786.4	5.0
814.04	5.0
843.92	5.0
970.6	5.0
1297.08	5.0
604.16	6.0
422.8	6.0
439.8	6.0
447.72	6.0
456.56	6.0
460.44	6.0
468.48	6.0
476.48	6.0
484.48	6.0
495.76	6.0
502.28	6.0
510.4	6.0
518.88	6.0
529.08	6.0
533.0	6.0
540.88	6.0
549.44	6.0
559.96	6.0
563.96	6.0
569.2	6.0
600.16	6.0
617.32	6.0
625.68	6.0
634.76	6.0
649.24	6.0
668.04	6.0
682.32	6.0
692.96	6.0
751.8	6.0
827.4	6.0
839.92	6.0
848.12	6.0
870.68	6.0
885.2	6.0
907.88	6.0
955.2	6.0
962.84	6.0
980.72	6.0
1008.56	6.0
1023.56	6.0
1059.84	6.0
1190.72	6.0
1209.48	6.0
1225.6	6.0
1269.28	6.0
1294.04	6.0
1370.72	6.0
565.08	7.0
483.04	7.0
497.6	7.0
527.28	7.0
559.6	7.0
579.8	7.0
649.56	7.0
666.0	7.0
1060.2	7.0
482.92	8.0
716.76	8.0
500.56	8.0
507.04	8.0
513.48	8.0
521.68	8.0
541.36	8.0
577.32	8.0
615.2	8.0
474.2	9.0
497.88	9.0
521.4	9.0
547.28	9.0
608.92	9.0
667.96	9.0
1285.0	9.0
1004.56	10.0
455.36	11.0
482.52	11.0
506.24	11.0
516.08	11.0
527.6	11.0
1115.16	11.0
440.52	11.0
493.88	11.0
510.52	11.0
569.6	11.0
579.16	11.0
593.12	11.0
675.72	11.0
560.64	12.0
565.08	12.0
1223.76	12.0
455.24	12.0
470.84	12.0
474.08	12.0
483.28	12.0
488.32	12.0
500.28	12.0
506.12	12.0
510.04	12.0
532.28	12.0
538.36	12.0
550.72	12.0
571.92	12.0
592.76	12.0
632.6	12.0
666.64	12.0
698.64	12.0
716.88	12.0
726.76	12.0
729.48	12.0
754.32	12.0
770.32	12.0
843.36	12.0
903.56	12.0
930.24	12.0
992.76	12.0
1028.12	12.0
1048.48	12.0
1091.16	12.0
1110.56	12.0
1123.24	12.0
1216.28	12.0
1305.32	12.0
1397.64	12.0
461.56	13.0
475.0	13.0
485.16	13.0
497.16	13.0
507.2	13.0
522.88	13.0
531.4	13.0
538.04	13.0
557.04	13.0
560.4	13.0
564.8	13.0
582.4	13.0
586.44	13.0
592.2	13.0
603.04	13.0
616.2	13.0
628.4	13.0
642.96	13.0
654.08	13.0
668.4	13.0
682.28	13.0
693.4	13.0
718.8	13.0
733.88	13.0
752.0	13.0
768.68	13.0
786.0	13.0
796.68	13.0
833.92	13.0
848.76	13.0
878.8	13.0
905.36	13.0
936.56	13.0
964.6	13.0
1001.0	13.0
1145.52	13.0
1299.68	13.0
487.56	14.0
536.8	14.0
580.76	14.0
598.4	14.0
483.12	15.0
497.76	15.0
559.76	15.0
488.16	15.0
542.6	15.0
484.28	16.0
528.36	16.0
557.68	16.0
624.52	16.0
688.76	16.0
941.48	16.0
1314.12	16.0
551.32	17.0
661.0	17.0
463.08	17.0
485.84	17.0
521.04	17.0
530.2	17.0
572.2	17.0
582.08	17.0
590.76	17.0
775.92	17.0
1023.28	17.0
1190.16	17.0
1195.84	17.0
1223.08	17.0
1408.84	17.0
1418.56	17.0
503.88	18.0
511.52	18.0
533.52	18.0
582.8	18.0
597.16	18.0
730.08	18.0
747.4	18.0
760.88	18.0
1026.04	18.0
426.2	19.0
457.84	19.0
512.68	19.0
564.88	19.0
719.2	19.0
727.48	19.0
739.76	19.0
1114.92	19.0
1139.6	19.0
512.44	20.0
564.68	20.0
604.56	20.0
333.6	20.0
398.68	20.0
411.88	20.0
416.84	20.0
421.68	20.0
426.28	20.0
431.8	20.0
439.92	20.0
445.16	20.0
449.48	20.0
455.72	20.0
461.72	20.0
466.84	20.0
472.64	20.0
476.88	20.0
482.92	20.0
488.2	20.0
495.72	20.0
502.0	20.0
508.12	20.0
516.92	20.0
521.88	20.0
527.72	20.0
531.28	20.0
538.32	20.0
547.6	20.0
551.28	20.0
570.6	20.0
576.84	20.0
580.76	20.0
592.4	20.0
598.28	20.0
615.28	20.0
627.04	20.0
631.88	20.0
644.84	20.0
655.84	20.0
676.04	20.0
685.12	20.0
705.68	20.0
717.44	20.0
727.0	20.0
733.76	20.0
739.88	20.0
752.04	20.0
776.2	20.0
801.24	20.0
818.8	20.0
847.0	20.0
855.88	20.0
869.64	20.0
883.56	20.0
912.72	20.0
929.68	20.0
960.6	20.0
984.44	20.0
1013.12	20.0
1054.8	20.0
1068.68	20.0
1114.96	20.0
1120.68	20.0
1140.8	20.0
1169.84	20.0
1185.44	20.0
1212.88	20.0
1219.24	20.0
1224.28	20.0
1243.4	20.0
1263.84	20.0
1273.56	20.0
1283.64	20.0
1306.84	20.0
1331.36	20.0
1351.84	20.0
1362.76	20.0
1371.44	20.0
1400.76	20.0
1415.84	20.0
1441.2	20.0
1454.92	20.0
578.36	21.0
494.76	21.0
515.04	21.0
560.96	22.0
585.72	22.0
594.28	22.0
650.44	22.0
689.56	22.0
540.56	22.0
472.08	23.0
497.32	23.0
504.48	23.0
530.2	23.0
555.4	23.0
601.76	23.0
690.08	23.0
1137.44	23.0
534.48	23.0
958.88	23.0
441.72	24.0
1029.52	24.0
