526.28	1.0
546.08	1.0
571.16	1.0
583.92	1.0
631.68	1.0
679.96	1.0
693.56	1.0
834.16	1.0
1405.0	1.0
1469.68	1.0
598.2	1.0
604.36	1.0
628.04	1.0
639.8	1.0
649.84	1.0
686.48	1.0
705.04	1.0
729.28	1.0
1188.6	1.0
1408.6	1.0
505.28	2.0
536.24	2.0
553.88	2.0
594.44	2.0
603.56	2.0
668.76	2.0
695.32	2.0
722.04	2.0
890.48	2.0
1301.52	2.0
1405.64	2.0
587.48	3.0
597.92	3.0
603.72	3.0
608.52	3.0
620.92	3.0
626.6	3.0
629.88	3.0
634.08	3.0
661.48	3.0
667.76	3.0
676.2	3.0
686.44	3.0
721.4	3.0
727.72	3.0
730.84	3.0
736.24	3.0
744.48	3.0
757.28	3.0
795.0	3.0
805.76	3.0
817.68	3.0
836.24	3.0
855.76	3.0
875.44	3.0
893.24	3.0
935.24	3.0
959.76	3.0
985.24	3.0
1020.16	3.0
1029.4	3.0
1041.44	3.0
1079.8	3.0
1113.68	3.0
1165.92	3.0
1192.24	3.0
1223.4	3.0
1239.16	3.0
1278.24	3.0
1304.44	3.0
1349.12	3.0
1434.6	3.0
1442.64	3.0
1455.72	3.0
696.44	5.0
758.04	5.0
775.64	5.0
967.16	5.0
1026.84	5.0
1399.92	5.0
587.6	5.0
648.6	5.0
665.32	5.0
671.44	5.0
688.24	5.0
701.68	5.0
723.08	5.0
736.44	5.0
766.08	5.0
807.36	5.0
812.48	5.0
830.96	5.0
837.88	5.0
866.84	5.0
534.2	6.0
558.48	6.0
570.72	6.0
580.72	6.0
589.6	6.0
597.56	6.0
607.0	6.0
612.8	6.0
619.48	6.0
627.72	6.0
635.32	6.0
642.72	6.0
650.52	6.0
657.36	6.0
665.36	6.0
676.2	6.0
685.92	6.0
690.16	6.0
698.12	6.0
710.08	6.0
716.96	6.0
726.08	6.0
733.92	6.0
746.96	6.0
755.36	6.0
777.2	6.0
795.0	6.0
811.68	6.0
831.72	6.0
836.04	6.0
855.56	6.0
895.52	6.0
903.44	6.0
912.52	6.0
931.56	6.0
950.04	6.0
976.32	6.0
1005.36	6.0
1033.92	6.0
1067.0	6.0
1112.52	6.0
1152.56	6.0
1164.08	6.0
1189.6	6.0
1210.44	6.0
1231.8	6.0
1354.2	6.0
1407.96	6.0
605.12	7.0
613.2	7.0
630.2	7.0
643.68	7.0
686.28	7.0
718.64	7.0
734.28	7.0
852.52	7.0
855.88	7.0
953.24	7.0
1152.92	7.0
1190.04	7.0
1210.76	7.0
507.08	8.0
564.72	8.0
596.04	8.0
748.24	8.0
755.04	8.0
858.6	8.0
1072.28	8.0
1148.12	8.0
570.88	8.0
632.12	8.0
671.96	8.0
719.84	8.0
1067.8	8.0
1231.76	8.0
583.64	9.0
642.56	9.0
696.4	9.0
748.76	9.0
1408.0	9.0
612.08	11.0
648.28	11.0
704.28	11.0
569.16	11.0
597.28	11.0
657.88	11.0
538.48	12.0
570.92	12.0
596.8	12.0
602.68	12.0
668.8	12.0
942.12	12.0
566.52	12.0
585.24	12.0
606.04	12.0
612.08	12.0
615.12	12.0
631.56	12.0
634.08	12.0
648.04	12.0
656.88	12.0
672.04	12.0
676.84	12.0
698.08	12.0
708.36	12.0
723.12	12.0
733.84	12.0
777.32	12.0
796.24	12.0
821.52	12.0
833.0	12.0
855.92	12.0
917.32	12.0
923.4	12.0
927.28	12.0
931.88	12.0
961.04	12.0
978.32	12.0
990.24	12.0
1009.28	12.0
1028.68	12.0
1116.8	12.0
1152.2	12.0
1160.12	12.0
1235.16	12.0
1316.68	12.0
1456.92	12.0
634.76	13.0
587.32	13.0
599.04	13.0
607.76	13.0
610.96	13.0
627.4	13.0
638.48	13.0
646.08	13.0
657.8	13.0
666.8	13.0
677.72	13.0
688.08	13.0
697.16	13.0
707.32	13.0
720.32	13.0
731.28	13.0
742.0	13.0
758.16	13.0
772.52	13.0
783.92	13.0
803.44	13.0
829.6	13.0
845.0	13.0
860.4	13.0
876.2	13.0
898.68	13.0
925.6	13.0
949.32	13.0
984.96	13.0
1009.24	13.0
1034.72	13.0
1070.36	13.0
1122.36	13.0
1165.36	13.0
1223.0	13.0
1266.2	13.0
618.2	14.0
606.64	14.0
632.04	14.0
670.0	14.0
739.2	14.0
775.88	14.0
1228.08	14.0
605.2	15.0
630.32	15.0
643.8	15.0
686.36	15.0
718.72	15.0
852.64	15.0
953.32	15.0
634.44	15.0
616.36	16.0
667.32	16.0
732.96	16.0
1028.92	16.0
1350.08	16.0
561.24	17.0
586.64	17.0
594.96	17.0
621.88	17.0
652.2	17.0
675.76	17.0
701.0	17.0
744.56	17.0
827.2	17.0
837.44	17.0
933.72	17.0
1467.64	17.0
586.6	18.0
710.04	18.0
739.64	18.0
886.0	18.0
894.32	18.0
916.76	18.0
1030.52	18.0
1110.76	18.0
1383.2	18.0
628.8	19.0
658.2	19.0
713.44	19.0
1006.48	19.0
329.8	20.0
506.96	20.0
514.4	20.0
521.92	20.0
527.12	20.0
532.2	20.0
539.32	20.0
542.08	20.0
544.88	20.0
549.96	20.0
556.16	20.0
564.96	20.0
569.88	20.0
574.72	20.0
581.44	20.0
586.32	20.0
594.52	20.0
598.96	20.0
606.2	20.0
609.28	20.0
615.12	20.0
623.72	20.0
628.8	20.0
632.88	20.0
639.76	20.0
644.0	20.0
646.6	20.0
651.16	20.0
656.44	20.0
670.12	20.0
679.52	20.0
685.6	20.0
693.36	20.0
701.92	20.0
706.4	20.0
713.52	20.0
720.32	20.0
728.48	20.0
736.04	20.0
761.16	20.0
770.36	20.0
778.32	20.0
800.84	20.0
814.56	20.0
820.68	20.0
837.24	20.0
856.52	20.0
861.24	20.0
868.04	20.0
906.16	20.0
922.76	20.0
939.96	20.0
947.84	20.0
968.2	20.0
983.88	20.0
1006.44	20.0
1039.88	20.0
1044.88	20.0
1049.56	20.0
1067.48	20.0
1086.08	20.0
1093.76	20.0
1103.8	20.0
1178.56	20.0
1196.68	20.0
1206.2	20.0
1231.32	20.0
1241.72	20.0
1264.32	20.0
1300.76	20.0
1330.32	20.0
1359.52	20.0
1383.56	20.0
1408.16	20.0
1453.2	20.0
1464.04	20.0
591.84	22.0
731.88	22.0
681.24	22.0
595.88	23.0
657.08	23.0
833.32	23.0
854.84	23.0
843.84	23.0
1046.6	23.0
576.96	24.0
593.56	24.0
615.08	24.0
585.24	24.0
696.96	24.0
