601.8	1.0
654.64	1.0
673.68	1.0
696.68	1.0
737.8	1.0
1035.48	1.0
1224.88	1.0
620.92	1.0
717.04	1.0
748.56	1.0
763.0	1.0
767.88	1.0
969.32	1.0
1336.84	1.0
567.96	2.0
608.72	2.0
640.0	2.0
713.96	2.0
736.6	2.0
739.52	2.0
751.28	2.0
767.92	2.0
849.84	2.0
872.72	2.0
1350.96	2.0
1430.76	2.0
632.72	3.0
655.44	3.0
669.32	3.0
679.8	3.0
689.04	3.0
700.12	3.0
708.76	3.0
723.88	3.0
732.8	3.0
741.88	3.0
750.56	3.0
753.36	3.0
760.28	3.0
764.16	3.0
771.6	3.0
787.0	3.0
792.68	3.0
816.64	3.0
835.4	3.0
838.56	3.0
846.24	3.0
852.28	3.0
864.56	3.0
885.24	3.0
900.2	3.0
919.36	3.0
933.64	3.0
942.24	3.0
959.56	3.0
969.04	3.0
978.52	3.0
1001.12	3.0
1017.64	3.0
1040.44	3.0
1058.84	3.0
1069.68	3.0
1089.72	3.0
1138.32	3.0
1143.44	3.0
1163.84	3.0
1181.84	3.0
1195.04	3.0
1232.4	3.0
1279.36	3.0
1377.48	3.0
1395.36	3.0
1397.96	3.0
644.6	5.0
665.88	5.0
871.44	5.0
882.28	5.0
956.08	5.0
1019.52	5.0
1284.36	5.0
657.16	5.0
673.04	5.0
685.56	5.0
722.28	5.0
731.2	5.0
754.0	5.0
780.6	5.0
802.52	5.0
816.4	5.0
842.12	5.0
907.28	5.0
912.28	5.0
915.88	5.0
1003.36	5.0
1120.64	5.0
1224.52	5.0
608.36	6.0
620.24	6.0
631.2	6.0
639.4	6.0
654.04	6.0
659.84	6.0
669.04	6.0
679.04	6.0
682.6	6.0
689.2	6.0
701.16	6.0
710.28	6.0
715.04	6.0
726.2	6.0
738.56	6.0
747.0	6.0
754.36	6.0
762.68	6.0
770.48	6.0
780.12	6.0
788.8	6.0
794.0	6.0
806.32	6.0
817.0	6.0
827.12	6.0
842.24	6.0
861.68	6.0
921.08	6.0
950.2	6.0
965.84	6.0
976.28	6.0
997.04	6.0
1021.6	6.0
1032.96	6.0
1046.64	6.0
1055.28	6.0
1087.24	6.0
1158.4	6.0
1187.64	6.0
1222.72	6.0
1283.16	6.0
1331.08	6.0
1398.96	6.0
750.52	7.0
655.32	7.0
711.32	7.0
729.72	7.0
761.68	7.0
780.12	7.0
794.36	7.0
840.16	7.0
905.76	7.0
993.12	7.0
1086.76	7.0
1207.24	7.0
1223.08	7.0
1282.32	7.0
1366.52	7.0
805.44	8.0
867.68	8.0
917.12	8.0
1106.84	8.0
611.6	8.0
658.44	8.0
664.08	8.0
680.52	8.0
716.16	8.0
725.76	8.0
787.52	8.0
800.72	8.0
1448.36	9.0
643.36	9.0
672.16	9.0
762.52	9.0
773.4	9.0
837.32	9.0
663.64	10.0
655.52	11.0
712.76	11.0
736.08	11.0
1163.72	11.0
611.44	11.0
648.88	11.0
706.44	11.0
777.44	11.0
801.88	11.0
1001.32	11.0
1211.92	11.0
715.12	12.0
723.4	12.0
753.64	12.0
770.48	12.0
596.16	12.0
611.4	12.0
619.76	12.0
642.12	12.0
657.56	12.0
664.92	12.0
683.6	12.0
712.52	12.0
730.44	12.0
765.84	12.0
783.56	12.0
795.24	12.0
827.36	12.0
892.88	12.0
914.44	12.0
951.32	12.0
980.68	12.0
1038.24	12.0
1089.12	12.0
1106.88	12.0
1138.48	12.0
1158.32	12.0
1168.0	12.0
1263.4	12.0
1331.12	12.0
658.72	13.0
669.76	13.0
682.48	13.0
696.28	13.0
707.4	13.0
715.68	13.0
727.48	13.0
731.0	13.0
737.28	13.0
746.68	13.0
756.88	13.0
765.04	13.0
770.28	13.0
778.6	13.0
788.72	13.0
797.32	13.0
812.04	13.0
833.4	13.0
846.44	13.0
863.04	13.0
884.6	13.0
907.92	13.0
919.96	13.0
936.36	13.0
961.44	13.0
988.24	13.0
1010.56	13.0
1031.32	13.0
1054.92	13.0
1080.16	13.0
1105.64	13.0
1108.96	13.0
1142.16	13.0
1191.88	13.0
1285.32	13.0
748.76	14.0
644.84	14.0
655.6	14.0
674.72	14.0
727.44	14.0
977.84	14.0
655.4	15.0
711.36	15.0
729.8	15.0
780.2	15.0
905.92	15.0
1086.88	15.0
1207.28	15.0
1366.64	15.0
651.8	16.0
698.92	16.0
771.48	16.0
809.88	16.0
893.12	16.0
1151.88	16.0
1396.16	16.0
655.44	17.0
728.52	17.0
608.4	17.0
618.28	17.0
679.24	17.0
717.44	17.0
735.52	17.0
758.92	17.0
789.2	17.0
828.4	17.0
873.28	17.0
923.68	17.0
1002.28	17.0
1038.28	17.0
1060.24	17.0
1115.96	17.0
1337.68	17.0
665.6	18.0
717.36	18.0
789.08	18.0
923.48	18.0
979.76	18.0
1001.56	18.0
1023.8	18.0
1056.96	18.0
1188.48	18.0
689.12	19.0
795.92	19.0
819.76	19.0
878.76	19.0
922.32	19.0
665.72	20.0
745.4	20.0
330.28	20.0
503.44	20.0
515.52	20.0
560.24	20.0
570.16	20.0
576.44	20.0
579.96	20.0
588.16	20.0
594.68	20.0
602.24	20.0
607.12	20.0
610.0	20.0
615.32	20.0
620.04	20.0
628.4	20.0
632.56	20.0
638.88	20.0
642.64	20.0
649.0	20.0
656.76	20.0
660.76	20.0
670.08	20.0
678.44	20.0
684.12	20.0
695.6	20.0
703.04	20.0
706.2	20.0
715.68	20.0
728.44	20.0
734.2	20.0
738.4	20.0
742.88	20.0
748.76	20.0
753.76	20.0
756.76	20.0
771.96	20.0
776.84	20.0
782.2	20.0
787.48	20.0
800.24	20.0
805.52	20.0
814.08	20.0
826.56	20.0
836.04	20.0
845.28	20.0
852.52	20.0
866.88	20.0
872.76	20.0
878.8	20.0
896.04	20.0
900.44	20.0
913.88	20.0
920.96	20.0
924.16	20.0
972.4	20.0
979.92	20.0
988.24	20.0
1003.68	20.0
1017.36	20.0
1039.44	20.0
1053.8	20.0
1067.12	20.0
1089.04	20.0
1105.8	20.0
1130.96	20.0
1139.2	20.0
1159.44	20.0
1180.0	20.0
1186.96	20.0
1218.88	20.0
1226.04	20.0
1245.76	20.0
1283.08	20.0
1295.12	20.0
1322.12	20.0
1328.72	20.0
1337.76	20.0
1350.92	20.0
1376.36	20.0
1396.32	20.0
1428.16	20.0
1433.0	20.0
1442.24	20.0
638.8	22.0
783.28	22.0
697.88	22.0
756.4	22.0
636.28	23.0
684.72	23.0
713.24	23.0
915.08	23.0
754.32	23.0
628.0	24.0
755.68	24.0
1023.8	24.0
