468.68	1.0
493.8	1.0
512.92	1.0
528.88	1.0
542.44	1.0
560.84	1.0
785.68	1.0
945.8	1.0
1301.8	1.0
548.2	1.0
556.8	1.0
570.04	1.0
574.8	1.0
588.04	1.0
594.56	1.0
607.8	1.0
620.76	1.0
630.76	1.0
662.28	1.0
696.48	1.0
726.96	1.0
899.6	1.0
1444.32	1.0
444.92	2.0
496.48	2.0
534.4	2.0
561.72	2.0
579.32	2.0
598.08	2.0
629.24	2.0
652.92	2.0
671.56	2.0
745.72	2.0
1468.36	2.0
607.84	3.0
535.88	3.0
539.56	3.0
551.96	3.0
559.32	3.0
566.4	3.0
569.08	3.0
575.92	3.0
584.76	3.0
593.64	3.0
600.96	3.0
617.68	3.0
625.6	3.0
629.36	3.0
665.08	3.0
691.16	3.0
699.4	3.0
716.68	3.0
739.52	3.0
749.8	3.0
760.48	3.0
770.04	3.0
816.04	3.0
849.36	3.0
872.12	3.0
891.08	3.0
909.32	3.0
918.96	3.0
929.24	3.0
989.76	3.0
1001.48	3.0
1085.2	3.0
1113.88	3.0
1138.12	3.0
1147.64	3.0
1162.76	3.0
1254.64	3.0
1283.04	3.0
1372.76	3.0
1378.68	3.0
1415.64	3.0
1464.8	3.0
550.76	5.0
554.92	5.0
559.84	5.0
981.4	5.0
1029.28	5.0
1080.12	5.0
1383.76	5.0
531.0	5.0
569.08	5.0
573.12	5.0
589.56	5.0
597.84	5.0
610.24	5.0
625.8	5.0
640.64	5.0
656.68	5.0
696.92	5.0
713.36	5.0
731.36	5.0
756.92	5.0
792.44	5.0
818.08	5.0
851.48	5.0
899.88	5.0
943.76	5.0
989.08	5.0
1007.16	5.0
1025.96	5.0
1059.36	5.0
1094.8	5.0
1141.32	5.0
1187.96	5.0
1242.92	5.0
1260.4	5.0
1310.96	5.0
583.2	6.0
503.28	6.0
517.48	6.0
533.16	6.0
537.76	6.0
549.6	6.0
559.16	6.0
564.68	6.0
570.84	6.0
575.76	6.0
595.8	6.0
599.48	6.0
602.68	6.0
613.12	6.0
647.32	6.0
652.28	6.0
661.16	6.0
669.32	6.0
681.44	6.0
688.16	6.0
698.36	6.0
711.88	6.0
719.8	6.0
732.28	6.0
748.6	6.0
765.96	6.0
772.72	6.0
797.56	6.0
806.96	6.0
865.72	6.0
893.72	6.0
907.28	6.0
923.68	6.0
964.68	6.0
1021.96	6.0
1133.64	6.0
1140.96	6.0
1197.56	6.0
1223.2	6.0
1248.84	6.0
1266.4	6.0
1310.92	6.0
1327.72	6.0
1340.08	6.0
1401.92	6.0
1454.88	6.0
517.84	7.0
538.96	7.0
558.28	7.0
565.08	7.0
569.08	7.0
580.08	7.0
600.88	7.0
608.92	7.0
624.36	7.0
639.04	7.0
712.24	7.0
720.12	7.0
794.72	7.0
797.88	7.0
1156.56	7.0
1280.88	7.0
1452.32	7.0
494.8	8.0
551.4	8.0
597.32	8.0
710.76	8.0
864.48	8.0
899.48	8.0
554.12	8.0
562.92	8.0
574.56	8.0
600.92	8.0
1136.64	8.0
514.0	9.0
549.4	9.0
594.88	9.0
608.24	9.0
610.76	9.0
619.96	9.0
651.4	9.0
989.76	9.0
1055.44	9.0
1219.52	9.0
1306.64	9.0
549.36	11.0
557.88	11.0
563.2	11.0
577.56	11.0
589.16	11.0
599.2	11.0
665.04	11.0
536.04	11.0
551.92	11.0
574.72	11.0
617.04	11.0
632.16	11.0
535.48	12.0
600.52	12.0
744.28	12.0
519.6	12.0
530.4	12.0
544.56	12.0
551.24	12.0
558.84	12.0
562.68	12.0
569.12	12.0
595.76	12.0
614.72	12.0
620.4	12.0
625.4	12.0
629.68	12.0
646.56	12.0
649.08	12.0
654.92	12.0
665.2	12.0
697.44	12.0
703.24	12.0
719.76	12.0
727.4	12.0
899.04	12.0
934.48	12.0
942.52	12.0
958.6	12.0
996.48	12.0
1085.6	12.0
1097.44	12.0
1154.96	12.0
1197.36	12.0
1236.36	12.0
1268.28	12.0
1381.44	12.0
1409.36	12.0
535.24	13.0
547.12	13.0
556.16	13.0
564.4	13.0
569.4	13.0
579.52	13.0
589.8	13.0
594.4	13.0
608.32	13.0
613.92	13.0
622.04	13.0
626.36	13.0
628.96	13.0
641.08	13.0
648.36	13.0
657.96	13.0
667.12	13.0
672.28	13.0
682.8	13.0
690.12	13.0
698.64	13.0
713.0	13.0
721.68	13.0
734.4	13.0
747.92	13.0
760.56	13.0
771.32	13.0
792.68	13.0
802.56	13.0
818.32	13.0
835.0	13.0
851.04	13.0
866.8	13.0
891.68	13.0
906.6	13.0
921.76	13.0
946.12	13.0
971.64	13.0
996.44	13.0
1019.28	13.0
1056.68	13.0
1080.2	13.0
1102.08	13.0
1135.92	13.0
1156.16	13.0
1201.0	13.0
1237.4	13.0
1270.12	13.0
569.32	14.0
690.56	14.0
551.0	14.0
597.84	14.0
608.04	14.0
608.96	15.0
794.88	15.0
1281.0	15.0
743.04	15.0
546.36	16.0
569.36	16.0
592.56	16.0
628.8	16.0
556.56	17.0
528.6	17.0
548.76	17.0
566.16	17.0
581.2	17.0
593.68	17.0
602.0	17.0
606.52	17.0
611.96	17.0
626.32	17.0
646.4	17.0
680.76	17.0
743.2	17.0
794.16	17.0
932.8	17.0
941.32	17.0
1083.92	17.0
1180.48	17.0
1219.16	17.0
1235.44	17.0
599.0	18.0
628.16	18.0
693.8	18.0
719.96	18.0
848.44	18.0
864.84	18.0
874.16	18.0
903.08	18.0
986.52	18.0
1020.56	18.0
1097.96	18.0
564.96	19.0
673.6	19.0
547.44	19.0
731.56	19.0
332.36	20.0
447.52	20.0
469.48	20.0
479.96	20.0
495.88	20.0
499.16	20.0
507.72	20.0
513.28	20.0
517.04	20.0
521.28	20.0
529.28	20.0
535.24	20.0
538.52	20.0
541.76	20.0
547.48	20.0
551.28	20.0
558.4	20.0
561.04	20.0
563.68	20.0
568.84	20.0
574.36	20.0
579.88	20.0
590.64	20.0
597.44	20.0
610.2	20.0
626.28	20.0
631.76	20.0
638.08	20.0
642.16	20.0
644.84	20.0
650.56	20.0
661.76	20.0
666.2	20.0
673.4	20.0
680.72	20.0
689.12	20.0
693.0	20.0
697.68	20.0
718.48	20.0
725.4	20.0
745.72	20.0
758.56	20.0
773.12	20.0
793.0	20.0
823.44	20.0
836.92	20.0
863.32	20.0
906.68	20.0
939.48	20.0
960.36	20.0
977.08	20.0
987.52	20.0
990.56	20.0
1057.92	20.0
1095.36	20.0
1113.48	20.0
1136.24	20.0
1141.76	20.0
1154.52	20.0
1229.76	20.0
1251.84	20.0
1271.24	20.0
1278.08	20.0
1290.92	20.0
1328.52	20.0
1338.84	20.0
1355.64	20.0
1407.04	20.0
1420.6	20.0
1451.16	20.0
629.32	22.0
646.76	22.0
562.72	22.0
596.2	22.0
538.0	23.0
564.56	23.0
569.36	23.0
582.68	23.0
610.12	23.0
672.16	23.0
559.6	23.0
575.96	23.0
591.0	23.0
646.04	23.0
699.24	23.0
722.88	23.0
519.84	24.0
536.56	24.0
989.44	24.0
