269.0	1.0
286.72	1.0
311.2	1.0
314.72	1.0
324.88	1.0
344.44	1.0
357.92	1.0
394.08	1.0
421.24	1.0
881.56	1.0
332.92	1.0
339.44	1.0
355.04	1.0
372.28	1.0
389.4	1.0
432.16	1.0
487.68	1.0
253.6	2.0
278.72	2.0
302.6	2.0
330.72	2.0
348.56	2.0
358.68	2.0
387.84	2.0
1170.4	3.0
256.52	3.0
315.48	3.0
323.24	3.0
327.96	3.0
331.92	3.0
337.8	3.0
357.6	3.0
363.44	3.0
369.12	3.0
377.32	3.0
387.56	3.0
403.8	3.0
413.28	3.0
466.92	3.0
476.12	3.0
481.44	3.0
490.2	3.0
496.76	3.0
507.56	3.0
521.52	3.0
596.96	3.0
609.36	3.0
637.0	3.0
653.12	3.0
712.8	3.0
722.4	3.0
739.52	3.0
759.24	3.0
780.56	3.0
797.52	3.0
827.32	3.0
844.44	3.0
867.48	3.0
904.24	3.0
910.4	3.0
927.68	3.0
946.32	3.0
973.16	3.0
1084.88	3.0
1182.96	3.0
1190.88	3.0
357.6	4.0
308.28	5.0
569.68	5.0
615.16	5.0
341.32	5.0
352.32	5.0
369.52	5.0
388.28	5.0
399.76	5.0
417.56	5.0
430.96	5.0
456.52	5.0
490.0	5.0
525.88	5.0
561.08	5.0
595.64	5.0
627.8	5.0
671.52	5.0
703.56	5.0
804.32	5.0
900.6	5.0
997.88	5.0
1049.0	5.0
1056.6	5.0
272.4	6.0
282.64	6.0
292.24	6.0
298.56	6.0
308.08	6.0
316.2	6.0
323.84	6.0
329.72	6.0
340.08	6.0
344.84	6.0
349.36	6.0
359.2	6.0
365.8	6.0
374.96	6.0
379.8	6.0
385.0	6.0
390.56	6.0
408.08	6.0
414.64	6.0
427.4	6.0
441.6	6.0
447.68	6.0
454.6	6.0
468.56	6.0
478.72	6.0
483.28	6.0
504.68	6.0
520.64	6.0
537.32	6.0
547.6	6.0
566.56	6.0
584.44	6.0
594.76	6.0
626.28	6.0
652.24	6.0
690.68	6.0
714.92	6.0
729.44	6.0
757.92	6.0
807.08	6.0
850.12	6.0
893.04	6.0
911.2	6.0
929.24	6.0
941.16	6.0
1013.36	6.0
1036.08	6.0
1078.52	6.0
333.92	7.0
567.44	7.0
298.76	7.0
324.56	7.0
351.48	7.0
375.08	7.0
412.44	7.0
428.16	7.0
505.68	7.0
536.44	7.0
735.56	7.0
255.28	8.0
593.8	8.0
650.32	8.0
320.96	8.0
336.96	8.0
354.68	8.0
478.76	8.0
1017.32	8.0
1020.88	9.0
291.28	9.0
319.96	9.0
358.52	9.0
389.4	9.0
397.36	9.0
585.52	9.0
413.56	10.0
652.44	10.0
329.88	11.0
353.4	11.0
382.4	11.0
256.68	11.0
320.48	11.0
361.16	11.0
825.6	11.0
285.36	12.0
308.36	12.0
315.08	12.0
332.2	12.0
431.36	12.0
439.36	12.0
458.12	12.0
524.08	12.0
596.48	12.0
769.76	12.0
835.44	12.0
298.68	12.0
329.44	12.0
354.96	12.0
365.68	12.0
371.84	12.0
389.4	12.0
452.6	12.0
477.96	12.0
490.08	12.0
550.6	12.0
561.76	12.0
605.44	12.0
665.4	12.0
887.76	12.0
909.24	12.0
932.0	12.0
1056.96	12.0
308.88	13.0
319.4	13.0
328.76	13.0
338.32	13.0
347.2	13.0
353.52	13.0
365.24	13.0
371.0	13.0
378.44	13.0
387.92	13.0
400.72	13.0
409.28	13.0
424.76	13.0
435.96	13.0
444.36	13.0
457.84	13.0
469.48	13.0
473.76	13.0
479.6	13.0
503.6	13.0
517.36	13.0
527.68	13.0
539.96	13.0
555.52	13.0
568.24	13.0
582.8	13.0
596.32	13.0
619.36	13.0
636.6	13.0
655.64	13.0
675.96	13.0
692.92	13.0
710.04	13.0
734.84	13.0
738.04	13.0
761.4	13.0
790.72	13.0
806.0	13.0
831.96	13.0
853.88	13.0
887.04	13.0
914.28	13.0
936.12	13.0
973.44	13.0
1011.28	13.0
1048.24	13.0
1102.72	13.0
325.8	14.0
404.32	14.0
410.92	14.0
637.44	14.0
929.64	14.0
298.88	15.0
428.32	15.0
536.48	15.0
355.0	15.0
325.72	16.0
350.84	16.0
380.24	16.0
283.24	17.0
321.72	17.0
348.36	17.0
363.2	17.0
375.4	17.0
387.88	17.0
432.84	17.0
454.84	17.0
561.52	17.0
578.96	17.0
585.12	17.0
321.48	18.0
346.28	18.0
363.04	18.0
375.16	18.0
412.12	18.0
603.48	18.0
1102.36	18.0
403.08	19.0
292.84	19.0
333.76	19.0
388.04	19.0
735.56	19.0
850.12	19.0
888.96	19.0
1038.8	19.0
1133.2	19.0
213.28	20.0
232.92	20.0
241.44	20.0
246.76	20.0
256.04	20.0
260.08	20.0
265.04	20.0
270.88	20.0
278.0	20.0
281.16	20.0
290.48	20.0
294.48	20.0
297.8	20.0
302.44	20.0
309.8	20.0
314.44	20.0
320.76	20.0
327.16	20.0
332.08	20.0
345.16	20.0
353.64	20.0
360.8	20.0
365.44	20.0
369.76	20.0
374.88	20.0
378.72	20.0
382.36	20.0
385.08	20.0
387.64	20.0
400.28	20.0
410.24	20.0
414.92	20.0
422.96	20.0
429.44	20.0
432.04	20.0
483.2	20.0
491.8	20.0
501.48	20.0
507.2	20.0
518.32	20.0
535.92	20.0
556.32	20.0
563.24	20.0
599.72	20.0
614.32	20.0
626.72	20.0
637.88	20.0
649.2	20.0
653.52	20.0
670.96	20.0
690.96	20.0
700.44	20.0
735.56	20.0
762.2	20.0
769.16	20.0
775.56	20.0
788.0	20.0
791.84	20.0
813.08	20.0
823.2	20.0
834.92	20.0
861.64	20.0
885.4	20.0
889.04	20.0
913.6	20.0
916.2	20.0
922.04	20.0
950.28	20.0
958.68	20.0
971.08	20.0
983.88	20.0
1008.72	20.0
1017.44	20.0
1022.2	20.0
1038.84	20.0
1059.84	20.0
1069.8	20.0
1097.24	20.0
1104.48	20.0
1125.72	20.0
1133.0	20.0
1152.8	20.0
1201.0	20.0
1222.8	20.0
1258.32	20.0
1311.4	20.0
299.08	22.0
388.6	22.0
316.44	23.0
332.72	23.0
343.48	23.0
367.32	23.0
391.44	23.0
510.96	23.0
771.24	23.0
388.56	23.0
416.68	23.0
468.12	23.0
298.44	24.0
316.88	24.0
411.12	24.0
