893.16	1.0
937.96	1.0
954.8	1.0
975.24	1.0
994.84	1.0
998.56	1.0
1032.48	1.0
1120.04	1.0
903.96	1.0
961.68	1.0
1159.44	1.0
840.8	2.0
886.92	2.0
919.96	2.0
961.12	2.0
998.44	2.0
1080.44	2.0
923.92	3.0
948.52	3.0
964.16	3.0
975.88	3.0
988.12	3.0
997.68	3.0
1007.96	3.0
1018.6	3.0
1029.32	3.0
1040.4	3.0
1043.8	3.0
1048.24	3.0
1053.72	3.0
1062.76	3.0
1076.36	3.0
1094.08	3.0
1108.08	3.0
1124.68	3.0
1136.16	3.0
1146.32	3.0
1161.68	3.0
1205.56	3.0
1232.2	3.0
1238.36	3.0
1246.96	3.0
1262.6	3.0
1277.28	3.0
1280.16	3.0
1363.4	3.0
1397.92	3.0
1420.48	3.0
1423.16	3.0
1456.24	3.0
998.12	5.0
1080.2	5.0
1134.04	5.0
1160.92	5.0
986.72	5.0
1010.2	5.0
1014.28	5.0
1041.24	5.0
1046.32	5.0
1074.44	5.0
1097.16	5.0
1121.32	5.0
1181.56	5.0
1209.12	5.0
1232.0	5.0
1276.96	5.0
1447.44	5.0
871.28	6.0
898.6	6.0
912.36	6.0
923.92	6.0
930.52	6.0
939.48	6.0
951.48	6.0
963.64	6.0
980.2	6.0
989.76	6.0
999.32	6.0
1010.56	6.0
1021.0	6.0
1027.48	6.0
1036.92	6.0
1047.04	6.0
1055.12	6.0
1073.32	6.0
1088.96	6.0
1100.0	6.0
1114.2	6.0
1135.24	6.0
1164.12	6.0
1177.32	6.0
1186.48	6.0
1219.2	6.0
1242.52	6.0
1295.16	6.0
1350.88	6.0
1400.72	6.0
1418.8	6.0
926.6	7.0
930.84	7.0
966.4	7.0
990.12	7.0
1033.28	7.0
1113.44	7.0
1242.88	7.0
1286.84	7.0
832.64	8.0
931.88	8.0
953.68	8.0
986.04	8.0
1161.2	8.0
1240.8	8.0
894.8	8.0
898.4	8.0
919.32	8.0
965.56	8.0
970.24	8.0
982.24	8.0
1047.0	8.0
955.36	9.0
889.32	9.0
945.0	9.0
988.84	9.0
1012.96	9.0
920.28	10.0
969.08	11.0
986.84	11.0
990.52	11.0
1016.24	11.0
1104.92	11.0
1109.84	11.0
1139.32	12.0
877.2	12.0
913.88	12.0
924.88	12.0
936.6	12.0
949.28	12.0
956.4	12.0
963.8	12.0
987.32	12.0
1009.96	12.0
1038.36	12.0
1046.2	12.0
1064.24	12.0
1068.8	12.0
1091.84	12.0
1242.4	12.0
1299.2	12.0
1311.96	12.0
1440.44	12.0
1456.32	12.0
943.88	13.0
948.2	13.0
951.04	13.0
959.08	13.0
968.36	13.0
971.8	13.0
982.36	13.0
986.0	13.0
1001.72	13.0
1014.2	13.0
1024.92	13.0
1037.6	13.0
1046.96	13.0
1065.6	13.0
1082.4	13.0
1097.32	13.0
1111.24	13.0
1124.28	13.0
1131.72	13.0
1139.6	13.0
1160.08	13.0
1180.48	13.0
1205.08	13.0
1231.12	13.0
1236.68	13.0
1264.44	13.0
1290.84	13.0
1335.48	13.0
1391.2	13.0
1425.8	13.0
1458.48	13.0
948.6	14.0
984.36	14.0
990.88	14.0
1021.52	14.0
1044.08	14.0
1172.0	14.0
1232.0	14.0
1447.44	14.0
926.68	15.0
966.52	15.0
1286.96	15.0
1004.56	15.0
1068.04	15.0
966.56	16.0
1016.16	16.0
1417.28	16.0
920.28	17.0
963.16	17.0
1007.88	17.0
949.52	17.0
967.28	17.0
970.24	17.0
978.04	17.0
984.56	17.0
987.4	17.0
1031.88	17.0
1043.12	17.0
1053.72	17.0
1094.56	17.0
1121.56	17.0
1157.8	17.0
1186.64	17.0
1309.44	17.0
1349.68	17.0
1416.12	17.0
1455.72	17.0
996.64	18.0
1022.6	18.0
1090.56	18.0
943.8	19.0
952.56	19.0
1035.44	20.0
737.8	20.0
828.76	20.0
843.4	20.0
860.2	20.0
865.6	20.0
871.32	20.0
874.88	20.0
877.68	20.0
889.04	20.0
894.36	20.0
897.84	20.0
905.12	20.0
910.32	20.0
912.84	20.0
919.96	20.0
924.64	20.0
929.32	20.0
936.04	20.0
940.68	20.0
947.44	20.0
952.64	20.0
956.92	20.0
963.48	20.0
967.72	20.0
972.56	20.0
981.36	20.0
987.36	20.0
991.68	20.0
995.4	20.0
1004.36	20.0
1009.36	20.0
1012.28	20.0
1019.24	20.0
1026.44	20.0
1056.6	20.0
1065.56	20.0
1071.88	20.0
1075.96	20.0
1090.08	20.0
1095.8	20.0
1105.68	20.0
1112.2	20.0
1134.96	20.0
1147.48	20.0
1155.44	20.0
1171.6	20.0
1192.96	20.0
1199.76	20.0
1230.32	20.0
1240.2	20.0
1280.24	20.0
1298.0	20.0
1310.68	20.0
1319.2	20.0
1332.84	20.0
1337.44	20.0
1353.56	20.0
1361.32	20.0
1394.72	20.0
1419.84	20.0
1448.76	20.0
1453.16	20.0
954.44	21.0
950.0	23.0
1006.72	23.0
1415.64	23.0
921.68	24.0
951.16	24.0
1164.0	24.0
