463.04	1.0
581.68	1.0
641.56	1.0
50.36	1.0
89.08	1.0
131.56	1.0
183.96	1.0
308.2	1.0
27.52	2.0
39.52	2.0
236.2	2.0
547.84	2.0
665.96	2.0
11.32	3.0
49.72	3.0
67.96	3.0
89.52	3.0
114.56	3.0
142.56	3.0
154.28	3.0
182.24	3.0
185.48	3.0
202.24	3.0
247.04	3.0
251.12	3.0
273.44	3.0
297.4	3.0
326.28	3.0
337.8	3.0
357.28	3.0
373.72	3.0
406.2	3.0
413.24	3.0
447.44	3.0
374.48	5.0
15.36	5.0
51.92	5.0
90.92	5.0
238.36	5.0
307.24	5.0
30.12	6.0
49.52	6.0
90.4	6.0
122.8	6.0
231.52	6.0
266.68	6.0
277.24	6.0
308.8	6.0
396.24	6.0
427.04	6.0
473.24	6.0
508.8	6.0
614.04	6.0
49.96	7.0
240.12	7.0
409.72	7.0
131.36	8.0
244.8	8.0
392.08	8.0
226.16	9.0
195.0	11.0
343.0	11.0
518.2	11.0
47.84	12.0
194.6	12.0
11.84	12.0
26.56	12.0
33.0	12.0
58.0	12.0
72.32	12.0
154.0	12.0
242.52	12.0
251.24	12.0
278.36	12.0
284.68	12.0
346.64	12.0
372.8	12.0
433.08	12.0
494.04	12.0
522.28	12.0
564.72	12.0
603.56	12.0
607.8	12.0
628.76	12.0
19.72	13.0
47.64	13.0
66.96	13.0
87.12	13.0
110.6	13.0
132.12	13.0
150.32	13.0
194.36	13.0
224.32	13.0
275.64	13.0
310.8	13.0
335.0	13.0
341.0	13.0
365.72	13.0
406.64	13.0
430.12	13.0
467.6	13.0
521.48	14.0
50.08	15.0
240.24	15.0
166.64	16.0
288.68	16.0
284.44	17.0
468.64	17.0
74.6	17.0
130.6	17.0
196.68	17.0
273.28	17.0
401.8	17.0
780.96	17.0
35.72	18.0
256.36	18.0
307.68	18.0
585.88	19.0
12.4	20.0
18.28	20.0
40.76	20.0
49.64	20.0
82.08	20.0
130.76	20.0
153.64	20.0
163.8	20.0
180.56	20.0
195.92	20.0
218.52	20.0
230.36	20.0
241.88	20.0
253.44	20.0
266.8	20.0
276.24	20.0
282.88	20.0
306.2	20.0
308.96	20.0
323.6	20.0
352.76	20.0
370.4	20.0
372.92	20.0
388.76	20.0
402.16	20.0
413.48	20.0
430.72	20.0
435.68	20.0
457.36	20.0
468.8	20.0
490.6	20.0
501.32	20.0
504.56	20.0
528.2	20.0
548.24	20.0
560.6	20.0
576.8	20.0
611.0	20.0
649.68	20.0
668.76	20.0
691.32	20.0
778.2	20.0
790.84	20.0
187.56	23.0
262.0	23.0
