750.08	1.0
768.64	1.0
794.0	1.0
863.0	1.0
881.92	1.0
909.56	1.0
936.64	1.0
1180.88	1.0
1239.12	1.0
1303.52	1.0
1433.52	1.0
853.12	1.0
871.64	1.0
894.36	1.0
923.88	1.0
949.0	1.0
1124.64	1.0
1319.8	1.0
1341.2	1.0
733.08	2.0
767.48	2.0
840.08	2.0
861.6	2.0
883.8	2.0
903.24	2.0
948.48	2.0
979.04	2.0
1140.64	2.0
1207.44	2.0
1387.48	2.0
914.76	3.0
849.12	3.0
852.08	3.0
865.12	3.0
869.96	3.0
878.96	3.0
882.6	3.0
888.8	3.0
897.92	3.0
902.04	3.0
908.64	3.0
927.6	3.0
937.92	3.0
967.48	3.0
978.84	3.0
994.4	3.0
1006.12	3.0
1011.2	3.0
1022.52	3.0
1043.08	3.0
1054.72	3.0
1062.32	3.0
1069.48	3.0
1114.92	3.0
1145.92	3.0
1150.64	3.0
1162.96	3.0
1192.52	3.0
1237.4	3.0
1271.08	3.0
1284.0	3.0
1286.84	3.0
1302.92	3.0
1332.96	3.0
1364.56	3.0
1370.0	3.0
1386.44	3.0
1389.56	3.0
1413.84	3.0
1440.92	3.0
1444.28	3.0
872.92	5.0
1116.76	5.0
869.24	5.0
891.92	5.0
896.4	5.0
947.32	5.0
950.56	5.0
980.84	5.0
989.08	5.0
1019.92	5.0
1064.84	5.0
1182.6	5.0
1207.68	5.0
1389.16	5.0
1397.12	5.0
814.64	6.0
831.04	6.0
841.68	6.0
850.96	6.0
860.76	6.0
871.2	6.0
886.6	6.0
890.56	6.0
896.6	6.0
907.8	6.0
918.0	6.0
932.24	6.0
934.84	6.0
945.64	6.0
957.64	6.0
962.44	6.0
973.0	6.0
983.8	6.0
994.28	6.0
1001.6	6.0
1011.44	6.0
1028.56	6.0
1041.64	6.0
1067.48	6.0
1081.68	6.0
1102.96	6.0
1126.32	6.0
1153.92	6.0
1188.08	6.0
1207.44	6.0
1222.24	6.0
1301.32	6.0
1315.92	6.0
1355.0	6.0
1372.68	6.0
1387.48	6.0
1400.6	6.0
1261.72	7.0
861.08	7.0
873.56	7.0
926.72	7.0
831.0	8.0
959.28	8.0
1389.4	8.0
855.84	8.0
869.84	8.0
888.64	8.0
928.8	8.0
864.68	9.0
881.32	9.0
960.96	9.0
1267.16	9.0
850.92	11.0
879.52	11.0
933.8	11.0
865.84	11.0
926.96	11.0
988.4	11.0
1018.96	11.0
1238.16	11.0
1389.04	11.0
862.0	12.0
1067.68	12.0
839.56	12.0
850.76	12.0
854.16	12.0
856.8	12.0
873.0	12.0
883.36	12.0
897.8	12.0
909.08	12.0
915.56	12.0
924.92	12.0
934.0	12.0
946.96	12.0
962.52	12.0
980.72	12.0
985.28	12.0
1013.76	12.0
1017.12	12.0
1025.48	12.0
1083.32	12.0
1131.4	12.0
1152.04	12.0
1171.32	12.0
1237.68	12.0
1272.4	12.0
1331.12	12.0
1428.52	12.0
1431.48	12.0
897.64	13.0
959.0	13.0
961.56	13.0
852.88	13.0
868.92	13.0
883.28	13.0
895.0	13.0
906.04	13.0
919.08	13.0
930.76	13.0
945.68	13.0
971.72	13.0
984.56	13.0
995.88	13.0
1010.8	13.0
1029.96	13.0
1042.68	13.0
1057.88	13.0
1068.48	13.0
1073.0	13.0
1106.04	13.0
1132.28	13.0
1147.88	13.0
1172.76	13.0
1208.32	13.0
1236.68	13.0
1265.76	13.0
1281.24	13.0
1307.44	13.0
1353.64	13.0
1395.08	13.0
1430.04	13.0
859.0	14.0
885.44	14.0
928.8	14.0
959.76	14.0
1008.36	14.0
1068.16	14.0
1113.96	14.0
1128.8	14.0
1182.68	14.0
1389.16	14.0
926.76	15.0
851.68	15.0
946.56	15.0
1306.6	15.0
854.6	16.0
903.36	16.0
956.08	16.0
1198.32	16.0
1297.12	16.0
898.28	17.0
995.0	17.0
1079.32	17.0
1130.28	17.0
793.52	17.0
833.08	17.0
877.36	17.0
930.08	17.0
963.0	17.0
1008.16	17.0
1070.36	17.0
1082.36	17.0
1208.76	17.0
1239.28	17.0
1257.48	17.0
1291.72	17.0
900.96	18.0
1020.88	18.0
1079.28	18.0
1191.6	18.0
1255.8	18.0
1309.44	18.0
1441.28	18.0
881.6	19.0
888.84	19.0
947.32	19.0
1184.6	19.0
1266.16	19.0
909.12	20.0
655.52	20.0
684.76	20.0
723.0	20.0
728.52	20.0
735.56	20.0
747.48	20.0
753.56	20.0
758.52	20.0
770.24	20.0
780.44	20.0
787.6	20.0
795.72	20.0
802.96	20.0
811.44	20.0
816.6	20.0
822.64	20.0
827.2	20.0
834.4	20.0
842.16	20.0
848.08	20.0
852.56	20.0
861.56	20.0
870.88	20.0
873.52	20.0
878.44	20.0
883.0	20.0
898.48	20.0
902.24	20.0
914.32	20.0
923.96	20.0
929.04	20.0
934.6	20.0
941.88	20.0
946.76	20.0
954.24	20.0
959.24	20.0
978.52	20.0
983.08	20.0
989.08	20.0
995.52	20.0
1001.04	20.0
1008.76	20.0
1018.4	20.0
1027.36	20.0
1040.24	20.0
1049.6	20.0
1061.56	20.0
1071.88	20.0
1078.84	20.0
1092.2	20.0
1104.68	20.0
1125.48	20.0
1142.04	20.0
1156.0	20.0
1169.28	20.0
1184.68	20.0
1205.36	20.0
1208.44	20.0
1220.2	20.0
1237.56	20.0
1250.36	20.0
1266.2	20.0
1276.8	20.0
1281.92	20.0
1290.88	20.0
1303.16	20.0
1327.44	20.0
1335.52	20.0
1349.48	20.0
1363.36	20.0
1386.72	20.0
1397.16	20.0
1408.88	20.0
1420.4	20.0
1439.84	20.0
896.32	21.0
960.8	22.0
1008.48	22.0
990.24	22.0
851.56	23.0
991.2	23.0
909.8	23.0
836.8	24.0
852.72	24.0
909.8	24.0
