640.76	1.0
701.36	1.0
714.36	1.0
718.68	1.0
761.12	1.0
950.52	1.0
1237.32	1.0
674.92	1.0
680.68	1.0
698.72	1.0
721.8	1.0
748.92	1.0
751.76	1.0
773.44	1.0
807.16	2.0
624.92	2.0
656.8	2.0
711.88	2.0
743.0	2.0
763.76	2.0
773.2	2.0
790.04	2.0
815.76	2.0
860.6	2.0
1228.48	2.0
1311.28	2.0
1415.0	2.0
772.36	3.0
698.04	3.0
710.44	3.0
721.44	3.0
729.32	3.0
741.44	3.0
744.72	3.0
749.52	3.0
755.08	3.0
764.24	3.0
777.68	3.0
783.16	3.0
794.6	3.0
834.76	3.0
843.84	3.0
874.64	3.0
877.2	3.0
885.08	3.0
891.96	3.0
899.92	3.0
904.4	3.0
908.52	3.0
915.04	3.0
940.28	3.0
972.8	3.0
1034.88	3.0
1051.4	3.0
1064.12	3.0
1091.52	3.0
1117.4	3.0
1158.0	3.0
1172.12	3.0
1182.24	3.0
1347.44	3.0
1370.6	3.0
1401.12	3.0
744.52	5.0
752.8	5.0
760.48	5.0
774.4	5.0
786.4	5.0
810.04	5.0
842.36	5.0
882.8	5.0
888.6	5.0
898.0	5.0
1057.44	5.0
1152.92	5.0
658.68	6.0
668.6	6.0
681.0	6.0
686.2	6.0
698.56	6.0
704.2	6.0
718.96	6.0
727.72	6.0
742.88	6.0
748.96	6.0
756.12	6.0
768.8	6.0
774.28	6.0
782.6	6.0
793.64	6.0
800.44	6.0
814.16	6.0
825.92	6.0
838.76	6.0
854.8	6.0
866.24	6.0
880.36	6.0
893.64	6.0
909.96	6.0
922.96	6.0
955.72	6.0
967.0	6.0
1004.96	6.0
1030.64	6.0
1060.0	6.0
1078.4	6.0
1142.32	6.0
1169.68	6.0
1225.56	6.0
1251.08	6.0
1299.08	6.0
1371.44	6.0
681.32	7.0
724.52	7.0
752.64	7.0
774.64	7.0
792.84	7.0
908.88	7.0
967.32	7.0
1031.0	7.0
658.32	8.0
692.44	8.0
732.32	8.0
1093.48	8.0
683.28	8.0
697.56	8.0
716.64	8.0
741.28	8.0
764.72	9.0
1085.36	10.0
709.84	11.0
722.52	11.0
738.28	11.0
749.28	11.0
1044.56	11.0
706.32	11.0
714.36	11.0
767.04	11.0
823.4	11.0
1067.0	11.0
786.04	12.0
915.32	12.0
1155.24	12.0
611.28	12.0
683.08	12.0
704.4	12.0
708.56	12.0
716.44	12.0
719.08	12.0
722.72	12.0
735.68	12.0
742.28	12.0
751.32	12.0
763.12	12.0
770.56	12.0
780.44	12.0
801.52	12.0
822.68	12.0
825.56	12.0
842.24	12.0
849.48	12.0
862.8	12.0
866.16	12.0
894.04	12.0
911.72	12.0
933.4	12.0
962.08	12.0
1000.8	12.0
1003.4	12.0
1026.2	12.0
1044.32	12.0
1056.44	12.0
1098.04	12.0
1130.44	12.0
1147.32	12.0
1227.6	12.0
1293.16	12.0
1326.44	12.0
1438.72	12.0
695.32	13.0
706.88	13.0
720.76	13.0
737.6	13.0
751.96	13.0
761.2	13.0
772.12	13.0
790.08	13.0
803.16	13.0
816.16	13.0
832.72	13.0
844.0	13.0
860.08	13.0
873.96	13.0
888.96	13.0
900.84	13.0
915.2	13.0
937.84	13.0
956.68	13.0
979.44	13.0
1005.76	13.0
1027.56	13.0
1052.88	13.0
1058.96	13.0
1068.2	13.0
1093.12	13.0
1130.2	13.0
1159.0	13.0
1187.28	13.0
1228.52	13.0
1299.0	13.0
702.24	14.0
738.96	14.0
754.72	14.0
785.0	14.0
819.04	14.0
855.68	14.0
752.72	15.0
792.96	15.0
908.96	15.0
720.28	15.0
1138.84	15.0
734.6	16.0
797.32	16.0
838.6	16.0
891.56	16.0
940.2	16.0
1058.84	16.0
1240.6	16.0
702.88	17.0
745.92	17.0
1284.32	17.0
671.0	17.0
700.2	17.0
716.88	17.0
723.32	17.0
734.92	17.0
764.92	17.0
799.32	17.0
833.0	17.0
860.56	17.0
894.6	17.0
1023.16	17.0
1092.32	17.0
1238.04	17.0
1434.76	17.0
703.68	18.0
726.28	18.0
749.72	18.0
785.0	18.0
1029.72	18.0
1065.8	18.0
1130.04	19.0
658.24	19.0
714.64	19.0
776.12	19.0
787.0	19.0
323.68	20.0
345.04	20.0
586.76	20.0
606.16	20.0
610.36	20.0
619.96	20.0
627.04	20.0
631.24	20.0
645.64	20.0
651.6	20.0
656.16	20.0
667.4	20.0
674.12	20.0
681.12	20.0
686.12	20.0
692.4	20.0
697.48	20.0
702.16	20.0
709.24	20.0
714.64	20.0
722.36	20.0
726.92	20.0
733.6	20.0
742.16	20.0
750.48	20.0
756.48	20.0
762.24	20.0
768.56	20.0
776.12	20.0
783.2	20.0
801.16	20.0
816.88	20.0
825.12	20.0
835.04	20.0
842.76	20.0
850.32	20.0
858.48	20.0
865.16	20.0
875.0	20.0
884.24	20.0
888.52	20.0
893.88	20.0
908.8	20.0
943.76	20.0
954.36	20.0
968.52	20.0
983.92	20.0
991.36	20.0
1003.12	20.0
1012.28	20.0
1039.72	20.0
1059.08	20.0
1064.24	20.0
1078.32	20.0
1099.08	20.0
1124.72	20.0
1155.8	20.0
1172.6	20.0
1185.64	20.0
1212.56	20.0
1218.36	20.0
1225.96	20.0
1232.72	20.0
1283.36	20.0
1289.12	20.0
1311.68	20.0
1325.24	20.0
1334.36	20.0
1345.92	20.0
1387.0	20.0
1408.68	20.0
1418.48	20.0
1432.52	20.0
875.48	21.0
826.16	22.0
881.44	22.0
896.76	22.0
773.32	22.0
668.12	23.0
703.04	23.0
737.64	23.0
842.16	23.0
923.32	23.0
1130.6	23.0
671.72	24.0
