10.04	1.0
26.52	1.0
74.4	1.0
604.0	1.0
803.24	1.0
941.08	1.0
21.6	1.0
44.88	1.0
49.52	1.0
62.12	1.0
77.0	1.0
88.16	1.0
118.96	1.0
159.76	1.0
202.52	1.0
790.04	1.0
952.24	1.0
18.44	2.0
25.92	2.0
36.64	2.0
56.48	2.0
68.48	2.0
153.08	2.0
200.24	2.0
585.84	2.0
778.28	2.0
861.48	2.0
980.8	2.0
682.4	3.0
3.12	3.0
5.64	3.0
9.12	3.0
14.76	3.0
21.48	3.0
26.0	3.0
32.32	3.0
43.88	3.0
53.2	3.0
60.84	3.0
67.64	3.0
76.08	3.0
82.16	3.0
86.84	3.0
93.6	3.0
106.08	3.0
135.64	3.0
152.0	3.0
167.36	3.0
171.24	3.0
196.36	3.0
210.08	3.0
218.24	3.0
224.2	3.0
253.52	3.0
276.72	3.0
295.16	3.0
346.0	3.0
358.12	3.0
367.52	3.0
408.24	3.0
425.6	3.0
453.36	3.0
473.52	3.0
477.72	3.0
504.16	3.0
540.32	3.0
544.12	3.0
564.52	3.0
643.44	3.0
732.28	3.0
796.4	3.0
856.64	3.0
918.2	3.0
1046.76	3.0
44.12	4.0
16.92	5.0
37.16	5.0
324.64	5.0
501.6	5.0
516.92	5.0
45.44	5.0
81.6	5.0
101.32	5.0
132.6	5.0
178.56	5.0
244.68	5.0
371.36	5.0
17.48	6.0
25.68	6.0
30.16	6.0
38.8	6.0
43.12	6.0
51.96	6.0
58.44	6.0
63.92	6.0
72.28	6.0
82.96	6.0
90.68	6.0
100.16	6.0
107.92	6.0
121.16	6.0
146.32	6.0
160.92	6.0
184.04	6.0
209.84	6.0
247.88	6.0
260.88	6.0
308.2	6.0
356.48	6.0
457.12	6.0
463.48	6.0
482.76	6.0
568.16	6.0
587.12	6.0
606.64	6.0
671.88	6.0
705.72	6.0
719.28	6.0
748.88	6.0
763.2	6.0
819.0	6.0
860.8	6.0
891.68	6.0
953.68	6.0
1016.48	6.0
15.28	7.0
30.76	7.0
43.64	7.0
52.4	7.0
63.56	7.0
78.16	7.0
100.56	7.0
108.52	7.0
182.44	7.0
587.44	7.0
83.04	8.0
324.84	8.0
960.88	8.0
8.92	8.0
20.04	8.0
24.68	8.0
50.2	8.0
63.48	8.0
73.56	8.0
98.68	8.0
109.2	8.0
507.76	8.0
910.68	8.0
40.44	9.0
80.04	9.0
106.88	9.0
130.24	9.0
133.44	9.0
750.16	9.0
31.16	11.0
54.72	11.0
128.72	11.0
7.24	11.0
18.24	11.0
20.92	11.0
82.48	11.0
108.28	11.0
131.44	11.0
589.28	11.0
781.4	11.0
43.6	12.0
64.28	12.0
89.64	12.0
344.44	12.0
5.56	12.0
18.96	12.0
26.16	12.0
29.68	12.0
41.0	12.0
78.64	12.0
84.44	12.0
111.96	12.0
128.64	12.0
141.24	12.0
152.8	12.0
163.04	12.0
171.4	12.0
218.72	12.0
264.64	12.0
334.88	12.0
415.24	12.0
480.72	12.0
514.36	12.0
588.56	12.0
679.68	12.0
708.08	12.0
735.24	12.0
860.28	12.0
903.72	12.0
1013.92	12.0
30.88	13.0
6.2	13.0
28.08	13.0
36.32	13.0
42.84	13.0
53.28	13.0
61.6	13.0
72.12	13.0
81.96	13.0
94.8	13.0
103.28	13.0
124.88	13.0
136.16	13.0
146.64	13.0
166.4	13.0
177.32	13.0
189.4	13.0
204.56	13.0
220.0	13.0
249.04	13.0
263.76	13.0
280.96	13.0
303.84	13.0
326.12	13.0
347.96	13.0
367.6	13.0
389.88	13.0
411.8	13.0
440.96	13.0
465.6	13.0
482.48	13.0
511.6	13.0
540.4	13.0
579.56	13.0
616.76	13.0
671.4	13.0
717.68	13.0
783.28	13.0
829.08	13.0
285.0	14.0
107.88	14.0
134.96	14.0
15.4	15.0
30.8	15.0
52.52	15.0
78.32	15.0
182.56	15.0
25.16	16.0
56.92	16.0
478.4	16.0
898.8	16.0
47.96	17.0
62.88	17.0
116.48	17.0
158.16	17.0
163.72	17.0
325.68	17.0
603.52	17.0
733.24	17.0
1095.24	17.0
58.44	18.0
197.2	18.0
20.52	19.0
44.88	19.0
142.84	19.0
168.36	19.0
458.52	19.0
946.12	19.0
961.64	19.0
2.52	20.0
7.52	20.0
20.44	20.0
24.72	20.0
30.12	20.0
35.44	20.0
39.4	20.0
44.96	20.0
49.32	20.0
56.04	20.0
61.0	20.0
63.52	20.0
70.36	20.0
77.08	20.0
83.6	20.0
90.88	20.0
101.0	20.0
109.28	20.0
117.88	20.0
131.0	20.0
136.68	20.0
142.92	20.0
147.2	20.0
154.28	20.0
159.44	20.0
168.44	20.0
189.24	20.0
203.24	20.0
212.44	20.0
219.72	20.0
227.28	20.0
236.56	20.0
251.96	20.0
264.32	20.0
276.44	20.0
294.2	20.0
303.56	20.0
320.32	20.0
325.04	20.0
357.16	20.0
369.76	20.0
377.76	20.0
388.08	20.0
406.4	20.0
438.08	20.0
450.36	20.0
458.56	20.0
468.68	20.0
487.56	20.0
507.4	20.0
512.92	20.0
525.12	20.0
564.92	20.0
588.92	20.0
604.16	20.0
617.32	20.0
630.96	20.0
640.92	20.0
654.24	20.0
670.4	20.0
677.28	20.0
694.28	20.0
711.12	20.0
725.36	20.0
736.28	20.0
743.84	20.0
757.52	20.0
766.8	20.0
780.84	20.0
810.24	20.0
820.96	20.0
834.44	20.0
853.68	20.0
859.8	20.0
870.44	20.0
883.16	20.0
911.52	20.0
915.76	20.0
939.68	20.0
954.68	20.0
970.04	20.0
985.2	20.0
1028.64	20.0
1050.36	20.0
1067.6	20.0
1094.0	20.0
76.96	21.0
144.08	21.0
35.4	21.0
51.8	21.0
83.32	22.0
130.16	22.0
40.96	22.0
31.16	23.0
57.84	23.0
144.12	23.0
207.32	23.0
326.24	23.0
539.76	23.0
730.28	23.0
28.64	23.0
