676.48	1.0
698.84	1.0
716.72	1.0
734.84	1.0
788.48	1.0
1149.36	1.0
720.28	1.0
748.04	1.0
753.0	1.0
768.92	1.0
793.32	1.0
816.6	1.0
872.28	1.0
1037.04	1.0
1215.88	1.0
667.6	2.0
689.08	2.0
737.48	2.0
747.56	2.0
786.64	2.0
708.12	3.0
710.76	3.0
725.24	3.0
733.84	3.0
736.76	3.0
745.68	3.0
754.88	3.0
763.92	3.0
768.84	3.0
778.08	3.0
789.36	3.0
793.36	3.0
801.84	3.0
811.56	3.0
820.08	3.0
831.92	3.0
841.12	3.0
851.84	3.0
854.36	3.0
858.68	3.0
869.24	3.0
884.4	3.0
896.28	3.0
903.72	3.0
910.96	3.0
922.92	3.0
929.68	3.0
942.28	3.0
954.92	3.0
978.0	3.0
1000.32	3.0
1021.92	3.0
1041.36	3.0
1073.12	3.0
1102.8	3.0
1115.28	3.0
1122.64	3.0
1137.76	3.0
1145.76	3.0
1159.2	3.0
1188.24	3.0
1221.96	3.0
1240.8	3.0
1262.52	3.0
1270.24	3.0
1337.28	3.0
1354.24	3.0
1373.28	3.0
1390.68	3.0
725.0	5.0
737.12	5.0
918.16	5.0
927.96	5.0
964.08	5.0
1134.44	5.0
1291.4	5.0
756.04	5.0
781.2	5.0
800.92	5.0
819.44	5.0
826.6	5.0
839.4	5.0
880.52	5.0
885.08	5.0
893.52	5.0
1070.52	5.0
1098.28	5.0
1148.92	5.0
1215.4	5.0
1266.0	5.0
670.72	6.0
699.32	6.0
704.36	6.0
710.6	6.0
723.24	6.0
733.6	6.0
738.8	6.0
748.68	6.0
753.0	6.0
761.2	6.0
768.32	6.0
775.28	6.0
779.48	6.0
787.28	6.0
794.72	6.0
801.96	6.0
813.36	6.0
817.2	6.0
831.76	6.0
837.36	6.0
843.56	6.0
870.0	6.0
883.12	6.0
898.52	6.0
919.68	6.0
928.2	6.0
952.44	6.0
992.32	6.0
1027.72	6.0
1048.36	6.0
1122.12	6.0
1142.56	6.0
1177.2	6.0
1204.68	6.0
1239.4	6.0
1247.56	6.0
1319.32	6.0
1383.12	6.0
714.56	7.0
723.2	7.0
739.16	7.0
742.04	7.0
757.0	7.0
763.8	7.0
773.48	7.0
787.96	7.0
803.24	7.0
826.84	7.0
837.72	7.0
916.52	7.0
1147.6	7.0
1251.48	7.0
1360.88	7.0
791.6	8.0
878.76	8.0
918.52	8.0
1040.48	8.0
1157.48	8.0
1173.12	8.0
720.04	8.0
733.4	8.0
756.6	8.0
779.04	8.0
1324.12	8.0
787.32	9.0
837.96	9.0
751.92	11.0
766.28	11.0
930.68	11.0
678.56	11.0
710.44	11.0
734.12	11.0
737.64	11.0
678.0	12.0
712.64	12.0
789.72	12.0
919.04	12.0
699.68	12.0
707.04	12.0
740.32	12.0
742.96	12.0
749.56	12.0
756.48	12.0
763.0	12.0
785.48	12.0
803.28	12.0
810.76	12.0
818.92	12.0
828.44	12.0
843.2	12.0
878.52	12.0
895.36	12.0
906.72	12.0
960.0	12.0
968.28	12.0
1012.52	12.0
1070.52	12.0
1081.04	12.0
1114.12	12.0
1157.16	12.0
1195.04	12.0
1259.92	12.0
1311.44	12.0
1337.2	12.0
1184.0	13.0
721.68	13.0
736.2	13.0
747.56	13.0
762.36	13.0
776.48	13.0
785.44	13.0
798.32	13.0
806.36	13.0
816.52	13.0
827.4	13.0
829.92	13.0
839.36	13.0
855.8	13.0
870.04	13.0
883.72	13.0
897.96	13.0
919.04	13.0
931.32	13.0
934.72	13.0
952.28	13.0
971.72	13.0
1013.0	13.0
1041.12	13.0
1063.0	13.0
1093.56	13.0
1124.96	13.0
1150.08	13.0
1180.92	13.0
1263.2	13.0
1373.0	13.0
714.36	14.0
763.44	14.0
784.72	14.0
899.64	14.0
918.4	14.0
742.12	15.0
916.6	15.0
1147.68	15.0
1251.64	15.0
745.76	16.0
788.12	16.0
993.48	17.0
680.4	17.0
699.28	17.0
705.72	17.0
714.6	17.0
721.72	17.0
736.48	17.0
755.4	17.0
773.0	17.0
786.08	17.0
791.84	17.0
824.88	17.0
848.92	17.0
914.92	17.0
934.04	17.0
1023.64	17.0
1052.92	17.0
1256.0	17.0
1164.6	18.0
1312.4	18.0
711.04	19.0
744.6	19.0
802.16	19.0
830.48	19.0
633.28	20.0
653.0	20.0
660.68	20.0
665.88	20.0
668.84	20.0
675.28	20.0
678.0	20.0
681.96	20.0
689.72	20.0
693.92	20.0
698.84	20.0
705.0	20.0
709.88	20.0
714.48	20.0
720.68	20.0
723.72	20.0
733.4	20.0
737.44	20.0
741.36	20.0
744.4	20.0
752.84	20.0
758.64	20.0
766.44	20.0
771.64	20.0
776.44	20.0
780.56	20.0
785.76	20.0
789.52	20.0
796.8	20.0
802.24	20.0
808.84	20.0
817.56	20.0
821.72	20.0
830.6	20.0
837.48	20.0
842.84	20.0
858.76	20.0
869.84	20.0
877.76	20.0
889.24	20.0
899.28	20.0
907.44	20.0
914.44	20.0
920.24	20.0
929.92	20.0
950.68	20.0
960.64	20.0
975.48	20.0
999.4	20.0
1010.2	20.0
1013.28	20.0
1020.8	20.0
1029.68	20.0
1041.68	20.0
1053.8	20.0
1088.48	20.0
1103.56	20.0
1121.8	20.0
1139.08	20.0
1153.92	20.0
1161.12	20.0
1183.56	20.0
1201.16	20.0
1234.96	20.0
1246.92	20.0
1256.64	20.0
1262.96	20.0
1271.64	20.0
1304.44	20.0
1316.24	20.0
1334.28	20.0
1343.76	20.0
1391.72	20.0
760.68	22.0
790.12	22.0
816.96	22.0
749.04	23.0
901.44	23.0
763.56	23.0
786.16	23.0
705.36	24.0
763.76	24.0
786.92	24.0
678.24	24.0
723.76	24.0
757.36	24.0
844.12	24.0
