772.6	1.0
814.0	1.0
821.4	1.0
839.72	1.0
1025.16	1.0
1283.12	1.0
800.32	1.0
803.92	1.0
834.12	1.0
844.68	1.0
848.6	1.0
857.08	1.0
870.96	1.0
900.2	1.0
975.56	1.0
1003.24	1.0
1056.44	1.0
1246.76	1.0
1408.96	1.0
1421.88	1.0
724.88	2.0
764.24	2.0
795.76	2.0
825.0	2.0
844.84	2.0
864.4	2.0
876.12	2.0
911.04	2.0
1005.68	2.0
1024.6	2.0
1340.56	2.0
1405.04	2.0
766.88	3.0
799.56	3.0
807.84	3.0
813.28	3.0
825.24	3.0
828.8	3.0
833.36	3.0
842.16	3.0
849.96	3.0
854.08	3.0
865.52	3.0
890.84	3.0
900.68	3.0
909.6	3.0
919.8	3.0
926.0	3.0
928.8	3.0
931.72	3.0
948.32	3.0
953.32	3.0
963.16	3.0
973.88	3.0
1004.4	3.0
1006.92	3.0
1032.52	3.0
1068.44	3.0
1073.08	3.0
1083.32	3.0
1104.16	3.0
1130.32	3.0
1165.44	3.0
1196.44	3.0
1205.92	3.0
1214.48	3.0
1223.2	3.0
1239.04	3.0
1265.44	3.0
1289.6	3.0
1309.6	3.0
1389.88	3.0
815.6	5.0
856.04	5.0
877.28	5.0
807.52	5.0
832.96	5.0
846.44	5.0
869.4	5.0
895.44	5.0
928.4	5.0
963.32	5.0
993.52	5.0
1002.16	5.0
1007.68	5.0
1024.64	5.0
1034.2	5.0
1074.48	5.0
1118.44	5.0
1234.24	5.0
769.68	6.0
781.88	6.0
799.8	6.0
806.08	6.0
814.52	6.0
823.6	6.0
831.88	6.0
844.08	6.0
850.56	6.0
857.88	6.0
863.64	6.0
878.32	6.0
882.08	6.0
889.56	6.0
897.16	6.0
902.6	6.0
911.92	6.0
920.4	6.0
927.8	6.0
946.36	6.0
967.72	6.0
983.72	6.0
1006.0	6.0
1028.24	6.0
1034.96	6.0
1055.0	6.0
1072.72	6.0
1079.8	6.0
1104.32	6.0
1122.44	6.0
1149.36	6.0
1169.92	6.0
1192.08	6.0
1209.44	6.0
1234.32	6.0
1250.36	6.0
1278.52	6.0
1296.48	6.0
1421.88	6.0
898.68	7.0
844.76	7.0
866.16	7.0
882.44	7.0
888.72	7.0
928.12	7.0
997.68	7.0
1055.32	7.0
1234.72	7.0
1422.2	7.0
726.6	8.0
782.88	8.0
944.4	8.0
1056.28	8.0
1407.24	8.0
833.48	8.0
840.56	8.0
851.96	8.0
874.84	8.0
887.24	8.0
888.72	9.0
1007.44	9.0
916.12	10.0
845.44	11.0
900.56	11.0
990.2	11.0
836.0	11.0
865.44	11.0
876.92	11.0
1006.64	11.0
1056.48	11.0
1206.2	11.0
766.6	12.0
832.56	12.0
879.8	12.0
882.96	12.0
898.28	12.0
901.04	12.0
922.48	12.0
1075.32	12.0
808.04	12.0
814.88	12.0
823.04	12.0
844.76	12.0
857.12	12.0
868.8	12.0
895.16	12.0
916.52	12.0
925.4	12.0
944.16	12.0
962.6	12.0
990.24	12.0
1003.24	12.0
1014.4	12.0
1050.48	12.0
1063.64	12.0
1080.6	12.0
1108.24	12.0
1152.96	12.0
1168.56	12.0
1237.48	12.0
1362.96	12.0
1389.8	12.0
1392.56	12.0
816.2	13.0
832.4	13.0
846.52	13.0
858.32	13.0
872.52	13.0
884.2	13.0
893.2	13.0
896.04	13.0
902.88	13.0
914.0	13.0
917.44	13.0
925.44	13.0
942.76	13.0
956.64	13.0
970.64	13.0
995.28	13.0
1023.92	13.0
1028.08	13.0
1049.16	13.0
1062.72	13.0
1082.4	13.0
1099.76	13.0
1121.28	13.0
1150.36	13.0
1174.0	13.0
1201.36	13.0
1231.72	13.0
1295.56	13.0
1326.16	13.0
1388.28	13.0
887.84	14.0
895.76	14.0
888.8	15.0
833.36	16.0
884.88	16.0
907.88	16.0
981.76	16.0
899.72	16.0
1085.28	16.0
895.28	17.0
926.08	17.0
989.44	17.0
1005.88	17.0
779.24	17.0
794.0	17.0
797.68	17.0
808.64	17.0
814.4	17.0
840.52	17.0
850.0	17.0
861.76	17.0
874.0	17.0
879.2	17.0
888.2	17.0
899.4	17.0
941.6	17.0
1140.4	17.0
1187.04	17.0
1220.64	17.0
1282.4	17.0
1321.12	17.0
1347.8	17.0
1422.84	17.0
831.68	18.0
849.8	18.0
1058.04	18.0
1302.0	18.0
781.84	19.0
864.72	19.0
847.52	19.0
1169.6	19.0
1238.32	19.0
327.28	20.0
662.56	20.0
699.8	20.0
727.24	20.0
738.76	20.0
742.88	20.0
752.56	20.0
757.68	20.0
766.32	20.0
774.32	20.0
778.56	20.0
782.76	20.0
791.44	20.0
797.84	20.0
801.96	20.0
806.68	20.0
811.04	20.0
815.12	20.0
820.28	20.0
825.84	20.0
831.32	20.0
836.44	20.0
843.12	20.0
847.04	20.0
863.0	20.0
869.12	20.0
876.24	20.0
878.8	20.0
882.64	20.0
886.76	20.0
893.48	20.0
898.04	20.0
901.88	20.0
911.08	20.0
915.84	20.0
923.72	20.0
944.2	20.0
950.04	20.0
958.6	20.0
963.12	20.0
969.6	20.0
975.24	20.0
986.04	20.0
997.96	20.0
1002.48	20.0
1012.76	20.0
1027.52	20.0
1035.8	20.0
1044.96	20.0
1055.2	20.0
1062.64	20.0
1081.6	20.0
1089.36	20.0
1097.4	20.0
1103.88	20.0
1121.48	20.0
1169.68	20.0
1175.76	20.0
1191.12	20.0
1197.6	20.0
1214.72	20.0
1236.04	20.0
1246.0	20.0
1266.2	20.0
1277.88	20.0
1291.24	20.0
1313.76	20.0
1353.2	20.0
1387.64	20.0
1407.92	20.0
1436.4	20.0
898.04	22.0
928.24	22.0
970.76	22.0
844.2	22.0
801.56	23.0
833.8	23.0
865.56	23.0
896.88	23.0
1003.4	23.0
1119.96	23.0
1293.76	23.0
1063.68	23.0
1108.76	23.0
802.48	24.0
819.36	24.0
917.32	24.0
1064.36	24.0
