272.56	1.0
324.96	1.0
343.28	1.0
347.64	1.0
368.24	1.0
835.4	1.0
917.8	1.0
310.0	1.0
314.36	1.0
360.92	1.0
371.72	1.0
389.6	1.0
409.36	1.0
412.48	1.0
415.56	1.0
566.92	1.0
650.64	1.0
252.32	2.0
287.2	2.0
314.48	2.0
332.68	2.0
375.64	2.0
426.88	2.0
476.68	2.0
832.0	2.0
979.48	2.0
1075.16	2.0
1227.08	2.0
313.72	3.0
317.36	3.0
334.16	3.0
347.2	3.0
351.32	3.0
361.6	3.0
370.12	3.0
380.0	3.0
388.92	3.0
398.28	3.0
401.92	3.0
414.76	3.0
424.88	3.0
429.28	3.0
433.64	3.0
447.48	3.0
453.12	3.0
459.76	3.0
475.0	3.0
486.24	3.0
500.8	3.0
515.36	3.0
527.0	3.0
566.36	3.0
580.72	3.0
595.6	3.0
620.24	3.0
630.68	3.0
640.04	3.0
657.56	3.0
687.04	3.0
717.6	3.0
764.36	3.0
792.68	3.0
795.48	3.0
834.12	3.0
864.96	3.0
950.24	3.0
962.04	3.0
1028.8	3.0
1121.84	3.0
309.96	5.0
377.12	5.0
482.88	5.0
490.0	5.0
551.32	5.0
336.72	5.0
351.72	5.0
396.48	5.0
428.52	5.0
432.24	5.0
444.08	5.0
512.24	5.0
548.8	5.0
554.04	5.0
595.4	5.0
663.68	5.0
687.2	5.0
941.04	5.0
1005.16	5.0
268.28	6.0
294.48	6.0
303.76	6.0
315.04	6.0
323.2	6.0
334.96	6.0
348.88	6.0
357.64	6.0
361.64	6.0
377.48	6.0
381.32	6.0
388.68	6.0
402.36	6.0
409.56	6.0
420.56	6.0
428.72	6.0
445.0	6.0
457.44	6.0
463.04	6.0
481.32	6.0
490.36	6.0
510.84	6.0
522.72	6.0
540.08	6.0
547.16	6.0
566.36	6.0
582.8	6.0
613.32	6.0
626.84	6.0
653.04	6.0
674.72	6.0
705.08	6.0
713.72	6.0
767.28	6.0
808.04	6.0
915.84	6.0
934.64	6.0
1002.36	6.0
1033.2	6.0
346.4	7.0
378.32	7.0
381.76	7.0
396.32	7.0
416.44	7.0
429.12	7.0
510.8	7.0
611.72	7.0
624.72	7.0
705.48	7.0
266.84	8.0
283.6	8.0
981.6	8.0
328.84	8.0
347.44	8.0
365.56	8.0
376.4	8.0
383.8	8.0
361.0	9.0
430.32	9.0
561.44	9.0
403.96	10.0
360.4	11.0
384.8	11.0
337.88	11.0
374.36	11.0
377.04	11.0
427.08	11.0
289.24	12.0
360.12	12.0
661.96	12.0
308.32	12.0
325.72	12.0
339.4	12.0
384.0	12.0
396.32	12.0
417.4	12.0
425.88	12.0
428.68	12.0
448.16	12.0
480.84	12.0
489.12	12.0
564.48	12.0
578.96	12.0
603.4	12.0
650.52	12.0
809.24	12.0
835.68	12.0
911.76	12.0
950.68	12.0
984.96	12.0
1065.68	12.0
1076.6	12.0
1169.96	12.0
336.44	13.0
352.48	13.0
356.96	13.0
368.44	13.0
381.32	13.0
384.6	13.0
396.16	13.0
416.8	13.0
426.32	13.0
445.24	13.0
461.48	13.0
472.76	13.0
487.48	13.0
505.76	13.0
519.0	13.0
548.28	13.0
566.96	13.0
584.08	13.0
604.8	13.0
623.48	13.0
647.52	13.0
677.88	13.0
706.44	13.0
748.36	13.0
795.92	13.0
860.96	13.0
914.92	13.0
968.64	13.0
349.44	14.0
374.56	14.0
346.52	15.0
396.36	15.0
510.92	15.0
624.8	15.0
445.16	15.0
352.64	16.0
397.2	16.0
516.48	16.0
616.24	16.0
709.12	16.0
895.92	16.0
705.72	17.0
275.64	17.0
295.08	17.0
315.68	17.0
330.08	17.0
346.12	17.0
390.36	17.0
511.88	17.0
600.24	17.0
718.36	17.0
1091.52	17.0
1211.56	17.0
360.56	18.0
368.96	18.0
424.4	18.0
469.6	18.0
538.28	18.0
705.76	18.0
856.28	18.0
465.92	19.0
507.32	19.0
605.8	19.0
625.24	19.0
580.2	20.0
139.64	20.0
216.12	20.0
229.12	20.0
246.04	20.0
254.6	20.0
261.52	20.0
266.08	20.0
272.56	20.0
279.12	20.0
284.64	20.0
289.68	20.0
294.6	20.0
306.32	20.0
310.28	20.0
313.28	20.0
317.08	20.0
320.52	20.0
323.28	20.0
328.28	20.0
338.72	20.0
346.6	20.0
356.32	20.0
360.52	20.0
368.36	20.0
373.4	20.0
377.52	20.0
387.76	20.0
391.8	20.0
394.68	20.0
400.6	20.0
407.28	20.0
411.04	20.0
416.48	20.0
422.16	20.0
427.08	20.0
432.28	20.0
442.08	20.0
449.48	20.0
465.32	20.0
472.4	20.0
479.96	20.0
487.04	20.0
502.48	20.0
514.6	20.0
520.16	20.0
533.12	20.0
557.2	20.0
573.8	20.0
605.84	20.0
623.68	20.0
640.84	20.0
649.8	20.0
659.08	20.0
673.56	20.0
683.92	20.0
693.48	20.0
706.32	20.0
717.44	20.0
742.96	20.0
757.12	20.0
771.6	20.0
778.92	20.0
788.76	20.0
807.4	20.0
816.28	20.0
836.52	20.0
854.64	20.0
906.88	20.0
916.48	20.0
932.08	20.0
950.0	20.0
957.2	20.0
983.12	20.0
991.04	20.0
1003.04	20.0
1014.96	20.0
1050.64	20.0
1080.72	20.0
1092.6	20.0
1105.48	20.0
1119.44	20.0
1141.32	20.0
1169.68	20.0
1205.32	20.0
1229.84	20.0
375.72	22.0
310.8	23.0
358.6	23.0
424.44	23.0
782.16	23.0
507.76	23.0
625.92	23.0
309.72	24.0
326.52	24.0
685.84	24.0
