756.28	1.0
869.4	1.0
874.64	1.0
1052.16	1.0
840.68	1.0
851.12	1.0
854.68	1.0
889.0	1.0
894.52	1.0
897.24	1.0
919.96	1.0
932.28	1.0
947.0	1.0
952.32	1.0
1057.2	1.0
1154.84	1.0
1184.84	1.0
1310.36	1.0
729.04	2.0
789.52	2.0
848.28	2.0
890.88	2.0
1136.28	2.0
1185.68	2.0
819.96	3.0
842.08	3.0
844.76	3.0
850.92	3.0
862.88	3.0
873.36	3.0
881.0	3.0
887.16	3.0
897.2	3.0
913.0	3.0
920.92	3.0
931.12	3.0
941.04	3.0
953.72	3.0
961.92	3.0
970.12	3.0
976.4	3.0
985.76	3.0
999.24	3.0
1012.36	3.0
1036.56	3.0
1052.16	3.0
1061.56	3.0
1101.4	3.0
1105.44	3.0
1121.56	3.0
1131.72	3.0
1145.92	3.0
1185.8	3.0
1202.56	3.0
1259.96	3.0
1282.0	3.0
1324.88	3.0
890.48	5.0
916.92	5.0
1156.04	5.0
1221.44	5.0
1224.24	5.0
1329.24	5.0
864.4	5.0
883.88	5.0
898.76	5.0
925.44	5.0
927.96	5.0
941.6	5.0
959.64	5.0
976.48	5.0
1011.76	5.0
1057.24	5.0
1071.92	5.0
1081.88	5.0
1092.16	5.0
1111.32	5.0
1113.84	5.0
1264.12	5.0
809.56	6.0
817.0	6.0
830.92	6.0
841.4	6.0
851.96	6.0
857.32	6.0
865.08	6.0
873.12	6.0
883.04	6.0
897.52	6.0
902.72	6.0
915.08	6.0
921.16	6.0
926.28	6.0
936.32	6.0
945.84	6.0
953.08	6.0
963.0	6.0
977.48	6.0
988.84	6.0
998.8	6.0
1020.0	6.0
1029.36	6.0
1053.0	6.0
1063.4	6.0
1120.44	6.0
1141.52	6.0
1175.44	6.0
1189.8	6.0
1222.32	6.0
1268.6	6.0
1299.56	6.0
1327.16	6.0
857.64	7.0
882.8	7.0
887.24	7.0
899.68	7.0
903.04	7.0
926.64	7.0
930.72	7.0
974.76	7.0
999.12	7.0
1027.08	7.0
1109.44	7.0
1120.8	7.0
1218.28	7.0
1300.0	7.0
861.16	8.0
1295.92	8.0
1310.12	8.0
850.92	8.0
879.84	8.0
904.6	8.0
938.28	8.0
845.48	9.0
905.8	9.0
1087.96	9.0
850.64	11.0
853.28	11.0
875.36	11.0
887.56	11.0
894.96	11.0
921.8	11.0
926.16	11.0
967.48	11.0
954.56	11.0
985.2	11.0
1036.72	11.0
1084.88	11.0
850.76	12.0
922.8	12.0
938.56	12.0
1134.96	12.0
1144.48	12.0
816.56	12.0
825.44	12.0
828.84	12.0
832.68	12.0
864.44	12.0
872.96	12.0
884.4	12.0
891.76	12.0
899.2	12.0
901.72	12.0
909.88	12.0
912.88	12.0
944.68	12.0
955.04	12.0
968.44	12.0
977.52	12.0
1029.92	12.0
1040.44	12.0
1055.32	12.0
1064.12	12.0
1110.84	12.0
1189.36	12.0
1260.8	12.0
1273.6	12.0
1323.48	12.0
865.96	13.0
882.32	13.0
893.24	13.0
901.6	13.0
912.8	13.0
921.52	13.0
925.76	13.0
935.48	13.0
943.72	13.0
946.24	13.0
956.2	13.0
968.36	13.0
979.88	13.0
992.64	13.0
1005.16	13.0
1024.0	13.0
1030.44	13.0
1042.72	13.0
1067.84	13.0
1086.2	13.0
1106.12	13.0
1134.76	13.0
1159.2	13.0
1188.96	13.0
1207.24	13.0
1235.0	13.0
1255.92	13.0
1277.16	13.0
1319.04	13.0
938.36	14.0
977.96	14.0
900.72	14.0
882.92	15.0
899.76	15.0
1027.16	15.0
1218.36	15.0
847.28	15.0
886.64	16.0
935.12	16.0
992.24	16.0
1104.2	16.0
1225.52	16.0
1238.08	17.0
768.64	17.0
808.92	17.0
845.08	17.0
851.32	17.0
880.4	17.0
898.76	17.0
974.52	17.0
1010.56	17.0
1028.48	17.0
1117.6	17.0
1222.64	17.0
880.04	18.0
1015.84	18.0
1108.52	18.0
846.52	19.0
961.64	19.0
1089.48	19.0
1322.68	19.0
850.84	19.0
909.2	19.0
1086.8	20.0
681.0	20.0
708.08	20.0
717.08	20.0
729.32	20.0
733.48	20.0
737.84	20.0
764.56	20.0
770.6	20.0
779.92	20.0
792.04	20.0
798.28	20.0
802.36	20.0
813.92	20.0
821.88	20.0
827.08	20.0
833.8	20.0
839.36	20.0
842.56	20.0
847.08	20.0
850.92	20.0
855.96	20.0
859.8	20.0
867.04	20.0
873.24	20.0
880.44	20.0
885.48	20.0
893.8	20.0
900.84	20.0
905.52	20.0
911.96	20.0
917.08	20.0
924.96	20.0
936.4	20.0
943.52	20.0
948.16	20.0
955.28	20.0
962.48	20.0
969.04	20.0
975.52	20.0
984.52	20.0
990.84	20.0
998.08	20.0
1002.48	20.0
1027.64	20.0
1040.28	20.0
1048.96	20.0
1060.28	20.0
1069.88	20.0
1084.28	20.0
1089.88	20.0
1104.08	20.0
1110.64	20.0
1142.36	20.0
1150.8	20.0
1164.72	20.0
1186.28	20.0
1200.84	20.0
1207.52	20.0
1238.76	20.0
1260.4	20.0
1265.24	20.0
1275.96	20.0
1284.16	20.0
1292.24	20.0
1309.44	20.0
1321.32	20.0
1042.08	21.0
934.04	22.0
938.2	22.0
981.32	22.0
1013.2	22.0
831.24	23.0
892.52	23.0
942.8	23.0
994.84	23.0
1144.84	23.0
1319.16	23.0
1003.52	23.0
833.4	24.0
857.72	24.0
