876.04	1.0
893.96	1.0
915.44	1.0
930.8	1.0
948.44	1.0
958.16	1.0
1000.16	1.0
1098.56	1.0
933.32	1.0
977.64	1.0
995.24	1.0
1013.96	1.0
1048.84	1.0
1052.48	1.0
1070.68	1.0
1103.04	1.0
1306.36	1.0
849.92	2.0
882.48	2.0
944.64	2.0
975.6	2.0
1022.48	2.0
1044.72	2.0
1069.92	2.0
1113.72	2.0
1101.0	3.0
919.0	3.0
931.36	3.0
944.96	3.0
954.16	3.0
960.48	3.0
970.32	3.0
983.6	3.0
992.44	3.0
1004.16	3.0
1018.84	3.0
1034.8	3.0
1046.24	3.0
1054.72	3.0
1069.48	3.0
1080.84	3.0
1083.36	3.0
1115.4	3.0
1124.48	3.0
1130.08	3.0
1143.12	3.0
1155.2	3.0
1174.16	3.0
1201.04	3.0
1210.4	3.0
1231.88	3.0
1235.8	3.0
1285.28	3.0
1295.84	3.0
1313.04	3.0
1335.56	3.0
1359.52	3.0
1383.4	3.0
950.04	5.0
959.84	5.0
975.32	5.0
969.28	5.0
994.8	5.0
1016.0	5.0
1034.92	5.0
1038.6	5.0
1061.44	5.0
1076.76	5.0
1089.68	5.0
1121.64	5.0
1177.4	5.0
1257.0	5.0
1289.28	5.0
1365.52	5.0
1386.84	5.0
867.32	6.0
904.64	6.0
917.44	6.0
924.2	6.0
932.8	6.0
943.76	6.0
950.32	6.0
964.68	6.0
973.28	6.0
978.72	6.0
981.24	6.0
990.56	6.0
999.92	6.0
1016.24	6.0
1019.8	6.0
1030.56	6.0
1036.64	6.0
1045.96	6.0
1056.24	6.0
1070.92	6.0
1083.36	6.0
1102.72	6.0
1137.2	6.0
1168.6	6.0
1200.68	6.0
1229.52	6.0
1288.92	6.0
1305.36	6.0
1351.68	6.0
1361.76	6.0
1389.76	6.0
905.0	7.0
941.96	7.0
1014.76	7.0
1047.04	7.0
1083.68	7.0
1123.84	7.0
1289.24	7.0
884.64	8.0
960.84	8.0
983.44	8.0
1031.64	8.0
1075.88	8.0
938.44	8.0
955.44	8.0
977.96	8.0
1021.6	8.0
923.2	9.0
979.04	9.0
1005.44	9.0
937.28	11.0
977.92	11.0
997.04	11.0
904.56	12.0
1024.16	12.0
1074.68	12.0
851.88	12.0
874.0	12.0
877.08	12.0
896.92	12.0
914.56	12.0
917.64	12.0
935.88	12.0
940.64	12.0
952.04	12.0
961.92	12.0
973.16	12.0
976.24	12.0
987.36	12.0
990.44	12.0
1002.56	12.0
1037.04	12.0
1069.12	12.0
1081.52	12.0
1088.84	12.0
1098.76	12.0
1110.56	12.0
1121.96	12.0
1136.36	12.0
1146.92	12.0
1176.8	12.0
1227.08	12.0
1263.24	12.0
1274.44	12.0
1289.2	12.0
1292.64	12.0
1305.12	12.0
934.0	13.0
951.48	13.0
954.2	13.0
964.56	13.0
979.68	13.0
994.24	13.0
1007.4	13.0
1015.96	13.0
1021.0	13.0
1034.24	13.0
1046.96	13.0
1062.88	13.0
1075.52	13.0
1082.4	13.0
1089.44	13.0
1105.32	13.0
1111.76	13.0
1124.88	13.0
1139.56	13.0
1164.52	13.0
1179.72	13.0
1205.96	13.0
1228.88	13.0
1250.04	13.0
1271.08	13.0
1316.48	13.0
1348.16	13.0
991.56	14.0
1046.76	14.0
1138.48	14.0
942.04	15.0
950.4	15.0
1123.96	15.0
1046.92	15.0
1008.2	16.0
943.04	17.0
1147.0	17.0
1181.76	17.0
912.72	17.0
998.28	17.0
1005.08	17.0
1028.04	17.0
1055.8	17.0
1072.32	17.0
1195.48	17.0
1244.04	17.0
928.4	18.0
942.36	18.0
999.88	18.0
1072.12	18.0
1325.36	18.0
991.2	19.0
1071.8	19.0
1123.52	19.0
1031.4	20.0
1263.04	20.0
772.8	20.0
829.52	20.0
852.32	20.0
865.92	20.0
871.76	20.0
878.48	20.0
884.68	20.0
889.4	20.0
894.12	20.0
899.84	20.0
905.48	20.0
910.96	20.0
916.0	20.0
919.88	20.0
924.08	20.0
928.32	20.0
933.72	20.0
938.2	20.0
941.84	20.0
951.96	20.0
958.76	20.0
964.48	20.0
977.36	20.0
988.76	20.0
992.76	20.0
1000.52	20.0
1009.8	20.0
1021.24	20.0
1025.92	20.0
1034.6	20.0
1043.72	20.0
1049.76	20.0
1055.08	20.0
1059.92	20.0
1069.04	20.0
1071.92	20.0
1080.68	20.0
1121.24	20.0
1135.52	20.0
1155.12	20.0
1167.12	20.0
1174.72	20.0
1193.96	20.0
1202.44	20.0
1229.16	20.0
1244.32	20.0
1255.64	20.0
1277.68	20.0
1288.12	20.0
1291.2	20.0
1325.0	20.0
1351.28	20.0
1385.24	20.0
1391.88	20.0
976.4	21.0
1090.84	22.0
1043.76	22.0
1013.44	23.0
1061.12	23.0
1087.96	23.0
1296.0	23.0
912.52	24.0
960.04	24.0
934.52	24.0
1062.56	24.0
