535.88	1.0
567.12	1.0
569.68	1.0
671.24	1.0
527.64	1.0
561.68	1.0
574.4	1.0
583.0	1.0
594.92	1.0
599.32	1.0
610.36	1.0
613.32	1.0
627.0	1.0
641.8	1.0
646.0	1.0
656.44	1.0
660.84	1.0
679.76	1.0
694.0	1.0
709.08	1.0
717.96	1.0
721.04	1.0
1271.32	1.0
528.44	2.0
556.44	2.0
564.04	2.0
577.52	2.0
592.36	2.0
599.96	2.0
614.64	2.0
645.56	2.0
655.2	2.0
667.68	2.0
687.16	2.0
700.2	2.0
764.72	2.0
530.72	3.0
549.84	3.0
561.36	3.0
570.44	3.0
572.96	3.0
579.16	3.0
585.64	3.0
594.48	3.0
601.0	3.0
608.68	3.0
614.32	3.0
627.28	3.0
637.96	3.0
640.56	3.0
685.48	3.0
789.36	3.0
813.24	3.0
860.04	3.0
893.8	3.0
908.16	3.0
943.28	3.0
981.44	3.0
995.84	3.0
1041.32	3.0
1059.68	3.0
1078.68	3.0
1114.8	3.0
1131.88	3.0
1156.96	3.0
1186.24	3.0
1192.56	3.0
1213.4	3.0
1216.64	3.0
1251.28	3.0
1282.44	3.0
1305.84	3.0
624.68	5.0
728.36	5.0
767.32	5.0
590.64	5.0
613.24	5.0
629.64	5.0
638.2	5.0
640.96	5.0
654.2	5.0
679.36	5.0
708.68	5.0
720.64	5.0
800.04	5.0
819.96	5.0
874.2	5.0
905.08	5.0
955.6	5.0
992.2	5.0
1020.32	5.0
1083.76	5.0
1155.68	5.0
1269.6	5.0
533.4	6.0
543.32	6.0
551.32	6.0
560.4	6.0
564.48	6.0
568.44	6.0
576.2	6.0
583.08	6.0
593.88	6.0
599.32	6.0
607.88	6.0
612.28	6.0
620.16	6.0
624.68	6.0
656.0	6.0
677.32	6.0
681.36	6.0
688.24	6.0
693.68	6.0
702.84	6.0
711.32	6.0
719.88	6.0
741.12	6.0
749.28	6.0
762.2	6.0
794.72	6.0
842.92	6.0
868.04	6.0
892.08	6.0
907.32	6.0
932.6	6.0
956.76	6.0
1052.28	6.0
1077.12	6.0
1115.68	6.0
1139.6	6.0
1183.4	6.0
1209.32	6.0
1270.28	6.0
560.8	7.0
564.84	7.0
579.48	7.0
590.6	7.0
603.32	7.0
611.72	7.0
623.2	7.0
636.88	7.0
653.48	7.0
665.2	7.0
681.76	7.0
690.0	7.0
708.76	7.0
728.88	7.0
760.88	7.0
907.6	7.0
1044.92	7.0
1250.52	7.0
542.0	8.0
848.68	8.0
860.16	8.0
1309.64	8.0
577.52	8.0
588.72	8.0
591.24	8.0
609.56	8.0
735.88	8.0
961.88	8.0
573.72	9.0
585.0	9.0
595.36	9.0
615.76	9.0
636.96	9.0
652.6	9.0
695.84	9.0
561.24	11.0
587.16	11.0
600.96	11.0
616.52	11.0
625.84	11.0
637.44	11.0
645.36	11.0
677.08	11.0
682.72	11.0
530.96	11.0
663.12	11.0
670.0	11.0
714.32	11.0
543.04	12.0
570.12	12.0
626.44	12.0
640.08	12.0
996.44	12.0
560.44	12.0
563.08	12.0
578.6	12.0
582.2	12.0
592.0	12.0
595.24	12.0
609.72	12.0
630.6	12.0
651.12	12.0
684.32	12.0
699.88	12.0
708.68	12.0
719.24	12.0
728.88	12.0
735.48	12.0
753.32	12.0
856.92	12.0
886.2	12.0
959.0	12.0
1020.36	12.0
1042.96	12.0
1210.0	12.0
1272.0	12.0
562.0	13.0
575.28	13.0
578.88	13.0
583.56	13.0
592.16	13.0
599.0	13.0
610.96	13.0
619.12	13.0
625.0	13.0
635.8	13.0
641.32	13.0
650.36	13.0
652.88	13.0
656.16	13.0
664.32	13.0
676.6	13.0
679.8	13.0
683.08	13.0
693.12	13.0
700.08	13.0
711.84	13.0
720.2	13.0
729.6	13.0
738.88	13.0
750.64	13.0
760.8	13.0
773.96	13.0
784.08	13.0
792.6	13.0
807.76	13.0
822.44	13.0
841.12	13.0
858.04	13.0
873.0	13.0
886.6	13.0
906.92	13.0
926.92	13.0
941.88	13.0
959.8	13.0
983.28	13.0
999.76	13.0
1023.6	13.0
1050.84	13.0
1072.32	13.0
1099.52	13.0
1122.64	13.0
1156.32	13.0
1170.08	13.0
1206.16	13.0
1226.24	13.0
1259.0	13.0
1272.92	13.0
562.24	14.0
588.52	14.0
592.04	14.0
639.6	14.0
664.24	14.0
719.6	14.0
1234.36	14.0
560.92	15.0
590.76	15.0
1045.04	15.0
1250.56	15.0
641.44	15.0
563.76	16.0
589.12	16.0
640.0	16.0
698.68	16.0
939.64	16.0
1049.56	16.0
629.24	17.0
563.88	17.0
576.0	17.0
580.16	17.0
598.64	17.0
603.0	17.0
609.12	17.0
634.96	17.0
655.4	17.0
662.36	17.0
667.88	17.0
688.88	17.0
694.64	17.0
716.96	17.0
749.16	17.0
798.28	17.0
995.24	17.0
1028.76	17.0
634.4	18.0
875.48	18.0
1074.52	18.0
577.64	19.0
569.48	19.0
961.88	19.0
1002.96	19.0
1138.88	19.0
788.32	20.0
325.36	20.0
506.84	20.0
521.44	20.0
526.88	20.0
531.04	20.0
539.28	20.0
543.52	20.0
548.04	20.0
554.56	20.0
558.72	20.0
563.0	20.0
569.96	20.0
576.52	20.0
579.88	20.0
584.0	20.0
588.28	20.0
593.16	20.0
601.08	20.0
607.68	20.0
614.48	20.0
625.88	20.0
629.8	20.0
639.68	20.0
648.2	20.0
652.0	20.0
659.96	20.0
664.36	20.0
669.48	20.0
680.0	20.0
700.72	20.0
707.92	20.0
733.84	20.0
745.32	20.0
867.72	20.0
892.44	20.0
942.88	20.0
997.0	20.0
1003.0	20.0
1021.68	20.0
1082.8	20.0
1108.08	20.0
1125.96	20.0
1138.92	20.0
1143.08	20.0
1158.64	20.0
1181.92	20.0
1192.96	20.0
1215.24	20.0
1222.8	20.0
1226.24	20.0
1237.56	20.0
1322.92	20.0
658.72	21.0
592.44	22.0
642.2	22.0
665.52	22.0
561.76	23.0
590.56	23.0
621.48	23.0
969.72	23.0
679.52	23.0
760.2	23.0
1005.36	23.0
560.96	24.0
578.8	24.0
605.24	24.0
636.64	24.0
1054.68	24.0
