384.4	1.0
412.56	1.0
529.84	1.0
587.84	1.0
602.56	1.0
623.6	1.0
648.64	1.0
680.36	1.0
733.56	1.0
863.96	1.0
1016.04	1.0
1149.2	1.0
1255.88	1.0
541.16	1.0
607.48	1.0
610.84	1.0
651.56	1.0
655.08	1.0
724.88	1.0
843.52	1.0
870.76	1.0
928.64	1.0
972.76	1.0
1011.48	1.0
1107.96	1.0
1243.32	1.0
455.04	2.0
505.48	2.0
552.76	2.0
593.76	2.0
623.48	2.0
652.68	2.0
733.36	2.0
1080.8	2.0
1213.6	2.0
614.4	3.0
869.36	3.0
597.0	3.0
602.0	3.0
606.8	3.0
623.92	3.0
644.48	3.0
655.16	3.0
665.56	3.0
672.6	3.0
682.52	3.0
686.0	3.0
692.96	3.0
707.88	3.0
713.16	3.0
723.2	3.0
735.2	3.0
746.08	3.0
760.52	3.0
771.28	3.0
789.04	3.0
840.84	3.0
855.08	3.0
871.92	3.0
892.92	3.0
901.36	3.0
906.08	3.0
920.72	3.0
942.88	3.0
967.48	3.0
982.44	3.0
1002.72	3.0
1018.36	3.0
1029.8	3.0
1060.72	3.0
1078.56	3.0
1084.56	3.0
1106.88	3.0
1135.76	3.0
1159.8	3.0
1235.48	3.0
1300.6	3.0
593.12	5.0
643.04	5.0
850.84	5.0
1238.84	5.0
604.52	5.0
632.4	5.0
652.72	5.0
675.88	5.0
701.88	5.0
716.2	5.0
731.48	5.0
766.52	5.0
800.68	5.0
821.32	5.0
894.68	5.0
922.12	5.0
534.08	6.0
546.04	6.0
556.32	6.0
567.6	6.0
577.52	6.0
590.04	6.0
596.68	6.0
604.04	6.0
611.2	6.0
617.88	6.0
626.24	6.0
633.44	6.0
639.88	6.0
653.76	6.0
660.0	6.0
675.72	6.0
684.88	6.0
695.08	6.0
713.0	6.0
724.6	6.0
735.8	6.0
741.28	6.0
757.76	6.0
773.4	6.0
790.4	6.0
820.6	6.0
844.08	6.0
869.96	6.0
890.0	6.0
933.16	6.0
949.08	6.0
993.88	6.0
1046.28	6.0
1082.36	6.0
1122.72	6.0
1135.04	6.0
1187.68	6.0
1198.2	6.0
1218.68	6.0
1277.16	6.0
594.8	7.0
614.0	7.0
630.92	7.0
653.52	7.0
704.24	7.0
713.44	7.0
841.36	7.0
991.64	7.0
1168.76	7.0
545.08	8.0
607.08	8.0
632.2	8.0
652.16	8.0
668.8	8.0
761.24	8.0
971.2	8.0
1037.52	8.0
1124.48	8.0
1217.92	8.0
595.52	8.0
610.48	8.0
547.76	9.0
890.28	9.0
703.72	11.0
592.64	11.0
625.2	11.0
642.8	11.0
733.88	11.0
789.4	11.0
608.16	12.0
843.36	12.0
870.88	12.0
942.56	12.0
548.52	12.0
551.16	12.0
572.2	12.0
576.4	12.0
586.84	12.0
593.0	12.0
615.68	12.0
622.52	12.0
670.36	12.0
713.48	12.0
735.84	12.0
750.16	12.0
827.48	12.0
995.84	12.0
1021.92	12.0
1126.52	12.0
1213.52	12.0
603.84	13.0
612.2	13.0
623.64	13.0
632.88	13.0
642.08	13.0
654.52	13.0
667.52	13.0
677.72	13.0
686.36	13.0
694.88	13.0
700.2	13.0
711.92	13.0
726.44	13.0
738.68	13.0
755.92	13.0
773.8	13.0
789.72	13.0
814.12	13.0
833.2	13.0
857.08	13.0
875.76	13.0
902.8	13.0
932.48	13.0
954.44	13.0
980.52	13.0
1020.92	13.0
1074.64	13.0
1144.16	13.0
667.28	14.0
704.44	14.0
604.52	14.0
688.8	14.0
1018.92	14.0
631.0	15.0
653.56	15.0
841.48	15.0
604.36	16.0
654.76	16.0
701.8	16.0
846.32	16.0
916.96	16.0
1042.2	16.0
1172.08	16.0
693.36	17.0
542.08	17.0
574.64	17.0
602.88	17.0
609.56	17.0
621.52	17.0
663.16	17.0
668.92	17.0
710.24	17.0
730.16	17.0
943.4	17.0
1083.88	17.0
613.88	18.0
632.36	18.0
643.04	18.0
654.72	18.0
719.52	18.0
842.8	18.0
665.68	19.0
903.76	19.0
725.2	19.0
734.6	19.0
922.84	19.0
750.36	20.0
365.44	20.0
416.64	20.0
436.16	20.0
456.12	20.0
481.04	20.0
493.88	20.0
507.0	20.0
529.96	20.0
534.24	20.0
541.24	20.0
546.36	20.0
549.52	20.0
554.92	20.0
559.96	20.0
566.08	20.0
571.36	20.0
578.12	20.0
582.32	20.0
592.28	20.0
596.4	20.0
605.88	20.0
610.96	20.0
622.48	20.0
626.72	20.0
632.04	20.0
637.56	20.0
642.24	20.0
647.68	20.0
654.16	20.0
659.28	20.0
664.8	20.0
677.4	20.0
682.32	20.0
689.12	20.0
691.92	20.0
698.52	20.0
710.36	20.0
719.24	20.0
725.24	20.0
732.2	20.0
739.88	20.0
747.2	20.0
763.04	20.0
769.92	20.0
789.04	20.0
799.6	20.0
809.48	20.0
826.64	20.0
836.0	20.0
839.04	20.0
867.68	20.0
889.92	20.0
895.72	20.0
903.4	20.0
922.96	20.0
928.52	20.0
956.44	20.0
969.88	20.0
984.88	20.0
992.24	20.0
1005.4	20.0
1028.76	20.0
1059.96	20.0
1081.32	20.0
1106.36	20.0
1112.8	20.0
1117.04	20.0
1125.44	20.0
1138.48	20.0
1149.04	20.0
1171.36	20.0
1179.64	20.0
1191.92	20.0
1216.92	20.0
1236.04	20.0
1242.64	20.0
1249.0	20.0
1277.72	20.0
1284.72	20.0
1319.28	20.0
817.88	22.0
669.56	22.0
689.84	22.0
631.4	23.0
678.76	23.0
951.84	23.0
604.2	23.0
782.4	23.0
946.28	23.0
603.8	24.0
653.32	24.0
1031.12	24.0
