210.56	1.0
412.88	1.0
629.76	1.0
2.84	1.0
7.16	1.0
51.2	1.0
64.0	1.0
78.16	1.0
417.32	1.0
10.84	2.0
47.76	2.0
106.04	2.0
121.52	2.0
131.88	2.0
203.12	2.0
265.08	2.0
308.88	2.0
836.48	2.0
123.24	3.0
3.28	3.0
11.8	3.0
17.72	3.0
43.0	3.0
49.56	3.0
58.8	3.0
67.56	3.0
89.16	3.0
109.0	3.0
136.88	3.0
141.28	3.0
151.56	3.0
163.6	3.0
174.48	3.0
187.36	3.0
204.32	3.0
211.72	3.0
221.52	3.0
238.88	3.0
241.52	3.0
248.84	3.0
261.52	3.0
330.04	3.0
346.28	3.0
369.04	3.0
388.32	3.0
417.88	3.0
458.6	3.0
486.52	3.0
512.68	3.0
525.2	3.0
564.4	3.0
578.08	3.0
593.44	3.0
625.52	3.0
674.52	3.0
809.16	3.0
834.72	3.0
69.72	4.0
24.12	5.0
73.8	5.0
361.2	5.0
678.32	5.0
40.16	5.0
63.28	5.0
87.2	5.0
106.56	5.0
133.28	5.0
153.48	5.0
159.68	5.0
173.32	5.0
218.68	5.0
230.28	5.0
287.0	5.0
443.88	5.0
506.56	5.0
602.32	5.0
6.12	6.0
13.68	6.0
20.92	6.0
37.96	6.0
42.44	6.0
48.36	6.0
53.4	6.0
62.68	6.0
68.68	6.0
76.24	6.0
86.88	6.0
101.44	6.0
106.2	6.0
120.12	6.0
126.92	6.0
134.28	6.0
149.92	6.0
163.84	6.0
180.0	6.0
204.6	6.0
220.8	6.0
261.84	6.0
287.76	6.0
317.4	6.0
339.56	6.0
357.0	6.0
371.56	6.0
388.4	6.0
414.56	6.0
432.0	6.0
445.72	6.0
490.0	6.0
516.16	6.0
525.44	6.0
550.64	6.0
627.28	6.0
646.56	6.0
706.28	6.0
745.48	6.0
841.04	6.0
3.2	7.0
37.52	7.0
49.12	7.0
63.0	7.0
65.84	7.0
82.68	7.0
176.32	7.0
261.96	7.0
461.4	7.0
516.48	7.0
568.12	7.0
676.16	7.0
841.4	7.0
26.08	8.0
56.68	8.0
155.76	8.0
175.08	8.0
522.2	8.0
575.56	8.0
16.92	8.0
41.04	8.0
381.96	8.0
5.12	9.0
138.12	9.0
254.4	9.0
27.04	11.0
51.16	11.0
66.88	11.0
97.72	11.0
186.0	11.0
40.48	11.0
47.64	11.0
94.76	11.0
241.76	11.0
413.04	11.0
107.2	12.0
180.28	12.0
512.4	12.0
5.04	12.0
12.0	12.0
27.52	12.0
40.0	12.0
47.4	12.0
66.68	12.0
78.96	12.0
92.76	12.0
102.68	12.0
124.96	12.0
162.96	12.0
174.64	12.0
261.2	12.0
305.48	12.0
455.72	12.0
549.96	12.0
677.32	12.0
679.92	12.0
725.84	12.0
908.72	12.0
6.84	13.0
10.76	13.0
18.04	13.0
26.64	13.0
38.92	13.0
50.08	13.0
61.6	13.0
68.08	13.0
80.24	13.0
90.8	13.0
100.6	13.0
108.84	13.0
122.16	13.0
135.64	13.0
157.16	13.0
171.84	13.0
186.6	13.0
209.04	13.0
225.72	13.0
230.24	13.0
246.28	13.0
266.28	13.0
287.0	13.0
320.16	13.0
363.72	13.0
388.6	13.0
438.0	13.0
473.36	13.0
517.72	13.0
563.28	13.0
617.28	13.0
672.6	13.0
6.32	14.0
73.84	14.0
38.24	14.0
68.56	14.0
488.16	14.0
37.6	15.0
82.76	15.0
262.08	15.0
461.52	15.0
676.28	15.0
41.96	16.0
85.36	16.0
230.36	16.0
407.32	16.0
507.8	16.0
56.4	17.0
280.72	17.0
336.44	17.0
7.76	17.0
25.52	17.0
51.48	17.0
64.08	17.0
96.6	17.0
124.04	17.0
176.56	17.0
266.44	17.0
349.84	17.0
416.2	17.0
430.32	17.0
603.04	17.0
641.24	17.0
683.6	17.0
815.0	17.0
107.88	18.0
391.08	18.0
443.48	18.0
692.24	18.0
69.04	19.0
124.64	19.0
222.16	19.0
260.84	19.0
512.56	19.0
5.6	20.0
738.12	20.0
9.24	20.0
16.44	20.0
27.0	20.0
36.52	20.0
40.88	20.0
48.24	20.0
61.6	20.0
69.0	20.0
74.12	20.0
78.76	20.0
86.8	20.0
91.72	20.0
103.64	20.0
107.64	20.0
112.88	20.0
134.2	20.0
139.2	20.0
143.04	20.0
145.64	20.0
154.52	20.0
162.56	20.0
171.36	20.0
175.4	20.0
180.44	20.0
187.36	20.0
193.32	20.0
216.44	20.0
221.96	20.0
228.48	20.0
241.24	20.0
247.28	20.0
267.04	20.0
284.16	20.0
292.52	20.0
298.96	20.0
313.64	20.0
326.24	20.0
331.28	20.0
369.48	20.0
379.68	20.0
382.52	20.0
412.6	20.0
443.32	20.0
449.8	20.0
458.08	20.0
471.64	20.0
487.88	20.0
510.8	20.0
522.8	20.0
539.96	20.0
572.76	20.0
577.0	20.0
590.44	20.0
604.48	20.0
620.48	20.0
648.8	20.0
702.84	20.0
717.2	20.0
730.96	20.0
760.52	20.0
773.44	20.0
791.96	20.0
807.88	20.0
812.12	20.0
842.04	20.0
918.84	20.0
134.6	21.0
25.6	22.0
27.76	23.0
39.08	23.0
264.08	23.0
74.24	23.0
192.44	23.0
67.84	24.0
129.76	24.0
175.44	24.0
235.72	24.0
