320.96	1.0
337.0	1.0
381.0	1.0
405.08	1.0
1126.96	1.0
1351.52	1.0
364.2	1.0
398.6	1.0
440.8	1.0
453.16	1.0
596.24	1.0
791.72	1.0
997.12	1.0
1039.24	1.0
1163.16	1.0
305.48	2.0
326.32	2.0
395.52	2.0
427.2	2.0
476.28	2.0
594.4	2.0
899.0	2.0
1162.44	2.0
308.12	3.0
359.48	3.0
362.4	3.0
368.8	3.0
375.84	3.0
386.8	3.0
397.2	3.0
405.28	3.0
417.4	3.0
426.96	3.0
436.32	3.0
439.6	3.0
450.76	3.0
459.6	3.0
478.08	3.0
491.32	3.0
496.24	3.0
506.44	3.0
522.48	3.0
536.84	3.0
580.72	3.0
597.56	3.0
612.96	3.0
624.96	3.0
641.44	3.0
664.36	3.0
702.0	3.0
707.44	3.0
711.88	3.0
733.12	3.0
757.16	3.0
767.2	3.0
795.36	3.0
828.88	3.0
845.28	3.0
863.08	3.0
944.0	3.0
985.48	3.0
1009.88	3.0
1021.32	3.0
1105.56	3.0
1119.72	3.0
1163.24	3.0
1195.0	3.0
1207.4	3.0
1339.76	3.0
414.48	5.0
427.36	5.0
436.68	5.0
444.88	5.0
510.52	5.0
561.84	5.0
685.0	5.0
708.8	5.0
385.88	5.0
419.8	5.0
422.68	5.0
441.88	5.0
462.4	5.0
472.4	5.0
501.0	5.0
530.64	5.0
536.44	5.0
580.4	5.0
674.12	5.0
893.56	5.0
1178.52	5.0
320.08	6.0
344.68	6.0
353.56	6.0
365.28	6.0
375.08	6.0
401.16	6.0
406.8	6.0
412.8	6.0
423.48	6.0
438.2	6.0
446.24	6.0
455.72	6.0
462.2	6.0
470.08	6.0
481.48	6.0
491.88	6.0
500.64	6.0
507.6	6.0
520.24	6.0
540.84	6.0
556.16	6.0
580.64	6.0
596.0	6.0
621.52	6.0
630.76	6.0
671.76	6.0
688.04	6.0
717.32	6.0
741.28	6.0
835.32	6.0
848.72	6.0
893.32	6.0
916.44	6.0
941.44	6.0
976.68	6.0
1015.24	6.0
1040.2	6.0
1109.68	6.0
1164.76	6.0
1194.84	6.0
1277.08	6.0
1311.36	6.0
380.48	7.0
419.64	7.0
446.12	7.0
462.6	7.0
471.72	7.0
520.64	7.0
889.28	7.0
941.8	7.0
1162.96	8.0
312.04	8.0
332.84	8.0
338.76	8.0
352.0	8.0
379.88	8.0
404.2	8.0
499.8	8.0
435.2	9.0
771.96	9.0
474.24	10.0
377.2	11.0
400.8	11.0
409.24	11.0
457.32	11.0
605.92	11.0
701.84	11.0
826.96	11.0
351.96	11.0
430.56	11.0
528.52	11.0
627.88	11.0
339.12	12.0
351.28	12.0
371.44	12.0
374.48	12.0
377.92	12.0
401.88	12.0
406.76	12.0
410.56	12.0
420.84	12.0
431.2	12.0
444.8	12.0
457.2	12.0
461.72	12.0
482.96	12.0
492.96	12.0
545.16	12.0
556.4	12.0
606.84	12.0
626.56	12.0
642.92	12.0
667.2	12.0
674.16	12.0
680.04	12.0
730.88	12.0
764.96	12.0
783.24	12.0
823.44	12.0
852.8	12.0
932.08	12.0
942.76	12.0
967.84	12.0
1008.8	12.0
1037.12	12.0
1039.84	12.0
1090.24	12.0
1114.36	12.0
1118.84	12.0
1178.64	12.0
1196.24	12.0
1255.96	12.0
1327.04	12.0
1329.64	12.0
377.84	13.0
391.76	13.0
398.32	13.0
405.4	13.0
414.88	13.0
424.44	13.0
434.36	13.0
445.08	13.0
448.96	13.0
457.36	13.0
471.48	13.0
477.88	13.0
481.76	13.0
497.68	13.0
520.92	13.0
532.28	13.0
549.6	13.0
565.84	13.0
589.0	13.0
605.16	13.0
613.72	13.0
623.48	13.0
640.0	13.0
643.48	13.0
646.08	13.0
662.52	13.0
688.92	13.0
717.96	13.0
736.6	13.0
759.56	13.0
792.0	13.0
819.52	13.0
849.08	13.0
865.2	13.0
899.12	13.0
943.72	13.0
989.64	13.0
1037.52	13.0
1047.16	13.0
1196.28	13.0
456.4	14.0
895.68	14.0
889.4	15.0
1152.68	15.0
426.12	16.0
479.48	16.0
490.04	16.0
581.0	16.0
1211.72	16.0
651.76	17.0
357.52	17.0
385.88	17.0
432.0	17.0
439.12	17.0
472.08	17.0
516.72	17.0
639.88	17.0
749.2	17.0
798.08	17.0
835.6	17.0
866.28	17.0
1335.96	17.0
381.68	18.0
409.48	18.0
1208.52	18.0
1260.36	18.0
429.76	19.0
479.12	19.0
517.12	19.0
595.84	19.0
468.6	20.0
269.2	20.0
298.04	20.0
307.48	20.0
311.48	20.0
315.44	20.0
318.32	20.0
325.04	20.0
329.4	20.0
333.44	20.0
335.96	20.0
338.48	20.0
349.08	20.0
363.76	20.0
366.28	20.0
369.88	20.0
375.64	20.0
381.16	20.0
386.04	20.0
397.96	20.0
403.36	20.0
407.88	20.0
414.96	20.0
419.64	20.0
426.28	20.0
429.92	20.0
444.16	20.0
449.36	20.0
455.88	20.0
463.04	20.0
473.2	20.0
479.2	20.0
484.96	20.0
491.44	20.0
499.32	20.0
516.84	20.0
528.12	20.0
548.6	20.0
555.96	20.0
564.76	20.0
571.92	20.0
595.88	20.0
619.2	20.0
627.6	20.0
651.2	20.0
659.92	20.0
666.84	20.0
672.44	20.0
688.24	20.0
700.6	20.0
714.8	20.0
730.6	20.0
740.52	20.0
771.6	20.0
798.04	20.0
827.04	20.0
856.68	20.0
868.32	20.0
898.28	20.0
929.96	20.0
947.88	20.0
975.56	20.0
984.04	20.0
1006.36	20.0
1015.4	20.0
1040.76	20.0
1056.72	20.0
1068.48	20.0
1085.96	20.0
1115.8	20.0
1134.28	20.0
1150.72	20.0
1162.16	20.0
1177.08	20.0
1231.96	20.0
1253.4	20.0
1277.0	20.0
1288.16	20.0
1310.2	20.0
1333.76	20.0
1339.0	20.0
1351.52	20.0
1374.96	20.0
455.16	22.0
503.76	22.0
378.0	23.0
451.6	23.0
566.68	23.0
831.64	23.0
866.2	23.0
357.52	24.0
377.08	24.0
