58.6	1.0
336.04	1.0
450.52	1.0
541.64	1.0
124.64	1.0
150.52	1.0
403.96	1.0
153.4	2.0
409.52	2.0
498.24	2.0
10.24	3.0
21.8	3.0
58.0	3.0
71.44	3.0
106.36	3.0
124.88	3.0
137.52	3.0
193.36	3.0
240.2	3.0
253.2	3.0
260.24	3.0
297.84	3.0
332.96	3.0
336.88	3.0
378.32	3.0
444.44	3.0
455.2	3.0
175.0	5.0
251.48	5.0
281.64	5.0
91.32	6.0
125.88	6.0
152.2	6.0
191.04	6.0
248.28	6.0
292.12	6.0
322.08	6.0
352.12	6.0
405.72	6.0
432.48	6.0
608.56	6.0
91.68	7.0
339.24	7.0
225.24	8.0
154.32	9.0
125.08	11.0
502.24	11.0
225.4	12.0
360.68	12.0
67.8	12.0
125.68	12.0
155.2	12.0
179.72	12.0
197.28	12.0
299.56	12.0
349.88	12.0
443.32	12.0
601.64	12.0
604.16	12.0
42.28	13.0
90.16	13.0
126.4	13.0
197.84	13.0
529.28	14.0
339.4	15.0
78.56	16.0
206.16	16.0
386.12	16.0
261.8	17.0
36.32	17.0
219.44	17.0
223.24	17.0
323.04	17.0
357.88	17.0
407.4	17.0
539.44	17.0
646.72	17.0
122.08	19.0
451.84	19.0
477.44	19.0
545.16	19.0
374.48	20.0
16.84	20.0
29.72	20.0
95.32	20.0
125.68	20.0
134.76	20.0
153.88	20.0
194.56	20.0
202.4	20.0
221.28	20.0
227.72	20.0
232.8	20.0
254.96	20.0
277.68	20.0
286.2	20.0
305.4	20.0
317.48	20.0
336.28	20.0
340.88	20.0
350.0	20.0
356.72	20.0
371.28	20.0
388.84	20.0
413.0	20.0
431.2	20.0
443.16	20.0
451.6	20.0
484.48	20.0
487.4	20.0
501.72	20.0
549.64	20.0
574.28	20.0
677.4	20.0
438.12	23.0
97.04	23.0
158.24	23.0
