517.48	1.0
565.4	1.0
587.56	1.0
608.04	1.0
1273.56	1.0
530.04	1.0
572.68	1.0
583.76	1.0
598.44	1.0
604.8	1.0
621.24	1.0
629.28	1.0
640.96	1.0
668.32	1.0
670.96	1.0
696.84	1.0
754.88	1.0
814.0	1.0
1026.16	1.0
1251.4	1.0
479.76	2.0
526.4	2.0
556.28	2.0
584.96	2.0
624.72	2.0
649.12	2.0
652.68	2.0
691.12	2.0
742.16	2.0
528.8	3.0
571.44	3.0
582.96	3.0
586.2	3.0
598.48	3.0
603.44	3.0
610.64	3.0
619.44	3.0
627.6	3.0
634.08	3.0
650.52	3.0
671.12	3.0
674.92	3.0
696.6	3.0
718.68	3.0
732.36	3.0
735.88	3.0
749.36	3.0
757.84	3.0
763.16	3.0
766.4	3.0
775.64	3.0
789.52	3.0
795.92	3.0
800.84	3.0
810.28	3.0
823.72	3.0
840.4	3.0
851.24	3.0
857.76	3.0
870.16	3.0
874.68	3.0
890.88	3.0
902.48	3.0
911.28	3.0
932.68	3.0
957.4	3.0
969.04	3.0
994.24	3.0
996.92	3.0
1012.2	3.0
1046.2	3.0
1069.0	3.0
1078.4	3.0
1118.32	3.0
1126.2	3.0
1166.96	3.0
1198.48	3.0
1242.72	3.0
1268.32	3.0
1272.36	3.0
560.52	5.0
572.2	5.0
824.2	5.0
1036.08	5.0
1067.8	5.0
587.0	5.0
624.16	5.0
646.44	5.0
667.68	5.0
688.76	5.0
694.12	5.0
716.88	5.0
739.28	5.0
763.28	5.0
794.6	5.0
814.4	5.0
879.84	5.0
1112.2	5.0
520.84	6.0
545.32	6.0
550.72	6.0
558.16	6.0
561.6	6.0
570.88	6.0
576.6	6.0
579.88	6.0
585.72	6.0
592.64	6.0
601.8	6.0
605.92	6.0
617.4	6.0
629.16	6.0
635.88	6.0
648.48	6.0
654.32	6.0
659.08	6.0
664.76	6.0
673.0	6.0
678.6	6.0
684.12	6.0
697.24	6.0
704.48	6.0
718.92	6.0
755.12	6.0
763.16	6.0
771.68	6.0
784.64	6.0
800.84	6.0
814.0	6.0
825.0	6.0
850.6	6.0
882.72	6.0
909.84	6.0
920.64	6.0
935.48	6.0
955.64	6.0
983.6	6.0
1012.44	6.0
1029.08	6.0
1088.0	6.0
1151.56	6.0
1242.08	6.0
1254.88	6.0
1299.12	6.0
570.76	7.0
600.28	7.0
606.28	7.0
616.32	7.0
638.84	7.0
662.68	7.0
673.32	7.0
685.16	7.0
701.96	7.0
715.6	7.0
822.28	7.0
1248.56	7.0
626.32	8.0
877.24	8.0
955.0	8.0
1097.64	8.0
604.4	8.0
619.2	8.0
643.04	8.0
662.16	8.0
694.04	8.0
611.68	9.0
635.92	9.0
651.08	9.0
783.44	9.0
528.76	11.0
569.72	11.0
593.12	11.0
598.24	11.0
627.84	11.0
653.36	11.0
547.96	11.0
559.36	11.0
582.04	11.0
608.52	11.0
638.04	11.0
661.76	11.0
701.24	11.0
756.76	11.0
656.92	12.0
1008.24	12.0
1241.8	12.0
548.52	12.0
551.84	12.0
556.64	12.0
566.2	12.0
569.96	12.0
582.0	12.0
585.4	12.0
588.32	12.0
603.64	12.0
630.36	12.0
638.4	12.0
642.48	12.0
649.36	12.0
673.2	12.0
677.72	12.0
694.8	12.0
704.6	12.0
737.68	12.0
743.32	12.0
758.76	12.0
772.88	12.0
822.4	12.0
870.52	12.0
889.16	12.0
983.12	12.0
1073.32	12.0
1092.52	12.0
1149.04	12.0
1225.64	12.0
1230.16	12.0
1307.2	12.0
563.0	13.0
565.84	13.0
573.56	13.0
584.56	13.0
592.6	13.0
602.32	13.0
610.88	13.0
615.68	13.0
618.2	13.0
627.68	13.0
642.6	13.0
646.56	13.0
649.8	13.0
664.32	13.0
672.28	13.0
683.92	13.0
695.52	13.0
703.08	13.0
719.12	13.0
732.88	13.0
742.28	13.0
756.36	13.0
763.92	13.0
768.4	13.0
775.72	13.0
785.16	13.0
798.8	13.0
813.72	13.0
826.36	13.0
843.2	13.0
867.88	13.0
882.4	13.0
887.88	13.0
906.64	13.0
935.36	13.0
958.56	13.0
998.96	13.0
1028.52	13.0
1055.48	13.0
1086.52	13.0
1157.04	13.0
1243.72	13.0
573.44	14.0
653.12	14.0
763.68	14.0
889.72	14.0
570.88	15.0
600.36	15.0
607.08	15.0
588.68	16.0
619.36	16.0
643.12	16.0
698.6	16.0
745.48	16.0
831.2	16.0
1060.92	16.0
612.12	17.0
682.36	17.0
1076.48	17.0
524.36	17.0
538.8	17.0
578.36	17.0
585.16	17.0
591.52	17.0
607.32	17.0
627.16	17.0
643.28	17.0
661.56	17.0
669.44	17.0
807.6	17.0
931.68	17.0
970.76	17.0
991.16	17.0
1035.32	17.0
1160.96	17.0
573.96	18.0
670.68	18.0
698.84	18.0
872.2	18.0
970.6	18.0
1070.08	18.0
583.04	19.0
598.64	19.0
670.8	19.0
630.24	20.0
482.08	20.0
493.24	20.0
504.2	20.0
515.28	20.0
519.32	20.0
525.12	20.0
529.0	20.0
534.2	20.0
538.72	20.0
545.72	20.0
550.08	20.0
554.4	20.0
558.84	20.0
563.76	20.0
569.52	20.0
579.44	20.0
583.76	20.0
587.84	20.0
594.2	20.0
598.92	20.0
605.92	20.0
610.32	20.0
616.08	20.0
619.84	20.0
625.24	20.0
635.44	20.0
639.6	20.0
644.52	20.0
648.04	20.0
652.72	20.0
664.92	20.0
670.32	20.0
677.48	20.0
682.0	20.0
689.48	20.0
693.44	20.0
698.4	20.0
723.16	20.0
733.8	20.0
757.44	20.0
761.56	20.0
775.2	20.0
781.68	20.0
786.96	20.0
795.0	20.0
801.2	20.0
807.28	20.0
842.28	20.0
850.04	20.0
883.12	20.0
890.0	20.0
909.92	20.0
920.28	20.0
958.24	20.0
982.2	20.0
990.96	20.0
1001.92	20.0
1011.36	20.0
1027.24	20.0
1039.12	20.0
1057.28	20.0
1068.12	20.0
1085.24	20.0
1099.4	20.0
1147.92	20.0
1151.2	20.0
1161.08	20.0
1181.24	20.0
1194.96	20.0
1206.64	20.0
1228.08	20.0
1232.56	20.0
1249.08	20.0
1257.12	20.0
1273.48	20.0
1289.64	20.0
1302.04	20.0
1310.8	20.0
604.08	22.0
615.48	22.0
626.72	22.0
669.56	22.0
553.0	23.0
584.76	23.0
615.88	23.0
650.76	23.0
669.88	23.0
676.08	23.0
608.16	23.0
729.0	23.0
742.56	23.0
770.88	23.0
546.6	24.0
562.28	24.0
606.16	24.0
