504.52	1.0
525.44	1.0
557.04	1.0
576.36	1.0
584.36	1.0
594.28	1.0
616.08	1.0
696.36	1.0
737.8	1.0
1310.04	1.0
1371.68	1.0
1405.56	1.0
608.84	1.0
626.32	1.0
642.0	1.0
644.56	1.0
668.16	1.0
714.48	1.0
1214.52	1.0
484.84	2.0
535.44	2.0
583.36	2.0
596.76	2.0
628.32	2.0
635.36	2.0
669.84	2.0
718.6	2.0
864.84	2.0
1349.16	2.0
1409.0	2.0
559.12	3.0
581.48	3.0
585.92	3.0
596.52	3.0
601.52	3.0
608.8	3.0
616.4	3.0
628.64	3.0
631.88	3.0
642.16	3.0
649.88	3.0
654.28	3.0
658.88	3.0
665.48	3.0
677.8	3.0
700.16	3.0
745.48	3.0
757.04	3.0
764.12	3.0
775.12	3.0
789.6	3.0
800.8	3.0
805.24	3.0
834.68	3.0
850.32	3.0
866.2	3.0
908.04	3.0
912.56	3.0
926.0	3.0
940.6	3.0
1011.4	3.0
1032.84	3.0
1058.48	3.0
1065.32	3.0
1101.16	3.0
1141.32	3.0
1175.2	3.0
1207.44	3.0
1234.12	3.0
1263.4	3.0
1285.68	3.0
1299.32	3.0
1326.32	3.0
1361.88	3.0
1396.96	3.0
634.36	5.0
1207.04	5.0
570.28	5.0
586.12	5.0
609.64	5.0
628.64	5.0
648.36	5.0
675.44	5.0
697.76	5.0
752.64	5.0
800.4	5.0
936.48	5.0
1025.84	5.0
1070.32	5.0
1285.76	5.0
534.44	6.0
556.68	6.0
562.0	6.0
569.6	6.0
577.84	6.0
584.92	6.0
590.36	6.0
596.4	6.0
600.24	6.0
605.88	6.0
610.56	6.0
616.4	6.0
628.28	6.0
634.68	6.0
641.64	6.0
646.68	6.0
649.52	6.0
679.8	6.0
684.4	6.0
690.44	6.0
696.52	6.0
704.12	6.0
713.16	6.0
720.28	6.0
725.64	6.0
736.2	6.0
745.16	6.0
761.28	6.0
772.84	6.0
788.24	6.0
800.88	6.0
807.56	6.0
856.04	6.0
902.96	6.0
922.56	6.0
946.52	6.0
991.4	6.0
1040.52	6.0
1063.96	6.0
1094.24	6.0
1134.56	6.0
1167.96	6.0
1202.16	6.0
1253.92	6.0
1312.04	6.0
1321.4	6.0
1347.56	6.0
1358.48	6.0
1383.12	6.0
1398.28	6.0
586.8	7.0
596.68	7.0
607.16	7.0
621.84	7.0
626.84	7.0
644.88	7.0
677.0	7.0
680.12	7.0
711.32	7.0
802.12	7.0
830.96	7.0
847.24	7.0
933.36	7.0
1027.24	7.0
1168.32	7.0
587.8	8.0
932.6	8.0
582.84	8.0
592.36	8.0
601.08	8.0
606.68	8.0
612.52	8.0
619.0	8.0
629.28	8.0
663.04	8.0
667.8	8.0
835.8	8.0
611.24	9.0
630.6	9.0
1023.72	9.0
1076.16	9.0
1107.52	9.0
1165.24	9.0
606.2	11.0
640.84	11.0
664.8	11.0
1351.56	11.0
612.76	11.0
632.92	11.0
906.28	11.0
921.64	11.0
585.84	12.0
612.28	12.0
684.4	12.0
706.68	12.0
1033.04	12.0
561.96	12.0
591.2	12.0
597.72	12.0
618.76	12.0
628.12	12.0
632.4	12.0
640.6	12.0
646.92	12.0
657.12	12.0
665.68	12.0
674.32	12.0
680.64	12.0
697.12	12.0
712.92	12.0
726.32	12.0
761.64	12.0
892.56	12.0
1054.04	12.0
1077.36	12.0
1111.76	12.0
1165.24	12.0
1249.84	12.0
1285.8	12.0
1380.72	12.0
607.04	13.0
564.24	13.0
570.6	13.0
576.2	13.0
586.92	13.0
596.16	13.0
604.52	13.0
612.92	13.0
622.48	13.0
628.68	13.0
631.64	13.0
641.88	13.0
651.08	13.0
657.68	13.0
660.2	13.0
672.92	13.0
682.2	13.0
687.2	13.0
695.6	13.0
710.56	13.0
720.64	13.0
740.0	13.0
755.32	13.0
771.72	13.0
784.32	13.0
796.72	13.0
814.16	13.0
831.12	13.0
847.56	13.0
863.92	13.0
884.84	13.0
903.16	13.0
921.56	13.0
949.96	13.0
966.56	13.0
988.32	13.0
1015.6	13.0
1037.8	13.0
1062.96	13.0
1083.08	13.0
1116.48	13.0
1154.32	13.0
1169.6	13.0
1317.24	13.0
1384.4	13.0
563.52	14.0
578.72	14.0
628.32	14.0
656.0	14.0
710.48	14.0
586.88	15.0
596.72	15.0
607.36	15.0
682.28	15.0
597.56	16.0
626.48	16.0
684.0	16.0
821.24	16.0
869.0	16.0
986.96	16.0
1058.76	16.0
1120.0	16.0
597.44	17.0
658.32	17.0
912.12	17.0
517.68	17.0
564.24	17.0
570.88	17.0
573.68	17.0
631.0	17.0
645.72	17.0
648.52	17.0
673.68	17.0
676.4	17.0
681.96	17.0
689.12	17.0
926.88	17.0
1016.08	17.0
1027.6	17.0
1063.44	17.0
1206.48	17.0
1239.64	17.0
1349.16	17.0
1378.64	17.0
538.04	18.0
611.84	18.0
639.2	18.0
651.64	18.0
926.92	18.0
1054.04	18.0
597.2	19.0
606.56	19.0
658.44	19.0
720.6	19.0
731.68	19.0
761.64	19.0
1062.2	19.0
605.88	20.0
658.88	20.0
677.84	20.0
487.16	20.0
508.64	20.0
520.28	20.0
527.2	20.0
532.08	20.0
537.72	20.0
544.72	20.0
551.44	20.0
555.28	20.0
560.6	20.0
569.16	20.0
572.68	20.0
577.08	20.0
583.28	20.0
587.6	20.0
592.76	20.0
597.24	20.0
601.84	20.0
612.16	20.0
616.72	20.0
628.72	20.0
633.44	20.0
637.08	20.0
641.96	20.0
646.72	20.0
656.32	20.0
662.6	20.0
665.76	20.0
672.36	20.0
683.8	20.0
696.64	20.0
711.44	20.0
720.68	20.0
732.76	20.0
743.2	20.0
752.52	20.0
761.24	20.0
767.56	20.0
779.48	20.0
790.08	20.0
799.44	20.0
809.76	20.0
825.44	20.0
831.12	20.0
853.56	20.0
863.36	20.0
875.4	20.0
905.72	20.0
916.24	20.0
946.32	20.0
953.96	20.0
985.12	20.0
1000.2	20.0
1011.12	20.0
1022.92	20.0
1029.96	20.0
1037.76	20.0
1060.0	20.0
1067.8	20.0
1091.2	20.0
1102.4	20.0
1115.52	20.0
1127.44	20.0
1152.24	20.0
1163.72	20.0
1167.76	20.0
1186.68	20.0
1207.12	20.0
1224.28	20.0
1238.64	20.0
1249.04	20.0
1269.8	20.0
1286.72	20.0
1311.52	20.0
1332.08	20.0
1351.2	20.0
1361.6	20.0
1382.28	20.0
1388.28	20.0
632.84	22.0
661.12	22.0
686.2	22.0
611.0	22.0
629.36	22.0
650.68	22.0
698.0	22.0
594.28	23.0
626.2	23.0
683.32	23.0
737.92	23.0
756.52	23.0
805.36	23.0
962.16	23.0
985.48	23.0
610.12	23.0
643.36	23.0
859.56	23.0
558.44	24.0
576.04	24.0
634.12	24.0
667.4	24.0
