105.32	1.0
214.04	1.0
244.8	1.0
331.16	1.0
457.32	1.0
90.04	1.0
149.08	1.0
152.36	1.0
479.84	1.0
88.08	2.0
291.52	2.0
467.4	2.0
3.32	3.0
14.8	3.0
52.72	3.0
84.8	3.0
209.0	3.0
227.56	3.0
239.4	3.0
248.8	3.0
304.48	3.0
307.36	3.0
317.04	3.0
320.8	3.0
330.44	3.0
334.44	3.0
377.92	3.0
19.56	5.0
349.24	5.0
58.12	5.0
246.16	5.0
28.16	6.0
67.76	6.0
124.96	6.0
141.6	6.0
159.04	6.0
210.52	6.0
238.64	6.0
250.36	6.0
287.68	6.0
320.92	6.0
343.52	6.0
364.64	6.0
457.52	6.0
542.48	6.0
28.48	7.0
226.16	8.0
246.4	8.0
319.68	8.0
347.68	8.0
217.4	9.0
360.36	9.0
466.6	9.0
472.0	9.0
345.48	11.0
361.76	11.0
453.72	11.0
30.28	12.0
81.08	12.0
125.64	12.0
230.72	12.0
245.44	12.0
275.88	12.0
345.28	12.0
351.0	12.0
409.0	12.0
488.24	12.0
548.28	12.0
77.32	13.0
177.24	13.0
253.16	13.0
303.72	13.0
321.16	13.0
329.52	13.0
355.24	13.0
243.52	14.0
306.96	14.0
151.48	15.0
261.08	16.0
416.28	16.0
534.96	16.0
15.56	17.0
21.2	17.0
67.92	17.0
142.68	17.0
153.0	17.0
244.32	17.0
265.88	17.0
272.96	17.0
348.16	17.0
481.0	17.0
35.44	18.0
445.88	18.0
201.48	19.0
397.36	19.0
13.84	20.0
23.88	20.0
40.0	20.0
49.84	20.0
56.96	20.0
88.2	20.0
114.76	20.0
122.56	20.0
136.48	20.0
151.72	20.0
163.24	20.0
177.32	20.0
185.44	20.0
201.48	20.0
212.64	20.0
227.64	20.0
238.28	20.0
250.24	20.0
260.92	20.0
279.2	20.0
288.52	20.0
295.0	20.0
303.08	20.0
316.2	20.0
322.44	20.0
329.36	20.0
340.28	20.0
345.68	20.0
354.24	20.0
364.24	20.0
399.6	20.0
414.0	20.0
427.2	20.0
453.52	20.0
471.36	20.0
488.12	20.0
524.2	20.0
543.16	20.0
246.0	21.0
487.76	23.0
