582.8	1.0
603.64	1.0
621.64	1.0
634.48	1.0
649.8	1.0
772.68	1.0
830.04	1.0
637.2	1.0
643.36	1.0
666.12	1.0
694.04	1.0
711.44	1.0
727.84	1.0
741.36	1.0
761.84	1.0
780.6	1.0
795.64	1.0
1086.4	1.0
564.44	2.0
583.0	2.0
623.44	2.0
641.6	2.0
667.84	2.0
677.32	2.0
704.96	2.0
725.88	2.0
846.76	2.0
1279.88	2.0
620.48	3.0
633.08	3.0
636.84	3.0
641.8	3.0
644.92	3.0
653.68	3.0
661.12	3.0
663.8	3.0
673.44	3.0
683.96	3.0
705.56	3.0
708.84	3.0
712.04	3.0
719.64	3.0
726.8	3.0
732.96	3.0
744.0	3.0
782.08	3.0
821.88	3.0
827.28	3.0
833.24	3.0
846.24	3.0
871.36	3.0
912.96	3.0
945.84	3.0
958.28	3.0
997.12	3.0
1010.96	3.0
1018.64	3.0
1024.04	3.0
1063.96	3.0
1068.56	3.0
1096.0	3.0
1101.48	3.0
1118.88	3.0
1158.76	3.0
1227.28	3.0
1251.84	3.0
1269.28	3.0
1280.32	3.0
1294.84	3.0
640.04	5.0
747.72	5.0
936.0	5.0
942.04	5.0
632.76	5.0
662.8	5.0
682.08	5.0
699.12	5.0
711.6	5.0
736.52	5.0
743.32	5.0
761.36	5.0
765.48	5.0
789.4	5.0
819.16	5.0
899.96	5.0
966.68	5.0
1021.64	5.0
572.12	6.0
602.64	6.0
610.32	6.0
618.64	6.0
628.52	6.0
634.68	6.0
640.84	6.0
648.16	6.0
658.92	6.0
664.76	6.0
668.24	6.0
673.88	6.0
683.84	6.0
690.52	6.0
695.52	6.0
701.4	6.0
711.76	6.0
718.52	6.0
724.2	6.0
738.36	6.0
744.84	6.0
749.2	6.0
759.88	6.0
764.84	6.0
782.04	6.0
791.08	6.0
801.8	6.0
812.6	6.0
824.12	6.0
835.16	6.0
847.4	6.0
866.28	6.0
902.72	6.0
916.64	6.0
942.64	6.0
955.44	6.0
969.84	6.0
990.68	6.0
1003.52	6.0
1024.32	6.0
1036.64	6.0
1109.32	6.0
1179.64	6.0
1186.48	6.0
1221.2	6.0
1244.88	6.0
1265.88	6.0
1291.4	6.0
618.96	7.0
635.04	7.0
638.6	7.0
659.36	7.0
674.32	7.0
691.76	7.0
701.72	7.0
738.84	7.0
749.64	7.0
768.92	7.0
791.4	7.0
802.88	7.0
824.48	7.0
880.36	7.0
954.48	7.0
1110.88	7.0
566.36	8.0
652.0	8.0
1142.84	8.0
635.72	8.0
642.76	8.0
661.12	8.0
672.36	8.0
694.6	8.0
711.08	8.0
889.48	8.0
942.44	8.0
1002.48	8.0
644.32	9.0
682.24	9.0
695.8	9.0
732.12	9.0
1159.64	9.0
666.88	10.0
822.44	10.0
632.96	11.0
644.84	11.0
647.48	11.0
699.88	11.0
664.12	11.0
684.6	11.0
695.24	11.0
605.96	12.0
704.56	12.0
741.88	12.0
567.52	12.0
586.64	12.0
596.08	12.0
610.64	12.0
633.16	12.0
637.48	12.0
640.4	12.0
642.96	12.0
660.4	12.0
665.8	12.0
673.52	12.0
685.0	12.0
700.84	12.0
711.68	12.0
737.32	12.0
744.8	12.0
778.16	12.0
790.12	12.0
820.12	12.0
828.8	12.0
846.96	12.0
900.84	12.0
915.68	12.0
944.92	12.0
970.16	12.0
1002.8	12.0
1020.48	12.0
1093.92	12.0
1174.44	12.0
1211.6	12.0
1247.08	12.0
761.48	13.0
619.52	13.0
632.92	13.0
643.08	13.0
654.84	13.0
663.72	13.0
674.28	13.0
682.88	13.0
692.8	13.0
701.0	13.0
709.52	13.0
723.0	13.0
725.84	13.0
732.0	13.0
741.68	13.0
771.76	13.0
782.92	13.0
791.72	13.0
805.96	13.0
820.32	13.0
834.16	13.0
846.32	13.0
865.12	13.0
881.16	13.0
902.4	13.0
915.32	13.0
941.88	13.0
959.52	13.0
981.24	13.0
1000.04	13.0
1018.08	13.0
1021.72	13.0
1043.88	13.0
1079.44	13.0
1096.28	13.0
1138.84	13.0
1189.04	13.0
1221.36	13.0
1264.04	13.0
620.64	14.0
637.04	14.0
664.8	14.0
701.8	14.0
725.96	14.0
783.12	14.0
1021.8	14.0
638.76	15.0
661.6	15.0
691.84	15.0
880.52	15.0
954.56	15.0
1111.0	15.0
650.32	16.0
670.52	16.0
694.92	16.0
1018.76	16.0
1263.88	16.0
810.6	17.0
1041.28	17.0
1183.48	17.0
583.12	17.0
602.12	17.0
615.0	17.0
662.8	17.0
670.6	17.0
687.0	17.0
697.88	17.0
703.76	17.0
719.44	17.0
786.32	17.0
832.48	17.0
837.32	17.0
840.28	17.0
883.28	17.0
1225.48	17.0
1282.4	17.0
636.96	18.0
668.0	18.0
673.56	18.0
711.32	18.0
926.32	18.0
1101.48	18.0
630.96	19.0
645.32	19.0
669.88	19.0
762.52	19.0
1089.96	19.0
791.4	20.0
553.88	20.0
559.64	20.0
566.2	20.0
570.72	20.0
576.2	20.0
584.0	20.0
589.88	20.0
594.84	20.0
600.64	20.0
605.04	20.0
613.28	20.0
616.6	20.0
620.12	20.0
624.92	20.0
631.08	20.0
635.56	20.0
641.28	20.0
645.0	20.0
657.64	20.0
663.52	20.0
667.56	20.0
671.96	20.0
677.72	20.0
690.16	20.0
694.72	20.0
702.8	20.0
707.84	20.0
712.16	20.0
718.68	20.0
724.2	20.0
728.8	20.0
735.76	20.0
740.44	20.0
744.92	20.0
754.84	20.0
761.04	20.0
770.96	20.0
774.72	20.0
782.44	20.0
786.64	20.0
805.68	20.0
811.84	20.0
828.64	20.0
834.0	20.0
846.96	20.0
880.28	20.0
890.96	20.0
906.72	20.0
918.16	20.0
933.28	20.0
937.64	20.0
965.64	20.0
980.68	20.0
988.32	20.0
1004.2	20.0
1012.68	20.0
1028.84	20.0
1079.08	20.0
1089.84	20.0
1092.44	20.0
1136.28	20.0
1153.52	20.0
1170.96	20.0
1196.2	20.0
1211.36	20.0
1229.2	20.0
1243.12	20.0
1250.48	20.0
1253.0	20.0
1281.76	20.0
1288.96	20.0
650.08	21.0
712.12	21.0
616.72	22.0
667.2	22.0
697.72	22.0
704.16	22.0
824.48	22.0
676.32	23.0
699.24	23.0
786.56	23.0
791.2	23.0
830.08	23.0
653.64	23.0
740.16	23.0
611.72	24.0
663.12	24.0
881.12	24.0
