712.76	1.0
740.16	1.0
805.64	1.0
814.88	1.0
823.24	1.0
846.32	1.0
850.2	1.0
869.4	1.0
887.6	1.0
1259.92	1.0
836.92	1.0
965.44	1.0
1281.64	1.0
696.16	2.0
739.88	2.0
827.4	2.0
870.48	2.0
971.52	2.0
810.36	3.0
814.12	3.0
824.68	3.0
838.24	3.0
846.88	3.0
854.24	3.0
858.4	3.0
867.6	3.0
872.76	3.0
876.92	3.0
886.04	3.0
907.08	3.0
909.92	3.0
914.04	3.0
925.88	3.0
937.04	3.0
955.04	3.0
972.0	3.0
979.16	3.0
982.68	3.0
994.8	3.0
1007.08	3.0
1022.12	3.0
1046.4	3.0
1062.72	3.0
1081.48	3.0
1097.28	3.0
1112.72	3.0
1133.32	3.0
1155.76	3.0
1189.44	3.0
1211.12	3.0
1226.84	3.0
1230.68	3.0
1261.2	3.0
815.32	5.0
853.64	5.0
877.88	5.0
802.84	5.0
864.08	5.0
885.76	5.0
908.64	5.0
932.88	5.0
944.52	5.0
959.44	5.0
968.44	5.0
973.24	5.0
984.32	5.0
1041.08	5.0
1085.32	5.0
1159.32	5.0
749.0	6.0
766.8	6.0
781.2	6.0
794.0	6.0
801.6	6.0
808.64	6.0
817.6	6.0
826.08	6.0
833.8	6.0
839.4	6.0
847.72	6.0
853.04	6.0
858.8	6.0
868.96	6.0
874.04	6.0
883.8	6.0
893.52	6.0
900.16	6.0
920.36	6.0
928.76	6.0
945.56	6.0
958.2	6.0
968.6	6.0
980.56	6.0
995.48	6.0
1004.28	6.0
1021.28	6.0
1031.96	6.0
1080.04	6.0
1110.92	6.0
1129.8	6.0
1160.24	6.0
1178.04	6.0
1199.24	6.0
1220.84	6.0
1235.8	6.0
1295.44	6.0
794.36	7.0
800.32	7.0
837.32	7.0
846.0	7.0
866.96	7.0
880.6	7.0
884.16	7.0
907.52	7.0
958.56	7.0
968.72	7.0
1111.2	7.0
1131.76	7.0
1230.24	7.0
899.44	8.0
917.6	8.0
938.0	8.0
1023.32	8.0
1055.36	8.0
1131.6	8.0
1281.44	8.0
749.24	8.0
816.84	8.0
836.92	8.0
855.72	8.0
879.96	8.0
868.12	9.0
970.52	9.0
814.12	11.0
824.16	11.0
1005.16	11.0
742.76	11.0
780.52	11.0
866.28	11.0
889.28	11.0
938.4	11.0
742.24	12.0
806.08	12.0
1023.4	12.0
1131.6	12.0
769.48	12.0
786.52	12.0
800.36	12.0
818.16	12.0
821.0	12.0
824.08	12.0
838.64	12.0
845.4	12.0
848.56	12.0
867.92	12.0
873.2	12.0
887.68	12.0
918.88	12.0
937.6	12.0
954.72	12.0
976.6	12.0
982.2	12.0
1002.84	12.0
1054.84	12.0
1064.36	12.0
1084.36	12.0
1100.44	12.0
1226.64	12.0
1277.6	12.0
815.8	13.0
848.24	13.0
870.12	13.0
804.8	13.0
838.48	13.0
845.52	13.0
856.84	13.0
867.08	13.0
887.08	13.0
901.36	13.0
909.8	13.0
923.4	13.0
934.76	13.0
947.88	13.0
962.04	13.0
976.92	13.0
988.28	13.0
992.28	13.0
1006.48	13.0
1024.24	13.0
1043.44	13.0
1061.28	13.0
1087.48	13.0
1104.52	13.0
1124.44	13.0
1144.52	13.0
1165.2	13.0
1200.48	13.0
1240.24	13.0
1286.68	13.0
962.4	14.0
816.48	14.0
853.88	14.0
866.4	14.0
1041.36	14.0
800.44	15.0
837.36	15.0
867.08	15.0
880.68	15.0
907.6	15.0
968.8	15.0
839.6	16.0
870.04	16.0
922.88	16.0
990.28	16.0
1115.48	16.0
1294.8	16.0
797.48	17.0
826.4	17.0
737.52	17.0
767.2	17.0
808.96	17.0
818.2	17.0
847.12	17.0
856.0	17.0
866.92	17.0
901.32	17.0
914.48	17.0
922.04	17.0
961.2	17.0
1011.56	17.0
1044.52	17.0
1072.48	17.0
1160.0	17.0
1198.76	17.0
1204.76	17.0
1218.28	17.0
1233.12	17.0
767.04	18.0
776.96	18.0
952.8	18.0
961.0	18.0
996.16	18.0
835.68	19.0
868.4	19.0
909.28	19.0
917.96	19.0
986.84	19.0
1232.4	19.0
976.52	20.0
1088.6	20.0
651.68	20.0
667.36	20.0
689.56	20.0
698.72	20.0
711.92	20.0
726.56	20.0
730.84	20.0
741.92	20.0
746.96	20.0
752.68	20.0
764.92	20.0
767.44	20.0
770.08	20.0
779.96	20.0
787.28	20.0
792.36	20.0
798.76	20.0
803.4	20.0
808.36	20.0
811.52	20.0
817.92	20.0
822.16	20.0
830.0	20.0
836.08	20.0
839.52	20.0
846.4	20.0
849.92	20.0
855.28	20.0
862.88	20.0
868.44	20.0
873.04	20.0
878.08	20.0
884.28	20.0
888.76	20.0
895.48	20.0
900.56	20.0
907.56	20.0
912.52	20.0
918.04	20.0
925.64	20.0
930.04	20.0
945.68	20.0
949.88	20.0
957.8	20.0
970.48	20.0
986.92	20.0
993.4	20.0
1004.28	20.0
1010.64	20.0
1019.28	20.0
1026.8	20.0
1064.8	20.0
1079.4	20.0
1099.24	20.0
1116.36	20.0
1128.16	20.0
1145.32	20.0
1180.84	20.0
1201.56	20.0
1211.2	20.0
1220.84	20.0
1238.08	20.0
1244.64	20.0
1264.24	20.0
1290.48	20.0
799.96	22.0
869.76	22.0
913.0	22.0
816.32	23.0
846.2	23.0
886.8	23.0
926.08	23.0
976.64	23.0
1101.92	23.0
853.0	23.0
867.96	23.0
1005.52	23.0
1231.8	23.0
784.8	24.0
857.08	24.0
868.64	24.0
909.12	24.0
1023.08	24.0
