52.96	1.0
70.76	1.0
610.48	1.0
733.88	1.0
912.56	1.0
7.72	1.0
16.92	1.0
32.72	1.0
38.48	1.0
47.4	1.0
82.6	1.0
200.12	1.0
219.76	1.0
312.2	1.0
490.44	1.0
524.52	1.0
631.36	1.0
1097.92	1.0
19.88	2.0
689.16	2.0
990.08	2.0
1096.4	2.0
11.32	3.0
20.44	3.0
30.72	3.0
44.8	3.0
51.84	3.0
65.4	3.0
84.56	3.0
87.68	3.0
107.84	3.0
126.84	3.0
140.92	3.0
147.16	3.0
153.2	3.0
166.6	3.0
169.8	3.0
186.88	3.0
212.28	3.0
219.4	3.0
233.52	3.0
255.44	3.0
272.72	3.0
285.76	3.0
299.28	3.0
313.68	3.0
345.76	3.0
363.92	3.0
390.2	3.0
420.24	3.0
441.72	3.0
445.56	3.0
484.24	3.0
488.16	3.0
511.8	3.0
532.2	3.0
550.88	3.0
599.96	3.0
602.52	3.0
636.64	3.0
639.6	3.0
678.04	3.0
733.72	3.0
774.24	3.0
792.2	3.0
798.04	3.0
842.6	3.0
870.68	3.0
933.16	3.0
980.96	3.0
994.12	3.0
1023.68	3.0
1084.24	3.0
64.04	5.0
265.16	5.0
419.84	5.0
629.12	5.0
11.36	5.0
22.08	5.0
27.56	5.0
56.24	5.0
87.44	5.0
107.72	5.0
134.48	5.0
137.08	5.0
169.92	5.0
208.0	5.0
292.6	5.0
460.88	5.0
518.28	5.0
617.88	5.0
1088.08	5.0
3.64	6.0
9.68	6.0
18.24	6.0
31.96	6.0
36.0	6.0
44.16	6.0
52.84	6.0
63.6	6.0
74.0	6.0
82.72	6.0
88.64	6.0
95.64	6.0
111.32	6.0
122.76	6.0
146.36	6.0
153.8	6.0
180.28	6.0
196.0	6.0
208.08	6.0
238.28	6.0
247.08	6.0
322.76	6.0
366.2	6.0
398.52	6.0
465.48	6.0
499.44	6.0
527.36	6.0
612.8	6.0
650.68	6.0
717.8	6.0
753.4	6.0
768.84	6.0
809.16	6.0
838.88	6.0
938.64	6.0
957.64	6.0
972.6	6.0
1064.92	6.0
1098.96	6.0
18.76	7.0
43.0	7.0
53.16	7.0
62.2	7.0
120.44	7.0
398.84	7.0
460.2	7.0
401.88	8.0
550.68	8.0
610.84	8.0
1070.0	8.0
19.16	8.0
742.64	8.0
151.36	9.0
161.24	9.0
32.84	11.0
55.16	11.0
168.56	11.0
33.24	12.0
22.08	12.0
42.4	12.0
65.28	12.0
98.4	12.0
112.4	12.0
125.28	12.0
168.44	12.0
174.52	12.0
184.76	12.0
201.44	12.0
209.6	12.0
248.76	12.0
297.76	12.0
390.32	12.0
416.6	12.0
445.16	12.0
468.8	12.0
520.08	12.0
600.04	12.0
674.76	12.0
714.16	12.0
745.72	12.0
777.56	12.0
892.8	12.0
957.0	12.0
961.28	12.0
1034.4	12.0
1059.64	12.0
1075.72	12.0
1128.56	12.0
10.84	13.0
15.16	13.0
28.48	13.0
31.8	13.0
43.0	13.0
53.96	13.0
65.04	13.0
74.4	13.0
91.64	13.0
97.08	13.0
106.24	13.0
120.68	13.0
132.2	13.0
147.96	13.0
166.08	13.0
195.68	13.0
213.04	13.0
230.72	13.0
267.56	13.0
288.4	13.0
316.2	13.0
342.08	13.0
367.28	13.0
417.88	13.0
462.16	13.0
511.84	13.0
585.56	13.0
695.08	13.0
750.32	13.0
787.28	13.0
815.88	13.0
839.2	13.0
1027.56	13.0
96.8	14.0
120.52	15.0
32.96	15.0
84.8	15.0
23.84	16.0
90.28	16.0
37.68	17.0
126.64	17.0
11.08	17.0
129.24	17.0
169.6	17.0
185.48	17.0
527.56	17.0
719.52	17.0
810.76	17.0
1049.72	17.0
1172.64	17.0
22.92	18.0
113.76	18.0
233.88	18.0
273.4	18.0
332.36	18.0
358.72	18.0
542.92	18.0
52.84	19.0
65.8	19.0
155.72	19.0
551.56	19.0
82.28	20.0
410.28	20.0
8.96	20.0
15.2	20.0
20.48	20.0
25.6	20.0
32.6	20.0
37.28	20.0
43.24	20.0
57.56	20.0
63.0	20.0
65.52	20.0
69.08	20.0
75.24	20.0
85.04	20.0
106.16	20.0
113.44	20.0
118.4	20.0
131.08	20.0
139.88	20.0
146.52	20.0
153.68	20.0
158.88	20.0
170.72	20.0
181.32	20.0
192.72	20.0
211.52	20.0
219.08	20.0
227.68	20.0
247.4	20.0
264.88	20.0
296.52	20.0
311.12	20.0
313.64	20.0
319.44	20.0
335.56	20.0
361.24	20.0
379.04	20.0
395.52	20.0
433.6	20.0
441.72	20.0
444.24	20.0
468.04	20.0
482.48	20.0
495.4	20.0
518.16	20.0
527.48	20.0
550.0	20.0
557.36	20.0
571.64	20.0
591.76	20.0
609.52	20.0
625.6	20.0
636.8	20.0
650.68	20.0
684.96	20.0
705.28	20.0
718.44	20.0
742.2	20.0
747.52	20.0
761.68	20.0
788.0	20.0
819.64	20.0
834.4	20.0
841.16	20.0
853.44	20.0
879.96	20.0
889.56	20.0
898.4	20.0
918.52	20.0
942.32	20.0
968.52	20.0
975.8	20.0
992.6	20.0
999.16	20.0
1039.84	20.0
1050.96	20.0
1075.12	20.0
1099.24	20.0
1125.32	20.0
1135.24	20.0
1178.16	20.0
1181.44	20.0
1220.48	20.0
1280.84	20.0
1294.28	20.0
19.96	22.0
47.88	22.0
108.72	22.0
62.16	22.0
54.08	23.0
419.64	23.0
66.68	23.0
448.08	23.0
759.44	23.0
