529.36	1.0
551.0	1.0
593.2	1.0
608.52	1.0
626.08	1.0
580.92	1.0
614.96	1.0
623.12	1.0
629.56	1.0
632.44	1.0
641.52	1.0
667.04	1.0
694.2	1.0
469.56	2.0
535.0	2.0
590.0	2.0
620.68	2.0
630.0	2.0
665.64	2.0
709.4	2.0
1208.36	2.0
590.44	3.0
595.12	3.0
607.96	3.0
614.16	3.0
621.72	3.0
626.0	3.0
649.8	3.0
659.0	3.0
667.64	3.0
677.64	3.0
686.56	3.0
692.68	3.0
695.44	3.0
697.96	3.0
708.64	3.0
730.72	3.0
746.36	3.0
756.12	3.0
771.08	3.0
783.96	3.0
799.64	3.0
810.88	3.0
827.6	3.0
853.04	3.0
857.92	3.0
868.72	3.0
879.08	3.0
885.84	3.0
902.4	3.0
920.72	3.0
923.32	3.0
952.8	3.0
969.6	3.0
1007.44	3.0
1020.52	3.0
1061.88	3.0
1091.48	3.0
1125.32	3.0
1142.08	3.0
1191.72	3.0
1201.8	3.0
1210.76	3.0
1277.56	3.0
659.64	5.0
839.64	5.0
943.4	5.0
591.56	5.0
605.56	5.0
609.16	5.0
614.08	5.0
621.52	5.0
637.68	5.0
647.48	5.0
663.12	5.0
692.16	5.0
708.4	5.0
739.04	5.0
802.32	5.0
866.76	5.0
877.96	5.0
972.16	5.0
979.72	5.0
1164.68	5.0
550.76	6.0
557.68	6.0
565.2	6.0
577.36	6.0
586.04	6.0
596.0	6.0
606.12	6.0
613.2	6.0
621.04	6.0
624.76	6.0
632.16	6.0
639.12	6.0
644.96	6.0
654.32	6.0
663.44	6.0
668.52	6.0
677.92	6.0
683.8	6.0
700.72	6.0
712.24	6.0
717.12	6.0
732.36	6.0
738.72	6.0
751.12	6.0
762.12	6.0
780.96	6.0
797.36	6.0
820.2	6.0
824.2	6.0
829.56	6.0
845.36	6.0
879.6	6.0
893.32	6.0
912.96	6.0
944.28	6.0
968.84	6.0
1002.44	6.0
1014.76	6.0
1026.4	6.0
1071.92	6.0
1094.8	6.0
1150.04	6.0
1205.96	6.0
1219.16	6.0
1245.72	6.0
1278.44	6.0
961.68	7.0
595.4	7.0
622.76	7.0
628.56	7.0
634.96	7.0
663.8	7.0
676.76	7.0
730.84	7.0
893.64	7.0
1026.76	7.0
1150.36	7.0
1211.56	7.0
787.76	8.0
900.92	8.0
562.12	8.0
603.92	8.0
612.04	8.0
623.24	8.0
626.56	8.0
648.76	8.0
671.76	8.0
682.28	9.0
555.36	9.0
625.2	9.0
642.52	9.0
1093.8	9.0
680.6	10.0
1123.4	10.0
610.96	11.0
622.08	11.0
633.84	11.0
693.04	11.0
655.56	11.0
748.88	11.0
1123.52	11.0
568.84	12.0
671.32	12.0
686.28	12.0
732.48	12.0
575.04	12.0
577.92	12.0
589.88	12.0
596.48	12.0
605.16	12.0
610.8	12.0
614.12	12.0
620.44	12.0
624.76	12.0
633.36	12.0
636.32	12.0
666.16	12.0
679.8	12.0
682.72	12.0
699.56	12.0
784.96	12.0
811.28	12.0
817.16	12.0
832.76	12.0
879.28	12.0
898.6	12.0
944.52	12.0
993.84	12.0
1001.28	12.0
1084.84	12.0
1125.04	12.0
1128.52	12.0
1198.32	12.0
1241.36	12.0
1255.68	12.0
1262.0	12.0
1265.0	12.0
592.32	13.0
607.92	13.0
617.84	13.0
626.64	13.0
635.2	13.0
647.36	13.0
656.2	13.0
663.92	13.0
680.56	13.0
688.76	13.0
693.28	13.0
706.2	13.0
716.04	13.0
732.24	13.0
751.28	13.0
764.88	13.0
774.64	13.0
800.36	13.0
816.24	13.0
843.84	13.0
856.96	13.0
872.2	13.0
890.16	13.0
907.0	13.0
922.72	13.0
947.68	13.0
976.92	13.0
1003.0	13.0
1029.72	13.0
1065.68	13.0
1125.52	13.0
1194.8	13.0
1221.36	13.0
1242.24	13.0
1262.52	13.0
606.32	14.0
627.88	14.0
692.96	14.0
622.84	15.0
635.08	15.0
676.84	15.0
730.96	15.0
978.04	15.0
1123.6	15.0
622.48	16.0
713.96	16.0
995.6	16.0
1239.24	16.0
680.76	17.0
559.68	17.0
574.92	17.0
623.36	17.0
633.24	17.0
666.44	17.0
704.88	17.0
722.88	17.0
727.52	17.0
769.16	17.0
789.88	17.0
850.76	17.0
877.68	17.0
925.32	17.0
944.76	17.0
1078.56	17.0
596.2	18.0
609.08	18.0
633.08	18.0
722.56	18.0
836.88	18.0
892.8	18.0
898.0	18.0
958.24	18.0
1025.52	18.0
1173.84	18.0
1208.52	18.0
555.12	19.0
645.36	19.0
864.96	20.0
471.96	20.0
491.4	20.0
501.2	20.0
503.84	20.0
524.08	20.0
534.52	20.0
538.52	20.0
541.96	20.0
548.44	20.0
553.88	20.0
558.24	20.0
566.68	20.0
571.4	20.0
576.56	20.0
589.92	20.0
594.52	20.0
599.92	20.0
605.64	20.0
610.04	20.0
613.32	20.0
617.96	20.0
622.88	20.0
628.56	20.0
632.76	20.0
639.24	20.0
645.4	20.0
650.56	20.0
654.96	20.0
663.96	20.0
667.88	20.0
673.0	20.0
680.12	20.0
694.52	20.0
702.16	20.0
707.6	20.0
712.28	20.0
723.72	20.0
739.2	20.0
747.48	20.0
754.68	20.0
762.32	20.0
767.56	20.0
786.92	20.0
798.96	20.0
811.68	20.0
828.56	20.0
838.08	20.0
843.88	20.0
854.88	20.0
862.08	20.0
875.96	20.0
888.52	20.0
902.24	20.0
929.6	20.0
937.04	20.0
954.32	20.0
975.84	20.0
991.16	20.0
999.6	20.0
1026.44	20.0
1036.92	20.0
1047.64	20.0
1055.52	20.0
1068.0	20.0
1083.32	20.0
1094.68	20.0
1110.88	20.0
1123.04	20.0
1134.0	20.0
1150.56	20.0
1161.12	20.0
1169.16	20.0
1192.44	20.0
1244.96	20.0
1254.88	20.0
1263.56	20.0
1278.56	20.0
623.28	21.0
647.24	21.0
624.36	22.0
655.92	22.0
620.68	22.0
692.24	22.0
584.88	23.0
622.88	23.0
632.92	23.0
691.48	23.0
760.36	23.0
767.24	23.0
821.92	23.0
856.64	23.0
694.84	23.0
732.6	23.0
552.8	24.0
575.0	24.0
604.96	24.0
