487.88	1.0
512.44	1.0
524.56	1.0
537.72	1.0
560.0	1.0
569.04	1.0
577.28	1.0
871.56	1.0
994.36	1.0
1085.12	1.0
580.12	1.0
584.2	1.0
595.12	1.0
599.8	1.0
608.56	1.0
622.56	1.0
633.64	1.0
647.44	1.0
668.4	1.0
698.12	1.0
719.92	1.0
495.84	2.0
559.6	2.0
584.6	2.0
598.24	2.0
615.36	2.0
618.56	2.0
629.24	2.0
672.52	2.0
1321.2	2.0
526.92	3.0
566.72	3.0
576.36	3.0
582.68	3.0
590.0	3.0
598.24	3.0
609.28	3.0
614.0	3.0
618.36	3.0
624.68	3.0
633.04	3.0
641.16	3.0
648.6	3.0
670.12	3.0
691.6	3.0
708.52	3.0
737.92	3.0
783.52	3.0
795.08	3.0
804.4	3.0
831.88	3.0
846.64	3.0
855.8	3.0
861.28	3.0
890.6	3.0
895.6	3.0
903.48	3.0
925.12	3.0
940.28	3.0
971.6	3.0
986.2	3.0
999.72	3.0
1019.64	3.0
1043.12	3.0
1066.04	3.0
1068.96	3.0
1074.76	3.0
1141.76	3.0
1200.68	3.0
1218.36	3.0
1304.76	3.0
1342.4	3.0
1364.64	3.0
1372.2	3.0
549.04	5.0
566.48	5.0
660.12	5.0
679.76	5.0
914.84	5.0
1066.68	5.0
1301.72	5.0
595.16	5.0
608.96	5.0
622.76	5.0
630.68	5.0
639.44	5.0
665.84	5.0
692.84	5.0
708.92	5.0
730.76	5.0
762.88	5.0
804.52	5.0
844.08	5.0
919.84	5.0
987.56	5.0
1018.68	5.0
519.28	6.0
535.72	6.0
547.28	6.0
556.52	6.0
562.04	6.0
567.28	6.0
581.08	6.0
586.8	6.0
591.4	6.0
596.28	6.0
601.2	6.0
607.6	6.0
611.72	6.0
637.96	6.0
642.12	6.0
648.12	6.0
654.44	6.0
670.04	6.0
683.72	6.0
693.84	6.0
735.56	6.0
756.0	6.0
767.32	6.0
807.32	6.0
821.92	6.0
838.4	6.0
856.52	6.0
882.84	6.0
904.08	6.0
920.4	6.0
925.88	6.0
950.48	6.0
979.68	6.0
996.32	6.0
1021.24	6.0
1048.48	6.0
1079.6	6.0
1091.44	6.0
1120.28	6.0
1153.16	6.0
1217.28	6.0
1251.12	6.0
1304.08	6.0
1361.56	6.0
536.08	7.0
562.36	7.0
573.88	7.0
581.36	7.0
594.96	7.0
621.12	7.0
638.52	7.0
671.52	7.0
684.04	7.0
692.16	7.0
717.28	7.0
895.68	7.0
920.8	7.0
973.36	7.0
1091.8	7.0
1210.08	7.0
577.8	8.0
591.96	8.0
607.24	8.0
621.8	8.0
628.16	8.0
917.28	8.0
534.04	9.0
614.76	9.0
642.48	9.0
568.28	11.0
591.0	11.0
605.68	11.0
630.28	11.0
645.44	11.0
657.52	11.0
597.28	11.0
621.92	11.0
642.56	11.0
668.12	11.0
686.76	11.0
539.48	12.0
567.64	12.0
659.24	12.0
735.16	12.0
745.56	12.0
967.56	12.0
1044.24	12.0
546.08	12.0
562.68	12.0
580.64	12.0
595.04	12.0
605.52	12.0
620.96	12.0
630.88	12.0
655.88	12.0
661.76	12.0
720.8	12.0
812.68	12.0
858.8	12.0
1018.68	12.0
1047.4	12.0
1075.96	12.0
1092.52	12.0
1104.68	12.0
1151.08	12.0
1248.08	12.0
1353.6	12.0
1367.0	12.0
734.32	13.0
559.68	13.0
574.64	13.0
584.24	13.0
594.6	13.0
597.12	13.0
604.72	13.0
612.56	13.0
620.84	13.0
623.36	13.0
627.56	13.0
630.2	13.0
639.48	13.0
647.32	13.0
662.72	13.0
671.68	13.0
682.8	13.0
691.56	13.0
707.32	13.0
717.04	13.0
731.76	13.0
743.04	13.0
759.0	13.0
771.28	13.0
786.8	13.0
807.32	13.0
822.2	13.0
838.56	13.0
858.68	13.0
877.64	13.0
899.52	13.0
920.12	13.0
954.76	13.0
980.88	13.0
998.4	13.0
1022.4	13.0
1078.0	13.0
1095.44	13.0
1123.96	13.0
1210.56	13.0
1299.24	13.0
669.76	14.0
582.2	14.0
645.36	14.0
690.8	14.0
773.68	14.0
951.76	14.0
573.96	15.0
595.04	15.0
638.64	15.0
671.6	15.0
692.24	15.0
717.36	15.0
895.76	15.0
953.72	15.0
588.4	16.0
619.8	16.0
681.2	16.0
782.84	16.0
974.28	16.0
1149.16	16.0
1350.44	16.0
533.44	17.0
579.04	17.0
813.36	17.0
516.48	17.0
549.56	17.0
604.12	17.0
613.56	17.0
624.52	17.0
642.04	17.0
650.56	17.0
669.56	17.0
677.32	17.0
713.52	17.0
733.44	17.0
832.56	17.0
920.76	17.0
1160.16	17.0
1293.08	17.0
569.64	18.0
578.92	18.0
634.52	18.0
650.32	18.0
1020.2	18.0
1078.32	18.0
478.84	19.0
569.72	19.0
585.48	19.0
648.68	19.0
1366.24	19.0
475.64	20.0
478.64	20.0
485.8	20.0
491.12	20.0
498.4	20.0
504.36	20.0
507.44	20.0
517.52	20.0
523.4	20.0
529.56	20.0
535.96	20.0
542.32	20.0
546.36	20.0
553.16	20.0
558.44	20.0
565.48	20.0
574.6	20.0
578.52	20.0
585.56	20.0
589.8	20.0
596.68	20.0
602.08	20.0
608.8	20.0
617.36	20.0
621.4	20.0
636.88	20.0
642.2	20.0
649.96	20.0
657.16	20.0
661.92	20.0
681.28	20.0
690.76	20.0
696.64	20.0
702.92	20.0
714.08	20.0
720.76	20.0
736.12	20.0
739.92	20.0
791.8	20.0
797.72	20.0
806.4	20.0
820.6	20.0
832.8	20.0
843.72	20.0
857.56	20.0
865.88	20.0
904.96	20.0
917.68	20.0
924.44	20.0
955.88	20.0
964.64	20.0
968.56	20.0
973.48	20.0
980.24	20.0
992.4	20.0
1002.08	20.0
1015.44	20.0
1034.96	20.0
1048.64	20.0
1055.2	20.0
1100.04	20.0
1112.72	20.0
1133.12	20.0
1139.56	20.0
1164.28	20.0
1196.12	20.0
1218.32	20.0
1239.2	20.0
1250.8	20.0
1266.8	20.0
1296.16	20.0
1307.08	20.0
1324.24	20.0
1335.72	20.0
1352.88	20.0
1358.96	20.0
609.56	21.0
635.96	21.0
660.4	21.0
589.12	22.0
612.24	22.0
666.16	22.0
982.04	22.0
734.8	22.0
563.44	23.0
585.96	23.0
693.04	23.0
708.6	23.0
918.36	23.0
639.96	23.0
671.56	23.0
683.68	23.0
696.04	23.0
838.88	23.0
965.28	23.0
1275.56	23.0
543.64	24.0
584.04	24.0
954.2	24.0
