649.32	1.0
680.16	1.0
784.44	1.0
799.2	1.0
828.6	1.0
852.56	1.0
915.96	1.0
929.0	1.0
1202.72	1.0
864.36	1.0
878.16	1.0
906.56	1.0
940.44	1.0
1004.88	1.0
633.04	2.0
714.0	2.0
799.0	2.0
827.4	2.0
852.12	2.0
859.52	2.0
878.28	2.0
929.32	2.0
937.28	2.0
1048.04	2.0
1305.96	2.0
959.28	3.0
821.04	3.0
825.36	3.0
853.2	3.0
856.16	3.0
863.2	3.0
872.56	3.0
882.44	3.0
896.88	3.0
907.64	3.0
911.08	3.0
924.92	3.0
935.16	3.0
943.52	3.0
956.48	3.0
966.16	3.0
980.08	3.0
991.92	3.0
1001.72	3.0
1020.48	3.0
1031.28	3.0
1053.72	3.0
1062.56	3.0
1077.2	3.0
1084.08	3.0
1096.08	3.0
1113.12	3.0
1131.64	3.0
1148.36	3.0
1177.68	3.0
1205.76	3.0
1232.6	3.0
1259.72	3.0
1277.16	3.0
1292.72	3.0
1316.08	3.0
1365.16	3.0
947.2	4.0
863.84	5.0
963.76	5.0
1104.52	5.0
1182.8	5.0
1226.04	5.0
1371.64	5.0
821.6	5.0
843.68	5.0
876.24	5.0
894.96	5.0
920.84	5.0
925.08	5.0
957.68	5.0
989.16	5.0
1018.76	5.0
1048.52	5.0
1147.12	5.0
1208.72	5.0
1245.96	5.0
1317.2	6.0
785.0	6.0
821.08	6.0
843.52	6.0
851.2	6.0
861.84	6.0
870.04	6.0
877.4	6.0
892.52	6.0
906.72	6.0
917.2	6.0
923.32	6.0
929.96	6.0
936.84	6.0
942.56	6.0
953.44	6.0
961.04	6.0
972.04	6.0
982.84	6.0
997.32	6.0
1004.72	6.0
1014.24	6.0
1030.04	6.0
1057.6	6.0
1068.88	6.0
1110.88	6.0
1130.0	6.0
1148.52	6.0
1171.76	6.0
1239.2	6.0
1276.28	6.0
1303.76	6.0
1384.96	6.0
844.48	7.0
890.64	7.0
916.2	7.0
937.24	7.0
997.72	7.0
1071.6	7.0
1274.8	7.0
975.6	8.0
1057.88	8.0
1327.4	8.0
853.96	8.0
866.64	8.0
872.6	8.0
879.04	8.0
896.48	8.0
907.24	8.0
932.2	8.0
874.56	9.0
1029.76	9.0
863.48	11.0
916.6	11.0
825.76	11.0
852.96	11.0
878.0	11.0
897.76	11.0
906.4	11.0
959.32	11.0
1082.64	11.0
1164.88	11.0
1207.84	11.0
853.92	12.0
947.08	12.0
957.24	12.0
969.48	12.0
1115.8	12.0
1266.2	12.0
784.36	12.0
811.16	12.0
814.32	12.0
844.64	12.0
867.52	12.0
870.92	12.0
877.72	12.0
890.0	12.0
898.12	12.0
920.92	12.0
925.6	12.0
965.92	12.0
973.4	12.0
975.92	12.0
1002.36	12.0
1057.72	12.0
1082.0	12.0
1214.88	12.0
1257.8	12.0
1338.24	12.0
1352.24	12.0
865.24	13.0
879.76	13.0
893.56	13.0
907.44	13.0
918.0	13.0
932.36	13.0
945.24	13.0
956.92	13.0
971.24	13.0
985.76	13.0
995.6	13.0
1009.68	13.0
1025.04	13.0
1034.76	13.0
1052.64	13.0
1065.04	13.0
1078.52	13.0
1099.08	13.0
1115.76	13.0
1134.96	13.0
1154.44	13.0
1177.24	13.0
1204.48	13.0
1227.24	13.0
1247.08	13.0
1276.0	13.0
1317.04	13.0
1350.84	13.0
1382.72	13.0
924.48	14.0
890.8	15.0
1071.72	15.0
844.4	16.0
924.4	16.0
994.0	16.0
1230.08	16.0
1363.0	16.0
713.68	17.0
833.64	17.0
892.8	17.0
909.4	17.0
933.72	17.0
944.16	17.0
1019.92	17.0
1030.36	17.0
627.84	18.0
728.68	18.0
840.76	18.0
878.28	18.0
973.0	18.0
1030.08	18.0
1062.48	18.0
1231.2	18.0
1385.6	18.0
761.52	19.0
819.96	19.0
948.48	19.0
1004.2	19.0
1056.96	19.0
899.36	20.0
921.24	20.0
418.8	20.0
605.32	20.0
612.04	20.0
621.12	20.0
624.04	20.0
635.48	20.0
640.96	20.0
646.16	20.0
665.36	20.0
680.64	20.0
702.44	20.0
715.8	20.0
732.16	20.0
742.68	20.0
751.8	20.0
766.64	20.0
775.84	20.0
783.44	20.0
787.64	20.0
800.8	20.0
807.56	20.0
816.84	20.0
821.0	20.0
828.92	20.0
834.88	20.0
840.96	20.0
849.12	20.0
854.0	20.0
860.4	20.0
862.92	20.0
866.12	20.0
873.24	20.0
878.64	20.0
889.28	20.0
895.32	20.0
906.76	20.0
910.0	20.0
916.88	20.0
932.12	20.0
939.2	20.0
945.8	20.0
952.52	20.0
958.8	20.0
965.12	20.0
970.64	20.0
975.6	20.0
989.64	20.0
995.72	20.0
1002.32	20.0
1005.64	20.0
1009.68	20.0
1013.76	20.0
1023.32	20.0
1032.24	20.0
1035.08	20.0
1043.04	20.0
1056.96	20.0
1072.76	20.0
1091.16	20.0
1111.24	20.0
1133.32	20.0
1148.68	20.0
1155.16	20.0
1168.88	20.0
1178.16	20.0
1204.76	20.0
1214.48	20.0
1232.6	20.0
1258.48	20.0
1265.56	20.0
1289.08	20.0
1307.84	20.0
1324.68	20.0
1372.04	20.0
1380.36	20.0
955.88	22.0
907.8	22.0
826.64	23.0
892.24	23.0
932.92	23.0
1003.6	23.0
1019.84	23.0
1205.6	23.0
874.88	23.0
1048.88	23.0
811.4	24.0
892.32	24.0
