572.24	1.0
591.32	1.0
631.08	1.0
711.48	1.0
809.76	1.0
948.4	1.0
1004.52	1.0
1068.72	1.0
1347.24	1.0
620.12	1.0
644.24	1.0
655.68	1.0
665.6	1.0
668.68	1.0
679.96	1.0
692.88	1.0
696.92	1.0
719.16	1.0
733.84	1.0
745.16	1.0
775.72	1.0
820.04	1.0
930.76	1.0
979.56	1.0
1198.96	1.0
560.28	2.0
597.12	2.0
657.04	2.0
679.76	2.0
699.64	2.0
743.92	2.0
1096.68	2.0
1157.52	2.0
1312.44	2.0
606.52	3.0
619.28	3.0
633.64	3.0
637.72	3.0
643.68	3.0
651.36	3.0
661.0	3.0
665.0	3.0
668.12	3.0
674.72	3.0
696.8	3.0
712.48	3.0
719.88	3.0
736.92	3.0
747.24	3.0
754.96	3.0
764.32	3.0
768.0	3.0
777.4	3.0
809.84	3.0
828.48	3.0
833.16	3.0
865.72	3.0
876.88	3.0
938.92	3.0
950.92	3.0
974.48	3.0
980.92	3.0
1002.48	3.0
1028.36	3.0
1067.24	3.0
1100.32	3.0
1121.64	3.0
1151.72	3.0
1166.8	3.0
1187.28	3.0
1233.84	3.0
1337.68	3.0
1372.24	3.0
649.04	5.0
663.16	5.0
677.92	5.0
1331.4	5.0
657.32	5.0
707.36	5.0
722.4	5.0
726.88	5.0
735.8	5.0
747.16	5.0
764.76	5.0
788.24	5.0
800.36	5.0
815.32	5.0
819.76	5.0
828.52	5.0
862.0	5.0
902.2	5.0
943.12	5.0
1091.96	5.0
599.88	6.0
613.68	6.0
624.24	6.0
629.68	6.0
638.2	6.0
645.28	6.0
652.0	6.0
659.0	6.0
669.72	6.0
681.36	6.0
705.64	6.0
712.28	6.0
719.68	6.0
725.56	6.0
737.6	6.0
746.76	6.0
767.16	6.0
777.16	6.0
795.04	6.0
806.76	6.0
816.44	6.0
831.6	6.0
848.64	6.0
880.32	6.0
902.04	6.0
949.12	6.0
964.04	6.0
988.88	6.0
1058.2	6.0
1132.44	6.0
1156.6	6.0
1192.36	6.0
1223.88	6.0
1318.92	6.0
1345.76	6.0
614.0	7.0
637.2	7.0
649.04	7.0
669.16	7.0
682.2	7.0
688.24	7.0
694.68	7.0
725.96	7.0
745.36	7.0
767.52	7.0
860.76	7.0
949.48	7.0
961.76	7.0
1111.6	7.0
943.92	8.0
1158.28	8.0
538.76	8.0
605.16	8.0
639.52	8.0
648.48	8.0
653.84	8.0
663.56	8.0
668.28	8.0
682.0	8.0
744.68	8.0
979.76	8.0
663.2	9.0
692.4	9.0
981.32	9.0
1317.96	9.0
692.24	10.0
618.84	11.0
650.36	11.0
691.72	11.0
634.0	11.0
706.32	11.0
599.36	12.0
634.12	12.0
663.8	12.0
739.84	12.0
812.08	12.0
612.6	12.0
618.96	12.0
625.16	12.0
641.0	12.0
645.04	12.0
648.32	12.0
668.84	12.0
682.44	12.0
688.24	12.0
694.2	12.0
711.12	12.0
714.96	12.0
720.16	12.0
728.24	12.0
736.56	12.0
752.0	12.0
758.2	12.0
800.32	12.0
815.44	12.0
819.2	12.0
840.04	12.0
850.64	12.0
870.36	12.0
904.16	12.0
933.24	12.0
979.48	12.0
1097.72	12.0
1248.04	12.0
1261.12	12.0
630.04	13.0
641.0	13.0
646.72	13.0
659.04	13.0
667.52	13.0
678.56	13.0
688.6	13.0
695.04	13.0
704.0	13.0
707.36	13.0
719.0	13.0
726.52	13.0
738.04	13.0
748.64	13.0
768.44	13.0
780.44	13.0
793.0	13.0
804.44	13.0
818.44	13.0
831.24	13.0
852.32	13.0
870.16	13.0
883.2	13.0
904.2	13.0
933.76	13.0
936.84	13.0
962.28	13.0
984.28	13.0
1003.72	13.0
1044.76	13.0
1081.24	13.0
1116.2	13.0
1146.12	13.0
1197.92	13.0
1222.28	13.0
1261.24	13.0
667.04	14.0
643.88	14.0
671.84	14.0
684.24	14.0
637.28	15.0
638.68	16.0
660.0	16.0
685.08	16.0
716.6	16.0
667.76	17.0
614.52	17.0
619.28	17.0
623.36	17.0
664.0	17.0
700.84	17.0
713.24	17.0
719.96	17.0
745.48	17.0
964.32	17.0
972.0	17.0
1003.6	17.0
1259.92	17.0
694.72	18.0
626.4	18.0
657.88	18.0
662.56	18.0
667.8	18.0
671.4	18.0
702.76	18.0
722.0	18.0
784.16	18.0
798.8	18.0
821.16	18.0
1336.12	18.0
648.48	19.0
663.04	19.0
682.36	19.0
694.8	19.0
736.28	19.0
789.32	19.0
724.4	20.0
531.32	20.0
538.36	20.0
553.4	20.0
562.56	20.0
569.4	20.0
576.72	20.0
585.0	20.0
589.72	20.0
595.32	20.0
599.12	20.0
601.64	20.0
604.68	20.0
608.68	20.0
613.56	20.0
616.68	20.0
623.36	20.0
627.88	20.0
633.4	20.0
638.44	20.0
645.68	20.0
648.24	20.0
651.52	20.0
658.32	20.0
663.08	20.0
666.52	20.0
672.12	20.0
677.4	20.0
682.4	20.0
687.44	20.0
692.08	20.0
696.72	20.0
702.48	20.0
708.68	20.0
727.88	20.0
732.92	20.0
736.44	20.0
745.32	20.0
750.88	20.0
757.16	20.0
775.4	20.0
781.36	20.0
789.36	20.0
805.64	20.0
814.2	20.0
821.2	20.0
828.44	20.0
852.6	20.0
879.4	20.0
886.8	20.0
918.4	20.0
931.96	20.0
942.84	20.0
949.92	20.0
961.56	20.0
972.84	20.0
980.92	20.0
1005.88	20.0
1030.6	20.0
1066.8	20.0
1072.48	20.0
1105.64	20.0
1156.96	20.0
1168.2	20.0
1223.04	20.0
1228.88	20.0
1268.0	20.0
1293.72	20.0
1345.8	20.0
1373.04	20.0
720.64	22.0
626.76	23.0
659.8	23.0
683.32	23.0
960.52	23.0
693.2	23.0
800.92	23.0
618.32	24.0
630.2	24.0
693.76	24.0
