515.32	1.0
564.68	1.0
570.56	1.0
665.92	1.0
784.6	1.0
533.92	1.0
548.16	1.0
562.16	1.0
577.68	1.0
580.28	1.0
588.52	1.0
605.68	1.0
617.84	1.0
626.44	1.0
641.6	1.0
645.2	1.0
675.68	1.0
680.84	1.0
748.12	1.0
824.28	1.0
839.24	1.0
884.44	1.0
646.36	2.0
496.48	2.0
522.32	2.0
549.44	2.0
565.24	2.0
587.68	2.0
596.12	2.0
665.4	2.0
710.56	2.0
886.0	2.0
1048.0	3.0
533.92	3.0
541.64	3.0
548.92	3.0
554.12	3.0
562.64	3.0
571.84	3.0
580.64	3.0
587.32	3.0
599.92	3.0
614.88	3.0
622.72	3.0
627.76	3.0
640.92	3.0
647.44	3.0
690.2	3.0
698.24	3.0
772.88	3.0
783.92	3.0
803.52	3.0
824.04	3.0
849.84	3.0
881.88	3.0
896.92	3.0
914.72	3.0
931.24	3.0
951.44	3.0
981.04	3.0
991.08	3.0
997.56	3.0
1016.24	3.0
1031.56	3.0
1035.32	3.0
1053.36	3.0
1056.52	3.0
1074.4	3.0
1093.8	3.0
1099.28	3.0
1144.84	3.0
1171.4	3.0
1200.16	3.0
1247.68	3.0
1252.28	3.0
1291.24	3.0
1309.56	3.0
1322.16	3.0
1354.6	3.0
1375.92	3.0
551.44	5.0
726.92	5.0
573.56	5.0
597.84	5.0
611.8	5.0
625.16	5.0
637.48	5.0
658.6	5.0
671.36	5.0
686.4	5.0
717.12	5.0
773.96	5.0
793.2	5.0
812.88	5.0
840.52	5.0
881.96	5.0
912.12	5.0
998.2	5.0
1315.24	5.0
518.56	6.0
535.44	6.0
539.88	6.0
546.68	6.0
551.64	6.0
558.8	6.0
565.52	6.0
570.44	6.0
611.16	6.0
622.24	6.0
626.88	6.0
634.2	6.0
637.12	6.0
639.84	6.0
644.88	6.0
656.48	6.0
663.56	6.0
688.6	6.0
695.88	6.0
704.84	6.0
715.84	6.0
740.56	6.0
752.04	6.0
779.12	6.0
789.84	6.0
796.72	6.0
813.12	6.0
823.84	6.0
833.88	6.0
867.64	6.0
902.64	6.0
953.6	6.0
973.52	6.0
1051.04	6.0
1075.16	6.0
1109.52	6.0
1135.36	6.0
1145.64	6.0
1169.44	6.0
1254.52	6.0
1283.12	6.0
1318.52	6.0
1341.16	6.0
556.4	7.0
571.24	7.0
589.88	7.0
594.76	7.0
602.24	7.0
612.28	7.0
626.44	7.0
645.12	7.0
672.88	7.0
774.28	7.0
790.2	7.0
824.16	7.0
1065.52	7.0
538.52	8.0
567.6	8.0
705.88	8.0
1087.88	8.0
561.24	8.0
572.0	8.0
590.04	8.0
620.52	8.0
653.88	8.0
761.4	8.0
562.72	9.0
565.44	9.0
592.28	9.0
577.88	11.0
582.12	11.0
611.4	11.0
626.24	11.0
654.48	11.0
1252.68	11.0
540.44	11.0
553.0	11.0
570.28	11.0
587.92	11.0
640.92	11.0
645.84	12.0
1357.52	12.0
527.52	12.0
532.92	12.0
539.64	12.0
556.56	12.0
565.08	12.0
577.76	12.0
582.12	12.0
589.68	12.0
598.32	12.0
600.88	12.0
603.64	12.0
619.72	12.0
624.52	12.0
627.2	12.0
636.72	12.0
639.72	12.0
648.6	12.0
664.88	12.0
678.96	12.0
683.04	12.0
719.88	12.0
734.0	12.0
748.76	12.0
755.44	12.0
780.12	12.0
786.36	12.0
803.88	12.0
817.16	12.0
825.04	12.0
871.8	12.0
919.0	12.0
931.6	12.0
948.32	12.0
973.44	12.0
985.56	12.0
1093.96	12.0
1171.28	12.0
1221.56	12.0
1250.32	12.0
1254.48	12.0
549.0	13.0
559.6	13.0
569.4	13.0
577.24	13.0
581.04	13.0
583.56	13.0
591.56	13.0
598.72	13.0
601.24	13.0
611.12	13.0
621.0	13.0
632.0	13.0
636.96	13.0
641.08	13.0
647.36	13.0
656.64	13.0
665.32	13.0
680.84	13.0
690.6	13.0
699.24	13.0
710.16	13.0
720.52	13.0
733.28	13.0
747.88	13.0
760.8	13.0
780.44	13.0
793.68	13.0
806.08	13.0
819.48	13.0
835.0	13.0
847.6	13.0
864.32	13.0
868.48	13.0
884.68	13.0
897.8	13.0
915.12	13.0
937.4	13.0
958.92	13.0
989.08	13.0
1013.28	13.0
1040.64	13.0
1062.28	13.0
1071.8	13.0
1083.96	13.0
1115.56	13.0
1156.08	13.0
1181.0	13.0
1213.64	13.0
1284.68	13.0
1346.36	13.0
583.56	14.0
551.68	14.0
558.4	14.0
604.44	14.0
556.56	15.0
571.28	15.0
576.44	15.0
626.56	15.0
570.84	16.0
591.08	16.0
645.8	16.0
684.04	16.0
783.92	16.0
820.48	16.0
671.64	16.0
647.76	17.0
1049.8	17.0
1163.52	17.0
535.48	17.0
560.28	17.0
566.92	17.0
582.32	17.0
585.12	17.0
619.28	17.0
660.6	17.0
672.68	17.0
680.0	17.0
777.76	17.0
797.4	17.0
926.8	17.0
952.4	17.0
1073.88	17.0
565.24	18.0
554.68	18.0
560.8	18.0
577.68	18.0
632.36	18.0
823.64	18.0
1341.0	18.0
516.2	19.0
551.76	19.0
583.12	19.0
605.16	19.0
645.76	19.0
880.4	19.0
1306.56	19.0
526.28	20.0
635.48	20.0
656.72	20.0
485.04	20.0
495.96	20.0
501.44	20.0
503.96	20.0
509.68	20.0
516.0	20.0
522.88	20.0
531.96	20.0
535.84	20.0
541.6	20.0
547.12	20.0
551.84	20.0
557.92	20.0
563.36	20.0
567.44	20.0
572.44	20.0
578.84	20.0
582.88	20.0
590.84	20.0
595.0	20.0
600.28	20.0
605.24	20.0
611.04	20.0
620.92	20.0
638.28	20.0
643.48	20.0
648.48	20.0
665.64	20.0
675.36	20.0
690.04	20.0
712.76	20.0
719.24	20.0
726.6	20.0
757.2	20.0
760.16	20.0
768.24	20.0
779.12	20.0
801.0	20.0
805.4	20.0
838.72	20.0
849.8	20.0
867.68	20.0
880.4	20.0
896.92	20.0
911.56	20.0
919.76	20.0
999.12	20.0
1011.12	20.0
1050.64	20.0
1071.8	20.0
1140.08	20.0
1167.28	20.0
1189.08	20.0
1192.76	20.0
1201.84	20.0
1251.32	20.0
1270.52	20.0
1306.64	20.0
1317.24	20.0
1348.84	20.0
1356.92	20.0
604.72	21.0
569.72	22.0
697.76	22.0
625.68	22.0
546.88	23.0
596.28	23.0
622.92	23.0
577.04	23.0
590.08	23.0
613.6	23.0
647.12	23.0
823.0	23.0
536.96	24.0
550.76	24.0
590.44	24.0
