16.88	1.0
38.76	1.0
50.08	1.0
133.76	1.0
184.68	1.0
208.28	1.0
127.88	2.0
372.92	2.0
463.76	2.0
702.12	2.0
26.64	3.0
34.44	3.0
55.32	3.0
83.64	3.0
98.12	3.0
176.8	3.0
194.24	3.0
259.84	3.0
287.8	3.0
311.96	3.0
324.72	3.0
412.68	3.0
455.84	3.0
665.92	3.0
17.28	5.0
170.48	5.0
247.52	5.0
293.76	5.0
48.24	6.0
67.48	6.0
163.88	6.0
256.4	6.0
272.6	6.0
312.2	6.0
351.0	6.0
445.52	6.0
543.8	6.0
6.2	7.0
294.36	8.0
449.52	8.0
573.12	8.0
252.24	8.0
310.92	8.0
138.84	9.0
293.12	11.0
468.04	11.0
196.68	12.0
13.96	12.0
19.72	12.0
47.72	12.0
53.0	12.0
75.88	12.0
139.72	12.0
154.44	12.0
168.92	12.0
201.4	12.0
310.24	12.0
495.52	12.0
544.08	12.0
575.6	12.0
628.68	12.0
19.36	13.0
28.32	13.0
155.16	13.0
322.36	13.0
377.2	13.0
67.44	14.0
49.92	16.0
211.44	17.0
14.4	17.0
67.72	17.0
167.12	17.0
188.88	17.0
191.68	17.0
262.4	17.0
376.44	17.0
166.96	18.0
226.28	19.0
6.4	20.0
37.6	20.0
45.68	20.0
64.32	20.0
68.24	20.0
96.36	20.0
116.2	20.0
121.84	20.0
130.56	20.0
136.76	20.0
144.0	20.0
165.12	20.0
186.44	20.0
242.48	20.0
255.56	20.0
295.12	20.0
305.64	20.0
311.96	20.0
327.6	20.0
341.0	20.0
375.64	20.0
389.24	20.0
403.88	20.0
407.08	20.0
440.0	20.0
449.68	20.0
469.72	20.0
488.92	20.0
521.56	20.0
570.4	20.0
609.4	20.0
677.72	20.0
711.56	20.0
11.96	23.0
