459.64	1.0
476.4	1.0
512.76	1.0
528.72	1.0
1384.32	1.0
521.52	1.0
535.36	1.0
545.84	1.0
555.32	1.0
562.2	1.0
576.84	1.0
583.76	1.0
597.2	1.0
603.04	1.0
615.28	1.0
623.88	1.0
795.16	1.0
951.52	1.0
1015.68	1.0
1098.96	1.0
448.4	2.0
481.24	2.0
514.12	2.0
530.12	2.0
533.64	2.0
546.68	2.0
560.84	2.0
569.36	2.0
614.12	2.0
1171.2	2.0
1244.24	2.0
593.04	3.0
500.44	3.0
504.0	3.0
515.32	3.0
521.08	3.0
528.88	3.0
535.52	3.0
543.44	3.0
547.24	3.0
550.08	3.0
558.84	3.0
566.56	3.0
585.44	3.0
600.88	3.0
659.12	3.0
668.92	3.0
679.24	3.0
689.36	3.0
694.76	3.0
703.64	3.0
711.56	3.0
744.88	3.0
749.28	3.0
760.44	3.0
778.24	3.0
784.84	3.0
795.0	3.0
812.68	3.0
824.08	3.0
828.56	3.0
845.48	3.0
898.0	3.0
904.96	3.0
925.2	3.0
939.04	3.0
944.16	3.0
986.88	3.0
1011.04	3.0
1072.92	3.0
1077.2	3.0
1092.32	3.0
1101.12	3.0
1135.64	3.0
1155.36	3.0
1189.48	3.0
1193.48	3.0
1233.68	3.0
1248.96	3.0
1273.24	3.0
1339.4	3.0
1347.72	3.0
503.28	5.0
520.36	5.0
997.12	5.0
495.36	5.0
511.56	5.0
537.36	5.0
552.8	5.0
561.0	5.0
569.68	5.0
583.64	5.0
603.12	5.0
615.4	5.0
635.0	5.0
646.92	5.0
674.32	5.0
709.96	5.0
726.08	5.0
789.72	5.0
866.72	5.0
1017.64	5.0
1080.36	5.0
482.56	6.0
494.64	6.0
505.4	6.0
512.84	6.0
518.32	6.0
523.12	6.0
529.24	6.0
535.64	6.0
547.56	6.0
551.88	6.0
557.24	6.0
561.48	6.0
566.52	6.0
571.12	6.0
576.28	6.0
588.72	6.0
597.56	6.0
602.36	6.0
617.68	6.0
626.04	6.0
630.96	6.0
636.44	6.0
643.8	6.0
670.6	6.0
677.24	6.0
698.16	6.0
707.84	6.0
748.36	6.0
766.76	6.0
805.52	6.0
821.28	6.0
834.56	6.0
851.08	6.0
915.04	6.0
984.52	6.0
1010.08	6.0
1029.4	6.0
1070.44	6.0
1097.04	6.0
1129.8	6.0
1217.24	6.0
1261.8	6.0
1342.36	6.0
1385.16	6.0
513.16	7.0
518.52	7.0
538.48	7.0
550.28	7.0
564.36	7.0
596.76	7.0
630.96	7.0
677.6	7.0
729.68	7.0
748.72	7.0
835.12	7.0
933.12	7.0
1067.28	7.0
1097.36	7.0
591.72	8.0
1071.32	8.0
528.56	8.0
536.8	8.0
547.88	8.0
561.64	8.0
581.28	8.0
659.76	8.0
734.64	8.0
616.16	9.0
502.12	9.0
515.08	9.0
549.32	9.0
572.2	9.0
583.6	10.0
531.56	11.0
561.28	11.0
580.12	11.0
599.88	11.0
617.08	11.0
464.12	11.0
629.64	11.0
748.96	11.0
636.04	12.0
654.68	12.0
681.28	12.0
492.64	12.0
495.36	12.0
502.76	12.0
530.28	12.0
540.96	12.0
548.64	12.0
551.24	12.0
565.88	12.0
575.2	12.0
581.72	12.0
587.96	12.0
604.84	12.0
609.44	12.0
618.4	12.0
659.56	12.0
671.88	12.0
933.6	12.0
994.72	12.0
997.84	12.0
1069.68	12.0
1146.88	12.0
1170.88	12.0
1221.36	12.0
1284.28	12.0
1372.24	12.0
596.48	13.0
512.68	13.0
523.56	13.0
532.96	13.0
538.64	13.0
549.12	13.0
560.2	13.0
566.0	13.0
569.72	13.0
581.88	13.0
605.92	13.0
613.2	13.0
616.0	13.0
619.16	13.0
630.68	13.0
635.76	13.0
639.36	13.0
649.36	13.0
660.0	13.0
676.72	13.0
687.84	13.0
700.72	13.0
710.48	13.0
727.44	13.0
741.04	13.0
752.72	13.0
779.84	13.0
797.52	13.0
814.32	13.0
831.36	13.0
851.92	13.0
863.92	13.0
869.68	13.0
884.84	13.0
905.88	13.0
932.68	13.0
951.96	13.0
986.32	13.0
1016.64	13.0
1051.4	13.0
1095.96	13.0
1134.72	13.0
1221.8	13.0
549.4	14.0
572.12	14.0
546.44	14.0
565.88	14.0
518.64	15.0
564.44	15.0
596.84	15.0
631.12	15.0
835.24	15.0
933.24	15.0
1067.36	15.0
617.56	15.0
534.48	16.0
552.28	16.0
568.0	16.0
595.28	16.0
885.28	16.0
531.08	17.0
547.16	17.0
550.44	17.0
557.04	17.0
563.32	17.0
585.4	17.0
630.16	17.0
1046.8	17.0
509.6	18.0
552.24	18.0
585.32	18.0
600.24	18.0
792.12	18.0
852.12	18.0
1019.2	18.0
1121.52	18.0
508.16	19.0
587.68	19.0
563.84	20.0
1071.08	20.0
446.68	20.0
450.88	20.0
455.08	20.0
463.52	20.0
472.08	20.0
481.16	20.0
486.6	20.0
490.48	20.0
494.44	20.0
500.48	20.0
503.56	20.0
508.28	20.0
512.8	20.0
516.84	20.0
522.4	20.0
526.24	20.0
530.76	20.0
535.16	20.0
546.32	20.0
549.8	20.0
560.44	20.0
570.16	20.0
572.68	20.0
577.52	20.0
582.04	20.0
587.76	20.0
591.6	20.0
596.84	20.0
603.84	20.0
612.28	20.0
616.16	20.0
623.6	20.0
629.16	20.0
634.24	20.0
639.76	20.0
654.72	20.0
658.88	20.0
664.64	20.0
670.16	20.0
682.84	20.0
707.56	20.0
717.12	20.0
732.6	20.0
740.76	20.0
748.44	20.0
761.92	20.0
777.28	20.0
787.8	20.0
800.92	20.0
812.52	20.0
820.44	20.0
830.44	20.0
838.68	20.0
865.04	20.0
873.92	20.0
884.96	20.0
901.0	20.0
915.72	20.0
924.0	20.0
949.64	20.0
955.24	20.0
982.24	20.0
997.92	20.0
1017.04	20.0
1068.44	20.0
1091.44	20.0
1095.6	20.0
1110.36	20.0
1118.2	20.0
1146.28	20.0
1171.48	20.0
1195.92	20.0
1211.32	20.0
1249.04	20.0
1258.6	20.0
1280.12	20.0
1286.4	20.0
1338.68	20.0
1341.76	20.0
1357.32	20.0
1374.64	20.0
1382.04	20.0
545.24	21.0
564.68	22.0
588.52	22.0
615.96	22.0
1126.28	22.0
509.32	23.0
534.96	23.0
552.08	23.0
589.8	23.0
565.76	23.0
617.16	23.0
673.68	23.0
750.64	23.0
979.52	23.0
476.0	24.0
549.2	24.0
814.48	24.0
525.04	24.0
