46.16	1.0
202.56	1.0
316.84	1.0
334.24	1.0
88.24	1.0
185.6	1.0
121.12	2.0
264.52	2.0
335.96	2.0
124.72	3.0
18.56	3.0
23.2	3.0
26.04	3.0
77.72	3.0
182.88	3.0
187.2	3.0
194.76	3.0
268.64	3.0
279.72	3.0
419.6	3.0
89.0	5.0
103.4	6.0
176.48	6.0
204.32	6.0
241.48	6.0
326.24	6.0
326.56	7.0
606.52	8.0
296.84	8.0
322.84	8.0
133.08	9.0
296.8	9.0
87.56	11.0
124.48	11.0
17.52	12.0
63.52	12.0
171.72	12.0
180.36	12.0
269.44	12.0
316.88	12.0
325.6	12.0
484.08	12.0
197.08	16.0
164.0	17.0
184.76	17.0
190.4	17.0
210.16	17.0
279.88	17.0
298.48	17.0
298.28	18.0
164.44	19.0
296.52	19.0
17.68	20.0
46.08	20.0
60.96	20.0
75.44	20.0
87.4	20.0
101.04	20.0
124.0	20.0
130.16	20.0
146.72	20.0
164.48	20.0
175.44	20.0
184.8	20.0
191.96	20.0
206.24	20.0
230.44	20.0
241.44	20.0
257.04	20.0
268.6	20.0
296.52	20.0
305.68	20.0
308.36	20.0
317.28	20.0
325.36	20.0
335.48	20.0
351.2	20.0
477.64	20.0
485.56	20.0
539.64	20.0
171.92	23.0
326.32	24.0
