767.24	1.0
786.2	1.0
802.32	1.0
838.6	1.0
858.0	1.0
879.8	1.0
910.64	1.0
830.88	1.0
846.2	1.0
1011.4	1.0
727.72	2.0
758.36	2.0
765.44	2.0
818.16	2.0
843.04	2.0
864.56	2.0
887.68	2.0
987.72	2.0
1167.08	2.0
1257.92	2.0
1358.72	2.0
802.16	3.0
822.56	3.0
829.08	3.0
841.72	3.0
845.0	3.0
847.52	3.0
857.64	3.0
867.88	3.0
880.2	3.0
888.6	3.0
893.24	3.0
901.88	3.0
910.84	3.0
919.88	3.0
935.72	3.0
948.88	3.0
956.72	3.0
961.64	3.0
974.76	3.0
986.8	3.0
990.0	3.0
1000.76	3.0
1037.8	3.0
1055.24	3.0
1068.4	3.0
1073.8	3.0
1083.36	3.0
1091.28	3.0
1108.84	3.0
1124.72	3.0
1147.76	3.0
1168.2	3.0
1172.96	3.0
1175.48	3.0
1205.92	3.0
1240.76	3.0
1272.36	3.0
1285.96	3.0
1308.08	3.0
1316.96	3.0
1343.72	3.0
1376.28	3.0
868.88	5.0
945.6	5.0
838.32	5.0
845.2	5.0
881.52	5.0
891.48	5.0
902.28	5.0
922.2	5.0
933.96	5.0
967.52	5.0
979.8	5.0
985.48	5.0
994.64	5.0
1013.04	5.0
1265.64	5.0
1275.4	5.0
758.16	6.0
771.4	6.0
796.72	6.0
810.64	6.0
822.28	6.0
831.96	6.0
836.44	6.0
849.12	6.0
856.96	6.0
862.12	6.0
868.04	6.0
875.08	6.0
886.48	6.0
889.96	6.0
895.56	6.0
904.32	6.0
914.08	6.0
931.4	6.0
944.52	6.0
952.36	6.0
972.52	6.0
978.56	6.0
991.2	6.0
999.8	6.0
1018.08	6.0
1033.12	6.0
1065.96	6.0
1107.0	6.0
1143.2	6.0
1168.16	6.0
1194.12	6.0
1226.6	6.0
1243.36	6.0
1295.84	6.0
1327.96	6.0
1339.28	6.0
1364.76	6.0
822.68	7.0
838.88	7.0
846.36	7.0
849.48	7.0
867.36	7.0
901.44	7.0
1002.16	7.0
1105.16	7.0
738.2	8.0
995.68	8.0
838.64	8.0
845.68	8.0
855.48	8.0
902.8	8.0
949.24	8.0
838.04	9.0
845.52	9.0
859.52	9.0
864.52	9.0
928.88	9.0
1186.24	9.0
863.52	11.0
880.84	11.0
1240.72	11.0
858.8	11.0
869.56	11.0
875.12	11.0
887.0	11.0
932.8	11.0
995.72	11.0
1056.56	11.0
820.48	12.0
855.24	12.0
887.24	12.0
904.52	12.0
991.52	12.0
766.0	12.0
790.4	12.0
803.4	12.0
815.88	12.0
837.6	12.0
858.36	12.0
881.0	12.0
884.52	12.0
900.96	12.0
916.16	12.0
928.12	12.0
932.6	12.0
947.08	12.0
954.48	12.0
970.36	12.0
986.36	12.0
1020.04	12.0
1054.24	12.0
1066.08	12.0
1144.56	12.0
1150.64	12.0
1208.12	12.0
1219.16	12.0
1222.12	12.0
1260.8	12.0
1284.16	12.0
1304.12	12.0
1370.36	12.0
853.72	13.0
865.68	13.0
879.04	13.0
888.44	13.0
899.88	13.0
902.4	13.0
911.32	13.0
921.8	13.0
941.64	13.0
952.4	13.0
966.84	13.0
978.88	13.0
991.28	13.0
1003.68	13.0
1029.6	13.0
1046.52	13.0
1067.56	13.0
1090.72	13.0
1113.64	13.0
1140.6	13.0
1173.08	13.0
1204.08	13.0
1236.44	13.0
1261.2	13.0
1353.64	13.0
956.44	14.0
803.36	14.0
851.96	14.0
903.36	14.0
976.92	14.0
1004.56	14.0
1107.48	14.0
1190.24	14.0
867.48	15.0
901.6	15.0
1105.28	15.0
823.44	15.0
820.48	16.0
870.88	16.0
968.84	16.0
1080.72	16.0
1163.96	16.0
1224.32	16.0
1321.24	16.0
929.28	16.0
902.88	17.0
945.64	17.0
998.4	17.0
758.36	17.0
800.04	17.0
808.04	17.0
842.36	17.0
886.48	17.0
892.0	17.0
914.76	17.0
936.48	17.0
964.08	17.0
974.4	17.0
1095.6	17.0
1108.88	17.0
1124.28	17.0
1278.28	17.0
1369.6	17.0
919.64	18.0
903.28	18.0
1066.96	18.0
912.28	19.0
948.8	19.0
1001.92	19.0
858.64	20.0
340.24	20.0
649.04	20.0
705.76	20.0
713.92	20.0
724.52	20.0
729.56	20.0
738.76	20.0
751.56	20.0
756.92	20.0
761.52	20.0
767.64	20.0
774.72	20.0
779.6	20.0
782.76	20.0
789.6	20.0
795.68	20.0
806.52	20.0
811.76	20.0
818.56	20.0
826.0	20.0
833.56	20.0
838.08	20.0
845.84	20.0
852.24	20.0
855.8	20.0
864.2	20.0
874.4	20.0
880.48	20.0
885.04	20.0
890.24	20.0
896.0	20.0
902.8	20.0
917.24	20.0
927.2	20.0
932.36	20.0
948.84	20.0
954.52	20.0
963.48	20.0
967.28	20.0
972.44	20.0
989.08	20.0
994.96	20.0
1010.72	20.0
1020.12	20.0
1026.4	20.0
1046.2	20.0
1056.12	20.0
1066.64	20.0
1071.68	20.0
1096.32	20.0
1110.6	20.0
1133.8	20.0
1143.72	20.0
1160.8	20.0
1171.56	20.0
1183.88	20.0
1208.4	20.0
1226.4	20.0
1234.8	20.0
1241.36	20.0
1260.68	20.0
1275.88	20.0
1284.84	20.0
1301.96	20.0
1332.2	20.0
1361.44	20.0
1370.2	20.0
900.88	22.0
954.28	22.0
995.88	22.0
918.52	22.0
866.2	23.0
887.64	23.0
890.16	23.0
928.04	23.0
990.08	23.0
1108.04	23.0
875.88	23.0
1312.6	23.0
788.72	24.0
889.68	24.0
1222.88	24.0
