603.4	1.0
640.68	1.0
657.12	1.0
702.0	1.0
742.04	1.0
1399.36	1.0
631.64	1.0
688.28	1.0
693.56	1.0
758.48	1.0
860.56	1.0
1006.24	1.0
1211.84	1.0
587.0	2.0
606.8	2.0
626.4	2.0
639.32	2.0
651.12	2.0
654.88	2.0
665.8	2.0
687.24	2.0
701.68	2.0
708.56	2.0
718.76	2.0
631.28	3.0
645.64	3.0
655.08	3.0
665.92	3.0
676.2	3.0
693.12	3.0
700.08	3.0
710.48	3.0
729.64	3.0
748.16	3.0
757.84	3.0
774.76	3.0
799.72	3.0
805.92	3.0
809.96	3.0
829.32	3.0
841.96	3.0
851.88	3.0
903.4	3.0
941.6	3.0
975.84	3.0
987.92	3.0
1007.96	3.0
1028.28	3.0
1038.6	3.0
1045.8	3.0
1061.72	3.0
1092.32	3.0
1120.16	3.0
1138.88	3.0
1153.96	3.0
1184.8	3.0
1213.32	3.0
1228.04	3.0
1322.88	3.0
1330.52	3.0
1427.68	3.0
621.88	5.0
634.08	5.0
666.0	5.0
706.04	5.0
772.28	5.0
1010.64	5.0
650.92	5.0
676.24	5.0
688.36	5.0
702.88	5.0
715.36	5.0
738.84	5.0
755.44	5.0
788.6	5.0
809.48	5.0
815.8	5.0
877.84	5.0
902.48	5.0
936.64	5.0
1072.8	5.0
1187.72	5.0
1267.52	5.0
1384.08	5.0
604.52	6.0
613.36	6.0
624.6	6.0
631.76	6.0
637.92	6.0
645.08	6.0
651.56	6.0
656.16	6.0
660.84	6.0
667.28	6.0
675.6	6.0
692.2	6.0
703.12	6.0
729.96	6.0
744.88	6.0
758.52	6.0
766.0	6.0
772.6	6.0
795.52	6.0
808.28	6.0
818.24	6.0
830.92	6.0
851.24	6.0
862.36	6.0
875.72	6.0
924.72	6.0
945.0	6.0
971.16	6.0
1006.08	6.0
1059.96	6.0
1105.68	6.0
1144.04	6.0
1170.56	6.0
1204.12	6.0
1240.72	6.0
632.8	7.0
667.2	7.0
675.96	7.0
683.52	7.0
699.68	7.0
703.48	7.0
727.68	7.0
780.68	7.0
831.28	7.0
1083.72	7.0
1241.08	7.0
689.68	8.0
1058.04	8.0
649.0	8.0
667.92	8.0
702.12	8.0
741.68	8.0
756.16	8.0
641.6	9.0
689.4	9.0
704.36	9.0
1240.08	9.0
879.56	10.0
674.28	11.0
677.8	11.0
696.4	11.0
718.12	11.0
651.8	11.0
689.04	11.0
787.28	11.0
903.2	11.0
941.88	11.0
594.56	12.0
702.36	12.0
767.84	12.0
823.04	12.0
945.8	12.0
982.72	12.0
1066.76	12.0
589.96	12.0
619.92	12.0
622.6	12.0
637.2	12.0
651.16	12.0
660.64	12.0
666.88	12.0
674.36	12.0
678.16	12.0
695.12	12.0
717.0	12.0
739.36	12.0
751.72	12.0
790.52	12.0
795.36	12.0
805.96	12.0
810.76	12.0
833.2	12.0
867.0	12.0
903.0	12.0
973.2	12.0
988.0	12.0
1037.72	12.0
1052.04	12.0
1166.48	12.0
1344.24	12.0
1383.64	12.0
1386.16	12.0
1445.96	12.0
677.88	13.0
631.08	13.0
645.48	13.0
652.76	13.0
662.28	13.0
672.4	13.0
684.44	13.0
687.36	13.0
694.72	13.0
703.48	13.0
716.48	13.0
726.36	13.0
740.36	13.0
748.68	13.0
753.12	13.0
758.16	13.0
760.96	13.0
772.12	13.0
780.88	13.0
792.92	13.0
809.8	13.0
822.48	13.0
838.0	13.0
851.4	13.0
872.0	13.0
887.2	13.0
903.8	13.0
906.36	13.0
925.8	13.0
948.56	13.0
972.56	13.0
1011.16	13.0
1033.52	13.0
1060.52	13.0
1098.32	13.0
1144.04	13.0
1194.56	13.0
1235.32	13.0
1307.44	13.0
646.76	14.0
674.44	14.0
1083.76	15.0
653.64	15.0
649.92	16.0
676.84	16.0
706.04	16.0
755.08	16.0
803.0	16.0
1106.56	16.0
653.72	17.0
604.76	17.0
642.12	17.0
644.64	17.0
685.16	17.0
689.2	17.0
701.96	17.0
707.48	17.0
712.08	17.0
769.72	17.0
791.56	17.0
990.0	17.0
1037.8	17.0
1097.0	17.0
1239.72	17.0
725.16	18.0
765.48	18.0
1017.96	18.0
690.08	19.0
574.84	19.0
605.24	19.0
618.24	19.0
652.24	19.0
705.92	19.0
725.68	19.0
760.88	19.0
787.2	19.0
972.08	19.0
566.24	20.0
574.88	20.0
582.04	20.0
589.08	20.0
591.6	20.0
594.68	20.0
603.52	20.0
609.16	20.0
614.04	20.0
618.32	20.0
621.28	20.0
628.48	20.0
632.08	20.0
638.12	20.0
649.04	20.0
653.6	20.0
659.84	20.0
674.04	20.0
678.96	20.0
684.28	20.0
688.24	20.0
694.28	20.0
698.8	20.0
703.08	20.0
707.24	20.0
717.04	20.0
721.88	20.0
730.12	20.0
738.4	20.0
742.2	20.0
755.8	20.0
760.68	20.0
773.16	20.0
787.36	20.0
793.96	20.0
822.52	20.0
828.76	20.0
839.0	20.0
848.36	20.0
863.4	20.0
869.32	20.0
883.92	20.0
906.4	20.0
917.08	20.0
924.68	20.0
953.96	20.0
968.44	20.0
988.84	20.0
1000.32	20.0
1026.28	20.0
1060.16	20.0
1073.24	20.0
1088.96	20.0
1095.36	20.0
1121.96	20.0
1137.4	20.0
1147.04	20.0
1172.68	20.0
1184.52	20.0
1187.12	20.0
1209.12	20.0
1215.16	20.0
1222.56	20.0
1239.52	20.0
1270.92	20.0
1276.44	20.0
1311.36	20.0
1323.64	20.0
1338.56	20.0
1341.48	20.0
1363.56	20.0
1387.04	20.0
1421.6	20.0
1435.52	20.0
1447.64	20.0
1460.96	20.0
1476.0	20.0
629.6	22.0
649.96	22.0
795.96	22.0
689.2	22.0
748.6	22.0
772.2	22.0
635.68	23.0
675.08	23.0
687.56	23.0
693.92	23.0
724.36	23.0
1105.0	23.0
623.08	24.0
639.12	24.0
690.36	24.0
