428.16	1.0
11.24	1.0
14.24	1.0
534.92	1.0
751.0	1.0
452.0	2.0
352.52	2.0
431.36	2.0
598.2	2.0
766.08	2.0
825.8	2.0
1002.76	2.0
14.16	3.0
27.8	3.0
59.2	3.0
110.44	3.0
125.84	3.0
202.52	3.0
219.72	3.0
321.72	3.0
349.44	3.0
398.36	3.0
455.12	3.0
472.36	3.0
498.6	3.0
504.96	3.0
538.84	3.0
578.04	3.0
624.64	3.0
691.72	3.0
799.16	3.0
844.48	3.0
849.6	3.0
863.92	3.0
879.4	3.0
1023.72	3.0
96.0	5.0
196.08	5.0
398.44	5.0
734.08	5.0
20.56	5.0
45.68	5.0
165.56	5.0
199.96	5.0
244.4	5.0
289.68	5.0
593.32	5.0
658.88	5.0
711.0	5.0
62.24	6.0
78.2	6.0
95.4	6.0
113.6	6.0
146.48	6.0
224.16	6.0
271.2	6.0
321.8	6.0
336.08	6.0
352.68	6.0
414.24	6.0
449.08	6.0
478.0	6.0
514.52	6.0
577.12	6.0
596.84	6.0
623.76	6.0
637.32	6.0
683.44	6.0
705.28	6.0
716.2	6.0
823.0	6.0
831.88	6.0
855.92	6.0
905.44	6.0
919.4	6.0
971.48	6.0
1028.8	6.0
478.32	7.0
683.84	7.0
136.6	8.0
350.24	8.0
62.68	8.0
29.24	9.0
76.28	9.0
573.52	11.0
49.24	12.0
4.68	12.0
11.52	12.0
24.12	12.0
29.76	12.0
75.64	12.0
90.0	12.0
111.24	12.0
158.12	12.0
178.28	12.0
259.04	12.0
261.88	12.0
277.84	12.0
293.44	12.0
318.04	12.0
396.2	12.0
417.8	12.0
438.56	12.0
452.56	12.0
489.76	12.0
604.32	12.0
624.32	12.0
711.2	12.0
758.96	12.0
828.32	12.0
838.72	12.0
953.04	12.0
9.08	13.0
26.44	13.0
50.0	13.0
66.04	13.0
104.28	13.0
117.64	13.0
146.52	13.0
167.08	13.0
196.44	13.0
227.28	13.0
246.84	13.0
274.0	13.0
319.16	13.0
378.72	13.0
409.04	13.0
451.56	13.0
501.28	13.0
547.08	13.0
636.04	13.0
244.76	14.0
350.8	14.0
840.16	14.0
8.08	16.0
732.0	16.0
591.32	17.0
12.64	17.0
48.52	17.0
61.76	17.0
120.88	17.0
133.52	17.0
323.16	17.0
715.44	17.0
826.8	17.0
97.16	18.0
243.04	18.0
410.84	18.0
451.96	18.0
495.36	18.0
661.56	19.0
351.04	19.0
432.8	19.0
11.76	20.0
18.52	20.0
24.92	20.0
35.52	20.0
62.36	20.0
78.08	20.0
92.16	20.0
143.92	20.0
151.8	20.0
165.28	20.0
195.0	20.0
239.72	20.0
254.08	20.0
256.84	20.0
308.0	20.0
312.8	20.0
316.44	20.0
320.0	20.0
351.08	20.0
375.32	20.0
410.6	20.0
432.84	20.0
444.64	20.0
500.32	20.0
521.56	20.0
551.0	20.0
565.44	20.0
590.04	20.0
597.04	20.0
602.36	20.0
609.2	20.0
614.76	20.0
638.68	20.0
661.2	20.0
682.48	20.0
695.84	20.0
708.16	20.0
711.12	20.0
715.48	20.0
733.12	20.0
747.8	20.0
765.0	20.0
777.72	20.0
796.52	20.0
807.76	20.0
828.04	20.0
847.36	20.0
855.76	20.0
880.32	20.0
890.8	20.0
914.28	20.0
932.68	20.0
935.2	20.0
959.2	20.0
985.72	20.0
1005.88	20.0
1021.44	20.0
1045.04	20.0
1088.36	20.0
146.44	23.0
319.24	24.0
687.6	24.0
920.12	24.0
