854.48	1.0
873.24	1.0
878.28	1.0
896.48	1.0
910.56	1.0
953.08	1.0
1048.28	1.0
1099.72	1.0
1312.8	1.0
1395.28	1.0
1474.92	1.0
923.0	1.0
937.88	1.0
961.88	1.0
1316.84	1.0
829.32	2.0
872.76	2.0
876.04	2.0
923.68	2.0
928.04	2.0
938.44	2.0
956.64	2.0
959.2	2.0
1003.0	2.0
1041.36	2.0
1467.76	2.0
1159.52	3.0
901.6	3.0
910.48	3.0
913.88	3.0
923.28	3.0
928.6	3.0
933.6	3.0
943.96	3.0
953.12	3.0
964.8	3.0
973.0	3.0
983.64	3.0
993.2	3.0
1002.6	3.0
1006.68	3.0
1033.32	3.0
1040.24	3.0
1043.04	3.0
1053.04	3.0
1067.24	3.0
1076.48	3.0
1080.24	3.0
1108.96	3.0
1123.36	3.0
1125.88	3.0
1139.96	3.0
1151.6	3.0
1154.4	3.0
1178.28	3.0
1192.48	3.0
1196.08	3.0
1200.4	3.0
1208.48	3.0
1261.24	3.0
1295.0	3.0
1317.36	3.0
1357.28	3.0
1388.08	3.0
1414.68	3.0
1441.76	3.0
1452.12	3.0
1477.84	3.0
925.04	5.0
935.04	5.0
1112.44	5.0
972.12	5.0
998.88	5.0
1003.72	5.0
1033.52	5.0
1041.64	5.0
1056.04	5.0
1108.56	5.0
1244.88	5.0
837.72	6.0
870.16	6.0
890.72	6.0
901.28	6.0
910.84	6.0
919.16	6.0
923.76	6.0
936.2	6.0
942.44	6.0
961.52	6.0
972.72	6.0
983.32	6.0
987.2	6.0
993.52	6.0
1001.6	6.0
1008.36	6.0
1016.4	6.0
1019.12	6.0
1027.84	6.0
1040.2	6.0
1060.52	6.0
1076.12	6.0
1082.88	6.0
1114.2	6.0
1127.92	6.0
1152.56	6.0
1180.6	6.0
1230.6	6.0
1260.84	6.0
1278.84	6.0
1291.84	6.0
1342.68	6.0
1421.88	6.0
1445.84	6.0
933.08	7.0
970.16	7.0
973.04	7.0
995.72	7.0
1180.96	7.0
940.92	8.0
965.48	8.0
1192.84	8.0
1467.12	8.0
916.6	8.0
931.6	8.0
958.24	8.0
993.44	8.0
1001.8	8.0
1031.6	8.0
1060.36	8.0
918.44	9.0
922.64	9.0
929.88	9.0
983.76	10.0
928.04	10.0
929.6	11.0
953.2	11.0
919.48	11.0
971.8	11.0
917.52	12.0
972.8	12.0
1183.08	12.0
1194.28	12.0
787.8	12.0
886.88	12.0
906.8	12.0
910.48	12.0
929.44	12.0
942.88	12.0
975.32	12.0
982.16	12.0
990.2	12.0
1006.4	12.0
1012.96	12.0
1015.72	12.0
1029.28	12.0
1036.0	12.0
1039.68	12.0
1057.92	12.0
1060.64	12.0
1078.64	12.0
1102.8	12.0
1121.4	12.0
1196.88	12.0
1207.04	12.0
1216.48	12.0
1244.2	12.0
1257.52	12.0
1260.52	12.0
1274.24	12.0
1316.12	12.0
1361.28	12.0
1404.32	12.0
1444.12	12.0
1467.92	12.0
1474.4	12.0
1018.04	13.0
924.0	13.0
939.2	13.0
951.16	13.0
970.12	13.0
979.44	13.0
997.16	13.0
1006.44	13.0
1015.16	13.0
1032.72	13.0
1045.36	13.0
1062.24	13.0
1076.2	13.0
1092.12	13.0
1107.96	13.0
1131.48	13.0
1151.84	13.0
1170.56	13.0
1188.64	13.0
1209.36	13.0
1237.64	13.0
1263.48	13.0
1289.16	13.0
1334.84	13.0
1361.56	13.0
1411.72	13.0
1479.96	13.0
925.28	14.0
954.8	14.0
962.32	14.0
971.2	14.0
1004.76	14.0
1112.68	14.0
933.16	15.0
995.84	15.0
1090.6	15.0
1137.6	15.0
1452.12	15.0
943.84	16.0
992.64	16.0
1049.4	16.0
1123.56	16.0
1474.0	16.0
860.04	17.0
876.72	17.0
900.64	17.0
913.08	17.0
931.16	17.0
937.04	17.0
940.96	17.0
999.68	17.0
1003.72	17.0
1012.12	17.0
1032.32	17.0
1038.48	17.0
1078.44	17.0
1128.96	17.0
1262.04	17.0
1444.56	17.0
910.8	18.0
942.44	18.0
990.16	18.0
1013.76	18.0
1143.48	18.0
974.44	19.0
983.52	19.0
929.84	19.0
937.04	19.0
1006.64	19.0
1050.36	19.0
1357.04	19.0
979.92	20.0
802.6	20.0
810.08	20.0
820.96	20.0
826.08	20.0
831.24	20.0
839.6	20.0
844.92	20.0
851.04	20.0
858.6	20.0
868.4	20.0
874.68	20.0
885.24	20.0
893.36	20.0
898.96	20.0
903.4	20.0
911.8	20.0
917.12	20.0
919.64	20.0
926.0	20.0
929.88	20.0
937.08	20.0
941.56	20.0
955.2	20.0
960.4	20.0
968.32	20.0
975.96	20.0
982.64	20.0
988.92	20.0
995.12	20.0
1001.44	20.0
1006.4	20.0
1011.6	20.0
1019.48	20.0
1040.12	20.0
1053.44	20.0
1059.64	20.0
1077.48	20.0
1084.36	20.0
1090.0	20.0
1102.28	20.0
1120.16	20.0
1131.48	20.0
1139.92	20.0
1157.08	20.0
1165.84	20.0
1177.52	20.0
1183.68	20.0
1194.32	20.0
1209.96	20.0
1240.08	20.0
1257.12	20.0
1273.24	20.0
1288.8	20.0
1316.12	20.0
1327.08	20.0
1341.72	20.0
1357.08	20.0
1383.88	20.0
1397.24	20.0
1429.76	20.0
1440.08	20.0
1468.12	20.0
1481.88	20.0
932.36	21.0
949.84	22.0
1001.84	22.0
1010.88	22.0
1073.16	22.0
1120.44	22.0
1139.24	22.0
316.0	23.0
917.88	23.0
955.44	23.0
986.16	23.0
1017.28	23.0
1237.68	23.0
1398.08	23.0
1061.08	23.0
899.88	24.0
1261.28	24.0
