710.64	1.0
764.32	1.0
784.24	1.0
822.44	1.0
837.88	1.0
872.32	1.0
902.08	1.0
985.16	1.0
1323.72	1.0
748.0	1.0
775.72	1.0
796.48	1.0
801.44	1.0
808.72	1.0
819.08	1.0
829.76	1.0
1206.2	1.0
1210.2	1.0
1367.08	1.0
688.52	2.0
721.76	2.0
756.56	2.0
812.6	2.0
828.64	2.0
840.28	2.0
914.52	2.0
922.44	3.0
756.64	3.0
765.56	3.0
771.56	3.0
775.64	3.0
795.16	3.0
806.2	3.0
816.4	3.0
830.44	3.0
835.6	3.0
846.64	3.0
856.36	3.0
871.64	3.0
881.28	3.0
884.8	3.0
903.08	3.0
930.24	3.0
938.88	3.0
950.72	3.0
958.48	3.0
967.96	3.0
988.52	3.0
1003.44	3.0
1009.56	3.0
1028.24	3.0
1031.04	3.0
1041.28	3.0
1045.24	3.0
1061.08	3.0
1069.0	3.0
1072.28	3.0
1095.12	3.0
1114.84	3.0
1131.2	3.0
1159.72	3.0
1182.8	3.0
1208.88	3.0
1249.08	3.0
1277.12	3.0
1299.4	3.0
1307.32	3.0
1335.04	3.0
1395.6	3.0
1399.44	3.0
1444.72	3.0
1467.6	3.0
894.04	5.0
918.12	5.0
1081.04	5.0
1212.4	5.0
758.96	5.0
794.2	5.0
844.08	5.0
867.52	5.0
870.2	5.0
883.52	5.0
911.64	5.0
937.8	5.0
971.76	5.0
982.56	5.0
1049.76	5.0
1131.92	5.0
1258.88	5.0
696.96	6.0
714.0	6.0
732.08	6.0
743.04	6.0
754.76	6.0
759.24	6.0
762.44	6.0
767.8	6.0
775.12	6.0
778.76	6.0
791.2	6.0
801.52	6.0
806.48	6.0
814.48	6.0
821.12	6.0
826.76	6.0
833.12	6.0
840.32	6.0
847.64	6.0
857.64	6.0
870.24	6.0
882.2	6.0
893.68	6.0
898.72	6.0
926.4	6.0
934.4	6.0
946.2	6.0
959.12	6.0
972.84	6.0
1013.52	6.0
1034.56	6.0
1053.68	6.0
1071.56	6.0
1108.24	6.0
1118.72	6.0
1155.24	6.0
1184.48	6.0
1279.52	6.0
1324.68	6.0
1392.08	6.0
1457.44	6.0
743.4	7.0
776.56	7.0
791.72	7.0
829.4	7.0
892.64	7.0
942.72	7.0
1047.6	7.0
1225.24	7.0
871.08	8.0
1210.0	8.0
772.72	8.0
784.6	8.0
791.04	8.0
796.6	8.0
811.92	8.0
825.16	8.0
864.08	8.0
1020.44	8.0
819.72	9.0
740.28	11.0
766.84	11.0
801.04	11.0
856.92	11.0
871.44	11.0
777.4	11.0
829.24	11.0
794.8	12.0
897.12	12.0
902.48	12.0
722.04	12.0
737.64	12.0
740.36	12.0
765.44	12.0
769.8	12.0
800.72	12.0
830.48	12.0
846.56	12.0
854.52	12.0
867.84	12.0
874.72	12.0
884.6	12.0
906.32	12.0
922.08	12.0
931.4	12.0
968.36	12.0
987.08	12.0
997.88	12.0
1016.4	12.0
1058.68	12.0
1073.68	12.0
1107.48	12.0
1199.56	12.0
1206.24	12.0
1279.92	12.0
1395.16	12.0
765.4	13.0
777.24	13.0
791.04	13.0
802.32	13.0
812.0	13.0
820.72	13.0
839.0	13.0
846.16	13.0
858.0	13.0
868.8	13.0
880.72	13.0
892.32	13.0
903.76	13.0
921.04	13.0
931.08	13.0
946.52	13.0
961.76	13.0
974.8	13.0
988.96	13.0
1005.4	13.0
1021.72	13.0
1036.68	13.0
1053.4	13.0
1072.6	13.0
1099.56	13.0
1113.52	13.0
1130.36	13.0
1154.04	13.0
1181.52	13.0
1213.88	13.0
1247.88	13.0
1279.56	13.0
1285.6	13.0
1337.2	13.0
1411.84	13.0
753.56	14.0
777.2	14.0
1000.8	14.0
1018.52	14.0
1049.44	14.0
776.72	15.0
791.84	15.0
829.52	15.0
892.76	15.0
942.8	15.0
1047.72	15.0
807.12	15.0
979.28	15.0
766.92	16.0
802.28	16.0
846.96	16.0
895.56	16.0
945.48	16.0
1065.36	16.0
1153.2	16.0
1290.88	16.0
1467.56	16.0
856.6	17.0
630.84	17.0
715.88	17.0
750.96	17.0
767.96	17.0
791.84	17.0
829.36	17.0
873.44	17.0
894.12	17.0
934.16	17.0
1128.24	17.0
1171.08	17.0
787.16	18.0
943.8	18.0
1032.72	18.0
1080.2	18.0
1414.92	18.0
1463.48	18.0
871.72	19.0
725.16	19.0
785.0	19.0
813.96	19.0
955.16	19.0
1129.36	19.0
1211.92	19.0
1324.52	19.0
651.56	20.0
663.36	20.0
674.56	20.0
677.8	20.0
690.76	20.0
696.28	20.0
711.56	20.0
715.92	20.0
720.52	20.0
725.2	20.0
731.4	20.0
735.72	20.0
739.92	20.0
747.24	20.0
749.88	20.0
755.8	20.0
760.44	20.0
765.28	20.0
776.92	20.0
781.6	20.0
786.44	20.0
793.04	20.0
802.52	20.0
806.4	20.0
814.08	20.0
820.12	20.0
825.56	20.0
829.08	20.0
839.84	20.0
844.16	20.0
846.72	20.0
850.04	20.0
854.96	20.0
870.56	20.0
879.04	20.0
886.72	20.0
892.36	20.0
904.76	20.0
912.92	20.0
921.64	20.0
926.6	20.0
940.24	20.0
947.84	20.0
955.24	20.0
962.56	20.0
974.72	20.0
986.24	20.0
996.96	20.0
1018.12	20.0
1032.44	20.0
1039.12	20.0
1045.64	20.0
1051.4	20.0
1061.24	20.0
1071.88	20.0
1078.12	20.0
1087.04	20.0
1098.24	20.0
1105.44	20.0
1118.44	20.0
1129.36	20.0
1143.72	20.0
1155.8	20.0
1169.44	20.0
1178.76	20.0
1212.0	20.0
1226.28	20.0
1234.68	20.0
1246.76	20.0
1305.08	20.0
1324.56	20.0
1337.36	20.0
1356.28	20.0
1379.72	20.0
1396.56	20.0
1403.56	20.0
1431.12	20.0
1455.08	20.0
831.0	21.0
968.68	22.0
897.0	22.0
1001.76	22.0
765.56	23.0
803.0	23.0
850.88	23.0
903.4	23.0
971.2	23.0
1206.84	23.0
845.88	23.0
924.56	23.0
1144.0	23.0
743.52	24.0
765.4	24.0
792.04	24.0
1367.08	24.0
