504.6	1.0
612.08	1.0
638.28	1.0
799.4	1.0
935.6	1.0
1010.88	1.0
74.56	1.0
400.92	1.0
826.32	1.0
886.08	1.0
1134.92	1.0
111.32	2.0
406.24	2.0
564.68	2.0
667.92	2.0
861.16	2.0
992.76	2.0
1079.44	2.0
1163.64	2.0
1346.36	2.0
18.48	3.0
111.16	3.0
132.04	3.0
145.16	3.0
161.92	3.0
181.04	3.0
198.92	3.0
217.32	3.0
241.88	3.0
306.68	3.0
309.2	3.0
312.32	3.0
329.2	3.0
342.28	3.0
356.64	3.0
388.04	3.0
401.64	3.0
424.92	3.0
448.68	3.0
475.84	3.0
484.56	3.0
506.56	3.0
549.8	3.0
572.92	3.0
599.72	3.0
632.08	3.0
667.16	3.0
787.52	3.0
946.72	3.0
1165.76	3.0
162.32	5.0
173.72	5.0
433.32	5.0
459.28	5.0
1053.64	5.0
57.0	5.0
10.04	6.0
35.84	6.0
55.32	6.0
66.92	6.0
92.88	6.0
117.44	6.0
135.52	6.0
152.36	6.0
168.8	6.0
188.48	6.0
202.2	6.0
221.48	6.0
254.48	6.0
286.68	6.0
308.08	6.0
339.48	6.0
392.36	6.0
408.2	6.0
430.88	6.0
445.12	6.0
470.84	6.0
502.04	6.0
544.6	6.0
586.52	6.0
615.88	6.0
658.32	6.0
671.92	6.0
776.64	6.0
795.12	6.0
822.68	6.0
908.52	6.0
980.6	6.0
999.12	6.0
1035.6	6.0
1052.28	6.0
1099.2	6.0
1173.84	6.0
1226.48	6.0
1258.4	6.0
36.16	7.0
89.84	7.0
359.16	7.0
544.96	7.0
658.64	7.0
1226.84	7.0
36.56	8.0
671.32	8.0
687.92	8.0
994.44	8.0
419.4	9.0
675.68	9.0
998.96	9.0
1111.64	9.0
437.36	11.0
1098.28	11.0
18.0	11.0
405.92	11.0
1347.48	11.0
73.76	12.0
166.48	12.0
834.24	12.0
950.28	12.0
7.36	12.0
17.72	12.0
58.92	12.0
107.08	12.0
152.56	12.0
172.2	12.0
206.4	12.0
209.76	12.0
249.76	12.0
252.6	12.0
337.28	12.0
341.56	12.0
404.48	12.0
425.32	12.0
519.36	12.0
575.2	12.0
626.0	12.0
767.04	12.0
780.24	12.0
869.44	12.0
1000.08	12.0
1039.24	12.0
1082.56	12.0
1085.24	12.0
1153.24	12.0
1161.84	12.0
12.48	13.0
41.28	13.0
57.44	13.0
80.64	13.0
101.96	13.0
126.64	13.0
166.24	13.0
206.04	13.0
231.64	13.0
274.08	13.0
312.96	13.0
350.84	13.0
417.56	13.0
506.56	13.0
405.36	14.0
1031.68	14.0
90.0	15.0
42.76	16.0
113.8	16.0
189.52	16.0
407.84	16.0
1002.68	16.0
91.84	17.0
145.96	17.0
310.36	17.0
379.76	17.0
452.88	17.0
467.08	17.0
484.4	17.0
551.84	17.0
575.12	17.0
618.08	17.0
632.76	17.0
733.28	17.0
892.08	17.0
1323.32	17.0
37.2	18.0
91.76	18.0
574.88	18.0
786.76	18.0
1041.36	18.0
419.2	19.0
1013.6	19.0
6.64	20.0
25.08	20.0
35.36	20.0
45.88	20.0
57.08	20.0
65.24	20.0
80.2	20.0
85.48	20.0
92.0	20.0
103.08	20.0
114.04	20.0
123.48	20.0
135.24	20.0
142.52	20.0
151.2	20.0
165.76	20.0
172.92	20.0
180.72	20.0
187.6	20.0
200.44	20.0
216.28	20.0
225.48	20.0
236.64	20.0
258.28	20.0
285.36	20.0
298.12	20.0
307.0	20.0
331.12	20.0
338.16	20.0
348.04	20.0
356.64	20.0
379.2	20.0
389.04	20.0
402.88	20.0
415.24	20.0
418.12	20.0
429.28	20.0
437.2	20.0
465.36	20.0
479.36	20.0
502.0	20.0
516.6	20.0
524.08	20.0
543.92	20.0
563.44	20.0
571.84	20.0
600.4	20.0
612.4	20.0
634.44	20.0
642.12	20.0
669.64	20.0
680.8	20.0
713.0	20.0
729.64	20.0
746.88	20.0
768.8	20.0
780.04	20.0
803.24	20.0
809.36	20.0
819.44	20.0
825.52	20.0
835.88	20.0
863.36	20.0
884.8	20.0
904.36	20.0
907.8	20.0
922.32	20.0
930.76	20.0
944.2	20.0
967.52	20.0
975.4	20.0
996.04	20.0
1002.24	20.0
1013.64	20.0
1034.88	20.0
1047.88	20.0
1065.4	20.0
1082.08	20.0
1088.8	20.0
1129.28	20.0
1133.84	20.0
1162.8	20.0
1168.92	20.0
1177.48	20.0
1209.8	20.0
1219.52	20.0
1226.96	20.0
1258.24	20.0
1274.8	20.0
1278.52	20.0
1304.64	20.0
1318.36	20.0
1328.24	20.0
1346.96	20.0
389.72	21.0
57.56	23.0
1123.76	23.0
341.64	23.0
678.08	24.0
1177.04	24.0
