685.12	1.0
737.16	1.0
739.72	1.0
1041.92	1.0
719.68	1.0
725.48	1.0
758.2	1.0
776.6	1.0
794.16	1.0
804.32	1.0
816.2	1.0
819.92	1.0
850.56	1.0
853.4	1.0
1146.84	1.0
1022.52	2.0
668.12	2.0
684.0	2.0
725.36	2.0
756.12	2.0
770.28	2.0
787.08	2.0
802.32	2.0
818.28	2.0
848.08	2.0
698.32	3.0
712.72	3.0
718.88	3.0
724.08	3.0
732.48	3.0
740.36	3.0
757.4	3.0
768.04	3.0
780.12	3.0
783.64	3.0
786.72	3.0
796.72	3.0
805.0	3.0
833.76	3.0
845.44	3.0
853.2	3.0
879.64	3.0
889.08	3.0
910.4	3.0
926.44	3.0
975.56	3.0
991.36	3.0
1003.64	3.0
1017.6	3.0
1033.96	3.0
1092.8	3.0
1165.2	3.0
1187.6	3.0
1190.28	3.0
1204.72	3.0
1208.36	3.0
1285.24	3.0
1315.28	3.0
1358.68	3.0
736.08	5.0
813.76	5.0
890.8	5.0
921.2	5.0
1133.08	5.0
767.56	5.0
776.84	5.0
784.4	5.0
801.56	5.0
804.92	5.0
820.28	5.0
850.0	5.0
876.76	5.0
965.6	5.0
1015.28	5.0
1097.12	5.0
726.4	6.0
667.28	6.0
678.32	6.0
689.72	6.0
699.12	6.0
709.56	6.0
717.24	6.0
736.44	6.0
742.16	6.0
746.56	6.0
750.44	6.0
758.64	6.0
765.92	6.0
770.64	6.0
779.08	6.0
784.6	6.0
789.8	6.0
798.68	6.0
804.92	6.0
813.4	6.0
820.6	6.0
835.0	6.0
839.52	6.0
850.88	6.0
854.48	6.0
860.2	6.0
875.24	6.0
891.44	6.0
911.28	6.0
924.52	6.0
945.88	6.0
970.64	6.0
984.28	6.0
994.44	6.0
1012.36	6.0
1031.76	6.0
1048.8	6.0
1056.96	6.0
1064.32	6.0
1098.0	6.0
1132.2	6.0
1153.48	6.0
1269.64	6.0
1297.28	6.0
1324.56	6.0
724.32	7.0
709.92	7.0
737.4	7.0
784.76	7.0
813.72	7.0
835.24	7.0
902.28	7.0
984.56	7.0
1032.16	7.0
1057.36	7.0
1098.4	7.0
1130.56	7.0
1204.76	7.0
1297.64	7.0
756.52	8.0
737.92	8.0
750.76	8.0
777.28	8.0
788.56	8.0
798.52	8.0
835.84	8.0
877.96	8.0
886.28	8.0
1263.6	8.0
708.0	9.0
739.76	9.0
757.76	9.0
852.16	9.0
699.24	11.0
720.32	11.0
724.52	11.0
762.32	11.0
788.92	11.0
926.36	11.0
737.36	11.0
753.12	11.0
769.6	11.0
805.4	11.0
819.0	11.0
687.92	12.0
806.8	12.0
810.48	12.0
703.6	12.0
720.2	12.0
723.28	12.0
737.8	12.0
745.72	12.0
753.68	12.0
762.24	12.0
785.88	12.0
817.28	12.0
820.96	12.0
836.24	12.0
851.4	12.0
856.04	12.0
886.28	12.0
903.76	12.0
910.56	12.0
963.56	12.0
983.56	12.0
1052.76	12.0
1131.68	12.0
1187.76	12.0
1267.08	12.0
1290.6	12.0
1293.24	12.0
911.32	13.0
719.52	13.0
723.56	13.0
728.64	13.0
742.2	13.0
752.92	13.0
757.64	13.0
763.8	13.0
780.24	13.0
784.48	13.0
788.56	13.0
799.08	13.0
806.0	13.0
816.84	13.0
826.4	13.0
837.32	13.0
847.8	13.0
857.12	13.0
866.28	13.0
878.4	13.0
892.32	13.0
908.28	13.0
925.72	13.0
956.24	13.0
975.08	13.0
996.04	13.0
1014.28	13.0
1029.72	13.0
1050.56	13.0
1085.52	13.0
1113.52	13.0
1132.84	13.0
1136.48	13.0
1159.92	13.0
1185.6	13.0
1209.04	13.0
1245.84	13.0
721.4	14.0
714.32	14.0
717.04	14.0
813.92	14.0
822.44	14.0
737.48	15.0
835.28	15.0
902.4	15.0
1032.32	15.0
1204.92	15.0
726.32	15.0
877.36	15.0
708.48	16.0
736.72	16.0
779.24	16.0
805.68	16.0
884.84	16.0
964.44	16.0
1064.84	16.0
1132.92	16.0
1207.12	16.0
1347.2	16.0
824.84	17.0
923.24	17.0
678.4	17.0
694.8	17.0
716.52	17.0
739.28	17.0
757.28	17.0
784.8	17.0
794.16	17.0
816.6	17.0
1188.44	17.0
1206.32	17.0
757.0	18.0
790.72	18.0
808.64	18.0
886.12	18.0
686.92	19.0
723.16	19.0
816.64	19.0
857.28	19.0
885.96	19.0
817.28	20.0
640.32	20.0
659.68	20.0
665.72	20.0
670.56	20.0
677.92	20.0
683.12	20.0
686.88	20.0
692.28	20.0
696.6	20.0
700.52	20.0
707.84	20.0
714.28	20.0
720.08	20.0
724.52	20.0
728.04	20.0
745.12	20.0
752.44	20.0
758.2	20.0
763.24	20.0
769.12	20.0
773.36	20.0
780.24	20.0
786.08	20.0
795.92	20.0
801.36	20.0
807.04	20.0
812.28	20.0
822.76	20.0
830.24	20.0
834.84	20.0
840.56	20.0
845.28	20.0
850.92	20.0
857.04	20.0
865.32	20.0
875.12	20.0
885.8	20.0
892.04	20.0
911.36	20.0
922.0	20.0
943.16	20.0
951.12	20.0
972.2	20.0
1015.6	20.0
1027.48	20.0
1090.16	20.0
1100.24	20.0
1107.12	20.0
1118.2	20.0
1133.48	20.0
1141.88	20.0
1149.04	20.0
1156.0	20.0
1168.84	20.0
1191.0	20.0
1198.96	20.0
1205.56	20.0
1240.24	20.0
1260.84	20.0
1300.76	20.0
1344.96	20.0
757.4	21.0
787.68	21.0
687.8	22.0
780.24	22.0
830.04	22.0
706.44	23.0
741.44	23.0
760.96	23.0
847.96	23.0
992.36	23.0
1012.08	23.0
787.72	23.0
863.48	23.0
707.08	24.0
693.28	24.0
770.68	24.0
807.76	24.0
845.16	24.0
998.72	24.0
