582.2	1.0
623.52	1.0
641.76	1.0
686.52	1.0
613.12	1.0
636.64	1.0
662.44	1.0
670.6	1.0
690.36	1.0
710.08	1.0
746.76	1.0
814.08	1.0
881.6	1.0
542.96	2.0
576.8	2.0
619.2	2.0
656.88	2.0
670.8	2.0
689.88	2.0
745.4	2.0
750.64	2.0
774.88	2.0
805.0	2.0
985.28	2.0
1199.92	2.0
905.16	3.0
607.76	3.0
612.92	3.0
622.4	3.0
625.24	3.0
632.96	3.0
639.12	3.0
641.64	3.0
648.6	3.0
654.6	3.0
663.48	3.0
670.92	3.0
680.88	3.0
690.96	3.0
693.76	3.0
712.56	3.0
729.56	3.0
759.36	3.0
768.04	3.0
776.96	3.0
781.24	3.0
796.88	3.0
811.48	3.0
825.44	3.0
874.72	3.0
892.28	3.0
913.56	3.0
923.56	3.0
946.44	3.0
971.4	3.0
989.76	3.0
1017.96	3.0
1036.0	3.0
1095.96	3.0
1105.64	3.0
1114.44	3.0
1136.16	3.0
1148.84	3.0
1169.32	3.0
1173.12	3.0
1206.0	3.0
1266.68	3.0
1306.32	3.0
1353.88	3.0
642.84	4.0
610.84	5.0
657.56	5.0
712.8	5.0
821.56	5.0
1014.44	5.0
1059.92	5.0
1150.0	5.0
1202.44	5.0
665.48	5.0
685.72	5.0
688.28	5.0
707.92	5.0
730.44	5.0
751.28	5.0
762.04	5.0
800.6	5.0
854.52	5.0
871.12	5.0
1279.48	5.0
571.96	6.0
586.64	6.0
593.72	6.0
602.92	6.0
611.68	6.0
620.04	6.0
631.96	6.0
637.72	6.0
647.44	6.0
656.76	6.0
665.96	6.0
670.08	6.0
678.92	6.0
685.36	6.0
691.4	6.0
697.64	6.0
709.4	6.0
719.56	6.0
726.04	6.0
740.16	6.0
748.28	6.0
780.56	6.0
789.64	6.0
807.48	6.0
822.08	6.0
845.08	6.0
861.92	6.0
878.2	6.0
888.44	6.0
903.0	6.0
920.48	6.0
956.64	6.0
967.96	6.0
982.2	6.0
1004.52	6.0
1036.68	6.0
1079.0	6.0
1096.2	6.0
1136.28	6.0
1153.8	6.0
1179.4	6.0
1200.64	6.0
1302.56	6.0
633.28	7.0
667.16	7.0
679.8	7.0
710.0	7.0
760.08	7.0
1079.36	7.0
1167.2	7.0
1201.04	7.0
601.76	8.0
672.88	8.0
723.72	8.0
889.16	8.0
620.52	8.0
639.28	8.0
660.12	8.0
782.48	8.0
1084.36	8.0
673.24	9.0
696.52	9.0
855.32	9.0
620.28	11.0
630.92	11.0
661.48	11.0
664.16	11.0
690.4	11.0
657.44	11.0
713.84	11.0
796.0	11.0
1178.88	11.0
656.44	12.0
741.2	12.0
775.04	12.0
1177.2	12.0
591.6	12.0
598.64	12.0
620.28	12.0
623.0	12.0
630.88	12.0
638.16	12.0
643.0	12.0
646.24	12.0
661.4	12.0
667.0	12.0
676.04	12.0
690.52	12.0
711.16	12.0
723.2	12.0
751.52	12.0
769.32	12.0
796.48	12.0
809.76	12.0
821.12	12.0
850.28	12.0
910.84	12.0
933.16	12.0
1044.56	12.0
1105.32	12.0
1188.36	12.0
1247.04	12.0
617.56	13.0
628.92	13.0
641.64	13.0
653.2	13.0
663.6	13.0
667.64	13.0
672.44	13.0
683.0	13.0
691.24	13.0
701.96	13.0
710.84	13.0
723.68	13.0
734.88	13.0
746.28	13.0
761.6	13.0
771.8	13.0
784.84	13.0
799.96	13.0
812.8	13.0
831.84	13.0
849.68	13.0
870.08	13.0
888.48	13.0
914.08	13.0
939.0	13.0
965.6	13.0
987.84	13.0
1014.2	13.0
1045.32	13.0
1065.28	13.0
1098.64	13.0
1123.68	13.0
1157.44	13.0
1195.48	13.0
1243.24	13.0
625.32	14.0
627.92	14.0
633.4	15.0
667.32	15.0
707.32	15.0
630.92	16.0
667.36	16.0
693.84	16.0
881.36	16.0
982.64	16.0
1033.44	16.0
1298.52	16.0
583.88	17.0
596.24	17.0
609.0	17.0
615.08	17.0
632.2	17.0
659.96	17.0
675.4	17.0
679.4	17.0
717.72	17.0
768.84	17.0
791.64	17.0
906.76	17.0
1097.0	17.0
1152.8	17.0
1200.28	17.0
1225.64	17.0
587.8	18.0
607.12	18.0
658.48	18.0
723.64	18.0
1117.96	18.0
592.48	19.0
607.56	19.0
671.92	19.0
710.72	19.0
898.96	19.0
1016.12	19.0
1096.24	19.0
499.76	20.0
545.32	20.0
548.2	20.0
559.76	20.0
568.16	20.0
579.0	20.0
582.32	20.0
589.16	20.0
592.28	20.0
600.48	20.0
607.68	20.0
613.48	20.0
618.4	20.0
622.04	20.0
629.92	20.0
634.2	20.0
644.0	20.0
649.72	20.0
654.8	20.0
665.08	20.0
670.96	20.0
677.48	20.0
682.76	20.0
688.44	20.0
691.36	20.0
699.8	20.0
704.8	20.0
710.68	20.0
715.44	20.0
726.64	20.0
737.8	20.0
740.4	20.0
763.2	20.0
771.08	20.0
782.32	20.0
795.56	20.0
804.96	20.0
822.16	20.0
830.36	20.0
840.56	20.0
861.64	20.0
870.68	20.0
876.6	20.0
888.92	20.0
906.2	20.0
936.04	20.0
943.64	20.0
957.16	20.0
968.8	20.0
982.92	20.0
988.4	20.0
995.52	20.0
1029.24	20.0
1046.24	20.0
1057.76	20.0
1061.0	20.0
1077.96	20.0
1096.32	20.0
1102.96	20.0
1116.64	20.0
1163.36	20.0
1170.8	20.0
1178.36	20.0
1186.08	20.0
1200.76	20.0
1211.72	20.0
1222.28	20.0
1244.64	20.0
1258.68	20.0
1277.04	20.0
1288.64	20.0
1331.68	20.0
1335.44	20.0
1351.92	20.0
679.8	22.0
681.32	23.0
934.12	23.0
1150.24	23.0
698.0	23.0
767.52	23.0
795.8	23.0
884.4	23.0
1062.56	23.0
603.16	24.0
712.84	24.0
870.84	24.0
