588.76	1.0
631.64	1.0
641.32	1.0
684.48	1.0
919.32	1.0
981.32	1.0
1357.28	1.0
625.0	1.0
645.64	1.0
660.72	1.0
670.64	1.0
673.16	1.0
676.48	1.0
687.0	1.0
690.48	1.0
701.36	1.0
718.28	1.0
725.4	1.0
730.68	1.0
734.04	1.0
758.2	1.0
771.76	1.0
775.04	1.0
790.48	1.0
966.68	1.0
570.32	2.0
610.72	2.0
646.44	2.0
649.04	2.0
668.6	2.0
695.16	2.0
720.48	2.0
739.92	2.0
763.36	2.0
911.16	2.0
648.36	3.0
616.8	3.0
645.28	3.0
652.88	3.0
660.2	3.0
670.4	3.0
685.76	3.0
693.68	3.0
711.96	3.0
714.56	3.0
721.68	3.0
731.32	3.0
767.36	3.0
826.28	3.0
857.24	3.0
879.56	3.0
892.72	3.0
909.72	3.0
927.84	3.0
946.36	3.0
966.4	3.0
988.76	3.0
1004.36	3.0
1037.4	3.0
1080.08	3.0
1093.32	3.0
1119.84	3.0
1141.88	3.0
1169.6	3.0
1207.6	3.0
1310.36	3.0
1323.48	3.0
1345.6	3.0
1352.04	5.0
656.36	5.0
663.2	5.0
683.8	5.0
697.4	5.0
714.36	5.0
727.32	5.0
743.68	5.0
766.16	5.0
784.16	5.0
813.64	5.0
880.12	5.0
923.04	5.0
1179.24	5.0
583.12	6.0
609.2	6.0
615.48	6.0
624.84	6.0
629.8	6.0
635.68	6.0
639.96	6.0
647.56	6.0
651.52	6.0
657.12	6.0
662.12	6.0
670.36	6.0
687.04	6.0
693.36	6.0
698.04	6.0
704.32	6.0
710.2	6.0
725.72	6.0
729.52	6.0
743.72	6.0
755.76	6.0
762.56	6.0
767.04	6.0
778.16	6.0
787.08	6.0
792.64	6.0
804.2	6.0
821.88	6.0
832.56	6.0
843.56	6.0
859.56	6.0
887.16	6.0
923.52	6.0
930.36	6.0
937.72	6.0
981.92	6.0
988.76	6.0
1037.04	6.0
1066.24	6.0
1087.6	6.0
1096.64	6.0
1124.72	6.0
1163.72	6.0
1184.96	6.0
1229.4	6.0
1269.96	6.0
1293.44	6.0
1319.12	6.0
656.28	7.0
625.16	7.0
660.68	7.0
681.84	7.0
696.84	7.0
707.76	7.0
725.16	7.0
741.52	7.0
758.48	7.0
777.84	7.0
899.28	7.0
1293.76	7.0
1319.44	7.0
783.16	8.0
651.16	8.0
662.12	8.0
688.16	8.0
711.76	8.0
810.76	8.0
655.24	9.0
667.6	9.0
698.84	9.0
702.12	9.0
705.84	9.0
735.16	9.0
777.68	9.0
586.08	11.0
643.12	11.0
658.32	11.0
671.04	11.0
675.52	11.0
718.12	11.0
737.2	11.0
1207.48	11.0
694.52	11.0
703.24	11.0
1334.48	11.0
647.84	12.0
673.6	12.0
728.64	12.0
753.6	12.0
779.84	12.0
1107.84	12.0
1118.8	12.0
622.24	12.0
642.84	12.0
659.04	12.0
666.16	12.0
668.96	12.0
689.96	12.0
692.92	12.0
696.08	12.0
708.92	12.0
714.64	12.0
722.52	12.0
737.32	12.0
744.52	12.0
758.72	12.0
793.72	12.0
860.52	12.0
918.48	12.0
983.32	12.0
1001.64	12.0
1007.52	12.0
1027.4	12.0
1057.16	12.0
1059.88	12.0
1156.56	12.0
1202.36	12.0
1211.6	12.0
1274.0	12.0
1300.48	12.0
1334.92	12.0
622.48	13.0
637.04	13.0
647.56	13.0
661.16	13.0
670.08	13.0
672.6	13.0
677.88	13.0
690.28	13.0
696.4	13.0
706.92	13.0
714.2	13.0
723.76	13.0
727.28	13.0
730.56	13.0
743.04	13.0
752.96	13.0
758.64	13.0
762.32	13.0
772.84	13.0
781.68	13.0
792.6	13.0
809.56	13.0
813.72	13.0
823.32	13.0
836.52	13.0
847.04	13.0
859.52	13.0
874.92	13.0
899.32	13.0
912.44	13.0
931.76	13.0
945.72	13.0
971.64	13.0
981.04	13.0
1002.96	13.0
1022.56	13.0
1051.64	13.0
1071.44	13.0
1093.08	13.0
1118.72	13.0
1150.32	13.0
1191.56	13.0
1233.72	13.0
1285.2	13.0
1330.76	13.0
1335.52	13.0
646.28	14.0
696.08	14.0
757.4	14.0
793.24	14.0
1272.52	14.0
660.8	15.0
696.96	15.0
707.84	15.0
873.72	15.0
645.96	16.0
669.08	16.0
979.68	16.0
1061.08	16.0
1180.68	16.0
635.44	17.0
638.32	17.0
647.52	17.0
651.68	17.0
672.08	17.0
677.52	17.0
686.64	17.0
702.08	17.0
738.92	17.0
781.64	17.0
810.44	17.0
874.12	17.0
880.16	17.0
893.6	17.0
908.12	17.0
939.96	17.0
963.28	17.0
967.2	17.0
1044.04	17.0
727.16	18.0
733.72	18.0
738.56	18.0
605.24	19.0
753.84	19.0
847.8	19.0
872.44	19.0
1293.24	19.0
671.08	20.0
759.08	20.0
966.08	20.0
541.8	20.0
559.56	20.0
564.0	20.0
572.68	20.0
577.12	20.0
580.68	20.0
589.12	20.0
593.12	20.0
599.4	20.0
605.28	20.0
609.6	20.0
616.4	20.0
622.4	20.0
629.84	20.0
634.36	20.0
641.2	20.0
647.92	20.0
654.92	20.0
660.96	20.0
667.44	20.0
678.4	20.0
682.84	20.0
687.12	20.0
694.04	20.0
701.76	20.0
707.12	20.0
712.36	20.0
716.24	20.0
724.4	20.0
728.84	20.0
733.48	20.0
736.52	20.0
744.0	20.0
751.12	20.0
753.64	20.0
766.36	20.0
775.68	20.0
782.32	20.0
804.08	20.0
823.04	20.0
844.0	20.0
846.96	20.0
859.16	20.0
866.56	20.0
872.48	20.0
889.6	20.0
917.16	20.0
939.08	20.0
983.64	20.0
1001.32	20.0
1017.44	20.0
1027.92	20.0
1036.56	20.0
1060.52	20.0
1074.64	20.0
1089.36	20.0
1094.84	20.0
1111.48	20.0
1129.04	20.0
1154.2	20.0
1161.56	20.0
1188.2	20.0
1210.4	20.0
1217.36	20.0
1245.72	20.0
1289.0	20.0
1305.68	20.0
1332.2	20.0
1345.96	20.0
659.0	21.0
668.56	22.0
695.04	22.0
711.64	22.0
727.92	22.0
766.08	22.0
685.32	23.0
707.04	23.0
667.6	23.0
699.4	23.0
717.28	23.0
741.64	23.0
787.24	23.0
1053.76	23.0
625.16	24.0
665.68	24.0
