1098.08	1.0
1144.28	1.0
1155.12	1.0
1164.2	1.0
1168.52	1.0
1182.68	1.0
1185.76	1.0
1208.64	1.0
1244.48	1.0
1271.24	1.0
1273.84	1.0
1299.16	1.0
1171.04	1.0
1194.76	1.0
1216.32	1.0
1337.64	1.0
1089.72	2.0
1124.4	2.0
1164.24	2.0
1199.72	2.0
1285.52	2.0
1338.72	2.0
1167.92	3.0
1170.92	3.0
1181.2	3.0
1193.48	3.0
1205.2	3.0
1212.56	3.0
1221.76	3.0
1230.96	3.0
1242.44	3.0
1256.6	3.0
1267.88	3.0
1273.6	3.0
1290.44	3.0
1301.08	3.0
1305.96	3.0
1312.4	3.0
1329.92	3.0
1338.0	3.0
1340.8	3.0
1351.96	3.0
1355.8	3.0
1358.32	3.0
1157.92	5.0
1191.36	5.0
1271.64	5.0
1145.52	5.0
1168.32	5.0
1206.2	5.0
1230.32	5.0
1251.08	5.0
1264.92	5.0
1293.36	5.0
1301.92	5.0
1354.68	6.0
1099.84	6.0
1130.44	6.0
1140.44	6.0
1149.24	6.0
1158.44	6.0
1165.12	6.0
1172.56	6.0
1178.88	6.0
1188.16	6.0
1191.72	6.0
1195.36	6.0
1206.0	6.0
1214.96	6.0
1217.56	6.0
1228.36	6.0
1238.52	6.0
1245.76	6.0
1255.52	6.0
1269.16	6.0
1283.84	6.0
1294.24	6.0
1299.88	6.0
1317.16	6.0
1325.44	6.0
1341.24	6.0
1166.2	7.0
1215.52	7.0
1218.36	7.0
1238.08	7.0
1255.92	7.0
1269.52	7.0
1316.24	7.0
1111.56	8.0
1140.84	8.0
1283.52	8.0
1163.88	8.0
1203.44	8.0
1225.56	8.0
1240.52	8.0
1249.44	8.0
1286.68	8.0
1322.56	8.0
1189.88	9.0
1277.32	9.0
1323.84	9.0
1184.32	11.0
1214.64	11.0
1217.16	11.0
1230.32	11.0
1271.2	11.0
1082.8	11.0
1127.24	11.0
1210.84	11.0
1221.36	11.0
1244.0	11.0
1292.0	11.0
1320.8	11.0
1110.96	12.0
1169.16	12.0
1172.04	12.0
1176.8	12.0
1201.88	12.0
1296.96	12.0
1141.92	12.0
1144.88	12.0
1154.96	12.0
1165.04	12.0
1191.4	12.0
1206.24	12.0
1211.24	12.0
1217.12	12.0
1229.32	12.0
1241.84	12.0
1253.08	12.0
1272.08	12.0
1275.72	12.0
1285.56	12.0
1301.2	12.0
1320.44	12.0
1338.6	12.0
1357.2	12.0
1188.8	13.0
1203.4	13.0
1213.44	13.0
1228.24	13.0
1237.72	13.0
1249.36	13.0
1260.92	13.0
1272.28	13.0
1288.76	13.0
1292.96	13.0
1304.2	13.0
1317.36	13.0
1332.44	13.0
1347.52	13.0
1166.28	14.0
1185.12	14.0
1171.76	14.0
1191.56	14.0
1314.04	14.0
1166.32	15.0
1215.64	15.0
1238.12	15.0
1204.12	16.0
1296.68	16.0
1167.68	16.0
1314.16	17.0
1120.6	17.0
1142.92	17.0
1169.28	17.0
1203.68	17.0
1207.76	17.0
1217.76	17.0
1221.28	17.0
1227.76	17.0
1244.32	17.0
1271.76	17.0
1276.96	17.0
1302.56	17.0
1322.16	17.0
1342.0	17.0
1357.24	17.0
1169.0	18.0
1172.28	18.0
1193.4	18.0
1221.04	18.0
1227.56	18.0
1248.44	18.0
1314.28	18.0
1322.08	18.0
1211.4	19.0
1243.84	19.0
1184.28	19.0
1189.36	19.0
1219.72	19.0
1227.96	19.0
1270.88	19.0
1145.6	20.0
1284.8	20.0
800.32	20.0
825.4	20.0
1063.08	20.0
1072.76	20.0
1082.36	20.0
1092.16	20.0
1097.88	20.0
1108.8	20.0
1122.2	20.0
1126.64	20.0
1133.0	20.0
1139.16	20.0
1148.92	20.0
1154.92	20.0
1158.92	20.0
1165.2	20.0
1173.36	20.0
1176.96	20.0
1184.36	20.0
1189.48	20.0
1194.32	20.0
1202.12	20.0
1210.36	20.0
1220.8	20.0
1227.72	20.0
1236.44	20.0
1243.04	20.0
1248.96	20.0
1258.2	20.0
1271.0	20.0
1277.04	20.0
1291.12	20.0
1298.96	20.0
1314.28	20.0
1321.04	20.0
1330.04	20.0
1337.84	20.0
1156.44	22.0
1265.04	22.0
1163.24	23.0
1217.4	23.0
1286.68	23.0
1326.68	23.0
1145.88	24.0
1339.28	24.0
