194.52	1.0
255.68	1.0
73.56	2.0
141.84	2.0
24.08	2.0
37.04	2.0
77.92	2.0
104.32	2.0
166.28	2.0
183.36	2.0
197.48	2.0
240.2	2.0
243.68	2.0
252.6	2.0
308.52	2.0
328.56	2.0
333.44	2.0
368.2	2.0
376.52	2.0
398.48	2.0
420.2	2.0
450.92	2.0
457.12	2.0
471.44	2.0
475.0	2.0
496.84	2.0
526.16	2.0
545.76	2.0
584.88	2.0
623.2	2.0
679.28	2.0
777.52	2.0
834.76	2.0
859.64	2.0
893.44	2.0
914.44	2.0
995.84	2.0
1037.2	2.0
1065.44	2.0
1125.2	2.0
1160.08	2.0
1196.52	2.0
1206.48	2.0
1253.08	2.0
1311.36	2.0
1314.0	2.0
1356.44	2.0
306.4	3.0
309.0	3.0
24.28	3.0
36.8	3.0
74.08	3.0
110.56	3.0
176.16	3.0
197.64	3.0
312.36	3.0
322.2	3.0
343.52	3.0
348.64	3.0
356.48	3.0
424.72	3.0
433.64	3.0
441.28	3.0
457.28	3.0
475.2	3.0
495.08	3.0
545.96	3.0
556.32	3.0
628.44	3.0
648.4	3.0
651.16	3.0
662.96	3.0
668.32	3.0
697.16	3.0
702.52	3.0
824.64	3.0
859.44	3.0
893.64	3.0
996.0	3.0
1036.96	3.0
1053.12	3.0
1160.24	3.0
358.52	4.0
1019.0	4.0
1052.96	4.0
1055.48	4.0
10.36	4.0
21.72	4.0
147.44	4.0
191.96	4.0
306.52	4.0
340.76	4.0
395.76	4.0
424.32	4.0
441.04	4.0
495.2	4.0
521.12	4.0
568.08	4.0
622.48	4.0
647.76	4.0
669.64	4.0
699.6	4.0
740.04	4.0
769.88	4.0
802.56	4.0
849.84	4.0
865.44	4.0
885.0	4.0
926.88	4.0
949.48	4.0
970.24	4.0
1003.84	4.0
1036.72	4.0
1086.68	4.0
1133.04	4.0
339.8	5.0
455.36	5.0
620.08	5.0
696.64	5.0
326.72	5.0
1261.2	5.0
22.2	6.0
189.28	6.0
252.96	6.0
314.48	6.0
341.04	6.0
403.76	6.0
423.08	6.0
435.48	6.0
490.92	6.0
544.04	6.0
648.4	6.0
767.08	6.0
924.12	6.0
1194.36	6.0
545.08	7.0
247.8	7.0
466.72	7.0
894.76	7.0
975.36	7.0
88.36	8.0
92.2	8.0
196.88	8.0
206.16	8.0
215.76	8.0
306.36	8.0
343.28	8.0
397.2	8.0
420.68	8.0
566.4	8.0
646.68	8.0
666.08	8.0
670.44	8.0
704.16	8.0
803.08	8.0
855.6	8.0
953.6	8.0
1041.88	8.0
1071.28	8.0
1229.04	8.0
1333.52	8.0
39.48	9.0
307.2	9.0
475.28	9.0
598.08	9.0
682.84	9.0
702.56	9.0
996.12	9.0
1158.16	9.0
37.68	10.0
319.96	10.0
501.4	10.0
11.48	10.0
73.64	10.0
137.36	10.0
196.16	10.0
212.16	10.0
293.48	10.0
341.44	10.0
375.32	10.0
398.44	10.0
419.16	10.0
450.6	10.0
474.32	10.0
497.12	10.0
521.72	10.0
545.04	10.0
579.92	10.0
607.6	10.0
623.72	10.0
666.08	10.0
699.6	10.0
761.92	10.0
808.6	10.0
850.36	10.0
939.08	10.0
990.68	10.0
1059.64	10.0
1116.76	10.0
1151.04	10.0
1207.28	10.0
1252.44	10.0
1307.72	10.0
1352.64	10.0
1389.2	10.0
116.16	11.0
141.08	11.0
310.96	11.0
702.64	11.0
1323.48	11.0
1371.76	11.0
12.4	11.0
18.96	11.0
37.12	11.0
56.48	11.0
65.84	11.0
69.88	11.0
99.48	11.0
102.96	11.0
180.36	11.0
183.4	11.0
239.8	11.0
242.48	11.0
255.0	11.0
298.08	11.0
319.72	11.0
334.76	11.0
341.48	11.0
353.4	11.0
373.72	11.0
397.76	11.0
419.84	11.0
422.88	11.0
458.12	11.0
472.88	11.0
496.92	11.0
522.12	11.0
544.4	11.0
583.88	11.0
610.64	11.0
623.88	11.0
665.08	11.0
668.16	11.0
698.96	11.0
731.08	11.0
857.28	11.0
892.64	11.0
914.6	11.0
991.36	11.0
1029.24	11.0
1101.32	11.0
1156.04	11.0
1189.0	11.0
1197.48	11.0
1253.68	11.0
1299.08	11.0
1313.72	11.0
1354.28	11.0
1392.2	11.0
88.16	12.0
302.92	12.0
307.36	12.0
310.32	12.0
309.2	13.0
312.28	13.0
347.72	13.0
171.8	13.0
329.2	13.0
473.12	13.0
702.8	13.0
822.08	13.0
986.48	13.0
1089.2	13.0
271.2	14.0
339.56	14.0
347.56	14.0
666.12	14.0
750.64	14.0
917.88	14.0
311.8	15.0
323.28	15.0
851.52	15.0
242.52	16.0
282.08	16.0
307.44	16.0
803.04	17.0
252.32	19.0
1250.04	19.0
318.0	20.0
328.92	20.0
347.36	20.0
1157.4	20.0
327.76	21.0
26.8	21.0
78.48	21.0
90.76	21.0
107.32	21.0
148.04	21.0
174.24	21.0
182.04	21.0
195.48	21.0
213.36	21.0
310.0	21.0
318.48	21.0
324.16	21.0
342.4	21.0
348.6	21.0
356.68	21.0
369.4	21.0
381.76	21.0
404.88	21.0
425.64	21.0
453.48	21.0
475.44	21.0
504.24	21.0
626.44	21.0
716.68	21.0
1206.44	21.0
1269.4	21.0
1342.24	21.0
1368.88	21.0
33.52	22.0
166.72	22.0
208.36	22.0
314.96	22.0
703.04	22.0
940.52	22.0
1128.68	22.0
1282.8	22.0
696.92	23.0
911.24	23.0
1122.08	23.0
1381.88	23.0
33.28	23.0
35.88	23.0
40.28	23.0
74.64	23.0
176.32	23.0
181.16	23.0
196.88	23.0
221.2	23.0
294.68	23.0
310.08	23.0
322.2	23.0
326.6	23.0
331.0	23.0
344.8	23.0
357.96	23.0
402.72	23.0
423.44	23.0
457.2	23.0
529.12	23.0
551.64	23.0
567.76	23.0
608.48	23.0
628.76	23.0
648.04	23.0
654.44	23.0
684.76	23.0
703.16	23.0
731.4	23.0
742.68	23.0
776.64	23.0
800.76	23.0
804.56	23.0
858.2	23.0
880.92	23.0
895.52	23.0
903.44	23.0
1043.2	23.0
1055.48	23.0
1073.16	23.0
1085.76	23.0
1101.68	23.0
1172.8	23.0
1286.96	23.0
1315.08	23.0
1354.08	23.0
115.52	24.0
246.24	24.0
306.52	24.0
321.16	24.0
330.4	24.0
342.36	24.0
306.72	25.0
118.8	25.0
182.52	25.0
309.68	25.0
422.56	25.0
530.68	25.0
586.08	25.0
667.28	25.0
969.88	25.0
1001.36	25.0
1065.4	25.0
1127.44	25.0
1168.88	25.0
1306.32	25.0
276.16	26.0
421.72	26.0
911.08	26.0
14.32	26.0
30.16	26.0
63.12	26.0
80.12	26.0
115.72	26.0
119.2	26.0
121.8	26.0
146.24	26.0
160.6	26.0
180.44	26.0
190.8	26.0
198.48	26.0
210.88	26.0
218.8	26.0
232.4	26.0
244.88	26.0
248.88	26.0
258.12	26.0
268.52	26.0
291.76	26.0
298.16	26.0
321.56	26.0
341.04	26.0
350.4	26.0
364.36	26.0
376.52	26.0
381.92	26.0
435.32	26.0
439.96	26.0
453.24	26.0
476.16	26.0
496.28	26.0
520.24	26.0
533.32	26.0
544.68	26.0
564.84	26.0
567.68	26.0
589.12	26.0
621.44	26.0
625.8	26.0
635.28	26.0
669.12	26.0
678.28	26.0
690.84	26.0
695.0	26.0
700.04	26.0
731.4	26.0
739.76	26.0
765.08	26.0
797.88	26.0
811.72	26.0
829.84	26.0
869.04	26.0
879.72	26.0
896.64	26.0
934.2	26.0
971.68	26.0
1003.84	26.0
1065.08	26.0
1086.44	26.0
1102.48	26.0
1135.0	26.0
1154.72	26.0
1159.36	26.0
1171.16	26.0
1175.84	26.0
1201.28	26.0
1216.36	26.0
1226.6	26.0
1240.76	26.0
1262.92	26.0
1293.72	26.0
1307.84	26.0
1325.04	26.0
1334.56	26.0
1350.6	26.0
1363.4	26.0
1385.16	26.0
310.32	27.0
490.84	27.0
503.76	27.0
566.56	27.0
602.76	27.0
911.52	27.0
1137.48	27.0
1370.52	27.0
308.16	28.0
111.84	28.0
143.2	28.0
173.72	28.0
190.56	28.0
195.8	28.0
320.96	28.0
324.2	28.0
339.64	28.0
365.48	28.0
451.28	28.0
474.84	28.0
504.08	28.0
564.4	28.0
597.68	28.0
682.44	28.0
702.16	28.0
723.6	28.0
811.08	28.0
844.08	28.0
979.56	28.0
1142.2	28.0
1185.0	28.0
1237.0	28.0
1315.88	28.0
1375.2	28.0
194.88	29.0
979.32	29.0
997.64	29.0
151.4	30.0
164.2	30.0
194.68	30.0
212.04	30.0
252.2	30.0
289.64	30.0
313.52	30.0
327.6	30.0
370.84	30.0
385.8	30.0
421.4	30.0
424.04	30.0
453.84	30.0
474.96	30.0
502.92	30.0
626.52	30.0
745.76	30.0
856.28	30.0
905.28	30.0
1003.24	30.0
1275.32	30.0
36.72	31.0
308.72	31.0
319.8	31.0
333.6	31.0
348.64	31.0
370.36	31.0
455.8	31.0
348.08	33.0
302.44	34.0
307.72	34.0
37.48	34.0
45.24	34.0
105.92	34.0
111.44	34.0
180.68	34.0
292.2	34.0
373.4	34.0
423.56	34.0
533.88	34.0
1099.0	34.0
1169.04	34.0
1266.96	34.0
1351.36	34.0
13.48	35.0
34.64	35.0
47.08	35.0
50.6	35.0
89.56	35.0
105.32	35.0
119.88	35.0
127.24	35.0
139.0	35.0
165.84	35.0
200.72	35.0
242.96	35.0
256.64	35.0
272.44	35.0
309.4	35.0
314.0	35.0
321.04	35.0
330.24	35.0
345.08	35.0
362.72	35.0
384.12	35.0
415.68	35.0
423.48	35.0
462.44	35.0
490.48	35.0
630.88	35.0
648.32	35.0
666.6	35.0
708.16	35.0
741.32	35.0
772.2	35.0
794.32	35.0
804.08	35.0
825.52	35.0
857.64	35.0
890.36	35.0
931.8	35.0
939.36	35.0
954.36	35.0
999.84	35.0
1021.4	35.0
1042.8	35.0
1071.44	35.0
1086.52	35.0
1103.88	35.0
1126.72	35.0
1141.84	35.0
1148.92	35.0
1160.64	35.0
1171.04	35.0
1175.04	35.0
1217.72	35.0
1247.16	35.0
1264.96	35.0
1312.64	35.0
1348.84	35.0
59.4	36.0
191.8	36.0
324.52	36.0
353.88	36.0
402.12	36.0
407.96	36.0
439.2	36.0
476.92	36.0
527.2	36.0
542.96	36.0
597.2	36.0
626.32	36.0
702.8	36.0
740.84	36.0
1039.44	36.0
1062.52	36.0
