430.0	1.0
10.08	1.0
320.4	1.0
349.56	1.0
693.68	1.0
933.28	1.0
50.76	2.0
306.0	2.0
490.0	2.0
521.52	2.0
1256.36	2.0
95.2	2.0
109.48	2.0
132.48	2.0
135.12	2.0
176.84	2.0
232.0	2.0
310.24	2.0
313.96	2.0
319.48	2.0
331.76	2.0
348.8	2.0
380.04	2.0
385.08	2.0
424.88	2.0
437.12	2.0
442.76	2.0
554.28	2.0
684.28	2.0
733.44	2.0
739.0	2.0
753.12	2.0
842.48	2.0
938.44	2.0
996.52	2.0
1112.52	2.0
1155.6	2.0
1288.4	2.0
1424.64	2.0
1439.12	2.0
319.6	3.0
491.0	3.0
590.04	3.0
1425.24	3.0
51.24	3.0
231.76	3.0
259.0	3.0
307.16	3.0
309.68	3.0
313.84	3.0
333.4	3.0
348.88	3.0
385.76	3.0
437.28	3.0
521.52	3.0
552.64	3.0
555.88	3.0
593.68	3.0
624.4	3.0
724.4	3.0
733.84	3.0
781.56	3.0
826.28	3.0
829.04	3.0
842.72	3.0
860.6	3.0
938.6	3.0
1112.68	3.0
1155.0	3.0
1256.88	3.0
1439.32	3.0
729.2	4.0
71.4	4.0
102.24	4.0
162.36	4.0
197.2	4.0
219.6	4.0
234.12	4.0
302.64	4.0
309.4	4.0
319.52	4.0
333.84	4.0
350.88	4.0
371.6	4.0
389.28	4.0
411.8	4.0
581.84	4.0
624.12	4.0
690.6	4.0
712.0	4.0
731.8	4.0
737.68	4.0
774.0	4.0
796.0	4.0
828.8	4.0
844.4	4.0
863.68	4.0
885.04	4.0
929.56	4.0
965.12	4.0
984.32	4.0
1010.88	4.0
1061.36	4.0
1095.68	4.0
1110.08	4.0
1145.92	4.0
1192.4	4.0
1292.6	4.0
1317.68	4.0
1428.72	4.0
1480.08	4.0
729.48	5.0
306.28	5.0
333.44	5.0
346.44	5.0
329.88	6.0
337.16	6.0
363.04	6.0
407.96	6.0
697.12	6.0
771.68	6.0
841.92	6.0
310.68	7.0
319.76	7.0
655.4	7.0
871.48	7.0
45.48	8.0
201.56	8.0
307.32	8.0
347.76	8.0
447.96	8.0
554.12	8.0
608.12	8.0
680.96	8.0
710.72	8.0
730.64	8.0
772.52	8.0
895.52	8.0
1059.08	8.0
1295.8	8.0
1418.8	8.0
105.92	9.0
317.12	9.0
323.56	9.0
425.44	9.0
546.08	9.0
970.16	9.0
997.24	9.0
1241.76	9.0
1312.52	9.0
1456.52	9.0
309.44	10.0
996.48	10.0
6.04	10.0
160.44	10.0
209.12	10.0
271.12	10.0
306.8	10.0
488.4	10.0
553.56	10.0
641.72	10.0
731.84	10.0
759.84	10.0
884.68	10.0
965.0	10.0
993.48	10.0
1147.84	10.0
1155.48	10.0
1240.04	10.0
1365.92	10.0
1410.28	10.0
1478.64	10.0
182.96	11.0
428.4	11.0
48.72	11.0
88.92	11.0
167.76	11.0
177.28	11.0
220.52	11.0
276.56	11.0
306.08	11.0
327.92	11.0
355.2	11.0
372.4	11.0
383.84	11.0
406.08	11.0
434.92	11.0
488.2	11.0
519.64	11.0
553.76	11.0
582.52	11.0
589.16	11.0
644.2	11.0
680.84	11.0
685.24	11.0
701.64	11.0
731.4	11.0
734.48	11.0
749.08	11.0
777.28	11.0
820.8	11.0
826.8	11.0
920.68	11.0
932.76	11.0
989.76	11.0
1063.76	11.0
1105.36	11.0
1150.04	11.0
1154.72	11.0
1189.04	11.0
1287.2	11.0
1306.12	11.0
1423.92	11.0
1435.4	11.0
66.04	12.0
309.64	12.0
1141.36	12.0
1285.96	12.0
179.2	12.0
408.12	12.0
444.04	12.0
694.64	12.0
306.04	13.0
266.36	13.0
310.52	13.0
318.04	13.0
372.88	13.0
757.12	13.0
1387.04	13.0
1467.68	13.0
310.96	14.0
331.76	14.0
344.2	14.0
387.96	14.0
695.04	14.0
306.0	15.0
310.16	15.0
322.2	15.0
344.64	15.0
419.76	15.0
815.04	15.0
1464.24	15.0
262.16	16.0
387.96	16.0
750.88	16.0
943.64	16.0
1138.6	16.0
135.76	19.0
313.36	20.0
349.2	20.0
134.04	20.0
372.44	20.0
704.04	20.0
1200.08	20.0
1427.24	20.0
316.8	21.0
335.48	21.0
135.08	21.0
310.84	21.0
321.36	21.0
327.0	21.0
343.0	21.0
350.8	21.0
361.48	21.0
371.36	21.0
386.88	21.0
389.52	21.0
405.08	21.0
428.36	21.0
854.52	21.0
864.24	21.0
899.48	21.0
1067.28	21.0
1199.36	21.0
1462.8	21.0
96.52	22.0
135.8	22.0
307.32	22.0
316.76	22.0
349.52	22.0
372.04	22.0
444.2	22.0
741.12	22.0
749.24	22.0
764.24	22.0
825.84	22.0
1445.6	22.0
669.2	23.0
47.92	23.0
135.16	23.0
148.04	23.0
190.32	23.0
215.4	23.0
318.96	23.0
334.56	23.0
351.28	23.0
371.6	23.0
391.36	23.0
421.92	23.0
444.36	23.0
449.32	23.0
501.28	23.0
566.76	23.0
590.6	23.0
625.16	23.0
630.48	23.0
658.4	23.0
712.64	23.0
733.52	23.0
743.88	23.0
752.56	23.0
774.64	23.0
799.0	23.0
832.0	23.0
867.6	23.0
920.04	23.0
925.56	23.0
974.48	23.0
1011.52	23.0
1016.84	23.0
1062.88	23.0
1094.08	23.0
1103.08	23.0
1143.84	23.0
1250.68	23.0
1291.76	23.0
1322.48	23.0
1387.52	23.0
1435.2	23.0
1466.36	23.0
307.0	24.0
310.24	24.0
322.68	24.0
336.88	24.0
343.64	24.0
401.36	24.0
1291.64	24.0
337.08	25.0
310.2	25.0
320.32	25.0
813.76	26.0
75.32	26.0
125.2	26.0
130.4	26.0
171.24	26.0
188.44	26.0
205.12	26.0
230.84	26.0
260.56	26.0
302.48	26.0
310.44	26.0
322.48	26.0
328.8	26.0
334.6	26.0
353.28	26.0
362.48	26.0
377.2	26.0
396.56	26.0
421.6	26.0
427.16	26.0
468.2	26.0
482.04	26.0
491.16	26.0
526.64	26.0
542.72	26.0
555.04	26.0
573.24	26.0
607.8	26.0
646.92	26.0
651.16	26.0
690.24	26.0
693.16	26.0
724.6	26.0
738.36	26.0
834.6	26.0
870.36	26.0
904.76	26.0
929.28	26.0
963.36	26.0
1017.8	26.0
1044.64	26.0
1106.08	26.0
1119.72	26.0
1153.36	26.0
1184.2	26.0
1195.2	26.0
1257.0	26.0
1317.6	26.0
1323.44	26.0
1388.44	26.0
1429.48	26.0
1456.28	26.0
317.8	27.0
105.12	27.0
188.2	27.0
447.12	27.0
501.76	27.0
611.52	27.0
359.24	28.0
105.52	28.0
231.48	28.0
279.88	28.0
309.36	28.0
316.4	28.0
319.8	28.0
332.6	28.0
345.64	28.0
385.0	28.0
387.76	28.0
405.28	28.0
425.04	28.0
436.52	28.0
451.88	28.0
519.36	28.0
522.12	28.0
559.68	28.0
594.4	28.0
644.4	28.0
682.8	28.0
689.48	28.0
694.68	28.0
728.04	28.0
774.04	28.0
784.84	28.0
821.12	28.0
854.52	28.0
888.28	28.0
1023.08	28.0
1147.08	28.0
1171.48	28.0
1253.8	28.0
363.88	29.0
306.24	29.0
405.08	29.0
1214.36	29.0
1307.8	29.0
181.0	30.0
202.56	30.0
312.08	30.0
322.76	30.0
335.08	30.0
347.68	30.0
372.92	30.0
398.84	30.0
402.76	30.0
693.84	30.0
768.32	30.0
894.32	30.0
1442.32	30.0
306.44	31.0
321.64	31.0
334.0	31.0
350.28	31.0
373.28	31.0
488.68	31.0
554.36	31.0
739.48	31.0
306.6	33.0
318.12	33.0
404.0	33.0
302.44	34.0
104.12	34.0
311.72	34.0
338.56	34.0
788.12	34.0
1075.16	34.0
1100.32	34.0
1151.08	34.0
1331.32	34.0
1400.68	34.0
36.52	35.0
70.12	35.0
93.52	35.0
130.64	35.0
133.24	35.0
160.52	35.0
198.24	35.0
200.84	35.0
218.92	35.0
224.48	35.0
241.68	35.0
261.12	35.0
302.88	35.0
308.88	35.0
321.08	35.0
325.72	35.0
334.16	35.0
352.16	35.0
357.36	35.0
363.12	35.0
372.24	35.0
387.0	35.0
395.08	35.0
405.88	35.0
415.56	35.0
422.64	35.0
427.4	35.0
432.04	35.0
449.0	35.0
497.84	35.0
501.8	35.0
542.64	35.0
555.2	35.0
568.08	35.0
573.76	35.0
582.56	35.0
602.72	35.0
636.0	35.0
646.24	35.0
657.72	35.0
699.16	35.0
702.32	35.0
736.84	35.0
753.64	35.0
772.76	35.0
778.2	35.0
794.24	35.0
811.68	35.0
851.68	35.0
888.44	35.0
929.96	35.0
940.92	35.0
950.12	35.0
962.84	35.0
999.48	35.0
1043.2	35.0
1067.8	35.0
1085.8	35.0
1150.12	35.0
1166.2	35.0
1182.08	35.0
1196.64	35.0
1234.16	35.0
1253.0	35.0
1263.28	35.0
1289.0	35.0
1292.0	35.0
1327.68	35.0
1347.36	35.0
1384.92	35.0
1434.52	35.0
1493.48	35.0
223.92	36.0
308.48	36.0
321.6	36.0
338.56	36.0
388.64	36.0
714.72	36.0
728.24	36.0
780.44	36.0
811.6	36.0
860.52	36.0
