321.52	1.0
349.4	1.0
883.68	1.0
307.84	2.0
337.28	2.0
818.96	2.0
104.24	2.0
125.08	2.0
201.76	2.0
223.0	2.0
257.32	2.0
310.48	2.0
313.72	2.0
333.64	2.0
349.8	2.0
356.4	2.0
380.24	2.0
404.84	2.0
518.64	2.0
545.12	2.0
560.32	2.0
595.76	2.0
605.36	2.0
633.08	2.0
665.72	2.0
692.4	2.0
696.88	2.0
708.76	2.0
720.6	2.0
746.96	2.0
754.24	2.0
830.2	2.0
850.8	2.0
943.0	2.0
950.48	2.0
1077.88	2.0
1097.08	2.0
1197.0	2.0
1217.16	2.0
1221.28	2.0
1270.8	2.0
1363.16	2.0
1366.24	2.0
307.72	3.0
313.52	3.0
380.64	3.0
310.36	3.0
320.08	3.0
324.12	3.0
328.0	3.0
333.76	3.0
337.76	3.0
350.44	3.0
366.36	3.0
457.72	3.0
619.52	3.0
665.48	3.0
698.44	3.0
849.32	3.0
942.76	3.0
1053.8	3.0
1121.0	3.0
1312.72	3.0
1360.52	3.0
1379.8	3.0
338.96	4.0
323.84	4.0
344.24	4.0
611.76	4.0
665.76	4.0
694.6	4.0
722.2	4.0
832.16	4.0
1238.84	4.0
306.52	5.0
311.56	5.0
321.88	5.0
325.88	5.0
329.32	5.0
323.56	6.0
326.4	6.0
35.4	6.0
450.52	6.0
890.6	7.0
928.96	7.0
1241.12	8.0
58.88	8.0
302.6	8.0
307.08	8.0
335.28	8.0
338.2	8.0
413.6	8.0
756.0	8.0
931.08	8.0
1204.56	8.0
23.52	10.0
68.76	10.0
143.2	10.0
220.52	10.0
266.88	10.0
306.88	10.0
310.8	10.0
378.6	10.0
541.2	10.0
593.28	10.0
621.84	10.0
664.28	10.0
673.76	10.0
705.84	10.0
721.36	10.0
750.36	10.0
791.92	10.0
833.08	10.0
870.56	10.0
1039.8	10.0
1107.48	10.0
1179.04	10.0
1215.68	10.0
1249.04	10.0
1320.6	10.0
1363.72	10.0
1372.96	10.0
38.76	11.0
73.64	11.0
128.92	11.0
398.76	11.0
429.6	11.0
619.56	11.0
1121.04	11.0
1312.72	11.0
308.2	11.0
313.64	11.0
319.72	11.0
322.24	11.0
325.32	11.0
331.56	11.0
337.68	11.0
378.28	11.0
667.4	11.0
692.48	11.0
705.4	11.0
1112.28	11.0
302.56	12.0
579.84	12.0
720.72	12.0
829.2	12.0
1016.8	12.0
311.84	12.0
323.16	12.0
311.44	13.0
365.76	13.0
318.12	13.0
324.04	13.0
326.56	13.0
329.68	13.0
344.96	13.0
362.92	14.0
31.64	14.0
59.36	14.0
119.88	14.0
253.88	14.0
307.36	14.0
320.92	14.0
352.12	14.0
355.68	14.0
398.24	14.0
666.92	14.0
744.76	14.0
828.04	14.0
854.96	14.0
894.6	14.0
1062.64	14.0
1112.44	14.0
1332.08	14.0
1377.36	14.0
311.52	15.0
327.56	16.0
309.0	16.0
317.68	17.0
310.92	19.0
330.2	19.0
306.68	20.0
334.32	20.0
345.04	20.0
353.64	20.0
328.92	20.0
412.8	20.0
325.76	21.0
377.88	21.0
57.44	21.0
170.32	21.0
308.12	21.0
310.64	21.0
318.84	21.0
321.76	21.0
328.28	21.0
336.32	21.0
347.44	21.0
356.28	21.0
361.4	21.0
367.04	21.0
386.48	21.0
397.96	21.0
429.64	21.0
440.92	21.0
459.12	21.0
492.56	21.0
504.84	21.0
524.76	21.0
548.8	21.0
580.04	21.0
621.0	21.0
669.12	21.0
703.28	21.0
730.56	21.0
765.72	21.0
790.0	21.0
814.28	21.0
858.2	21.0
905.68	21.0
933.88	21.0
1066.24	21.0
1350.56	21.0
311.36	22.0
321.44	22.0
376.84	22.0
1343.08	22.0
308.04	23.0
311.44	23.0
751.08	23.0
864.56	23.0
104.16	23.0
149.4	23.0
198.84	23.0
317.72	23.0
322.12	23.0
326.72	23.0
339.04	23.0
352.4	23.0
375.48	23.0
440.16	23.0
734.88	23.0
773.52	23.0
957.88	23.0
990.68	23.0
1013.16	23.0
1107.04	23.0
1193.68	23.0
306.52	24.0
314.08	24.0
326.72	24.0
344.72	24.0
349.28	24.0
118.6	25.0
311.36	25.0
317.92	25.0
320.92	25.0
327.64	25.0
333.12	25.0
349.64	25.0
733.6	25.0
748.92	25.0
853.6	25.0
902.68	25.0
955.24	25.0
340.84	26.0
423.84	26.0
500.24	26.0
834.84	26.0
1369.92	26.0
120.4	26.0
166.4	26.0
189.44	26.0
315.44	26.0
318.92	26.0
323.56	26.0
328.08	26.0
333.36	26.0
351.4	26.0
358.04	26.0
371.88	26.0
377.96	26.0
389.2	26.0
396.12	26.0
400.84	26.0
410.48	26.0
428.52	26.0
449.44	26.0
471.92	26.0
488.04	26.0
517.12	26.0
706.24	26.0
733.44	26.0
779.84	26.0
794.2	26.0
819.2	26.0
852.48	26.0
900.4	26.0
951.76	26.0
957.56	26.0
979.84	26.0
1054.8	26.0
1080.56	26.0
1091.16	26.0
1111.64	26.0
1174.16	26.0
1200.16	26.0
1213.56	26.0
1237.64	26.0
1248.28	26.0
1295.16	26.0
1305.24	26.0
1309.36	26.0
1338.16	26.0
1379.92	26.0
320.04	27.0
340.36	27.0
357.68	27.0
399.84	27.0
791.52	27.0
1208.28	27.0
326.88	28.0
311.48	28.0
319.68	28.0
322.68	28.0
334.96	28.0
340.96	28.0
351.08	28.0
356.88	28.0
362.88	28.0
381.36	28.0
385.36	28.0
422.72	28.0
436.36	28.0
440.28	28.0
453.6	28.0
605.52	28.0
635.96	28.0
720.28	28.0
834.64	28.0
869.84	28.0
972.52	28.0
1129.48	28.0
689.24	29.0
717.08	29.0
779.32	29.0
831.4	29.0
866.8	29.0
948.8	29.0
1107.84	29.0
163.4	30.0
306.2	30.0
318.88	30.0
330.4	30.0
336.04	30.0
347.64	30.0
360.2	30.0
380.12	30.0
411.68	30.0
427.8	30.0
456.6	30.0
549.84	30.0
666.48	30.0
835.6	30.0
906.92	30.0
999.24	30.0
1065.4	30.0
1342.52	30.0
311.44	31.0
755.4	31.0
968.96	31.0
318.12	33.0
365.32	33.0
831.28	33.0
307.6	33.0
338.72	33.0
377.72	33.0
302.44	34.0
317.84	34.0
306.24	34.0
322.16	34.0
756.8	34.0
769.64	34.0
955.36	34.0
1066.52	34.0
1101.0	34.0
1160.44	34.0
308.72	35.0
32.28	35.0
70.64	35.0
91.52	35.0
203.0	35.0
311.48	35.0
315.36	35.0
320.48	35.0
326.36	35.0
330.84	35.0
336.88	35.0
342.12	35.0
348.52	35.0
353.84	35.0
357.76	35.0
363.2	35.0
367.12	35.0
385.36	35.0
396.08	35.0
399.92	35.0
403.12	35.0
410.24	35.0
426.56	35.0
442.2	35.0
469.36	35.0
488.4	35.0
521.72	35.0
556.56	35.0
647.36	35.0
696.04	35.0
707.4	35.0
735.08	35.0
781.96	35.0
803.8	35.0
831.8	35.0
856.16	35.0
870.28	35.0
882.32	35.0
957.68	35.0
960.52	35.0
983.88	35.0
1046.6	35.0
1051.72	35.0
1058.6	35.0
1106.96	35.0
1133.16	35.0
1161.32	35.0
1171.2	35.0
1373.76	35.0
307.96	36.0
326.32	36.0
734.12	36.0
