313.76	1.0
331.48	1.0
805.2	1.0
901.32	1.0
1374.76	1.0
312.68	2.0
340.32	2.0
779.6	2.0
1354.36	2.0
318.44	2.0
321.44	2.0
328.44	2.0
360.24	2.0
371.6	2.0
376.16	2.0
451.92	2.0
493.6	2.0
510.36	2.0
520.56	2.0
552.44	2.0
570.36	2.0
573.52	2.0
585.44	2.0
595.08	2.0
604.88	2.0
616.04	2.0
620.48	2.0
636.84	2.0
648.4	2.0
657.76	2.0
664.52	2.0
674.6	2.0
683.16	2.0
691.6	2.0
707.72	2.0
713.4	2.0
728.44	2.0
734.84	2.0
743.64	2.0
746.6	2.0
753.76	2.0
762.52	2.0
800.2	2.0
826.24	2.0
834.48	2.0
838.6	2.0
857.08	2.0
872.4	2.0
1253.72	2.0
1267.24	2.0
1291.4	2.0
1295.96	2.0
1300.28	2.0
1302.84	2.0
1307.0	2.0
1328.52	2.0
1347.6	2.0
1366.64	2.0
340.36	3.0
308.0	3.0
314.68	3.0
319.12	3.0
357.2	3.0
359.8	3.0
371.44	3.0
487.76	3.0
510.12	3.0
615.2	3.0
619.08	3.0
621.84	3.0
627.24	3.0
644.28	3.0
649.56	3.0
658.64	3.0
708.64	3.0
743.24	3.0
774.12	3.0
779.68	3.0
832.88	3.0
858.52	3.0
890.48	3.0
916.88	3.0
1300.04	3.0
1309.76	3.0
1352.96	3.0
1357.52	3.0
1368.04	3.0
306.36	4.0
575.28	4.0
1352.24	4.0
1357.28	4.0
335.32	5.0
1350.68	5.0
306.64	5.0
318.48	5.0
329.16	5.0
1384.96	5.0
326.88	6.0
308.08	6.0
312.28	6.0
339.96	6.0
408.48	6.0
443.8	6.0
468.4	6.0
508.4	6.0
543.8	6.0
572.24	6.0
610.32	6.0
657.8	6.0
732.16	6.0
805.28	6.0
910.96	6.0
1278.76	6.0
312.4	7.0
333.36	7.0
360.16	7.0
450.88	7.0
521.56	7.0
530.32	7.0
725.48	7.0
1335.72	7.0
1359.2	7.0
1379.96	7.0
784.52	8.0
306.56	8.0
312.84	8.0
319.76	8.0
322.68	8.0
334.92	8.0
353.88	8.0
437.76	8.0
481.44	8.0
640.44	8.0
665.36	8.0
1195.0	8.0
1335.44	8.0
1347.48	8.0
1358.68	8.0
312.76	9.0
321.72	9.0
328.52	9.0
722.08	9.0
761.04	9.0
790.44	9.0
1264.44	9.0
308.96	10.0
334.08	10.0
506.12	10.0
520.96	10.0
542.52	10.0
568.48	10.0
615.76	10.0
1373.96	10.0
327.48	10.0
359.8	10.0
622.96	10.0
743.76	10.0
963.28	10.0
1263.2	10.0
1351.56	10.0
1368.4	10.0
435.96	11.0
559.04	11.0
665.84	11.0
759.92	11.0
815.0	11.0
1321.24	11.0
1368.12	11.0
306.68	11.0
318.84	11.0
360.68	11.0
371.72	11.0
455.6	11.0
491.52	11.0
507.96	11.0
531.2	11.0
599.92	11.0
619.36	11.0
622.56	11.0
650.0	11.0
662.6	11.0
694.6	11.0
728.6	11.0
753.28	11.0
777.76	11.0
856.28	11.0
895.16	11.0
1331.72	11.0
1354.72	11.0
302.52	12.0
564.56	12.0
621.64	12.0
1331.24	12.0
1347.88	12.0
483.52	12.0
1339.84	13.0
306.16	13.0
313.64	13.0
318.04	13.0
323.16	13.0
335.12	13.0
341.12	13.0
709.6	13.0
1326.2	13.0
1331.12	13.0
1353.52	13.0
1360.36	13.0
1374.2	13.0
1385.64	13.0
313.72	14.0
326.96	14.0
379.32	14.0
441.96	14.0
560.12	14.0
705.92	14.0
1326.72	14.0
1331.24	14.0
1375.0	14.0
328.8	15.0
451.04	15.0
508.36	15.0
308.32	16.0
319.08	16.0
644.48	16.0
885.92	16.0
318.4	17.0
313.76	19.0
306.04	19.0
337.76	19.0
307.04	20.0
322.72	20.0
341.16	20.0
322.72	21.0
477.04	21.0
1347.24	21.0
314.88	21.0
320.2	21.0
328.4	21.0
334.92	21.0
342.24	21.0
354.12	21.0
361.04	21.0
364.6	21.0
385.12	21.0
438.88	21.0
442.84	21.0
464.28	21.0
482.96	21.0
521.76	21.0
545.32	21.0
564.76	21.0
576.8	21.0
595.6	21.0
618.44	21.0
622.08	21.0
638.44	21.0
666.28	21.0
715.88	21.0
788.48	21.0
915.52	21.0
1211.6	21.0
1326.0	21.0
1329.44	21.0
1344.44	21.0
1350.88	21.0
1363.48	21.0
1366.04	21.0
1384.04	21.0
306.76	22.0
320.56	22.0
330.8	22.0
340.48	22.0
391.72	22.0
479.64	22.0
557.28	22.0
564.68	22.0
626.52	22.0
702.76	22.0
1294.36	22.0
1333.6	22.0
1347.2	22.0
307.4	23.0
334.96	23.0
658.76	23.0
721.64	23.0
857.72	23.0
867.96	23.0
897.48	23.0
1350.4	23.0
312.64	23.0
325.52	23.0
328.24	23.0
342.44	23.0
347.92	23.0
384.52	23.0
479.48	23.0
510.72	23.0
563.48	23.0
621.52	23.0
1295.8	23.0
1302.36	23.0
1331.08	23.0
1335.92	23.0
1355.64	23.0
1360.6	23.0
1375.88	23.0
318.36	24.0
323.6	24.0
326.68	24.0
337.28	24.0
392.96	24.0
456.72	24.0
484.16	24.0
551.0	24.0
1328.76	24.0
1335.12	24.0
1350.28	24.0
1362.04	24.0
1376.32	24.0
307.6	25.0
323.6	25.0
335.6	25.0
341.2	25.0
345.52	25.0
358.4	25.0
407.24	25.0
734.4	25.0
1335.84	25.0
370.72	26.0
492.32	26.0
1297.0	26.0
1325.12	26.0
320.04	26.0
326.16	26.0
335.72	26.0
350.32	26.0
390.68	26.0
405.52	26.0
418.0	26.0
422.56	26.0
444.48	26.0
450.04	26.0
469.12	26.0
475.88	26.0
508.96	26.0
543.36	26.0
561.28	26.0
565.08	26.0
568.88	26.0
589.0	26.0
614.2	26.0
632.24	26.0
642.68	26.0
655.04	26.0
751.2	26.0
916.56	26.0
930.28	26.0
1286.2	26.0
1313.64	26.0
1318.96	26.0
1327.64	26.0
1337.28	26.0
1346.16	26.0
1358.04	26.0
1365.36	26.0
1373.96	26.0
1376.64	26.0
1386.92	26.0
325.36	27.0
576.76	27.0
307.44	27.0
350.08	27.0
555.24	27.0
701.32	27.0
733.28	27.0
800.2	27.0
1336.24	27.0
374.64	28.0
307.68	28.0
314.4	28.0
321.12	28.0
326.24	28.0
331.68	28.0
335.96	28.0
340.44	28.0
352.24	28.0
381.76	28.0
404.96	28.0
453.96	28.0
596.12	28.0
614.12	28.0
648.8	28.0
667.24	28.0
670.8	28.0
721.72	28.0
760.68	28.0
809.28	28.0
838.04	28.0
851.28	28.0
889.56	28.0
1264.16	28.0
1301.2	28.0
1358.56	28.0
306.72	29.0
319.28	29.0
567.64	29.0
611.16	29.0
645.28	29.0
665.6	29.0
706.72	29.0
720.36	29.0
757.48	29.0
787.04	29.0
805.88	29.0
884.72	29.0
319.84	30.0
341.0	30.0
352.24	30.0
365.4	30.0
416.12	30.0
432.36	30.0
483.24	30.0
494.12	30.0
507.52	30.0
554.88	30.0
597.72	30.0
620.88	30.0
658.04	30.0
686.04	30.0
1337.0	30.0
1349.72	30.0
1366.84	30.0
1381.72	30.0
341.64	31.0
313.92	31.0
329.0	31.0
332.52	31.0
356.24	31.0
1333.92	31.0
1345.16	31.0
306.04	33.0
600.56	33.0
1325.84	33.0
1330.44	33.0
1382.0	33.0
302.52	34.0
321.28	34.0
339.32	34.0
357.6	34.0
569.64	34.0
308.48	34.0
314.6	34.0
343.8	34.0
766.48	34.0
833.76	34.0
307.64	35.0
320.64	35.0
328.0	35.0
335.92	35.0
342.24	35.0
350.12	35.0
356.96	35.0
360.24	35.0
377.64	35.0
383.8	35.0
392.28	35.0
398.24	35.0
406.64	35.0
414.96	35.0
436.96	35.0
451.12	35.0
461.2	35.0
475.4	35.0
482.72	35.0
500.56	35.0
520.8	35.0
527.4	35.0
542.96	35.0
563.48	35.0
569.28	35.0
573.76	35.0
588.48	35.0
597.2	35.0
600.12	35.0
617.08	35.0
622.36	35.0
634.8	35.0
721.56	35.0
727.56	35.0
800.84	35.0
874.72	35.0
1277.4	35.0
1327.32	35.0
1330.24	35.0
1350.28	35.0
1353.84	35.0
1359.56	35.0
1374.76	35.0
1379.68	35.0
306.68	36.0
314.28	36.0
351.92	36.0
360.56	36.0
