199.92	1.0
1168.32	1.0
80.84	2.0
42.2	2.0
61.8	2.0
113.04	2.0
115.56	2.0
118.8	2.0
204.92	2.0
216.72	2.0
233.8	2.0
265.96	2.0
286.28	2.0
312.0	2.0
342.16	2.0
356.2	2.0
375.12	2.0
398.4	2.0
404.56	2.0
428.68	2.0
552.68	2.0
638.88	2.0
675.24	2.0
963.56	2.0
970.52	2.0
1014.52	2.0
1020.08	2.0
1029.08	2.0
1040.44	2.0
1055.36	2.0
1062.16	2.0
1074.96	2.0
1084.72	2.0
1089.36	2.0
1092.04	2.0
1097.04	2.0
1113.96	2.0
1120.96	2.0
1133.84	2.0
1138.36	2.0
1148.52	2.0
1168.72	2.0
1180.36	2.0
1215.24	2.0
1284.96	2.0
1288.28	2.0
1323.48	2.0
1363.2	2.0
217.2	3.0
312.72	3.0
1101.16	3.0
7.84	3.0
47.84	3.0
52.4	3.0
80.88	3.0
99.28	3.0
115.28	3.0
146.44	3.0
179.28	3.0
207.76	3.0
259.8	3.0
307.96	3.0
319.44	3.0
323.4	3.0
338.52	3.0
343.8	3.0
368.56	3.0
375.28	3.0
408.24	3.0
542.24	3.0
1028.84	3.0
1054.6	3.0
1073.04	3.0
1086.04	3.0
1092.16	3.0
1108.44	3.0
1112.32	3.0
1135.44	3.0
1148.68	3.0
1186.76	3.0
1224.4	3.0
1282.24	3.0
1288.0	3.0
1326.56	3.0
1366.64	3.0
321.84	4.0
309.16	4.0
1117.24	4.0
1167.32	4.0
1228.36	4.0
259.64	5.0
1110.92	5.0
306.44	5.0
309.68	5.0
1140.4	5.0
1324.48	5.0
1122.52	6.0
13.6	6.0
107.0	6.0
136.24	6.0
174.32	6.0
217.48	6.0
402.36	6.0
447.76	6.0
605.4	6.0
1049.4	6.0
1069.04	6.0
1088.28	6.0
1132.0	6.0
1139.16	6.0
1223.48	6.0
1324.4	6.0
1355.84	6.0
297.12	7.0
322.72	7.0
358.52	7.0
306.72	7.0
345.36	7.0
384.16	7.0
419.0	7.0
1050.16	7.0
1158.68	7.0
307.68	8.0
65.28	8.0
190.24	8.0
233.56	8.0
321.56	8.0
329.24	8.0
1036.64	8.0
1074.32	8.0
1087.04	8.0
1103.36	8.0
1106.56	8.0
1145.48	8.0
1170.52	8.0
1222.64	8.0
1088.92	9.0
29.72	9.0
124.48	9.0
180.72	9.0
1061.6	9.0
1101.0	9.0
312.08	10.0
316.96	10.0
1143.24	10.0
1169.56	10.0
112.36	10.0
308.8	10.0
625.8	10.0
1119.6	10.0
12.4	11.0
106.88	11.0
141.32	11.0
1191.0	11.0
1332.76	11.0
81.16	11.0
113.04	11.0
127.24	11.0
136.12	11.0
152.72	11.0
200.52	11.0
209.84	11.0
247.68	11.0
321.36	11.0
337.12	11.0
372.96	11.0
1028.4	11.0
1056.44	11.0
1073.48	11.0
1085.6	11.0
1088.32	11.0
1100.88	11.0
1119.72	11.0
1128.04	11.0
1157.76	11.0
1179.52	11.0
1204.24	11.0
1216.76	11.0
1268.52	11.0
1285.96	11.0
1370.52	11.0
306.48	12.0
302.76	12.0
323.28	12.0
372.76	12.0
1062.84	12.0
1100.44	12.0
1128.36	12.0
1087.04	13.0
306.52	13.0
311.48	13.0
317.04	13.0
325.16	13.0
342.6	13.0
388.92	13.0
1108.84	13.0
1164.84	13.0
64.44	14.0
173.64	14.0
209.84	14.0
307.2	14.0
358.92	14.0
368.36	14.0
373.64	14.0
1122.32	14.0
306.84	15.0
144.68	15.0
259.64	16.0
314.36	16.0
323.84	16.0
373.28	16.0
1083.6	16.0
1128.44	16.0
1198.64	16.0
1292.84	16.0
1356.48	16.0
217.68	17.0
353.88	19.0
1136.88	19.0
1167.44	19.0
1170.2	19.0
294.92	20.0
412.6	20.0
307.6	21.0
310.44	21.0
313.0	21.0
1159.12	21.0
12.32	21.0
154.08	21.0
169.72	21.0
177.8	21.0
200.48	21.0
213.84	21.0
230.48	21.0
238.96	21.0
261.2	21.0
271.4	21.0
318.24	21.0
322.84	21.0
326.24	21.0
332.88	21.0
341.72	21.0
347.04	21.0
374.84	21.0
414.44	21.0
1085.12	21.0
1098.68	21.0
1104.84	21.0
1119.08	21.0
1126.32	21.0
1133.28	21.0
1142.0	21.0
1148.88	21.0
1156.36	21.0
1167.44	21.0
1180.44	21.0
1189.68	21.0
1201.84	21.0
1223.24	21.0
1251.52	21.0
1279.08	21.0
1286.96	21.0
1304.04	21.0
1325.8	21.0
1374.92	21.0
214.32	22.0
272.28	22.0
308.88	22.0
311.84	22.0
324.84	22.0
1069.4	22.0
1088.4	22.0
1098.24	22.0
1118.08	22.0
1144.12	22.0
1179.48	22.0
222.96	23.0
311.56	23.0
314.64	23.0
325.72	23.0
1137.68	23.0
135.4	23.0
215.2	23.0
308.8	23.0
323.08	23.0
382.16	23.0
516.64	23.0
1054.12	23.0
1070.68	23.0
1104.52	23.0
1116.48	23.0
1123.96	23.0
1131.52	23.0
1144.16	23.0
1148.8	23.0
1160.68	23.0
1201.6	23.0
1211.6	23.0
1229.88	23.0
1276.24	23.0
306.28	24.0
311.68	24.0
319.12	24.0
326.28	24.0
1118.04	24.0
1132.52	24.0
1140.8	24.0
1144.84	24.0
231.68	25.0
1121.96	25.0
1163.52	26.0
1198.72	26.0
4.64	26.0
102.92	26.0
107.04	26.0
174.84	26.0
210.04	26.0
222.36	26.0
233.6	26.0
249.48	26.0
269.0	26.0
309.0	26.0
314.88	26.0
320.4	26.0
332.84	26.0
343.52	26.0
369.68	26.0
372.72	26.0
394.04	26.0
402.96	26.0
427.08	26.0
952.08	26.0
960.76	26.0
1101.68	26.0
1116.4	26.0
1121.52	26.0
1136.96	26.0
1140.88	26.0
1166.12	26.0
1177.64	26.0
1187.84	26.0
1240.6	26.0
1254.92	26.0
1274.6	26.0
1300.8	26.0
1344.0	26.0
1374.92	26.0
1168.36	27.0
109.0	27.0
423.84	27.0
1229.6	27.0
1294.76	27.0
352.68	28.0
76.12	28.0
124.16	28.0
133.92	28.0
216.56	28.0
257.76	28.0
290.16	28.0
308.44	28.0
321.04	28.0
326.4	28.0
349.92	28.0
407.64	28.0
1027.32	28.0
1041.52	28.0
1073.52	28.0
1085.8	28.0
1100.64	28.0
1138.52	28.0
1260.36	28.0
1049.12	29.0
180.16	29.0
302.96	29.0
322.64	29.0
1141.08	29.0
61.56	30.0
177.56	30.0
217.68	30.0
238.76	30.0
312.0	30.0
324.76	30.0
335.8	30.0
395.92	30.0
450.36	30.0
559.52	30.0
979.0	30.0
1026.04	30.0
1069.64	30.0
1087.88	30.0
1103.36	30.0
1106.88	30.0
1130.0	30.0
1140.6	30.0
1190.84	30.0
1203.96	30.0
1262.16	30.0
306.04	31.0
1156.8	31.0
375.12	33.0
302.44	34.0
10.04	34.0
41.08	34.0
102.16	34.0
137.24	34.0
180.72	34.0
222.52	34.0
293.52	34.0
308.04	34.0
328.6	34.0
1063.52	34.0
1123.32	34.0
1184.88	34.0
1279.88	34.0
340.12	35.0
1070.36	35.0
63.88	35.0
102.92	35.0
222.88	35.0
234.52	35.0
307.72	35.0
316.08	35.0
321.04	35.0
334.04	35.0
343.88	35.0
373.64	35.0
393.68	35.0
423.68	35.0
1054.04	35.0
1089.72	35.0
1098.24	35.0
1107.76	35.0
1116.88	35.0
1120.32	35.0
1133.36	35.0
1137.6	35.0
1143.12	35.0
1160.64	35.0
1183.04	35.0
1247.72	35.0
217.16	36.0
1106.24	36.0
