384.32	1.0
295.88	2.0
515.48	2.0
1299.84	2.0
70.16	2.0
100.52	2.0
130.04	2.0
143.52	2.0
146.96	2.0
174.6	2.0
177.8	2.0
193.16	2.0
234.6	2.0
246.04	2.0
271.52	2.0
306.24	2.0
326.48	2.0
331.6	2.0
342.84	2.0
365.12	2.0
385.28	2.0
461.2	2.0
492.84	2.0
589.08	2.0
656.96	2.0
660.0	2.0
673.08	2.0
675.92	2.0
721.52	2.0
726.6	2.0
785.96	2.0
790.12	2.0
796.6	2.0
800.96	2.0
824.12	2.0
848.84	2.0
865.6	2.0
932.68	2.0
949.76	2.0
954.64	2.0
965.68	2.0
975.12	2.0
994.24	2.0
1012.64	2.0
1025.6	2.0
1170.92	2.0
1355.12	2.0
493.76	3.0
10.24	3.0
129.8	3.0
196.48	3.0
220.28	3.0
233.96	3.0
245.8	3.0
249.6	3.0
291.88	3.0
299.6	3.0
308.6	3.0
313.72	3.0
321.2	3.0
325.08	3.0
344.76	3.0
359.08	3.0
370.8	3.0
385.44	3.0
423.84	3.0
426.96	3.0
469.92	3.0
512.0	3.0
536.2	3.0
585.12	3.0
605.28	3.0
676.04	3.0
742.64	3.0
816.12	3.0
900.44	3.0
931.8	3.0
949.44	3.0
992.64	3.0
1035.8	3.0
1058.76	3.0
1102.32	3.0
1188.2	3.0
1229.68	3.0
1233.44	3.0
1295.4	3.0
1383.24	3.0
11.36	4.0
42.04	4.0
55.32	4.0
95.08	4.0
173.32	4.0
201.36	4.0
222.36	4.0
236.68	4.0
257.0	4.0
270.48	4.0
295.96	4.0
309.16	4.0
326.52	4.0
344.92	4.0
361.32	4.0
381.24	4.0
392.12	4.0
409.48	4.0
436.76	4.0
493.64	4.0
513.64	4.0
540.04	4.0
567.44	4.0
587.12	4.0
604.88	4.0
636.6	4.0
652.68	4.0
672.96	4.0
698.2	4.0
710.0	4.0
754.68	4.0
777.08	4.0
787.88	4.0
818.04	4.0
853.04	4.0
860.8	4.0
887.76	4.0
900.08	4.0
915.4	4.0
931.52	4.0
952.48	4.0
963.04	4.0
978.48	4.0
994.24	4.0
1007.16	4.0
1019.36	4.0
1036.76	4.0
1058.96	4.0
1075.52	4.0
1105.56	4.0
1131.84	4.0
1156.56	4.0
1174.68	4.0
1189.72	4.0
1204.8	4.0
1230.12	4.0
1257.2	4.0
1280.76	4.0
1297.48	4.0
1322.04	4.0
1348.2	4.0
226.44	5.0
306.16	5.0
310.48	5.0
320.56	5.0
675.68	5.0
306.76	6.0
342.16	6.0
693.96	6.0
751.36	6.0
853.4	6.0
960.08	6.0
1283.0	6.0
307.68	7.0
317.52	7.0
457.64	7.0
935.96	7.0
1002.68	7.0
1106.84	7.0
138.28	8.0
858.4	8.0
97.12	8.0
205.6	8.0
296.56	8.0
321.56	8.0
329.04	8.0
461.88	8.0
674.68	8.0
817.48	8.0
822.08	8.0
982.24	8.0
1021.96	8.0
1064.52	8.0
1133.2	8.0
1228.96	8.0
104.44	9.0
130.24	9.0
166.6	9.0
247.0	9.0
313.44	9.0
346.16	9.0
594.12	9.0
704.28	9.0
872.04	9.0
953.6	9.0
994.6	9.0
1042.04	9.0
1066.04	9.0
1154.12	9.0
1312.84	9.0
757.36	10.0
31.12	10.0
306.0	10.0
308.52	10.0
594.48	10.0
778.32	10.0
935.2	10.0
975.28	10.0
1060.72	10.0
1254.24	10.0
11.44	11.0
895.12	11.0
995.08	11.0
1364.96	11.0
145.2	11.0
187.4	11.0
220.76	11.0
235.32	11.0
246.08	11.0
270.72	11.0
321.56	11.0
340.64	11.0
363.52	11.0
381.08	11.0
414.28	11.0
467.16	11.0
492.52	11.0
515.04	11.0
640.96	11.0
671.8	11.0
733.64	11.0
787.64	11.0
821.84	11.0
842.36	11.0
888.44	11.0
920.32	11.0
931.92	11.0
934.76	11.0
946.28	11.0
974.8	11.0
977.72	11.0
1002.44	11.0
1030.72	11.0
1062.96	11.0
1102.2	11.0
1126.88	11.0
1133.28	11.0
1164.6	11.0
1173.8	11.0
1261.48	11.0
1349.48	11.0
1382.08	11.0
306.84	12.0
302.8	12.0
29.88	13.0
306.52	13.0
309.8	13.0
331.28	13.0
1098.2	13.0
1240.76	13.0
308.92	14.0
203.68	14.0
327.48	14.0
584.36	14.0
955.8	14.0
1059.24	14.0
117.32	15.0
143.0	15.0
306.6	15.0
337.72	15.0
572.76	15.0
653.56	15.0
733.44	15.0
785.16	15.0
914.88	15.0
1000.8	15.0
1177.0	15.0
48.96	16.0
687.64	16.0
734.52	16.0
1240.24	16.0
95.96	17.0
935.52	18.0
348.04	20.0
964.16	20.0
1053.96	21.0
43.6	21.0
206.8	21.0
240.12	21.0
260.76	21.0
289.88	21.0
308.76	21.0
313.04	21.0
324.44	21.0
331.2	21.0
340.04	21.0
352.48	21.0
381.36	21.0
519.84	21.0
554.48	21.0
825.12	21.0
936.6	21.0
1007.92	21.0
1023.36	21.0
1046.24	21.0
1262.88	21.0
310.44	22.0
194.88	22.0
321.52	22.0
340.52	22.0
460.08	22.0
539.08	22.0
584.6	22.0
621.16	22.0
823.32	22.0
854.84	22.0
946.84	22.0
953.36	22.0
977.56	22.0
1000.08	22.0
1007.68	22.0
1131.12	22.0
1183.56	22.0
1187.76	22.0
1227.68	22.0
31.24	23.0
139.92	23.0
184.88	23.0
739.88	23.0
854.68	23.0
893.4	23.0
946.44	23.0
1051.96	23.0
1179.24	23.0
44.52	23.0
100.04	23.0
174.24	23.0
206.08	23.0
236.6	23.0
241.44	23.0
269.84	23.0
292.2	23.0
295.64	23.0
310.48	23.0
317.68	23.0
321.2	23.0
343.0	23.0
365.84	23.0
380.48	23.0
397.2	23.0
462.48	23.0
513.56	23.0
571.08	23.0
654.96	23.0
662.2	23.0
675.24	23.0
704.24	23.0
746.76	23.0
820.32	23.0
881.16	23.0
929.68	23.0
934.32	23.0
949.72	23.0
953.48	23.0
983.72	23.0
996.28	23.0
1023.56	23.0
1034.24	23.0
1101.72	23.0
1134.36	23.0
1171.24	23.0
1229.52	23.0
1263.04	23.0
308.76	24.0
320.48	24.0
824.44	24.0
238.44	25.0
309.32	25.0
744.04	25.0
880.0	25.0
1189.96	25.0
250.8	26.0
983.64	26.0
15.56	26.0
121.0	26.0
188.32	26.0
196.96	26.0
217.04	26.0
223.08	26.0
238.44	26.0
262.6	26.0
307.04	26.0
309.76	26.0
315.36	26.0
319.88	26.0
324.8	26.0
336.76	26.0
349.28	26.0
355.24	26.0
366.32	26.0
383.72	26.0
617.6	26.0
660.0	26.0
670.52	26.0
699.56	26.0
703.2	26.0
730.92	26.0
734.92	26.0
746.12	26.0
752.56	26.0
775.56	26.0
826.32	26.0
883.32	26.0
911.28	26.0
936.32	26.0
953.32	26.0
972.96	26.0
979.12	26.0
1058.32	26.0
1101.76	26.0
1123.52	26.0
1151.28	26.0
1178.92	26.0
1192.48	26.0
1233.72	26.0
1272.96	26.0
1291.56	26.0
1335.28	26.0
1360.64	26.0
1367.68	26.0
18.48	27.0
35.6	27.0
239.76	27.0
263.84	27.0
297.64	27.0
309.32	27.0
452.24	27.0
656.76	27.0
736.28	27.0
752.92	27.0
787.76	27.0
853.92	27.0
919.12	27.0
1003.68	27.0
1074.2	27.0
1138.28	27.0
1208.96	27.0
203.12	28.0
951.6	28.0
90.24	28.0
104.04	28.0
115.12	28.0
219.92	28.0
233.72	28.0
263.76	28.0
274.76	28.0
297.04	28.0
308.2	28.0
313.04	28.0
328.28	28.0
345.8	28.0
354.44	28.0
576.48	28.0
728.44	28.0
818.4	28.0
844.56	28.0
858.4	28.0
871.64	28.0
966.36	28.0
974.96	28.0
1050.28	28.0
1065.68	28.0
1170.96	28.0
1216.24	28.0
1299.68	28.0
1339.32	28.0
306.88	29.0
87.28	29.0
296.84	29.0
952.6	29.0
1134.04	29.0
1274.96	29.0
41.24	30.0
100.64	30.0
259.36	30.0
299.36	30.0
306.32	30.0
316.64	30.0
326.08	30.0
338.12	30.0
675.0	30.0
704.52	30.0
758.92	30.0
982.4	30.0
1232.12	30.0
1309.72	30.0
302.52	31.0
322.44	31.0
858.96	31.0
302.44	34.0
306.08	34.0
323.6	34.0
350.52	34.0
957.96	34.0
306.72	35.0
1095.96	35.0
43.64	35.0
52.0	35.0
172.64	35.0
239.8	35.0
255.12	35.0
291.36	35.0
296.0	35.0
312.08	35.0
322.64	35.0
330.76	35.0
336.36	35.0
345.88	35.0
351.8	35.0
367.2	35.0
383.56	35.0
408.24	35.0
420.32	35.0
461.72	35.0
478.4	35.0
512.36	35.0
591.44	35.0
595.32	35.0
610.08	35.0
619.96	35.0
633.52	35.0
674.52	35.0
700.8	35.0
706.24	35.0
752.96	35.0
775.24	35.0
786.36	35.0
824.76	35.0
845.84	35.0
856.96	35.0
887.6	35.0
910.6	35.0
929.88	35.0
946.36	35.0
949.76	35.0
953.32	35.0
977.88	35.0
989.72	35.0
1005.32	35.0
1020.12	35.0
1023.76	35.0
1053.44	35.0
1058.64	35.0
1065.24	35.0
1103.2	35.0
1125.36	35.0
1151.48	35.0
1190.16	35.0
1209.84	35.0
1229.56	35.0
1255.72	35.0
1264.48	35.0
1340.48	35.0
1359.0	35.0
1382.56	35.0
36.52	36.0
92.52	36.0
200.76	36.0
237.72	36.0
290.4	36.0
321.88	36.0
328.08	36.0
348.44	36.0
450.8	36.0
648.32	36.0
669.72	36.0
815.32	36.0
979.44	36.0
1228.4	36.0
1319.92	36.0
1356.88	36.0
