307.28	1.0
327.0	1.0
309.92	1.0
353.44	1.0
740.48	1.0
1219.12	1.0
306.4	2.0
308.92	2.0
311.44	2.0
319.04	2.0
321.56	2.0
327.48	2.0
330.76	2.0
335.96	2.0
338.88	2.0
343.36	2.0
346.88	2.0
358.0	2.0
364.24	2.0
369.0	2.0
377.52	2.0
413.84	2.0
444.84	2.0
464.16	2.0
496.68	2.0
511.48	2.0
529.2	2.0
546.68	2.0
562.12	2.0
576.0	2.0
593.72	2.0
648.88	2.0
675.52	2.0
739.76	2.0
307.24	3.0
310.24	3.0
577.16	3.0
319.08	3.0
321.96	3.0
327.4	3.0
336.08	3.0
338.76	3.0
343.08	3.0
346.56	3.0
369.12	3.0
382.36	3.0
401.84	3.0
416.16	3.0
472.08	3.0
496.84	3.0
531.36	3.0
541.04	3.0
546.4	3.0
562.2	3.0
628.92	3.0
631.48	3.0
649.0	3.0
666.28	3.0
697.48	3.0
831.12	3.0
931.96	3.0
995.16	3.0
1146.76	3.0
1253.8	3.0
1320.8	3.0
310.16	4.0
320.8	4.0
329.6	4.0
338.24	4.0
346.04	4.0
357.36	4.0
368.72	4.0
379.48	4.0
391.08	4.0
403.24	4.0
416.4	4.0
428.08	4.0
443.28	4.0
454.76	4.0
462.24	4.0
471.64	4.0
482.8	4.0
493.04	4.0
507.76	4.0
514.16	4.0
526.44	4.0
542.76	4.0
558.92	4.0
569.56	4.0
579.48	4.0
588.12	4.0
597.32	4.0
610.48	4.0
618.56	4.0
631.04	4.0
641.04	4.0
661.8	4.0
677.68	4.0
692.52	4.0
711.52	4.0
719.24	4.0
736.92	4.0
751.12	4.0
766.84	4.0
782.4	4.0
802.88	4.0
808.24	4.0
828.4	4.0
848.28	4.0
856.48	4.0
868.76	4.0
889.4	4.0
908.08	4.0
931.32	4.0
945.32	4.0
966.92	4.0
985.12	4.0
996.84	4.0
1011.24	4.0
1027.28	4.0
1048.2	4.0
1070.12	4.0
1086.8	4.0
1103.72	4.0
1129.0	4.0
1146.4	4.0
1163.44	4.0
1182.72	4.0
1198.28	4.0
1223.68	4.0
1247.68	4.0
1266.8	4.0
1276.72	4.0
1291.8	4.0
1311.96	4.0
1332.0	4.0
1348.6	4.0
1366.64	4.0
1375.12	4.0
308.12	5.0
328.48	5.0
342.08	5.0
378.72	5.0
474.24	5.0
830.64	5.0
315.4	6.0
323.44	6.0
333.36	6.0
348.88	6.0
363.0	6.0
378.08	6.0
393.44	6.0
413.16	6.0
432.24	6.0
448.8	6.0
466.8	6.0
490.52	6.0
513.32	6.0
545.36	6.0
567.08	6.0
594.44	6.0
637.2	6.0
670.44	6.0
696.6	6.0
721.92	6.0
745.12	6.0
779.8	6.0
809.64	6.0
843.6	6.0
870.08	6.0
897.84	6.0
932.52	6.0
959.96	6.0
995.72	6.0
1050.48	6.0
1081.56	6.0
1109.2	6.0
1133.28	6.0
1154.04	6.0
1182.28	6.0
1210.96	6.0
1248.2	6.0
1346.92	6.0
1351.04	6.0
1373.24	6.0
323.28	7.0
620.32	7.0
311.08	7.0
331.84	7.0
439.88	7.0
306.36	8.0
315.64	8.0
318.24	8.0
327.32	8.0
329.88	8.0
344.36	8.0
382.4	8.0
413.36	8.0
446.28	8.0
509.92	8.0
595.68	8.0
645.84	8.0
872.44	8.0
912.04	8.0
934.36	8.0
1004.04	8.0
1035.56	8.0
1072.08	8.0
1167.56	8.0
1270.44	8.0
1327.04	8.0
1351.24	8.0
315.08	9.0
320.0	9.0
323.84	9.0
328.08	9.0
529.56	9.0
576.24	9.0
595.12	9.0
669.8	9.0
738.04	9.0
315.76	10.0
327.2	10.0
356.0	10.0
368.68	10.0
546.0	10.0
1313.36	10.0
1330.0	10.0
308.32	10.0
318.92	10.0
322.08	10.0
334.28	10.0
337.08	10.0
464.32	10.0
696.76	10.0
319.0	11.0
328.92	11.0
337.16	11.0
620.64	11.0
306.72	11.0
321.6	11.0
334.64	11.0
341.08	11.0
347.36	11.0
356.76	11.0
363.4	11.0
369.48	11.0
382.72	11.0
400.68	11.0
413.6	11.0
423.04	11.0
435.28	11.0
444.92	11.0
453.8	11.0
463.84	11.0
478.92	11.0
493.8	11.0
508.6	11.0
527.96	11.0
542.48	11.0
559.88	11.0
576.6	11.0
591.68	11.0
605.6	11.0
616.52	11.0
630.4	11.0
643.32	11.0
661.28	11.0
675.72	11.0
700.36	11.0
718.16	11.0
735.96	11.0
766.0	11.0
786.12	11.0
809.96	11.0
848.12	11.0
864.2	11.0
887.64	11.0
949.16	11.0
990.36	11.0
1050.52	11.0
1086.16	11.0
1130.84	11.0
1181.2	11.0
1269.24	11.0
1315.84	11.0
302.72	12.0
309.0	12.0
318.76	12.0
343.12	12.0
356.68	12.0
876.04	12.0
306.4	13.0
310.92	13.0
344.68	13.0
383.48	13.0
589.8	13.0
649.24	13.0
739.84	13.0
788.2	13.0
865.92	13.0
933.72	13.0
1008.6	13.0
323.32	14.0
307.32	14.0
310.24	14.0
319.44	14.0
341.12	14.0
1350.0	14.0
308.2	15.0
310.76	15.0
330.32	15.0
337.52	15.0
367.16	15.0
392.92	15.0
430.24	15.0
516.36	15.0
307.96	16.0
360.64	16.0
483.24	16.0
577.68	16.0
583.64	16.0
695.04	16.0
693.64	17.0
306.64	19.0
316.8	19.0
328.84	19.0
335.96	19.0
392.8	19.0
434.64	19.0
493.84	19.0
782.24	19.0
1182.64	19.0
311.52	20.0
344.16	20.0
355.8	20.0
316.0	20.0
338.64	20.0
391.2	20.0
647.72	20.0
826.76	20.0
307.44	21.0
336.24	21.0
311.04	21.0
317.12	21.0
328.8	21.0
339.64	21.0
347.52	21.0
353.36	21.0
361.56	21.0
365.16	21.0
395.6	21.0
415.4	21.0
517.08	21.0
545.24	21.0
555.44	21.0
601.2	21.0
683.36	21.0
718.92	21.0
725.16	21.0
785.84	21.0
808.4	21.0
856.68	21.0
889.28	21.0
960.12	21.0
997.16	21.0
1037.16	21.0
1103.76	21.0
1114.28	21.0
1158.68	21.0
1167.12	21.0
1212.68	21.0
1248.52	21.0
1280.44	21.0
1313.48	21.0
1374.6	21.0
310.76	22.0
319.44	22.0
324.8	22.0
331.04	22.0
340.64	22.0
347.88	22.0
361.84	22.0
409.92	22.0
424.96	22.0
433.92	22.0
446.32	22.0
460.0	22.0
491.04	22.0
544.48	22.0
573.84	22.0
615.16	22.0
687.96	22.0
717.0	22.0
736.72	22.0
765.6	22.0
807.12	22.0
824.36	22.0
860.32	22.0
889.84	22.0
906.96	22.0
931.48	22.0
966.4	22.0
984.76	22.0
1047.56	22.0
1089.8	22.0
1111.32	22.0
1184.0	22.0
1263.72	22.0
1291.2	22.0
1322.92	22.0
1349.68	22.0
1351.8	23.0
307.52	23.0
311.08	23.0
318.72	23.0
375.76	23.0
379.28	23.0
401.64	23.0
440.48	23.0
494.76	23.0
568.24	23.0
676.96	23.0
719.96	23.0
739.48	23.0
794.2	23.0
893.0	23.0
1005.0	23.0
1050.12	23.0
1164.64	23.0
1199.84	23.0
1223.44	23.0
1293.96	23.0
1297.72	23.0
306.52	24.0
311.68	24.0
315.8	24.0
318.68	24.0
325.04	24.0
329.12	24.0
341.08	24.0
386.12	24.0
441.36	24.0
496.88	24.0
517.04	24.0
582.88	24.0
613.36	24.0
665.8	24.0
697.76	24.0
746.96	24.0
924.12	24.0
1018.72	24.0
315.36	25.0
306.6	25.0
310.56	25.0
329.56	25.0
337.64	25.0
348.12	25.0
658.4	26.0
308.6	26.0
318.88	26.0
329.08	26.0
333.08	26.0
338.28	26.0
349.88	26.0
366.4	26.0
387.24	26.0
390.36	26.0
410.08	26.0
428.44	26.0
509.04	26.0
537.64	26.0
544.36	26.0
558.12	26.0
628.92	26.0
664.96	26.0
696.52	26.0
756.48	26.0
811.84	26.0
865.24	26.0
870.28	26.0
893.76	26.0
942.24	26.0
1012.8	26.0
1114.8	26.0
1143.08	26.0
1201.0	26.0
1260.6	26.0
1299.4	26.0
1316.32	26.0
1337.2	26.0
1357.72	26.0
339.64	27.0
361.4	27.0
382.08	27.0
548.4	27.0
615.6	27.0
787.2	27.0
806.2	27.0
948.4	27.0
984.52	27.0
1067.92	27.0
1109.52	27.0
327.4	28.0
330.2	28.0
308.08	28.0
311.36	28.0
319.96	28.0
323.4	28.0
335.96	28.0
339.52	28.0
344.08	28.0
348.48	28.0
355.76	28.0
364.32	28.0
368.08	28.0
377.44	28.0
391.56	28.0
464.92	28.0
515.4	28.0
575.84	28.0
594.76	28.0
795.2	28.0
308.32	29.0
315.2	29.0
321.32	29.0
334.88	29.0
354.32	29.0
412.72	29.0
498.88	29.0
562.28	29.0
594.88	29.0
616.0	29.0
735.28	29.0
40.44	30.0
57.72	30.0
110.44	30.0
311.08	30.0
320.44	30.0
343.12	30.0
356.8	30.0
369.64	30.0
381.8	30.0
442.12	30.0
472.48	30.0
588.2	30.0
602.16	30.0
824.88	30.0
948.56	30.0
1043.0	30.0
1251.92	30.0
1327.76	30.0
339.68	31.0
311.12	31.0
325.16	31.0
327.68	31.0
334.28	31.0
316.4	32.0
306.04	33.0
315.32	33.0
1325.8	33.0
302.48	34.0
317.2	34.0
307.84	34.0
327.6	34.0
338.32	34.0
364.72	34.0
517.68	34.0
594.48	34.0
308.08	35.0
827.32	35.0
310.96	35.0
318.68	35.0
322.52	35.0
327.32	35.0
331.52	35.0
336.84	35.0
339.6	35.0
342.12	35.0
347.88	35.0
364.08	35.0
376.84	35.0
382.48	35.0
390.28	35.0
402.4	35.0
411.36	35.0
413.92	35.0
418.24	35.0
435.48	35.0
448.56	35.0
461.96	35.0
469.04	35.0
474.16	35.0
481.12	35.0
495.04	35.0
506.52	35.0
514.36	35.0
529.56	35.0
545.72	35.0
559.92	35.0
567.56	35.0
591.48	35.0
603.4	35.0
620.08	35.0
628.24	35.0
639.08	35.0
644.96	35.0
659.56	35.0
694.68	35.0
727.52	35.0
737.48	35.0
740.12	35.0
752.68	35.0
767.92	35.0
781.36	35.0
788.56	35.0
797.08	35.0
805.84	35.0
819.84	35.0
860.12	35.0
878.16	35.0
891.16	35.0
908.96	35.0
917.28	35.0
932.44	35.0
968.36	35.0
991.92	35.0
1003.88	35.0
1033.32	35.0
1041.28	35.0
1052.76	35.0
1064.8	35.0
1082.56	35.0
1091.04	35.0
1113.92	35.0
1161.84	35.0
1165.52	35.0
1184.96	35.0
1204.28	35.0
1222.64	35.0
1235.44	35.0
1244.84	35.0
1265.36	35.0
1297.56	35.0
1315.96	35.0
1326.24	35.0
1333.68	35.0
1355.16	35.0
1376.88	35.0
317.2	36.0
328.36	36.0
342.76	36.0
432.56	36.0
471.2	36.0
515.32	36.0
640.4	36.0
694.56	36.0
904.28	36.0
1009.16	36.0
1105.76	36.0
1292.44	36.0
