248.92	2.0
307.84	2.0
87.6	2.0
179.48	2.0
186.2	2.0
311.48	2.0
315.44	2.0
322.56	2.0
335.56	2.0
347.84	2.0
475.72	2.0
598.12	2.0
600.68	2.0
605.76	2.0
633.48	2.0
637.16	2.0
724.56	2.0
755.64	2.0
758.28	2.0
776.8	2.0
943.0	2.0
1028.0	2.0
1052.16	2.0
1062.16	2.0
1071.64	2.0
1087.28	2.0
1101.32	2.0
1104.32	2.0
1147.24	2.0
1152.88	2.0
1190.44	2.0
1223.36	2.0
1245.84	2.0
1261.32	2.0
1268.52	2.0
1294.48	2.0
1307.0	2.0
1324.04	2.0
1335.52	2.0
1354.8	2.0
1386.8	2.0
1414.92	2.0
306.44	3.0
324.12	3.0
190.2	3.0
248.96	3.0
308.96	3.0
318.24	3.0
321.36	3.0
344.68	3.0
347.36	3.0
355.96	3.0
387.16	3.0
420.6	3.0
425.88	3.0
456.4	3.0
600.48	3.0
636.88	3.0
643.16	3.0
769.6	3.0
776.92	3.0
1087.44	3.0
1096.64	3.0
1153.0	3.0
1156.8	3.0
1190.24	3.0
1261.64	3.0
1268.68	3.0
1299.52	3.0
1306.84	3.0
1310.04	3.0
1323.76	3.0
1354.48	3.0
1380.24	3.0
1386.96	3.0
309.0	4.0
442.04	4.0
1314.2	4.0
243.72	4.0
329.48	4.0
1189.84	4.0
1316.8	4.0
1346.0	4.0
306.36	5.0
318.28	5.0
143.12	6.0
213.44	6.0
306.48	6.0
318.68	6.0
329.72	6.0
345.6	6.0
370.04	6.0
399.68	6.0
430.56	6.0
877.04	6.0
931.92	6.0
1050.68	6.0
1345.36	6.0
1389.4	6.0
310.32	7.0
317.76	7.0
340.44	7.0
322.64	8.0
55.28	8.0
306.36	8.0
359.2	8.0
402.88	8.0
434.88	8.0
485.08	8.0
557.0	8.0
700.52	8.0
760.88	8.0
946.96	8.0
965.56	8.0
1116.0	8.0
1160.64	8.0
1240.4	8.0
1286.68	8.0
1304.24	8.0
1346.04	8.0
1351.56	8.0
1395.28	8.0
308.16	9.0
321.36	9.0
638.08	9.0
1155.8	9.0
1192.08	9.0
242.68	10.0
277.72	10.0
540.16	10.0
607.0	10.0
920.68	10.0
1020.2	10.0
1163.44	10.0
48.56	10.0
248.92	10.0
310.88	10.0
322.88	10.0
569.36	10.0
757.4	10.0
1053.12	10.0
1073.2	10.0
1252.16	10.0
1351.32	10.0
1386.96	10.0
228.8	11.0
279.96	11.0
310.12	11.0
319.28	11.0
643.2	11.0
704.44	11.0
1268.8	11.0
252.2	11.0
321.84	11.0
344.68	11.0
365.32	11.0
435.88	11.0
566.64	11.0
595.36	11.0
639.12	11.0
716.88	11.0
763.6	11.0
773.56	11.0
1102.16	11.0
1106.72	11.0
1136.8	11.0
1227.04	11.0
1243.28	11.0
1265.72	11.0
1303.96	11.0
1321.52	11.0
1352.96	11.0
306.72	12.0
344.68	12.0
939.6	12.0
1223.6	12.0
302.88	12.0
319.4	12.0
327.24	12.0
1308.84	12.0
1341.56	12.0
1410.16	12.0
1423.04	12.0
1298.44	13.0
306.04	13.0
311.2	13.0
319.4	13.0
326.96	13.0
324.96	14.0
328.08	14.0
62.52	14.0
137.4	14.0
235.64	14.0
290.72	14.0
306.56	14.0
320.88	14.0
354.44	14.0
1192.0	14.0
1243.04	14.0
1264.28	14.0
1268.68	14.0
1286.8	14.0
1345.04	14.0
1351.28	14.0
1383.84	14.0
1391.84	14.0
1426.08	14.0
154.4	15.0
57.64	15.0
306.92	15.0
398.52	16.0
1060.48	16.0
1185.08	16.0
1273.12	16.0
1282.88	16.0
1267.72	17.0
306.76	18.0
315.24	19.0
1324.32	19.0
337.8	20.0
1344.16	20.0
306.12	20.0
335.64	21.0
187.04	21.0
248.76	21.0
313.68	21.0
317.32	21.0
322.52	21.0
326.08	21.0
347.84	21.0
356.32	21.0
375.28	21.0
395.08	21.0
413.92	21.0
429.44	21.0
463.04	21.0
546.24	21.0
649.44	21.0
667.2	21.0
1102.08	21.0
1161.24	21.0
1224.96	21.0
1227.8	21.0
1253.16	21.0
1268.0	21.0
1273.0	21.0
1284.36	21.0
1301.0	21.0
1320.32	21.0
1346.36	21.0
1373.0	21.0
1387.68	21.0
1406.88	21.0
321.92	22.0
1237.44	22.0
1338.76	22.0
295.56	22.0
314.48	22.0
344.56	22.0
603.64	22.0
656.24	22.0
681.88	22.0
864.08	22.0
1159.72	22.0
1193.36	22.0
1268.72	22.0
1350.2	22.0
1400.88	22.0
1412.36	22.0
317.64	23.0
1339.84	23.0
257.52	23.0
310.28	23.0
313.72	23.0
320.64	23.0
325.8	23.0
337.52	23.0
345.92	23.0
363.12	23.0
397.72	23.0
435.48	23.0
480.64	23.0
1108.52	23.0
1116.92	23.0
1151.52	23.0
1225.0	23.0
1230.04	23.0
1246.0	23.0
1251.52	23.0
1285.0	23.0
1320.16	23.0
1380.76	23.0
1422.84	23.0
322.48	24.0
327.88	24.0
363.0	24.0
413.88	24.0
691.16	24.0
825.0	24.0
1246.0	24.0
1284.68	24.0
1297.64	24.0
1418.48	24.0
324.68	25.0
1285.0	25.0
318.88	25.0
470.6	25.0
1172.2	25.0
1318.56	25.0
1360.8	25.0
1399.28	25.0
313.2	26.0
325.96	26.0
1253.8	26.0
1318.56	26.0
28.6	26.0
72.24	26.0
137.72	26.0
182.88	26.0
220.52	26.0
260.04	26.0
297.4	26.0
309.44	26.0
321.36	26.0
331.4	26.0
349.32	26.0
353.92	26.0
367.12	26.0
383.12	26.0
406.72	26.0
434.24	26.0
438.16	26.0
471.6	26.0
512.0	26.0
559.84	26.0
569.76	26.0
580.08	26.0
614.4	26.0
627.56	26.0
652.68	26.0
693.04	26.0
700.36	26.0
704.96	26.0
745.32	26.0
825.28	26.0
956.88	26.0
1018.08	26.0
1093.24	26.0
1107.76	26.0
1130.88	26.0
1161.76	26.0
1174.44	26.0
1202.64	26.0
1212.36	26.0
1226.92	26.0
1247.8	26.0
1262.4	26.0
1279.12	26.0
1303.56	26.0
1315.44	26.0
1325.04	26.0
1346.92	26.0
1362.44	26.0
1382.08	26.0
1401.0	26.0
1409.96	26.0
1414.04	26.0
1425.24	26.0
1452.24	26.0
395.96	27.0
167.48	27.0
319.08	27.0
1351.96	27.0
306.44	28.0
297.48	28.0
315.64	28.0
320.96	28.0
323.48	28.0
329.08	28.0
348.76	28.0
490.96	28.0
515.32	28.0
605.6	28.0
759.72	28.0
811.68	28.0
1088.6	28.0
1155.44	28.0
1191.76	28.0
1223.84	28.0
1355.72	28.0
315.24	29.0
293.12	29.0
1329.36	29.0
91.04	30.0
209.24	30.0
254.8	30.0
317.16	30.0
333.08	30.0
352.16	30.0
356.8	30.0
459.44	30.0
566.6	30.0
655.44	30.0
680.04	30.0
748.32	30.0
761.16	30.0
878.36	30.0
986.76	30.0
992.64	30.0
1101.72	30.0
1134.92	30.0
1138.92	30.0
1209.44	30.0
1285.16	30.0
1305.12	30.0
1330.16	30.0
1352.84	30.0
1410.88	30.0
1440.16	30.0
324.68	31.0
341.6	31.0
1194.16	31.0
1388.96	31.0
562.4	33.0
334.88	33.0
302.44	34.0
316.88	34.0
336.24	34.0
360.4	34.0
314.32	34.0
1072.36	34.0
1228.44	34.0
1280.52	34.0
1418.76	34.0
312.36	35.0
350.72	35.0
1109.04	35.0
273.64	35.0
307.52	35.0
317.08	35.0
321.0	35.0
332.92	35.0
337.64	35.0
345.2	35.0
359.88	35.0
366.04	35.0
374.04	35.0
381.04	35.0
394.64	35.0
411.44	35.0
418.08	35.0
437.6	35.0
462.4	35.0
479.76	35.0
639.08	35.0
807.32	35.0
1119.52	35.0
1149.36	35.0
1187.96	35.0
1223.88	35.0
1238.12	35.0
1255.56	35.0
1293.92	35.0
1319.84	35.0
1339.64	35.0
1347.32	35.0
1407.12	35.0
1420.16	35.0
1424.52	35.0
363.24	36.0
