330.56	1.0
358.56	1.0
765.76	1.0
859.44	1.0
1333.64	1.0
418.2	2.0
1157.6	2.0
1454.44	2.0
314.84	2.0
318.96	2.0
326.96	2.0
330.32	2.0
353.0	2.0
361.08	2.0
379.48	2.0
386.0	2.0
395.6	2.0
474.8	2.0
498.36	2.0
519.68	2.0
570.88	2.0
578.6	2.0
625.8	2.0
640.8	2.0
669.36	2.0
678.32	2.0
689.08	2.0
726.16	2.0
733.0	2.0
809.96	2.0
814.88	2.0
835.96	2.0
884.6	2.0
922.08	2.0
985.28	2.0
1024.24	2.0
1068.72	2.0
1092.92	2.0
1127.64	2.0
1143.56	2.0
1224.4	2.0
1247.52	2.0
1334.0	2.0
1357.36	2.0
1386.12	2.0
1471.2	2.0
326.88	3.0
318.12	3.0
329.72	3.0
334.6	3.0
341.24	3.0
345.28	3.0
352.2	3.0
359.16	3.0
363.2	3.0
381.24	3.0
398.76	3.0
402.92	3.0
408.08	3.0
438.12	3.0
443.48	3.0
448.12	3.0
484.44	3.0
581.92	3.0
614.4	3.0
670.04	3.0
678.52	3.0
773.08	3.0
791.8	3.0
814.04	3.0
858.56	3.0
975.32	3.0
1157.64	3.0
1219.48	3.0
1454.88	3.0
329.56	4.0
613.0	4.0
744.08	4.0
791.24	4.0
858.24	4.0
1289.28	4.0
1369.32	4.0
1447.56	4.0
320.72	5.0
1246.24	5.0
406.52	5.0
1245.24	6.0
354.64	6.0
467.72	6.0
785.52	6.0
834.28	6.0
899.0	6.0
1006.04	6.0
1068.32	6.0
1306.36	6.0
318.32	7.0
331.44	7.0
334.76	7.0
1075.8	7.0
314.08	7.0
369.16	7.0
831.32	7.0
317.36	8.0
329.92	8.0
340.16	8.0
354.0	8.0
363.16	8.0
385.76	8.0
444.8	8.0
447.84	8.0
522.44	8.0
564.16	8.0
675.4	8.0
824.4	8.0
904.32	8.0
1082.6	8.0
1164.64	8.0
1374.6	8.0
1452.04	8.0
367.12	9.0
333.04	9.0
338.88	9.0
902.16	9.0
318.12	10.0
693.0	10.0
897.6	10.0
992.72	10.0
1092.56	10.0
1136.96	10.0
1245.0	10.0
326.72	10.0
330.96	10.0
345.48	10.0
353.08	10.0
630.12	10.0
836.24	10.0
878.16	10.0
937.44	10.0
1020.32	10.0
1044.44	10.0
1230.44	10.0
1333.08	10.0
1455.24	10.0
331.88	11.0
384.92	11.0
448.08	11.0
638.44	11.0
975.32	11.0
1224.04	11.0
1315.52	11.0
316.52	11.0
319.16	11.0
326.88	11.0
335.52	11.0
342.16	11.0
352.48	11.0
363.48	11.0
395.84	11.0
488.84	11.0
566.48	11.0
669.84	11.0
735.56	11.0
812.24	11.0
836.12	11.0
999.48	11.0
1155.44	11.0
1158.4	11.0
1228.56	11.0
1231.68	11.0
1298.12	11.0
1455.24	11.0
626.28	12.0
302.92	12.0
324.92	12.0
316.8	13.0
328.16	13.0
332.68	13.0
318.24	14.0
861.12	14.0
348.8	14.0
662.24	14.0
911.6	14.0
970.4	14.0
1066.36	14.0
1100.44	14.0
1196.16	14.0
1279.52	14.0
1447.56	14.0
340.12	15.0
324.44	15.0
330.88	15.0
765.48	16.0
912.76	16.0
330.72	17.0
1449.08	17.0
330.96	18.0
329.96	19.0
1452.68	19.0
330.48	20.0
340.6	20.0
317.76	20.0
352.12	20.0
1256.92	20.0
1377.84	20.0
331.44	21.0
316.04	21.0
328.32	21.0
341.48	21.0
348.52	21.0
354.32	21.0
366.92	21.0
381.16	21.0
525.6	21.0
591.76	21.0
619.88	21.0
653.16	21.0
692.4	21.0
735.96	21.0
772.24	21.0
790.8	21.0
817.96	21.0
838.96	21.0
877.88	21.0
917.04	21.0
955.4	21.0
962.64	21.0
997.88	21.0
1071.64	21.0
1093.04	21.0
1114.52	21.0
1165.64	21.0
1224.6	21.0
1286.68	21.0
1373.48	21.0
1454.84	21.0
312.08	22.0
328.56	22.0
318.84	22.0
331.72	22.0
340.96	22.0
370.56	22.0
568.48	22.0
625.28	22.0
667.44	22.0
715.24	22.0
750.08	22.0
774.64	22.0
1056.6	22.0
370.28	23.0
857.24	23.0
319.12	23.0
327.76	23.0
331.56	23.0
335.68	23.0
351.68	23.0
402.36	23.0
438.0	23.0
445.16	23.0
572.16	23.0
635.16	23.0
651.2	23.0
678.76	23.0
742.24	23.0
765.36	23.0
880.12	23.0
997.04	23.0
1079.68	23.0
1235.0	23.0
1259.4	23.0
317.96	24.0
328.4	24.0
341.44	24.0
352.64	24.0
468.72	24.0
529.96	24.0
1475.36	24.0
530.2	25.0
319.12	25.0
330.16	25.0
340.04	25.0
357.24	25.0
599.08	25.0
662.2	25.0
743.44	25.0
825.6	25.0
831.32	25.0
1198.84	25.0
332.92	26.0
379.96	26.0
620.6	26.0
314.32	26.0
318.48	26.0
324.84	26.0
330.24	26.0
340.04	26.0
343.24	26.0
346.84	26.0
354.36	26.0
360.04	26.0
396.48	26.0
442.04	26.0
461.32	26.0
474.28	26.0
481.32	26.0
516.48	26.0
555.64	26.0
570.48	26.0
578.44	26.0
586.76	26.0
653.8	26.0
672.32	26.0
688.08	26.0
718.28	26.0
744.88	26.0
763.88	26.0
767.76	26.0
774.24	26.0
815.28	26.0
829.28	26.0
856.64	26.0
886.16	26.0
900.44	26.0
921.68	26.0
943.68	26.0
1002.44	26.0
1021.76	26.0
1042.92	26.0
1047.56	26.0
1141.6	26.0
1166.6	26.0
1225.48	26.0
1295.12	26.0
1443.24	26.0
359.44	27.0
859.88	27.0
902.56	27.0
1061.56	27.0
315.64	28.0
746.64	28.0
875.92	28.0
327.48	28.0
330.6	28.0
338.48	28.0
352.84	28.0
571.0	28.0
705.76	28.0
791.56	28.0
805.44	28.0
947.28	28.0
1159.88	28.0
320.56	29.0
326.28	29.0
330.4	29.0
626.48	29.0
744.2	29.0
802.04	29.0
896.48	29.0
339.2	30.0
299.08	30.0
316.36	30.0
354.88	30.0
364.0	30.0
366.68	30.0
445.32	30.0
479.84	30.0
521.72	30.0
691.76	30.0
743.44	30.0
921.16	30.0
938.72	30.0
996.32	30.0
1060.28	30.0
1131.92	30.0
1154.04	30.0
1172.32	30.0
1285.28	30.0
1451.28	30.0
314.16	31.0
327.52	31.0
350.08	31.0
364.0	31.0
748.52	31.0
328.6	33.0
386.88	33.0
798.44	33.0
302.48	34.0
313.72	34.0
325.92	34.0
329.48	34.0
357.48	34.0
676.24	34.0
740.28	34.0
846.72	34.0
1075.88	34.0
1163.24	34.0
1229.6	34.0
1456.6	34.0
330.92	35.0
1079.36	35.0
313.44	35.0
317.64	35.0
327.24	35.0
336.84	35.0
341.6	35.0
351.08	35.0
354.28	35.0
359.04	35.0
369.84	35.0
379.52	35.0
407.56	35.0
436.6	35.0
460.4	35.0
480.16	35.0
516.76	35.0
536.68	35.0
572.08	35.0
574.6	35.0
629.56	35.0
651.08	35.0
740.44	35.0
849.8	35.0
857.08	35.0
918.08	35.0
1045.36	35.0
1095.64	35.0
1142.24	35.0
1185.28	35.0
1263.0	35.0
327.64	36.0
858.2	36.0
1161.6	36.0
