349.56	1.0
1179.76	1.0
313.32	2.0
321.0	2.0
324.52	2.0
327.48	2.0
331.4	2.0
335.44	2.0
365.56	2.0
526.0	2.0
705.44	2.0
708.56	2.0
1160.48	2.0
1163.76	2.0
1169.56	2.0
1176.84	2.0
1180.16	2.0
1189.68	2.0
1192.44	2.0
1195.8	2.0
1206.76	2.0
1209.48	2.0
1214.2	2.0
1220.6	2.0
1290.96	2.0
1305.88	2.0
1332.72	2.0
1350.72	2.0
314.84	3.0
318.04	3.0
320.68	3.0
323.52	3.0
327.04	3.0
331.28	3.0
344.6	3.0
362.84	3.0
380.84	3.0
386.88	3.0
430.52	3.0
436.0	3.0
467.88	3.0
1173.6	3.0
1176.68	3.0
1188.64	3.0
1195.36	3.0
1206.24	3.0
1212.6	3.0
1235.4	3.0
1265.68	3.0
1270.24	3.0
322.64	4.0
1178.28	5.0
322.92	5.0
1234.48	5.0
1289.44	6.0
319.4	7.0
322.32	7.0
333.56	7.0
330.08	7.0
338.96	7.0
494.76	8.0
585.56	8.0
320.08	8.0
332.96	8.0
342.16	8.0
385.88	8.0
1204.48	8.0
1219.52	8.0
1260.52	8.0
1267.52	8.0
1176.92	9.0
346.88	9.0
1183.44	9.0
313.8	10.0
328.56	10.0
369.04	10.0
532.0	10.0
1161.16	10.0
1169.2	10.0
320.64	10.0
325.44	10.0
333.2	10.0
343.08	10.0
520.12	10.0
694.88	10.0
1189.16	10.0
1206.44	10.0
1289.72	10.0
320.84	11.0
333.52	11.0
348.76	11.0
797.76	11.0
1343.28	11.0
312.96	11.0
330.36	11.0
384.52	11.0
434.92	11.0
696.36	11.0
1172.64	11.0
1189.0	11.0
1196.56	11.0
1206.16	11.0
1234.72	11.0
1269.08	11.0
302.52	12.0
501.08	12.0
567.48	12.0
626.0	12.0
736.92	12.0
1183.72	12.0
1221.72	12.0
1287.8	12.0
328.68	12.0
331.28	12.0
335.32	12.0
383.88	12.0
1195.8	12.0
320.2	13.0
332.16	13.0
341.92	13.0
350.76	13.0
321.68	14.0
319.16	14.0
368.88	14.0
1187.88	14.0
1272.72	15.0
1195.0	16.0
375.76	17.0
1234.48	17.0
653.6	20.0
1191.8	20.0
343.04	20.0
352.52	20.0
1206.16	20.0
327.04	21.0
1210.48	21.0
1219.2	21.0
319.08	21.0
334.96	21.0
345.16	21.0
351.28	21.0
371.04	21.0
385.12	21.0
409.64	21.0
434.36	21.0
472.4	21.0
497.64	21.0
588.48	21.0
642.72	21.0
813.12	21.0
1194.52	21.0
1202.36	21.0
1216.52	21.0
1222.28	21.0
1237.56	21.0
1258.64	21.0
1272.2	21.0
312.0	22.0
323.96	22.0
332.6	22.0
369.52	22.0
523.24	22.0
629.8	22.0
651.8	22.0
739.56	22.0
808.04	22.0
1186.32	22.0
1219.12	22.0
350.28	23.0
313.0	23.0
319.76	23.0
326.76	23.0
332.6	23.0
343.36	23.0
356.88	23.0
1170.8	23.0
1195.56	23.0
1204.2	23.0
1207.44	23.0
1220.0	23.0
1241.08	23.0
1248.36	23.0
1259.4	23.0
322.2	24.0
329.28	24.0
344.72	24.0
1213.72	24.0
1217.96	24.0
1235.92	24.0
321.88	25.0
1213.92	25.0
338.44	25.0
356.88	25.0
1286.8	25.0
1320.28	26.0
314.76	26.0
319.28	26.0
323.72	26.0
327.8	26.0
331.16	26.0
343.4	26.0
352.2	26.0
362.32	26.0
378.04	26.0
418.08	26.0
444.92	26.0
457.2	26.0
463.04	26.0
624.8	26.0
1197.12	26.0
1209.36	26.0
1223.04	26.0
1228.4	26.0
1239.12	26.0
1250.88	26.0
1267.64	26.0
1288.28	26.0
1315.96	26.0
1338.64	26.0
323.0	27.0
346.84	27.0
1202.72	27.0
1276.48	27.0
324.68	28.0
332.04	28.0
336.6	28.0
346.48	28.0
1183.12	28.0
1197.72	28.0
314.28	30.0
332.04	30.0
346.44	30.0
358.8	30.0
411.88	30.0
469.6	30.0
793.24	30.0
1190.04	30.0
1222.6	30.0
1253.0	30.0
1265.16	30.0
319.32	31.0
326.24	31.0
333.44	31.0
338.32	31.0
306.0	33.0
334.16	33.0
302.48	34.0
319.6	34.0
314.4	34.0
327.04	34.0
745.52	34.0
830.56	34.0
1214.88	34.0
319.56	35.0
322.08	35.0
324.84	35.0
330.28	35.0
335.52	35.0
340.4	35.0
343.84	35.0
350.04	35.0
353.0	35.0
359.52	35.0
369.36	35.0
374.32	35.0
391.28	35.0
411.68	35.0
455.08	35.0
669.2	35.0
1186.44	35.0
1191.88	35.0
1195.76	35.0
1210.0	35.0
1214.8	35.0
1218.32	35.0
1232.8	35.0
1236.68	35.0
1239.28	35.0
1259.28	35.0
1310.04	35.0
321.76	36.0
1213.92	36.0
332.04	36.0
1236.96	36.0
