695.92	1.0
1159.84	1.0
312.2	1.0
759.92	1.0
1292.88	1.0
461.6	2.0
631.92	2.0
1095.8	2.0
1178.48	2.0
1297.96	2.0
312.72	2.0
315.68	2.0
320.0	2.0
327.64	2.0
331.84	2.0
341.52	2.0
346.84	2.0
381.2	2.0
384.16	2.0
389.36	2.0
399.52	2.0
425.84	2.0
429.56	2.0
441.96	2.0
450.0	2.0
487.52	2.0
499.08	2.0
509.68	2.0
589.76	2.0
651.6	2.0
695.92	2.0
707.84	2.0
755.64	2.0
800.52	2.0
827.28	2.0
836.92	2.0
842.28	2.0
862.04	2.0
897.24	2.0
1005.76	2.0
1032.68	2.0
1038.96	2.0
1069.08	2.0
1075.88	2.0
1082.68	2.0
1115.52	2.0
1121.24	2.0
1242.28	2.0
1288.32	2.0
1292.04	2.0
1341.32	2.0
1360.56	2.0
319.6	3.0
327.92	3.0
331.68	3.0
334.2	3.0
350.04	3.0
360.0	3.0
375.44	3.0
378.8	3.0
390.92	3.0
396.92	3.0
412.92	3.0
418.24	3.0
435.84	3.0
458.92	3.0
462.92	3.0
501.24	3.0
528.16	3.0
535.44	3.0
574.48	3.0
646.76	3.0
655.16	3.0
681.88	3.0
696.08	3.0
768.04	3.0
842.4	3.0
852.6	3.0
910.0	3.0
955.08	3.0
1003.24	3.0
1063.4	3.0
1095.84	3.0
1130.08	3.0
1138.28	3.0
1242.4	3.0
1270.08	3.0
1298.0	3.0
1360.32	3.0
302.96	4.0
320.68	4.0
334.36	4.0
352.72	4.0
361.0	4.0
392.76	4.0
767.8	4.0
920.6	4.0
947.36	4.0
1031.36	4.0
1182.12	4.0
320.24	5.0
342.6	5.0
1349.0	5.0
318.64	6.0
336.08	6.0
367.2	6.0
379.72	6.0
444.2	6.0
462.6	6.0
501.28	6.0
626.52	6.0
667.56	6.0
706.52	6.0
767.24	6.0
820.6	6.0
906.44	6.0
983.52	6.0
1055.08	6.0
1120.72	6.0
1179.64	6.0
1296.08	6.0
1350.52	6.0
328.04	7.0
400.68	7.0
793.36	7.0
336.4	7.0
466.88	7.0
484.24	7.0
629.08	7.0
733.2	7.0
955.76	7.0
1239.44	7.0
1373.44	7.0
318.24	8.0
328.64	8.0
334.48	8.0
342.16	8.0
351.48	8.0
361.48	8.0
455.76	8.0
593.0	8.0
638.6	8.0
1075.36	8.0
1103.64	8.0
1131.92	8.0
1181.0	8.0
1185.56	8.0
1241.48	8.0
1269.96	8.0
1355.04	8.0
523.84	9.0
544.36	9.0
654.92	9.0
950.92	9.0
1373.2	9.0
538.0	10.0
695.92	10.0
715.44	10.0
1034.44	10.0
313.2	10.0
317.72	10.0
325.6	10.0
335.92	10.0
338.8	10.0
348.88	10.0
441.24	10.0
870.0	10.0
962.4	10.0
997.24	10.0
1005.84	10.0
1093.52	10.0
1112.72	10.0
1203.48	10.0
334.28	11.0
359.96	11.0
767.84	11.0
1010.48	11.0
312.76	11.0
316.96	11.0
327.0	11.0
331.12	11.0
337.04	11.0
340.68	11.0
344.84	11.0
351.04	11.0
355.12	11.0
364.96	11.0
378.92	11.0
395.16	11.0
412.72	11.0
423.32	11.0
439.44	11.0
456.2	11.0
474.32	11.0
488.52	11.0
509.32	11.0
512.04	11.0
523.04	11.0
540.08	11.0
562.32	11.0
589.48	11.0
608.8	11.0
631.84	11.0
661.72	11.0
665.28	11.0
677.28	11.0
692.6	11.0
751.84	11.0
804.96	11.0
837.04	11.0
906.36	11.0
938.12	11.0
957.4	11.0
973.88	11.0
1000.08	11.0
1037.8	11.0
1061.8	11.0
1067.24	11.0
1094.2	11.0
1116.28	11.0
1148.44	11.0
1158.6	11.0
1168.2	11.0
1225.92	11.0
1279.2	11.0
1298.32	11.0
1354.4	11.0
317.68	12.0
336.12	12.0
420.76	12.0
457.92	12.0
763.72	12.0
342.24	13.0
356.2	13.0
522.72	13.0
1112.28	13.0
1149.56	13.0
1361.48	13.0
312.48	14.0
326.96	14.0
401.6	14.0
482.92	14.0
1122.04	14.0
990.64	15.0
1240.88	15.0
348.48	15.0
365.32	15.0
614.96	15.0
327.2	16.0
347.4	16.0
1224.88	16.0
1325.0	16.0
440.88	17.0
324.84	18.0
330.32	19.0
335.24	19.0
338.36	19.0
459.4	19.0
1289.04	19.0
351.2	20.0
596.32	20.0
953.16	20.0
1039.48	20.0
1318.6	20.0
312.08	21.0
316.24	21.0
326.04	21.0
334.68	21.0
342.88	21.0
350.56	21.0
362.6	21.0
367.48	21.0
374.76	21.0
395.96	21.0
407.96	21.0
414.4	21.0
444.56	21.0
448.28	21.0
481.56	21.0
517.04	21.0
532.32	21.0
540.76	21.0
554.52	21.0
579.8	21.0
600.4	21.0
613.84	21.0
620.16	21.0
634.84	21.0
662.12	21.0
671.88	21.0
691.0	21.0
731.48	21.0
766.12	21.0
772.28	21.0
855.12	21.0
878.6	21.0
952.76	21.0
960.28	21.0
993.48	21.0
1010.28	21.0
1032.92	21.0
1039.04	21.0
1065.72	21.0
1083.2	21.0
1089.68	21.0
1095.28	21.0
1111.88	21.0
1144.2	21.0
1170.52	21.0
1182.84	21.0
1185.6	21.0
1225.72	21.0
1237.12	21.0
1276.32	21.0
1310.28	21.0
1363.08	21.0
1372.96	21.0
337.32	22.0
517.04	22.0
1016.48	22.0
313.08	22.0
317.52	22.0
320.64	22.0
347.2	22.0
376.96	22.0
438.28	22.0
462.32	22.0
483.8	22.0
560.92	22.0
666.0	22.0
895.76	22.0
1002.48	22.0
1005.04	22.0
342.68	23.0
367.88	23.0
316.44	23.0
320.84	23.0
327.28	23.0
336.72	23.0
431.8	23.0
501.44	23.0
510.6	23.0
598.16	23.0
692.24	23.0
974.16	23.0
1007.76	23.0
1051.44	23.0
1083.08	23.0
1097.48	23.0
1108.92	23.0
1144.92	23.0
1236.88	23.0
1294.2	23.0
315.92	24.0
328.84	24.0
331.68	24.0
362.72	24.0
377.0	24.0
441.64	24.0
1125.04	24.0
1224.08	24.0
315.92	25.0
332.08	25.0
342.92	25.0
354.56	25.0
363.64	25.0
314.28	26.0
318.36	26.0
324.0	26.0
326.64	26.0
332.96	26.0
336.28	26.0
340.64	26.0
352.2	26.0
375.2	26.0
377.92	26.0
382.04	26.0
399.28	26.0
405.76	26.0
428.48	26.0
432.12	26.0
454.56	26.0
482.0	26.0
495.52	26.0
499.4	26.0
510.48	26.0
517.28	26.0
531.84	26.0
548.84	26.0
565.24	26.0
580.52	26.0
602.28	26.0
634.8	26.0
642.64	26.0
646.6	26.0
656.52	26.0
675.0	26.0
691.88	26.0
710.84	26.0
732.32	26.0
761.36	26.0
795.96	26.0
816.44	26.0
848.88	26.0
871.08	26.0
912.68	26.0
974.84	26.0
1034.04	26.0
1089.96	26.0
1111.16	26.0
1203.68	26.0
1271.36	26.0
1308.92	26.0
1316.32	26.0
1348.12	26.0
1359.76	26.0
1380.68	26.0
319.16	27.0
335.76	27.0
348.36	27.0
365.8	27.0
485.2	27.0
818.12	27.0
1063.12	27.0
1109.2	27.0
1206.12	27.0
1263.84	27.0
314.08	28.0
318.36	28.0
324.2	28.0
330.0	28.0
336.24	28.0
340.08	28.0
343.16	28.0
351.96	28.0
393.0	28.0
413.04	28.0
438.4	28.0
475.48	28.0
533.84	28.0
544.04	28.0
654.6	28.0
728.44	28.0
743.6	28.0
804.72	28.0
841.4	28.0
950.56	28.0
971.96	28.0
1064.2	28.0
1120.84	28.0
1177.76	28.0
1256.6	28.0
1319.72	28.0
335.92	29.0
520.48	29.0
330.0	30.0
333.08	30.0
346.4	30.0
352.88	30.0
375.52	30.0
384.56	30.0
395.88	30.0
417.28	30.0
438.68	30.0
487.36	30.0
493.64	30.0
520.76	30.0
533.96	30.0
602.64	30.0
674.72	30.0
684.84	30.0
712.36	30.0
818.68	30.0
836.4	30.0
878.48	30.0
901.16	30.0
961.92	30.0
1011.96	30.0
1038.08	30.0
1073.36	30.0
1084.36	30.0
1109.92	30.0
1143.56	30.0
1151.04	30.0
1172.96	30.0
1182.08	30.0
1193.28	30.0
1220.12	30.0
1236.16	30.0
1280.84	30.0
1293.16	30.0
1302.64	30.0
1322.76	30.0
1350.68	30.0
1378.24	30.0
314.24	31.0
320.24	31.0
324.12	31.0
326.64	31.0
334.28	31.0
342.88	31.0
471.8	31.0
314.4	33.0
327.56	33.0
1182.76	33.0
315.24	34.0
327.0	34.0
330.52	34.0
414.92	34.0
488.0	34.0
613.44	34.0
690.48	34.0
719.6	34.0
765.68	34.0
922.68	34.0
970.52	34.0
1034.0	34.0
1083.2	34.0
1120.88	34.0
1145.56	34.0
1224.12	34.0
1358.64	34.0
312.04	35.0
316.52	35.0
325.24	35.0
330.36	35.0
335.84	35.0
341.84	35.0
346.36	35.0
355.56	35.0
370.88	35.0
379.28	35.0
399.8	35.0
404.8	35.0
415.8	35.0
431.16	35.0
439.88	35.0
466.96	35.0
480.68	35.0
505.6	35.0
520.2	35.0
532.76	35.0
558.76	35.0
582.96	35.0
595.52	35.0
641.56	35.0
669.4	35.0
710.24	35.0
744.76	35.0
807.6	35.0
823.84	35.0
888.36	35.0
906.56	35.0
1011.4	35.0
1053.68	35.0
1088.52	35.0
1124.52	35.0
1132.24	35.0
1157.36	35.0
1206.84	35.0
1223.4	35.0
1290.08	35.0
1325.6	35.0
1371.72	35.0
302.96	36.0
378.6	36.0
461.44	36.0
1277.56	36.0
