32.08	1.0
70.84	1.0
312.84	1.0
335.04	1.0
341.6	1.0
1045.68	1.0
30.56	2.0
143.6	2.0
1084.12	2.0
5.4	2.0
50.36	2.0
55.4	2.0
70.52	2.0
92.44	2.0
306.48	2.0
309.0	2.0
311.96	2.0
314.68	2.0
320.92	2.0
325.24	2.0
335.48	2.0
340.28	2.0
345.08	2.0
354.16	2.0
954.28	2.0
979.04	2.0
981.72	2.0
999.12	2.0
1010.36	2.0
1013.36	2.0
1019.8	2.0
1023.28	2.0
1032.52	2.0
1042.6	2.0
1054.4	2.0
1092.76	2.0
1154.92	2.0
1223.44	2.0
1354.56	2.0
1364.32	2.0
307.64	3.0
27.2	3.0
31.04	3.0
69.88	3.0
88.2	3.0
93.96	3.0
144.04	3.0
310.56	3.0
319.28	3.0
325.12	3.0
339.72	3.0
456.28	3.0
954.04	3.0
1010.96	3.0
1043.68	3.0
1060.4	3.0
1063.04	3.0
1203.08	3.0
1237.84	3.0
238.16	4.0
264.56	4.0
324.88	4.0
1318.64	4.0
32.8	5.0
307.04	5.0
323.8	5.0
68.32	6.0
306.84	6.0
1277.32	6.0
1130.6	7.0
67.76	7.0
310.16	7.0
317.64	7.0
323.04	7.0
327.12	7.0
336.76	7.0
139.84	8.0
142.52	8.0
243.12	8.0
306.6	8.0
309.76	8.0
322.16	8.0
342.76	8.0
346.92	8.0
391.88	8.0
466.76	8.0
1014.6	8.0
1363.32	8.0
144.52	9.0
308.24	9.0
321.88	9.0
1084.96	9.0
1261.6	9.0
323.88	10.0
416.96	10.0
984.36	10.0
990.12	10.0
1010.28	10.0
1014.76	10.0
1039.64	10.0
1123.96	10.0
1188.44	10.0
1319.52	10.0
48.2	10.0
308.0	10.0
319.8	10.0
997.72	10.0
1051.2	10.0
1054.6	10.0
1250.4	10.0
1348.64	10.0
34.56	11.0
92.2	11.0
311.52	11.0
1011.04	11.0
1189.84	11.0
30.96	11.0
65.04	11.0
250.52	11.0
306.12	11.0
308.64	11.0
314.48	11.0
317.2	11.0
322.96	11.0
342.36	11.0
1014.0	11.0
1026.88	11.0
1052.76	11.0
1253.8	11.0
341.76	12.0
993.64	12.0
1205.8	12.0
9.96	12.0
117.24	12.0
302.84	12.0
324.72	12.0
1186.56	12.0
325.84	13.0
36.2	13.0
74.84	13.0
322.32	13.0
341.56	13.0
1058.2	13.0
1061.64	13.0
1138.64	13.0
342.04	14.0
103.08	14.0
105.72	14.0
144.48	14.0
319.16	14.0
336.96	14.0
1066.68	14.0
1264.52	14.0
309.8	15.0
146.8	15.0
1072.32	15.0
154.56	16.0
195.64	16.0
244.68	16.0
308.04	16.0
321.2	16.0
314.36	17.0
1202.16	17.0
306.84	18.0
321.88	18.0
141.04	19.0
306.6	19.0
306.2	20.0
338.84	20.0
309.44	20.0
1150.52	20.0
319.64	21.0
322.92	21.0
7.04	21.0
23.8	21.0
36.12	21.0
55.84	21.0
63.6	21.0
75.04	21.0
128.12	21.0
145.72	21.0
308.8	21.0
313.96	21.0
326.68	21.0
347.6	21.0
364.24	21.0
377.64	21.0
1026.36	21.0
1032.56	21.0
1045.36	21.0
1077.28	21.0
1105.2	21.0
1116.32	21.0
1158.04	21.0
1259.04	21.0
1320.16	21.0
62.52	22.0
1026.4	22.0
84.2	22.0
311.44	22.0
319.76	22.0
341.64	22.0
998.12	22.0
1012.04	22.0
1056.24	22.0
1106.36	22.0
29.8	23.0
55.32	23.0
81.36	23.0
138.48	23.0
235.88	23.0
261.92	23.0
307.04	23.0
312.84	23.0
318.68	23.0
323.72	23.0
328.32	23.0
340.8	23.0
343.6	23.0
356.4	23.0
377.28	23.0
396.32	23.0
872.6	23.0
1023.56	23.0
1030.04	23.0
1043.92	23.0
1096.64	23.0
1236.24	23.0
1269.92	23.0
1316.64	23.0
335.88	24.0
37.48	24.0
306.68	24.0
316.6	24.0
325.44	24.0
345.12	24.0
357.64	24.0
1028.16	24.0
1051.04	24.0
307.64	25.0
323.92	25.0
165.84	26.0
408.04	26.0
1081.52	26.0
1105.08	26.0
1212.8	26.0
31.52	26.0
40.4	26.0
46.24	26.0
66.8	26.0
81.2	26.0
109.96	26.0
126.96	26.0
144.52	26.0
186.52	26.0
222.8	26.0
309.36	26.0
315.0	26.0
320.48	26.0
325.4	26.0
332.76	26.0
342.76	26.0
358.0	26.0
368.04	26.0
411.16	26.0
468.44	26.0
510.88	26.0
540.12	26.0
1026.56	26.0
1052.92	26.0
1077.52	26.0
1094.44	26.0
1123.2	26.0
1138.0	26.0
1142.08	26.0
1199.4	26.0
1216.64	26.0
1250.36	26.0
1277.12	26.0
1303.52	26.0
1322.28	26.0
1343.0	26.0
1364.12	26.0
79.56	27.0
311.36	27.0
334.2	27.0
909.72	27.0
1050.36	27.0
144.0	28.0
306.68	28.0
309.24	28.0
312.64	28.0
332.16	28.0
20.72	28.0
50.04	28.0
321.52	28.0
341.56	28.0
345.16	28.0
952.24	28.0
1016.12	28.0
1041.2	28.0
1261.24	28.0
326.48	29.0
1098.28	29.0
56.64	30.0
139.88	30.0
316.0	30.0
322.76	30.0
329.36	30.0
343.8	30.0
353.96	30.0
382.28	30.0
392.24	30.0
999.64	30.0
1044.76	30.0
1121.0	30.0
1363.8	30.0
318.6	31.0
308.8	31.0
323.56	31.0
22.52	33.0
306.16	33.0
1024.6	33.0
302.48	34.0
306.04	34.0
314.56	34.0
134.92	34.0
267.64	34.0
317.64	34.0
1039.36	34.0
320.72	35.0
30.84	35.0
145.92	35.0
308.64	35.0
315.52	35.0
329.4	35.0
337.6	35.0
345.2	35.0
355.72	35.0
377.28	35.0
385.84	35.0
1011.68	35.0
1023.48	35.0
1026.0	35.0
1033.32	35.0
1037.24	35.0
1044.48	35.0
1047.12	35.0
1062.16	35.0
1085.52	35.0
1147.72	35.0
1160.08	35.0
1273.56	35.0
1302.88	35.0
1311.12	35.0
322.88	36.0
82.0	36.0
318.44	36.0
