310.96	1.0
863.12	1.0
1058.64	1.0
15.68	2.0
81.24	2.0
320.36	2.0
838.84	2.0
1063.12	2.0
60.12	2.0
73.4	2.0
104.0	2.0
154.16	2.0
157.04	2.0
176.28	2.0
190.72	2.0
201.8	2.0
249.6	2.0
254.92	2.0
273.52	2.0
292.72	2.0
306.48	2.0
310.0	2.0
313.12	2.0
335.16	2.0
497.88	2.0
628.4	2.0
646.84	2.0
650.04	2.0
695.12	2.0
699.12	2.0
721.24	2.0
728.0	2.0
735.04	2.0
738.56	2.0
757.8	2.0
804.08	2.0
829.4	2.0
884.36	2.0
888.24	2.0
900.08	2.0
943.12	2.0
956.2	2.0
963.6	2.0
992.52	2.0
1014.4	2.0
1049.52	2.0
1059.0	2.0
1114.88	2.0
1140.48	2.0
1201.6	2.0
1442.56	2.0
1450.52	2.0
1462.6	2.0
804.64	3.0
15.72	3.0
19.72	3.0
55.04	3.0
81.68	3.0
100.68	3.0
103.6	3.0
112.8	3.0
183.84	3.0
201.96	3.0
212.8	3.0
249.12	3.0
255.08	3.0
308.08	3.0
310.96	3.0
318.24	3.0
322.0	3.0
328.88	3.0
335.56	3.0
339.0	3.0
352.44	3.0
369.0	3.0
373.92	3.0
405.8	3.0
423.52	3.0
450.32	3.0
516.48	3.0
650.2	3.0
695.28	3.0
757.96	3.0
839.32	3.0
912.64	3.0
963.76	3.0
980.64	3.0
1013.04	3.0
1063.6	3.0
1108.0	3.0
1115.12	3.0
308.6	4.0
1012.32	4.0
1085.44	4.0
160.72	4.0
202.88	4.0
242.2	4.0
276.08	4.0
320.16	4.0
453.68	4.0
907.24	4.0
943.24	4.0
1148.0	4.0
1183.68	4.0
1218.04	4.0
306.56	5.0
319.48	5.0
49.36	6.0
311.72	6.0
434.84	6.0
845.52	6.0
1110.88	6.0
1192.6	6.0
1441.04	6.0
335.72	7.0
1117.2	7.0
308.48	7.0
869.64	7.0
13.28	8.0
137.72	8.0
270.88	8.0
306.2	8.0
312.4	8.0
319.76	8.0
356.96	8.0
385.48	8.0
388.24	8.0
409.04	8.0
432.76	8.0
442.84	8.0
625.28	8.0
646.2	8.0
732.4	8.0
779.6	8.0
800.96	8.0
807.8	8.0
881.04	8.0
939.48	8.0
973.0	8.0
1013.88	8.0
1061.0	8.0
1063.88	8.0
81.76	9.0
328.12	9.0
112.44	10.0
185.92	10.0
310.72	10.0
589.84	10.0
696.0	10.0
974.68	10.0
1174.36	10.0
68.04	10.0
104.0	10.0
307.56	10.0
628.6	10.0
728.24	10.0
804.0	10.0
942.8	10.0
1437.76	10.0
117.84	11.0
183.92	11.0
249.12	11.0
374.0	11.0
516.48	11.0
806.48	11.0
1022.72	11.0
1453.04	11.0
11.4	11.0
64.56	11.0
69.76	11.0
165.96	11.0
176.52	11.0
199.08	11.0
218.04	11.0
273.6	11.0
311.8	11.0
321.08	11.0
350.52	11.0
454.4	11.0
647.52	11.0
692.84	11.0
802.24	11.0
836.8	11.0
883.12	11.0
910.2	11.0
921.6	11.0
927.12	11.0
1046.84	11.0
1063.6	11.0
1111.76	11.0
1156.92	11.0
302.56	12.0
181.4	12.0
209.8	12.0
310.96	12.0
901.76	12.0
1171.2	12.0
1221.88	12.0
306.32	13.0
308.88	13.0
321.12	13.0
337.28	13.0
52.32	14.0
253.6	14.0
308.6	14.0
320.12	14.0
353.2	14.0
372.8	14.0
867.24	14.0
987.04	14.0
995.04	14.0
1097.92	14.0
1444.88	14.0
19.32	16.0
92.72	16.0
147.56	16.0
227.48	16.0
306.76	16.0
322.0	16.0
400.88	16.0
994.08	16.0
321.0	18.0
306.48	18.0
15.36	19.0
271.6	19.0
625.56	19.0
725.56	19.0
801.68	19.0
883.12	19.0
941.08	19.0
1015.2	19.0
335.96	20.0
411.08	20.0
590.72	20.0
33.0	21.0
62.84	21.0
85.56	21.0
120.52	21.0
216.92	21.0
250.24	21.0
275.88	21.0
284.76	21.0
307.84	21.0
311.68	21.0
321.08	21.0
334.36	21.0
344.2	21.0
351.44	21.0
358.4	21.0
372.56	21.0
385.96	21.0
397.92	21.0
414.44	21.0
464.48	21.0
695.32	21.0
743.24	21.0
783.2	21.0
813.2	21.0
836.28	21.0
865.52	21.0
869.12	21.0
881.28	21.0
942.92	21.0
1005.44	21.0
1023.08	21.0
1045.24	21.0
1067.04	21.0
1103.12	21.0
1128.8	21.0
1170.88	21.0
178.44	22.0
308.2	22.0
319.4	22.0
329.84	22.0
1072.96	22.0
1127.88	22.0
1439.52	22.0
942.52	23.0
20.4	23.0
210.16	23.0
307.12	23.0
310.96	23.0
320.56	23.0
334.44	23.0
355.6	23.0
740.72	23.0
833.16	23.0
880.12	23.0
905.08	23.0
945.88	23.0
1011.48	23.0
1094.56	23.0
1124.16	23.0
1136.44	23.0
1215.04	23.0
1412.4	23.0
283.84	24.0
318.0	24.0
330.52	24.0
340.68	24.0
344.56	24.0
836.32	24.0
1022.44	24.0
321.2	25.0
340.88	25.0
250.56	25.0
354.28	25.0
246.16	26.0
1071.6	26.0
1098.04	26.0
1144.16	26.0
41.68	26.0
59.72	26.0
88.84	26.0
110.44	26.0
121.72	26.0
156.32	26.0
197.0	26.0
204.96	26.0
215.2	26.0
243.24	26.0
255.24	26.0
273.28	26.0
279.08	26.0
298.2	26.0
309.52	26.0
319.84	26.0
324.44	26.0
331.44	26.0
344.44	26.0
352.96	26.0
367.84	26.0
383.64	26.0
399.44	26.0
406.44	26.0
419.92	26.0
429.36	26.0
453.68	26.0
456.6	26.0
479.44	26.0
509.24	26.0
565.56	26.0
589.28	26.0
633.72	26.0
745.64	26.0
771.24	26.0
788.0	26.0
799.12	26.0
838.08	26.0
920.92	26.0
931.4	26.0
937.48	26.0
952.68	26.0
993.08	26.0
1010.2	26.0
1014.96	26.0
1037.0	26.0
1058.0	26.0
1077.92	26.0
1108.32	26.0
1129.52	26.0
1137.68	26.0
1141.2	26.0
1163.2	26.0
1289.24	26.0
1393.6	26.0
307.64	27.0
324.12	27.0
353.48	27.0
1094.6	27.0
19.12	28.0
308.0	28.0
275.08	28.0
319.28	28.0
322.96	28.0
628.44	28.0
807.52	28.0
828.64	28.0
944.48	28.0
979.92	28.0
1015.68	28.0
1062.92	28.0
1452.6	28.0
81.2	29.0
128.32	29.0
302.96	29.0
324.44	29.0
798.44	29.0
12.96	30.0
46.16	30.0
148.72	30.0
270.8	30.0
318.36	30.0
321.68	30.0
334.52	30.0
340.28	30.0
353.04	30.0
375.68	30.0
624.8	30.0
724.72	30.0
881.48	30.0
997.8	30.0
1060.36	30.0
1202.56	30.0
1225.88	30.0
306.28	31.0
310.56	31.0
318.88	31.0
322.84	31.0
339.4	31.0
306.12	33.0
329.28	33.0
815.16	33.0
246.12	33.0
302.44	34.0
335.08	34.0
22.08	34.0
77.72	34.0
149.52	34.0
312.24	34.0
799.88	34.0
48.64	35.0
61.44	35.0
119.84	35.0
211.52	35.0
242.92	35.0
308.92	35.0
313.76	35.0
321.96	35.0
327.68	35.0
334.44	35.0
341.2	35.0
354.84	35.0
362.48	35.0
393.84	35.0
912.92	35.0
942.52	35.0
989.68	35.0
992.6	35.0
1052.36	35.0
1192.52	35.0
1439.84	35.0
228.44	36.0
321.2	36.0
306.4	36.0
350.52	36.0
995.28	36.0
