20.16	1.0
120.04	1.0
561.68	1.0
1119.64	1.0
969.84	2.0
1333.96	2.0
19.36	2.0
23.6	2.0
68.16	2.0
86.04	2.0
97.6	2.0
178.4	2.0
207.2	2.0
211.8	2.0
306.96	2.0
312.48	2.0
316.4	2.0
330.12	2.0
356.4	2.0
380.12	2.0
402.72	2.0
425.8	2.0
433.68	2.0
531.36	2.0
563.24	2.0
588.08	2.0
591.92	2.0
641.16	2.0
669.76	2.0
700.72	2.0
736.48	2.0
756.36	2.0
795.8	2.0
873.36	2.0
891.36	2.0
894.44	2.0
904.84	2.0
943.04	2.0
966.84	2.0
996.76	2.0
1036.52	2.0
1058.72	2.0
1062.92	2.0
1105.96	2.0
1123.36	2.0
1155.4	2.0
1188.08	2.0
1201.12	2.0
1220.52	2.0
1234.68	2.0
1253.96	2.0
1309.36	2.0
1385.36	2.0
1414.4	2.0
1439.88	2.0
48.04	3.0
67.92	3.0
97.76	3.0
122.92	3.0
207.4	3.0
213.0	3.0
268.96	3.0
276.72	3.0
306.76	3.0
312.16	3.0
318.04	3.0
320.6	3.0
324.36	3.0
338.08	3.0
341.2	3.0
355.12	3.0
360.72	3.0
370.88	3.0
449.36	3.0
484.84	3.0
562.96	3.0
640.8	3.0
669.24	3.0
757.2	3.0
795.48	3.0
873.4	3.0
891.04	3.0
942.76	3.0
970.32	3.0
993.52	3.0
1039.0	3.0
1048.12	3.0
1060.56	3.0
1121.28	3.0
1151.08	3.0
1156.04	3.0
1200.32	3.0
1213.16	3.0
1230.4	3.0
1234.84	3.0
1253.88	3.0
1267.52	3.0
1311.44	3.0
1363.72	3.0
1389.88	3.0
1411.76	3.0
1414.36	3.0
1418.32	3.0
1422.88	3.0
1437.04	3.0
317.64	4.0
1056.56	4.0
66.04	4.0
88.84	4.0
121.08	4.0
173.48	4.0
194.32	4.0
207.24	4.0
270.48	4.0
309.52	4.0
337.76	4.0
940.56	4.0
1253.48	4.0
1278.76	4.0
1437.2	4.0
310.08	5.0
1035.32	5.0
1387.16	5.0
264.6	5.0
307.0	5.0
317.48	5.0
307.28	6.0
312.12	6.0
318.88	6.0
335.16	6.0
490.84	6.0
786.44	6.0
1079.92	6.0
1115.28	6.0
1276.32	6.0
1387.08	6.0
206.12	7.0
121.72	7.0
308.32	7.0
319.12	7.0
960.44	7.0
120.84	8.0
200.92	8.0
236.8	8.0
306.2	8.0
321.0	8.0
340.6	8.0
379.04	8.0
425.64	8.0
472.04	8.0
498.6	8.0
539.8	8.0
663.72	8.0
730.88	8.0
758.44	8.0
819.84	8.0
870.88	8.0
1046.88	8.0
1086.92	8.0
1178.4	8.0
1182.72	8.0
1201.04	8.0
1203.56	8.0
1246.92	8.0
1382.04	8.0
1411.8	8.0
1437.56	8.0
479.04	9.0
638.56	9.0
670.04	9.0
771.12	9.0
997.6	9.0
1251.92	9.0
1312.56	9.0
1384.6	9.0
644.96	10.0
1108.56	10.0
1338.28	10.0
58.36	10.0
113.68	10.0
163.12	10.0
232.8	10.0
269.32	10.0
306.0	10.0
310.08	10.0
329.8	10.0
380.32	10.0
424.88	10.0
452.56	10.0
476.28	10.0
521.04	10.0
561.6	10.0
631.08	10.0
699.2	10.0
721.96	10.0
758.08	10.0
794.56	10.0
927.04	10.0
993.24	10.0
1037.72	10.0
1121.28	10.0
1155.2	10.0
1175.64	10.0
1187.64	10.0
1200.28	10.0
1231.84	10.0
1252.88	10.0
1293.48	10.0
1309.16	10.0
1329.0	10.0
1356.2	10.0
1382.6	10.0
1409.8	10.0
1439.84	10.0
311.52	11.0
314.96	11.0
1105.56	11.0
1391.08	11.0
94.64	11.0
141.08	11.0
145.84	11.0
292.32	11.0
323.84	11.0
332.16	11.0
377.08	11.0
379.84	11.0
426.56	11.0
452.36	11.0
500.64	11.0
529.44	11.0
563.32	11.0
588.72	11.0
697.64	11.0
754.64	11.0
849.56	11.0
927.64	11.0
939.2	11.0
1037.08	11.0
1039.64	11.0
1078.32	11.0
1120.76	11.0
1123.32	11.0
1151.0	11.0
1155.6	11.0
1178.84	11.0
1199.56	11.0
1231.16	11.0
1252.72	11.0
1269.84	11.0
1288.04	11.0
1308.72	11.0
1333.88	11.0
1358.32	11.0
1385.72	11.0
1412.2	11.0
1439.56	11.0
428.0	12.0
302.88	12.0
307.36	12.0
319.24	12.0
1105.32	12.0
1201.88	12.0
1278.88	12.0
1439.8	12.0
310.32	13.0
64.12	13.0
122.4	13.0
275.0	13.0
306.52	13.0
331.64	13.0
382.64	13.0
428.12	13.0
1040.64	13.0
1092.48	13.0
1156.2	13.0
1206.04	13.0
315.16	14.0
349.16	14.0
723.4	14.0
36.64	14.0
223.24	14.0
270.2	14.0
307.04	14.0
321.08	14.0
328.6	14.0
660.84	14.0
1037.56	14.0
1133.0	14.0
1200.28	14.0
1390.16	14.0
306.56	15.0
1303.04	15.0
339.32	16.0
342.0	16.0
991.88	16.0
1065.4	16.0
1091.44	16.0
1445.72	16.0
306.4	18.0
422.56	18.0
922.12	18.0
204.12	19.0
265.88	19.0
306.24	19.0
330.24	19.0
424.76	19.0
528.24	19.0
701.24	19.0
754.88	19.0
870.96	19.0
874.32	19.0
902.64	19.0
1086.28	19.0
1120.48	19.0
1232.88	19.0
1250.4	19.0
1361.04	19.0
318.32	20.0
333.44	20.0
351.92	20.0
306.64	20.0
321.12	20.0
1006.52	20.0
1336.36	20.0
328.56	21.0
1037.16	21.0
40.72	21.0
240.64	21.0
252.92	21.0
282.84	21.0
308.08	21.0
314.2	21.0
319.16	21.0
325.08	21.0
343.52	21.0
346.36	21.0
358.8	21.0
368.76	21.0
381.36	21.0
455.28	21.0
706.0	21.0
767.36	21.0
820.24	21.0
910.96	21.0
946.56	21.0
973.72	21.0
1049.76	21.0
1064.04	21.0
1080.52	21.0
1094.0	21.0
1124.08	21.0
1156.76	21.0
1180.52	21.0
1205.44	21.0
1232.16	21.0
1244.08	21.0
1253.72	21.0
1313.16	21.0
1336.12	21.0
1338.92	21.0
1391.12	21.0
1444.72	21.0
306.24	22.0
312.96	22.0
231.08	22.0
318.48	22.0
329.76	22.0
342.6	22.0
564.4	22.0
744.8	22.0
817.16	22.0
931.64	22.0
999.08	22.0
1093.84	22.0
1098.8	22.0
1125.0	22.0
1148.8	22.0
1211.44	22.0
1217.88	22.0
1224.52	22.0
1439.08	22.0
265.4	23.0
1336.88	23.0
81.92	23.0
118.44	23.0
170.96	23.0
205.48	23.0
237.76	23.0
268.32	23.0
284.32	23.0
309.16	23.0
315.72	23.0
319.0	23.0
329.08	23.0
342.36	23.0
351.84	23.0
384.88	23.0
566.76	23.0
671.92	23.0
755.88	23.0
795.64	23.0
907.32	23.0
938.84	23.0
960.6	23.0
999.12	23.0
1042.68	23.0
1061.28	23.0
1096.32	23.0
1098.96	23.0
1111.88	23.0
1133.8	23.0
1150.16	23.0
1176.16	23.0
1216.6	23.0
1227.44	23.0
1232.24	23.0
1238.08	23.0
1257.6	23.0
1340.24	23.0
1442.48	23.0
1446.48	23.0
239.08	24.0
316.56	24.0
325.4	24.0
328.08	24.0
337.8	24.0
813.64	24.0
338.0	25.0
23.96	25.0
121.28	25.0
286.28	25.0
306.96	25.0
639.92	25.0
747.92	25.0
799.48	25.0
853.0	25.0
976.28	25.0
1018.16	25.0
1057.96	25.0
1174.16	25.0
1403.12	25.0
1457.28	25.0
326.12	26.0
449.76	26.0
818.96	26.0
1441.32	26.0
35.76	26.0
64.24	26.0
123.04	26.0
151.24	26.0
162.24	26.0
214.12	26.0
239.32	26.0
253.88	26.0
270.8	26.0
289.28	26.0
312.52	26.0
320.72	26.0
334.48	26.0
347.96	26.0
357.88	26.0
370.6	26.0
386.4	26.0
397.84	26.0
417.16	26.0
429.68	26.0
440.0	26.0
453.96	26.0
472.88	26.0
476.4	26.0
486.8	26.0
503.48	26.0
538.88	26.0
561.68	26.0
574.32	26.0
633.44	26.0
642.24	26.0
656.44	26.0
664.44	26.0
671.8	26.0
699.36	26.0
730.96	26.0
734.16	26.0
738.44	26.0
750.92	26.0
761.84	26.0
797.76	26.0
815.88	26.0
852.8	26.0
861.48	26.0
883.72	26.0
896.84	26.0
911.88	26.0
928.24	26.0
939.36	26.0
952.64	26.0
970.24	26.0
977.16	26.0
1001.48	26.0
1020.32	26.0
1036.92	26.0
1051.36	26.0
1059.32	26.0
1065.72	26.0
1081.08	26.0
1094.84	26.0
1110.8	26.0
1126.92	26.0
1147.24	26.0
1157.92	26.0
1166.44	26.0
1173.64	26.0
1184.8	26.0
1191.96	26.0
1199.96	26.0
1210.44	26.0
1223.04	26.0
1228.12	26.0
1231.44	26.0
1240.8	26.0
1247.84	26.0
1266.16	26.0
1270.64	26.0
1276.12	26.0
1288.64	26.0
1299.44	26.0
1325.56	26.0
1334.64	26.0
1347.12	26.0
1361.08	26.0
1382.0	26.0
1390.24	26.0
1405.6	26.0
1418.24	26.0
1460.28	26.0
431.92	27.0
1063.92	27.0
276.64	27.0
307.32	27.0
363.2	27.0
634.72	27.0
874.12	27.0
1382.96	27.0
348.08	28.0
23.08	28.0
167.68	28.0
207.12	28.0
212.0	28.0
317.48	28.0
323.64	28.0
334.2	28.0
355.44	28.0
376.08	28.0
427.8	28.0
478.72	28.0
531.2	28.0
638.2	28.0
750.16	28.0
795.28	28.0
854.16	28.0
893.56	28.0
905.12	28.0
963.88	28.0
1025.72	28.0
1054.24	28.0
1158.24	28.0
1267.84	28.0
1323.32	28.0
1384.2	28.0
1389.96	28.0
1424.24	28.0
100.8	29.0
122.56	29.0
302.96	29.0
900.24	29.0
89.4	30.0
166.6	30.0
230.24	30.0
316.64	30.0
324.08	30.0
333.8	30.0
336.64	30.0
380.64	30.0
429.6	30.0
464.88	30.0
535.72	30.0
633.16	30.0
638.4	30.0
758.76	30.0
867.44	30.0
871.76	30.0
975.84	30.0
994.84	30.0
1070.32	30.0
1088.48	30.0
1102.0	30.0
1125.68	30.0
1174.68	30.0
1205.72	30.0
1249.6	30.0
1309.44	30.0
1335.24	30.0
1383.96	30.0
1409.76	30.0
315.52	31.0
331.56	31.0
426.6	31.0
755.8	31.0
1095.2	31.0
1123.16	31.0
1205.88	31.0
1387.32	31.0
306.44	33.0
328.56	33.0
302.44	34.0
38.48	34.0
121.48	34.0
173.16	34.0
212.48	34.0
244.32	34.0
272.92	34.0
281.36	34.0
350.88	34.0
751.96	34.0
766.36	34.0
873.92	34.0
946.16	34.0
957.4	34.0
988.68	34.0
1073.28	34.0
1095.08	34.0
1155.32	34.0
1214.52	34.0
1240.12	34.0
61.2	35.0
307.76	35.0
26.12	35.0
58.56	35.0
81.32	35.0
123.44	35.0
201.96	35.0
256.52	35.0
266.72	35.0
298.0	35.0
311.56	35.0
327.0	35.0
337.36	35.0
350.8	35.0
362.0	35.0
409.96	35.0
573.84	35.0
739.24	35.0
779.92	35.0
887.4	35.0
936.88	35.0
966.2	35.0
1008.84	35.0
1031.76	35.0
1056.92	35.0
1065.44	35.0
1084.24	35.0
1123.16	35.0
1159.6	35.0
1178.36	35.0
1186.52	35.0
1240.36	35.0
1265.0	35.0
1269.6	35.0
1318.68	35.0
1339.32	35.0
1362.72	35.0
1388.52	35.0
1415.08	35.0
1445.52	35.0
1462.24	35.0
321.72	36.0
334.84	36.0
351.08	36.0
364.32	36.0
381.8	36.0
401.84	36.0
425.72	36.0
452.24	36.0
481.08	36.0
531.48	36.0
573.64	36.0
617.44	36.0
666.36	36.0
797.44	36.0
1227.24	36.0
1230.6	36.0
1335.0	36.0
1388.72	36.0
1441.88	36.0
