1431.76	1.0
1109.32	2.0
1260.0	2.0
29.68	2.0
48.68	2.0
65.52	2.0
99.48	2.0
116.32	2.0
210.2	2.0
260.24	2.0
281.64	2.0
285.76	2.0
309.24	2.0
312.92	2.0
353.44	2.0
396.16	2.0
422.72	2.0
435.92	2.0
491.4	2.0
582.88	2.0
616.32	2.0
688.72	2.0
795.24	2.0
799.24	2.0
938.0	2.0
956.72	2.0
989.72	2.0
1026.52	2.0
1051.08	2.0
1085.4	2.0
1097.96	2.0
1101.68	2.0
1166.16	2.0
1329.28	2.0
1346.36	2.0
1349.72	2.0
1352.84	2.0
1365.12	2.0
1399.84	2.0
1409.96	2.0
1420.4	2.0
1435.28	2.0
799.64	3.0
938.56	3.0
12.36	3.0
48.4	3.0
66.2	3.0
114.28	3.0
175.04	3.0
260.0	3.0
285.48	3.0
308.08	3.0
312.88	3.0
320.64	3.0
325.0	3.0
335.72	3.0
344.72	3.0
372.92	3.0
416.92	3.0
420.88	3.0
493.92	3.0
583.12	3.0
616.04	3.0
688.44	3.0
751.64	3.0
757.92	3.0
892.52	3.0
917.52	3.0
931.52	3.0
956.4	3.0
962.16	3.0
968.8	3.0
989.92	3.0
1109.4	3.0
1232.16	3.0
1260.08	3.0
1312.12	3.0
1383.12	3.0
1400.0	3.0
1410.16	3.0
5.8	4.0
34.32	4.0
47.64	4.0
81.68	4.0
111.32	4.0
144.92	4.0
173.24	4.0
192.16	4.0
236.72	4.0
294.52	4.0
329.32	4.0
420.52	4.0
579.92	4.0
625.52	4.0
708.04	4.0
777.32	4.0
801.72	4.0
892.2	4.0
940.16	4.0
982.88	4.0
1048.16	4.0
1080.24	4.0
1136.32	4.0
1237.04	4.0
1351.96	4.0
1379.76	4.0
1428.64	4.0
308.92	5.0
318.36	5.0
323.04	5.0
335.16	5.0
326.16	6.0
357.92	6.0
404.88	6.0
1001.0	6.0
1036.0	6.0
1152.6	6.0
1275.92	6.0
1026.12	7.0
396.36	7.0
657.08	7.0
308.16	8.0
277.6	8.0
331.28	8.0
375.16	8.0
420.84	8.0
452.48	8.0
602.56	8.0
684.68	8.0
938.6	8.0
1077.44	8.0
1163.6	8.0
1223.68	8.0
1315.12	8.0
1355.44	8.0
1414.76	8.0
284.52	9.0
330.76	9.0
584.92	9.0
715.0	9.0
1254.0	9.0
1345.12	9.0
306.0	10.0
309.12	10.0
139.96	10.0
558.2	10.0
646.64	10.0
681.24	10.0
715.44	10.0
774.48	10.0
826.36	10.0
985.92	10.0
1456.24	10.0
302.48	11.0
322.4	11.0
1024.2	11.0
1101.24	11.0
1232.2	11.0
1355.36	11.0
24.04	11.0
65.88	11.0
103.0	11.0
107.92	11.0
186.92	11.0
193.96	11.0
281.36	11.0
306.16	11.0
328.68	11.0
375.16	11.0
420.72	11.0
490.8	11.0
612.76	11.0
714.08	11.0
795.08	11.0
799.24	11.0
891.68	11.0
898.92	11.0
917.16	11.0
988.6	11.0
1012.0	11.0
1062.96	11.0
1106.16	11.0
1158.0	11.0
1241.92	11.0
1296.08	11.0
1298.96	11.0
1337.64	11.0
1366.32	11.0
1392.8	11.0
302.68	12.0
307.4	12.0
325.04	12.0
395.36	12.0
448.4	12.0
375.32	13.0
306.6	13.0
311.56	13.0
317.44	13.0
348.4	13.0
1355.88	13.0
326.48	14.0
5.12	14.0
67.44	14.0
283.6	14.0
314.0	14.0
330.12	14.0
346.32	14.0
727.04	14.0
849.32	14.0
865.48	14.0
984.84	14.0
1081.8	14.0
1108.68	14.0
1257.08	14.0
1388.84	14.0
816.48	15.0
308.12	16.0
397.28	16.0
1039.64	16.0
580.24	19.0
748.28	19.0
798.44	19.0
932.48	19.0
1257.56	19.0
319.2	20.0
37.48	20.0
335.72	20.0
309.4	21.0
11.36	21.0
49.6	21.0
180.36	21.0
315.32	21.0
319.28	21.0
327.56	21.0
364.8	21.0
384.72	21.0
418.16	21.0
634.52	21.0
767.16	21.0
976.52	21.0
1098.2	21.0
1124.32	21.0
1157.2	21.0
1166.12	21.0
1212.04	21.0
1397.68	21.0
1436.28	21.0
312.84	22.0
10.32	22.0
221.52	22.0
283.36	22.0
307.76	22.0
323.0	22.0
350.12	22.0
374.4	22.0
964.44	22.0
987.04	22.0
1023.16	22.0
1319.92	22.0
1381.96	22.0
74.68	23.0
309.16	23.0
709.12	23.0
847.8	23.0
1022.32	23.0
1386.8	23.0
3.68	23.0
103.52	23.0
171.76	23.0
229.28	23.0
234.8	23.0
258.12	23.0
292.6	23.0
299.6	23.0
312.48	23.0
316.04	23.0
322.8	23.0
334.16	23.0
347.16	23.0
355.08	23.0
388.6	23.0
429.28	23.0
529.96	23.0
577.96	23.0
623.4	23.0
644.92	23.0
652.36	23.0
686.12	23.0
752.24	23.0
774.88	23.0
855.0	23.0
888.68	23.0
930.28	23.0
936.84	23.0
965.44	23.0
979.24	23.0
1026.16	23.0
1076.88	23.0
1084.6	23.0
1153.88	23.0
1257.28	23.0
1348.68	23.0
1353.8	23.0
1396.96	23.0
1429.88	23.0
8.88	24.0
311.36	24.0
331.28	24.0
311.56	25.0
314.56	25.0
326.64	25.0
485.92	25.0
311.0	26.0
324.12	26.0
1295.52	26.0
9.76	26.0
39.2	26.0
76.12	26.0
136.44	26.0
145.68	26.0
149.16	26.0
177.2	26.0
191.96	26.0
206.64	26.0
225.4	26.0
268.92	26.0
275.96	26.0
284.36	26.0
298.08	26.0
317.52	26.0
329.8	26.0
338.2	26.0
355.52	26.0
366.92	26.0
377.52	26.0
416.6	26.0
436.2	26.0
449.48	26.0
490.24	26.0
518.2	26.0
560.24	26.0
575.76	26.0
593.08	26.0
620.72	26.0
636.28	26.0
650.44	26.0
670.48	26.0
716.72	26.0
741.56	26.0
758.08	26.0
796.92	26.0
803.48	26.0
824.68	26.0
850.44	26.0
931.2	26.0
962.6	26.0
968.24	26.0
983.24	26.0
1001.44	26.0
1023.52	26.0
1030.44	26.0
1050.12	26.0
1081.56	26.0
1099.08	26.0
1114.0	26.0
1137.44	26.0
1143.96	26.0
1156.6	26.0
1174.28	26.0
1194.24	26.0
1219.0	26.0
1278.4	26.0
1316.08	26.0
1326.24	26.0
1353.36	26.0
1388.84	26.0
1409.68	26.0
1423.04	26.0
1430.56	26.0
1459.68	26.0
282.76	27.0
306.88	28.0
698.44	28.0
36.32	28.0
63.08	28.0
219.92	28.0
259.4	28.0
312.12	28.0
316.0	28.0
321.56	28.0
324.88	28.0
343.44	28.0
347.84	28.0
350.96	28.0
377.2	28.0
396.8	28.0
401.64	28.0
878.24	28.0
915.2	28.0
970.52	28.0
1022.4	28.0
1253.56	28.0
1361.28	28.0
1402.68	28.0
33.28	29.0
303.0	29.0
50.84	30.0
144.32	30.0
222.04	30.0
252.92	30.0
323.92	30.0
334.08	30.0
348.96	30.0
370.2	30.0
375.12	30.0
486.48	30.0
600.8	30.0
664.6	30.0
798.92	30.0
850.2	30.0
878.28	30.0
979.08	30.0
1005.44	30.0
1066.96	30.0
1196.04	30.0
1224.16	30.0
1265.76	30.0
1360.12	30.0
1414.36	30.0
1433.24	30.0
313.56	31.0
319.84	31.0
344.24	31.0
361.36	31.0
374.16	31.0
1390.44	33.0
302.44	34.0
106.08	34.0
257.24	34.0
640.4	34.0
678.08	34.0
748.12	34.0
896.64	34.0
996.96	34.0
1026.2	34.0
1081.64	34.0
1149.88	34.0
1199.84	34.0
1277.12	34.0
1366.36	34.0
1394.36	34.0
855.76	35.0
13.0	35.0
18.2	35.0
46.6	35.0
57.6	35.0
61.84	35.0
77.44	35.0
101.68	35.0
106.52	35.0
111.84	35.0
120.48	35.0
135.32	35.0
186.88	35.0
190.92	35.0
236.48	35.0
239.36	35.0
251.0	35.0
263.56	35.0
267.24	35.0
270.32	35.0
279.48	35.0
297.0	35.0
308.44	35.0
312.76	35.0
322.56	35.0
327.6	35.0
339.72	35.0
346.76	35.0
351.72	35.0
358.92	35.0
373.84	35.0
411.72	35.0
428.6	35.0
490.36	35.0
515.28	35.0
527.92	35.0
575.68	35.0
580.04	35.0
645.36	35.0
647.92	35.0
684.52	35.0
712.2	35.0
730.16	35.0
746.92	35.0
758.88	35.0
763.88	35.0
779.12	35.0
785.08	35.0
797.12	35.0
815.8	35.0
890.32	35.0
925.2	35.0
928.88	35.0
964.32	35.0
986.8	35.0
995.12	35.0
1002.04	35.0
1057.2	35.0
1089.92	35.0
1115.52	35.0
1129.68	35.0
1184.28	35.0
1221.32	35.0
1228.68	35.0
1256.56	35.0
1278.84	35.0
1290.08	35.0
1310.08	35.0
1341.76	35.0
1345.88	35.0
1354.28	35.0
1386.44	35.0
1389.04	35.0
1395.6	35.0
1404.2	35.0
1428.88	35.0
1451.56	35.0
1463.68	35.0
321.44	36.0
330.92	36.0
344.16	36.0
388.68	36.0
483.2	36.0
1176.92	36.0
