321.16	1.0
389.56	1.0
784.36	1.0
1019.36	1.0
1091.6	1.0
308.72	2.0
314.84	2.0
937.84	2.0
312.28	2.0
317.36	2.0
322.04	2.0
329.08	2.0
337.92	2.0
351.52	2.0
443.92	2.0
568.68	2.0
646.6	2.0
649.92	2.0
719.24	2.0
729.52	2.0
744.56	2.0
747.6	2.0
755.64	2.0
783.76	2.0
829.0	2.0
895.4	2.0
942.8	2.0
970.48	2.0
988.08	2.0
993.68	2.0
1025.36	2.0
1046.04	2.0
1069.24	2.0
1144.12	2.0
1188.76	2.0
1214.92	2.0
1333.96	2.0
1404.96	2.0
313.48	3.0
338.44	3.0
781.8	3.0
784.32	3.0
988.52	3.0
308.12	3.0
317.52	3.0
323.52	3.0
327.24	3.0
335.48	3.0
351.08	3.0
375.76	3.0
384.8	3.0
395.88	3.0
401.28	3.0
496.68	3.0
691.36	3.0
936.2	3.0
979.92	3.0
1069.0	3.0
1102.64	3.0
1145.64	3.0
1178.96	3.0
1214.8	3.0
1250.76	3.0
1309.4	3.0
1333.68	3.0
310.8	4.0
318.12	4.0
328.64	4.0
340.44	4.0
353.16	4.0
415.24	4.0
616.64	4.0
651.6	4.0
781.8	4.0
842.84	4.0
882.8	4.0
933.96	4.0
1027.08	4.0
1044.64	4.0
1117.6	4.0
1214.44	4.0
1398.24	4.0
497.92	5.0
316.64	5.0
330.04	5.0
308.2	6.0
320.44	6.0
349.76	6.0
413.28	6.0
1322.04	6.0
322.44	7.0
325.12	7.0
1138.6	7.0
1182.52	7.0
1251.92	7.0
1369.36	7.0
308.32	7.0
331.24	7.0
371.44	7.0
782.56	7.0
1297.48	7.0
306.16	8.0
318.6	8.0
333.12	8.0
369.92	8.0
409.6	8.0
476.88	8.0
566.68	8.0
681.56	8.0
797.24	8.0
903.28	8.0
1071.68	8.0
1216.72	8.0
1232.52	8.0
1339.24	8.0
1450.12	8.0
313.32	9.0
317.84	9.0
335.6	9.0
937.32	9.0
1022.6	9.0
327.04	10.0
799.32	10.0
307.32	10.0
313.08	10.0
321.6	10.0
338.04	10.0
348.4	10.0
471.84	10.0
516.16	10.0
579.48	10.0
679.36	10.0
930.56	10.0
968.72	10.0
1051.28	10.0
1068.72	10.0
1118.92	10.0
1185.84	10.0
1243.68	10.0
1327.88	10.0
1400.92	10.0
1440.6	10.0
327.36	11.0
453.84	11.0
496.72	11.0
639.32	11.0
691.4	11.0
733.24	11.0
780.6	11.0
1022.0	11.0
1309.48	11.0
1407.68	11.0
307.48	11.0
313.36	11.0
333.72	11.0
338.64	11.0
351.04	11.0
530.88	11.0
633.6	11.0
746.92	11.0
756.4	11.0
964.72	11.0
985.84	11.0
1145.96	11.0
1228.96	11.0
1289.8	11.0
302.68	12.0
614.04	12.0
306.04	12.0
338.72	12.0
857.88	12.0
979.84	12.0
1172.12	12.0
317.44	13.0
313.32	13.0
321.84	13.0
395.92	13.0
418.0	13.0
787.84	13.0
856.24	13.0
977.08	13.0
1231.8	13.0
1407.56	13.0
341.68	14.0
307.96	14.0
322.0	14.0
354.48	14.0
411.48	14.0
456.56	14.0
709.76	14.0
735.24	14.0
799.52	14.0
884.12	14.0
915.0	14.0
950.4	14.0
973.8	14.0
990.64	14.0
1330.2	14.0
351.72	15.0
980.28	15.0
310.92	16.0
325.16	16.0
333.76	16.0
335.12	17.0
316.2	18.0
1162.0	18.0
319.36	18.0
306.84	19.0
321.44	19.0
336.72	19.0
384.2	19.0
401.96	19.0
500.28	19.0
570.16	19.0
630.52	19.0
714.96	19.0
933.64	19.0
1022.24	19.0
1118.92	19.0
1140.88	19.0
1211.24	19.0
1330.64	19.0
1118.96	20.0
313.32	20.0
345.04	20.0
737.72	20.0
833.2	20.0
1076.56	20.0
308.12	21.0
311.24	21.0
313.76	21.0
317.16	21.0
320.4	21.0
323.32	21.0
339.68	21.0
328.36	21.0
334.16	21.0
347.52	21.0
356.96	21.0
375.32	21.0
454.84	21.0
493.0	21.0
570.44	21.0
662.32	21.0
718.76	21.0
760.76	21.0
787.2	21.0
818.48	21.0
907.68	21.0
977.8	21.0
990.32	21.0
1081.28	21.0
1108.36	21.0
1136.08	21.0
1237.64	21.0
1365.0	21.0
1438.64	21.0
306.24	22.0
312.4	22.0
318.32	22.0
339.32	22.0
647.24	22.0
816.08	22.0
876.04	22.0
992.48	22.0
1342.64	22.0
315.88	23.0
791.48	23.0
988.52	23.0
1208.08	23.0
1362.12	23.0
1442.88	23.0
309.96	23.0
319.16	23.0
324.72	23.0
339.92	23.0
353.08	23.0
363.36	23.0
398.84	23.0
441.48	23.0
613.52	23.0
751.12	23.0
814.24	23.0
834.32	23.0
843.6	23.0
880.0	23.0
975.6	23.0
1028.28	23.0
1042.52	23.0
1118.6	23.0
1137.12	23.0
1215.52	23.0
1262.84	23.0
1306.92	23.0
1405.84	23.0
1427.28	23.0
309.6	24.0
316.96	24.0
321.6	24.0
328.8	24.0
341.56	24.0
601.32	24.0
1264.32	24.0
1304.72	24.0
310.8	25.0
321.84	25.0
315.52	25.0
325.8	25.0
351.6	25.0
347.6	26.0
467.88	26.0
855.8	26.0
1261.64	26.0
307.6	26.0
319.0	26.0
323.2	26.0
334.92	26.0
342.4	26.0
352.48	26.0
364.48	26.0
379.32	26.0
392.8	26.0
417.04	26.0
476.36	26.0
511.16	26.0
513.68	26.0
549.44	26.0
571.44	26.0
642.08	26.0
650.64	26.0
656.32	26.0
664.28	26.0
682.0	26.0
691.4	26.0
710.68	26.0
741.12	26.0
762.96	26.0
781.08	26.0
802.6	26.0
818.28	26.0
846.08	26.0
879.68	26.0
900.56	26.0
903.16	26.0
951.24	26.0
981.76	26.0
994.08	26.0
1023.52	26.0
1031.16	26.0
1040.16	26.0
1049.36	26.0
1055.2	26.0
1075.48	26.0
1101.8	26.0
1116.88	26.0
1135.6	26.0
1146.04	26.0
1185.0	26.0
1213.56	26.0
1234.6	26.0
1241.96	26.0
1255.76	26.0
1265.36	26.0
1311.68	26.0
1330.84	26.0
1450.56	26.0
323.32	27.0
326.88	27.0
339.96	27.0
355.88	27.0
742.72	27.0
918.96	27.0
1351.56	27.0
1410.88	27.0
317.16	28.0
310.48	28.0
322.68	28.0
331.76	28.0
343.44	28.0
350.4	28.0
355.2	28.0
391.68	28.0
971.88	28.0
1121.56	28.0
1143.28	28.0
1214.24	28.0
312.2	29.0
350.04	29.0
544.48	29.0
616.76	29.0
798.96	29.0
885.8	29.0
904.24	29.0
969.04	29.0
1016.32	29.0
1138.2	29.0
311.64	30.0
317.84	30.0
321.32	30.0
332.64	30.0
352.0	30.0
375.8	30.0
434.76	30.0
451.44	30.0
461.24	30.0
478.24	30.0
604.08	30.0
705.12	30.0
760.4	30.0
961.2	30.0
1080.08	30.0
1155.36	30.0
1181.96	30.0
1263.4	30.0
1322.52	30.0
1337.28	30.0
309.2	31.0
317.4	31.0
352.24	31.0
781.52	31.0
313.4	33.0
782.84	33.0
306.12	33.0
302.52	34.0
322.32	34.0
740.84	34.0
308.88	34.0
841.2	34.0
969.12	34.0
1207.16	34.0
1296.84	34.0
309.88	35.0
312.68	35.0
318.44	35.0
307.32	35.0
321.8	35.0
325.16	35.0
328.48	35.0
337.44	35.0
345.84	35.0
353.4	35.0
363.36	35.0
367.44	35.0
379.28	35.0
389.16	35.0
393.8	35.0
396.56	35.0
399.92	35.0
414.76	35.0
417.6	35.0
421.96	35.0
433.92	35.0
446.52	35.0
462.36	35.0
466.52	35.0
479.76	35.0
489.68	35.0
500.68	35.0
517.44	35.0
534.72	35.0
537.8	35.0
545.8	35.0
550.72	35.0
557.12	35.0
569.44	35.0
600.84	35.0
611.0	35.0
628.68	35.0
648.12	35.0
684.56	35.0
708.2	35.0
715.16	35.0
735.96	35.0
741.24	35.0
757.96	35.0
762.52	35.0
784.2	35.0
797.08	35.0
813.52	35.0
824.48	35.0
834.68	35.0
843.72	35.0
867.84	35.0
900.4	35.0
913.84	35.0
919.68	35.0
932.84	35.0
971.04	35.0
994.32	35.0
1017.68	35.0
1022.84	35.0
1028.52	35.0
1048.4	35.0
1095.24	35.0
1109.52	35.0
1117.72	35.0
1138.72	35.0
1145.52	35.0
1158.32	35.0
1174.64	35.0
1191.88	35.0
1208.4	35.0
1279.24	35.0
1326.8	35.0
1360.32	35.0
1403.56	35.0
1446.6	35.0
310.76	36.0
320.4	36.0
456.84	36.0
