1285.76	1.0
307.32	1.0
624.0	1.0
1263.4	1.0
61.48	2.0
95.28	2.0
98.84	2.0
173.76	2.0
199.12	2.0
263.0	2.0
295.88	2.0
308.28	2.0
312.12	2.0
322.0	2.0
332.84	2.0
351.08	2.0
363.08	2.0
621.32	2.0
624.4	2.0
667.4	2.0
712.2	2.0
718.56	2.0
746.2	2.0
751.56	2.0
792.36	2.0
819.56	2.0
824.64	2.0
842.44	2.0
854.0	2.0
881.24	2.0
887.56	2.0
953.96	2.0
992.32	2.0
1263.76	2.0
1266.28	2.0
1274.64	2.0
1285.76	2.0
1290.28	2.0
1299.52	2.0
1315.8	2.0
1334.84	2.0
308.96	3.0
198.64	3.0
306.44	3.0
312.24	3.0
332.8	3.0
362.88	3.0
369.32	3.0
524.8	3.0
662.16	3.0
760.92	3.0
823.04	3.0
982.96	3.0
1266.48	3.0
1277.76	3.0
1295.28	3.0
1312.44	3.0
1321.36	3.0
1352.44	3.0
327.2	4.0
661.56	4.0
321.04	5.0
1279.36	5.0
1317.44	5.0
389.64	6.0
485.0	6.0
651.72	6.0
1269.76	6.0
1318.08	6.0
722.88	7.0
1261.8	7.0
309.8	7.0
382.24	7.0
883.64	7.0
1329.28	7.0
109.76	8.0
307.28	8.0
340.04	8.0
417.96	8.0
669.72	8.0
965.76	8.0
1278.12	8.0
1280.68	8.0
1285.2	8.0
1298.2	8.0
1310.36	8.0
1321.28	8.0
1351.24	8.0
150.2	9.0
267.72	9.0
809.92	9.0
880.72	9.0
1277.16	9.0
139.68	10.0
308.6	10.0
546.64	10.0
689.88	10.0
59.88	10.0
273.96	10.0
313.76	10.0
318.64	10.0
363.28	10.0
572.76	10.0
644.36	10.0
654.8	10.0
734.24	10.0
743.68	10.0
791.88	10.0
1264.28	10.0
1276.68	10.0
1289.36	10.0
1297.44	10.0
1308.44	10.0
1314.76	10.0
108.68	11.0
162.76	11.0
342.0	11.0
386.84	11.0
434.68	11.0
724.88	11.0
982.96	11.0
306.12	11.0
313.16	11.0
318.24	11.0
322.96	11.0
363.08	11.0
379.72	11.0
765.96	11.0
823.52	11.0
843.96	11.0
994.96	11.0
1258.28	11.0
1264.4	11.0
1284.92	11.0
1302.4	11.0
1312.12	11.0
1315.32	11.0
1335.52	11.0
302.52	12.0
573.16	12.0
307.28	12.0
310.92	12.0
314.52	12.0
337.36	12.0
566.6	12.0
1296.48	13.0
310.24	13.0
322.2	13.0
345.8	13.0
579.4	13.0
1283.48	13.0
1291.6	13.0
1299.44	13.0
1303.56	13.0
1308.72	13.0
1311.32	13.0
1332.08	13.0
1352.24	13.0
59.6	14.0
109.44	14.0
140.96	14.0
164.32	14.0
238.0	14.0
275.84	14.0
314.48	14.0
320.52	14.0
331.92	14.0
349.68	14.0
780.24	14.0
994.08	14.0
1266.8	14.0
1284.04	14.0
1289.2	14.0
1327.52	14.0
1353.84	14.0
329.72	15.0
1313.72	15.0
1338.16	15.0
309.96	16.0
1285.08	16.0
500.76	18.0
1290.72	18.0
1305.52	18.0
306.24	19.0
310.8	19.0
361.0	19.0
230.4	20.0
320.24	20.0
367.2	20.0
1264.56	20.0
1276.8	20.0
1294.72	20.0
350.44	20.0
1303.28	20.0
1316.2	20.0
337.68	21.0
348.88	21.0
431.92	21.0
48.16	21.0
92.28	21.0
144.84	21.0
173.84	21.0
235.4	21.0
281.2	21.0
308.4	21.0
312.4	21.0
321.92	21.0
332.12	21.0
363.36	21.0
369.28	21.0
380.52	21.0
386.52	21.0
395.8	21.0
404.64	21.0
416.4	21.0
428.48	21.0
445.56	21.0
462.68	21.0
473.88	21.0
497.92	21.0
524.04	21.0
547.92	21.0
632.56	21.0
639.44	21.0
667.28	21.0
745.44	21.0
767.4	21.0
830.68	21.0
864.0	21.0
910.44	21.0
1265.6	21.0
1270.28	21.0
1278.92	21.0
1283.96	21.0
1296.4	21.0
1307.6	21.0
1311.56	21.0
1326.6	21.0
1335.04	21.0
1353.84	21.0
311.16	22.0
323.2	22.0
380.08	22.0
620.4	22.0
1298.64	22.0
1313.64	22.0
306.2	23.0
86.56	23.0
165.88	23.0
310.6	23.0
321.56	23.0
336.16	23.0
382.44	23.0
718.72	23.0
1271.36	23.0
1277.8	23.0
1283.28	23.0
1295.88	23.0
1311.0	23.0
306.84	24.0
166.6	24.0
320.2	24.0
323.6	24.0
328.96	24.0
349.92	24.0
377.36	24.0
426.68	24.0
1269.4	24.0
1276.8	24.0
1282.4	24.0
1294.04	24.0
1307.4	24.0
1311.04	24.0
1320.92	24.0
308.2	25.0
1269.64	25.0
314.0	25.0
318.68	25.0
337.88	25.0
347.56	25.0
357.28	25.0
367.56	25.0
390.84	25.0
1293.96	25.0
1307.24	25.0
352.96	26.0
6.48	26.0
129.08	26.0
164.88	26.0
311.08	26.0
320.04	26.0
337.24	26.0
366.96	26.0
377.24	26.0
390.64	26.0
397.4	26.0
412.76	26.0
419.88	26.0
431.08	26.0
456.92	26.0
472.0	26.0
475.44	26.0
481.04	26.0
525.76	26.0
537.64	26.0
542.6	26.0
565.28	26.0
651.6	26.0
664.24	26.0
690.4	26.0
727.48	26.0
786.76	26.0
797.96	26.0
859.52	26.0
898.72	26.0
918.72	26.0
1013.72	26.0
1261.2	26.0
1268.12	26.0
1277.04	26.0
1288.84	26.0
1292.36	26.0
1296.56	26.0
1306.08	26.0
1311.24	26.0
1315.88	26.0
1324.52	26.0
1330.48	26.0
1338.72	26.0
1349.72	26.0
371.52	27.0
319.92	27.0
359.48	27.0
393.08	27.0
1334.32	27.0
332.0	28.0
1327.24	28.0
307.8	28.0
313.04	28.0
322.24	28.0
342.04	28.0
351.84	28.0
366.56	28.0
369.16	28.0
382.64	28.0
424.04	28.0
437.88	28.0
652.48	28.0
733.36	28.0
836.8	28.0
880.4	28.0
1266.6	28.0
1276.8	28.0
1310.44	28.0
1261.44	29.0
649.12	29.0
729.4	29.0
769.12	29.0
833.0	29.0
877.2	29.0
944.12	29.0
1028.16	29.0
1068.36	29.0
93.68	30.0
192.0	30.0
197.96	30.0
260.88	30.0
322.4	30.0
335.96	30.0
354.48	30.0
368.84	30.0
378.16	30.0
415.92	30.0
505.64	30.0
522.64	30.0
549.36	30.0
669.0	30.0
1268.76	30.0
1277.84	30.0
1285.72	30.0
1297.6	30.0
1312.76	30.0
1339.04	30.0
302.48	31.0
337.4	31.0
349.32	31.0
383.04	31.0
389.92	31.0
1276.8	31.0
1295.32	31.0
1306.56	31.0
1317.52	31.0
1338.64	31.0
306.48	33.0
1280.84	33.0
1318.16	33.0
302.44	34.0
338.6	34.0
363.08	34.0
379.12	34.0
387.24	34.0
403.44	34.0
418.36	34.0
449.52	34.0
469.12	34.0
163.4	34.0
306.28	34.0
314.4	34.0
1288.52	34.0
9.68	35.0
28.04	35.0
39.12	35.0
42.68	35.0
55.64	35.0
80.56	35.0
84.32	35.0
103.24	35.0
136.32	35.0
149.32	35.0
159.68	35.0
201.8	35.0
248.96	35.0
283.96	35.0
306.64	35.0
311.4	35.0
319.6	35.0
328.52	35.0
332.64	35.0
337.76	35.0
340.48	35.0
345.56	35.0
353.96	35.0
359.24	35.0
364.24	35.0
368.56	35.0
374.96	35.0
379.44	35.0
386.64	35.0
389.92	35.0
396.84	35.0
405.28	35.0
411.88	35.0
418.48	35.0
423.64	35.0
431.16	35.0
437.36	35.0
451.64	35.0
462.28	35.0
470.84	35.0
477.4	35.0
483.0	35.0
488.8	35.0
499.56	35.0
508.04	35.0
516.04	35.0
522.64	35.0
534.72	35.0
544.2	35.0
554.84	35.0
564.76	35.0
575.88	35.0
597.92	35.0
661.72	35.0
688.84	35.0
810.16	35.0
999.76	35.0
1275.92	35.0
1283.88	35.0
1292.16	35.0
1295.0	35.0
1300.0	35.0
1305.04	35.0
1321.8	35.0
1334.48	35.0
1339.28	35.0
1343.36	35.0
1349.52	35.0
1352.92	35.0
336.04	36.0
1281.4	36.0
1295.12	36.0
