331.0	1.0
1093.12	1.0
1087.84	2.0
1093.36	2.0
1166.6	2.0
117.4	2.0
125.28	2.0
128.92	2.0
136.72	2.0
141.84	2.0
151.04	2.0
162.4	2.0
173.84	2.0
309.4	2.0
313.16	2.0
316.88	2.0
326.4	2.0
331.44	2.0
339.28	2.0
378.0	2.0
541.48	2.0
1083.12	2.0
1090.48	2.0
1100.0	2.0
1104.88	2.0
1108.84	2.0
1112.32	2.0
1121.8	2.0
1138.44	2.0
1142.12	2.0
1153.88	2.0
1157.12	2.0
1259.08	2.0
1298.6	2.0
309.36	3.0
125.44	3.0
128.32	3.0
133.4	3.0
143.92	3.0
150.6	3.0
177.28	3.0
306.6	3.0
313.28	3.0
317.72	3.0
325.08	3.0
523.68	3.0
605.56	3.0
709.52	3.0
1092.48	3.0
1100.16	3.0
1108.96	3.0
1116.48	3.0
1138.64	3.0
1169.72	3.0
142.84	4.0
125.04	5.0
307.28	5.0
143.08	5.0
119.52	6.0
508.28	6.0
682.24	6.0
146.92	7.0
1161.72	7.0
1340.72	7.0
469.16	7.0
510.0	7.0
307.92	8.0
804.64	8.0
112.52	8.0
120.12	8.0
159.64	8.0
178.84	8.0
1102.64	8.0
1110.6	8.0
1132.84	8.0
1306.84	8.0
307.12	9.0
318.56	9.0
1093.2	9.0
1142.28	9.0
1176.36	9.0
118.76	10.0
150.52	10.0
204.6	10.0
232.2	10.0
308.84	10.0
396.4	10.0
486.0	10.0
1088.52	10.0
1130.92	10.0
1306.24	10.0
1356.56	10.0
129.24	10.0
142.0	10.0
201.2	10.0
306.04	10.0
1109.0	10.0
1112.72	10.0
1255.56	10.0
1330.08	10.0
133.44	11.0
150.64	11.0
190.8	11.0
345.8	11.0
605.64	11.0
1229.2	11.0
1312.72	11.0
128.56	11.0
162.44	11.0
311.12	11.0
321.76	11.0
1092.4	11.0
1096.52	11.0
1102.88	11.0
1142.2	11.0
129.64	12.0
302.52	12.0
136.28	12.0
176.72	12.0
306.12	12.0
318.36	12.0
1107.96	12.0
140.56	13.0
125.96	13.0
135.28	13.0
160.76	13.0
208.16	13.0
310.44	13.0
318.08	13.0
327.8	13.0
1161.76	14.0
123.28	14.0
126.52	14.0
166.8	14.0
311.12	14.0
510.84	14.0
1238.76	14.0
154.2	15.0
170.24	15.0
159.36	16.0
307.64	16.0
129.56	19.0
163.8	19.0
306.2	19.0
317.8	20.0
1145.12	20.0
308.4	21.0
329.44	21.0
121.4	21.0
128.16	21.0
139.72	21.0
149.36	21.0
158.04	21.0
166.32	21.0
176.0	21.0
188.64	21.0
316.04	21.0
325.92	21.0
354.32	21.0
440.64	21.0
496.88	21.0
600.8	21.0
1112.92	21.0
1150.48	21.0
1206.12	21.0
1332.28	21.0
1343.2	21.0
120.84	22.0
1172.8	22.0
135.2	22.0
141.52	22.0
175.96	22.0
248.8	22.0
324.04	22.0
1090.68	22.0
1099.56	22.0
1109.88	22.0
1117.28	22.0
139.92	23.0
306.2	23.0
308.76	23.0
125.68	23.0
129.36	23.0
136.04	23.0
149.24	23.0
158.96	23.0
176.44	23.0
201.92	23.0
314.24	23.0
322.2	23.0
397.68	23.0
1096.0	23.0
1104.84	23.0
1112.48	23.0
1117.48	23.0
1172.76	23.0
1301.28	23.0
134.92	24.0
144.12	24.0
153.48	24.0
169.64	24.0
185.72	24.0
189.72	24.0
306.04	24.0
317.48	24.0
327.8	24.0
1117.16	24.0
1142.08	24.0
1176.52	24.0
131.04	25.0
307.16	25.0
1230.04	25.0
1305.24	25.0
154.0	26.0
343.6	26.0
129.92	26.0
135.6	26.0
141.4	26.0
150.24	26.0
157.56	26.0
177.76	26.0
180.36	26.0
189.2	26.0
206.6	26.0
234.08	26.0
247.56	26.0
283.72	26.0
311.48	26.0
315.52	26.0
320.76	26.0
326.56	26.0
348.28	26.0
369.4	26.0
424.0	26.0
519.48	26.0
1118.92	26.0
1147.48	26.0
1234.56	26.0
1242.0	26.0
1298.48	26.0
1307.28	26.0
1349.52	26.0
1105.0	27.0
1156.08	27.0
308.4	28.0
130.2	28.0
189.96	28.0
318.24	28.0
322.48	28.0
1087.72	28.0
1090.84	28.0
1100.36	28.0
313.44	29.0
322.28	29.0
1141.92	29.0
117.16	30.0
125.08	30.0
138.32	30.0
141.68	30.0
159.48	30.0
177.0	30.0
330.72	30.0
344.12	30.0
379.04	30.0
560.36	30.0
598.88	30.0
654.48	30.0
1107.12	30.0
1111.56	30.0
1170.28	30.0
1283.12	30.0
137.04	31.0
168.16	31.0
306.28	31.0
319.12	31.0
1353.2	31.0
302.8	32.0
317.52	33.0
211.4	33.0
120.84	34.0
302.44	34.0
141.28	34.0
150.6	34.0
322.44	34.0
1114.88	34.0
1170.28	34.0
307.24	35.0
309.88	35.0
1160.52	35.0
118.32	35.0
129.52	35.0
137.48	35.0
140.4	35.0
159.12	35.0
161.8	35.0
217.0	35.0
317.64	35.0
324.52	35.0
347.72	35.0
515.36	35.0
641.72	35.0
1104.76	35.0
1117.44	35.0
1128.32	35.0
1170.28	35.0
1203.2	35.0
1230.12	35.0
1301.32	35.0
1344.08	35.0
306.16	36.0
