306.52	1.0
644.2	1.0
169.32	2.0
306.96	2.0
854.24	2.0
885.72	2.0
1360.08	2.0
41.36	2.0
55.08	2.0
86.04	2.0
90.08	2.0
101.56	2.0
119.44	2.0
230.32	2.0
233.44	2.0
260.36	2.0
283.8	2.0
351.6	2.0
593.52	2.0
620.4	2.0
635.6	2.0
728.32	2.0
734.92	2.0
764.52	2.0
795.36	2.0
803.88	2.0
843.24	2.0
858.44	2.0
863.2	2.0
906.28	2.0
970.2	2.0
1089.52	2.0
1095.96	2.0
1126.36	2.0
1156.16	2.0
1191.76	2.0
1248.48	2.0
1251.36	2.0
1262.2	2.0
1298.32	2.0
1301.84	2.0
1325.4	2.0
1328.28	2.0
1348.64	2.0
1399.44	2.0
1431.04	2.0
86.56	3.0
306.24	3.0
315.64	3.0
352.24	3.0
1349.12	3.0
23.24	3.0
70.96	3.0
108.36	3.0
119.6	3.0
151.4	3.0
168.88	3.0
191.88	3.0
232.88	3.0
241.68	3.0
260.56	3.0
298.84	3.0
309.72	3.0
699.32	3.0
728.52	3.0
755.04	3.0
764.68	3.0
777.36	3.0
794.84	3.0
835.72	3.0
843.44	3.0
879.64	3.0
899.8	3.0
919.96	3.0
960.72	3.0
1005.44	3.0
1030.2	3.0
1042.8	3.0
1160.52	3.0
1189.44	3.0
1191.96	3.0
1279.88	3.0
1302.0	3.0
1346.44	3.0
1380.72	3.0
1431.92	3.0
25.04	4.0
71.16	4.0
89.48	4.0
109.92	4.0
133.4	4.0
151.72	4.0
177.12	4.0
191.48	4.0
217.68	4.0
226.28	4.0
243.44	4.0
256.92	4.0
288.88	4.0
309.44	4.0
321.08	4.0
337.12	4.0
353.64	4.0
376.88	4.0
393.24	4.0
407.76	4.0
471.4	4.0
630.28	4.0
646.2	4.0
664.68	4.0
698.96	4.0
716.12	4.0
726.28	4.0
741.12	4.0
757.12	4.0
767.64	4.0
780.88	4.0
790.8	4.0
806.88	4.0
821.04	4.0
833.8	4.0
849.52	4.0
867.52	4.0
881.68	4.0
899.56	4.0
922.0	4.0
960.32	4.0
992.4	4.0
1007.72	4.0
1029.76	4.0
1052.48	4.0
1086.28	4.0
1128.04	4.0
1142.28	4.0
1156.92	4.0
1208.92	4.0
1226.88	4.0
1247.96	4.0
1252.16	4.0
1299.76	4.0
1326.64	4.0
1333.56	4.0
1346.96	4.0
1371.36	4.0
1409.0	4.0
1419.88	4.0
1442.08	4.0
1474.48	4.0
330.32	5.0
408.36	5.0
801.88	5.0
101.32	6.0
182.24	6.0
259.08	6.0
320.68	6.0
823.36	6.0
890.32	6.0
998.36	6.0
1396.36	6.0
81.48	7.0
309.48	7.0
854.56	7.0
290.24	7.0
314.6	7.0
512.08	7.0
986.08	7.0
306.08	8.0
946.4	8.0
26.24	8.0
116.48	8.0
311.96	8.0
323.68	8.0
340.04	8.0
430.36	8.0
522.88	8.0
725.36	8.0
781.44	8.0
809.8	8.0
961.24	8.0
1050.48	8.0
1234.84	8.0
1252.36	8.0
1327.36	8.0
3.44	9.0
40.76	9.0
486.6	9.0
795.2	9.0
1192.52	9.0
1348.88	9.0
306.04	10.0
308.6	10.0
795.52	10.0
1130.64	10.0
23.32	11.0
233.0	11.0
288.28	11.0
699.24	11.0
1160.52	11.0
1325.28	11.0
1417.2	11.0
32.64	11.0
41.44	11.0
88.0	11.0
114.8	11.0
163.36	11.0
230.24	11.0
258.72	11.0
285.24	11.0
327.64	11.0
370.12	11.0
432.44	11.0
632.36	11.0
635.8	11.0
659.44	11.0
725.88	11.0
762.08	11.0
765.72	11.0
795.04	11.0
830.84	11.0
853.84	11.0
899.52	11.0
934.72	11.0
1092.84	11.0
1144.48	11.0
1188.28	11.0
1243.68	11.0
1304.08	11.0
1313.32	11.0
1413.84	11.0
1419.8	11.0
21.2	12.0
307.76	12.0
311.48	12.0
752.56	12.0
1304.32	12.0
256.4	13.0
320.24	13.0
338.84	13.0
361.04	13.0
655.48	13.0
727.76	13.0
837.56	13.0
1170.72	13.0
1328.68	13.0
807.36	14.0
308.52	14.0
1282.72	14.0
1326.76	14.0
27.6	15.0
78.24	15.0
84.96	15.0
478.08	15.0
735.6	15.0
788.04	15.0
865.24	15.0
1069.24	15.0
1331.4	16.0
1462.6	16.0
307.44	18.0
386.44	19.0
655.24	19.0
791.92	19.0
307.28	20.0
229.0	20.0
744.92	20.0
116.56	21.0
308.96	21.0
2.52	21.0
94.2	21.0
221.72	21.0
290.28	21.0
318.2	21.0
327.24	21.0
336.4	21.0
357.04	21.0
678.24	21.0
747.84	21.0
861.92	21.0
970.36	21.0
1142.76	21.0
1182.76	21.0
1284.04	21.0
107.6	22.0
161.44	22.0
222.52	22.0
264.56	22.0
299.04	22.0
306.44	22.0
325.0	22.0
628.56	22.0
677.8	22.0
805.12	22.0
834.04	22.0
856.6	22.0
960.32	22.0
1009.8	22.0
1155.48	22.0
1208.76	22.0
1250.68	22.0
1287.92	22.0
1345.96	22.0
1375.88	22.0
1432.24	22.0
86.8	23.0
361.88	23.0
662.04	23.0
792.64	23.0
1143.6	23.0
1183.56	23.0
14.56	23.0
24.48	23.0
52.32	23.0
98.76	23.0
113.52	23.0
121.44	23.0
166.08	23.0
226.12	23.0
229.52	23.0
257.52	23.0
280.0	23.0
288.12	23.0
309.0	23.0
358.16	23.0
385.44	23.0
473.96	23.0
589.28	23.0
625.04	23.0
641.8	23.0
649.28	23.0
705.88	23.0
720.52	23.0
725.96	23.0
767.48	23.0
801.12	23.0
808.12	23.0
836.76	23.0
843.48	23.0
846.68	23.0
872.92	23.0
894.44	23.0
899.92	23.0
962.72	23.0
978.8	23.0
989.64	23.0
1031.2	23.0
1089.4	23.0
1189.52	23.0
1235.72	23.0
1245.44	23.0
1258.16	23.0
1281.08	23.0
1295.32	23.0
1318.12	23.0
1327.92	23.0
1338.0	23.0
1376.08	23.0
1404.52	23.0
1408.92	23.0
1455.04	23.0
330.12	24.0
1313.92	24.0
286.68	24.0
316.72	24.0
735.84	24.0
1116.24	24.0
1333.88	24.0
635.08	25.0
742.28	25.0
155.36	26.0
385.0	26.0
840.2	26.0
16.24	26.0
51.96	26.0
78.56	26.0
87.52	26.0
113.88	26.0
140.72	26.0
157.88	26.0
231.8	26.0
266.52	26.0
289.36	26.0
309.16	26.0
315.16	26.0
322.16	26.0
337.4	26.0
352.92	26.0
370.92	26.0
644.36	26.0
679.88	26.0
741.16	26.0
754.64	26.0
777.4	26.0
796.24	26.0
799.12	26.0
860.88	26.0
903.16	26.0
929.52	26.0
986.92	26.0
1097.72	26.0
1103.04	26.0
1137.24	26.0
1191.8	26.0
1275.88	26.0
1296.0	26.0
1327.24	26.0
1349.44	26.0
1369.68	26.0
1421.36	26.0
1457.48	26.0
779.72	27.0
87.6	27.0
170.6	27.0
384.12	27.0
790.92	27.0
928.84	27.0
1368.6	27.0
320.44	28.0
3.04	28.0
20.16	28.0
40.4	28.0
91.24	28.0
127.12	28.0
208.04	28.0
232.64	28.0
259.64	28.0
289.48	28.0
307.96	28.0
317.04	28.0
330.28	28.0
365.48	28.0
486.24	28.0
631.84	28.0
640.36	28.0
661.16	28.0
692.92	28.0
729.08	28.0
749.04	28.0
769.84	28.0
794.8	28.0
807.08	28.0
904.84	28.0
967.0	28.0
1036.44	28.0
1097.52	28.0
1140.96	28.0
1192.12	28.0
1211.96	28.0
1252.76	28.0
1324.88	28.0
1418.24	28.0
37.48	29.0
630.88	29.0
729.56	29.0
991.92	29.0
1057.24	29.0
1157.4	29.0
1278.52	29.0
312.92	30.0
95.4	30.0
224.28	30.0
273.16	30.0
327.12	30.0
726.44	30.0
771.92	30.0
805.76	30.0
809.04	30.0
860.56	30.0
974.56	30.0
1028.76	30.0
1262.36	30.0
1360.88	30.0
306.92	31.0
352.28	31.0
818.0	31.0
302.72	33.0
306.44	33.0
963.16	33.0
25.6	34.0
46.36	34.0
183.88	34.0
310.52	34.0
313.84	34.0
374.6	34.0
726.0	34.0
901.56	34.0
909.28	34.0
1189.68	34.0
1410.28	34.0
164.88	35.0
34.8	35.0
51.48	35.0
71.92	35.0
92.72	35.0
108.36	35.0
140.64	35.0
185.6	35.0
191.8	35.0
202.6	35.0
226.32	35.0
250.52	35.0
287.88	35.0
308.64	35.0
312.36	35.0
319.6	35.0
329.68	35.0
337.96	35.0
356.56	35.0
386.0	35.0
391.52	35.0
409.52	35.0
421.08	35.0
471.48	35.0
496.36	35.0
507.12	35.0
599.96	35.0
637.96	35.0
647.88	35.0
663.12	35.0
685.72	35.0
707.16	35.0
727.12	35.0
777.76	35.0
809.44	35.0
826.08	35.0
843.28	35.0
861.64	35.0
866.76	35.0
871.96	35.0
878.84	35.0
907.52	35.0
946.44	35.0
962.84	35.0
996.24	35.0
1027.72	35.0
1153.28	35.0
1181.56	35.0
1191.32	35.0
1226.56	35.0
1257.32	35.0
1283.24	35.0
1297.28	35.0
1313.72	35.0
1321.92	35.0
1325.84	35.0
1328.36	35.0
1334.68	35.0
1363.56	35.0
1384.68	35.0
1401.72	35.0
1410.4	35.0
1451.2	35.0
1454.72	35.0
1457.96	35.0
1466.4	35.0
70.08	36.0
99.68	36.0
126.24	36.0
213.12	36.0
253.76	36.0
302.6	36.0
351.04	36.0
390.8	36.0
432.96	36.0
701.56	36.0
719.28	36.0
765.56	36.0
798.16	36.0
800.96	36.0
896.0	36.0
922.64	36.0
951.92	36.0
1063.28	36.0
1124.52	36.0
1140.92	36.0
1210.96	36.0
1257.92	36.0
1336.88	36.0
