312.32	1.0
1054.24	1.0
130.32	1.0
922.32	1.0
1000.64	1.0
36.72	2.0
306.04	2.0
308.72	2.0
939.28	2.0
131.04	2.0
266.16	2.0
283.84	2.0
312.8	2.0
330.72	2.0
336.8	2.0
341.16	2.0
377.56	2.0
385.96	2.0
424.72	2.0
936.64	2.0
946.96	2.0
952.04	2.0
954.96	2.0
973.56	2.0
981.0	2.0
991.96	2.0
998.64	2.0
1009.28	2.0
1011.84	2.0
1021.36	2.0
1027.56	2.0
1032.2	2.0
1034.72	2.0
1041.0	2.0
1051.24	2.0
1059.8	2.0
1062.48	2.0
1066.08	2.0
1078.92	2.0
1089.4	2.0
1092.2	2.0
1095.04	2.0
1117.44	2.0
1135.2	2.0
1159.56	2.0
1163.88	2.0
1197.76	2.0
1201.16	2.0
1221.08	2.0
1241.64	2.0
1251.04	2.0
1298.6	2.0
1317.12	2.0
1329.84	2.0
1336.84	2.0
1340.52	2.0
976.52	3.0
1221.64	3.0
36.2	3.0
66.12	3.0
130.88	3.0
143.24	3.0
150.08	3.0
261.84	3.0
308.36	3.0
312.16	3.0
317.4	3.0
320.36	3.0
331.12	3.0
340.0	3.0
342.52	3.0
364.28	3.0
380.28	3.0
430.84	3.0
475.0	3.0
954.68	3.0
980.76	3.0
993.08	3.0
998.8	3.0
1010.6	3.0
1021.52	3.0
1024.28	3.0
1027.12	3.0
1034.28	3.0
1050.92	3.0
1066.48	3.0
1076.92	3.0
1091.72	3.0
1095.2	3.0
1105.44	3.0
1117.4	3.0
1132.2	3.0
1134.72	3.0
1139.04	3.0
1159.24	3.0
1163.88	3.0
1201.08	3.0
1226.32	3.0
1251.0	3.0
1274.68	3.0
1278.2	3.0
1300.52	3.0
1303.64	3.0
1316.96	3.0
1333.68	3.0
1336.92	3.0
995.72	4.0
7.16	4.0
29.32	4.0
74.4	4.0
120.6	4.0
171.84	4.0
199.52	4.0
262.72	4.0
323.24	4.0
369.88	4.0
408.36	4.0
420.24	4.0
461.76	4.0
500.28	4.0
507.96	4.0
566.0	4.0
977.44	4.0
998.48	4.0
1025.12	4.0
1048.92	4.0
1066.64	4.0
1093.8	4.0
1106.84	4.0
1149.72	4.0
1161.08	4.0
1199.08	4.0
1304.76	4.0
1352.68	4.0
1090.48	5.0
318.52	5.0
338.4	5.0
1302.96	5.0
60.68	6.0
327.08	6.0
391.72	6.0
489.68	6.0
500.56	6.0
811.12	6.0
841.32	6.0
920.32	6.0
981.24	6.0
1028.92	6.0
1041.68	6.0
1063.96	6.0
1085.4	6.0
1104.6	6.0
1147.16	6.0
1198.68	6.0
1305.12	6.0
1333.24	6.0
56.8	7.0
307.32	7.0
946.76	8.0
22.28	8.0
265.16	8.0
306.56	8.0
309.6	8.0
315.48	8.0
319.48	8.0
333.24	8.0
339.8	8.0
363.92	8.0
386.76	8.0
978.52	8.0
999.08	8.0
1009.4	8.0
1029.96	8.0
1048.88	8.0
1071.88	8.0
1110.52	8.0
1156.6	8.0
1238.16	8.0
1248.04	8.0
1314.48	8.0
1335.92	8.0
131.12	9.0
302.96	9.0
36.44	9.0
982.56	9.0
1018.52	9.0
1052.44	9.0
1080.72	9.0
1118.84	9.0
1160.48	9.0
1241.12	9.0
1254.36	9.0
1299.84	9.0
308.92	10.0
321.52	10.0
331.28	10.0
35.28	10.0
130.92	10.0
306.12	10.0
318.88	10.0
383.76	10.0
749.32	10.0
878.36	10.0
998.84	10.0
1030.36	10.0
1034.68	10.0
1052.52	10.0
1092.44	10.0
1132.52	10.0
1195.32	10.0
1248.6	10.0
1305.68	10.0
1327.8	10.0
1356.08	10.0
325.36	11.0
342.64	11.0
430.92	11.0
1018.8	11.0
1251.08	11.0
1284.88	11.0
1305.8	11.0
27.8	11.0
36.2	11.0
62.12	11.0
105.44	11.0
130.56	11.0
181.72	11.0
257.44	11.0
263.24	11.0
306.32	11.0
313.4	11.0
331.76	11.0
366.12	11.0
383.4	11.0
416.92	11.0
479.84	11.0
930.12	11.0
968.92	11.0
981.72	11.0
996.36	11.0
999.48	11.0
1032.48	11.0
1041.12	11.0
1050.24	11.0
1076.64	11.0
1079.4	11.0
1092.12	11.0
1132.64	11.0
1160.24	11.0
1247.8	11.0
1298.64	11.0
1327.36	11.0
1338.88	11.0
1348.24	11.0
1355.84	11.0
302.6	12.0
307.2	12.0
795.72	12.0
1052.96	12.0
1022.4	12.0
1065.12	12.0
319.8	13.0
1047.92	13.0
49.08	13.0
200.2	13.0
322.48	13.0
1016.52	13.0
1052.76	13.0
1126.0	13.0
1164.92	13.0
1249.24	13.0
1277.84	13.0
273.16	14.0
287.4	14.0
315.52	14.0
323.72	14.0
436.6	14.0
975.16	14.0
997.76	14.0
1010.2	14.0
1067.2	14.0
1108.92	14.0
1126.96	14.0
1135.68	14.0
1248.68	14.0
925.2	15.0
972.68	15.0
1108.76	15.0
313.24	16.0
1107.36	16.0
315.28	18.0
338.96	18.0
127.72	19.0
318.36	19.0
346.84	19.0
1010.44	19.0
1089.44	19.0
1114.2	19.0
1157.12	19.0
1220.12	19.0
1238.24	19.0
1295.92	19.0
1328.36	19.0
307.56	20.0
334.88	20.0
1000.28	20.0
1028.8	20.0
1026.4	21.0
309.6	21.0
315.52	21.0
320.76	21.0
331.36	21.0
339.04	21.0
357.28	21.0
379.44	21.0
384.52	21.0
387.72	21.0
421.44	21.0
984.92	21.0
997.68	21.0
1002.88	21.0
1015.84	21.0
1052.12	21.0
1057.92	21.0
1068.24	21.0
1081.24	21.0
1092.68	21.0
1107.88	21.0
1117.04	21.0
1137.84	21.0
1164.76	21.0
1188.72	21.0
1203.72	21.0
1226.36	21.0
1240.92	21.0
1255.64	21.0
1274.04	21.0
1304.0	21.0
1334.72	21.0
290.88	22.0
307.08	22.0
310.84	22.0
319.52	22.0
496.32	22.0
815.16	22.0
835.4	22.0
976.52	22.0
997.36	22.0
1034.2	22.0
1047.76	22.0
1072.68	22.0
1107.16	22.0
1160.24	22.0
1266.4	22.0
309.96	23.0
1083.36	23.0
1233.0	23.0
19.52	23.0
139.88	23.0
198.88	23.0
263.84	23.0
315.0	23.0
320.6	23.0
326.04	23.0
333.72	23.0
341.36	23.0
378.6	23.0
382.88	23.0
418.52	23.0
494.52	23.0
926.72	23.0
948.92	23.0
970.4	23.0
979.4	23.0
992.48	23.0
998.84	23.0
1013.4	23.0
1024.24	23.0
1027.64	23.0
1036.68	23.0
1047.92	23.0
1052.92	23.0
1068.64	23.0
1072.84	23.0
1078.36	23.0
1095.96	23.0
1107.64	23.0
1164.44	23.0
1202.4	23.0
1208.44	23.0
1272.8	23.0
1282.88	23.0
1352.12	23.0
1229.2	24.0
137.76	24.0
195.08	24.0
316.48	24.0
323.6	24.0
335.88	24.0
358.72	24.0
383.8	24.0
490.56	24.0
998.36	24.0
1023.72	24.0
1052.8	24.0
1058.08	24.0
1086.16	24.0
1161.8	24.0
1269.4	24.0
1269.68	25.0
224.12	25.0
289.6	25.0
306.04	25.0
320.84	25.0
415.28	25.0
999.12	25.0
1027.6	25.0
1037.8	25.0
1086.8	25.0
1158.68	25.0
1200.52	25.0
1320.64	25.0
220.04	26.0
341.72	26.0
370.64	26.0
44.0	26.0
58.16	26.0
83.24	26.0
95.52	26.0
106.16	26.0
117.4	26.0
140.28	26.0
175.72	26.0
197.04	26.0
209.12	26.0
231.64	26.0
271.6	26.0
295.52	26.0
312.28	26.0
317.36	26.0
321.76	26.0
330.88	26.0
359.8	26.0
376.2	26.0
383.64	26.0
401.88	26.0
417.4	26.0
435.28	26.0
483.6	26.0
499.68	26.0
542.16	26.0
763.24	26.0
808.56	26.0
888.36	26.0
928.32	26.0
975.6	26.0
1000.48	26.0
1019.84	26.0
1025.48	26.0
1029.24	26.0
1040.0	26.0
1056.64	26.0
1067.84	26.0
1073.4	26.0
1087.64	26.0
1091.04	26.0
1095.36	26.0
1108.12	26.0
1123.92	26.0
1130.08	26.0
1136.56	26.0
1161.48	26.0
1173.12	26.0
1192.76	26.0
1196.0	26.0
1202.56	26.0
1217.2	26.0
1224.8	26.0
1228.68	26.0
1236.56	26.0
1251.32	26.0
1261.28	26.0
1268.2	26.0
1275.96	26.0
1287.56	26.0
1300.6	26.0
1311.4	26.0
1320.96	26.0
1329.68	26.0
1353.28	26.0
196.08	27.0
421.16	27.0
540.72	27.0
1109.68	27.0
1253.72	27.0
1331.32	27.0
1163.16	28.0
202.36	28.0
276.36	28.0
308.08	28.0
319.32	28.0
330.72	28.0
345.04	28.0
387.24	28.0
424.92	28.0
940.44	28.0
963.32	28.0
978.84	28.0
1026.84	28.0
1031.56	28.0
1047.2	28.0
1092.68	28.0
1107.44	28.0
1136.8	28.0
1160.08	28.0
1198.36	28.0
1213.48	28.0
1224.56	28.0
1278.44	28.0
1299.48	28.0
1317.44	28.0
1332.0	28.0
243.8	29.0
322.32	29.0
142.68	30.0
265.0	30.0
318.48	30.0
338.6	30.0
387.16	30.0
506.32	30.0
978.76	30.0
1000.76	30.0
1010.04	30.0
1019.4	30.0
1030.0	30.0
1049.68	30.0
1074.84	30.0
1093.36	30.0
1110.36	30.0
1156.92	30.0
1165.76	30.0
1199.52	30.0
1276.48	30.0
1315.92	30.0
310.64	31.0
331.96	31.0
338.12	31.0
389.36	31.0
1131.64	31.0
1199.96	31.0
1226.56	31.0
1250.6	31.0
1286.96	31.0
1338.96	31.0
309.24	33.0
314.88	33.0
337.0	33.0
1022.88	33.0
319.48	33.0
302.44	34.0
317.68	34.0
306.52	34.0
314.56	34.0
325.72	34.0
331.08	34.0
947.04	34.0
957.36	34.0
1003.24	34.0
1056.88	34.0
1255.88	34.0
319.16	35.0
1125.04	35.0
1127.88	35.0
32.08	35.0
56.24	35.0
85.12	35.0
109.24	35.0
141.0	35.0
189.28	35.0
229.44	35.0
263.68	35.0
299.24	35.0
314.16	35.0
324.08	35.0
333.6	35.0
336.92	35.0
341.92	35.0
355.92	35.0
395.88	35.0
416.8	35.0
436.36	35.0
503.96	35.0
906.6	35.0
969.08	35.0
1003.52	35.0
1006.48	35.0
1024.96	35.0
1037.24	35.0
1040.52	35.0
1056.24	35.0
1088.24	35.0
1106.28	35.0
1115.64	35.0
1183.44	35.0
1203.08	35.0
1225.92	35.0
1266.24	35.0
1289.52	35.0
1299.12	35.0
1319.64	35.0
1005.84	36.0
1016.32	36.0
1269.68	36.0
228.0	36.0
264.16	36.0
317.92	36.0
339.8	36.0
372.12	36.0
465.08	36.0
986.4	36.0
1037.76	36.0
1043.28	36.0
1069.4	36.0
1103.52	36.0
1134.04	36.0
1178.08	36.0
1226.88	36.0
1272.64	36.0
1306.2	36.0
