883.36	1.0
1033.12	1.0
1086.32	1.0
1324.24	1.0
111.44	2.0
308.36	2.0
675.88	2.0
1181.36	2.0
13.28	2.0
39.72	2.0
70.64	2.0
98.84	2.0
131.6	2.0
235.16	2.0
269.12	2.0
272.08	2.0
286.08	2.0
311.4	2.0
318.44	2.0
369.04	2.0
645.68	2.0
869.88	2.0
1113.6	2.0
1144.92	2.0
1160.08	2.0
1163.72	2.0
1204.84	2.0
1209.84	2.0
1239.76	2.0
1252.96	2.0
1266.12	2.0
1293.48	2.0
1297.8	2.0
1320.76	2.0
272.64	3.0
306.08	3.0
308.96	3.0
313.32	3.0
318.8	3.0
646.04	3.0
39.92	3.0
70.8	3.0
100.64	3.0
103.64	3.0
109.04	3.0
111.56	3.0
126.2	3.0
131.76	3.0
206.56	3.0
216.76	3.0
231.96	3.0
235.32	3.0
286.24	3.0
321.92	3.0
325.48	3.0
343.36	3.0
377.76	3.0
1181.4	3.0
1210.04	3.0
1234.84	3.0
1267.72	3.0
1274.28	3.0
1297.56	3.0
147.28	4.0
1192.2	4.0
102.28	4.0
151.68	4.0
306.12	4.0
310.76	4.0
345.0	4.0
377.48	4.0
1182.72	4.0
1256.64	4.0
1327.56	4.0
292.52	5.0
310.0	5.0
99.28	6.0
134.4	6.0
322.96	6.0
83.68	7.0
253.2	7.0
306.8	7.0
170.76	7.0
278.64	7.0
333.36	7.0
375.72	7.0
308.0	8.0
36.6	8.0
68.04	8.0
211.96	8.0
288.56	8.0
320.96	8.0
646.08	8.0
673.92	8.0
866.36	8.0
1161.96	8.0
1193.72	8.0
1234.32	8.0
1254.68	8.0
1257.68	8.0
1294.48	8.0
1329.08	8.0
41.28	9.0
723.44	9.0
755.04	9.0
1031.52	9.0
1209.04	9.0
1239.6	9.0
1268.44	9.0
232.52	10.0
1208.52	10.0
1256.8	10.0
87.2	10.0
202.68	10.0
309.0	10.0
675.96	10.0
779.8	10.0
902.24	10.0
1083.08	10.0
1346.8	10.0
309.32	11.0
1243.28	11.0
30.0	11.0
61.2	11.0
87.96	11.0
93.48	11.0
96.96	11.0
131.08	11.0
144.16	11.0
255.52	11.0
272.16	11.0
306.32	11.0
318.2	11.0
343.16	11.0
676.48	11.0
1145.0	11.0
1159.84	11.0
1177.04	11.0
1228.08	11.0
1231.2	11.0
1239.88	11.0
1261.68	11.0
1286.04	11.0
1297.96	11.0
1320.84	11.0
302.68	12.0
733.92	12.0
1231.24	12.0
1255.56	12.0
1341.36	12.0
127.84	12.0
187.08	12.0
278.32	12.0
285.88	12.0
310.12	12.0
324.16	12.0
99.4	13.0
217.48	13.0
306.56	13.0
253.12	14.0
110.6	14.0
117.28	14.0
145.8	14.0
285.04	14.0
306.48	14.0
324.72	14.0
1300.2	14.0
126.56	15.0
209.08	15.0
307.16	15.0
100.84	16.0
107.44	16.0
306.04	17.0
37.52	19.0
642.36	19.0
673.44	19.0
866.4	19.0
1141.44	19.0
241.6	21.0
308.36	21.0
40.68	21.0
78.68	21.0
164.36	21.0
279.28	21.0
289.32	21.0
317.04	21.0
324.64	21.0
333.0	21.0
384.48	21.0
726.84	21.0
897.36	21.0
1263.84	21.0
1266.4	21.0
1339.92	21.0
198.4	22.0
118.44	22.0
153.96	22.0
188.56	22.0
282.64	22.0
308.68	22.0
325.0	22.0
1157.64	22.0
1203.04	22.0
1325.56	22.0
33.84	23.0
118.92	23.0
318.48	23.0
61.56	23.0
98.88	23.0
133.76	23.0
166.92	23.0
188.64	23.0
211.88	23.0
226.08	23.0
270.12	23.0
277.88	23.0
284.56	23.0
288.24	23.0
297.72	23.0
308.16	23.0
311.0	23.0
324.48	23.0
645.96	23.0
672.0	23.0
1178.36	23.0
1212.84	23.0
1232.28	23.0
1292.56	23.0
1325.68	23.0
1345.44	23.0
59.0	24.0
290.92	24.0
317.76	24.0
126.44	25.0
1190.92	25.0
1339.2	25.0
1274.96	26.0
1297.04	26.0
1331.6	26.0
20.88	26.0
38.36	26.0
60.88	26.0
72.24	26.0
82.04	26.0
87.4	26.0
100.4	26.0
111.92	26.0
127.2	26.0
141.32	26.0
176.68	26.0
185.12	26.0
192.8	26.0
206.88	26.0
216.52	26.0
230.16	26.0
243.04	26.0
250.8	26.0
268.04	26.0
286.0	26.0
296.4	26.0
309.52	26.0
314.28	26.0
321.72	26.0
377.8	26.0
413.8	26.0
1196.6	26.0
1213.0	26.0
1223.4	26.0
1229.16	26.0
1257.48	26.0
1282.32	26.0
1287.44	26.0
1300.2	26.0
1306.56	26.0
1318.72	26.0
1338.52	26.0
1342.68	26.0
284.76	27.0
325.92	27.0
1323.68	27.0
83.44	27.0
134.08	27.0
35.24	28.0
344.24	28.0
40.92	28.0
107.36	28.0
217.4	28.0
272.4	28.0
296.44	28.0
307.4	28.0
318.0	28.0
869.48	28.0
1031.12	28.0
1112.2	28.0
1176.08	28.0
1336.56	28.0
693.24	29.0
751.76	29.0
844.72	29.0
919.84	29.0
1130.84	29.0
1156.56	29.0
1335.4	29.0
102.2	30.0
146.84	30.0
211.28	30.0
273.8	30.0
292.08	30.0
324.12	30.0
353.56	30.0
673.92	30.0
866.96	30.0
938.44	30.0
988.56	30.0
1199.6	30.0
1226.52	30.0
1283.48	30.0
1326.24	30.0
1349.92	30.0
306.24	31.0
346.04	31.0
302.72	33.0
306.52	33.0
318.24	33.0
302.44	34.0
1183.88	34.0
1289.88	34.0
306.6	35.0
1182.08	35.0
38.68	35.0
57.56	35.0
72.92	35.0
88.4	35.0
126.16	35.0
133.72	35.0
151.76	35.0
158.04	35.0
168.48	35.0
211.64	35.0
263.16	35.0
280.32	35.0
310.88	35.0
317.0	35.0
331.76	35.0
1147.92	35.0
1162.4	35.0
1187.16	35.0
1192.76	35.0
1197.16	35.0
1212.76	35.0
1258.04	35.0
1345.04	35.0
259.12	36.0
321.24	36.0
1256.4	36.0
