328.32	1.0
560.4	1.0
687.24	1.0
1099.16	1.0
593.28	2.0
644.96	2.0
10.64	2.0
308.44	2.0
312.16	2.0
323.8	2.0
327.24	2.0
332.52	2.0
361.32	2.0
371.92	2.0
456.2	2.0
465.52	2.0
475.24	2.0
507.6	2.0
517.4	2.0
548.68	2.0
559.88	2.0
577.04	2.0
586.44	2.0
609.2	2.0
614.6	2.0
619.52	2.0
633.84	2.0
650.24	2.0
658.08	2.0
672.6	2.0
680.4	2.0
688.16	2.0
707.56	2.0
714.12	2.0
752.64	2.0
778.48	2.0
791.68	2.0
867.84	2.0
888.16	2.0
1001.68	2.0
1014.2	2.0
1052.12	2.0
1098.08	2.0
1135.48	2.0
1141.12	2.0
1175.48	2.0
1205.04	2.0
1344.2	2.0
355.2	3.0
1205.36	3.0
214.88	3.0
308.12	3.0
311.88	3.0
320.36	3.0
323.88	3.0
327.36	3.0
352.48	3.0
370.68	3.0
383.28	3.0
540.24	3.0
559.6	3.0
564.88	3.0
579.72	3.0
612.4	3.0
635.96	3.0
645.4	3.0
653.24	3.0
656.04	3.0
691.56	3.0
712.72	3.0
760.12	3.0
767.04	3.0
802.04	3.0
828.92	3.0
888.32	3.0
924.16	3.0
1001.84	3.0
1054.04	3.0
1098.0	3.0
1156.4	3.0
1183.28	3.0
1244.2	3.0
1343.68	3.0
465.68	4.0
1203.36	4.0
1205.96	4.0
78.4	4.0
130.48	4.0
241.76	4.0
309.72	4.0
317.96	4.0
328.84	4.0
353.68	4.0
635.04	4.0
669.16	4.0
693.8	4.0
711.4	4.0
738.04	4.0
759.88	4.0
775.28	4.0
790.24	4.0
798.04	4.0
830.12	4.0
862.96	4.0
891.32	4.0
938.48	4.0
961.0	4.0
1041.28	4.0
1053.6	4.0
1106.92	4.0
1143.8	4.0
1157.48	4.0
1237.92	4.0
1257.4	4.0
1276.88	4.0
1322.96	4.0
331.52	5.0
310.36	5.0
340.24	5.0
354.36	5.0
386.96	5.0
412.16	5.0
1145.4	5.0
327.52	6.0
319.4	6.0
436.32	6.0
583.88	6.0
709.24	6.0
786.28	6.0
867.16	6.0
939.08	6.0
1028.88	6.0
1184.16	6.0
309.8	7.0
322.44	7.0
353.8	7.0
413.92	7.0
475.36	7.0
389.76	7.0
393.68	7.0
488.64	7.0
554.72	7.0
1007.92	7.0
21.56	8.0
170.84	8.0
322.52	8.0
325.72	8.0
338.96	8.0
346.84	8.0
352.76	8.0
355.48	8.0
374.12	8.0
382.12	8.0
452.2	8.0
492.64	8.0
985.36	8.0
1008.72	8.0
1022.92	8.0
1038.64	8.0
1050.28	8.0
1065.0	8.0
1072.8	8.0
1093.64	8.0
1110.6	8.0
1119.08	8.0
1130.96	8.0
1179.52	8.0
1198.92	8.0
1208.92	8.0
1237.84	8.0
1241.76	8.0
1260.0	8.0
1286.36	8.0
1351.24	8.0
308.24	9.0
322.56	9.0
556.04	9.0
579.76	9.0
598.84	9.0
614.6	9.0
620.24	9.0
690.56	9.0
714.24	9.0
742.52	9.0
752.48	9.0
778.84	9.0
845.96	9.0
862.32	9.0
880.28	9.0
1063.84	9.0
1209.0	9.0
308.68	10.0
311.36	10.0
337.92	10.0
972.68	10.0
1343.92	10.0
22.72	10.0
137.92	10.0
270.08	10.0
323.32	10.0
327.44	10.0
334.08	10.0
347.92	10.0
350.84	10.0
487.2	10.0
513.16	10.0
534.0	10.0
551.48	10.0
557.0	10.0
568.52	10.0
581.44	10.0
586.4	10.0
607.84	10.0
630.72	10.0
637.56	10.0
654.6	10.0
664.84	10.0
672.52	10.0
688.2	10.0
700.12	10.0
705.16	10.0
732.8	10.0
736.4	10.0
1019.04	10.0
1196.56	10.0
1243.76	10.0
616.08	11.0
1116.88	11.0
1184.92	11.0
306.48	11.0
312.4	11.0
317.32	11.0
333.16	11.0
343.44	11.0
355.08	11.0
370.44	11.0
381.6	11.0
392.52	11.0
408.68	11.0
434.0	11.0
469.96	11.0
496.24	11.0
529.4	11.0
551.48	11.0
559.12	11.0
577.36	11.0
592.08	11.0
609.28	11.0
632.28	11.0
636.12	11.0
641.8	11.0
658.16	11.0
670.4	11.0
688.48	11.0
739.44	11.0
752.96	11.0
765.08	11.0
770.92	11.0
775.6	11.0
797.72	11.0
825.24	11.0
858.88	11.0
887.84	11.0
972.04	11.0
985.44	11.0
1020.36	11.0
1054.0	11.0
1072.92	11.0
1075.84	11.0
1136.24	11.0
1141.72	11.0
1171.76	11.0
1192.64	11.0
1198.64	11.0
1280.64	11.0
1341.52	11.0
302.6	12.0
306.8	12.0
329.4	12.0
579.2	12.0
1015.0	12.0
376.64	13.0
311.04	13.0
317.64	13.0
325.8	13.0
329.76	13.0
354.36	13.0
430.84	13.0
1111.72	13.0
376.6	14.0
197.16	14.0
387.12	14.0
1024.76	14.0
1162.76	14.0
1179.44	14.0
331.16	15.0
307.52	15.0
311.12	15.0
324.28	15.0
344.4	15.0
386.08	15.0
444.96	15.0
478.6	15.0
532.52	15.0
582.0	15.0
614.0	15.0
680.68	15.0
923.76	15.0
1005.8	15.0
1051.24	15.0
1176.28	15.0
345.16	16.0
367.32	16.0
395.36	16.0
443.8	16.0
614.68	16.0
928.4	16.0
1020.32	16.0
382.44	17.0
382.16	18.0
426.08	19.0
577.2	19.0
999.32	19.0
1176.04	19.0
307.32	20.0
330.08	20.0
369.12	20.0
518.8	20.0
318.68	20.0
349.88	20.0
405.0	20.0
625.52	20.0
1329.84	20.0
310.48	21.0
279.0	21.0
307.92	21.0
316.92	21.0
321.88	21.0
324.68	21.0
330.48	21.0
338.44	21.0
341.88	21.0
349.48	21.0
354.84	21.0
364.92	21.0
369.92	21.0
374.48	21.0
387.72	21.0
404.16	21.0
420.2	21.0
425.8	21.0
432.64	21.0
437.56	21.0
449.92	21.0
452.8	21.0
467.24	21.0
483.96	21.0
496.16	21.0
508.32	21.0
520.16	21.0
557.72	21.0
571.52	21.0
597.84	21.0
617.84	21.0
656.2	21.0
672.2	21.0
718.8	21.0
783.4	21.0
1012.48	21.0
1022.04	21.0
1098.92	21.0
1104.24	21.0
1131.64	21.0
1175.84	21.0
1189.2	21.0
1207.24	21.0
1257.96	21.0
1272.68	21.0
1327.6	21.0
329.2	22.0
383.96	22.0
1052.24	22.0
1074.96	22.0
1187.56	22.0
1210.64	22.0
309.24	23.0
1106.56	23.0
1155.52	23.0
1276.32	23.0
74.0	23.0
115.92	23.0
228.48	23.0
237.24	23.0
302.68	23.0
315.08	23.0
323.64	23.0
331.0	23.0
341.12	23.0
343.88	23.0
357.8	23.0
365.04	23.0
397.32	23.0
552.24	23.0
622.36	23.0
648.92	23.0
682.36	23.0
689.44	23.0
707.0	23.0
714.4	23.0
746.56	23.0
756.8	23.0
779.12	23.0
823.6	23.0
828.24	23.0
839.44	23.0
858.0	23.0
866.8	23.0
891.12	23.0
927.32	23.0
932.56	23.0
971.0	23.0
1049.96	23.0
1102.44	23.0
1136.84	23.0
1158.24	23.0
1194.0	23.0
1206.08	23.0
1216.68	23.0
1224.68	23.0
1263.6	23.0
1287.48	23.0
1306.24	23.0
308.16	24.0
318.72	24.0
325.48	24.0
331.4	24.0
334.0	24.0
336.68	24.0
344.4	24.0
351.92	24.0
361.36	24.0
376.52	24.0
308.36	25.0
325.72	25.0
164.4	25.0
318.8	25.0
331.04	25.0
335.56	25.0
350.56	25.0
356.92	25.0
374.68	25.0
389.32	25.0
427.6	25.0
743.24	25.0
1048.28	25.0
367.68	26.0
10.96	26.0
26.76	26.0
50.36	26.0
83.08	26.0
114.0	26.0
141.48	26.0
146.52	26.0
167.08	26.0
226.12	26.0
245.92	26.0
284.04	26.0
309.76	26.0
315.56	26.0
319.52	26.0
323.24	26.0
331.76	26.0
336.16	26.0
342.24	26.0
349.72	26.0
355.04	26.0
359.16	26.0
374.92	26.0
378.16	26.0
382.2	26.0
384.84	26.0
394.16	26.0
413.48	26.0
419.6	26.0
436.88	26.0
447.56	26.0
454.32	26.0
462.96	26.0
492.36	26.0
503.52	26.0
517.92	26.0
568.8	26.0
593.76	26.0
609.2	26.0
633.2	26.0
643.28	26.0
650.96	26.0
671.84	26.0
684.0	26.0
712.8	26.0
730.68	26.0
787.36	26.0
823.76	26.0
838.76	26.0
867.24	26.0
897.52	26.0
903.28	26.0
978.68	26.0
1008.0	26.0
1024.48	26.0
1049.88	26.0
1057.16	26.0
1078.4	26.0
1090.72	26.0
1100.84	26.0
1141.76	26.0
1157.52	26.0
1175.52	26.0
1179.12	26.0
1188.96	26.0
1195.4	26.0
1223.92	26.0
1229.56	26.0
1233.48	26.0
1255.76	26.0
1267.84	26.0
1336.44	26.0
377.64	27.0
322.64	27.0
346.8	27.0
358.72	27.0
369.28	27.0
405.08	27.0
414.84	27.0
435.6	27.0
479.28	27.0
584.12	27.0
1223.48	27.0
1309.76	27.0
1344.16	27.0
307.64	28.0
339.52	28.0
319.84	28.0
322.72	28.0
326.48	28.0
330.24	28.0
333.2	28.0
353.44	28.0
362.32	28.0
366.72	28.0
369.64	28.0
372.84	28.0
384.2	28.0
387.16	28.0
395.56	28.0
407.68	28.0
445.4	28.0
448.56	28.0
461.16	28.0
473.76	28.0
588.24	28.0
708.4	28.0
752.12	28.0
879.92	28.0
923.72	28.0
935.44	28.0
1045.36	28.0
1096.32	28.0
1115.64	28.0
1178.8	28.0
1208.6	28.0
1315.84	28.0
340.24	29.0
154.48	29.0
306.04	29.0
325.44	29.0
382.36	29.0
579.92	29.0
593.32	29.0
686.92	29.0
707.68	29.0
795.0	29.0
1021.4	29.0
1244.32	29.0
62.12	30.0
220.52	30.0
306.32	30.0
321.52	30.0
337.84	30.0
350.16	30.0
354.4	30.0
391.76	30.0
432.32	30.0
465.32	30.0
509.44	30.0
581.84	30.0
672.08	30.0
972.08	30.0
1025.12	30.0
1078.96	30.0
1099.12	30.0
1142.2	30.0
1218.76	30.0
1233.76	30.0
306.32	31.0
326.6	31.0
346.28	31.0
349.8	31.0
307.08	33.0
376.36	33.0
780.36	33.0
1155.8	33.0
1325.48	33.0
302.48	34.0
317.2	34.0
330.28	34.0
344.16	34.0
354.52	34.0
372.84	34.0
383.88	34.0
408.6	34.0
425.84	34.0
298.76	34.0
307.6	34.0
310.6	34.0
324.64	34.0
548.44	34.0
592.2	34.0
610.52	34.0
656.12	34.0
663.6	34.0
692.92	34.0
707.56	34.0
710.36	34.0
734.4	34.0
736.92	34.0
759.6	34.0
779.84	34.0
804.8	34.0
1191.56	34.0
1264.64	34.0
1286.56	34.0
308.8	35.0
376.68	35.0
61.2	35.0
94.48	35.0
162.0	35.0
199.48	35.0
230.2	35.0
269.36	35.0
273.4	35.0
312.12	35.0
316.16	35.0
324.64	35.0
329.68	35.0
333.16	35.0
337.96	35.0
343.88	35.0
348.24	35.0
354.84	35.0
361.96	35.0
366.56	35.0
372.8	35.0
383.36	35.0
389.56	35.0
400.48	35.0
410.56	35.0
427.2	35.0
437.16	35.0
460.24	35.0
472.64	35.0
483.8	35.0
494.88	35.0
505.16	35.0
523.52	35.0
533.32	35.0
553.32	35.0
569.0	35.0
580.48	35.0
587.8	35.0
592.08	35.0
605.28	35.0
624.36	35.0
635.92	35.0
652.8	35.0
655.72	35.0
675.04	35.0
683.28	35.0
696.12	35.0
708.12	35.0
718.96	35.0
730.68	35.0
733.52	35.0
750.72	35.0
778.96	35.0
789.8	35.0
800.08	35.0
819.2	35.0
831.72	35.0
861.2	35.0
897.92	35.0
922.92	35.0
980.24	35.0
1019.64	35.0
1032.68	35.0
1051.32	35.0
1061.84	35.0
1070.04	35.0
1085.44	35.0
1100.8	35.0
1115.4	35.0
1125.0	35.0
1136.2	35.0
1142.48	35.0
1155.76	35.0
1159.16	35.0
1184.2	35.0
1192.92	35.0
1209.64	35.0
1225.4	35.0
1230.6	35.0
1243.2	35.0
1255.76	35.0
1281.96	35.0
1301.88	35.0
1305.64	35.0
1327.44	35.0
1332.16	35.0
320.08	36.0
333.92	36.0
591.8	36.0
1046.0	36.0
