161.76	1.0
968.52	1.0
1083.16	1.0
199.12	2.0
313.88	2.0
116.4	2.0
130.16	2.0
152.0	2.0
160.6	2.0
181.24	2.0
202.64	2.0
245.44	2.0
281.72	2.0
307.92	2.0
310.56	2.0
322.32	2.0
336.68	2.0
354.04	2.0
378.88	2.0
435.92	2.0
575.36	2.0
697.28	2.0
717.8	2.0
780.36	2.0
816.6	2.0
850.16	2.0
896.84	2.0
130.68	3.0
309.96	3.0
51.52	3.0
127.28	3.0
154.88	3.0
202.8	3.0
209.48	3.0
306.28	3.0
313.0	3.0
322.52	3.0
327.72	3.0
380.28	3.0
436.32	3.0
480.8	3.0
581.96	3.0
720.76	3.0
784.64	3.0
954.6	3.0
1025.0	3.0
1029.12	3.0
1160.44	3.0
1211.4	3.0
31.24	4.0
264.48	4.0
308.56	4.0
335.64	4.0
60.12	5.0
308.56	5.0
311.36	5.0
550.4	5.0
323.52	6.0
306.08	6.0
1115.52	6.0
585.24	7.0
701.44	7.0
308.08	7.0
868.32	7.0
74.72	8.0
123.48	8.0
205.88	8.0
230.6	8.0
325.92	8.0
479.48	8.0
707.08	8.0
899.44	8.0
966.04	8.0
997.44	8.0
1222.12	8.0
309.32	9.0
140.92	9.0
313.96	9.0
321.04	9.0
283.76	10.0
774.0	10.0
40.96	10.0
69.24	10.0
189.4	10.0
260.2	10.0
313.0	10.0
462.2	10.0
578.48	10.0
726.64	10.0
800.64	10.0
915.92	10.0
975.92	10.0
1032.48	10.0
1184.24	10.0
78.8	11.0
209.56	11.0
244.76	11.0
307.68	11.0
335.16	11.0
380.28	11.0
897.88	11.0
983.44	11.0
1029.12	11.0
1160.48	11.0
127.24	11.0
179.08	11.0
202.8	11.0
312.6	11.0
323.08	11.0
182.84	12.0
302.64	12.0
322.8	12.0
308.2	12.0
584.52	12.0
897.08	12.0
24.88	13.0
306.56	13.0
311.44	13.0
200.0	14.0
233.16	14.0
262.4	14.0
284.52	14.0
316.6	14.0
426.88	14.0
477.68	14.0
511.16	14.0
546.8	14.0
615.64	14.0
641.84	14.0
696.0	14.0
771.2	14.0
798.04	14.0
876.92	14.0
933.04	14.0
235.36	15.0
997.2	15.0
10.64	16.0
306.76	16.0
128.68	20.0
307.24	20.0
323.96	20.0
140.92	21.0
172.48	21.0
207.84	21.0
243.96	21.0
246.76	21.0
267.2	21.0
310.04	21.0
320.6	21.0
344.28	21.0
383.32	21.0
480.2	21.0
548.12	21.0
806.4	21.0
848.08	21.0
899.0	21.0
996.84	21.0
1030.44	21.0
1111.68	21.0
154.08	22.0
263.44	22.0
310.48	22.0
335.56	22.0
231.12	23.0
261.48	23.0
306.8	23.0
325.56	23.0
877.76	23.0
165.64	23.0
182.36	23.0
204.12	23.0
316.8	23.0
321.0	23.0
392.36	23.0
455.44	23.0
564.08	23.0
824.6	23.0
914.04	23.0
1079.12	23.0
1106.04	23.0
85.68	24.0
307.4	24.0
311.24	24.0
325.8	24.0
329.8	24.0
347.32	24.0
311.44	25.0
843.4	25.0
894.24	25.0
999.76	25.0
93.36	26.0
139.2	26.0
211.36	26.0
287.6	26.0
308.0	26.0
919.76	26.0
8.4	26.0
14.2	26.0
53.88	26.0
122.2	26.0
165.52	26.0
188.24	26.0
208.68	26.0
223.44	26.0
234.88	26.0
283.08	26.0
314.2	26.0
319.76	26.0
331.84	26.0
337.92	26.0
344.04	26.0
406.2	26.0
421.92	26.0
462.12	26.0
519.68	26.0
556.36	26.0
579.24	26.0
616.48	26.0
678.2	26.0
711.92	26.0
732.28	26.0
770.12	26.0
795.84	26.0
845.44	26.0
852.84	26.0
861.56	26.0
887.96	26.0
907.44	26.0
938.08	26.0
963.68	26.0
991.12	26.0
1002.28	26.0
1031.64	26.0
1039.72	26.0
1059.36	26.0
1116.8	26.0
324.96	27.0
32.24	27.0
117.08	27.0
161.0	27.0
307.16	27.0
1141.2	27.0
71.08	28.0
140.64	28.0
198.76	28.0
265.48	28.0
308.32	28.0
313.56	28.0
320.68	28.0
347.72	28.0
59.8	29.0
101.04	29.0
163.08	29.0
195.48	29.0
198.56	29.0
215.72	29.0
261.84	29.0
306.36	29.0
354.92	29.0
460.04	29.0
597.52	29.0
4.36	30.0
14.48	30.0
66.72	30.0
99.32	30.0
104.08	30.0
155.68	30.0
164.48	30.0
188.36	30.0
204.04	30.0
254.16	30.0
282.24	30.0
323.48	30.0
327.68	30.0
436.96	30.0
554.52	30.0
635.08	30.0
649.72	30.0
679.36	30.0
709.16	30.0
775.0	30.0
820.16	30.0
897.68	30.0
995.8	30.0
1171.04	30.0
1222.72	30.0
309.16	31.0
317.36	31.0
306.68	33.0
323.52	33.0
302.44	34.0
200.96	34.0
267.96	34.0
306.6	34.0
374.72	34.0
560.92	34.0
821.32	34.0
938.72	34.0
1099.72	34.0
741.72	35.0
12.92	35.0
25.12	35.0
41.8	35.0
44.44	35.0
67.96	35.0
85.48	35.0
97.96	35.0
130.52	35.0
144.04	35.0
162.72	35.0
173.56	35.0
210.76	35.0
223.12	35.0
227.72	35.0
240.44	35.0
244.4	35.0
261.76	35.0
265.36	35.0
274.2	35.0
296.64	35.0
309.2	35.0
315.28	35.0
318.92	35.0
334.84	35.0
351.48	35.0
379.4	35.0
413.88	35.0
449.64	35.0
501.96	35.0
554.44	35.0
573.2	35.0
620.44	35.0
637.6	35.0
654.2	35.0
660.48	35.0
679.84	35.0
738.52	35.0
786.44	35.0
796.56	35.0
799.68	35.0
857.68	35.0
882.88	35.0
891.24	35.0
908.44	35.0
960.2	35.0
964.84	35.0
977.88	35.0
991.88	35.0
311.48	36.0
325.64	36.0
842.0	36.0
