314.52	1.0
308.12	2.0
17.0	2.0
114.0	2.0
120.56	2.0
171.48	2.0
312.84	2.0
322.28	2.0
331.12	2.0
341.52	2.0
364.0	2.0
381.64	2.0
384.2	2.0
306.32	3.0
313.4	3.0
327.92	3.0
331.64	3.0
23.44	3.0
123.52	3.0
309.84	3.0
321.08	3.0
341.12	3.0
352.84	3.0
403.84	3.0
511.68	3.0
306.8	4.0
317.6	4.0
307.68	5.0
317.64	5.0
337.32	5.0
336.6	6.0
400.52	6.0
440.64	6.0
510.2	6.0
592.2	6.0
578.2	7.0
310.2	7.0
387.08	7.0
39.76	8.0
307.8	8.0
319.84	8.0
322.76	8.0
109.28	9.0
308.28	9.0
158.52	10.0
109.56	10.0
306.6	10.0
311.24	10.0
318.04	10.0
343.12	10.0
123.6	11.0
306.88	11.0
319.04	11.0
351.76	11.0
511.76	11.0
309.76	11.0
342.56	11.0
345.96	11.0
302.6	12.0
306.96	12.0
319.52	12.0
324.4	12.0
442.64	12.0
311.88	13.0
306.84	13.0
322.04	13.0
308.48	14.0
311.08	14.0
321.96	14.0
329.04	14.0
349.96	14.0
352.56	14.0
363.08	14.0
381.72	14.0
428.08	14.0
466.32	14.0
522.16	14.0
36.92	15.0
587.96	15.0
308.32	16.0
367.52	16.0
464.12	16.0
308.0	17.0
306.4	19.0
315.96	20.0
306.6	20.0
342.8	20.0
342.4	21.0
345.24	21.0
57.12	21.0
194.96	21.0
309.28	21.0
316.8	21.0
325.8	21.0
357.4	21.0
363.16	21.0
378.56	21.0
391.48	21.0
319.32	22.0
322.36	22.0
328.48	22.0
350.88	22.0
308.92	23.0
311.6	23.0
128.76	23.0
315.4	23.0
323.08	23.0
331.76	23.0
353.04	23.0
13.64	24.0
308.24	24.0
310.76	24.0
322.68	24.0
339.72	24.0
352.16	24.0
415.64	24.0
310.88	25.0
308.04	25.0
321.24	25.0
342.6	25.0
343.2	26.0
2.76	26.0
21.12	26.0
25.4	26.0
40.72	26.0
70.36	26.0
116.68	26.0
140.2	26.0
309.76	26.0
315.76	26.0
321.76	26.0
327.04	26.0
338.6	26.0
354.16	26.0
363.28	26.0
377.96	26.0
409.28	26.0
422.04	26.0
506.32	26.0
629.88	26.0
327.24	27.0
344.16	27.0
385.68	27.0
308.16	28.0
108.96	28.0
312.76	28.0
317.16	28.0
324.24	28.0
340.36	28.0
348.4	28.0
316.96	29.0
319.76	29.0
330.92	29.0
46.48	30.0
191.72	30.0
310.8	30.0
317.92	30.0
345.4	30.0
353.2	30.0
390.48	30.0
310.72	31.0
306.56	31.0
318.36	31.0
323.12	31.0
302.52	34.0
346.88	34.0
309.68	34.0
321.36	34.0
325.56	35.0
2.88	35.0
308.8	35.0
311.68	35.0
315.44	35.0
320.36	35.0
332.8	35.0
339.88	35.0
343.76	35.0
348.44	35.0
354.32	35.0
364.16	35.0
369.44	35.0
376.6	35.0
385.4	35.0
398.56	35.0
427.64	35.0
447.36	35.0
