264.36	1.0
315.6	1.0
308.72	2.0
1337.36	2.0
1340.56	2.0
10.96	2.0
82.12	2.0
92.04	2.0
143.32	2.0
149.72	2.0
152.92	2.0
177.4	2.0
199.2	2.0
218.08	2.0
235.8	2.0
239.2	2.0
246.68	2.0
249.36	2.0
261.04	2.0
266.6	2.0
288.44	2.0
311.28	2.0
316.64	2.0
319.16	2.0
334.56	2.0
341.12	2.0
355.32	2.0
362.28	2.0
388.76	2.0
696.32	2.0
11.48	3.0
248.52	3.0
312.36	3.0
328.92	3.0
1338.04	3.0
45.92	3.0
80.12	3.0
129.12	3.0
146.44	3.0
152.68	3.0
195.4	3.0
238.96	3.0
266.36	3.0
306.44	3.0
317.92	3.0
320.76	3.0
325.88	3.0
341.48	3.0
352.48	3.0
355.52	3.0
539.4	3.0
1340.6	3.0
44.84	4.0
355.48	4.0
329.32	4.0
306.4	5.0
322.4	5.0
332.32	5.0
27.08	6.0
274.36	6.0
307.12	6.0
324.76	6.0
1334.92	7.0
31.24	7.0
318.32	7.0
343.96	7.0
1330.48	8.0
8.24	8.0
13.04	8.0
34.12	8.0
74.76	8.0
83.48	8.0
246.2	8.0
306.36	8.0
315.64	8.0
322.28	8.0
340.68	8.0
355.88	8.0
315.76	9.0
323.84	9.0
31.92	10.0
94.44	10.0
152.68	10.0
320.96	10.0
74.76	10.0
148.96	10.0
202.16	10.0
237.68	10.0
249.6	10.0
310.24	10.0
313.72	10.0
648.64	10.0
9.28	11.0
94.32	11.0
102.44	11.0
139.56	11.0
151.0	11.0
218.28	11.0
249.96	11.0
264.4	11.0
311.36	11.0
325.28	11.0
340.0	11.0
355.6	11.0
69.32	12.0
302.56	12.0
306.04	12.0
314.32	12.0
327.32	12.0
372.12	12.0
420.24	12.0
1335.44	12.0
307.92	13.0
25.28	13.0
47.08	13.0
150.56	13.0
320.4	13.0
322.92	13.0
331.52	13.0
339.76	14.0
371.56	14.0
406.88	14.0
311.68	15.0
59.0	17.0
313.4	18.0
342.24	18.0
31.36	18.0
151.0	19.0
237.16	19.0
247.4	19.0
306.04	19.0
16.12	20.0
32.6	20.0
310.48	20.0
28.12	21.0
16.04	21.0
31.44	21.0
55.32	21.0
91.24	21.0
106.0	21.0
145.36	21.0
311.16	21.0
314.92	21.0
317.44	21.0
320.84	21.0
324.0	21.0
335.52	21.0
340.12	21.0
343.96	21.0
354.56	21.0
373.96	21.0
28.08	22.0
73.8	22.0
146.96	22.0
179.16	22.0
311.04	22.0
314.04	22.0
319.92	22.0
326.48	22.0
335.96	22.0
342.68	22.0
308.56	23.0
7.08	23.0
24.6	23.0
53.96	23.0
253.16	23.0
258.36	23.0
318.2	23.0
324.6	23.0
339.44	23.0
367.56	23.0
1328.24	23.0
1337.76	23.0
4.68	24.0
25.56	24.0
320.48	24.0
324.24	24.0
339.68	24.0
1336.2	24.0
323.96	25.0
311.36	25.0
317.32	26.0
5.8	26.0
11.16	26.0
21.52	26.0
27.32	26.0
42.96	26.0
49.52	26.0
63.28	26.0
75.64	26.0
84.84	26.0
87.72	26.0
105.88	26.0
127.56	26.0
133.64	26.0
153.0	26.0
177.44	26.0
202.52	26.0
224.96	26.0
241.24	26.0
272.52	26.0
309.88	26.0
314.28	26.0
321.56	26.0
327.16	26.0
334.88	26.0
343.28	26.0
354.08	26.0
369.2	26.0
395.6	26.0
405.28	26.0
424.44	26.0
431.28	26.0
460.72	26.0
465.64	26.0
483.68	26.0
497.24	26.0
523.56	26.0
558.4	26.0
607.12	26.0
614.24	26.0
652.68	26.0
386.92	27.0
46.24	27.0
308.72	28.0
38.36	28.0
71.64	28.0
153.96	28.0
239.72	28.0
250.36	28.0
315.4	28.0
1327.04	28.0
1340.56	28.0
16.96	30.0
87.36	30.0
89.92	30.0
144.52	30.0
248.32	30.0
320.64	30.0
323.28	30.0
335.76	30.0
342.16	30.0
540.56	30.0
149.52	31.0
237.04	31.0
306.28	31.0
309.96	31.0
332.12	31.0
338.0	31.0
421.52	31.0
302.88	32.0
6.16	33.0
307.16	33.0
341.68	33.0
354.8	33.0
302.44	34.0
338.72	34.0
306.72	34.0
310.0	34.0
315.6	34.0
309.8	35.0
68.12	35.0
103.48	35.0
145.28	35.0
253.28	35.0
307.0	35.0
318.68	35.0
323.12	35.0
328.68	35.0
333.52	35.0
337.52	35.0
343.28	35.0
350.8	35.0
354.0	35.0
366.12	35.0
380.04	35.0
416.72	35.0
1328.12	35.0
1334.48	35.0
1337.76	35.0
323.96	36.0
314.96	36.0
319.2	36.0
338.16	36.0
