344.4	1.0
1021.32	1.0
462.68	1.0
306.0	2.0
309.12	2.0
623.96	2.0
24.52	2.0
27.88	2.0
48.28	2.0
168.68	2.0
219.08	2.0
226.64	2.0
261.32	2.0
267.48	2.0
292.04	2.0
325.36	2.0
463.24	2.0
532.4	2.0
619.84	2.0
708.0	2.0
935.76	2.0
1021.12	2.0
1042.4	2.0
1049.56	2.0
1106.0	2.0
1131.92	2.0
1193.56	2.0
1270.36	2.0
1343.44	2.0
463.72	3.0
708.44	3.0
6.36	3.0
27.56	3.0
108.8	3.0
168.8	3.0
226.8	3.0
235.48	3.0
278.56	3.0
306.48	3.0
309.56	3.0
319.84	3.0
325.28	3.0
336.68	3.0
341.44	3.0
345.44	3.0
396.52	3.0
426.16	3.0
474.84	3.0
935.92	3.0
1044.12	3.0
1060.56	3.0
1076.72	3.0
1106.16	3.0
1111.88	3.0
1132.32	3.0
1193.72	3.0
1216.24	3.0
1343.56	3.0
302.88	4.0
1216.32	4.0
59.96	4.0
209.16	4.0
224.2	4.0
237.28	4.0
253.56	4.0
307.32	4.0
322.32	4.0
347.92	4.0
371.32	4.0
380.48	4.0
430.0	4.0
458.76	4.0
476.96	4.0
522.24	4.0
623.08	4.0
727.56	4.0
769.08	4.0
987.16	4.0
1059.44	4.0
1076.4	4.0
1105.52	4.0
1134.44	4.0
1207.16	4.0
1345.16	4.0
311.28	5.0
181.84	6.0
314.88	6.0
336.04	6.0
672.44	6.0
813.48	6.0
1017.16	6.0
1139.76	6.0
1212.44	6.0
666.64	7.0
308.56	7.0
331.8	7.0
405.44	7.0
1045.88	7.0
141.64	8.0
221.2	8.0
306.24	8.0
314.68	8.0
322.88	8.0
329.16	8.0
354.16	8.0
404.84	8.0
427.4	8.0
452.16	8.0
882.96	8.0
948.52	8.0
1020.64	8.0
1079.48	8.0
1156.4	8.0
135.44	9.0
329.6	9.0
464.32	9.0
575.72	9.0
853.4	9.0
904.0	9.0
1028.12	9.0
20.84	10.0
307.6	10.0
1287.32	10.0
1330.0	10.0
185.2	10.0
310.64	10.0
706.64	10.0
1019.16	10.0
186.88	11.0
278.6	11.0
700.16	11.0
1060.52	11.0
25.12	11.0
28.64	11.0
43.76	11.0
48.4	11.0
156.92	11.0
179.56	11.0
226.08	11.0
243.4	11.0
289.08	11.0
315.76	11.0
332.56	11.0
463.32	11.0
708.88	11.0
715.28	11.0
931.76	11.0
1022.84	11.0
1028.96	11.0
1080.4	11.0
1340.32	11.0
1294.0	12.0
80.52	12.0
110.36	12.0
293.8	12.0
314.52	12.0
324.52	12.0
459.44	12.0
1074.04	12.0
15.0	13.0
56.56	13.0
309.8	13.0
339.72	13.0
991.36	13.0
1022.64	13.0
1323.64	13.0
308.4	14.0
666.72	14.0
438.12	14.0
675.12	14.0
760.44	14.0
850.68	14.0
887.72	14.0
1077.56	14.0
1217.72	14.0
260.04	15.0
306.56	15.0
779.64	15.0
1095.4	15.0
1205.76	15.0
492.72	16.0
869.84	16.0
1118.48	16.0
324.2	20.0
342.24	20.0
825.28	20.0
329.28	21.0
28.12	21.0
176.88	21.0
256.44	21.0
309.4	21.0
318.6	21.0
325.76	21.0
335.44	21.0
348.88	21.0
367.64	21.0
469.44	21.0
542.48	21.0
678.84	21.0
708.52	21.0
914.88	21.0
1021.76	21.0
1110.52	21.0
1230.52	21.0
306.76	22.0
1074.16	22.0
296.0	22.0
321.08	22.0
651.44	22.0
743.8	22.0
805.64	22.0
985.72	22.0
1150.52	22.0
1296.04	22.0
51.0	23.0
130.12	23.0
293.16	23.0
691.28	23.0
982.92	23.0
22.72	23.0
31.8	23.0
87.0	23.0
134.08	23.0
160.6	23.0
173.48	23.0
180.76	23.0
222.28	23.0
258.88	23.0
270.2	23.0
288.08	23.0
314.32	23.0
321.44	23.0
324.28	23.0
336.88	23.0
354.96	23.0
379.16	23.0
401.24	23.0
427.64	23.0
457.72	23.0
460.24	23.0
537.96	23.0
567.2	23.0
599.68	23.0
671.52	23.0
702.08	23.0
713.76	23.0
773.48	23.0
784.6	23.0
827.44	23.0
851.72	23.0
909.52	23.0
922.08	23.0
1015.16	23.0
1020.28	23.0
1038.56	23.0
1055.52	23.0
1075.76	23.0
1081.96	23.0
1102.88	23.0
1106.12	23.0
1157.08	23.0
1211.64	23.0
1236.12	23.0
1324.96	23.0
1327.72	23.0
1338.16	23.0
1343.4	23.0
77.28	24.0
306.44	24.0
315.16	24.0
322.6	24.0
327.68	24.0
339.4	24.0
356.52	24.0
361.8	24.0
783.4	24.0
1043.64	24.0
1107.2	24.0
1320.0	24.0
57.92	25.0
131.36	25.0
225.68	25.0
378.84	25.0
539.8	25.0
754.56	25.0
879.12	25.0
908.12	25.0
944.8	25.0
1300.12	25.0
1352.36	25.0
779.08	26.0
26.36	26.0
35.64	26.0
62.36	26.0
73.64	26.0
100.92	26.0
133.44	26.0
154.48	26.0
177.64	26.0
201.88	26.0
211.24	26.0
224.92	26.0
228.0	26.0
244.4	26.0
259.32	26.0
289.32	26.0
297.36	26.0
307.8	26.0
312.88	26.0
317.12	26.0
322.52	26.0
331.12	26.0
349.12	26.0
391.6	26.0
453.92	26.0
542.12	26.0
607.12	26.0
670.08	26.0
681.32	26.0
687.36	26.0
723.36	26.0
743.4	26.0
757.6	26.0
792.24	26.0
836.68	26.0
869.92	26.0
881.2	26.0
888.36	26.0
919.36	26.0
929.08	26.0
946.6	26.0
960.16	26.0
983.12	26.0
996.32	26.0
1028.24	26.0
1053.6	26.0
1066.88	26.0
1091.44	26.0
1129.36	26.0
1134.6	26.0
1161.16	26.0
1184.72	26.0
1188.12	26.0
1196.52	26.0
1234.32	26.0
1278.12	26.0
1302.16	26.0
1311.88	26.0
1343.8	26.0
1354.8	26.0
1368.24	26.0
111.48	27.0
307.32	27.0
855.48	27.0
1061.28	27.0
1267.36	27.0
1311.52	27.0
30.04	28.0
52.0	28.0
172.44	28.0
219.56	28.0
253.56	28.0
268.32	28.0
291.44	28.0
307.4	28.0
329.16	28.0
333.2	28.0
336.32	28.0
345.12	28.0
693.04	28.0
903.68	28.0
970.52	28.0
1018.52	28.0
1027.72	28.0
1184.56	28.0
1216.8	28.0
307.88	29.0
569.2	29.0
677.2	29.0
921.8	29.0
1018.0	29.0
1170.6	29.0
1184.32	29.0
1264.92	29.0
1329.32	29.0
1366.4	29.0
62.76	30.0
135.88	30.0
264.28	30.0
307.44	30.0
329.28	30.0
338.4	30.0
445.76	30.0
558.8	30.0
696.64	30.0
703.6	30.0
765.44	30.0
849.52	30.0
877.6	30.0
948.92	30.0
1008.44	30.0
1039.12	30.0
1265.16	30.0
1313.56	30.0
306.16	31.0
302.68	33.0
1100.6	33.0
1016.72	34.0
6.04	34.0
64.84	34.0
184.72	34.0
309.92	34.0
458.76	34.0
621.24	34.0
914.12	34.0
962.32	34.0
1109.4	34.0
1208.44	34.0
1320.04	34.0
1370.28	34.0
22.24	35.0
56.08	35.0
87.16	35.0
114.36	35.0
134.2	35.0
162.84	35.0
190.0	35.0
220.4	35.0
256.24	35.0
263.8	35.0
271.48	35.0
298.96	35.0
308.44	35.0
317.68	35.0
329.72	35.0
339.48	35.0
348.84	35.0
380.4	35.0
394.92	35.0
416.28	35.0
422.88	35.0
429.32	35.0
451.88	35.0
503.88	35.0
520.2	35.0
542.56	35.0
638.44	35.0
669.32	35.0
684.28	35.0
686.8	35.0
756.84	35.0
782.24	35.0
834.96	35.0
865.0	35.0
900.32	35.0
907.8	35.0
1016.84	35.0
1022.24	35.0
1048.68	35.0
1067.12	35.0
1103.64	35.0
1109.68	35.0
1154.24	35.0
1157.44	35.0
1186.12	35.0
1211.36	35.0
1217.8	35.0
1304.16	35.0
1314.44	35.0
1317.52	35.0
1328.44	35.0
1338.6	35.0
1363.8	35.0
66.96	36.0
131.2	36.0
251.04	36.0
302.64	36.0
311.2	36.0
343.24	36.0
404.68	36.0
733.24	36.0
981.64	36.0
1056.64	36.0
1197.52	36.0
