315.76	1.0
712.28	1.0
1119.2	2.0
5.32	2.0
51.24	2.0
65.4	2.0
72.28	2.0
94.16	2.0
105.4	2.0
127.4	2.0
137.96	2.0
173.8	2.0
284.36	2.0
287.76	2.0
308.48	2.0
312.56	2.0
317.8	2.0
341.56	2.0
429.12	2.0
529.2	2.0
711.52	2.0
741.36	2.0
833.48	2.0
862.32	2.0
893.96	2.0
898.4	2.0
923.48	2.0
936.52	2.0
948.72	2.0
987.76	2.0
996.32	2.0
1011.92	2.0
1017.64	2.0
1069.92	2.0
1073.64	2.0
1089.04	2.0
1094.36	2.0
1142.32	2.0
1155.44	2.0
1275.6	2.0
5.04	3.0
26.28	3.0
158.72	3.0
173.64	3.0
178.04	3.0
205.56	3.0
220.56	3.0
236.92	3.0
254.72	3.0
275.28	3.0
287.88	3.0
308.56	3.0
313.32	3.0
317.68	3.0
324.76	3.0
328.04	3.0
333.16	3.0
344.56	3.0
391.76	3.0
462.28	3.0
477.68	3.0
636.96	3.0
711.68	3.0
722.2	3.0
733.48	3.0
741.52	3.0
768.32	3.0
827.76	3.0
841.44	3.0
862.52	3.0
879.08	3.0
923.6	3.0
931.12	3.0
954.36	3.0
984.6	3.0
1016.76	3.0
1039.08	3.0
1094.56	3.0
1105.52	3.0
1150.44	3.0
1163.76	3.0
1262.36	3.0
1322.28	3.0
7.56	4.0
27.64	4.0
54.56	4.0
107.0	4.0
135.2	4.0
159.0	4.0
180.4	4.0
207.76	4.0
222.88	4.0
236.36	4.0
252.24	4.0
274.96	4.0
315.32	4.0
332.72	4.0
346.88	4.0
356.28	4.0
369.12	4.0
390.84	4.0
421.88	4.0
444.16	4.0
464.68	4.0
493.36	4.0
511.2	4.0
525.16	4.0
564.32	4.0
569.72	4.0
596.44	4.0
625.84	4.0
648.16	4.0
725.76	4.0
742.6	4.0
757.88	4.0
785.04	4.0
808.08	4.0
843.24	4.0
880.96	4.0
894.24	4.0
918.08	4.0
934.44	4.0
955.36	4.0
970.16	4.0
986.84	4.0
1006.64	4.0
1018.8	4.0
1033.24	4.0
1048.08	4.0
1063.52	4.0
1076.48	4.0
1105.08	4.0
1113.44	4.0
1129.36	4.0
1137.48	4.0
1154.16	4.0
1162.76	4.0
1187.76	4.0
1197.48	4.0
1204.04	4.0
1239.0	4.0
1288.88	4.0
1323.16	4.0
493.72	5.0
955.92	5.0
90.6	6.0
257.48	6.0
299.32	6.0
348.12	6.0
500.2	6.0
651.88	6.0
1019.12	6.0
1121.4	6.0
1201.28	6.0
1289.92	6.0
107.88	7.0
317.64	7.0
438.36	7.0
757.72	7.0
955.84	7.0
1008.76	7.0
1040.64	7.0
12.28	8.0
132.36	8.0
210.72	8.0
307.84	8.0
321.2	8.0
340.96	8.0
394.64	8.0
423.8	8.0
514.4	8.0
715.32	8.0
743.64	8.0
791.24	8.0
846.8	8.0
895.76	8.0
948.36	8.0
1050.76	8.0
1081.88	8.0
1244.68	8.0
1256.96	8.0
1315.28	8.0
5.96	9.0
92.56	9.0
140.8	9.0
206.16	9.0
292.92	9.0
348.68	9.0
372.32	9.0
485.24	9.0
710.92	9.0
997.24	9.0
1078.24	9.0
1098.88	9.0
1317.92	9.0
181.56	10.0
308.96	10.0
834.56	10.0
954.16	10.0
1112.76	10.0
30.2	10.0
55.84	10.0
135.52	10.0
169.2	10.0
228.48	10.0
281.12	10.0
284.4	10.0
306.12	10.0
369.04	10.0
475.2	10.0
477.72	10.0
543.08	10.0
618.96	10.0
682.32	10.0
760.84	10.0
809.48	10.0
918.96	10.0
1062.92	10.0
1166.36	10.0
1218.12	10.0
1247.24	10.0
1299.56	10.0
12.08	11.0
308.16	11.0
733.56	11.0
1328.56	11.0
76.88	11.0
90.04	11.0
94.24	11.0
124.08	11.0
138.08	11.0
146.48	11.0
160.56	11.0
199.64	11.0
253.08	11.0
283.44	11.0
338.76	11.0
365.72	11.0
400.36	11.0
465.8	11.0
491.36	11.0
524.92	11.0
646.56	11.0
694.36	11.0
710.6	11.0
741.8	11.0
835.08	11.0
858.88	11.0
896.96	11.0
915.8	11.0
944.32	11.0
974.68	11.0
999.52	11.0
1021.08	11.0
1034.2	11.0
1058.6	11.0
1140.28	11.0
1143.88	11.0
1269.48	11.0
1323.96	11.0
302.84	12.0
306.64	12.0
327.68	12.0
713.68	12.0
184.0	13.0
10.2	13.0
228.84	13.0
279.52	13.0
306.64	13.0
310.6	13.0
329.32	13.0
848.76	13.0
1025.88	13.0
1171.68	13.0
311.96	14.0
348.08	14.0
95.2	15.0
137.92	15.0
310.2	15.0
637.36	15.0
927.56	15.0
1025.96	15.0
1078.64	15.0
785.36	16.0
962.56	16.0
1201.04	16.0
131.76	17.0
280.52	20.0
307.24	20.0
322.68	20.0
501.08	20.0
12.16	21.0
136.0	21.0
175.68	21.0
240.88	21.0
314.92	21.0
332.64	21.0
350.44	21.0
424.68	21.0
578.0	21.0
649.44	21.0
716.24	21.0
759.68	21.0
792.12	21.0
853.2	21.0
943.16	21.0
951.44	21.0
979.04	21.0
1034.24	21.0
1115.36	21.0
1131.44	21.0
1163.08	21.0
1297.16	21.0
138.16	22.0
183.84	22.0
236.36	22.0
275.48	22.0
324.6	22.0
562.4	22.0
610.24	22.0
632.0	22.0
710.4	22.0
889.04	22.0
947.48	22.0
1059.28	22.0
1078.44	22.0
1167.08	22.0
1188.32	22.0
101.48	23.0
175.52	23.0
215.88	23.0
532.72	23.0
828.44	23.0
1140.92	23.0
1241.4	23.0
57.72	23.0
76.12	23.0
137.64	23.0
200.16	23.0
222.72	23.0
236.52	23.0
241.8	23.0
276.76	23.0
292.6	23.0
327.0	23.0
347.36	23.0
424.04	23.0
431.72	23.0
446.04	23.0
529.56	23.0
577.12	23.0
598.6	23.0
649.8	23.0
653.0	23.0
709.72	23.0
714.96	23.0
777.2	23.0
811.72	23.0
892.72	23.0
947.08	23.0
979.88	23.0
1010.96	23.0
1073.88	23.0
1101.76	23.0
1113.52	23.0
1155.64	23.0
1162.16	23.0
1188.48	23.0
1293.56	23.0
1302.28	23.0
947.32	24.0
311.2	24.0
316.8	24.0
325.52	24.0
1012.96	24.0
58.68	25.0
106.44	25.0
149.04	25.0
306.24	25.0
316.92	25.0
598.64	25.0
694.32	25.0
818.12	25.0
872.4	25.0
925.6	25.0
1004.4	25.0
1154.24	25.0
8.8	26.0
43.24	26.0
87.48	26.0
98.84	26.0
105.36	26.0
118.56	26.0
132.24	26.0
140.24	26.0
142.92	26.0
151.24	26.0
164.72	26.0
175.68	26.0
200.36	26.0
219.96	26.0
232.0	26.0
241.04	26.0
262.12	26.0
298.08	26.0
308.44	26.0
314.2	26.0
325.64	26.0
332.44	26.0
349.8	26.0
360.04	26.0
363.48	26.0
396.76	26.0
408.84	26.0
522.96	26.0
601.56	26.0
667.8	26.0
697.76	26.0
712.0	26.0
749.32	26.0
770.0	26.0
793.16	26.0
817.68	26.0
846.36	26.0
877.4	26.0
894.72	26.0
911.32	26.0
928.12	26.0
934.92	26.0
951.64	26.0
979.08	26.0
1006.44	26.0
1030.44	26.0
1053.44	26.0
1079.2	26.0
1091.92	26.0
1132.36	26.0
1159.76	26.0
1193.08	26.0
1217.32	26.0
1243.92	26.0
1320.6	26.0
6.04	27.0
310.88	27.0
330.88	27.0
362.12	27.0
388.2	27.0
449.44	27.0
695.44	27.0
816.04	27.0
852.68	27.0
887.08	27.0
913.84	27.0
972.16	27.0
988.52	27.0
1110.24	27.0
306.88	28.0
107.48	28.0
200.72	28.0
292.52	28.0
318.12	28.0
327.76	28.0
616.56	28.0
710.52	28.0
726.52	28.0
741.8	28.0
789.4	28.0
865.28	28.0
884.88	28.0
908.12	28.0
953.44	28.0
1268.08	28.0
1317.48	28.0
5.32	29.0
201.48	29.0
306.16	29.0
613.08	29.0
709.28	29.0
743.48	29.0
996.72	29.0
1315.0	29.0
56.36	30.0
106.6	30.0
134.04	30.0
179.6	30.0
311.4	30.0
326.04	30.0
650.16	30.0
847.52	30.0
924.76	30.0
949.76	30.0
1112.96	30.0
1161.84	30.0
321.84	31.0
307.68	33.0
302.44	34.0
311.12	34.0
351.64	34.0
1002.56	34.0
12.2	35.0
50.76	35.0
57.28	35.0
76.44	35.0
87.6	35.0
106.28	35.0
135.28	35.0
148.96	35.0
243.48	35.0
280.8	35.0
291.76	35.0
298.52	35.0
308.76	35.0
316.6	35.0
348.8	35.0
356.24	35.0
372.88	35.0
412.2	35.0
437.08	35.0
450.48	35.0
473.6	35.0
516.56	35.0
526.76	35.0
537.0	35.0
570.0	35.0
618.4	35.0
710.2	35.0
716.44	35.0
741.96	35.0
771.0	35.0
793.48	35.0
817.68	35.0
827.68	35.0
852.4	35.0
865.84	35.0
882.16	35.0
917.84	35.0
929.44	35.0
947.2	35.0
955.72	35.0
978.28	35.0
984.92	35.0
1007.28	35.0
1033.56	35.0
1048.44	35.0
1065.92	35.0
1075.76	35.0
1079.48	35.0
1113.04	35.0
1137.64	35.0
1148.44	35.0
1161.96	35.0
1193.36	35.0
1198.68	35.0
1270.56	35.0
1287.4	35.0
239.44	36.0
318.16	36.0
332.36	36.0
784.44	36.0
1081.2	36.0
