47.8	1.0
313.08	1.0
26.56	2.0
48.16	2.0
61.68	2.0
89.28	2.0
141.56	2.0
241.68	2.0
310.28	2.0
323.12	2.0
349.92	2.0
421.0	2.0
425.36	2.0
468.2	2.0
475.08	2.0
584.08	2.0
611.64	2.0
629.48	2.0
686.16	2.0
697.56	2.0
759.48	2.0
766.36	2.0
779.56	2.0
785.56	2.0
826.44	2.0
880.92	2.0
884.32	2.0
911.08	2.0
916.04	2.0
952.04	2.0
996.4	2.0
1028.28	2.0
1102.2	2.0
1108.08	2.0
1122.96	2.0
1136.32	2.0
1140.12	2.0
1169.72	2.0
1202.56	2.0
1258.88	2.0
1267.72	2.0
1305.08	2.0
1309.0	2.0
1324.72	2.0
1348.56	2.0
1364.2	2.0
313.44	3.0
1333.84	3.0
26.44	3.0
61.28	3.0
307.64	3.0
318.12	3.0
323.6	3.0
333.92	3.0
365.92	3.0
396.48	3.0
433.68	3.0
671.76	3.0
765.88	3.0
795.36	3.0
823.76	3.0
838.96	3.0
883.08	3.0
895.76	3.0
910.76	3.0
917.72	3.0
921.08	3.0
929.72	3.0
968.96	3.0
1028.44	3.0
1058.36	3.0
1113.08	3.0
1136.08	3.0
1139.24	3.0
1176.72	3.0
1258.6	3.0
1262.28	3.0
1364.0	3.0
315.4	4.0
1024.6	4.0
191.36	4.0
310.4	4.0
320.48	4.0
335.44	4.0
344.72	4.0
368.04	4.0
396.88	4.0
421.2	4.0
438.4	4.0
475.12	4.0
734.32	4.0
752.04	4.0
825.4	4.0
846.88	4.0
883.84	4.0
908.96	4.0
932.16	4.0
1047.96	4.0
1055.28	4.0
1179.12	4.0
306.96	5.0
310.64	5.0
787.0	5.0
108.28	6.0
276.2	6.0
317.8	6.0
343.8	6.0
435.6	6.0
570.08	6.0
826.72	6.0
954.08	6.0
1012.24	6.0
1094.68	6.0
112.6	7.0
211.92	7.0
1100.92	7.0
1406.76	7.0
325.76	7.0
932.88	7.0
21.2	8.0
217.4	8.0
307.64	8.0
319.12	8.0
350.64	8.0
421.68	8.0
475.36	8.0
518.0	8.0
559.2	8.0
646.48	8.0
665.04	8.0
802.44	8.0
825.48	8.0
872.28	8.0
903.28	8.0
949.6	8.0
973.52	8.0
1283.08	8.0
1316.92	8.0
57.72	9.0
90.12	9.0
124.16	9.0
318.56	9.0
364.32	9.0
642.56	9.0
685.08	9.0
786.56	9.0
833.52	9.0
954.88	9.0
1204.28	9.0
61.56	10.0
969.68	10.0
26.52	10.0
40.32	10.0
115.28	10.0
172.08	10.0
261.04	10.0
308.64	10.0
311.8	10.0
526.28	10.0
592.64	10.0
677.2	10.0
694.92	10.0
811.56	10.0
863.56	10.0
939.72	10.0
992.08	10.0
1202.28	10.0
1258.6	10.0
1301.92	10.0
1363.44	10.0
1419.08	10.0
307.84	11.0
671.8	11.0
839.68	11.0
968.96	11.0
1000.56	11.0
1058.28	11.0
1344.72	11.0
4.04	11.0
23.56	11.0
35.28	11.0
56.8	11.0
106.48	11.0
109.0	11.0
140.64	11.0
212.68	11.0
302.64	11.0
327.48	11.0
421.52	11.0
471.0	11.0
596.48	11.0
641.72	11.0
692.56	11.0
765.32	11.0
824.6	11.0
881.8	11.0
905.44	11.0
945.08	11.0
951.2	11.0
1020.52	11.0
1054.72	11.0
1109.56	11.0
1132.56	11.0
1170.44	11.0
1233.2	11.0
1236.28	11.0
1256.72	11.0
1310.12	11.0
1316.96	11.0
1361.36	11.0
302.92	12.0
308.4	12.0
306.64	13.0
321.72	13.0
332.08	13.0
782.76	13.0
157.72	14.0
70.48	14.0
96.68	14.0
127.04	14.0
195.56	14.0
278.04	14.0
370.84	14.0
398.28	14.0
413.12	14.0
421.76	14.0
544.8	14.0
726.04	14.0
769.04	14.0
990.88	14.0
1128.96	14.0
1179.12	14.0
1256.44	14.0
1287.28	14.0
147.32	15.0
325.08	15.0
367.44	15.0
483.4	15.0
795.28	15.0
1312.64	15.0
350.44	16.0
85.32	16.0
343.56	16.0
306.92	20.0
76.24	21.0
307.44	21.0
335.68	21.0
108.68	21.0
314.12	21.0
325.16	21.0
331.12	21.0
342.44	21.0
357.08	21.0
476.28	21.0
618.52	21.0
711.04	21.0
785.92	21.0
973.12	21.0
1002.6	21.0
1050.88	21.0
1075.6	21.0
1144.76	21.0
1244.8	21.0
1299.72	21.0
1319.44	21.0
1361.32	21.0
1430.88	21.0
307.4	22.0
17.24	22.0
21.8	22.0
89.96	22.0
203.08	22.0
310.56	22.0
402.56	22.0
1191.56	22.0
1294.08	22.0
328.4	23.0
57.88	23.0
74.52	23.0
177.52	23.0
277.68	23.0
321.08	23.0
373.24	23.0
425.76	23.0
466.08	23.0
469.76	23.0
558.0	23.0
648.96	23.0
679.72	23.0
825.56	23.0
956.72	23.0
1048.12	23.0
1114.44	23.0
1147.04	23.0
1184.28	23.0
306.96	24.0
317.64	24.0
329.48	24.0
349.4	24.0
1046.96	25.0
8.52	26.0
43.12	26.0
60.08	26.0
79.0	26.0
118.92	26.0
196.8	26.0
254.44	26.0
308.52	26.0
317.2	26.0
328.16	26.0
334.96	26.0
342.28	26.0
361.68	26.0
373.84	26.0
471.04	26.0
506.16	26.0
545.44	26.0
606.84	26.0
650.04	26.0
707.6	26.0
717.44	26.0
726.68	26.0
737.92	26.0
767.24	26.0
781.48	26.0
844.92	26.0
881.6	26.0
973.32	26.0
978.08	26.0
998.2	26.0
1024.04	26.0
1045.24	26.0
1071.32	26.0
1081.08	26.0
1105.48	26.0
1137.16	26.0
1149.4	26.0
1188.8	26.0
1211.76	26.0
1244.92	26.0
1285.4	26.0
1341.6	26.0
1361.04	26.0
1397.36	26.0
1440.72	26.0
17.08	27.0
61.48	27.0
230.84	27.0
327.84	27.0
739.28	27.0
1096.8	27.0
1117.24	27.0
1179.56	27.0
7.72	28.0
170.32	28.0
308.48	28.0
318.16	28.0
323.28	28.0
355.44	28.0
423.36	28.0
538.0	28.0
573.84	28.0
890.48	28.0
1064.52	28.0
1171.28	28.0
1203.88	28.0
1240.64	28.0
1311.44	28.0
77.08	29.0
120.72	29.0
136.56	29.0
307.64	29.0
342.28	29.0
485.56	29.0
573.64	29.0
605.96	29.0
996.36	29.0
1109.24	29.0
1171.0	29.0
1307.64	29.0
45.92	30.0
82.8	30.0
253.24	30.0
325.52	30.0
355.44	30.0
452.24	30.0
519.64	30.0
552.28	30.0
647.68	30.0
729.64	30.0
760.28	30.0
784.56	30.0
870.52	30.0
904.56	30.0
958.08	30.0
1026.56	30.0
1113.96	30.0
1271.28	30.0
1304.88	30.0
302.76	31.0
306.44	31.0
314.96	31.0
327.32	31.0
307.48	33.0
314.24	33.0
1234.24	33.0
302.44	34.0
324.64	34.0
69.36	34.0
151.36	34.0
310.36	34.0
720.04	34.0
936.8	34.0
1065.28	34.0
1167.68	34.0
1233.32	34.0
1305.84	34.0
1348.24	34.0
1392.04	34.0
310.24	35.0
917.72	35.0
6.16	35.0
19.56	35.0
28.0	35.0
58.12	35.0
63.56	35.0
74.44	35.0
113.84	35.0
135.04	35.0
150.12	35.0
160.16	35.0
175.12	35.0
194.12	35.0
252.32	35.0
307.12	35.0
326.32	35.0
329.52	35.0
345.44	35.0
361.52	35.0
373.64	35.0
424.0	35.0
453.92	35.0
473.36	35.0
525.08	35.0
539.52	35.0
579.16	35.0
603.84	35.0
633.0	35.0
648.64	35.0
667.08	35.0
720.48	35.0
741.12	35.0
745.16	35.0
777.0	35.0
826.0	35.0
854.76	35.0
914.2	35.0
953.2	35.0
957.88	35.0
976.2	35.0
988.36	35.0
993.36	35.0
1015.08	35.0
1036.24	35.0
1043.84	35.0
1046.52	35.0
1050.08	35.0
1070.92	35.0
1112.48	35.0
1140.08	35.0
1151.6	35.0
1167.8	35.0
1170.96	35.0
1180.92	35.0
1206.44	35.0
1223.04	35.0
1258.48	35.0
1269.12	35.0
1284.04	35.0
1291.68	35.0
1296.08	35.0
1308.32	35.0
1319.6	35.0
1341.32	35.0
1360.8	35.0
1383.6	35.0
1391.92	35.0
1394.72	35.0
1438.72	35.0
139.88	36.0
1394.28	36.0
