727.48	1.0
310.84	2.0
319.16	2.0
767.16	2.0
322.24	2.0
331.8	2.0
336.44	2.0
341.92	2.0
367.32	2.0
374.68	2.0
402.08	2.0
571.96	2.0
585.72	2.0
621.8	2.0
624.68	2.0
705.32	2.0
713.44	2.0
735.48	2.0
813.16	2.0
827.44	2.0
926.44	2.0
947.52	2.0
1005.12	2.0
1060.12	2.0
1129.48	2.0
1186.8	2.0
1270.0	2.0
1290.12	2.0
1310.04	2.0
336.28	3.0
830.2	3.0
311.92	3.0
323.76	3.0
331.52	3.0
512.36	3.0
544.2	3.0
571.72	3.0
590.56	3.0
622.08	3.0
634.48	3.0
705.08	3.0
882.48	3.0
938.52	3.0
1005.04	3.0
1048.44	3.0
1208.76	3.0
1270.2	3.0
1330.48	3.0
323.52	4.0
336.36	4.0
349.56	4.0
740.04	4.0
323.44	5.0
311.08	5.0
419.0	6.0
1158.8	6.0
360.88	6.0
362.76	7.0
704.32	7.0
1079.44	7.0
330.64	7.0
478.52	7.0
657.68	7.0
782.24	7.0
1263.0	7.0
309.92	8.0
313.44	8.0
378.68	8.0
402.56	8.0
424.04	8.0
462.28	8.0
537.08	8.0
603.6	8.0
733.48	8.0
1010.64	8.0
1133.68	8.0
1184.8	8.0
463.92	9.0
923.68	9.0
1081.04	9.0
1270.52	9.0
328.12	10.0
362.12	10.0
614.0	10.0
766.96	10.0
1220.12	10.0
309.84	10.0
319.04	10.0
322.28	10.0
324.84	10.0
339.08	10.0
365.32	10.0
516.96	10.0
618.88	10.0
675.64	10.0
782.48	10.0
923.8	10.0
1005.04	10.0
1040.6	10.0
1192.6	10.0
1303.44	10.0
313.32	11.0
332.12	11.0
354.64	11.0
512.4	11.0
1048.36	11.0
1303.48	11.0
310.4	11.0
335.96	11.0
351.2	11.0
402.4	11.0
405.08	11.0
568.76	11.0
617.08	11.0
622.36	11.0
926.4	11.0
705.28	12.0
302.84	12.0
319.08	12.0
334.6	12.0
347.6	12.0
638.84	12.0
328.04	13.0
312.2	13.0
322.28	13.0
340.32	13.0
348.56	13.0
362.64	13.0
406.0	13.0
440.92	13.0
310.56	14.0
324.32	14.0
348.88	14.0
400.64	14.0
535.52	14.0
569.32	14.0
608.96	14.0
736.0	14.0
937.36	14.0
357.48	15.0
334.28	15.0
717.4	16.0
1044.04	16.0
402.76	19.0
924.0	19.0
318.68	20.0
338.12	20.0
659.8	20.0
311.8	21.0
331.04	21.0
318.64	21.0
322.56	21.0
337.6	21.0
341.44	21.0
344.68	21.0
399.56	21.0
417.2	21.0
462.88	21.0
487.64	21.0
493.56	21.0
525.6	21.0
563.48	21.0
586.28	21.0
636.4	21.0
692.12	21.0
694.84	21.0
732.0	21.0
739.24	21.0
777.76	21.0
784.48	21.0
801.92	21.0
830.04	21.0
874.2	21.0
909.76	21.0
970.48	21.0
1022.96	21.0
1068.0	21.0
1133.2	21.0
1268.32	21.0
1296.16	21.0
312.72	22.0
321.04	22.0
342.16	22.0
356.8	22.0
408.0	22.0
620.0	22.0
702.12	22.0
732.36	22.0
747.64	22.0
852.48	22.0
477.68	23.0
502.0	23.0
535.88	23.0
569.52	23.0
704.52	23.0
734.2	23.0
1038.24	23.0
309.52	23.0
313.48	23.0
318.4	23.0
321.76	23.0
334.4	23.0
363.88	23.0
431.88	23.0
667.96	23.0
775.28	23.0
819.4	23.0
922.64	23.0
933.88	23.0
1041.68	23.0
1167.44	23.0
1222.48	23.0
1257.4	23.0
987.04	24.0
322.52	24.0
325.76	24.0
332.68	24.0
348.08	24.0
322.72	25.0
310.24	25.0
328.52	25.0
333.4	25.0
343.64	25.0
357.36	25.0
414.88	25.0
641.08	25.0
708.48	25.0
773.32	25.0
845.2	25.0
324.56	26.0
435.96	26.0
461.28	26.0
802.76	26.0
309.16	26.0
321.0	26.0
329.32	26.0
334.32	26.0
342.36	26.0
346.88	26.0
374.32	26.0
408.8	26.0
417.96	26.0
472.08	26.0
498.12	26.0
509.8	26.0
520.24	26.0
540.76	26.0
557.16	26.0
570.4	26.0
583.2	26.0
597.32	26.0
613.16	26.0
643.64	26.0
681.12	26.0
685.88	26.0
710.84	26.0
743.28	26.0
773.0	26.0
799.48	26.0
822.2	26.0
848.36	26.0
871.88	26.0
888.28	26.0
893.32	26.0
919.76	26.0
943.8	26.0
976.72	26.0
998.84	26.0
1043.08	26.0
1081.8	26.0
1106.96	26.0
1120.6	26.0
1165.88	26.0
1211.76	26.0
1284.0	26.0
324.36	27.0
346.76	27.0
592.36	27.0
693.52	27.0
780.32	27.0
826.64	27.0
862.16	27.0
1050.2	27.0
1147.16	27.0
313.88	28.0
321.84	28.0
341.32	28.0
345.96	28.0
463.6	28.0
675.48	28.0
770.64	28.0
878.08	28.0
962.76	28.0
1003.92	28.0
1270.16	28.0
329.44	29.0
340.92	29.0
440.72	29.0
540.48	29.0
620.92	29.0
670.52	29.0
711.76	29.0
739.76	29.0
907.52	29.0
1048.28	29.0
310.0	30.0
319.04	30.0
326.24	30.0
340.8	30.0
348.92	30.0
362.0	30.0
377.6	30.0
401.96	30.0
437.4	30.0
442.04	30.0
487.64	30.0
605.44	30.0
645.76	30.0
774.04	30.0
864.28	30.0
937.0	30.0
1078.92	30.0
1121.96	30.0
1148.72	30.0
1183.0	30.0
1289.4	30.0
1317.36	30.0
309.4	31.0
332.16	31.0
340.64	31.0
315.0	33.0
318.44	33.0
341.52	33.0
302.52	34.0
364.2	34.0
335.44	34.0
571.6	34.0
702.44	34.0
776.96	34.0
1040.08	34.0
310.28	35.0
324.12	35.0
332.04	35.0
335.2	35.0
338.96	35.0
345.12	35.0
350.96	35.0
359.32	35.0
370.6	35.0
377.72	35.0
382.64	35.0
394.0	35.0
420.88	35.0
438.2	35.0
442.88	35.0
450.92	35.0
467.16	35.0
487.08	35.0
504.36	35.0
522.36	35.0
542.88	35.0
547.76	35.0
556.08	35.0
566.4	35.0
569.76	35.0
573.84	35.0
587.6	35.0
611.36	35.0
641.52	35.0
654.68	35.0
657.28	35.0
666.0	35.0
674.96	35.0
687.52	35.0
710.08	35.0
722.44	35.0
737.0	35.0
749.32	35.0
758.12	35.0
774.76	35.0
778.08	35.0
798.32	35.0
801.36	35.0
823.88	35.0
853.4	35.0
861.8	35.0
893.2	35.0
901.96	35.0
922.36	35.0
935.84	35.0
945.48	35.0
972.52	35.0
986.88	35.0
1045.96	35.0
1051.68	35.0
1064.44	35.0
1081.44	35.0
1137.16	35.0
1140.72	35.0
1247.12	35.0
1269.36	35.0
1317.12	35.0
1325.24	35.0
313.24	36.0
