334.16	1.0
354.48	1.0
330.36	2.0
430.24	2.0
638.72	2.0
314.44	2.0
317.0	2.0
325.04	2.0
334.88	2.0
338.48	2.0
341.96	2.0
350.4	2.0
354.8	2.0
584.8	2.0
350.12	3.0
314.36	3.0
323.88	3.0
328.76	3.0
331.84	3.0
335.08	3.0
342.28	3.0
353.2	3.0
558.32	3.0
593.72	3.0
694.92	3.0
825.28	3.0
313.64	4.0
334.76	4.0
331.08	5.0
586.4	5.0
316.28	6.0
321.24	6.0
342.72	6.0
439.68	6.0
588.76	6.0
484.8	7.0
588.44	7.0
707.36	7.0
314.64	7.0
338.68	7.0
358.76	7.0
367.6	7.0
315.96	8.0
330.24	8.0
351.24	8.0
405.4	8.0
434.36	8.0
455.2	8.0
505.36	8.0
571.32	8.0
916.64	8.0
326.08	9.0
330.08	9.0
341.4	9.0
316.68	10.0
328.16	10.0
476.2	10.0
529.24	10.0
605.52	10.0
637.32	10.0
772.64	10.0
312.96	10.0
330.92	10.0
340.92	10.0
598.24	10.0
819.6	10.0
448.12	11.0
626.6	11.0
694.92	11.0
825.36	11.0
314.92	11.0
324.32	11.0
327.2	11.0
355.12	11.0
302.56	12.0
314.4	12.0
330.24	12.0
350.8	12.0
483.36	12.0
565.12	12.0
317.16	13.0
321.8	13.0
330.52	13.0
340.32	13.0
364.56	13.0
407.52	13.0
398.68	14.0
337.6	14.0
352.6	14.0
448.12	14.0
515.32	14.0
518.36	14.0
586.0	14.0
666.6	14.0
716.64	14.0
778.84	14.0
315.24	15.0
321.24	15.0
567.92	15.0
315.56	16.0
322.24	17.0
321.44	18.0
317.36	20.0
330.12	20.0
334.88	21.0
317.16	21.0
322.76	21.0
328.92	21.0
331.44	21.0
355.08	21.0
377.64	21.0
395.8	21.0
433.6	21.0
491.32	21.0
493.92	21.0
556.84	21.0
579.08	21.0
638.8	21.0
656.72	21.0
705.88	21.0
321.24	22.0
329.16	22.0
349.8	22.0
586.2	23.0
312.64	23.0
321.8	23.0
326.56	23.0
332.16	23.0
346.96	23.0
367.56	23.0
484.72	23.0
617.0	23.0
693.84	23.0
515.16	24.0
314.96	24.0
322.68	24.0
327.68	24.0
333.0	24.0
341.52	24.0
315.16	25.0
329.68	25.0
354.0	25.0
499.12	25.0
568.88	25.0
413.16	26.0
445.28	26.0
565.8	26.0
638.04	26.0
315.6	26.0
324.12	26.0
329.48	26.0
342.8	26.0
352.52	26.0
384.08	26.0
409.4	26.0
440.52	26.0
463.12	26.0
481.2	26.0
500.72	26.0
516.96	26.0
540.28	26.0
570.72	26.0
613.36	26.0
628.04	26.0
664.36	26.0
719.36	26.0
780.84	26.0
856.0	26.0
870.4	26.0
317.48	27.0
413.32	27.0
587.96	27.0
638.2	27.0
316.88	28.0
329.68	28.0
336.4	28.0
341.08	28.0
351.84	28.0
314.4	29.0
316.92	29.0
315.08	30.0
326.64	30.0
345.92	30.0
353.72	30.0
366.52	30.0
395.6	30.0
435.56	30.0
458.0	30.0
504.48	30.0
559.32	30.0
585.88	30.0
634.4	30.0
760.16	30.0
809.12	30.0
315.76	31.0
330.52	31.0
345.68	31.0
332.6	33.0
326.76	33.0
302.52	34.0
315.04	34.0
330.16	34.0
332.96	35.0
587.0	35.0
313.32	35.0
317.6	35.0
327.16	35.0
330.0	35.0
339.48	35.0
346.08	35.0
350.24	35.0
364.6	35.0
374.72	35.0
382.52	35.0
388.36	35.0
396.84	35.0
400.04	35.0
410.6	35.0
421.6	35.0
439.36	35.0
452.2	35.0
465.84	35.0
479.88	35.0
492.12	35.0
514.96	35.0
527.28	35.0
569.28	35.0
584.0	35.0
597.72	35.0
601.88	35.0
618.6	35.0
637.28	35.0
661.32	35.0
665.68	35.0
689.0	35.0
701.76	35.0
721.08	35.0
736.56	35.0
776.64	35.0
830.04	35.0
857.68	35.0
363.24	36.0
327.76	36.0
