329.32	1.0
569.72	1.0
674.96	1.0
729.72	1.0
311.64	2.0
591.48	2.0
314.68	2.0
319.48	2.0
322.8	2.0
336.2	2.0
339.64	2.0
368.36	2.0
379.28	2.0
426.92	2.0
433.0	2.0
471.76	2.0
490.6	2.0
514.12	2.0
517.76	2.0
526.08	2.0
530.04	2.0
533.28	2.0
554.28	2.0
560.76	2.0
565.24	2.0
570.12	2.0
576.84	2.0
588.08	2.0
604.8	2.0
613.08	2.0
621.32	2.0
643.8	2.0
650.96	2.0
653.84	2.0
658.96	2.0
666.52	2.0
675.32	2.0
682.88	2.0
693.32	2.0
699.88	2.0
712.88	2.0
751.36	2.0
827.24	2.0
831.56	2.0
1072.04	2.0
310.04	3.0
326.6	3.0
314.04	3.0
318.16	3.0
322.44	3.0
339.56	3.0
345.52	3.0
359.96	3.0
368.08	3.0
393.04	3.0
502.92	3.0
571.76	3.0
588.24	3.0
591.88	3.0
624.28	3.0
683.84	3.0
696.64	3.0
798.68	3.0
1104.48	3.0
1153.32	3.0
1239.28	3.0
325.88	4.0
321.84	5.0
1074.72	5.0
310.32	5.0
326.8	5.0
410.88	5.0
624.68	5.0
314.88	6.0
347.72	6.0
365.8	6.0
416.28	6.0
478.56	6.0
604.24	6.0
692.6	6.0
828.28	6.0
1106.68	6.0
1265.56	6.0
312.0	7.0
320.64	7.0
416.16	7.0
444.76	7.0
551.28	7.0
589.96	7.0
337.32	7.0
371.28	7.0
393.68	7.0
409.16	7.0
322.24	8.0
747.44	8.0
1037.28	8.0
243.36	8.0
309.6	8.0
318.92	8.0
329.48	8.0
334.44	8.0
345.84	8.0
456.92	8.0
478.36	8.0
1063.16	8.0
1078.8	8.0
1115.36	8.0
1168.44	8.0
1231.36	8.0
1271.24	8.0
323.8	9.0
345.76	10.0
423.8	10.0
552.48	10.0
571.4	10.0
647.44	10.0
653.36	10.0
705.28	10.0
719.88	10.0
1274.8	10.0
309.6	10.0
312.88	10.0
318.92	10.0
322.84	10.0
326.2	10.0
335.36	10.0
514.16	10.0
591.44	10.0
624.16	10.0
641.56	10.0
839.88	10.0
1076.76	10.0
302.52	11.0
325.52	11.0
502.92	11.0
624.28	11.0
662.76	11.0
798.72	11.0
1153.4	11.0
309.36	11.0
312.08	11.0
314.88	11.0
318.6	11.0
322.12	11.0
392.84	11.0
538.16	11.0
565.12	11.0
636.36	11.0
1093.16	11.0
302.52	12.0
514.56	12.0
1070.32	12.0
312.12	12.0
324.16	12.0
1016.84	12.0
1054.96	12.0
1084.96	12.0
1094.32	12.0
311.4	13.0
322.24	13.0
328.4	13.0
1159.76	13.0
314.56	14.0
320.28	14.0
327.6	14.0
338.56	14.0
410.56	14.0
473.04	14.0
329.0	15.0
624.36	15.0
327.96	18.0
310.72	19.0
313.28	20.0
330.2	20.0
336.8	20.0
360.64	20.0
436.88	20.0
320.92	21.0
361.24	21.0
324.0	21.0
329.04	21.0
331.56	21.0
338.36	21.0
354.12	21.0
391.28	21.0
410.24	21.0
436.32	21.0
472.2	21.0
483.44	21.0
493.64	21.0
541.88	21.0
581.44	21.0
602.48	21.0
630.0	21.0
693.36	21.0
727.68	21.0
734.12	21.0
781.36	21.0
1077.88	21.0
1081.56	21.0
1095.96	21.0
1137.0	21.0
537.92	22.0
311.28	22.0
319.36	22.0
323.4	22.0
332.92	22.0
624.44	22.0
1074.2	22.0
1093.36	22.0
1130.88	22.0
1123.76	23.0
1130.32	23.0
319.04	23.0
330.52	23.0
369.28	23.0
376.2	23.0
664.0	23.0
1046.44	23.0
1062.72	23.0
1074.76	23.0
1084.68	23.0
1094.0	23.0
1105.4	23.0
1147.76	23.0
1170.28	23.0
310.44	24.0
320.44	24.0
325.52	24.0
337.72	24.0
378.04	24.0
526.76	24.0
1086.84	24.0
1092.84	24.0
1151.64	24.0
320.64	25.0
327.72	25.0
338.72	25.0
363.88	25.0
393.16	25.0
583.64	25.0
660.56	25.0
1180.64	25.0
1211.36	25.0
399.0	26.0
436.64	26.0
1205.56	26.0
320.72	26.0
329.2	26.0
332.88	26.0
346.32	26.0
366.68	26.0
395.44	26.0
427.28	26.0
448.44	26.0
478.68	26.0
483.36	26.0
514.64	26.0
527.36	26.0
585.68	26.0
588.28	26.0
616.36	26.0
659.8	26.0
663.72	26.0
695.2	26.0
698.56	26.0
726.04	26.0
753.6	26.0
810.28	26.0
1020.92	26.0
1052.44	26.0
1076.32	26.0
1092.0	26.0
1119.4	26.0
1127.04	26.0
1165.84	26.0
1182.8	26.0
1188.84	26.0
1213.96	26.0
1256.52	26.0
1274.56	26.0
320.88	27.0
340.76	27.0
497.84	27.0
571.64	27.0
637.32	27.0
804.12	27.0
1023.8	27.0
1186.92	27.0
309.56	28.0
313.48	28.0
319.52	28.0
323.4	28.0
327.92	28.0
335.96	28.0
340.04	28.0
1036.96	28.0
1110.96	28.0
647.12	29.0
723.48	29.0
73.32	30.0
207.2	30.0
228.56	30.0
263.8	30.0
319.68	30.0
327.48	30.0
333.32	30.0
347.52	30.0
427.2	30.0
432.04	30.0
478.56	30.0
539.12	30.0
653.56	30.0
672.84	30.0
704.84	30.0
1115.24	30.0
1176.88	30.0
1202.6	30.0
1257.08	30.0
313.0	31.0
323.88	31.0
326.48	31.0
330.68	31.0
1102.56	31.0
1149.16	31.0
1091.6	33.0
302.52	34.0
1084.2	34.0
310.2	35.0
314.76	35.0
321.12	35.0
324.04	35.0
330.0	35.0
332.52	35.0
346.2	35.0
349.28	35.0
356.6	35.0
360.04	35.0
363.64	35.0
371.84	35.0
374.64	35.0
387.6	35.0
404.92	35.0
419.28	35.0
437.28	35.0
455.76	35.0
460.92	35.0
471.32	35.0
474.36	35.0
493.6	35.0
517.28	35.0
586.2	35.0
634.32	35.0
663.88	35.0
683.0	35.0
687.48	35.0
778.6	35.0
1092.64	35.0
1102.04	35.0
1119.36	35.0
1151.2	35.0
1170.16	35.0
320.72	36.0
