315.8	1.0
327.92	1.0
420.44	1.0
323.52	2.0
331.2	2.0
309.76	2.0
314.56	2.0
317.2	2.0
320.6	2.0
328.36	2.0
337.6	2.0
344.64	2.0
352.6	2.0
367.56	2.0
384.84	2.0
393.0	2.0
406.12	2.0
420.76	2.0
433.88	2.0
466.68	2.0
516.72	2.0
519.24	2.0
527.64	2.0
579.24	2.0
657.8	2.0
692.0	2.0
333.72	3.0
309.6	3.0
314.76	3.0
318.72	3.0
321.24	3.0
324.2	3.0
327.84	3.0
340.28	3.0
344.36	3.0
366.32	3.0
379.48	3.0
384.4	3.0
480.24	3.0
534.0	3.0
552.12	3.0
632.0	3.0
678.76	3.0
748.32	3.0
621.84	4.0
310.2	4.0
313.24	4.0
463.8	5.0
515.2	5.0
310.48	5.0
323.32	5.0
330.4	5.0
319.04	6.0
312.04	6.0
365.32	6.0
565.76	6.0
309.16	7.0
333.08	7.0
592.08	7.0
317.64	7.0
321.0	7.0
339.28	7.0
350.56	7.0
373.2	7.0
434.4	7.0
549.6	7.0
669.8	8.0
310.4	8.0
332.68	8.0
342.08	8.0
397.76	8.0
504.8	8.0
902.64	8.0
339.52	9.0
538.44	9.0
318.76	10.0
321.32	10.0
409.32	10.0
469.56	10.0
525.28	10.0
576.08	10.0
778.32	10.0
309.52	10.0
312.96	10.0
330.36	10.0
337.16	10.0
344.64	10.0
352.72	10.0
384.8	10.0
519.16	10.0
771.76	10.0
971.32	10.0
323.16	11.0
534.08	11.0
575.72	11.0
678.84	11.0
748.36	11.0
310.84	11.0
318.16	11.0
341.08	11.0
382.56	11.0
528.68	12.0
1030.28	12.0
302.92	12.0
311.24	12.0
317.68	12.0
332.68	12.0
310.48	13.0
328.2	13.0
317.16	13.0
334.92	13.0
384.44	13.0
537.28	13.0
581.48	13.0
319.64	14.0
341.52	14.0
345.04	14.0
384.8	14.0
329.76	15.0
527.24	16.0
318.4	20.0
340.12	20.0
354.92	20.0
311.56	21.0
315.16	21.0
344.36	21.0
322.52	21.0
326.6	21.0
330.92	21.0
333.44	21.0
341.24	21.0
352.0	21.0
383.32	21.0
391.32	21.0
424.76	21.0
435.4	21.0
468.88	21.0
487.28	21.0
490.8	21.0
519.44	21.0
547.56	21.0
639.48	21.0
737.44	21.0
788.28	21.0
306.0	22.0
315.2	22.0
321.44	22.0
312.04	22.0
318.68	22.0
330.64	22.0
341.76	22.0
350.2	22.0
353.08	22.0
550.12	22.0
624.64	22.0
734.2	22.0
769.24	22.0
881.28	22.0
943.84	22.0
733.92	23.0
781.16	23.0
880.4	23.0
894.24	23.0
312.52	23.0
318.6	23.0
324.0	23.0
337.36	23.0
379.12	23.0
382.72	23.0
524.72	23.0
551.0	23.0
581.16	23.0
663.2	23.0
751.44	23.0
801.72	23.0
317.68	24.0
323.32	24.0
334.64	24.0
315.64	25.0
321.56	25.0
338.84	25.0
535.24	26.0
580.0	26.0
312.52	26.0
316.0	26.0
321.44	26.0
328.56	26.0
351.6	26.0
362.96	26.0
372.52	26.0
407.92	26.0
423.72	26.0
470.12	26.0
477.6	26.0
495.72	26.0
526.64	26.0
552.12	26.0
575.2	26.0
595.08	26.0
602.8	26.0
641.36	26.0
663.6	26.0
769.16	26.0
772.24	26.0
309.04	27.0
318.92	27.0
339.16	27.0
460.12	28.0
310.64	28.0
314.4	28.0
318.84	28.0
321.36	28.0
324.36	28.0
335.28	28.0
355.84	28.0
538.12	28.0
352.92	29.0
534.8	29.0
309.84	30.0
317.16	30.0
327.44	30.0
331.24	30.0
340.88	30.0
375.2	30.0
380.44	30.0
405.16	30.0
435.88	30.0
447.4	30.0
489.32	30.0
512.96	30.0
549.36	30.0
729.8	30.0
815.48	30.0
306.0	31.0
311.36	31.0
327.68	31.0
332.04	31.0
338.24	31.0
354.24	31.0
318.8	33.0
302.52	34.0
315.64	34.0
972.84	34.0
311.76	35.0
314.64	35.0
324.64	35.0
328.56	35.0
333.6	35.0
341.04	35.0
343.76	35.0
350.48	35.0
354.88	35.0
368.28	35.0
373.92	35.0
384.6	35.0
401.72	35.0
424.28	35.0
444.84	35.0
503.92	35.0
524.68	35.0
532.88	35.0
589.12	35.0
599.96	35.0
623.84	35.0
549.6	36.0
319.48	36.0
342.12	36.0
524.48	36.0
