319.2	1.0
331.04	1.0
318.52	2.0
612.64	2.0
312.12	2.0
315.52	2.0
321.2	2.0
327.24	2.0
332.2	2.0
339.84	2.0
361.0	2.0
495.36	2.0
530.48	2.0
535.64	2.0
538.92	2.0
584.2	2.0
601.2	2.0
635.28	2.0
638.0	2.0
654.72	2.0
690.24	2.0
716.16	2.0
723.32	2.0
733.32	2.0
742.16	2.0
753.04	2.0
767.44	2.0
780.56	2.0
783.52	2.0
812.2	2.0
830.4	2.0
856.36	2.0
884.48	2.0
310.0	3.0
313.28	3.0
322.16	3.0
326.68	3.0
330.2	3.0
332.92	3.0
343.88	3.0
368.52	3.0
382.44	3.0
396.32	3.0
425.8	3.0
446.28	3.0
489.2	3.0
597.8	3.0
612.48	3.0
643.44	3.0
654.44	3.0
681.2	3.0
705.6	3.0
726.76	3.0
733.52	3.0
750.6	3.0
781.2	3.0
789.32	3.0
811.96	3.0
840.76	3.0
847.8	3.0
878.36	3.0
883.52	3.0
915.32	3.0
343.96	4.0
665.76	4.0
763.64	4.0
908.4	4.0
911.04	4.0
309.96	4.0
324.08	4.0
329.36	4.0
348.6	4.0
790.04	4.0
845.28	4.0
346.4	5.0
499.96	5.0
335.32	5.0
317.64	6.0
323.24	6.0
326.64	6.0
345.08	6.0
384.76	6.0
463.64	6.0
518.52	6.0
618.28	6.0
660.2	6.0
711.28	6.0
767.36	6.0
853.08	6.0
879.68	6.0
310.48	7.0
328.76	7.0
344.04	7.0
376.48	7.0
306.0	8.0
824.28	8.0
310.28	8.0
318.76	8.0
324.76	8.0
330.84	8.0
349.52	8.0
386.44	8.0
882.32	8.0
311.68	9.0
318.16	9.0
340.44	9.0
772.2	9.0
788.2	9.0
318.52	10.0
499.16	10.0
543.44	10.0
571.12	10.0
614.04	10.0
706.12	10.0
720.6	10.0
312.68	10.0
315.4	10.0
323.8	10.0
340.04	10.0
765.56	10.0
322.28	11.0
366.16	11.0
396.4	11.0
569.8	11.0
592.6	11.0
615.92	11.0
681.28	11.0
716.0	11.0
788.16	11.0
883.52	11.0
309.52	11.0
312.04	11.0
318.52	11.0
326.44	11.0
333.24	11.0
337.48	11.0
377.4	11.0
385.8	11.0
602.76	11.0
613.36	11.0
643.56	11.0
720.64	11.0
730.96	11.0
737.32	11.0
753.12	11.0
784.32	11.0
809.68	11.0
812.24	11.0
843.68	11.0
853.88	11.0
919.8	11.0
302.6	12.0
631.56	12.0
748.76	12.0
753.0	12.0
318.8	12.0
348.88	12.0
412.2	12.0
323.32	13.0
310.64	13.0
313.44	13.0
378.56	13.0
406.76	13.0
477.76	13.0
581.6	13.0
668.08	13.0
323.96	14.0
344.96	14.0
329.16	14.0
348.08	14.0
357.2	14.0
443.84	14.0
532.72	14.0
319.6	15.0
313.36	15.0
643.76	17.0
850.08	17.0
341.68	19.0
316.0	20.0
321.24	20.0
312.6	20.0
395.0	20.0
878.48	20.0
313.16	21.0
341.08	21.0
359.6	21.0
540.36	21.0
310.0	21.0
316.4	21.0
320.48	21.0
323.4	21.0
328.56	21.0
333.4	21.0
338.56	21.0
344.52	21.0
349.36	21.0
356.72	21.0
367.6	21.0
383.84	21.0
389.12	21.0
411.88	21.0
428.04	21.0
445.32	21.0
472.32	21.0
475.8	21.0
500.92	21.0
549.96	21.0
567.16	21.0
652.92	21.0
685.24	21.0
754.36	21.0
789.64	21.0
879.52	21.0
313.72	22.0
320.2	22.0
327.72	22.0
333.72	22.0
339.08	22.0
599.56	22.0
652.4	22.0
707.6	22.0
734.32	22.0
481.88	23.0
610.68	23.0
310.96	23.0
319.04	23.0
325.88	23.0
330.92	23.0
334.04	23.0
348.68	23.0
377.4	23.0
427.48	23.0
492.84	23.0
497.96	23.0
544.76	23.0
603.24	23.0
659.68	23.0
703.28	23.0
754.36	23.0
811.52	23.0
844.52	23.0
316.52	24.0
323.84	24.0
334.28	24.0
343.56	24.0
382.0	24.0
495.4	24.0
309.04	25.0
319.52	25.0
322.88	25.0
346.2	25.0
362.48	25.0
311.92	26.0
315.4	26.0
319.16	26.0
323.12	26.0
327.56	26.0
334.12	26.0
341.96	26.0
349.48	26.0
363.6	26.0
385.92	26.0
404.0	26.0
415.28	26.0
436.24	26.0
449.52	26.0
458.76	26.0
461.64	26.0
467.76	26.0
478.28	26.0
514.8	26.0
564.0	26.0
599.84	26.0
632.84	26.0
677.6	26.0
755.4	26.0
811.92	26.0
898.16	26.0
911.16	26.0
944.64	26.0
1031.24	26.0
504.08	27.0
318.8	27.0
706.28	27.0
728.12	27.0
791.52	27.0
871.08	27.0
341.32	28.0
876.2	28.0
311.32	28.0
316.6	28.0
329.08	28.0
348.4	28.0
359.4	28.0
372.16	28.0
383.32	28.0
400.64	28.0
421.28	28.0
619.04	28.0
786.64	28.0
862.2	28.0
316.36	29.0
326.4	29.0
332.92	29.0
709.88	29.0
769.52	29.0
859.48	29.0
311.04	30.0
318.76	30.0
331.96	30.0
344.08	30.0
350.92	30.0
385.44	30.0
410.4	30.0
446.32	30.0
475.44	30.0
571.92	30.0
618.24	30.0
685.32	30.0
740.32	30.0
789.16	30.0
853.0	30.0
878.92	30.0
886.56	30.0
310.32	31.0
318.24	31.0
322.52	31.0
331.64	31.0
357.88	31.0
380.56	31.0
386.44	31.0
839.44	31.0
322.88	32.0
322.52	33.0
341.08	33.0
750.64	33.0
302.48	34.0
359.48	34.0
383.72	34.0
312.8	34.0
316.92	34.0
319.44	34.0
818.48	34.0
341.24	35.0
310.84	35.0
320.12	35.0
323.04	35.0
326.6	35.0
332.92	35.0
345.36	35.0
354.72	35.0
358.76	35.0
364.84	35.0
370.76	35.0
382.6	35.0
388.8	35.0
402.12	35.0
420.16	35.0
439.52	35.0
453.44	35.0
462.88	35.0
480.04	35.0
482.88	35.0
500.0	35.0
514.72	35.0
521.92	35.0
610.52	35.0
614.04	35.0
672.2	35.0
712.28	35.0
741.56	35.0
758.12	35.0
770.72	35.0
773.72	35.0
858.04	35.0
323.96	36.0
337.96	36.0
