309.52	1.0
660.56	1.0
750.36	1.0
169.8	1.0
328.2	1.0
984.24	1.0
1042.32	1.0
168.96	2.0
188.6	2.0
268.4	2.0
173.04	2.0
175.92	2.0
178.92	2.0
181.76	2.0
192.32	2.0
200.16	2.0
206.68	2.0
215.28	2.0
222.68	2.0
234.64	2.0
238.24	2.0
265.88	2.0
271.44	2.0
307.68	2.0
311.4	2.0
314.68	2.0
328.6	2.0
351.08	2.0
458.64	2.0
513.12	2.0
523.56	2.0
582.48	2.0
613.68	2.0
616.2	2.0
630.84	2.0
636.2	2.0
644.72	2.0
659.08	2.0
661.72	2.0
685.28	2.0
726.88	2.0
741.68	2.0
750.44	2.0
755.72	2.0
771.92	2.0
798.88	2.0
812.72	2.0
816.68	2.0
861.32	2.0
905.56	2.0
925.16	2.0
942.64	2.0
947.16	2.0
971.72	2.0
976.52	2.0
984.16	2.0
997.68	2.0
1001.48	2.0
1006.24	2.0
1013.92	2.0
1017.08	2.0
1042.76	2.0
1072.48	2.0
1090.88	2.0
1098.76	2.0
1112.32	2.0
1171.28	2.0
1179.92	2.0
1190.56	2.0
1247.48	2.0
1293.68	2.0
188.88	3.0
321.88	3.0
176.64	3.0
197.32	3.0
209.56	3.0
213.4	3.0
222.84	3.0
233.96	3.0
237.16	3.0
254.6	3.0
271.72	3.0
274.76	3.0
289.2	3.0
318.4	3.0
338.72	3.0
385.64	3.0
429.4	3.0
574.24	3.0
577.44	3.0
600.92	3.0
656.16	3.0
660.24	3.0
668.0	3.0
685.64	3.0
689.24	3.0
709.48	3.0
732.08	3.0
747.68	3.0
755.84	3.0
775.64	3.0
796.92	3.0
828.08	3.0
849.48	3.0
875.88	3.0
879.76	3.0
972.2	3.0
977.44	3.0
996.16	3.0
1053.12	3.0
1083.04	3.0
1115.8	3.0
1122.72	3.0
1302.28	3.0
550.56	4.0
553.36	4.0
578.32	4.0
709.44	4.0
309.68	4.0
655.44	4.0
680.56	4.0
690.08	4.0
711.96	4.0
739.96	4.0
773.12	4.0
778.8	4.0
799.56	4.0
827.72	4.0
848.96	4.0
878.8	4.0
936.92	4.0
971.44	4.0
993.36	4.0
1025.08	4.0
1085.44	4.0
1189.12	4.0
192.52	5.0
221.96	5.0
308.64	5.0
996.36	5.0
178.24	6.0
263.6	6.0
306.72	6.0
318.36	6.0
359.0	6.0
434.04	6.0
515.72	6.0
584.04	6.0
623.6	6.0
679.56	6.0
736.96	6.0
775.96	6.0
819.04	6.0
838.32	6.0
847.56	6.0
947.2	6.0
992.32	6.0
1011.36	6.0
1040.24	6.0
1091.0	6.0
1212.64	6.0
474.28	7.0
763.76	7.0
787.0	7.0
271.52	7.0
275.32	7.0
307.72	7.0
722.12	7.0
973.08	7.0
1108.44	7.0
192.44	8.0
307.24	8.0
898.52	8.0
203.48	8.0
211.48	8.0
290.72	8.0
341.64	8.0
466.2	8.0
534.32	8.0
656.88	8.0
711.08	8.0
750.36	8.0
833.48	8.0
978.48	8.0
1038.36	8.0
1087.84	8.0
1108.6	8.0
1289.76	8.0
172.08	9.0
201.4	9.0
531.8	9.0
572.68	9.0
635.48	9.0
658.24	9.0
688.04	9.0
1231.76	9.0
214.56	10.0
311.0	10.0
403.32	10.0
799.12	10.0
934.48	10.0
1257.16	10.0
167.56	10.0
170.12	10.0
176.24	10.0
178.76	10.0
182.76	10.0
198.88	10.0
209.48	10.0
223.92	10.0
238.76	10.0
308.0	10.0
462.8	10.0
616.16	10.0
632.2	10.0
677.48	10.0
727.48	10.0
1014.28	10.0
1282.48	10.0
274.84	11.0
297.76	11.0
307.04	11.0
432.0	11.0
996.2	11.0
1244.04	11.0
179.8	11.0
187.88	11.0
200.88	11.0
203.76	11.0
211.8	11.0
220.6	11.0
236.64	11.0
252.12	11.0
255.76	11.0
264.56	11.0
267.08	11.0
314.24	11.0
321.4	11.0
326.28	11.0
386.72	11.0
490.68	11.0
557.28	11.0
566.0	11.0
613.08	11.0
634.04	11.0
660.2	11.0
669.04	11.0
676.48	11.0
707.4	11.0
741.8	11.0
769.16	11.0
800.24	11.0
811.76	11.0
854.64	11.0
859.76	11.0
873.92	11.0
904.76	11.0
907.76	11.0
943.36	11.0
946.36	11.0
972.36	11.0
978.84	11.0
1015.12	11.0
1035.36	11.0
1091.28	11.0
1110.8	11.0
1158.64	11.0
1211.36	11.0
1258.48	11.0
174.04	12.0
209.36	12.0
657.6	12.0
212.64	12.0
302.72	12.0
991.28	12.0
307.76	13.0
774.16	13.0
178.84	13.0
188.24	13.0
195.28	13.0
211.04	13.0
221.6	13.0
273.08	13.0
573.92	13.0
715.12	13.0
741.2	13.0
834.0	13.0
1070.08	13.0
179.28	14.0
189.84	14.0
227.08	14.0
245.4	14.0
256.28	14.0
308.08	14.0
663.88	14.0
692.76	14.0
724.72	14.0
817.48	14.0
971.52	14.0
227.0	15.0
945.56	15.0
1063.44	15.0
267.32	16.0
306.04	16.0
319.12	16.0
816.08	16.0
855.04	16.0
955.68	16.0
1212.2	16.0
1269.36	16.0
1293.36	16.0
1317.6	16.0
1324.24	16.0
273.64	17.0
635.8	18.0
306.48	18.0
553.12	18.0
273.16	19.0
310.72	19.0
192.0	20.0
260.4	20.0
318.76	20.0
463.44	20.0
690.76	20.0
210.04	20.0
694.92	20.0
1088.52	20.0
1164.2	20.0
214.92	21.0
237.4	21.0
710.72	21.0
176.6	21.0
189.52	21.0
196.76	21.0
202.04	21.0
206.32	21.0
209.32	21.0
221.0	21.0
245.72	21.0
255.2	21.0
271.52	21.0
285.68	21.0
296.48	21.0
312.68	21.0
320.16	21.0
331.52	21.0
342.64	21.0
358.48	21.0
365.96	21.0
368.76	21.0
430.0	21.0
470.12	21.0
474.32	21.0
516.88	21.0
579.32	21.0
600.52	21.0
615.84	21.0
643.24	21.0
655.36	21.0
670.96	21.0
681.68	21.0
693.24	21.0
720.84	21.0
726.92	21.0
750.36	21.0
774.2	21.0
801.28	21.0
814.12	21.0
832.28	21.0
856.96	21.0
884.04	21.0
911.16	21.0
938.0	21.0
978.8	21.0
1001.84	21.0
1023.2	21.0
1069.28	21.0
1093.24	21.0
1256.76	21.0
222.32	22.0
171.6	22.0
176.68	22.0
187.72	22.0
212.0	22.0
248.2	22.0
256.0	22.0
311.0	22.0
319.12	22.0
657.92	22.0
662.64	22.0
689.92	22.0
693.0	22.0
710.64	22.0
738.84	22.0
774.0	22.0
801.48	22.0
849.8	22.0
855.04	22.0
880.6	22.0
968.84	22.0
1014.56	22.0
212.88	23.0
174.4	23.0
179.8	23.0
186.48	23.0
190.04	23.0
197.04	23.0
199.8	23.0
205.44	23.0
209.8	23.0
221.6	23.0
253.8	23.0
272.84	23.0
306.88	23.0
321.84	23.0
477.56	23.0
560.32	23.0
581.6	23.0
631.0	23.0
656.92	23.0
677.8	23.0
693.88	23.0
715.36	23.0
774.08	23.0
801.6	23.0
815.12	23.0
830.72	23.0
861.84	23.0
984.2	23.0
999.88	23.0
1036.96	23.0
308.8	24.0
179.56	24.0
182.32	24.0
209.04	24.0
212.08	24.0
220.76	24.0
237.84	24.0
317.2	24.0
330.6	24.0
493.8	24.0
607.12	24.0
629.0	24.0
669.72	24.0
819.6	24.0
182.52	25.0
209.24	25.0
220.96	25.0
253.12	25.0
629.2	25.0
819.92	25.0
192.56	25.0
206.2	25.0
216.0	25.0
663.12	25.0
373.16	26.0
564.84	26.0
656.72	26.0
794.44	26.0
160.16	26.0
169.88	26.0
181.12	26.0
193.12	26.0
197.56	26.0
210.32	26.0
215.12	26.0
221.04	26.0
227.88	26.0
234.44	26.0
243.04	26.0
250.28	26.0
258.84	26.0
273.08	26.0
278.04	26.0
283.96	26.0
309.0	26.0
320.96	26.0
329.08	26.0
351.68	26.0
383.24	26.0
398.44	26.0
415.12	26.0
430.96	26.0
462.52	26.0
477.52	26.0
491.88	26.0
501.96	26.0
522.56	26.0
533.4	26.0
579.88	26.0
587.72	26.0
594.08	26.0
608.6	26.0
612.36	26.0
624.52	26.0
627.44	26.0
648.6	26.0
665.52	26.0
676.08	26.0
689.72	26.0
694.96	26.0
699.08	26.0
712.56	26.0
719.68	26.0
733.12	26.0
739.48	26.0
776.56	26.0
811.52	26.0
818.6	26.0
838.08	26.0
842.72	26.0
857.48	26.0
867.36	26.0
893.68	26.0
918.68	26.0
936.08	26.0
948.4	26.0
965.92	26.0
983.48	26.0
1000.12	26.0
1025.0	26.0
1031.08	26.0
1037.84	26.0
1045.32	26.0
1062.88	26.0
1083.24	26.0
1102.88	26.0
1128.12	26.0
1153.08	26.0
1157.12	26.0
1318.96	26.0
226.88	27.0
274.32	27.0
288.72	27.0
343.0	27.0
558.44	27.0
657.32	27.0
691.6	27.0
818.56	27.0
883.24	27.0
1063.6	27.0
1169.04	27.0
248.56	28.0
143.2	28.0
177.92	28.0
201.04	28.0
222.08	28.0
225.24	28.0
237.64	28.0
272.2	28.0
321.72	28.0
345.04	28.0
513.24	28.0
565.84	28.0
572.32	28.0
618.0	28.0
627.72	28.0
635.16	28.0
640.08	28.0
657.88	28.0
683.44	28.0
687.68	28.0
713.04	28.0
859.44	28.0
885.48	28.0
976.6	28.0
981.0	28.0
989.96	28.0
1184.76	28.0
1231.44	28.0
1314.2	29.0
205.28	30.0
212.72	30.0
221.88	30.0
228.48	30.0
239.44	30.0
253.92	30.0
276.16	30.0
312.32	30.0
321.96	30.0
345.04	30.0
516.68	30.0
612.6	30.0
663.6	30.0
695.0	30.0
728.8	30.0
751.16	30.0
787.2	30.0
798.76	30.0
855.8	30.0
858.32	30.0
883.24	30.0
909.32	30.0
977.52	30.0
999.08	30.0
1091.84	30.0
1186.72	30.0
191.84	31.0
199.76	31.0
213.0	31.0
237.2	31.0
252.4	31.0
626.44	31.0
662.92	31.0
176.12	33.0
188.32	33.0
197.4	33.0
213.4	33.0
237.36	33.0
999.96	33.0
266.48	33.0
1162.88	33.0
203.44	34.0
213.36	34.0
188.16	34.0
200.12	34.0
239.96	34.0
302.64	34.0
627.96	34.0
680.36	34.0
742.24	34.0
1024.52	34.0
307.68	35.0
814.88	35.0
187.2	35.0
203.8	35.0
208.16	35.0
212.96	35.0
216.24	35.0
222.04	35.0
227.2	35.0
247.84	35.0
251.92	35.0
266.04	35.0
314.12	35.0
329.56	35.0
529.36	35.0
576.6	35.0
602.6	35.0
626.84	35.0
644.24	35.0
658.4	35.0
677.48	35.0
719.84	35.0
725.72	35.0
741.64	35.0
746.08	35.0
770.16	35.0
833.28	35.0
917.44	35.0
950.52	35.0
1066.44	35.0
1107.64	35.0
1188.04	35.0
209.96	36.0
224.08	36.0
252.88	36.0
343.04	36.0
1027.96	36.0
