310.24	1.0
326.48	1.0
344.68	1.0
387.24	1.0
1282.72	1.0
32.76	2.0
320.88	2.0
875.12	2.0
17.84	2.0
67.28	2.0
134.0	2.0
177.24	2.0
239.16	2.0
306.68	2.0
310.08	2.0
326.96	2.0
333.88	2.0
341.56	2.0
350.2	2.0
377.24	2.0
383.6	2.0
403.84	2.0
432.44	2.0
435.92	2.0
474.6	2.0
497.8	2.0
536.8	2.0
543.96	2.0
548.56	2.0
592.92	2.0
596.6	2.0
634.16	2.0
656.8	2.0
716.84	2.0
719.64	2.0
782.96	2.0
832.4	2.0
834.96	2.0
845.28	2.0
848.44	2.0
928.6	2.0
945.72	2.0
972.64	2.0
1013.84	2.0
1052.52	2.0
1094.6	2.0
1208.8	2.0
1227.08	2.0
1239.72	2.0
1265.48	2.0
1374.16	2.0
1378.0	2.0
177.8	3.0
370.04	3.0
67.04	3.0
134.2	3.0
231.92	3.0
239.36	3.0
306.76	3.0
313.16	3.0
323.72	3.0
334.84	3.0
341.44	3.0
364.8	3.0
381.56	3.0
385.72	3.0
403.84	3.0
430.8	3.0
544.16	3.0
596.48	3.0
634.0	3.0
656.96	3.0
782.72	3.0
845.4	3.0
875.6	3.0
1013.96	3.0
1094.72	3.0
1352.2	3.0
1380.04	3.0
308.48	4.0
68.4	4.0
136.68	4.0
196.28	4.0
292.72	4.0
315.48	4.0
330.12	4.0
351.36	4.0
384.88	4.0
428.84	4.0
437.88	4.0
447.48	4.0
471.12	4.0
503.28	4.0
523.32	4.0
546.92	4.0
566.16	4.0
579.28	4.0
593.2	4.0
615.16	4.0
634.96	4.0
662.04	4.0
679.16	4.0
684.32	4.0
710.92	4.0
732.56	4.0
739.8	4.0
768.96	4.0
790.12	4.0
913.28	4.0
946.8	4.0
1021.04	4.0
1349.52	4.0
319.0	5.0
684.04	5.0
4.72	6.0
193.6	6.0
316.72	6.0
351.84	6.0
382.32	6.0
566.8	6.0
665.6	6.0
920.16	6.0
178.28	7.0
566.76	7.0
743.68	7.0
352.2	7.0
14.88	8.0
139.8	8.0
153.88	8.0
233.4	8.0
324.8	8.0
348.4	8.0
364.4	8.0
381.2	8.0
389.52	8.0
694.44	8.0
946.76	8.0
1108.32	8.0
1216.2	8.0
1226.84	8.0
1387.28	8.0
19.08	9.0
67.56	9.0
85.96	9.0
115.08	9.0
239.52	9.0
435.28	9.0
520.24	9.0
647.44	9.0
737.96	9.0
1014.36	9.0
1151.72	9.0
1194.56	9.0
806.72	10.0
10.52	10.0
65.76	10.0
178.4	10.0
271.84	10.0
311.0	10.0
384.24	10.0
595.88	10.0
656.48	10.0
780.92	10.0
925.76	10.0
1081.64	10.0
1230.44	10.0
1295.84	10.0
1347.92	10.0
1397.6	10.0
231.84	11.0
308.08	11.0
311.72	11.0
548.48	11.0
974.64	11.0
1397.0	11.0
5.44	11.0
38.8	11.0
65.56	11.0
131.52	11.0
171.68	11.0
197.76	11.0
202.44	11.0
272.28	11.0
320.88	11.0
338.24	11.0
351.2	11.0
366.4	11.0
383.72	11.0
475.12	11.0
518.08	11.0
592.96	11.0
652.92	11.0
683.76	11.0
714.72	11.0
828.12	11.0
875.64	11.0
887.48	11.0
902.0	11.0
950.84	11.0
964.0	11.0
1003.84	11.0
1017.2	11.0
1092.88	11.0
1173.96	11.0
1177.44	11.0
1235.48	11.0
1259.64	11.0
1281.8	11.0
1305.48	11.0
1351.48	11.0
1371.8	11.0
1081.4	12.0
302.88	12.0
343.8	12.0
385.64	12.0
520.76	12.0
35.12	13.0
179.44	13.0
306.6	13.0
311.28	13.0
338.84	13.0
376.8	13.0
780.08	13.0
872.96	13.0
175.16	14.0
179.0	14.0
307.76	14.0
310.6	14.0
321.28	14.0
342.08	14.0
351.68	14.0
360.28	14.0
362.8	14.0
431.6	14.0
754.16	14.0
867.4	14.0
209.04	15.0
306.84	15.0
349.64	15.0
413.8	16.0
925.12	16.0
1055.04	16.0
12.44	17.0
64.72	17.0
1177.8	17.0
307.6	20.0
328.76	20.0
240.0	20.0
384.8	20.0
569.84	20.0
694.56	20.0
844.84	20.0
890.8	20.0
978.28	20.0
355.88	21.0
384.0	21.0
432.44	21.0
26.72	21.0
151.28	21.0
310.44	21.0
315.92	21.0
322.6	21.0
328.12	21.0
332.08	21.0
335.64	21.0
344.08	21.0
373.48	21.0
387.44	21.0
392.6	21.0
416.44	21.0
517.88	21.0
559.44	21.0
586.68	21.0
607.84	21.0
636.8	21.0
666.36	21.0
696.24	21.0
759.88	21.0
808.92	21.0
870.48	21.0
875.28	21.0
915.96	21.0
955.76	21.0
980.2	21.0
1084.24	21.0
1094.24	21.0
1130.4	21.0
1181.24	21.0
1253.0	21.0
1353.52	21.0
1390.32	21.0
307.32	22.0
314.52	22.0
24.68	22.0
174.64	22.0
345.88	22.0
366.84	22.0
405.48	22.0
427.68	22.0
862.4	22.0
1216.56	22.0
1248.6	22.0
68.96	23.0
306.24	23.0
321.28	23.0
22.96	23.0
74.12	23.0
133.68	23.0
178.08	23.0
212.24	23.0
233.16	23.0
239.88	23.0
312.08	23.0
329.4	23.0
363.88	23.0
375.36	23.0
382.96	23.0
403.04	23.0
430.72	23.0
449.16	23.0
472.64	23.0
483.36	23.0
634.68	23.0
695.36	23.0
796.44	23.0
879.16	23.0
950.44	23.0
981.72	23.0
1019.48	23.0
1023.96	23.0
1109.32	23.0
1139.04	23.0
1151.2	23.0
1309.52	23.0
1350.8	23.0
308.08	24.0
314.76	24.0
317.36	24.0
320.08	24.0
329.8	24.0
333.28	24.0
350.24	24.0
353.08	24.0
399.28	24.0
445.64	24.0
1019.2	24.0
1041.08	24.0
310.44	25.0
307.24	25.0
10.92	26.0
51.6	26.0
111.2	26.0
118.36	26.0
156.8	26.0
199.92	26.0
229.36	26.0
241.96	26.0
255.84	26.0
291.84	26.0
309.72	26.0
320.68	26.0
334.96	26.0
345.72	26.0
353.28	26.0
362.08	26.0
379.52	26.0
384.92	26.0
397.28	26.0
418.12	26.0
430.92	26.0
465.12	26.0
542.88	26.0
592.36	26.0
623.12	26.0
661.52	26.0
710.0	26.0
755.04	26.0
828.12	26.0
833.96	26.0
886.72	26.0
916.44	26.0
933.44	26.0
942.12	26.0
971.64	26.0
1018.2	26.0
1043.2	26.0
1061.4	26.0
1090.24	26.0
1113.64	26.0
1145.32	26.0
1170.76	26.0
1194.4	26.0
1203.8	26.0
1221.08	26.0
1250.6	26.0
1270.24	26.0
1316.24	26.0
1363.28	26.0
1401.36	26.0
152.24	27.0
309.64	27.0
367.68	27.0
399.96	27.0
561.76	27.0
594.36	27.0
698.68	27.0
735.16	27.0
784.84	27.0
946.12	27.0
1000.88	27.0
1089.24	27.0
314.92	28.0
18.64	28.0
67.2	28.0
306.48	28.0
309.8	28.0
320.0	28.0
322.8	28.0
333.28	28.0
340.04	28.0
347.84	28.0
362.68	28.0
376.84	28.0
382.48	28.0
419.72	28.0
447.84	28.0
519.88	28.0
533.4	28.0
542.2	28.0
563.88	28.0
586.08	28.0
603.56	28.0
621.52	28.0
647.04	28.0
664.24	28.0
787.2	28.0
873.16	28.0
881.68	28.0
932.4	28.0
1013.92	28.0
1051.2	28.0
1194.2	28.0
1219.28	28.0
1321.96	28.0
1378.96	28.0
319.76	29.0
16.84	30.0
242.68	30.0
321.32	30.0
336.08	30.0
346.88	30.0
359.8	30.0
376.24	30.0
392.4	30.0
410.0	30.0
432.84	30.0
438.4	30.0
535.12	30.0
620.72	30.0
644.8	30.0
695.08	30.0
733.36	30.0
744.8	30.0
771.0	30.0
802.84	30.0
965.16	30.0
1226.96	30.0
325.88	31.0
340.36	31.0
344.24	31.0
353.84	31.0
368.12	31.0
433.16	31.0
437.4	31.0
570.72	31.0
257.76	33.0
307.6	33.0
302.44	34.0
348.28	34.0
6.56	34.0
11.12	34.0
75.36	34.0
209.6	34.0
292.6	34.0
310.04	34.0
326.6	34.0
668.52	34.0
697.64	34.0
714.08	34.0
757.76	34.0
783.4	34.0
808.72	34.0
827.6	34.0
878.72	34.0
916.24	34.0
1012.56	34.0
1030.88	34.0
1056.8	34.0
1150.16	34.0
1182.04	34.0
1192.28	34.0
1255.36	34.0
1303.88	34.0
1348.0	34.0
1399.72	34.0
1403.36	34.0
307.28	35.0
309.96	35.0
8.96	35.0
32.92	35.0
40.12	35.0
45.92	35.0
65.4	35.0
91.92	35.0
112.24	35.0
135.32	35.0
151.56	35.0
173.92	35.0
176.8	35.0
196.04	35.0
203.56	35.0
213.32	35.0
224.0	35.0
233.32	35.0
261.96	35.0
314.0	35.0
318.92	35.0
324.64	35.0
329.76	35.0
335.6	35.0
349.4	35.0
354.48	35.0
361.28	35.0
369.08	35.0
381.32	35.0
396.68	35.0
404.2	35.0
412.72	35.0
430.88	35.0
438.08	35.0
449.2	35.0
471.64	35.0
485.96	35.0
499.0	35.0
510.6	35.0
562.0	35.0
570.48	35.0
591.6	35.0
598.76	35.0
636.64	35.0
663.28	35.0
672.92	35.0
694.4	35.0
718.44	35.0
735.32	35.0
769.8	35.0
785.72	35.0
797.48	35.0
803.08	35.0
823.2	35.0
841.64	35.0
864.6	35.0
871.96	35.0
886.64	35.0
904.0	35.0
922.28	35.0
943.16	35.0
954.36	35.0
965.36	35.0
969.76	35.0
1013.96	35.0
1032.96	35.0
1086.4	35.0
1095.28	35.0
1114.2	35.0
1131.84	35.0
1152.32	35.0
1178.88	35.0
1230.04	35.0
1234.8	35.0
1259.4	35.0
1276.52	35.0
1279.48	35.0
1284.92	35.0
1312.36	35.0
1321.44	35.0
1346.52	35.0
1358.2	35.0
1361.12	35.0
1371.72	35.0
1386.84	35.0
1407.84	35.0
310.4	36.0
122.44	36.0
316.64	36.0
774.32	36.0
903.92	36.0
940.0	36.0
1268.16	36.0
