309.92	1.0
316.92	1.0
312.72	2.0
583.64	2.0
693.56	2.0
786.64	2.0
115.2	2.0
156.36	2.0
168.84	2.0
175.88	2.0
206.92	2.0
218.24	2.0
268.56	2.0
306.04	2.0
309.52	2.0
315.96	2.0
328.12	2.0
331.88	2.0
344.88	2.0
362.24	2.0
402.52	2.0
491.48	2.0
624.04	2.0
660.8	2.0
677.08	2.0
703.28	2.0
720.52	2.0
857.76	2.0
872.0	2.0
913.6	2.0
918.44	2.0
968.6	2.0
1012.04	2.0
1075.6	2.0
1103.64	2.0
1204.84	2.0
1277.96	2.0
1317.48	2.0
312.48	3.0
347.96	3.0
661.28	3.0
858.48	3.0
200.12	3.0
206.68	3.0
217.64	3.0
257.44	3.0
268.36	3.0
308.12	3.0
324.24	3.0
332.0	3.0
341.88	3.0
344.56	3.0
357.92	3.0
798.84	3.0
872.2	3.0
885.52	3.0
918.68	3.0
1075.32	3.0
1205.04	3.0
408.08	4.0
528.12	4.0
670.96	4.0
705.0	4.0
735.96	4.0
847.04	4.0
858.48	4.0
879.92	4.0
979.08	4.0
1006.36	4.0
1214.88	4.0
1318.92	4.0
308.12	5.0
320.04	5.0
336.72	5.0
324.2	6.0
366.72	6.0
876.48	6.0
934.16	7.0
310.32	7.0
317.68	7.0
384.76	7.0
400.08	7.0
643.36	7.0
890.88	7.0
147.56	8.0
175.72	8.0
306.2	8.0
334.2	8.0
370.72	8.0
535.72	8.0
632.44	8.0
668.64	8.0
796.28	8.0
874.52	8.0
114.12	9.0
220.2	9.0
308.16	9.0
331.96	9.0
722.12	9.0
1009.12	9.0
1091.12	9.0
1118.32	9.0
692.88	10.0
1055.44	10.0
1107.36	10.0
135.04	10.0
218.2	10.0
307.92	10.0
328.68	10.0
332.84	10.0
523.2	10.0
604.24	10.0
623.28	10.0
702.16	10.0
751.04	10.0
833.84	10.0
900.04	10.0
903.24	10.0
918.68	10.0
959.12	10.0
1012.84	10.0
1065.84	10.0
1101.64	10.0
1196.04	10.0
1309.92	10.0
200.08	11.0
294.24	11.0
344.6	11.0
357.24	11.0
722.24	11.0
982.24	11.0
232.04	11.0
279.68	11.0
311.48	11.0
316.6	11.0
332.36	11.0
402.68	11.0
411.08	11.0
658.52	11.0
674.0	11.0
782.88	11.0
787.12	11.0
900.92	11.0
998.64	11.0
1007.52	11.0
1014.92	11.0
1085.04	11.0
241.04	12.0
720.48	12.0
313.92	12.0
1167.68	12.0
209.28	13.0
236.28	13.0
310.04	13.0
322.2	13.0
332.6	13.0
929.04	13.0
1010.4	13.0
1102.92	13.0
197.0	14.0
307.2	14.0
317.56	14.0
636.04	14.0
931.04	14.0
326.68	15.0
307.52	15.0
316.76	15.0
321.08	15.0
663.32	15.0
307.2	16.0
316.72	16.0
905.68	17.0
321.88	18.0
215.76	19.0
280.4	19.0
492.56	19.0
675.12	19.0
717.76	19.0
784.88	19.0
868.88	19.0
914.72	19.0
968.44	19.0
1009.24	19.0
307.36	20.0
335.44	20.0
7.4	21.0
204.56	21.0
251.48	21.0
308.24	21.0
314.4	21.0
316.92	21.0
323.96	21.0
326.48	21.0
331.12	21.0
336.32	21.0
339.88	21.0
345.32	21.0
357.0	21.0
373.24	21.0
398.12	21.0
420.16	21.0
675.4	21.0
711.16	21.0
774.6	21.0
944.52	21.0
311.44	22.0
306.24	22.0
320.28	22.0
355.44	22.0
359.44	22.0
626.4	22.0
216.92	23.0
308.56	23.0
644.24	23.0
695.24	23.0
189.96	23.0
221.12	23.0
230.64	23.0
249.44	23.0
283.88	23.0
313.76	23.0
323.0	23.0
333.84	23.0
401.8	23.0
623.76	23.0
664.36	23.0
720.68	23.0
729.4	23.0
867.08	23.0
901.8	23.0
906.88	23.0
964.04	23.0
989.0	23.0
1206.24	23.0
1210.68	23.0
1213.72	23.0
1277.28	23.0
220.56	24.0
297.68	24.0
302.8	24.0
306.2	24.0
316.08	24.0
321.28	24.0
327.52	24.0
334.76	24.0
356.88	24.0
191.68	25.0
225.16	25.0
306.32	25.0
318.24	25.0
326.56	25.0
366.92	25.0
266.16	26.0
719.8	26.0
35.72	26.0
200.08	26.0
227.12	26.0
272.12	26.0
296.72	26.0
309.36	26.0
315.92	26.0
320.52	26.0
331.36	26.0
335.8	26.0
344.24	26.0
363.52	26.0
370.76	26.0
378.32	26.0
412.32	26.0
435.0	26.0
439.6	26.0
461.88	26.0
487.24	26.0
490.08	26.0
512.4	26.0
515.44	26.0
530.96	26.0
587.96	26.0
594.72	26.0
639.12	26.0
662.68	26.0
733.64	26.0
782.6	26.0
811.32	26.0
847.64	26.0
863.8	26.0
874.96	26.0
909.32	26.0
912.4	26.0
925.56	26.0
929.6	26.0
945.32	26.0
975.2	26.0
981.68	26.0
1026.12	26.0
1051.84	26.0
1097.4	26.0
1108.52	26.0
1134.2	26.0
1172.04	26.0
1188.2	26.0
1196.64	26.0
1224.12	26.0
1235.12	26.0
1289.72	26.0
1295.68	26.0
1310.96	26.0
257.0	27.0
309.92	27.0
336.64	27.0
847.72	27.0
311.16	28.0
377.28	28.0
173.88	28.0
206.6	28.0
253.76	28.0
308.4	28.0
314.96	28.0
321.08	28.0
331.52	28.0
339.48	28.0
583.12	28.0
734.88	28.0
791.28	28.0
869.4	28.0
972.28	28.0
320.6	29.0
331.36	29.0
771.4	29.0
176.28	30.0
320.08	30.0
331.16	30.0
347.8	30.0
371.24	30.0
667.92	30.0
751.52	30.0
763.28	30.0
859.28	30.0
977.48	30.0
306.12	31.0
328.56	31.0
332.48	31.0
342.4	31.0
349.28	31.0
336.76	33.0
306.52	33.0
888.4	33.0
302.44	34.0
325.44	34.0
189.76	34.0
245.92	34.0
314.12	34.0
401.56	34.0
741.88	34.0
797.8	34.0
984.08	34.0
151.44	35.0
232.52	35.0
245.24	35.0
270.48	35.0
296.36	35.0
311.92	35.0
316.88	35.0
324.72	35.0
328.76	35.0
332.56	35.0
339.96	35.0
344.08	35.0
355.04	35.0
362.56	35.0
366.44	35.0
380.76	35.0
390.96	35.0
409.72	35.0
418.12	35.0
430.08	35.0
451.96	35.0
477.24	35.0
495.64	35.0
513.92	35.0
535.32	35.0
547.52	35.0
574.24	35.0
603.44	35.0
618.28	35.0
636.72	35.0
642.92	35.0
647.84	35.0
668.56	35.0
701.64	35.0
711.68	35.0
733.76	35.0
758.04	35.0
762.68	35.0
788.08	35.0
845.6	35.0
859.4	35.0
864.96	35.0
869.4	35.0
886.0	35.0
903.6	35.0
939.4	35.0
942.28	35.0
948.36	35.0
964.52	35.0
987.52	35.0
1025.8	35.0
1058.08	35.0
1077.72	35.0
1107.08	35.0
1119.76	35.0
1194.44	35.0
1206.52	35.0
1278.48	35.0
276.32	36.0
315.16	36.0
