309.04	2.0
320.64	2.0
105.16	2.0
113.48	2.0
251.4	2.0
254.32	2.0
264.72	2.0
272.68	2.0
279.72	2.0
291.2	2.0
312.76	2.0
327.76	2.0
342.88	2.0
387.88	2.0
283.0	3.0
328.16	3.0
9.76	3.0
208.88	3.0
245.24	3.0
254.48	3.0
271.16	3.0
274.52	3.0
279.88	3.0
308.0	3.0
311.44	3.0
315.12	3.0
321.8	3.0
324.36	3.0
361.52	3.0
443.8	3.0
308.08	4.0
3.2	5.0
306.4	5.0
322.32	5.0
327.8	5.0
390.52	5.0
286.24	6.0
330.28	6.0
259.0	7.0
307.36	7.0
317.92	7.0
378.72	7.0
381.84	7.0
135.28	8.0
212.48	8.0
254.12	8.0
321.88	8.0
325.32	8.0
226.52	9.0
308.6	9.0
318.88	9.0
323.88	9.0
335.8	9.0
177.04	10.0
420.08	10.0
19.52	10.0
150.48	10.0
229.32	10.0
243.2	10.0
265.0	10.0
274.56	10.0
286.16	10.0
309.44	10.0
319.36	10.0
323.84	10.0
9.8	11.0
208.92	11.0
245.32	11.0
306.56	11.0
248.24	11.0
261.28	11.0
277.24	11.0
279.76	11.0
312.72	11.0
316.76	11.0
319.72	11.0
264.76	12.0
302.6	12.0
246.92	12.0
307.44	12.0
326.4	12.0
241.36	13.0
243.88	13.0
274.56	13.0
288.68	13.0
306.52	13.0
329.88	13.0
351.24	13.0
68.4	14.0
229.36	14.0
254.72	14.0
308.68	14.0
338.52	14.0
343.28	14.0
350.32	14.0
309.08	15.0
42.12	16.0
306.4	16.0
342.12	16.0
278.24	18.0
313.04	18.0
331.88	18.0
311.04	19.0
333.8	20.0
307.48	20.0
311.48	20.0
325.6	20.0
343.12	21.0
353.08	21.0
3.32	21.0
161.52	21.0
228.52	21.0
250.88	21.0
260.88	21.0
283.0	21.0
307.92	21.0
315.32	21.0
319.08	21.0
322.68	21.0
328.92	21.0
335.32	21.0
339.28	21.0
365.12	21.0
368.08	21.0
385.2	21.0
508.0	21.0
543.48	21.0
167.64	22.0
241.88	22.0
244.96	22.0
267.96	22.0
280.32	22.0
310.64	22.0
325.0	22.0
336.36	22.0
9.52	23.0
241.48	23.0
293.44	23.0
307.04	23.0
310.76	23.0
315.64	23.0
324.2	23.0
327.32	23.0
419.52	23.0
468.32	23.0
365.76	24.0
212.72	24.0
237.64	24.0
247.48	24.0
259.72	24.0
277.36	24.0
281.24	24.0
288.96	24.0
306.36	24.0
317.0	24.0
319.6	24.0
334.44	24.0
392.84	24.0
306.56	25.0
23.28	25.0
146.44	25.0
233.36	25.0
286.04	25.0
318.88	25.0
321.56	25.0
424.68	25.0
268.12	26.0
321.28	26.0
13.12	26.0
26.36	26.0
134.2	26.0
148.52	26.0
168.56	26.0
215.24	26.0
234.48	26.0
257.16	26.0
286.56	26.0
302.96	26.0
306.68	26.0
311.44	26.0
315.72	26.0
324.4	26.0
329.52	26.0
335.08	26.0
345.24	26.0
354.28	26.0
369.28	26.0
379.4	26.0
400.56	26.0
406.44	26.0
418.36	26.0
426.92	26.0
441.04	26.0
444.76	26.0
458.0	26.0
469.64	26.0
484.28	26.0
503.6	26.0
524.48	26.0
557.12	26.0
588.72	26.0
635.32	26.0
671.72	26.0
220.8	28.0
226.16	28.0
279.8	28.0
308.28	28.0
313.52	28.0
318.52	28.0
323.48	28.0
329.28	28.0
333.0	28.0
343.8	28.0
356.0	28.0
306.28	29.0
313.32	29.0
32.52	30.0
138.12	30.0
246.36	30.0
322.36	30.0
334.6	30.0
382.48	30.0
315.24	31.0
330.44	31.0
302.84	32.0
319.04	33.0
306.28	33.0
311.32	33.0
302.44	34.0
321.12	34.0
282.16	34.0
291.4	34.0
317.08	34.0
335.6	34.0
140.44	35.0
238.16	35.0
241.36	35.0
254.12	35.0
259.12	35.0
282.04	35.0
293.36	35.0
306.44	35.0
309.72	35.0
317.04	35.0
320.72	35.0
327.96	35.0
332.84	35.0
335.88	35.0
338.4	35.0
350.84	35.0
361.2	35.0
376.6	35.0
392.28	35.0
407.68	35.0
428.24	35.0
465.84	35.0
652.96	35.0
306.56	36.0
339.32	36.0
