321.6	1.0
315.4	1.0
353.76	1.0
374.16	2.0
310.68	2.0
315.0	2.0
319.52	2.0
325.8	2.0
331.24	2.0
334.36	2.0
344.72	2.0
348.48	2.0
367.0	2.0
386.84	2.0
408.28	2.0
425.64	2.0
612.16	2.0
663.92	2.0
667.44	2.0
731.52	2.0
734.28	2.0
759.48	2.0
957.24	2.0
960.32	2.0
992.36	2.0
1022.56	2.0
1041.32	2.0
1044.56	2.0
1059.56	2.0
1076.52	2.0
1105.44	2.0
313.72	3.0
320.2	3.0
310.88	3.0
325.76	3.0
353.8	3.0
360.68	3.0
366.24	3.0
426.64	3.0
582.48	3.0
666.72	3.0
695.32	3.0
713.0	3.0
757.16	3.0
883.96	3.0
971.84	3.0
309.88	4.0
317.88	4.0
332.6	4.0
994.32	4.0
311.28	5.0
322.4	5.0
481.36	6.0
315.92	6.0
335.6	6.0
368.96	6.0
448.44	6.0
311.6	7.0
319.8	7.0
355.24	7.0
376.88	7.0
441.28	7.0
625.44	7.0
1040.92	8.0
284.04	8.0
315.36	8.0
331.4	8.0
335.64	8.0
368.48	8.0
430.28	8.0
453.8	8.0
477.28	8.0
507.76	8.0
572.2	8.0
629.0	8.0
667.64	8.0
837.4	8.0
945.6	8.0
1088.6	9.0
312.84	9.0
329.08	9.0
315.24	10.0
321.2	10.0
353.92	10.0
393.6	10.0
456.64	10.0
482.16	10.0
551.6	10.0
576.44	10.0
666.28	10.0
715.12	10.0
734.04	10.0
309.4	10.0
312.72	10.0
338.6	10.0
536.68	10.0
601.88	10.0
668.8	10.0
794.24	10.0
863.12	10.0
925.16	10.0
957.24	10.0
325.92	11.0
336.72	11.0
426.68	11.0
537.6	11.0
582.52	11.0
666.84	11.0
809.24	11.0
971.88	11.0
312.84	11.0
320.2	11.0
330.44	11.0
348.48	11.0
354.28	11.0
364.96	11.0
380.64	11.0
956.56	11.0
1069.92	11.0
1073.68	11.0
302.52	12.0
952.04	12.0
986.28	12.0
306.0	12.0
316.16	12.0
323.2	12.0
735.68	12.0
310.88	13.0
320.88	13.0
324.64	13.0
328.04	13.0
578.28	13.0
310.0	14.0
320.48	14.0
328.8	14.0
339.44	14.0
351.72	14.0
380.64	14.0
538.76	14.0
575.76	14.0
635.0	14.0
659.56	14.0
688.2	14.0
728.16	14.0
770.04	14.0
820.96	14.0
868.88	14.0
323.44	15.0
370.56	15.0
326.08	16.0
314.2	17.0
317.24	18.0
311.12	19.0
316.72	19.0
312.44	20.0
349.32	20.0
320.56	20.0
645.36	20.0
716.12	20.0
309.56	21.0
314.92	21.0
319.92	21.0
328.68	21.0
335.44	21.0
339.64	21.0
356.04	21.0
372.36	21.0
425.76	21.0
446.92	21.0
552.76	21.0
600.16	21.0
693.08	21.0
739.24	21.0
836.72	21.0
1006.56	21.0
313.0	22.0
468.64	22.0
317.12	22.0
336.24	22.0
345.84	22.0
377.64	22.0
898.2	22.0
915.6	22.0
932.36	22.0
952.6	22.0
1109.16	22.0
309.48	23.0
315.44	23.0
319.28	23.0
323.64	23.0
336.8	23.0
511.8	23.0
702.16	23.0
529.28	24.0
314.96	24.0
322.0	24.0
335.48	24.0
546.48	24.0
310.12	25.0
315.68	25.0
318.88	25.0
327.68	25.0
332.2	25.0
374.52	25.0
473.04	25.0
578.32	25.0
344.08	26.0
375.48	26.0
408.2	26.0
618.08	26.0
791.72	26.0
315.28	26.0
320.12	26.0
326.68	26.0
331.64	26.0
338.24	26.0
351.76	26.0
364.16	26.0
411.52	26.0
454.12	26.0
475.08	26.0
492.36	26.0
514.96	26.0
517.48	26.0
548.56	26.0
580.2	26.0
608.6	26.0
631.04	26.0
646.52	26.0
718.12	26.0
776.76	26.0
325.16	27.0
315.16	28.0
323.32	28.0
312.48	28.0
317.68	28.0
326.6	28.0
1088.04	28.0
315.52	29.0
1085.16	29.0
241.0	30.0
258.96	30.0
310.16	30.0
330.56	30.0
335.8	30.0
346.04	30.0
446.44	30.0
479.92	30.0
570.68	30.0
594.36	30.0
677.6	30.0
1090.24	30.0
309.44	31.0
321.72	31.0
338.84	31.0
360.96	31.0
1085.88	31.0
318.04	33.0
540.72	33.0
302.52	34.0
316.88	34.0
320.2	34.0
309.44	34.0
712.16	34.0
1033.68	34.0
1096.04	34.0
309.76	35.0
316.64	35.0
320.12	35.0
322.92	35.0
328.72	35.0
333.92	35.0
338.72	35.0
341.68	35.0
352.4	35.0
356.84	35.0
361.72	35.0
369.48	35.0
380.6	35.0
394.72	35.0
400.56	35.0
411.48	35.0
422.64	35.0
451.56	35.0
489.84	35.0
493.56	35.0
529.0	35.0
532.04	35.0
545.76	35.0
577.88	35.0
582.12	35.0
606.2	35.0
611.0	35.0
653.2	35.0
657.6	35.0
676.6	35.0
701.28	35.0
743.12	35.0
765.48	35.0
863.32	35.0
913.04	35.0
916.12	35.0
993.2	35.0
314.36	36.0
