313.48	1.0
824.6	1.0
843.76	1.0
895.24	1.0
318.48	2.0
801.36	2.0
309.64	2.0
313.04	2.0
328.52	2.0
341.6	2.0
443.56	2.0
818.52	2.0
823.76	2.0
841.16	2.0
844.16	2.0
856.52	2.0
860.12	2.0
878.56	2.0
882.8	2.0
895.6	2.0
926.32	2.0
318.48	3.0
802.08	3.0
310.8	3.0
329.8	3.0
341.76	3.0
350.16	3.0
387.08	3.0
449.0	3.0
822.12	3.0
868.2	3.0
906.12	3.0
310.64	4.0
310.68	5.0
322.08	5.0
318.64	6.0
335.96	6.0
382.64	6.0
541.8	6.0
900.32	6.0
309.84	7.0
354.88	7.0
333.28	7.0
553.84	8.0
813.0	8.0
866.16	8.0
310.36	8.0
318.64	8.0
331.72	8.0
335.48	8.0
341.32	8.0
376.8	8.0
832.6	8.0
891.6	8.0
318.08	9.0
328.6	9.0
336.68	9.0
347.08	9.0
820.2	9.0
859.72	10.0
127.64	10.0
311.64	10.0
318.96	10.0
329.76	10.0
336.56	10.0
341.76	10.0
674.52	10.0
870.32	10.0
925.8	10.0
332.12	11.0
449.0	11.0
868.2	11.0
906.16	11.0
311.88	11.0
319.6	11.0
327.48	11.0
341.4	11.0
356.8	11.0
391.2	11.0
309.28	12.0
832.12	12.0
302.76	12.0
920.12	12.0
310.88	13.0
322.64	13.0
331.16	13.0
340.48	13.0
369.36	13.0
469.08	13.0
318.76	14.0
331.88	14.0
350.28	14.0
309.12	14.0
314.96	14.0
364.8	14.0
907.36	14.0
335.84	15.0
310.84	19.0
797.96	19.0
821.68	19.0
328.08	20.0
309.0	21.0
312.0	21.0
314.52	21.0
319.28	21.0
324.12	21.0
330.4	21.0
336.68	21.0
340.8	21.0
357.44	21.0
370.52	21.0
375.72	21.0
393.36	21.0
444.08	21.0
502.04	21.0
915.68	21.0
923.92	21.0
311.32	22.0
319.44	22.0
328.6	22.0
339.08	22.0
856.08	22.0
312.84	23.0
321.96	23.0
340.68	23.0
808.64	23.0
825.92	23.0
843.96	23.0
864.04	23.0
909.56	23.0
310.76	24.0
318.64	24.0
324.6	24.0
341.08	24.0
364.8	24.0
387.48	24.0
411.64	24.0
437.6	24.0
900.32	24.0
313.6	25.0
321.76	25.0
335.72	25.0
339.72	26.0
858.56	26.0
309.12	26.0
313.48	26.0
322.52	26.0
329.12	26.0
333.88	26.0
352.52	26.0
364.36	26.0
402.24	26.0
419.12	26.0
448.68	26.0
466.12	26.0
470.68	26.0
474.0	26.0
502.72	26.0
829.2	26.0
845.92	26.0
871.76	26.0
896.24	26.0
912.64	26.0
930.72	26.0
327.88	27.0
338.84	27.0
320.4	28.0
328.24	28.0
335.36	28.0
353.28	28.0
371.4	28.0
800.8	28.0
826.76	28.0
869.48	28.0
309.76	30.0
342.4	30.0
359.04	30.0
370.52	30.0
408.4	30.0
473.68	30.0
902.4	30.0
906.44	30.0
313.32	31.0
329.76	31.0
332.64	31.0
339.64	31.0
319.6	32.0
311.08	33.0
318.56	33.0
323.52	33.0
334.12	33.0
315.0	33.0
302.52	34.0
341.16	34.0
815.76	34.0
311.72	35.0
320.16	35.0
324.52	35.0
329.64	35.0
334.68	35.0
341.16	35.0
346.2	35.0
352.36	35.0
358.04	35.0
366.6	35.0
372.44	35.0
383.0	35.0
389.92	35.0
400.56	35.0
408.92	35.0
428.8	35.0
444.68	35.0
482.4	35.0
838.72	35.0
896.48	35.0
914.28	35.0
310.16	36.0
318.4	36.0
341.48	36.0
