1172.88	1.0
1267.32	1.0
1310.76	1.0
308.68	2.0
320.72	2.0
913.72	2.0
1235.72	2.0
59.88	2.0
63.2	2.0
72.68	2.0
85.84	2.0
104.32	2.0
152.48	2.0
302.96	2.0
314.16	2.0
327.64	2.0
339.44	2.0
352.4	2.0
644.48	2.0
832.92	2.0
910.36	2.0
952.04	2.0
972.44	2.0
1198.32	2.0
1219.24	2.0
1225.16	2.0
1240.68	2.0
1260.32	2.0
1267.68	2.0
1282.04	2.0
1301.0	2.0
63.72	3.0
1282.56	3.0
20.56	3.0
70.96	3.0
99.8	3.0
104.52	3.0
306.4	3.0
308.92	3.0
313.0	3.0
321.16	3.0
327.36	3.0
343.64	3.0
352.56	3.0
824.64	3.0
913.8	3.0
1237.6	3.0
1265.88	3.0
1291.24	3.0
302.88	4.0
55.68	4.0
94.16	4.0
154.8	4.0
222.44	4.0
329.04	4.0
351.32	4.0
363.72	4.0
696.96	4.0
930.84	4.0
1259.52	4.0
1265.6	4.0
1275.4	4.0
1292.24	4.0
1349.8	4.0
193.04	5.0
274.6	5.0
310.8	5.0
340.44	5.0
145.92	6.0
307.84	6.0
320.0	6.0
1322.6	6.0
220.4	7.0
312.08	7.0
331.96	7.0
87.52	7.0
308.16	7.0
1321.36	7.0
156.36	8.0
234.44	8.0
347.76	8.0
457.0	8.0
933.96	8.0
1212.32	8.0
1230.28	8.0
1235.6	8.0
1270.44	8.0
64.28	9.0
151.48	9.0
194.0	9.0
312.64	9.0
319.12	9.0
354.56	9.0
949.84	9.0
1215.12	9.0
74.04	10.0
309.92	10.0
199.72	10.0
307.36	10.0
327.96	10.0
1266.44	10.0
324.56	11.0
1229.32	11.0
1282.0	11.0
62.6	11.0
74.16	11.0
103.96	11.0
306.16	11.0
308.88	11.0
312.68	11.0
327.52	11.0
1235.48	11.0
1275.6	11.0
317.36	12.0
990.96	12.0
314.32	12.0
335.96	12.0
442.32	12.0
1257.92	12.0
1260.88	12.0
1259.84	13.0
224.08	13.0
306.76	13.0
311.64	13.0
320.48	13.0
324.04	13.0
327.08	13.0
1222.16	13.0
307.68	14.0
312.24	14.0
345.72	14.0
1201.12	14.0
1215.48	14.0
1231.4	14.0
1261.76	14.0
306.4	15.0
326.24	15.0
348.68	16.0
1288.12	18.0
61.64	19.0
101.72	19.0
910.92	19.0
1236.28	19.0
1279.56	19.0
1266.08	20.0
109.16	20.0
1272.0	20.0
329.96	21.0
116.36	21.0
201.92	21.0
224.08	21.0
236.64	21.0
309.48	21.0
319.44	21.0
334.24	21.0
352.0	21.0
367.8	21.0
396.12	21.0
1224.96	21.0
1227.96	21.0
1252.52	21.0
1264.08	21.0
1279.88	21.0
1282.4	21.0
1285.36	21.0
1325.0	21.0
306.28	22.0
311.96	22.0
325.12	22.0
841.28	22.0
1238.96	22.0
102.96	23.0
136.52	23.0
306.56	23.0
309.68	23.0
1279.6	23.0
56.84	23.0
108.92	23.0
139.56	23.0
153.68	23.0
224.56	23.0
313.96	23.0
324.84	23.0
355.96	23.0
455.24	23.0
476.84	23.0
486.48	23.0
599.16	23.0
1214.72	23.0
1241.64	23.0
1257.48	23.0
1264.28	23.0
1285.68	23.0
322.4	24.0
1312.68	24.0
76.4	24.0
136.56	24.0
158.28	24.0
198.48	24.0
332.8	24.0
336.36	24.0
344.24	24.0
350.76	24.0
370.56	24.0
1211.36	24.0
1229.4	24.0
1235.24	24.0
1239.52	24.0
1256.2	24.0
1272.84	24.0
1282.96	24.0
1292.6	24.0
1364.96	24.0
312.96	25.0
1240.68	25.0
325.36	26.0
44.12	26.0
93.68	26.0
104.56	26.0
116.92	26.0
178.12	26.0
220.28	26.0
227.68	26.0
249.68	26.0
253.96	26.0
278.76	26.0
310.24	26.0
314.56	26.0
320.8	26.0
330.16	26.0
339.36	26.0
363.4	26.0
377.52	26.0
384.68	26.0
416.56	26.0
440.32	26.0
671.6	26.0
756.4	26.0
937.36	26.0
957.52	26.0
1222.48	26.0
1234.16	26.0
1238.8	26.0
1271.2	26.0
1293.32	26.0
1303.08	26.0
1309.84	26.0
1329.24	26.0
1337.28	26.0
1351.76	26.0
315.52	28.0
63.88	28.0
104.64	28.0
193.68	28.0
307.72	28.0
312.28	28.0
325.84	28.0
342.2	28.0
354.2	28.0
786.68	28.0
829.64	28.0
908.44	28.0
1214.76	28.0
1266.56	28.0
306.4	29.0
898.12	29.0
313.72	30.0
61.48	30.0
157.04	30.0
308.32	30.0
326.44	30.0
381.68	30.0
934.12	30.0
979.28	30.0
1235.68	30.0
1350.76	30.0
331.64	31.0
382.48	31.0
1234.16	31.0
1261.2	31.0
533.92	33.0
308.36	33.0
56.8	34.0
149.88	34.0
308.96	34.0
316.16	34.0
483.08	34.0
968.0	34.0
1234.52	34.0
1267.24	34.0
2.8	35.0
76.4	35.0
96.48	35.0
107.28	35.0
115.88	35.0
126.84	35.0
146.56	35.0
156.0	35.0
171.32	35.0
180.44	35.0
216.0	35.0
271.12	35.0
309.6	35.0
314.56	35.0
321.32	35.0
327.28	35.0
336.92	35.0
352.56	35.0
445.2	35.0
850.32	35.0
962.56	35.0
1188.0	35.0
1241.6	35.0
1250.88	35.0
1260.6	35.0
1312.48	35.0
1330.52	35.0
1354.4	35.0
302.76	36.0
