314.56	1.0
514.04	1.0
605.6	1.0
699.52	1.0
711.36	1.0
308.0	2.0
311.04	2.0
321.12	2.0
346.76	2.0
357.28	2.0
531.0	2.0
80.64	2.0
90.64	2.0
314.0	2.0
328.8	2.0
333.56	2.0
341.64	2.0
369.8	2.0
379.4	2.0
399.76	2.0
403.88	2.0
410.68	2.0
424.6	2.0
455.2	2.0
514.84	2.0
716.64	2.0
723.48	2.0
362.64	3.0
31.68	3.0
142.2	3.0
308.16	3.0
311.64	3.0
316.28	3.0
319.2	3.0
321.92	3.0
328.56	3.0
331.6	3.0
335.92	3.0
347.24	3.0
393.12	3.0
400.4	3.0
403.64	3.0
434.44	3.0
547.68	3.0
582.56	3.0
306.92	4.0
359.12	4.0
378.88	4.0
321.88	5.0
380.44	5.0
310.6	5.0
319.12	5.0
334.4	5.0
342.08	5.0
359.44	5.0
365.44	5.0
678.56	5.0
311.56	6.0
327.2	6.0
364.84	6.0
386.44	6.0
465.4	6.0
515.72	6.0
577.76	6.0
654.6	6.0
709.32	6.0
780.4	6.0
356.28	7.0
402.6	7.0
529.48	7.0
333.68	7.0
437.76	7.0
313.36	8.0
320.48	8.0
335.2	8.0
361.88	8.0
365.44	8.0
308.0	9.0
311.84	9.0
330.0	9.0
340.56	9.0
340.16	10.0
347.56	10.0
503.84	10.0
581.28	10.0
116.24	10.0
306.12	10.0
308.64	10.0
311.36	10.0
321.76	10.0
328.6	10.0
391.2	10.0
605.64	10.0
316.32	11.0
351.08	11.0
380.12	11.0
400.48	11.0
468.4	11.0
308.92	11.0
320.36	11.0
329.12	11.0
333.6	11.0
346.72	11.0
357.16	11.0
499.04	11.0
530.8	11.0
589.08	11.0
625.16	11.0
693.88	11.0
302.6	12.0
800.52	12.0
308.04	12.0
313.92	12.0
357.44	12.0
455.08	12.0
380.6	13.0
306.84	13.0
318.48	13.0
321.44	13.0
330.6	13.0
342.6	13.0
359.84	13.0
368.24	13.0
588.4	13.0
308.36	14.0
419.4	14.0
459.04	14.0
589.32	14.0
344.88	15.0
387.56	15.0
307.92	15.0
527.12	15.0
534.96	15.0
307.24	16.0
382.36	16.0
308.0	17.0
842.72	17.0
308.04	18.0
334.76	18.0
306.2	19.0
361.88	20.0
400.24	20.0
419.24	20.0
344.32	21.0
347.92	21.0
379.92	21.0
75.36	21.0
310.4	21.0
313.08	21.0
318.6	21.0
322.08	21.0
331.08	21.0
334.2	21.0
337.0	21.0
359.36	21.0
362.2	21.0
382.44	21.0
398.96	21.0
414.72	21.0
419.72	21.0
435.88	21.0
446.92	21.0
485.2	21.0
516.92	21.0
546.76	21.0
626.76	21.0
704.92	21.0
808.08	21.0
318.64	22.0
307.68	22.0
314.48	22.0
330.08	22.0
339.08	22.0
375.88	22.0
401.32	22.0
310.0	23.0
320.84	23.0
333.12	23.0
360.6	23.0
418.12	23.0
588.44	23.0
661.28	23.0
669.16	23.0
696.04	23.0
850.52	23.0
307.52	24.0
310.8	24.0
320.8	24.0
338.32	24.0
389.44	24.0
309.96	25.0
319.4	25.0
321.92	25.0
329.4	25.0
344.76	25.0
355.16	25.0
387.44	25.0
7.16	26.0
17.12	26.0
92.92	26.0
251.16	26.0
309.2	26.0
316.28	26.0
320.92	26.0
327.32	26.0
341.64	26.0
357.04	26.0
367.44	26.0
381.56	26.0
394.8	26.0
401.28	26.0
412.24	26.0
438.72	26.0
445.6	26.0
461.76	26.0
467.88	26.0
511.88	26.0
532.08	26.0
558.32	26.0
576.52	26.0
652.36	26.0
723.32	26.0
931.2	26.0
984.96	26.0
332.76	27.0
368.48	27.0
387.76	27.0
601.2	27.0
307.72	28.0
313.16	28.0
327.36	28.0
336.68	28.0
340.2	28.0
344.84	28.0
358.52	28.0
366.24	28.0
368.92	28.0
383.32	28.0
395.72	28.0
418.64	28.0
505.48	28.0
666.52	28.0
678.12	28.0
793.52	28.0
846.08	28.0
329.52	29.0
334.44	29.0
600.44	29.0
663.6	29.0
765.44	29.0
815.88	29.0
843.32	29.0
387.56	30.0
310.56	30.0
317.04	30.0
331.8	30.0
345.68	30.0
359.32	30.0
399.16	30.0
418.16	30.0
442.4	30.0
598.12	30.0
685.96	30.0
711.24	30.0
306.48	31.0
318.0	31.0
329.72	31.0
346.56	31.0
589.6	31.0
704.6	31.0
742.2	31.0
311.2	33.0
313.92	33.0
332.32	33.0
419.04	33.0
356.04	33.0
302.48	34.0
318.44	34.0
331.44	34.0
344.04	34.0
363.08	34.0
377.64	34.0
391.64	34.0
309.36	34.0
752.0	34.0
850.76	34.0
307.8	35.0
402.6	35.0
312.28	35.0
318.72	35.0
322.36	35.0
329.52	35.0
333.12	35.0
339.12	35.0
342.88	35.0
346.44	35.0
352.68	35.0
357.36	35.0
364.56	35.0
368.8	35.0
377.0	35.0
383.32	35.0
387.32	35.0
394.52	35.0
399.76	35.0
407.08	35.0
413.92	35.0
421.16	35.0
426.8	35.0
432.64	35.0
440.16	35.0
446.8	35.0
455.16	35.0
464.16	35.0
471.8	35.0
478.8	35.0
484.68	35.0
493.64	35.0
502.4	35.0
512.28	35.0
526.32	35.0
540.24	35.0
557.32	35.0
580.48	35.0
334.12	36.0
