311.0	1.0
332.32	2.0
309.72	2.0
313.4	2.0
321.52	2.0
324.52	2.0
328.68	2.0
339.36	2.0
352.76	2.0
355.44	2.0
365.64	2.0
373.32	2.0
384.92	2.0
401.8	2.0
450.76	2.0
468.68	2.0
471.92	2.0
499.88	2.0
628.44	2.0
311.24	3.0
315.52	3.0
318.12	3.0
321.2	3.0
324.64	3.0
333.04	3.0
349.84	3.0
354.92	3.0
365.36	3.0
488.8	3.0
529.96	3.0
641.08	3.0
647.96	3.0
310.4	4.0
473.48	5.0
310.76	5.0
663.36	6.0
345.8	6.0
383.92	6.0
526.64	6.0
507.12	7.0
542.04	7.0
310.52	7.0
401.52	7.0
449.84	8.0
516.64	8.0
917.2	8.0
312.04	8.0
317.52	8.0
321.32	8.0
332.16	8.0
381.28	8.0
684.12	8.0
857.36	8.0
334.6	9.0
312.48	9.0
317.16	9.0
325.6	9.0
879.64	9.0
425.28	10.0
488.2	10.0
497.16	10.0
507.24	10.0
604.6	10.0
309.56	10.0
313.08	10.0
321.72	10.0
355.4	10.0
856.28	10.0
313.12	11.0
319.04	11.0
354.16	11.0
309.52	11.0
321.96	11.0
324.6	11.0
351.48	11.0
387.28	11.0
451.44	11.0
471.48	11.0
493.24	11.0
644.96	11.0
858.88	11.0
957.24	11.0
326.8	12.0
436.2	12.0
760.2	12.0
302.88	12.0
319.16	12.0
405.44	12.0
524.76	12.0
665.64	12.0
312.8	13.0
318.04	13.0
355.84	13.0
435.2	13.0
526.0	13.0
610.16	13.0
316.84	14.0
610.92	14.0
385.72	14.0
453.08	14.0
615.6	14.0
312.64	15.0
532.28	15.0
320.8	16.0
607.48	16.0
388.76	17.0
311.96	18.0
318.8	18.0
356.16	18.0
619.56	18.0
334.12	20.0
388.68	20.0
309.2	21.0
350.68	21.0
370.88	21.0
314.36	21.0
317.96	21.0
327.04	21.0
333.76	21.0
340.08	21.0
363.68	21.0
366.6	21.0
381.08	21.0
388.4	21.0
400.44	21.0
403.0	21.0
421.4	21.0
432.48	21.0
466.12	21.0
469.12	21.0
482.36	21.0
508.0	21.0
638.16	21.0
655.72	21.0
727.64	21.0
795.64	21.0
837.88	21.0
920.92	21.0
312.96	22.0
322.2	22.0
334.76	22.0
363.04	22.0
687.48	22.0
776.12	22.0
418.0	23.0
497.36	23.0
659.4	23.0
312.8	23.0
318.96	23.0
326.24	23.0
337.08	23.0
346.56	23.0
354.04	23.0
386.08	23.0
406.12	23.0
436.8	23.0
538.56	23.0
1185.96	23.0
309.92	24.0
316.96	24.0
324.08	24.0
356.24	24.0
409.04	24.0
431.08	24.0
471.64	24.0
324.32	25.0
311.04	25.0
319.8	25.0
333.24	25.0
357.88	25.0
692.72	26.0
313.08	26.0
315.88	26.0
320.12	26.0
325.52	26.0
332.0	26.0
347.4	26.0
354.12	26.0
368.28	26.0
373.32	26.0
381.48	26.0
388.08	26.0
394.44	26.0
408.4	26.0
436.28	26.0
442.76	26.0
448.84	26.0
458.6	26.0
471.88	26.0
477.24	26.0
486.6	26.0
496.72	26.0
512.08	26.0
526.28	26.0
551.48	26.0
563.84	26.0
585.12	26.0
603.88	26.0
606.72	26.0
626.64	26.0
646.88	26.0
688.72	26.0
731.6	26.0
744.16	26.0
768.56	26.0
807.2	26.0
850.24	26.0
309.52	27.0
384.48	28.0
629.76	28.0
312.12	28.0
316.76	28.0
325.28	28.0
332.0	28.0
367.68	28.0
408.0	28.0
625.68	28.0
879.32	28.0
309.12	29.0
321.84	29.0
332.76	29.0
311.36	30.0
318.52	30.0
328.32	30.0
336.04	30.0
342.24	30.0
364.72	30.0
367.56	30.0
385.64	30.0
422.96	30.0
427.0	30.0
455.0	30.0
471.08	30.0
530.52	30.0
612.12	30.0
855.88	30.0
924.56	30.0
314.32	31.0
318.08	31.0
330.0	31.0
333.28	31.0
333.28	32.0
316.72	33.0
526.76	33.0
319.8	33.0
348.52	33.0
687.08	33.0
302.52	34.0
316.04	34.0
330.8	34.0
352.32	34.0
367.52	34.0
398.04	34.0
467.32	34.0
309.2	34.0
867.04	34.0
312.68	35.0
316.48	35.0
321.92	35.0
327.28	35.0
332.8	35.0
338.2	35.0
341.48	35.0
350.08	35.0
356.48	35.0
362.0	35.0
369.64	35.0
386.0	35.0
388.76	35.0
399.36	35.0
418.32	35.0
437.32	35.0
469.28	35.0
490.76	35.0
498.08	35.0
502.52	35.0
588.68	35.0
639.84	35.0
659.28	35.0
665.48	35.0
934.44	35.0
1185.84	35.0
