321.4	1.0
962.2	1.0
1121.64	1.0
311.76	2.0
318.0	2.0
333.0	2.0
354.48	2.0
1030.44	2.0
1199.84	2.0
314.4	2.0
323.8	2.0
326.6	2.0
329.72	2.0
336.52	2.0
340.68	2.0
344.72	2.0
383.12	2.0
390.92	2.0
402.0	2.0
448.68	2.0
551.44	2.0
563.84	2.0
567.88	2.0
881.8	2.0
907.68	2.0
910.4	2.0
947.76	2.0
962.6	2.0
1001.48	2.0
1004.12	2.0
1022.8	2.0
1044.16	2.0
1079.12	2.0
1082.08	2.0
1092.6	2.0
1099.64	2.0
1202.36	2.0
311.12	3.0
345.24	3.0
317.2	3.0
325.28	3.0
330.52	3.0
338.68	3.0
353.28	3.0
365.32	3.0
368.28	3.0
409.88	3.0
458.36	3.0
538.28	3.0
591.0	3.0
695.92	3.0
768.24	3.0
910.2	3.0
947.48	3.0
959.72	3.0
1004.84	3.0
1023.4	3.0
1030.52	3.0
1058.48	3.0
1088.76	3.0
1099.76	3.0
1130.56	3.0
1159.4	3.0
1165.48	3.0
1182.8	3.0
1197.0	3.0
1201.08	3.0
1236.52	3.0
309.44	4.0
321.36	4.0
323.92	4.0
337.92	4.0
349.96	4.0
310.32	5.0
322.76	5.0
317.36	6.0
665.52	6.0
312.44	6.0
332.0	6.0
370.32	6.0
578.6	6.0
718.72	6.0
1057.2	6.0
355.64	7.0
638.72	7.0
1071.12	7.0
330.16	7.0
317.4	8.0
549.68	8.0
587.08	8.0
348.68	8.0
382.08	8.0
427.72	8.0
881.84	8.0
906.64	8.0
946.56	8.0
1064.04	8.0
1097.56	8.0
1132.16	8.0
310.16	9.0
328.8	9.0
336.44	9.0
358.32	9.0
1026.8	9.0
1225.48	9.0
312.36	10.0
315.68	10.0
322.32	10.0
341.32	10.0
345.36	10.0
501.84	10.0
570.28	10.0
643.4	10.0
1250.36	10.0
1282.92	10.0
309.48	10.0
326.8	10.0
353.4	10.0
1197.4	10.0
310.32	11.0
507.72	11.0
647.56	11.0
959.76	11.0
1004.84	11.0
1092.64	11.0
1243.04	11.0
1279.48	11.0
321.12	11.0
326.76	11.0
330.4	11.0
334.56	11.0
354.04	11.0
426.68	11.0
454.0	11.0
514.44	11.0
983.72	11.0
995.92	11.0
1028.16	11.0
1044.2	11.0
1056.96	11.0
1153.48	11.0
1197.84	11.0
1298.88	11.0
302.64	12.0
998.6	12.0
1041.24	12.0
1189.4	12.0
316.36	12.0
334.92	12.0
339.32	12.0
568.2	12.0
328.64	13.0
309.84	13.0
321.16	13.0
345.56	13.0
355.16	13.0
1100.04	13.0
1109.28	13.0
1188.36	13.0
1200.24	13.0
323.08	14.0
327.96	14.0
346.12	14.0
387.04	14.0
1108.2	14.0
1160.92	14.0
346.96	15.0
811.8	15.0
330.8	16.0
325.32	17.0
904.28	17.0
947.36	17.0
329.16	18.0
317.56	18.0
1110.56	18.0
908.32	19.0
465.8	20.0
1092.88	21.0
1222.08	21.0
309.2	21.0
314.8	21.0
322.44	21.0
329.24	21.0
339.08	21.0
344.2	21.0
361.4	21.0
383.52	21.0
414.6	21.0
462.48	21.0
524.92	21.0
553.36	21.0
614.96	21.0
628.12	21.0
669.32	21.0
727.12	21.0
783.72	21.0
811.0	21.0
930.04	21.0
979.12	21.0
995.28	21.0
1035.24	21.0
1039.2	21.0
1064.2	21.0
1089.08	21.0
1101.16	21.0
1108.24	21.0
1128.04	21.0
1137.44	21.0
1148.24	21.0
1166.8	21.0
1179.8	21.0
1199.36	21.0
1225.2	21.0
1247.16	21.0
1302.8	21.0
330.48	22.0
310.88	22.0
342.2	22.0
347.64	22.0
632.24	22.0
693.32	22.0
895.04	22.0
942.48	22.0
969.88	22.0
1092.8	22.0
1108.44	22.0
1127.96	22.0
1162.16	22.0
1197.04	22.0
1222.08	22.0
1268.08	22.0
309.36	23.0
313.16	23.0
337.68	23.0
347.16	23.0
352.96	23.0
356.24	23.0
501.88	23.0
634.56	23.0
1014.8	23.0
1028.92	23.0
1059.8	23.0
1085.28	23.0
1095.36	23.0
1133.64	23.0
1304.32	23.0
1131.48	24.0
316.88	24.0
321.6	24.0
329.16	24.0
342.72	24.0
1062.4	24.0
1099.12	24.0
1256.56	24.0
329.56	25.0
309.8	25.0
317.48	25.0
322.64	25.0
347.4	25.0
430.84	26.0
487.04	26.0
311.8	26.0
314.36	26.0
338.96	26.0
346.48	26.0
356.76	26.0
370.12	26.0
376.56	26.0
421.68	26.0
446.32	26.0
459.6	26.0
490.36	26.0
517.76	26.0
544.6	26.0
559.92	26.0
578.68	26.0
618.24	26.0
623.36	26.0
660.36	26.0
668.96	26.0
849.16	26.0
915.12	26.0
929.48	26.0
950.6	26.0
987.36	26.0
1018.16	26.0
1073.96	26.0
1081.92	26.0
1097.32	26.0
1113.92	26.0
1149.64	26.0
1166.24	26.0
1190.68	26.0
1211.88	26.0
1221.2	26.0
1245.68	26.0
1268.72	26.0
1278.2	26.0
1285.0	26.0
309.52	27.0
321.84	27.0
329.64	27.0
1197.92	27.0
1221.52	27.0
1246.08	27.0
1272.2	27.0
1297.92	27.0
342.28	28.0
1202.04	28.0
315.36	28.0
324.96	28.0
328.48	28.0
336.72	28.0
358.04	28.0
371.04	28.0
910.96	28.0
937.76	28.0
1225.2	28.0
328.12	29.0
316.08	29.0
910.72	29.0
310.88	30.0
321.12	30.0
347.4	30.0
349.92	30.0
367.36	30.0
381.72	30.0
402.12	30.0
552.68	30.0
572.68	30.0
634.04	30.0
724.04	30.0
760.08	30.0
794.32	30.0
882.24	30.0
932.2	30.0
946.28	30.0
1064.2	30.0
1085.24	30.0
1107.04	30.0
1126.56	30.0
1131.92	30.0
1199.56	30.0
1221.16	30.0
1226.28	30.0
1238.32	30.0
1281.88	30.0
327.44	31.0
1105.08	31.0
624.08	33.0
310.2	33.0
913.0	33.0
1127.8	33.0
1155.08	33.0
302.48	34.0
335.28	34.0
1085.44	34.0
311.16	35.0
322.24	35.0
328.52	35.0
333.56	35.0
341.24	35.0
348.72	35.0
355.76	35.0
363.96	35.0
400.8	35.0
426.2	35.0
463.08	35.0
527.4	35.0
542.6	35.0
571.68	35.0
613.52	35.0
616.24	35.0
647.64	35.0
670.96	35.0
813.44	35.0
939.76	35.0
993.52	35.0
1014.72	35.0
1033.48	35.0
1087.08	35.0
1095.0	35.0
1136.2	35.0
1157.0	35.0
1160.48	35.0
1178.28	35.0
