325.16	1.0
673.56	1.0
617.6	1.0
682.16	1.0
868.84	1.0
306.48	2.0
314.6	2.0
590.36	2.0
1013.36	2.0
321.44	2.0
325.0	2.0
332.04	2.0
338.76	2.0
341.52	2.0
351.6	2.0
356.4	2.0
366.56	2.0
369.92	2.0
387.28	2.0
412.12	2.0
478.52	2.0
644.12	2.0
670.64	2.0
682.56	2.0
704.12	2.0
711.84	2.0
720.12	2.0
749.88	2.0
754.44	2.0
767.24	2.0
775.56	2.0
784.88	2.0
807.04	2.0
816.76	2.0
820.16	2.0
845.8	2.0
849.68	2.0
855.36	2.0
896.76	2.0
914.4	2.0
920.36	2.0
959.96	2.0
993.24	2.0
1046.56	2.0
1049.64	2.0
1075.36	2.0
1108.68	2.0
1113.36	2.0
1160.08	2.0
1176.6	2.0
1194.72	2.0
1197.76	2.0
1221.36	2.0
1231.4	2.0
1255.68	2.0
1270.4	2.0
1273.44	2.0
1280.08	2.0
1283.12	2.0
1301.12	2.0
1324.8	2.0
1349.88	2.0
1388.44	2.0
1405.36	2.0
308.04	3.0
312.92	3.0
324.76	3.0
327.84	3.0
331.6	3.0
339.48	3.0
342.76	3.0
348.48	3.0
351.96	3.0
366.2	3.0
385.4	3.0
411.48	3.0
434.08	3.0
463.76	3.0
498.16	3.0
526.52	3.0
554.04	3.0
582.16	3.0
593.52	3.0
644.24	3.0
684.88	3.0
749.6	3.0
754.16	3.0
767.4	3.0
790.0	3.0
801.6	3.0
816.92	3.0
822.8	3.0
829.4	3.0
855.56	3.0
867.2	3.0
871.4	3.0
919.36	3.0
942.36	3.0
949.84	3.0
961.36	3.0
963.88	3.0
986.2	3.0
997.16	3.0
1012.68	3.0
1016.64	3.0
1049.48	3.0
1075.24	3.0
1110.44	3.0
1114.36	3.0
1120.04	3.0
1176.08	3.0
1189.12	3.0
1201.48	3.0
1206.92	3.0
1214.84	3.0
1232.76	3.0
1244.76	3.0
1251.8	3.0
1276.76	3.0
1280.96	3.0
1336.36	3.0
1349.64	3.0
306.28	4.0
771.92	4.0
809.0	4.0
919.36	4.0
958.68	4.0
1041.08	4.0
1319.64	4.0
1322.44	4.0
312.68	4.0
333.72	4.0
365.84	4.0
776.96	4.0
799.16	4.0
868.16	4.0
943.68	4.0
972.64	4.0
995.4	4.0
1019.68	4.0
1078.2	4.0
1116.4	4.0
1162.16	4.0
1189.64	4.0
1214.52	4.0
1269.28	4.0
306.24	5.0
419.48	5.0
332.64	5.0
330.0	6.0
362.76	6.0
419.52	6.0
474.12	6.0
683.2	6.0
747.48	6.0
773.92	6.0
797.84	6.0
809.52	6.0
820.0	6.0
859.2	6.0
912.64	6.0
922.92	6.0
970.16	6.0
1017.84	6.0
1075.68	6.0
1105.96	6.0
1164.56	6.0
1199.04	6.0
1264.48	6.0
1311.6	6.0
1327.36	6.0
329.4	7.0
349.28	7.0
656.48	7.0
308.32	7.0
321.04	7.0
341.04	7.0
781.8	7.0
951.12	7.0
403.96	8.0
306.2	8.0
321.44	8.0
333.0	8.0
353.88	8.0
357.72	8.0
464.56	8.0
480.56	8.0
588.56	8.0
715.76	8.0
831.36	8.0
915.68	8.0
960.44	8.0
1013.44	8.0
1023.52	8.0
1111.32	8.0
1173.32	8.0
1189.44	8.0
1280.72	8.0
1307.92	8.0
333.0	9.0
350.52	9.0
703.48	9.0
835.4	9.0
962.32	9.0
1239.72	9.0
1282.44	9.0
315.6	10.0
324.96	10.0
479.44	10.0
686.44	10.0
934.12	10.0
1085.36	10.0
1108.4	10.0
1282.72	10.0
335.84	10.0
339.56	10.0
364.2	10.0
590.88	10.0
751.88	10.0
754.6	10.0
767.68	10.0
855.6	10.0
960.96	10.0
1388.6	10.0
339.44	11.0
352.08	11.0
354.92	11.0
507.88	11.0
755.88	11.0
923.88	11.0
1057.8	11.0
1248.92	11.0
1376.2	11.0
306.52	11.0
325.36	11.0
332.48	11.0
370.04	11.0
372.6	11.0
381.92	11.0
401.68	11.0
439.2	11.0
444.52	11.0
502.28	11.0
531.16	11.0
590.64	11.0
641.24	11.0
658.2	11.0
660.92	11.0
682.16	11.0
697.44	11.0
736.56	11.0
753.2	11.0
767.28	11.0
779.16	11.0
807.2	11.0
870.04	11.0
888.36	11.0
892.52	11.0
917.84	11.0
959.08	11.0
990.52	11.0
1010.4	11.0
1013.2	11.0
1032.0	11.0
1052.32	11.0
1068.32	11.0
1075.88	11.0
1133.32	11.0
1175.76	11.0
1195.36	11.0
1252.6	11.0
1281.52	11.0
1322.12	11.0
1388.04	11.0
337.44	12.0
302.88	12.0
307.36	12.0
345.0	12.0
756.32	12.0
780.68	12.0
812.48	12.0
917.6	12.0
922.76	12.0
1275.12	12.0
307.08	13.0
325.52	13.0
333.04	13.0
369.6	13.0
831.96	13.0
1281.44	13.0
329.4	14.0
349.28	14.0
1268.76	14.0
307.32	14.0
335.76	14.0
344.16	14.0
367.24	14.0
840.2	14.0
855.36	14.0
984.72	14.0
1086.68	14.0
307.4	15.0
312.48	15.0
323.88	15.0
331.12	15.0
307.12	16.0
888.0	16.0
900.8	16.0
944.12	16.0
1191.04	16.0
1270.76	16.0
307.28	17.0
330.56	17.0
321.32	18.0
943.92	18.0
588.48	19.0
894.36	19.0
1013.4	19.0
1111.36	19.0
1174.16	19.0
1241.4	19.0
832.04	20.0
1203.88	20.0
329.04	20.0
351.92	20.0
760.32	20.0
1030.36	20.0
317.24	21.0
308.04	21.0
323.56	21.0
327.92	21.0
330.76	21.0
334.32	21.0
340.8	21.0
344.16	21.0
353.64	21.0
367.2	21.0
410.52	21.0
481.6	21.0
532.08	21.0
589.04	21.0
630.08	21.0
690.28	21.0
719.76	21.0
744.08	21.0
760.8	21.0
784.16	21.0
810.84	21.0
823.24	21.0
830.44	21.0
873.92	21.0
897.4	21.0
922.16	21.0
945.24	21.0
1019.24	21.0
1026.92	21.0
1056.16	21.0
1086.6	21.0
1115.2	21.0
1152.28	21.0
1191.8	21.0
1206.6	21.0
1219.0	21.0
1295.28	21.0
1350.2	21.0
1379.6	21.0
306.64	22.0
1202.8	22.0
327.36	22.0
337.56	22.0
349.12	22.0
365.28	22.0
755.28	22.0
820.76	22.0
902.76	22.0
1001.28	22.0
1153.92	22.0
1323.64	22.0
306.76	23.0
315.28	23.0
325.16	23.0
331.12	23.0
339.52	23.0
344.12	23.0
398.28	23.0
425.64	23.0
681.32	23.0
796.84	23.0
820.88	23.0
827.52	23.0
850.68	23.0
902.92	23.0
965.04	23.0
1013.48	23.0
1057.64	23.0
1115.52	23.0
1160.28	23.0
1180.0	23.0
1188.2	23.0
1193.64	23.0
1277.84	23.0
1306.2	23.0
315.8	24.0
321.84	24.0
329.24	24.0
337.0	24.0
345.56	24.0
348.48	24.0
744.08	24.0
964.28	24.0
1192.92	24.0
385.12	25.0
317.0	25.0
327.76	25.0
337.0	25.0
345.16	25.0
881.0	25.0
1247.52	25.0
485.24	26.0
568.16	26.0
720.28	26.0
817.88	26.0
890.2	26.0
314.52	26.0
329.16	26.0
337.0	26.0
343.92	26.0
360.16	26.0
366.76	26.0
385.44	26.0
406.64	26.0
423.48	26.0
458.92	26.0
479.56	26.0
497.2	26.0
553.32	26.0
574.64	26.0
582.8	26.0
613.48	26.0
641.52	26.0
679.4	26.0
715.52	26.0
725.24	26.0
745.76	26.0
799.12	26.0
841.68	26.0
851.76	26.0
865.24	26.0
881.44	26.0
901.72	26.0
911.84	26.0
935.36	26.0
1007.88	26.0
1028.28	26.0
1034.64	26.0
1042.04	26.0
1085.0	26.0
1103.36	26.0
1133.6	26.0
1189.0	26.0
1198.8	26.0
1212.08	26.0
1252.8	26.0
1287.4	26.0
1386.88	26.0
398.48	27.0
853.04	27.0
902.04	27.0
1017.72	27.0
355.2	27.0
485.36	27.0
662.32	27.0
820.64	27.0
943.64	27.0
1003.8	27.0
1041.28	27.0
1280.92	27.0
1372.16	27.0
306.36	28.0
325.96	28.0
315.16	28.0
329.24	28.0
334.92	28.0
339.12	28.0
353.16	28.0
703.16	28.0
755.68	28.0
860.24	28.0
1017.0	28.0
1062.08	28.0
1114.96	28.0
1177.56	28.0
1206.92	28.0
1277.8	28.0
1282.12	28.0
314.16	29.0
322.56	29.0
325.56	29.0
317.32	30.0
322.4	30.0
332.24	30.0
357.56	30.0
372.96	30.0
444.0	30.0
472.72	30.0
480.48	30.0
588.44	30.0
636.12	30.0
656.12	30.0
753.48	30.0
801.8	30.0
810.36	30.0
856.28	30.0
908.24	30.0
947.28	30.0
960.6	30.0
1014.76	30.0
1024.96	30.0
1066.48	30.0
1111.2	30.0
1175.6	30.0
1207.32	30.0
1247.6	30.0
1251.8	30.0
1283.92	30.0
1343.72	30.0
1381.32	30.0
306.12	31.0
331.96	31.0
339.64	31.0
350.44	31.0
472.32	31.0
927.84	31.0
341.08	32.0
1204.28	33.0
307.28	33.0
312.08	33.0
343.28	33.0
302.48	34.0
330.4	34.0
307.36	34.0
338.08	34.0
835.0	34.0
1210.08	34.0
308.08	35.0
315.36	35.0
323.08	35.0
330.4	35.0
333.44	35.0
339.92	35.0
343.0	35.0
350.28	35.0
359.16	35.0
370.12	35.0
376.84	35.0
381.88	35.0
422.36	35.0
486.12	35.0
604.56	35.0
689.72	35.0
702.32	35.0
706.24	35.0
747.36	35.0
754.16	35.0
784.08	35.0
797.32	35.0
829.6	35.0
839.72	35.0
850.68	35.0
874.0	35.0
922.72	35.0
935.8	35.0
939.88	35.0
991.56	35.0
999.08	35.0
1074.48	35.0
1115.48	35.0
1154.08	35.0
1174.48	35.0
1188.08	35.0
1273.24	35.0
1279.36	35.0
1340.04	35.0
1387.4	35.0
306.96	36.0
321.36	36.0
312.4	36.0
329.72	36.0
345.04	36.0
387.08	36.0
418.0	36.0
482.92	36.0
1179.84	36.0
