238.52	1.0
309.44	1.0
776.2	2.0
25.84	2.0
66.24	2.0
69.48	2.0
146.12	2.0
158.72	2.0
172.28	2.0
184.32	2.0
212.56	2.0
237.12	2.0
260.56	2.0
306.4	2.0
313.84	2.0
316.92	2.0
319.88	2.0
328.52	2.0
351.04	2.0
355.04	2.0
371.76	2.0
571.0	2.0
675.64	2.0
689.2	2.0
726.52	2.0
755.8	2.0
797.12	2.0
809.32	2.0
822.88	2.0
833.84	2.0
841.48	2.0
867.56	2.0
919.44	2.0
929.48	2.0
933.2	2.0
1011.56	2.0
1029.68	2.0
1034.68	2.0
1065.52	2.0
1088.52	2.0
1092.36	2.0
1127.08	2.0
1146.6	2.0
1175.32	2.0
1195.48	2.0
1224.32	2.0
1260.44	2.0
1275.2	2.0
238.36	3.0
26.08	3.0
34.76	3.0
123.88	3.0
158.88	3.0
164.44	3.0
211.72	3.0
256.76	3.0
260.72	3.0
308.28	3.0
319.88	3.0
322.4	3.0
328.44	3.0
340.92	3.0
354.92	3.0
366.96	3.0
371.92	3.0
418.72	3.0
421.64	3.0
483.2	3.0
571.16	3.0
689.4	3.0
776.72	3.0
797.32	3.0
826.44	3.0
829.36	3.0
833.96	3.0
841.6	3.0
867.76	3.0
1011.12	3.0
1037.56	3.0
1065.24	3.0
1089.64	3.0
1143.32	3.0
1146.76	3.0
1166.28	3.0
1175.48	3.0
1224.48	3.0
1240.64	3.0
1275.36	3.0
302.68	4.0
318.04	4.0
13.44	4.0
49.92	4.0
70.68	4.0
145.08	4.0
157.84	4.0
178.2	4.0
207.56	4.0
240.2	4.0
328.0	4.0
342.92	4.0
351.2	4.0
367.76	4.0
386.16	4.0
402.84	4.0
421.2	4.0
443.28	4.0
471.8	4.0
485.4	4.0
526.28	4.0
797.04	4.0
817.04	4.0
829.68	4.0
852.72	4.0
890.44	4.0
929.04	4.0
956.4	4.0
993.12	4.0
1019.28	4.0
1047.68	4.0
1105.24	4.0
1135.6	4.0
1166.44	4.0
1193.52	4.0
1219.6	4.0
1229.6	4.0
1251.0	4.0
1263.88	4.0
1293.8	4.0
302.48	5.0
307.32	5.0
319.2	5.0
328.28	5.0
306.0	6.0
325.84	6.0
847.28	6.0
1058.8	6.0
1191.04	6.0
308.36	7.0
22.0	7.0
311.08	7.0
366.72	7.0
1086.52	7.0
1195.48	7.0
23.32	8.0
125.12	8.0
137.92	8.0
180.28	8.0
200.76	8.0
241.28	8.0
306.0	8.0
308.96	8.0
322.08	8.0
368.04	8.0
426.08	8.0
474.68	8.0
685.84	8.0
747.32	8.0
772.52	8.0
797.2	8.0
817.36	8.0
890.64	8.0
1030.08	8.0
1052.28	8.0
1100.84	8.0
1105.68	8.0
1139.88	8.0
1196.52	8.0
1214.2	8.0
1219.2	8.0
27.08	9.0
111.24	9.0
166.96	9.0
276.44	9.0
513.0	9.0
566.24	9.0
806.56	9.0
931.08	9.0
1014.0	9.0
1065.96	9.0
1275.6	9.0
319.76	10.0
709.04	10.0
15.16	10.0
123.4	10.0
213.24	10.0
306.88	10.0
313.8	10.0
536.84	10.0
621.88	10.0
686.76	10.0
756.36	10.0
1000.04	10.0
1089.72	10.0
1118.6	10.0
1142.24	10.0
1266.52	10.0
164.52	11.0
256.8	11.0
759.88	11.0
829.44	11.0
52.08	11.0
67.2	11.0
116.84	11.0
145.88	11.0
149.32	11.0
171.08	11.0
184.4	11.0
235.8	11.0
321.6	11.0
326.12	11.0
339.2	11.0
368.76	11.0
410.88	11.0
443.12	11.0
596.92	11.0
689.32	11.0
713.4	11.0
756.12	11.0
795.92	11.0
859.8	11.0
919.12	11.0
931.8	11.0
976.92	11.0
1004.16	11.0
1051.64	11.0
1086.64	11.0
1090.96	11.0
1143.8	11.0
1174.72	11.0
1194.72	11.0
1197.36	11.0
1272.12	11.0
171.56	12.0
302.88	12.0
372.0	12.0
24.0	13.0
151.32	13.0
306.52	13.0
326.56	13.0
354.64	13.0
391.6	13.0
17.2	14.0
85.04	14.0
158.44	14.0
212.76	14.0
309.44	14.0
389.12	14.0
756.84	14.0
772.6	14.0
1058.16	14.0
1128.28	14.0
1230.56	14.0
1273.56	15.0
103.8	15.0
255.24	15.0
306.2	15.0
324.04	15.0
354.16	15.0
792.4	15.0
800.76	15.0
879.8	15.0
953.04	15.0
1140.24	15.0
52.88	16.0
753.72	16.0
344.12	18.0
306.4	19.0
722.32	19.0
777.16	19.0
1140.28	19.0
308.68	20.0
889.84	20.0
11.84	21.0
183.24	21.0
194.8	21.0
247.44	21.0
311.36	21.0
318.48	21.0
341.2	21.0
355.16	21.0
503.72	21.0
749.2	21.0
762.0	21.0
801.8	21.0
861.72	21.0
1111.8	21.0
1151.24	21.0
1175.76	21.0
32.16	22.0
121.36	22.0
223.6	22.0
320.52	22.0
324.72	22.0
808.92	22.0
856.56	22.0
890.28	22.0
1060.56	22.0
1067.48	22.0
1084.92	22.0
1146.24	22.0
62.8	23.0
156.2	23.0
306.24	23.0
429.44	23.0
739.6	23.0
749.0	23.0
806.12	23.0
828.24	23.0
1121.68	23.0
16.68	23.0
24.28	23.0
27.8	23.0
52.24	23.0
57.08	23.0
59.92	23.0
68.16	23.0
112.96	23.0
119.12	23.0
162.76	23.0
173.64	23.0
193.8	23.0
240.72	23.0
255.8	23.0
285.36	23.0
310.48	23.0
316.32	23.0
322.68	23.0
368.64	23.0
540.4	23.0
565.04	23.0
594.44	23.0
685.24	23.0
704.56	23.0
782.52	23.0
798.6	23.0
831.72	23.0
846.84	23.0
856.64	23.0
863.32	23.0
918.84	23.0
921.52	23.0
931.8	23.0
990.84	23.0
1011.68	23.0
1050.4	23.0
1106.56	23.0
1117.76	23.0
1136.76	23.0
1153.32	23.0
1168.04	23.0
1179.32	23.0
1204.76	23.0
1221.08	23.0
1227.36	23.0
306.32	24.0
328.88	24.0
587.08	24.0
1052.0	24.0
306.44	25.0
93.56	25.0
160.32	25.0
179.0	25.0
276.44	25.0
499.12	25.0
589.08	25.0
748.88	25.0
828.8	25.0
847.2	25.0
953.24	25.0
1016.04	25.0
1214.36	25.0
1297.52	25.0
20.56	26.0
46.92	26.0
67.16	26.0
97.76	26.0
123.16	26.0
145.44	26.0
162.48	26.0
180.84	26.0
191.16	26.0
234.8	26.0
246.56	26.0
263.12	26.0
278.68	26.0
284.76	26.0
309.68	26.0
315.64	26.0
320.68	26.0
325.2	26.0
327.92	26.0
331.6	26.0
337.48	26.0
344.92	26.0
351.48	26.0
367.44	26.0
370.72	26.0
389.56	26.0
407.88	26.0
427.48	26.0
447.4	26.0
462.84	26.0
496.84	26.0
500.64	26.0
519.56	26.0
522.64	26.0
558.0	26.0
589.2	26.0
621.6	26.0
654.16	26.0
675.6	26.0
699.76	26.0
705.6	26.0
717.92	26.0
733.28	26.0
751.96	26.0
761.8	26.0
783.2	26.0
804.64	26.0
818.64	26.0
829.92	26.0
849.36	26.0
892.52	26.0
896.84	26.0
935.2	26.0
955.72	26.0
967.88	26.0
1018.92	26.0
1023.4	26.0
1026.88	26.0
1054.52	26.0
1070.36	26.0
1085.56	26.0
1088.4	26.0
1103.08	26.0
1144.92	26.0
1180.08	26.0
1190.84	26.0
1194.92	26.0
1216.72	26.0
1247.8	26.0
1300.36	26.0
318.56	27.0
214.68	27.0
370.92	27.0
465.24	27.0
801.04	27.0
867.56	27.0
1143.36	27.0
1220.36	27.0
1304.96	27.0
725.08	28.0
1164.2	28.0
43.24	28.0
71.64	28.0
121.4	28.0
166.6	28.0
171.0	28.0
185.56	28.0
191.52	28.0
209.52	28.0
254.32	28.0
306.52	28.0
309.48	28.0
315.36	28.0
320.64	28.0
327.32	28.0
360.64	28.0
512.6	28.0
630.08	28.0
689.44	28.0
693.2	28.0
733.32	28.0
771.48	28.0
775.88	28.0
789.76	28.0
806.12	28.0
987.28	28.0
1007.32	28.0
1029.64	28.0
1065.56	28.0
1100.44	28.0
1176.88	28.0
1214.32	28.0
1218.08	28.0
1238.56	28.0
1275.24	28.0
236.72	29.0
328.76	29.0
426.36	29.0
123.4	30.0
180.6	30.0
266.36	30.0
308.12	30.0
321.28	30.0
327.64	30.0
346.92	30.0
391.4	30.0
464.8	30.0
564.24	30.0
685.8	30.0
696.52	30.0
747.0	30.0
776.44	30.0
803.32	30.0
905.4	30.0
1032.4	30.0
1071.08	30.0
1111.4	30.0
1173.32	30.0
324.4	31.0
302.44	34.0
68.08	34.0
142.32	34.0
306.64	34.0
369.96	34.0
1091.4	34.0
302.68	35.0
23.6	35.0
48.48	35.0
64.56	35.0
154.64	35.0
160.4	35.0
208.28	35.0
214.52	35.0
256.96	35.0
282.4	35.0
308.52	35.0
311.68	35.0
319.88	35.0
323.0	35.0
341.12	35.0
347.16	35.0
366.88	35.0
375.76	35.0
406.32	35.0
420.76	35.0
435.52	35.0
447.92	35.0
459.16	35.0
483.96	35.0
756.08	35.0
793.88	35.0
798.96	35.0
829.72	35.0
890.2	35.0
927.76	35.0
931.64	35.0
935.88	35.0
1020.96	35.0
1031.84	35.0
1100.32	35.0
1117.8	35.0
1139.36	35.0
1163.88	35.0
1171.16	35.0
1183.92	35.0
1213.04	35.0
1231.72	35.0
1247.2	35.0
1262.76	35.0
1271.88	35.0
1299.68	35.0
13.28	36.0
96.28	36.0
161.4	36.0
186.4	36.0
208.08	36.0
253.04	36.0
284.92	36.0
306.16	36.0
325.6	36.0
344.92	36.0
408.04	36.0
424.2	36.0
482.32	36.0
561.6	36.0
590.76	36.0
715.64	36.0
796.0	36.0
879.44	36.0
980.68	36.0
1022.76	36.0
1070.32	36.0
1093.4	36.0
1139.08	36.0
1237.76	36.0
1243.52	36.0
1300.68	36.0
