307.52	1.0
966.84	1.0
104.28	1.0
171.68	1.0
730.28	1.0
913.52	1.0
726.28	2.0
45.04	2.0
72.44	2.0
77.56	2.0
104.68	2.0
113.48	2.0
120.8	2.0
137.64	2.0
172.12	2.0
175.36	2.0
244.4	2.0
307.44	2.0
311.04	2.0
313.64	2.0
353.96	2.0
357.52	2.0
383.56	2.0
392.28	2.0
418.44	2.0
455.72	2.0
508.8	2.0
592.16	2.0
610.52	2.0
777.4	2.0
841.2	2.0
895.88	2.0
1084.4	2.0
1090.84	2.0
1177.48	2.0
1205.36	2.0
1220.2	2.0
1245.72	2.0
1265.52	2.0
138.64	3.0
44.76	3.0
73.28	3.0
111.28	3.0
244.52	3.0
306.76	3.0
311.52	3.0
315.16	3.0
321.88	3.0
337.08	3.0
357.36	3.0
388.88	3.0
474.8	3.0
486.96	3.0
508.88	3.0
536.52	3.0
600.76	3.0
726.8	3.0
841.4	3.0
896.08	3.0
912.28	3.0
1011.28	3.0
1090.6	3.0
1147.4	3.0
1177.6	3.0
1220.36	3.0
1223.32	3.0
13.36	4.0
68.32	4.0
119.0	4.0
139.24	4.0
162.84	4.0
265.8	4.0
330.0	4.0
342.84	4.0
367.12	4.0
390.48	4.0
405.56	4.0
425.4	4.0
441.8	4.0
460.24	4.0
477.16	4.0
488.88	4.0
508.48	4.0
518.32	4.0
536.4	4.0
565.36	4.0
580.48	4.0
605.24	4.0
627.44	4.0
655.8	4.0
693.92	4.0
730.16	4.0
747.6	4.0
813.0	4.0
826.68	4.0
900.52	4.0
1073.64	4.0
1132.56	4.0
1221.6	4.0
1255.52	4.0
193.04	6.0
324.84	6.0
360.6	6.0
1089.44	6.0
1217.08	6.0
1304.84	6.0
317.6	7.0
396.56	7.0
482.96	7.0
307.92	8.0
107.28	8.0
162.12	8.0
314.24	8.0
320.92	8.0
323.84	8.0
353.12	8.0
367.56	8.0
385.28	8.0
410.12	8.0
460.32	8.0
521.84	8.0
608.68	8.0
685.4	8.0
925.04	8.0
997.72	8.0
1016.6	8.0
1236.84	8.0
197.56	9.0
279.8	9.0
356.28	9.0
393.32	9.0
500.48	9.0
889.4	9.0
1246.48	9.0
211.76	10.0
812.8	10.0
1053.52	10.0
107.68	10.0
172.52	10.0
237.64	10.0
298.64	10.0
308.16	10.0
312.68	10.0
384.24	10.0
572.04	10.0
612.6	10.0
702.8	10.0
838.24	10.0
890.68	10.0
965.12	10.0
986.04	10.0
1084.96	10.0
1169.08	10.0
391.36	11.0
487.0	11.0
852.6	11.0
19.08	11.0
42.32	11.0
69.16	11.0
105.0	11.0
137.08	11.0
173.12	11.0
234.0	11.0
237.48	11.0
241.68	11.0
314.44	11.0
324.08	11.0
353.56	11.0
379.76	11.0
383.72	11.0
405.36	11.0
434.64	11.0
459.72	11.0
583.8	11.0
612.2	11.0
716.84	11.0
827.76	11.0
885.92	11.0
1006.16	11.0
1011.64	11.0
1083.36	11.0
1126.8	11.0
1175.12	11.0
1197.28	11.0
1201.6	11.0
1205.24	11.0
1248.36	11.0
1255.76	11.0
302.68	12.0
138.28	12.0
233.08	12.0
1043.36	12.0
1275.24	12.0
306.56	13.0
264.12	14.0
307.68	14.0
317.88	14.0
791.8	14.0
803.36	14.0
959.44	14.0
1004.2	14.0
1246.92	14.0
54.0	15.0
203.48	15.0
340.32	15.0
454.96	15.0
925.4	15.0
1130.52	15.0
1028.32	16.0
1112.12	16.0
307.2	18.0
306.84	19.0
307.48	20.0
313.92	20.0
333.88	20.0
320.64	20.0
335.32	21.0
11.28	21.0
72.88	21.0
123.84	21.0
309.44	21.0
313.76	21.0
322.52	21.0
329.68	21.0
353.36	21.0
365.88	21.0
378.08	21.0
612.0	21.0
912.72	21.0
1102.68	21.0
1188.8	21.0
1233.88	21.0
73.36	22.0
101.36	22.0
173.68	22.0
210.56	22.0
307.12	22.0
311.8	22.0
855.68	22.0
865.36	22.0
1020.04	22.0
1211.64	22.0
422.64	23.0
527.96	23.0
751.96	23.0
903.64	23.0
991.52	23.0
1152.2	23.0
19.8	23.0
33.04	23.0
46.48	23.0
59.44	23.0
73.92	23.0
109.04	23.0
127.8	23.0
145.56	23.0
214.04	23.0
261.6	23.0
310.4	23.0
325.52	23.0
333.76	23.0
352.44	23.0
396.64	23.0
437.36	23.0
452.32	23.0
460.16	23.0
480.0	23.0
488.52	23.0
540.36	23.0
659.08	23.0
698.88	23.0
731.08	23.0
775.6	23.0
809.88	23.0
886.56	23.0
914.32	23.0
1003.68	23.0
1013.4	23.0
1032.08	23.0
1114.04	23.0
1166.68	23.0
1208.64	23.0
1243.0	23.0
307.28	24.0
321.92	24.0
347.2	24.0
367.24	24.0
307.36	25.0
312.6	25.0
374.64	25.0
623.56	25.0
16.04	26.0
50.8	26.0
63.72	26.0
81.76	26.0
144.96	26.0
226.52	26.0
270.44	26.0
291.64	26.0
316.6	26.0
323.32	26.0
331.08	26.0
344.68	26.0
349.68	26.0
375.36	26.0
386.2	26.0
408.0	26.0
455.96	26.0
481.8	26.0
521.96	26.0
542.84	26.0
626.44	26.0
658.96	26.0
701.52	26.0
726.6	26.0
733.92	26.0
777.04	26.0
799.88	26.0
822.4	26.0
867.44	26.0
904.56	26.0
924.0	26.0
933.6	26.0
946.88	26.0
966.28	26.0
973.2	26.0
984.8	26.0
1001.4	26.0
1028.0	26.0
1045.08	26.0
1066.44	26.0
1073.08	26.0
1086.6	26.0
1105.56	26.0
1116.2	26.0
1124.16	26.0
1152.4	26.0
1168.0	26.0
1225.92	26.0
1235.12	26.0
1282.16	26.0
319.6	27.0
122.16	27.0
245.68	27.0
346.08	27.0
377.0	27.0
608.0	27.0
659.92	27.0
1074.64	27.0
308.16	28.0
46.92	28.0
76.0	28.0
86.4	28.0
325.44	28.0
331.28	28.0
383.16	28.0
392.92	28.0
451.56	28.0
677.32	28.0
837.68	28.0
846.92	28.0
889.0	28.0
924.04	28.0
1137.64	28.0
1205.72	28.0
1246.08	28.0
1263.12	28.0
41.88	29.0
64.64	29.0
141.44	29.0
303.0	29.0
306.16	29.0
450.6	29.0
544.68	29.0
834.2	29.0
1220.92	29.0
1293.36	29.0
70.0	30.0
163.32	30.0
269.2	30.0
315.44	30.0
324.64	30.0
343.12	30.0
385.96	30.0
417.88	30.0
484.4	30.0
550.64	30.0
563.4	30.0
589.08	30.0
629.76	30.0
685.72	30.0
762.24	30.0
835.88	30.0
845.4	30.0
954.36	30.0
976.28	30.0
1006.08	30.0
1131.04	30.0
1153.2	30.0
1156.52	30.0
1199.24	30.0
1236.32	30.0
1277.2	30.0
306.24	31.0
316.96	31.0
370.84	31.0
382.48	31.0
306.84	33.0
302.44	34.0
335.24	34.0
313.36	34.0
1216.0	34.0
2.52	35.0
29.68	35.0
40.28	35.0
51.68	35.0
108.48	35.0
113.76	35.0
145.08	35.0
170.2	35.0
218.04	35.0
223.48	35.0
265.12	35.0
292.16	35.0
314.96	35.0
325.04	35.0
328.44	35.0
336.76	35.0
339.28	35.0
359.04	35.0
379.52	35.0
400.64	35.0
432.8	35.0
442.12	35.0
460.68	35.0
472.96	35.0
486.64	35.0
523.56	35.0
538.6	35.0
549.24	35.0
577.2	35.0
606.64	35.0
609.56	35.0
629.08	35.0
658.88	35.0
675.04	35.0
692.08	35.0
698.68	35.0
719.28	35.0
730.32	35.0
774.64	35.0
805.48	35.0
814.32	35.0
879.76	35.0
885.6	35.0
913.32	35.0
919.8	35.0
959.2	35.0
990.56	35.0
1002.0	35.0
1074.88	35.0
1084.2	35.0
1105.64	35.0
1113.8	35.0
1137.76	35.0
1152.4	35.0
1193.0	35.0
1196.44	35.0
1213.28	35.0
1228.24	35.0
1280.72	35.0
1300.52	35.0
1306.6	35.0
63.84	36.0
103.6	36.0
139.56	36.0
255.2	36.0
338.2	36.0
344.04	36.0
365.2	36.0
379.84	36.0
518.24	36.0
603.04	36.0
653.48	36.0
725.04	36.0
903.36	36.0
921.6	36.0
961.88	36.0
1023.68	36.0
1190.92	36.0
1222.96	36.0
