1080.16	1.0
189.12	2.0
1281.0	2.0
43.2	2.0
95.2	2.0
102.88	2.0
143.4	2.0
269.96	2.0
313.76	2.0
317.2	2.0
320.76	2.0
340.8	2.0
344.16	2.0
355.92	2.0
432.8	2.0
457.64	2.0
491.16	2.0
566.84	2.0
604.48	2.0
689.6	2.0
717.56	2.0
721.96	2.0
726.2	2.0
788.44	2.0
807.8	2.0
848.92	2.0
969.84	2.0
1034.8	2.0
1070.92	2.0
1074.88	2.0
1093.08	2.0
1128.4	2.0
1154.4	2.0
1163.28	2.0
1199.4	2.0
1204.96	2.0
1241.32	2.0
317.48	3.0
15.6	3.0
93.24	3.0
163.16	3.0
190.88	3.0
251.96	3.0
322.64	3.0
325.8	3.0
329.44	3.0
344.32	3.0
349.56	3.0
356.12	3.0
369.8	3.0
689.76	3.0
725.92	3.0
783.32	3.0
788.32	3.0
807.52	3.0
849.08	3.0
909.92	3.0
1093.2	3.0
1125.92	3.0
1205.08	3.0
1241.08	3.0
1253.6	3.0
1281.52	3.0
370.52	4.0
64.0	4.0
126.28	4.0
148.36	4.0
186.36	4.0
269.12	4.0
310.04	4.0
319.96	4.0
329.36	4.0
351.76	4.0
388.08	4.0
405.08	4.0
527.48	4.0
621.92	4.0
688.96	4.0
719.36	4.0
745.2	4.0
778.64	4.0
829.12	4.0
935.92	4.0
981.6	4.0
1008.16	4.0
1153.44	4.0
1189.28	4.0
1210.0	4.0
310.28	5.0
321.12	6.0
365.6	6.0
778.84	6.0
995.52	6.0
1162.92	6.0
110.4	7.0
757.88	7.0
868.24	7.0
314.88	7.0
530.68	7.0
1153.68	7.0
18.08	8.0
34.8	8.0
154.88	8.0
324.96	8.0
352.52	8.0
375.6	8.0
405.92	8.0
452.48	8.0
653.52	8.0
870.4	8.0
915.56	8.0
942.56	8.0
1193.04	8.0
1208.84	8.0
1248.72	8.0
1278.88	8.0
310.16	9.0
163.24	9.0
316.16	9.0
525.56	9.0
567.2	9.0
1053.88	9.0
1094.96	9.0
87.04	10.0
689.52	10.0
899.0	10.0
1074.88	10.0
1085.72	10.0
50.68	10.0
134.48	10.0
187.16	10.0
233.56	10.0
309.16	10.0
355.68	10.0
494.2	10.0
543.04	10.0
621.2	10.0
766.36	10.0
842.28	10.0
911.96	10.0
968.48	10.0
1025.48	10.0
1124.48	10.0
1194.8	10.0
1267.08	10.0
15.68	11.0
722.36	11.0
909.96	11.0
1066.08	11.0
1299.2	11.0
58.8	11.0
78.16	11.0
125.24	11.0
162.16	11.0
168.52	11.0
306.0	11.0
314.6	11.0
341.44	11.0
353.84	11.0
357.08	11.0
494.6	11.0
564.44	11.0
688.72	11.0
776.4	11.0
895.28	11.0
1034.04	11.0
1071.52	11.0
1075.92	11.0
1088.56	11.0
1093.6	11.0
1125.84	11.0
1161.4	11.0
1111.2	12.0
302.92	12.0
887.84	12.0
1093.2	12.0
339.72	13.0
1079.68	13.0
392.92	14.0
19.96	14.0
230.32	14.0
340.2	14.0
1078.4	14.0
786.76	15.0
335.8	16.0
924.12	16.0
1048.96	16.0
306.0	17.0
319.72	20.0
270.44	20.0
23.76	21.0
110.92	21.0
218.88	21.0
237.64	21.0
313.52	21.0
323.24	21.0
328.24	21.0
340.6	21.0
351.24	21.0
368.2	21.0
725.32	21.0
886.04	21.0
898.6	21.0
1136.28	21.0
1267.44	21.0
126.24	22.0
142.28	22.0
185.64	22.0
310.4	22.0
314.12	22.0
320.28	22.0
353.56	22.0
401.2	22.0
1028.6	22.0
1105.72	23.0
21.96	23.0
57.76	23.0
65.12	23.0
107.24	23.0
118.52	23.0
155.96	23.0
219.44	23.0
312.76	23.0
315.92	23.0
322.0	23.0
325.6	23.0
354.84	23.0
372.88	23.0
391.08	23.0
401.28	23.0
453.24	23.0
489.04	23.0
607.44	23.0
647.68	23.0
669.96	23.0
735.32	23.0
741.36	23.0
788.44	23.0
793.52	23.0
844.16	23.0
917.48	23.0
946.16	23.0
1072.48	23.0
1082.88	23.0
1094.04	23.0
1150.8	23.0
1170.44	23.0
1194.44	23.0
1203.2	23.0
1211.08	23.0
1246.72	23.0
1280.28	23.0
1290.84	23.0
311.8	24.0
320.12	24.0
357.28	24.0
310.8	25.0
913.56	26.0
42.0	26.0
59.6	26.0
85.16	26.0
117.84	26.0
229.08	26.0
270.32	26.0
315.72	26.0
325.24	26.0
328.76	26.0
341.84	26.0
358.24	26.0
368.12	26.0
391.4	26.0
427.72	26.0
452.96	26.0
541.44	26.0
575.52	26.0
607.84	26.0
634.12	26.0
664.6	26.0
681.28	26.0
695.88	26.0
713.44	26.0
741.16	26.0
758.4	26.0
781.6	26.0
792.12	26.0
844.44	26.0
846.96	26.0
873.04	26.0
880.52	26.0
937.84	26.0
964.2	26.0
1023.96	26.0
1043.52	26.0
1077.16	26.0
1109.04	26.0
1114.48	26.0
1144.96	26.0
1180.48	26.0
1183.44	26.0
1230.48	26.0
1254.8	26.0
1263.28	26.0
1286.88	26.0
123.4	27.0
259.88	27.0
333.92	27.0
579.04	27.0
623.12	27.0
745.36	27.0
939.88	27.0
963.24	27.0
985.28	27.0
1045.2	27.0
1104.36	27.0
1285.2	27.0
34.84	28.0
94.68	28.0
168.8	28.0
315.8	28.0
322.76	28.0
328.24	28.0
332.64	28.0
456.52	28.0
492.84	28.0
525.16	28.0
566.8	28.0
654.48	28.0
787.56	28.0
1161.0	28.0
1171.24	28.0
315.52	29.0
274.12	30.0
314.76	30.0
324.28	30.0
326.8	30.0
340.0	30.0
381.24	30.0
498.04	30.0
654.04	30.0
781.96	30.0
848.64	30.0
1109.76	30.0
339.68	31.0
718.84	31.0
321.52	33.0
302.44	34.0
18.44	34.0
114.48	34.0
124.0	34.0
299.44	34.0
324.84	34.0
608.88	34.0
774.4	34.0
841.88	34.0
932.0	34.0
1069.2	34.0
1111.8	34.0
1168.24	34.0
1178.76	34.0
8.64	35.0
19.2	35.0
30.04	35.0
42.04	35.0
106.92	35.0
128.64	35.0
148.04	35.0
154.76	35.0
170.96	35.0
186.96	35.0
216.36	35.0
225.92	35.0
298.32	35.0
315.84	35.0
324.92	35.0
334.48	35.0
338.08	35.0
341.96	35.0
355.84	35.0
368.08	35.0
423.88	35.0
429.52	35.0
451.2	35.0
484.68	35.0
551.2	35.0
575.92	35.0
615.88	35.0
620.12	35.0
668.44	35.0
681.04	35.0
715.84	35.0
730.08	35.0
739.8	35.0
754.24	35.0
798.76	35.0
803.44	35.0
821.0	35.0
848.08	35.0
871.72	35.0
882.84	35.0
916.4	35.0
942.76	35.0
976.52	35.0
1014.64	35.0
1052.68	35.0
1106.0	35.0
1114.88	35.0
1125.68	35.0
1152.08	35.0
1159.56	35.0
1201.8	35.0
1233.04	35.0
1237.12	35.0
1265.4	35.0
1269.44	35.0
1279.6	35.0
316.08	36.0
337.0	36.0
776.2	36.0
843.92	36.0
1206.76	36.0
