1049.6	1.0
310.32	2.0
312.84	2.0
340.44	2.0
871.44	2.0
327.08	2.0
334.6	2.0
368.64	2.0
372.4	2.0
379.4	2.0
387.6	2.0
401.68	2.0
410.68	2.0
433.76	2.0
459.76	2.0
568.08	2.0
570.92	2.0
606.4	2.0
617.08	2.0
692.36	2.0
856.88	2.0
866.96	2.0
896.28	2.0
922.52	2.0
926.16	2.0
937.24	2.0
955.12	2.0
964.32	2.0
1015.12	2.0
1026.52	2.0
1043.28	2.0
1063.68	2.0
1069.32	2.0
1212.28	2.0
1316.96	2.0
1383.12	2.0
903.96	3.0
311.6	3.0
326.92	3.0
334.28	3.0
348.76	3.0
364.32	3.0
382.72	3.0
387.72	3.0
397.6	3.0
415.12	3.0
433.92	3.0
490.12	3.0
529.24	3.0
560.96	3.0
571.12	3.0
582.28	3.0
605.64	3.0
648.96	3.0
689.68	3.0
698.28	3.0
752.12	3.0
871.52	3.0
997.72	3.0
1026.32	3.0
1067.56	3.0
1116.76	3.0
1212.0	3.0
1383.28	3.0
310.12	4.0
328.08	4.0
342.04	4.0
718.2	4.0
1198.32	4.0
1225.6	4.0
1304.04	4.0
327.56	5.0
309.28	5.0
680.56	5.0
1253.44	5.0
345.64	6.0
363.0	6.0
484.16	6.0
715.6	6.0
858.28	6.0
961.0	6.0
1044.72	6.0
1366.08	6.0
354.92	7.0
673.8	7.0
697.84	7.0
778.8	7.0
1381.08	7.0
333.32	7.0
340.28	7.0
344.32	7.0
349.24	7.0
365.16	7.0
832.28	7.0
1032.4	7.0
321.12	8.0
327.96	8.0
332.28	8.0
337.32	8.0
341.32	8.0
419.04	8.0
484.4	8.0
501.36	8.0
846.12	8.0
905.8	8.0
965.48	8.0
1225.96	8.0
1318.0	8.0
326.44	9.0
330.16	9.0
341.2	9.0
435.28	9.0
872.88	9.0
326.68	10.0
443.48	10.0
1163.0	10.0
310.04	10.0
312.64	10.0
331.12	10.0
333.84	10.0
340.8	10.0
357.8	10.0
371.44	10.0
374.52	10.0
387.68	10.0
494.04	10.0
511.32	10.0
534.72	10.0
570.12	10.0
655.4	10.0
667.48	10.0
726.08	10.0
767.72	10.0
839.48	10.0
914.88	10.0
991.92	10.0
1053.8	10.0
1115.2	10.0
1156.92	10.0
1243.12	10.0
1280.44	10.0
1335.2	10.0
1379.52	10.0
311.68	11.0
328.36	11.0
366.48	11.0
490.2	11.0
820.92	11.0
903.4	11.0
997.84	11.0
1184.24	11.0
325.0	11.0
333.4	11.0
340.04	11.0
349.56	11.0
370.44	11.0
377.2	11.0
386.48	11.0
458.44	11.0
570.28	11.0
609.28	11.0
691.68	11.0
772.84	11.0
872.8	11.0
924.36	11.0
1026.24	11.0
1052.0	11.0
1067.4	11.0
1129.0	11.0
1160.44	11.0
1336.36	11.0
1380.76	11.0
1384.04	11.0
346.88	12.0
302.88	12.0
314.44	12.0
630.48	12.0
311.04	13.0
325.24	13.0
363.56	13.0
554.24	13.0
1048.76	13.0
1076.08	13.0
312.2	14.0
324.8	14.0
339.64	14.0
758.32	14.0
807.84	14.0
1119.48	14.0
1331.04	14.0
321.96	15.0
329.96	15.0
553.48	15.0
674.88	15.0
376.6	16.0
330.88	18.0
310.64	19.0
431.24	19.0
459.72	19.0
869.52	19.0
924.88	19.0
1024.32	19.0
1068.64	19.0
363.08	20.0
309.44	20.0
609.68	20.0
896.92	20.0
314.08	21.0
321.88	21.0
325.24	21.0
329.52	21.0
341.0	21.0
349.76	21.0
356.96	21.0
369.88	21.0
376.56	21.0
392.44	21.0
396.28	21.0
417.16	21.0
441.36	21.0
488.4	21.0
515.2	21.0
548.0	21.0
551.16	21.0
583.48	21.0
608.16	21.0
667.36	21.0
692.92	21.0
704.68	21.0
767.24	21.0
774.24	21.0
797.28	21.0
843.28	21.0
903.52	21.0
941.6	21.0
965.96	21.0
1041.64	21.0
1051.44	21.0
1106.64	21.0
1127.0	21.0
1147.6	21.0
1180.36	21.0
1240.6	21.0
1307.68	21.0
1380.36	21.0
325.68	22.0
312.36	22.0
331.2	22.0
334.6	22.0
347.6	22.0
365.2	22.0
631.76	22.0
861.64	22.0
1068.04	22.0
1263.64	22.0
496.24	23.0
552.72	23.0
672.56	23.0
800.4	23.0
841.72	23.0
906.2	23.0
1126.04	23.0
311.72	23.0
322.36	23.0
325.8	23.0
328.76	23.0
333.16	23.0
335.72	23.0
349.76	23.0
387.32	23.0
580.44	23.0
691.84	23.0
723.56	23.0
786.04	23.0
812.2	23.0
925.4	23.0
981.52	23.0
1052.32	23.0
1067.16	23.0
1073.44	23.0
1088.6	23.0
1134.84	23.0
1168.12	23.0
1222.76	23.0
1299.4	23.0
336.44	24.0
309.84	24.0
329.24	24.0
333.92	24.0
341.92	24.0
362.96	24.0
336.24	25.0
339.04	25.0
310.48	25.0
314.52	25.0
333.72	25.0
347.44	25.0
362.0	25.0
476.44	25.0
578.88	25.0
907.8	25.0
309.28	26.0
389.24	26.0
1159.2	26.0
330.6	26.0
333.96	26.0
338.96	26.0
347.52	26.0
353.68	26.0
362.4	26.0
367.88	26.0
373.76	26.0
401.16	26.0
413.68	26.0
420.96	26.0
441.72	26.0
457.4	26.0
479.6	26.0
485.16	26.0
491.6	26.0
497.2	26.0
501.8	26.0
504.68	26.0
524.84	26.0
543.44	26.0
580.12	26.0
610.44	26.0
687.16	26.0
717.16	26.0
735.88	26.0
786.48	26.0
799.48	26.0
821.72	26.0
830.6	26.0
862.0	26.0
870.16	26.0
877.52	26.0
910.0	26.0
927.6	26.0
949.92	26.0
961.6	26.0
999.36	26.0
1024.76	26.0
1043.6	26.0
1059.72	26.0
1097.24	26.0
1132.64	26.0
1136.6	26.0
1176.16	26.0
1187.12	26.0
1209.92	26.0
1227.52	26.0
1259.04	26.0
1297.96	26.0
1336.84	26.0
1387.76	26.0
326.64	27.0
336.72	27.0
310.28	27.0
321.72	27.0
609.24	27.0
673.08	27.0
326.04	28.0
329.76	28.0
337.16	28.0
344.48	28.0
351.0	28.0
361.2	28.0
371.12	28.0
382.16	28.0
410.68	28.0
541.6	28.0
619.88	28.0
694.32	28.0
736.36	28.0
833.0	28.0
928.32	28.0
1071.24	28.0
1385.24	28.0
326.2	29.0
310.16	30.0
332.6	30.0
339.84	30.0
348.56	30.0
360.32	30.0
384.36	30.0
424.8	30.0
446.64	30.0
487.12	30.0
686.24	30.0
951.48	30.0
1000.24	30.0
1022.04	30.0
1071.2	30.0
1161.76	30.0
1334.72	30.0
310.64	31.0
328.08	31.0
366.88	31.0
322.88	33.0
332.88	33.0
302.52	34.0
332.64	34.0
338.72	34.0
351.16	34.0
369.24	34.0
406.88	34.0
566.08	34.0
652.24	34.0
752.32	34.0
808.56	34.0
891.96	34.0
1049.56	34.0
1086.08	34.0
1392.28	34.0
309.76	35.0
336.72	35.0
312.88	35.0
321.6	35.0
325.64	35.0
330.04	35.0
334.12	35.0
349.8	35.0
353.72	35.0
359.96	35.0
366.4	35.0
370.76	35.0
377.32	35.0
384.08	35.0
400.6	35.0
424.8	35.0
439.48	35.0
451.6	35.0
473.96	35.0
479.48	35.0
493.44	35.0
511.6	35.0
515.32	35.0
551.52	35.0
577.0	35.0
608.2	35.0
653.32	35.0
675.0	35.0
707.2	35.0
722.24	35.0
761.52	35.0
801.2	35.0
828.48	35.0
851.36	35.0
877.52	35.0
890.64	35.0
924.92	35.0
955.64	35.0
970.88	35.0
993.8	35.0
1003.08	35.0
1007.32	35.0
1033.28	35.0
1067.68	35.0
1073.24	35.0
1079.76	35.0
1105.0	35.0
1121.16	35.0
1132.12	35.0
1165.8	35.0
1187.8	35.0
1195.68	35.0
1203.24	35.0
1250.68	35.0
1288.88	35.0
1355.16	35.0
1384.24	35.0
328.12	36.0
722.88	36.0
