333.76	1.0
327.72	1.0
1291.84	2.0
315.24	2.0
319.72	2.0
325.24	2.0
332.92	2.0
336.96	2.0
344.96	2.0
348.48	2.0
355.48	2.0
365.6	2.0
407.92	2.0
545.44	2.0
592.44	2.0
607.12	2.0
636.32	2.0
685.28	2.0
723.56	2.0
733.8	2.0
780.88	2.0
879.28	2.0
996.88	2.0
1035.76	2.0
1077.76	2.0
1116.2	2.0
1205.24	2.0
1220.96	2.0
1261.04	2.0
1266.08	2.0
1323.76	2.0
318.04	3.0
325.52	3.0
334.28	3.0
336.84	3.0
347.76	3.0
357.56	3.0
360.48	3.0
365.72	3.0
379.92	3.0
387.72	3.0
525.56	3.0
605.08	3.0
685.52	3.0
759.68	3.0
850.24	3.0
901.48	3.0
1215.72	3.0
1279.96	3.0
1291.92	3.0
1350.0	3.0
312.16	4.0
321.12	4.0
334.12	4.0
784.48	4.0
893.08	4.0
963.96	4.0
1038.28	4.0
1103.68	4.0
1125.44	4.0
1257.6	4.0
1344.88	4.0
319.32	5.0
316.44	5.0
336.12	5.0
895.44	5.0
315.84	6.0
336.24	6.0
317.84	7.0
325.48	7.0
337.4	7.0
931.28	7.0
324.4	8.0
327.32	8.0
315.4	8.0
342.52	8.0
367.92	8.0
315.36	9.0
728.4	9.0
1055.32	9.0
371.04	10.0
428.08	10.0
725.16	10.0
818.0	10.0
865.76	10.0
895.16	10.0
1306.92	10.0
313.28	10.0
323.2	10.0
332.8	10.0
336.32	10.0
357.56	10.0
375.12	10.0
327.44	11.0
335.08	11.0
387.72	11.0
655.04	11.0
733.24	11.0
760.64	11.0
793.44	11.0
850.28	11.0
901.48	11.0
941.52	11.0
1215.76	11.0
315.44	11.0
319.0	11.0
324.0	11.0
332.32	11.0
345.24	11.0
361.12	11.0
1316.44	11.0
324.08	12.0
336.96	12.0
604.64	12.0
1266.48	12.0
1311.64	12.0
322.96	13.0
316.48	13.0
340.84	13.0
347.72	13.0
374.48	13.0
502.8	13.0
319.92	14.0
337.32	14.0
346.12	14.0
386.04	14.0
400.32	14.0
419.32	14.0
724.24	14.0
785.76	14.0
835.24	14.0
858.28	14.0
963.08	14.0
1016.16	14.0
1099.36	14.0
1152.6	14.0
324.68	15.0
1251.96	15.0
325.72	16.0
322.96	18.0
335.6	18.0
315.92	19.0
344.8	19.0
349.12	19.0
343.16	20.0
1279.44	20.0
314.36	21.0
353.36	21.0
318.88	21.0
325.04	21.0
331.08	21.0
337.0	21.0
350.48	21.0
362.12	21.0
368.68	21.0
380.36	21.0
507.4	21.0
576.16	21.0
579.48	21.0
626.96	21.0
652.04	21.0
703.16	21.0
761.52	21.0
866.24	21.0
940.24	21.0
999.68	21.0
1027.68	21.0
1046.8	21.0
1058.36	21.0
1084.4	21.0
1200.28	21.0
1230.12	21.0
1295.52	21.0
1327.28	21.0
314.24	22.0
320.0	22.0
322.84	22.0
333.32	22.0
693.12	22.0
867.48	22.0
968.68	22.0
315.12	23.0
320.92	23.0
351.52	23.0
328.04	23.0
335.64	23.0
345.16	23.0
357.08	23.0
367.72	23.0
375.36	23.0
439.96	23.0
459.88	23.0
519.76	23.0
548.2	23.0
603.08	23.0
632.76	23.0
697.96	23.0
723.44	23.0
753.32	23.0
782.28	23.0
891.0	23.0
925.2	23.0
961.92	23.0
1033.96	23.0
1158.12	23.0
1189.6	23.0
1205.24	23.0
1255.04	23.0
1270.2	23.0
1360.56	23.0
312.24	24.0
318.88	24.0
325.16	24.0
349.24	24.0
361.16	24.0
384.48	24.0
503.6	24.0
571.6	24.0
625.68	24.0
740.96	24.0
789.12	24.0
896.44	24.0
971.88	24.0
1038.6	24.0
1276.48	24.0
1337.8	24.0
312.52	25.0
327.84	25.0
349.48	25.0
316.36	25.0
323.2	25.0
334.04	25.0
345.6	25.0
363.68	25.0
389.48	25.0
314.32	26.0
325.36	26.0
328.72	26.0
333.08	26.0
337.48	26.0
345.6	26.0
351.12	26.0
354.36	26.0
369.88	26.0
392.32	26.0
407.72	26.0
416.0	26.0
432.48	26.0
456.84	26.0
473.76	26.0
498.48	26.0
504.76	26.0
523.28	26.0
539.68	26.0
546.56	26.0
562.96	26.0
596.56	26.0
634.4	26.0
680.04	26.0
683.24	26.0
735.8	26.0
770.32	26.0
833.4	26.0
844.04	26.0
863.12	26.0
881.08	26.0
891.36	26.0
907.52	26.0
938.24	26.0
951.76	26.0
964.28	26.0
977.0	26.0
1045.68	26.0
1076.2	26.0
1123.64	26.0
1171.04	26.0
1177.8	26.0
1222.92	26.0
1251.32	26.0
1254.8	26.0
1267.48	26.0
1297.0	26.0
1343.28	26.0
325.0	27.0
347.32	27.0
564.64	28.0
727.88	28.0
315.04	28.0
327.12	28.0
331.68	28.0
335.08	28.0
343.08	28.0
351.88	28.0
360.24	28.0
1054.96	28.0
313.96	29.0
328.32	29.0
333.04	29.0
324.08	30.0
332.04	30.0
352.24	30.0
367.2	30.0
385.56	30.0
393.48	30.0
470.72	30.0
570.96	30.0
596.76	30.0
620.76	30.0
647.28	30.0
1268.4	30.0
312.28	31.0
325.2	31.0
340.6	31.0
350.96	31.0
385.24	31.0
1299.68	32.0
315.44	33.0
332.6	33.0
324.96	34.0
334.76	34.0
604.76	34.0
654.12	34.0
720.44	34.0
830.2	34.0
921.84	34.0
1066.88	34.0
1205.8	34.0
1272.24	34.0
1342.72	34.0
361.04	35.0
312.4	35.0
317.72	35.0
323.72	35.0
330.68	35.0
338.6	35.0
342.64	35.0
345.28	35.0
352.92	35.0
371.36	35.0
375.4	35.0
386.32	35.0
423.8	35.0
428.8	35.0
450.44	35.0
492.8	35.0
496.56	35.0
531.56	35.0
594.6	35.0
599.8	35.0
676.44	35.0
751.08	35.0
782.8	35.0
818.68	35.0
847.08	35.0
862.96	35.0
949.04	35.0
971.2	35.0
1045.68	35.0
1078.92	35.0
1086.48	35.0
1231.08	35.0
1268.6	35.0
1329.52	35.0
313.76	36.0
320.12	36.0
334.84	36.0
353.92	36.0
459.64	36.0
