311.68	1.0
339.32	1.0
308.52	1.0
586.88	1.0
656.84	1.0
821.16	1.0
308.16	2.0
366.2	2.0
1202.84	2.0
1213.6	2.0
32.44	2.0
45.6	2.0
311.52	2.0
314.68	2.0
320.16	2.0
339.12	2.0
345.84	2.0
350.08	2.0
383.88	2.0
466.72	2.0
541.88	2.0
575.04	2.0
590.04	2.0
596.52	2.0
608.2	2.0
623.0	2.0
629.32	2.0
631.84	2.0
656.24	2.0
685.12	2.0
703.76	2.0
726.04	2.0
750.08	2.0
808.52	2.0
824.16	2.0
851.36	2.0
935.72	2.0
1184.8	2.0
1192.64	2.0
1223.8	2.0
1234.56	2.0
1237.92	2.0
1249.84	2.0
1291.2	2.0
1185.28	3.0
308.12	3.0
311.8	3.0
314.88	3.0
323.2	3.0
325.96	3.0
334.32	3.0
338.44	3.0
349.96	3.0
366.6	3.0
413.76	3.0
471.12	3.0
572.52	3.0
575.44	3.0
589.88	3.0
633.36	3.0
654.16	3.0
750.24	3.0
771.68	3.0
796.88	3.0
1182.72	3.0
1203.28	3.0
1226.64	3.0
1262.6	3.0
337.76	4.0
151.0	4.0
311.64	4.0
821.44	4.0
865.8	4.0
336.12	5.0
308.68	5.0
311.92	5.0
332.52	5.0
393.72	5.0
320.8	6.0
337.56	6.0
388.68	6.0
409.16	6.0
458.88	6.0
548.8	6.0
617.12	6.0
748.72	6.0
871.68	6.0
1234.0	6.0
1263.96	6.0
317.6	7.0
408.6	7.0
432.84	7.0
332.68	7.0
343.24	7.0
1189.56	7.0
1197.84	7.0
1264.36	7.0
128.44	8.0
307.0	8.0
309.96	8.0
321.04	8.0
338.76	8.0
364.56	8.0
372.24	8.0
381.8	8.0
527.76	8.0
864.84	8.0
1187.32	8.0
1192.76	8.0
1209.56	8.0
1219.64	8.0
1223.76	8.0
1290.36	8.0
8.92	9.0
309.2	9.0
638.0	9.0
1197.8	9.0
1205.68	9.0
1224.4	9.0
38.52	10.0
350.96	10.0
383.84	10.0
80.72	10.0
170.12	10.0
308.2	10.0
311.08	10.0
318.6	10.0
338.4	10.0
345.32	10.0
366.12	10.0
470.04	10.0
525.44	10.0
527.96	10.0
547.8	10.0
570.96	10.0
585.68	10.0
603.96	10.0
623.24	10.0
627.32	10.0
638.4	10.0
657.24	10.0
674.08	10.0
683.16	10.0
702.16	10.0
715.12	10.0
742.24	10.0
757.48	10.0
774.88	10.0
785.4	10.0
807.96	10.0
850.32	10.0
926.88	10.0
1206.12	10.0
1216.12	10.0
1222.68	10.0
1242.24	10.0
1246.4	10.0
1249.0	10.0
81.64	11.0
197.0	11.0
497.32	11.0
589.96	11.0
13.04	11.0
309.96	11.0
334.96	11.0
338.12	11.0
364.36	11.0
410.72	11.0
413.4	11.0
575.16	11.0
579.52	11.0
587.08	11.0
628.0	11.0
653.56	11.0
659.28	11.0
685.6	11.0
731.32	11.0
737.68	11.0
747.44	11.0
769.64	11.0
821.12	11.0
824.28	11.0
1167.0	11.0
1198.12	11.0
1214.04	11.0
1225.4	11.0
1234.04	11.0
1249.52	11.0
1265.6	11.0
302.64	12.0
648.24	12.0
734.2	12.0
12.44	12.0
306.04	12.0
335.4	12.0
347.32	12.0
306.68	13.0
324.04	13.0
338.64	13.0
363.4	13.0
376.72	13.0
413.88	13.0
1250.84	13.0
1281.36	13.0
315.32	14.0
336.92	14.0
350.0	14.0
355.0	14.0
447.04	14.0
450.4	14.0
1225.6	14.0
1228.56	14.0
1263.32	14.0
307.12	15.0
339.08	15.0
324.08	15.0
328.04	15.0
417.08	15.0
443.76	15.0
522.84	15.0
537.96	15.0
569.12	15.0
590.32	15.0
332.0	16.0
353.52	16.0
1225.44	18.0
306.36	19.0
319.84	19.0
350.64	19.0
1171.56	20.0
1222.04	20.0
308.4	20.0
390.6	20.0
692.08	20.0
827.96	20.0
1208.12	20.0
307.8	21.0
371.52	21.0
1202.8	21.0
12.08	21.0
39.84	21.0
196.12	21.0
311.92	21.0
316.08	21.0
320.96	21.0
323.72	21.0
329.52	21.0
337.44	21.0
342.2	21.0
350.6	21.0
368.84	21.0
377.72	21.0
385.64	21.0
391.0	21.0
395.4	21.0
402.72	21.0
411.96	21.0
414.48	21.0
423.04	21.0
425.56	21.0
432.2	21.0
440.2	21.0
472.84	21.0
477.12	21.0
493.0	21.0
546.36	21.0
588.4	21.0
612.28	21.0
655.64	21.0
674.32	21.0
695.88	21.0
712.04	21.0
749.56	21.0
777.4	21.0
801.84	21.0
822.12	21.0
844.4	21.0
873.68	21.0
902.08	21.0
935.0	21.0
977.96	21.0
1196.32	21.0
1206.56	21.0
1221.24	21.0
1242.32	21.0
1253.04	21.0
1265.04	21.0
1278.04	21.0
115.04	22.0
310.68	22.0
10.72	22.0
324.16	22.0
336.12	22.0
363.64	22.0
437.12	22.0
546.64	22.0
734.08	22.0
332.72	23.0
349.04	23.0
763.96	23.0
1190.36	23.0
1229.0	23.0
1257.84	23.0
1272.0	23.0
1298.92	23.0
233.04	23.0
310.0	23.0
314.56	23.0
318.6	23.0
322.92	23.0
326.56	23.0
335.24	23.0
409.24	23.0
540.08	23.0
546.6	23.0
602.48	23.0
629.12	23.0
790.88	23.0
1200.48	23.0
1204.04	23.0
1221.68	23.0
1250.4	23.0
1262.4	23.0
3.96	24.0
310.4	24.0
314.56	24.0
320.92	24.0
324.4	24.0
333.8	24.0
337.12	24.0
340.08	24.0
348.8	24.0
401.8	24.0
494.84	24.0
1197.36	24.0
1205.88	24.0
1222.8	24.0
1249.24	24.0
1253.0	24.0
310.64	25.0
1197.56	25.0
121.84	25.0
307.04	25.0
315.8	25.0
322.92	25.0
338.92	25.0
352.8	25.0
364.8	25.0
378.32	25.0
397.4	25.0
768.28	25.0
812.24	25.0
1228.28	25.0
409.76	26.0
769.92	26.0
5.32	26.0
30.32	26.0
61.44	26.0
81.16	26.0
85.88	26.0
94.04	26.0
124.08	26.0
127.88	26.0
148.88	26.0
182.44	26.0
269.24	26.0
308.68	26.0
315.76	26.0
320.44	26.0
324.12	26.0
334.12	26.0
347.24	26.0
356.68	26.0
361.68	26.0
365.36	26.0
381.56	26.0
389.24	26.0
419.68	26.0
445.56	26.0
461.12	26.0
466.44	26.0
487.8	26.0
509.0	26.0
514.4	26.0
533.48	26.0
546.96	26.0
553.4	26.0
585.16	26.0
595.0	26.0
629.8	26.0
646.88	26.0
689.24	26.0
697.88	26.0
714.68	26.0
753.2	26.0
755.84	26.0
792.32	26.0
801.84	26.0
815.0	26.0
875.68	26.0
954.72	26.0
1166.48	26.0
1185.08	26.0
1192.64	26.0
1205.12	26.0
1220.96	26.0
1230.08	26.0
1243.28	26.0
1258.88	26.0
1265.44	26.0
1285.56	26.0
1296.04	26.0
318.28	27.0
371.2	27.0
399.68	27.0
409.96	27.0
595.24	27.0
692.68	27.0
320.76	28.0
8.56	28.0
54.04	28.0
313.44	28.0
318.12	28.0
327.12	28.0
330.2	28.0
339.04	28.0
348.8	28.0
356.44	28.0
368.48	28.0
379.44	28.0
393.68	28.0
406.12	28.0
417.6	28.0
436.44	28.0
511.72	28.0
590.28	28.0
616.4	28.0
659.88	28.0
756.4	28.0
865.56	28.0
1169.84	28.0
1197.44	28.0
1205.32	28.0
1224.04	28.0
22.48	29.0
50.16	29.0
686.64	29.0
752.96	29.0
1277.08	29.0
70.16	30.0
178.24	30.0
318.76	30.0
341.56	30.0
357.88	30.0
381.16	30.0
410.44	30.0
458.76	30.0
470.0	30.0
527.08	30.0
570.76	30.0
588.6	30.0
616.92	30.0
694.52	30.0
716.88	30.0
807.56	30.0
872.32	30.0
1195.84	30.0
1209.12	30.0
1224.28	30.0
1262.32	30.0
306.52	31.0
310.56	31.0
320.48	31.0
331.12	31.0
1206.88	31.0
1243.2	31.0
1262.28	31.0
306.92	33.0
320.76	33.0
338.12	33.0
1172.12	33.0
302.48	34.0
320.28	34.0
376.68	34.0
308.28	34.0
316.88	34.0
336.88	34.0
565.76	34.0
683.12	34.0
722.0	34.0
776.12	34.0
778.68	34.0
856.96	34.0
1219.0	34.0
310.64	35.0
690.48	35.0
15.44	35.0
31.88	35.0
73.2	35.0
158.52	35.0
163.6	35.0
197.92	35.0
308.08	35.0
314.2	35.0
322.64	35.0
325.84	35.0
332.28	35.0
335.56	35.0
340.64	35.0
346.28	35.0
351.48	35.0
358.24	35.0
362.96	35.0
368.56	35.0
375.76	35.0
380.64	35.0
386.52	35.0
397.44	35.0
401.8	35.0
410.08	35.0
427.28	35.0
435.84	35.0
442.52	35.0
454.32	35.0
470.36	35.0
482.32	35.0
500.44	35.0
526.92	35.0
555.04	35.0
572.68	35.0
602.36	35.0
610.16	35.0
619.84	35.0
629.68	35.0
648.64	35.0
673.72	35.0
687.64	35.0
710.36	35.0
718.16	35.0
752.56	35.0
779.0	35.0
799.0	35.0
873.4	35.0
956.28	35.0
1202.32	35.0
1213.96	35.0
1219.12	35.0
1221.88	35.0
1230.48	35.0
1244.48	35.0
1257.76	35.0
1276.4	35.0
1289.8	35.0
324.6	36.0
338.68	36.0
379.64	36.0
