374.68	1.0
466.96	1.0
797.6	1.0
307.8	2.0
315.8	2.0
321.56	2.0
327.32	2.0
329.96	2.0
335.56	2.0
344.28	2.0
348.76	2.0
352.52	2.0
396.12	2.0
523.88	2.0
539.8	2.0
609.84	2.0
719.0	2.0
745.44	2.0
791.92	2.0
808.2	2.0
849.44	2.0
886.8	2.0
1016.44	2.0
1137.24	2.0
1247.6	2.0
1269.68	2.0
1292.52	2.0
1338.72	2.0
1353.16	2.0
323.64	3.0
367.6	3.0
307.08	3.0
315.52	3.0
320.52	3.0
326.76	3.0
335.48	3.0
344.4	3.0
352.44	3.0
360.36	3.0
384.4	3.0
439.36	3.0
602.28	3.0
681.76	3.0
741.96	3.0
984.96	3.0
1131.08	3.0
1292.24	3.0
1329.68	3.0
1382.0	3.0
1351.72	4.0
320.96	5.0
813.92	5.0
308.4	6.0
345.96	6.0
369.4	6.0
432.28	6.0
521.4	6.0
1168.64	6.0
1344.76	6.0
317.92	7.0
378.8	7.0
387.6	7.0
401.44	7.0
1335.32	7.0
658.48	8.0
307.72	8.0
321.44	8.0
340.08	8.0
417.24	8.0
446.44	8.0
510.28	8.0
524.96	8.0
634.16	8.0
664.12	8.0
855.52	8.0
1312.12	8.0
1374.88	8.0
1390.04	8.0
308.32	9.0
317.2	9.0
332.84	9.0
321.92	10.0
410.12	10.0
611.24	10.0
807.36	10.0
1366.28	10.0
307.68	10.0
313.12	10.0
324.88	10.0
335.52	10.0
518.96	10.0
578.32	10.0
643.96	10.0
715.96	10.0
764.08	10.0
800.44	10.0
885.68	10.0
973.28	10.0
1020.56	10.0
1110.84	10.0
1180.04	10.0
1202.48	10.0
1266.32	10.0
1288.68	10.0
1334.16	10.0
1398.2	10.0
323.24	11.0
326.88	11.0
384.44	11.0
681.76	11.0
836.56	11.0
985.0	11.0
1131.12	11.0
1382.04	11.0
307.48	11.0
315.64	11.0
349.84	11.0
367.44	11.0
870.16	11.0
970.8	11.0
1291.6	11.0
302.6	12.0
1248.44	12.0
307.52	12.0
316.32	12.0
342.32	12.0
427.04	12.0
807.96	12.0
306.4	13.0
321.6	13.0
1281.48	13.0
1389.2	13.0
317.88	14.0
321.24	14.0
330.48	14.0
339.16	14.0
630.76	14.0
673.52	14.0
708.08	14.0
733.48	14.0
764.16	14.0
906.76	14.0
944.2	14.0
977.36	14.0
1046.44	14.0
1092.36	14.0
1135.92	14.0
332.92	15.0
494.4	15.0
554.12	15.0
308.8	16.0
441.6	16.0
312.6	17.0
317.4	18.0
306.64	19.0
1289.56	19.0
307.44	20.0
323.24	20.0
338.64	20.0
308.08	21.0
321.96	21.0
318.8	21.0
324.96	21.0
328.76	21.0
335.6	21.0
348.0	21.0
353.04	21.0
375.52	21.0
385.52	21.0
406.84	21.0
425.44	21.0
456.2	21.0
613.04	21.0
780.6	21.0
818.48	21.0
845.96	21.0
1014.76	21.0
1140.04	21.0
1397.16	21.0
312.08	22.0
323.64	22.0
341.64	22.0
349.28	22.0
779.24	22.0
834.12	22.0
852.32	22.0
914.0	22.0
1254.76	22.0
1323.4	22.0
1337.2	22.0
343.92	23.0
308.08	23.0
319.36	23.0
322.04	23.0
331.6	23.0
340.12	23.0
353.2	23.0
429.56	23.0
479.68	23.0
780.52	23.0
1013.84	23.0
1099.08	23.0
1127.88	23.0
1296.68	23.0
1348.8	23.0
1253.92	24.0
317.92	24.0
330.76	24.0
340.92	24.0
382.8	24.0
394.16	24.0
550.28	24.0
635.4	24.0
308.24	25.0
320.04	25.0
329.28	25.0
345.56	25.0
386.8	25.0
588.8	25.0
633.2	25.0
731.52	25.0
855.28	25.0
925.36	25.0
1141.68	25.0
1286.08	25.0
1384.4	25.0
325.08	26.0
339.48	26.0
364.92	26.0
411.8	26.0
486.16	26.0
714.6	26.0
1237.36	26.0
308.72	26.0
316.12	26.0
321.52	26.0
327.8	26.0
335.44	26.0
343.72	26.0
380.44	26.0
385.84	26.0
394.92	26.0
404.88	26.0
408.88	26.0
437.32	26.0
490.36	26.0
500.16	26.0
517.88	26.0
527.04	26.0
539.08	26.0
551.88	26.0
572.76	26.0
590.64	26.0
635.96	26.0
652.84	26.0
669.08	26.0
695.96	26.0
721.16	26.0
735.64	26.0
757.84	26.0
775.52	26.0
800.32	26.0
812.32	26.0
840.44	26.0
857.56	26.0
893.64	26.0
925.08	26.0
950.12	26.0
1006.08	26.0
1019.36	26.0
1025.52	26.0
1043.6	26.0
1066.32	26.0
1111.56	26.0
1139.28	26.0
1201.28	26.0
1243.76	26.0
1250.32	26.0
1262.96	26.0
1295.32	26.0
1305.48	26.0
1312.84	26.0
1335.84	26.0
1362.52	26.0
322.64	27.0
312.4	28.0
320.0	28.0
324.04	28.0
331.88	28.0
339.92	28.0
345.52	28.0
358.48	28.0
371.48	28.0
430.36	28.0
452.76	28.0
477.92	28.0
1291.6	28.0
317.24	29.0
343.12	29.0
348.76	29.0
317.16	30.0
338.88	30.0
353.88	30.0
403.92	30.0
434.56	30.0
443.68	30.0
454.92	30.0
779.48	30.0
1022.44	30.0
1375.48	30.0
1390.44	30.0
306.08	31.0
323.28	31.0
370.68	31.0
308.68	33.0
321.92	33.0
336.56	33.0
302.52	34.0
307.08	34.0
313.8	34.0
847.72	34.0
1367.24	34.0
308.4	35.0
468.24	35.0
1296.32	35.0
312.4	35.0
317.12	35.0
322.08	35.0
327.76	35.0
335.16	35.0
337.68	35.0
343.0	35.0
345.96	35.0
353.76	35.0
369.6	35.0
375.0	35.0
381.8	35.0
392.08	35.0
405.44	35.0
429.4	35.0
438.88	35.0
465.12	35.0
497.32	35.0
513.28	35.0
567.0	35.0
575.16	35.0
592.08	35.0
622.96	35.0
638.76	35.0
677.32	35.0
679.84	35.0
738.52	35.0
766.52	35.0
772.8	35.0
803.88	35.0
852.44	35.0
892.56	35.0
909.72	35.0
935.2	35.0
950.6	35.0
981.52	35.0
1012.6	35.0
1028.28	35.0
1033.8	35.0
1052.0	35.0
1164.92	35.0
1187.16	35.0
1190.24	35.0
1253.72	35.0
1278.76	35.0
1316.44	35.0
1346.84	35.0
1388.28	35.0
1399.88	35.0
