306.92	1.0
652.92	1.0
821.4	1.0
307.24	2.0
310.08	2.0
314.64	2.0
323.32	2.0
328.72	2.0
332.32	2.0
337.28	2.0
344.92	2.0
357.32	2.0
375.68	2.0
495.24	2.0
558.64	2.0
589.84	2.0
600.36	2.0
603.36	2.0
630.4	2.0
644.72	2.0
649.8	2.0
704.44	2.0
717.48	2.0
741.8	2.0
744.32	2.0
766.04	2.0
770.84	2.0
796.04	2.0
877.2	2.0
928.4	2.0
937.76	2.0
954.08	2.0
1029.8	2.0
311.32	3.0
314.16	3.0
345.32	3.0
307.96	3.0
322.56	3.0
328.64	3.0
338.64	3.0
375.88	3.0
401.48	3.0
451.88	3.0
494.68	3.0
498.04	3.0
508.44	3.0
550.52	3.0
574.68	3.0
707.48	3.0
777.48	3.0
892.72	3.0
778.2	4.0
306.64	4.0
310.08	4.0
306.0	5.0
309.52	5.0
319.72	5.0
326.52	5.0
359.68	5.0
339.6	6.0
401.04	6.0
507.76	6.0
610.8	6.0
633.68	6.0
721.84	6.0
869.0	6.0
907.12	6.0
307.36	7.0
318.64	7.0
346.84	7.0
350.36	7.0
364.8	7.0
390.4	7.0
422.2	7.0
1045.64	7.0
306.2	8.0
322.2	8.0
336.96	8.0
459.4	8.0
490.16	8.0
406.2	8.0
412.64	8.0
532.08	8.0
707.16	8.0
306.84	9.0
322.2	9.0
827.6	9.0
321.44	10.0
507.04	10.0
656.76	10.0
308.36	10.0
310.92	10.0
313.68	10.0
337.24	10.0
347.16	10.0
562.56	10.0
580.72	10.0
626.4	10.0
694.96	10.0
713.24	10.0
718.72	10.0
769.56	10.0
785.88	10.0
871.68	10.0
932.68	10.0
1021.2	10.0
322.28	11.0
508.48	11.0
589.76	11.0
632.28	11.0
777.56	11.0
306.52	11.0
310.48	11.0
313.0	11.0
325.76	11.0
341.36	11.0
350.68	11.0
378.2	11.0
404.52	11.0
472.84	11.0
542.48	11.0
570.84	11.0
618.8	11.0
645.64	11.0
649.6	11.0
678.04	11.0
711.48	11.0
715.76	11.0
721.76	11.0
833.84	11.0
837.88	11.0
928.8	11.0
326.84	12.0
663.8	12.0
302.76	12.0
337.12	12.0
475.68	12.0
810.72	12.0
289.8	13.0
309.6	13.0
331.76	13.0
334.48	13.0
347.4	13.0
362.44	13.0
847.32	13.0
889.08	13.0
923.64	13.0
332.88	14.0
310.72	14.0
326.0	14.0
364.8	14.0
370.0	14.0
402.96	14.0
408.88	14.0
423.0	14.0
369.96	15.0
307.04	16.0
342.08	16.0
307.52	17.0
322.28	18.0
311.32	19.0
705.04	20.0
311.76	20.0
363.32	20.0
392.72	21.0
308.64	21.0
313.96	21.0
320.96	21.0
328.12	21.0
338.8	21.0
346.84	21.0
350.04	21.0
352.56	21.0
360.2	21.0
368.72	21.0
374.96	21.0
379.72	21.0
397.84	21.0
441.28	21.0
542.04	21.0
568.48	21.0
632.52	21.0
669.32	21.0
724.32	21.0
777.4	21.0
892.96	21.0
312.56	22.0
308.68	22.0
320.76	22.0
328.48	22.0
342.44	22.0
372.88	22.0
684.68	22.0
309.04	23.0
325.92	23.0
350.88	23.0
647.6	23.0
323.2	23.0
333.24	23.0
336.92	23.0
347.28	23.0
684.8	23.0
775.2	23.0
314.44	24.0
324.0	24.0
333.8	24.0
352.96	24.0
324.24	25.0
353.16	25.0
310.28	25.0
327.88	25.0
346.84	25.0
361.08	25.0
639.76	25.0
659.08	25.0
723.88	25.0
825.88	25.0
904.16	25.0
326.84	26.0
329.96	26.0
384.6	26.0
405.4	26.0
479.16	26.0
631.76	26.0
892.96	26.0
308.76	26.0
315.0	26.0
319.6	26.0
332.84	26.0
336.04	26.0
340.2	26.0
347.48	26.0
352.84	26.0
363.0	26.0
381.04	26.0
394.2	26.0
415.48	26.0
438.24	26.0
460.88	26.0
518.48	26.0
533.56	26.0
568.88	26.0
614.88	26.0
641.8	26.0
645.56	26.0
678.8	26.0
691.76	26.0
701.4	26.0
726.92	26.0
744.32	26.0
767.12	26.0
828.08	26.0
844.68	26.0
876.96	26.0
909.08	26.0
922.84	26.0
953.64	26.0
995.68	26.0
1081.32	26.0
352.08	27.0
311.12	27.0
331.68	27.0
340.56	27.0
628.16	27.0
1068.04	27.0
329.64	28.0
307.0	28.0
309.96	28.0
313.56	28.0
322.84	28.0
333.8	28.0
348.28	28.0
375.76	28.0
381.44	28.0
401.32	28.0
312.0	30.0
320.04	30.0
326.0	30.0
338.32	30.0
352.68	30.0
366.2	30.0
383.96	30.0
435.48	30.0
450.44	30.0
538.96	30.0
655.28	30.0
712.0	30.0
781.44	30.0
814.96	30.0
914.48	30.0
1001.04	30.0
306.2	31.0
321.52	31.0
352.2	31.0
565.4	31.0
310.28	33.0
313.84	33.0
568.52	33.0
302.48	34.0
318.04	34.0
358.56	34.0
307.32	34.0
313.48	34.0
647.76	34.0
749.2	34.0
790.72	34.0
309.84	35.0
342.8	35.0
306.96	35.0
313.44	35.0
324.36	35.0
328.04	35.0
332.0	35.0
339.72	35.0
346.48	35.0
349.04	35.0
353.32	35.0
360.12	35.0
365.32	35.0
370.12	35.0
372.92	35.0
378.0	35.0
393.84	35.0
404.32	35.0
413.04	35.0
434.08	35.0
447.24	35.0
467.12	35.0
508.64	35.0
594.48	35.0
606.96	35.0
617.8	35.0
647.64	35.0
666.8	35.0
707.32	35.0
739.08	35.0
747.0	35.0
779.52	35.0
792.8	35.0
863.24	35.0
879.12	35.0
911.28	35.0
943.8	35.0
983.84	35.0
989.64	35.0
328.12	36.0
350.68	36.0
