45.72	2.0
81.64	2.0
308.8	2.0
6.16	2.0
11.44	2.0
16.84	2.0
25.04	2.0
30.6	2.0
38.96	2.0
51.16	2.0
98.76	2.0
302.92	2.0
311.88	2.0
321.52	2.0
327.64	2.0
643.12	2.0
312.0	3.0
3.32	3.0
6.16	3.0
12.2	3.0
25.12	3.0
38.8	3.0
45.8	3.0
51.28	3.0
82.08	3.0
247.76	3.0
306.28	3.0
308.8	3.0
326.16	3.0
364.88	3.0
429.44	3.0
27.88	4.0
42.92	4.0
59.64	4.0
77.52	5.0
27.8	5.0
66.4	5.0
80.2	5.0
321.2	5.0
45.68	6.0
324.76	6.0
290.96	7.0
221.4	8.0
308.12	8.0
10.12	8.0
41.88	8.0
55.52	8.0
96.44	8.0
225.56	8.0
242.44	8.0
315.72	8.0
5.64	9.0
38.28	9.0
308.0	9.0
311.84	9.0
314.48	9.0
332.08	9.0
174.52	10.0
5.8	10.0
9.96	10.0
18.88	10.0
26.56	10.0
37.28	10.0
51.56	10.0
79.92	10.0
307.12	10.0
310.36	10.0
5.56	11.0
46.32	11.0
326.16	11.0
429.48	11.0
10.32	11.0
21.24	11.0
38.44	11.0
61.36	11.0
79.48	11.0
310.04	11.0
333.4	11.0
25.08	12.0
38.92	12.0
63.56	12.0
78.96	12.0
115.32	12.0
307.76	12.0
318.72	12.0
321.68	12.0
355.12	12.0
359.36	12.0
23.44	13.0
52.6	13.0
61.92	13.0
306.56	13.0
319.6	13.0
323.4	13.0
346.64	13.0
8.68	14.0
15.52	14.0
25.44	14.0
42.48	14.0
49.28	14.0
74.8	14.0
323.72	14.0
348.6	14.0
529.8	14.0
42.96	16.0
309.12	17.0
10.8	18.0
335.32	18.0
36.64	19.0
310.24	20.0
32.44	20.0
52.28	20.0
320.32	20.0
462.96	20.0
9.16	21.0
25.32	21.0
30.6	21.0
44.68	21.0
56.72	21.0
63.24	21.0
84.52	21.0
88.96	21.0
149.6	21.0
231.88	21.0
309.4	21.0
311.92	21.0
343.4	21.0
364.56	21.0
195.52	22.0
345.36	22.0
11.28	22.0
22.64	22.0
48.2	22.0
311.2	22.0
318.96	22.0
15.68	23.0
75.04	23.0
306.0	23.0
311.48	23.0
5.36	23.0
12.92	23.0
21.68	23.0
28.2	23.0
36.04	23.0
57.88	23.0
83.32	23.0
155.04	23.0
308.92	23.0
314.12	23.0
318.56	23.0
340.28	23.0
8.28	24.0
14.52	24.0
23.96	24.0
42.68	24.0
62.48	24.0
65.16	24.0
80.96	24.0
104.48	24.0
130.96	24.0
149.32	24.0
161.28	24.0
307.16	24.0
328.84	24.0
334.32	24.0
363.96	25.0
378.56	25.0
85.52	26.0
104.92	26.0
9.08	26.0
15.88	26.0
30.76	26.0
48.6	26.0
76.12	26.0
82.6	26.0
92.36	26.0
112.96	26.0
123.08	26.0
126.12	26.0
131.48	26.0
152.76	26.0
180.36	26.0
207.16	26.0
219.12	26.0
249.84	26.0
279.6	26.0
312.16	26.0
317.12	26.0
321.64	26.0
328.36	26.0
338.12	26.0
351.68	26.0
362.72	26.0
367.16	26.0
379.24	26.0
389.08	26.0
417.44	26.0
551.48	26.0
572.8	26.0
638.92	26.0
649.12	26.0
327.48	27.0
123.64	27.0
308.32	27.0
338.88	28.0
5.28	28.0
7.8	28.0
18.72	28.0
37.92	28.0
57.96	28.0
95.92	28.0
306.76	28.0
310.44	28.0
314.08	28.0
331.72	28.0
25.24	29.0
16.44	30.0
43.24	30.0
47.84	30.0
85.64	30.0
103.08	30.0
156.12	30.0
223.24	30.0
313.0	30.0
371.56	30.0
25.8	31.0
307.68	31.0
10.28	33.0
307.48	33.0
42.28	33.0
35.0	34.0
307.32	34.0
11.0	35.0
17.16	35.0
21.72	35.0
25.76	35.0
34.08	35.0
42.68	35.0
48.96	35.0
51.92	35.0
80.92	35.0
94.24	35.0
103.68	35.0
155.04	35.0
183.24	35.0
239.72	35.0
274.28	35.0
308.68	35.0
315.28	35.0
324.12	35.0
340.28	35.0
344.32	35.0
405.6	35.0
500.28	35.0
51.52	36.0
302.72	36.0
