307.76	1.0
1257.68	1.0
77.36	2.0
270.6	2.0
314.96	2.0
324.96	2.0
339.96	2.0
14.36	2.0
17.24	2.0
20.4	2.0
141.48	2.0
173.76	2.0
225.96	2.0
262.32	2.0
302.92	2.0
306.36	2.0
309.92	2.0
319.28	2.0
722.4	2.0
798.96	2.0
806.08	2.0
883.04	2.0
898.08	2.0
1026.68	2.0
1060.44	2.0
1067.84	2.0
1071.68	2.0
1094.12	2.0
1097.52	2.0
1122.52	2.0
1162.12	2.0
1258.04	2.0
1295.4	2.0
1321.16	2.0
1345.2	2.0
1362.0	2.0
1387.16	2.0
1391.72	2.0
1447.08	2.0
1464.64	2.0
262.76	3.0
307.6	3.0
58.88	3.0
77.84	3.0
226.16	3.0
271.04	3.0
310.92	3.0
314.28	3.0
318.12	3.0
321.04	3.0
324.6	3.0
329.64	3.0
341.68	3.0
347.8	3.0
378.16	3.0
798.72	3.0
843.56	3.0
880.56	3.0
888.6	3.0
898.2	3.0
932.44	3.0
1026.84	3.0
1093.52	3.0
1097.24	3.0
1107.64	3.0
1110.16	3.0
1295.6	3.0
1320.88	3.0
1361.76	3.0
1386.88	3.0
1447.24	3.0
1463.16	3.0
58.36	4.0
84.36	4.0
102.84	4.0
118.96	4.0
199.24	4.0
218.6	4.0
261.44	4.0
286.88	4.0
299.6	4.0
306.4	4.0
325.0	4.0
379.48	4.0
394.12	4.0
723.08	4.0
837.52	4.0
865.16	4.0
892.04	4.0
949.16	4.0
1108.16	4.0
1154.16	4.0
1163.8	4.0
1198.28	4.0
1202.4	4.0
1217.92	4.0
1255.2	4.0
1389.8	4.0
1407.0	4.0
1437.28	4.0
1465.12	4.0
308.16	5.0
310.84	5.0
325.4	5.0
445.24	5.0
1391.96	5.0
1465.4	5.0
784.44	6.0
315.36	6.0
322.84	6.0
351.24	6.0
391.28	6.0
890.6	6.0
1126.16	6.0
1156.96	6.0
1430.28	6.0
568.8	7.0
290.68	7.0
307.72	7.0
333.36	7.0
720.8	7.0
746.48	7.0
818.32	7.0
897.2	7.0
1056.12	7.0
1135.6	7.0
1147.92	7.0
1391.96	7.0
1410.6	7.0
1428.92	7.0
1291.16	8.0
307.2	8.0
312.76	8.0
322.32	8.0
329.52	8.0
362.68	8.0
1113.12	8.0
1137.96	8.0
1165.36	8.0
1394.68	8.0
161.76	9.0
260.0	9.0
308.24	9.0
329.56	9.0
341.68	9.0
603.64	9.0
880.6	9.0
998.2	9.0
1099.4	9.0
1128.44	9.0
1166.8	9.0
1363.88	9.0
329.44	10.0
903.96	10.0
1364.08	10.0
1440.52	10.0
173.88	10.0
226.24	10.0
309.48	10.0
324.32	10.0
490.36	10.0
648.36	10.0
953.16	10.0
1108.28	10.0
1147.28	10.0
1238.16	10.0
1414.04	10.0
19.04	11.0
820.36	11.0
1418.16	11.0
8.16	11.0
67.6	11.0
78.28	11.0
107.32	11.0
158.16	11.0
176.64	11.0
270.4	11.0
314.92	11.0
330.28	11.0
340.48	11.0
747.44	11.0
789.52	11.0
827.36	11.0
875.48	11.0
895.92	11.0
943.08	11.0
1048.32	11.0
1093.28	11.0
1108.96	11.0
1118.68	11.0
1230.44	11.0
1318.32	11.0
1362.12	11.0
1378.48	11.0
1388.72	11.0
1427.32	11.0
1446.68	11.0
750.2	12.0
81.84	12.0
107.2	12.0
271.64	12.0
318.12	12.0
1298.68	12.0
143.56	13.0
896.92	13.0
1470.28	13.0
1483.24	14.0
306.96	14.0
311.0	14.0
324.84	14.0
332.44	14.0
377.84	14.0
381.64	14.0
844.56	14.0
1425.0	14.0
1432.88	14.0
1459.4	14.0
140.28	15.0
180.2	15.0
307.28	15.0
313.36	15.0
782.16	15.0
1099.72	15.0
1343.44	15.0
1426.72	15.0
326.96	16.0
380.16	16.0
1315.8	16.0
1420.96	16.0
1322.2	18.0
135.52	19.0
337.96	19.0
1091.36	19.0
1360.04	19.0
1393.16	19.0
1443.72	19.0
167.44	20.0
306.24	20.0
349.84	20.0
1163.08	20.0
21.96	21.0
107.88	21.0
309.48	21.0
322.0	21.0
324.52	21.0
327.8	21.0
331.12	21.0
340.28	21.0
349.4	21.0
364.32	21.0
385.52	21.0
807.72	21.0
837.4	21.0
866.0	21.0
1124.36	21.0
1151.12	21.0
1163.84	21.0
1298.08	21.0
1435.64	21.0
1464.52	21.0
1485.8	21.0
310.56	22.0
864.72	22.0
213.44	22.0
323.72	22.0
778.8	22.0
892.64	22.0
1068.48	22.0
277.44	23.0
840.2	23.0
16.76	23.0
63.2	23.0
82.4	23.0
94.28	23.0
141.28	23.0
196.32	23.0
235.2	23.0
290.2	23.0
309.44	23.0
312.08	23.0
325.52	23.0
332.68	23.0
350.48	23.0
357.96	23.0
363.56	23.0
417.2	23.0
531.72	23.0
588.52	23.0
619.6	23.0
673.12	23.0
811.88	23.0
820.0	23.0
865.92	23.0
886.84	23.0
895.04	23.0
953.12	23.0
992.0	23.0
1034.0	23.0
1113.4	23.0
1153.84	23.0
1159.72	23.0
1177.68	23.0
1199.8	23.0
1303.04	23.0
1343.08	23.0
1357.68	23.0
1389.72	23.0
1426.12	23.0
1431.44	23.0
1434.96	23.0
1467.12	23.0
1472.52	23.0
263.68	24.0
306.28	24.0
319.8	24.0
372.32	24.0
800.68	24.0
845.12	24.0
878.16	24.0
907.44	24.0
1102.72	24.0
1125.2	24.0
1439.04	24.0
1470.08	24.0
323.56	26.0
5.52	26.0
61.72	26.0
123.96	26.0
161.48	26.0
210.64	26.0
296.6	26.0
310.32	26.0
314.72	26.0
333.32	26.0
343.92	26.0
353.4	26.0
362.6	26.0
377.92	26.0
401.6	26.0
419.16	26.0
454.4	26.0
485.08	26.0
501.68	26.0
539.28	26.0
631.64	26.0
659.68	26.0
745.12	26.0
784.2	26.0
812.24	26.0
819.6	26.0
838.76	26.0
847.12	26.0
853.92	26.0
870.64	26.0
886.48	26.0
896.4	26.0
979.88	26.0
1029.56	26.0
1056.4	26.0
1068.16	26.0
1099.24	26.0
1107.12	26.0
1124.16	26.0
1137.08	26.0
1144.44	26.0
1159.28	26.0
1199.92	26.0
1301.08	26.0
1350.96	26.0
1378.2	26.0
1391.32	26.0
1403.16	26.0
1415.32	26.0
1440.12	26.0
1463.56	26.0
1468.8	26.0
1483.28	26.0
349.72	27.0
142.8	27.0
396.92	27.0
702.8	27.0
787.44	27.0
1054.88	27.0
797.2	28.0
77.8	28.0
144.8	28.0
161.4	28.0
225.44	28.0
259.68	28.0
270.52	28.0
308.24	28.0
315.2	28.0
327.84	28.0
390.0	28.0
683.68	28.0
707.52	28.0
842.28	28.0
1040.16	28.0
1067.32	28.0
1093.44	28.0
1112.72	28.0
1249.6	28.0
1294.52	28.0
1304.96	28.0
1363.52	28.0
1388.8	28.0
1405.52	28.0
1495.96	28.0
307.68	29.0
313.36	29.0
342.04	29.0
668.44	29.0
779.56	29.0
796.6	29.0
835.04	29.0
1093.76	29.0
201.68	30.0
314.16	30.0
327.6	30.0
331.0	30.0
360.64	30.0
473.4	30.0
781.04	30.0
822.76	30.0
841.68	30.0
864.4	30.0
899.4	30.0
953.72	30.0
1121.72	30.0
1165.76	30.0
1446.52	30.0
1468.56	30.0
307.24	31.0
313.72	31.0
318.72	31.0
328.48	31.0
358.8	31.0
1434.76	31.0
1483.04	31.0
302.76	33.0
308.28	33.0
332.56	33.0
302.72	34.0
111.2	34.0
307.0	34.0
790.84	34.0
813.12	34.0
966.52	34.0
1052.44	34.0
1086.12	34.0
1096.8	34.0
1108.04	34.0
1137.4	34.0
1300.6	34.0
1305.96	34.0
1355.92	34.0
1363.84	34.0
1441.68	34.0
1467.84	34.0
15.64	35.0
287.28	35.0
307.84	35.0
310.4	35.0
319.48	35.0
328.24	35.0
341.76	35.0
356.6	35.0
363.48	35.0
394.76	35.0
588.44	35.0
796.92	35.0
825.6	35.0
892.96	35.0
1123.12	35.0
1136.92	35.0
1393.64	35.0
1409.84	35.0
1417.76	35.0
1457.68	35.0
1462.6	35.0
1479.36	35.0
36.52	36.0
302.6	36.0
1433.44	36.0
