309.6	1.0
325.44	1.0
824.16	1.0
307.72	2.0
313.16	2.0
346.32	2.0
77.68	2.0
92.64	2.0
280.36	2.0
284.6	2.0
310.24	2.0
320.8	2.0
326.36	2.0
329.24	2.0
357.48	2.0
360.12	2.0
368.76	2.0
379.08	2.0
386.2	2.0
390.8	2.0
408.12	2.0
411.0	2.0
515.2	2.0
726.76	2.0
780.64	2.0
824.8	2.0
872.4	2.0
940.2	2.0
947.44	2.0
1124.88	2.0
1155.12	2.0
1178.88	2.0
1182.8	2.0
1195.88	2.0
1232.16	2.0
1284.64	2.0
1331.48	2.0
322.36	3.0
912.96	3.0
25.56	3.0
308.72	3.0
311.56	3.0
335.44	3.0
345.12	3.0
352.4	3.0
358.84	3.0
368.28	3.0
374.04	3.0
377.08	3.0
390.76	3.0
410.92	3.0
446.8	3.0
516.44	3.0
872.6	3.0
900.2	3.0
947.6	3.0
1189.64	3.0
1196.04	3.0
1302.2	3.0
1331.64	3.0
302.96	4.0
525.24	4.0
307.2	4.0
311.44	4.0
344.84	4.0
836.28	4.0
863.56	4.0
912.92	4.0
1145.32	4.0
359.8	5.0
306.6	5.0
310.96	5.0
356.56	5.0
928.12	5.0
1138.0	5.0
514.32	6.0
309.08	6.0
327.92	6.0
341.76	6.0
360.36	6.0
389.36	6.0
458.64	6.0
509.16	6.0
542.88	6.0
651.76	6.0
684.16	6.0
903.84	6.0
1226.56	6.0
373.68	7.0
659.8	7.0
683.76	7.0
1207.88	7.0
332.84	7.0
361.96	7.0
412.84	7.0
427.08	7.0
547.36	7.0
637.16	7.0
801.0	7.0
1123.16	7.0
254.24	8.0
759.96	8.0
819.04	8.0
306.76	8.0
312.6	8.0
321.52	8.0
349.28	8.0
404.76	8.0
431.96	8.0
461.6	8.0
965.12	8.0
1198.68	8.0
1228.68	8.0
1249.52	8.0
1328.64	8.0
1354.08	8.0
307.4	9.0
311.04	9.0
390.2	9.0
855.8	9.0
873.52	9.0
549.24	10.0
1220.0	10.0
307.48	10.0
311.48	10.0
326.6	10.0
358.6	10.0
376.76	10.0
514.56	10.0
1331.56	10.0
326.52	11.0
354.64	11.0
313.04	11.0
322.28	11.0
347.4	11.0
357.88	11.0
377.0	11.0
388.4	11.0
514.48	11.0
875.76	11.0
897.52	11.0
1192.64	11.0
1268.92	11.0
1331.56	11.0
320.04	12.0
354.24	12.0
372.48	12.0
1202.52	12.0
323.84	13.0
357.48	13.0
881.44	13.0
307.12	14.0
310.76	14.0
321.84	14.0
328.4	14.0
378.92	14.0
514.4	14.0
597.68	14.0
313.76	15.0
306.6	15.0
362.88	15.0
1245.88	15.0
357.84	16.0
503.44	16.0
920.28	16.0
926.96	16.0
320.8	18.0
302.68	19.0
326.76	19.0
365.32	19.0
376.64	19.0
407.92	19.0
1329.08	19.0
1212.08	20.0
313.52	20.0
323.76	20.0
366.12	20.0
310.72	21.0
349.56	21.0
3.84	21.0
307.72	21.0
318.48	21.0
323.08	21.0
336.72	21.0
343.88	21.0
352.08	21.0
355.76	21.0
358.96	21.0
365.24	21.0
376.68	21.0
389.8	21.0
392.32	21.0
403.48	21.0
503.4	21.0
593.24	21.0
685.28	21.0
962.36	21.0
1184.24	21.0
1198.44	21.0
1218.76	21.0
1239.44	21.0
1254.24	21.0
1325.8	21.0
1347.0	21.0
321.6	22.0
306.24	22.0
312.28	22.0
318.96	22.0
334.64	22.0
341.68	22.0
388.0	22.0
1293.04	22.0
308.72	23.0
266.76	23.0
286.36	23.0
295.32	23.0
311.68	23.0
323.32	23.0
329.84	23.0
342.24	23.0
348.16	23.0
352.64	23.0
361.56	23.0
439.8	23.0
556.36	23.0
776.88	23.0
814.08	23.0
833.64	23.0
860.4	23.0
863.92	23.0
909.76	23.0
940.6	23.0
993.4	23.0
1133.36	23.0
1139.52	23.0
1176.6	23.0
1202.28	23.0
1243.04	23.0
306.48	24.0
320.0	24.0
334.12	24.0
342.68	24.0
356.88	24.0
359.56	24.0
369.36	24.0
400.04	24.0
514.68	24.0
1176.48	24.0
1192.4	24.0
1235.92	24.0
1266.92	24.0
330.6	25.0
308.32	25.0
313.68	25.0
325.24	25.0
343.88	25.0
434.08	26.0
460.56	26.0
1220.0	26.0
13.16	26.0
49.76	26.0
252.44	26.0
309.8	26.0
316.28	26.0
321.12	26.0
326.36	26.0
331.04	26.0
338.24	26.0
348.08	26.0
356.28	26.0
361.0	26.0
372.84	26.0
378.84	26.0
385.8	26.0
407.56	26.0
411.4	26.0
431.36	26.0
453.6	26.0
482.24	26.0
489.48	26.0
505.76	26.0
516.48	26.0
531.76	26.0
556.2	26.0
578.56	26.0
598.32	26.0
613.44	26.0
623.36	26.0
638.2	26.0
707.2	26.0
759.72	26.0
786.44	26.0
891.64	26.0
899.24	26.0
938.96	26.0
946.68	26.0
993.04	26.0
1170.96	26.0
1177.28	26.0
1197.28	26.0
1205.12	26.0
1223.96	26.0
1247.84	26.0
1274.44	26.0
1281.04	26.0
1297.6	26.0
1311.92	26.0
1325.44	26.0
1332.4	26.0
1362.32	26.0
1366.04	26.0
308.84	27.0
454.52	27.0
307.24	28.0
314.52	28.0
318.96	28.0
327.4	28.0
334.76	28.0
338.04	28.0
341.44	28.0
348.64	28.0
358.56	28.0
362.2	28.0
376.64	28.0
389.8	28.0
826.84	28.0
855.44	28.0
858.48	28.0
869.52	28.0
873.08	28.0
916.36	28.0
923.04	28.0
1334.52	28.0
306.36	29.0
315.04	29.0
329.0	29.0
334.6	29.0
776.64	29.0
823.36	29.0
852.48	29.0
913.36	29.0
812.0	30.0
69.2	30.0
312.92	30.0
321.72	30.0
342.6	30.0
363.96	30.0
389.28	30.0
406.96	30.0
430.76	30.0
461.64	30.0
507.44	30.0
579.2	30.0
958.2	30.0
1181.28	30.0
1227.76	30.0
1238.32	30.0
1252.24	30.0
1328.72	30.0
1354.52	30.0
320.08	31.0
326.68	31.0
349.68	31.0
376.88	31.0
306.56	33.0
327.52	33.0
317.84	34.0
337.88	34.0
353.16	34.0
309.68	34.0
830.48	34.0
1276.92	34.0
361.16	35.0
308.64	35.0
312.84	35.0
319.2	35.0
324.76	35.0
327.88	35.0
333.0	35.0
338.92	35.0
343.08	35.0
346.08	35.0
349.96	35.0
356.2	35.0
372.72	35.0
379.0	35.0
384.48	35.0
389.28	35.0
402.72	35.0
411.56	35.0
427.88	35.0
435.0	35.0
455.2	35.0
490.24	35.0
548.28	35.0
628.6	35.0
1139.4	35.0
1217.0	35.0
1314.48	35.0
321.68	36.0
302.88	36.0
311.48	36.0
330.0	36.0
347.24	36.0
358.84	36.0
381.32	36.0
416.76	36.0
1153.56	36.0
