1267.96	1.0
309.52	2.0
1002.88	2.0
1267.08	2.0
79.32	2.0
112.24	2.0
126.28	2.0
157.84	2.0
180.92	2.0
184.08	2.0
188.48	2.0
196.12	2.0
219.44	2.0
302.96	2.0
306.52	2.0
321.56	2.0
330.04	2.0
332.8	2.0
348.0	2.0
391.04	2.0
614.56	2.0
665.68	2.0
677.56	2.0
684.96	2.0
695.56	2.0
774.04	2.0
782.72	2.0
851.92	2.0
904.88	2.0
908.68	2.0
963.12	2.0
971.44	2.0
997.84	2.0
1085.8	2.0
1148.92	2.0
1192.08	2.0
1242.2	2.0
1249.6	2.0
1261.72	2.0
1277.04	2.0
1280.76	2.0
1300.6	2.0
1336.72	2.0
1358.68	2.0
1398.92	2.0
1426.4	2.0
1453.2	2.0
1460.0	2.0
26.88	3.0
42.2	3.0
114.8	3.0
126.88	3.0
173.08	3.0
188.4	3.0
204.64	3.0
219.64	3.0
257.56	3.0
309.36	3.0
316.24	3.0
328.48	3.0
332.72	3.0
335.32	3.0
354.0	3.0
431.04	3.0
614.76	3.0
618.84	3.0
667.88	3.0
685.16	3.0
699.56	3.0
769.72	3.0
772.24	3.0
776.16	3.0
782.28	3.0
789.68	3.0
817.72	3.0
852.12	3.0
860.36	3.0
974.68	3.0
977.2	3.0
1001.8	3.0
1086.0	3.0
1151.36	3.0
1211.6	3.0
1267.64	3.0
1277.24	3.0
1289.64	3.0
1300.04	3.0
1338.12	3.0
1375.88	3.0
1398.56	3.0
1401.12	3.0
1404.8	3.0
1425.88	3.0
1464.24	3.0
303.0	4.0
306.08	4.0
993.96	4.0
996.76	4.0
67.08	4.0
129.12	4.0
139.44	4.0
159.8	4.0
174.96	4.0
188.08	4.0
208.84	4.0
238.28	4.0
257.52	4.0
287.0	4.0
311.24	4.0
321.4	4.0
335.0	4.0
364.48	4.0
379.56	4.0
394.56	4.0
409.88	4.0
433.2	4.0
460.84	4.0
618.48	4.0
630.64	4.0
660.0	4.0
671.04	4.0
689.56	4.0
702.16	4.0
722.12	4.0
741.36	4.0
775.76	4.0
791.88	4.0
803.6	4.0
818.48	4.0
849.56	4.0
862.6	4.0
882.24	4.0
916.72	4.0
950.52	4.0
1004.96	4.0
1028.12	4.0
1050.64	4.0
1110.08	4.0
1152.56	4.0
1211.88	4.0
1231.68	4.0
1273.16	4.0
1289.84	4.0
1310.76	4.0
1341.04	4.0
1359.84	4.0
1378.64	4.0
1390.52	4.0
1400.8	4.0
1425.48	4.0
1432.6	4.0
1466.36	4.0
308.72	5.0
380.96	5.0
1291.92	5.0
306.84	6.0
318.8	6.0
352.2	6.0
413.68	6.0
718.36	6.0
859.52	6.0
1023.32	6.0
1126.8	6.0
308.68	7.0
363.04	7.0
602.44	7.0
620.44	7.0
659.76	7.0
782.76	7.0
837.84	7.0
1315.48	7.0
161.0	8.0
221.96	8.0
239.04	8.0
307.2	8.0
321.76	8.0
325.72	8.0
396.52	8.0
622.64	8.0
717.2	8.0
776.72	8.0
847.04	8.0
999.68	8.0
1048.08	8.0
1078.68	8.0
1129.92	8.0
1155.92	8.0
1248.6	8.0
1364.6	8.0
1425.4	8.0
156.36	9.0
308.96	9.0
354.0	9.0
616.2	9.0
649.24	9.0
935.16	9.0
999.88	9.0
1075.84	9.0
1091.8	9.0
1382.0	9.0
874.72	10.0
20.68	10.0
114.44	10.0
124.08	10.0
179.4	10.0
296.08	10.0
306.0	10.0
309.72	10.0
330.2	10.0
536.52	10.0
542.6	10.0
767.16	10.0
810.16	10.0
953.44	10.0
1136.0	10.0
1186.2	10.0
1267.28	10.0
1399.0	10.0
112.92	11.0
219.92	11.0
316.32	11.0
396.36	11.0
782.32	11.0
1167.4	11.0
1339.96	11.0
23.4	11.0
38.0	11.0
88.76	11.0
100.68	11.0
123.52	11.0
144.8	11.0
157.68	11.0
180.36	11.0
191.92	11.0
309.16	11.0
329.0	11.0
348.28	11.0
374.44	11.0
415.6	11.0
619.44	11.0
638.0	11.0
644.08	11.0
665.12	11.0
692.28	11.0
770.24	11.0
773.76	11.0
812.0	11.0
845.88	11.0
849.6	11.0
930.6	11.0
934.16	11.0
957.72	11.0
985.96	11.0
1105.72	11.0
1161.4	11.0
1189.56	11.0
1238.32	11.0
1241.28	11.0
1269.52	11.0
1296.08	11.0
1332.6	11.0
1394.8	11.0
1422.36	11.0
308.28	12.0
325.8	12.0
1263.36	12.0
323.2	13.0
112.08	13.0
308.08	13.0
313.2	13.0
662.92	13.0
691.68	13.0
1055.32	13.0
1111.44	13.0
1333.64	13.0
1416.28	13.0
323.04	14.0
881.8	14.0
1292.56	14.0
117.56	15.0
227.92	15.0
307.12	15.0
1051.2	15.0
1057.32	15.0
1115.4	15.0
1457.0	15.0
69.8	16.0
718.08	16.0
824.68	16.0
915.68	16.0
779.04	17.0
307.16	19.0
306.76	20.0
330.56	20.0
1247.56	20.0
75.8	21.0
221.88	21.0
309.52	21.0
313.4	21.0
320.92	21.0
333.0	21.0
343.16	21.0
347.6	21.0
356.36	21.0
373.6	21.0
517.96	21.0
784.0	21.0
899.84	21.0
1194.96	21.0
1285.92	21.0
1341.2	21.0
306.56	22.0
313.56	22.0
1424.28	22.0
85.04	22.0
156.76	22.0
220.8	22.0
225.04	22.0
284.2	22.0
319.28	22.0
436.12	22.0
711.08	22.0
775.24	22.0
793.4	22.0
816.56	22.0
953.24	22.0
1299.16	22.0
1329.32	22.0
1344.2	22.0
7.48	23.0
145.28	23.0
320.04	23.0
763.72	23.0
799.32	23.0
969.24	23.0
1126.92	23.0
14.88	23.0
63.0	23.0
109.28	23.0
154.04	23.0
156.92	23.0
178.24	23.0
182.24	23.0
223.2	23.0
307.28	23.0
334.84	23.0
416.2	23.0
586.48	23.0
609.72	23.0
626.76	23.0
662.68	23.0
691.44	23.0
717.88	23.0
734.76	23.0
774.8	23.0
848.12	23.0
925.76	23.0
937.96	23.0
948.12	23.0
1001.92	23.0
1004.84	23.0
1022.0	23.0
1050.0	23.0
1079.36	23.0
1097.6	23.0
1143.0	23.0
1229.6	23.0
1243.56	23.0
1263.32	23.0
1272.8	23.0
1282.16	23.0
1325.84	23.0
1331.88	23.0
1366.24	23.0
1424.92	23.0
1451.28	23.0
308.92	24.0
333.64	24.0
167.6	24.0
176.32	24.0
306.36	24.0
316.24	24.0
330.64	24.0
342.36	24.0
362.76	24.0
520.4	24.0
720.4	24.0
46.36	25.0
90.88	25.0
327.2	25.0
751.12	25.0
915.8	25.0
949.64	25.0
1093.8	25.0
1269.6	25.0
1292.04	25.0
1331.56	25.0
113.6	26.0
908.24	26.0
49.44	26.0
73.12	26.0
91.4	26.0
109.0	26.0
169.76	26.0
179.16	26.0
203.88	26.0
214.24	26.0
250.32	26.0
272.8	26.0
289.72	26.0
309.88	26.0
314.28	26.0
320.2	26.0
325.12	26.0
330.52	26.0
335.84	26.0
342.2	26.0
354.48	26.0
367.08	26.0
375.72	26.0
389.96	26.0
473.48	26.0
495.76	26.0
519.24	26.0
617.84	26.0
625.36	26.0
633.8	26.0
722.36	26.0
726.12	26.0
750.48	26.0
760.6	26.0
777.56	26.0
864.6	26.0
872.96	26.0
920.24	26.0
948.36	26.0
965.36	26.0
1003.68	26.0
1053.16	26.0
1080.0	26.0
1098.56	26.0
1118.96	26.0
1199.92	26.0
1218.92	26.0
1240.28	26.0
1266.4	26.0
1275.36	26.0
1294.16	26.0
1329.36	26.0
1359.72	26.0
1369.72	26.0
1457.24	26.0
1114.44	27.0
793.64	27.0
1230.8	27.0
308.84	28.0
1226.52	28.0
114.44	28.0
124.92	28.0
155.88	28.0
190.64	28.0
215.96	28.0
221.32	28.0
316.2	28.0
324.16	28.0
334.92	28.0
648.84	28.0
665.88	28.0
682.84	28.0
770.76	28.0
867.76	28.0
934.8	28.0
956.52	28.0
999.48	28.0
1034.56	28.0
1039.24	28.0
1075.44	28.0
1191.44	28.0
1284.36	28.0
1292.52	28.0
1316.2	28.0
1329.0	28.0
1356.12	28.0
175.56	29.0
306.64	29.0
371.0	29.0
711.36	29.0
763.48	29.0
1067.68	29.0
7.24	30.0
171.32	30.0
199.24	30.0
313.0	30.0
321.0	30.0
331.44	30.0
351.52	30.0
389.88	30.0
668.72	30.0
856.96	30.0
998.76	30.0
1032.6	30.0
1123.52	30.0
1248.72	30.0
1278.92	30.0
1426.24	30.0
9.04	31.0
306.12	31.0
317.36	31.0
351.32	31.0
1320.92	31.0
204.56	33.0
302.76	33.0
306.52	33.0
151.28	34.0
306.88	34.0
324.6	34.0
714.08	34.0
970.6	34.0
66.52	35.0
103.96	35.0
139.4	35.0
151.0	35.0
173.24	35.0
179.48	35.0
190.52	35.0
196.24	35.0
214.44	35.0
221.36	35.0
223.88	35.0
258.6	35.0
308.68	35.0
313.2	35.0
319.04	35.0
335.6	35.0
342.32	35.0
345.0	35.0
369.4	35.0
388.28	35.0
396.64	35.0
459.24	35.0
485.88	35.0
538.92	35.0
578.96	35.0
581.96	35.0
620.72	35.0
661.8	35.0
688.04	35.0
717.56	35.0
724.88	35.0
792.96	35.0
815.0	35.0
847.76	35.0
853.8	35.0
948.44	35.0
969.56	35.0
999.64	35.0
1049.24	35.0
1077.16	35.0
1099.28	35.0
1112.08	35.0
1169.4	35.0
1194.24	35.0
1230.16	35.0
1278.64	35.0
1288.68	35.0
1331.64	35.0
1346.92	35.0
1367.08	35.0
1387.44	35.0
1424.52	35.0
69.16	36.0
119.32	36.0
182.4	36.0
248.92	36.0
302.64	36.0
323.96	36.0
344.12	36.0
519.6	36.0
682.72	36.0
749.88	36.0
815.56	36.0
882.56	36.0
911.52	36.0
1121.52	36.0
1225.56	36.0
1275.2	36.0
1421.64	36.0
