345.56	1.0
59.0	1.0
5.36	2.0
19.28	2.0
59.4	2.0
63.68	2.0
95.56	2.0
158.08	2.0
178.44	2.0
187.32	2.0
202.96	2.0
208.52	2.0
235.4	2.0
246.36	2.0
261.56	2.0
309.16	2.0
313.88	2.0
334.24	2.0
345.4	2.0
350.0	2.0
380.24	2.0
409.16	2.0
450.76	2.0
454.04	2.0
478.2	2.0
483.76	2.0
494.72	2.0
537.96	2.0
546.52	2.0
658.72	2.0
703.16	2.0
744.84	2.0
772.0	2.0
821.0	2.0
877.56	2.0
880.52	2.0
898.08	2.0
941.68	2.0
954.4	2.0
987.44	2.0
1006.76	2.0
1085.04	2.0
1093.68	2.0
1165.72	2.0
1191.44	2.0
1210.6	2.0
1234.96	2.0
1238.6	2.0
1263.92	2.0
1267.96	2.0
1334.56	2.0
308.84	3.0
7.2	3.0
63.4	3.0
102.68	3.0
178.16	3.0
235.56	3.0
244.36	3.0
318.64	3.0
342.16	3.0
437.8	3.0
453.96	3.0
500.16	3.0
597.36	3.0
707.72	3.0
744.52	3.0
772.16	3.0
799.6	3.0
894.2	3.0
921.4	3.0
949.12	3.0
953.92	3.0
1021.76	3.0
1093.8	3.0
1109.32	3.0
1130.64	3.0
1165.84	3.0
1238.8	3.0
1247.36	3.0
1298.72	3.0
1318.2	3.0
1334.4	3.0
1355.76	3.0
7.0	4.0
103.64	4.0
117.28	4.0
190.88	4.0
217.76	4.0
246.44	4.0
273.2	4.0
309.8	4.0
324.28	4.0
344.12	4.0
362.44	4.0
405.0	4.0
424.48	4.0
502.24	4.0
581.28	4.0
599.88	4.0
633.64	4.0
701.48	4.0
728.52	4.0
843.84	4.0
876.4	4.0
896.08	4.0
917.84	4.0
951.32	4.0
971.2	4.0
984.84	4.0
1013.64	4.0
1024.4	4.0
1069.44	4.0
1108.6	4.0
1118.72	4.0
1132.48	4.0
1162.2	4.0
1180.36	4.0
1214.8	4.0
1234.08	4.0
1300.32	4.0
1341.44	4.0
1358.12	4.0
306.24	5.0
876.16	5.0
319.0	6.0
399.28	6.0
601.44	6.0
983.64	6.0
1086.64	6.0
1128.12	6.0
1274.04	6.0
126.48	7.0
329.28	7.0
194.84	7.0
308.64	7.0
983.92	7.0
1061.28	7.0
1078.04	7.0
1082.48	7.0
11.04	8.0
27.24	8.0
58.52	8.0
175.84	8.0
315.12	8.0
325.52	8.0
348.56	8.0
548.04	8.0
632.72	8.0
797.16	8.0
897.44	8.0
1053.2	8.0
1116.92	8.0
1233.52	8.0
1303.2	8.0
1342.2	8.0
87.48	9.0
320.0	9.0
366.84	9.0
559.4	9.0
641.24	9.0
666.08	9.0
880.56	9.0
308.8	10.0
512.32	10.0
4.96	10.0
82.76	10.0
96.04	10.0
157.88	10.0
306.28	10.0
346.64	10.0
610.2	10.0
658.84	10.0
664.6	10.0
845.72	10.0
983.88	10.0
1263.08	10.0
326.8	11.0
452.0	11.0
707.72	11.0
799.6	11.0
953.84	11.0
1163.72	11.0
13.28	11.0
62.36	11.0
114.32	11.0
174.4	11.0
196.36	11.0
203.72	11.0
257.92	11.0
282.04	11.0
322.24	11.0
349.88	11.0
420.56	11.0
462.4	11.0
495.04	11.0
540.92	11.0
640.24	11.0
690.16	11.0
701.52	11.0
810.36	11.0
876.16	11.0
917.88	11.0
934.0	11.0
974.08	11.0
1004.0	11.0
1068.96	11.0
1089.08	11.0
1119.68	11.0
1207.88	11.0
1256.92	11.0
1298.52	11.0
349.96	12.0
921.4	12.0
1312.52	12.0
60.24	13.0
375.8	13.0
770.08	13.0
1088.52	13.0
126.52	14.0
307.48	14.0
33.88	14.0
100.92	14.0
219.96	14.0
578.36	14.0
582.92	14.0
845.08	14.0
985.44	14.0
1155.56	14.0
54.2	15.0
164.56	15.0
265.6	15.0
837.0	15.0
984.0	15.0
1329.32	15.0
67.24	16.0
602.0	16.0
723.12	16.0
957.12	16.0
1323.48	18.0
306.48	20.0
1244.32	20.0
323.2	21.0
342.8	21.0
12.4	21.0
108.6	21.0
151.64	21.0
189.76	21.0
219.96	21.0
309.48	21.0
313.68	21.0
317.84	21.0
332.68	21.0
364.12	21.0
450.0	21.0
661.96	21.0
874.84	21.0
1225.08	21.0
205.08	22.0
311.16	22.0
319.24	22.0
323.16	22.0
331.04	22.0
497.76	22.0
700.16	22.0
1132.16	22.0
1291.48	22.0
209.04	23.0
725.32	23.0
1331.76	23.0
60.52	23.0
85.28	23.0
88.12	23.0
113.08	23.0
153.44	23.0
181.28	23.0
218.8	23.0
273.28	23.0
285.76	23.0
317.76	23.0
352.24	23.0
359.16	23.0
382.28	23.0
391.48	23.0
406.6	23.0
411.0	23.0
448.72	23.0
475.08	23.0
535.32	23.0
550.08	23.0
582.36	23.0
622.96	23.0
633.48	23.0
710.2	23.0
773.32	23.0
812.24	23.0
870.68	23.0
875.88	23.0
880.96	23.0
899.64	23.0
916.92	23.0
963.12	23.0
972.0	23.0
984.08	23.0
1008.84	23.0
1054.48	23.0
1073.48	23.0
1114.56	23.0
1137.16	23.0
1159.36	23.0
1188.96	23.0
1205.88	23.0
1236.12	23.0
1246.48	23.0
1257.44	23.0
169.68	24.0
306.8	24.0
97.48	25.0
649.56	25.0
103.64	26.0
217.16	26.0
25.0	26.0
31.84	26.0
47.64	26.0
68.0	26.0
81.96	26.0
99.72	26.0
124.08	26.0
145.4	26.0
167.32	26.0
190.4	26.0
196.68	26.0
207.04	26.0
227.44	26.0
241.8	26.0
250.64	26.0
262.6	26.0
285.48	26.0
310.88	26.0
321.8	26.0
336.56	26.0
354.16	26.0
371.64	26.0
581.4	26.0
600.84	26.0
619.16	26.0
651.48	26.0
685.12	26.0
700.12	26.0
753.36	26.0
761.52	26.0
785.92	26.0
797.88	26.0
838.96	26.0
860.68	26.0
875.8	26.0
918.2	26.0
928.08	26.0
971.96	26.0
987.44	26.0
1016.68	26.0
1080.8	26.0
1100.88	26.0
1111.6	26.0
1133.92	26.0
1161.48	26.0
1164.08	26.0
1229.92	26.0
1250.8	26.0
1314.72	26.0
1352.8	26.0
1356.16	26.0
244.96	27.0
414.44	27.0
579.92	27.0
668.16	27.0
875.56	27.0
1077.0	27.0
1114.4	27.0
47.92	28.0
87.08	28.0
98.88	28.0
234.96	28.0
285.6	28.0
313.28	28.0
317.88	28.0
352.52	28.0
422.2	28.0
483.32	28.0
491.72	28.0
558.96	28.0
623.12	28.0
665.6	28.0
685.28	28.0
744.6	28.0
779.12	28.0
816.04	28.0
856.0	28.0
940.6	28.0
1008.92	28.0
1139.16	28.0
1233.88	28.0
1239.64	28.0
815.8	29.0
1163.24	29.0
50.8	30.0
138.96	30.0
313.84	30.0
390.52	30.0
445.84	30.0
963.12	30.0
1121.64	30.0
1361.76	30.0
96.56	31.0
242.56	31.0
306.48	31.0
329.0	31.0
783.92	31.0
322.44	33.0
219.96	33.0
762.04	33.0
153.6	34.0
200.48	34.0
224.84	34.0
311.8	34.0
329.72	34.0
359.68	34.0
725.6	34.0
768.72	34.0
811.72	34.0
818.92	34.0
844.2	34.0
947.84	34.0
1207.6	34.0
1250.4	34.0
1258.28	34.0
1356.56	34.0
34.56	35.0
57.2	35.0
99.52	35.0
103.76	35.0
107.84	35.0
113.88	35.0
162.8	35.0
177.16	35.0
193.88	35.0
201.0	35.0
262.48	35.0
284.36	35.0
288.04	35.0
309.56	35.0
312.68	35.0
346.24	35.0
359.6	35.0
412.28	35.0
442.36	35.0
450.28	35.0
482.28	35.0
512.92	35.0
548.12	35.0
580.52	35.0
583.84	35.0
593.8	35.0
618.48	35.0
622.64	35.0
664.6	35.0
702.84	35.0
713.72	35.0
730.76	35.0
741.72	35.0
750.52	35.0
775.88	35.0
796.72	35.0
843.36	35.0
848.16	35.0
861.84	35.0
880.0	35.0
886.32	35.0
923.2	35.0
964.56	35.0
968.08	35.0
981.76	35.0
1018.64	35.0
1022.6	35.0
1055.2	35.0
1061.56	35.0
1078.96	35.0
1089.32	35.0
1122.96	35.0
1134.8	35.0
1159.12	35.0
1175.8	35.0
1186.8	35.0
1189.92	35.0
1227.64	35.0
1232.48	35.0
1246.4	35.0
1268.64	35.0
1331.6	35.0
1335.24	35.0
1359.08	35.0
154.92	36.0
193.12	36.0
274.32	36.0
302.6	36.0
372.96	36.0
398.12	36.0
443.24	36.0
546.32	36.0
580.48	36.0
647.2	36.0
748.24	36.0
798.96	36.0
893.32	36.0
953.28	36.0
986.2	36.0
1004.92	36.0
1025.68	36.0
1150.76	36.0
1247.56	36.0
1298.36	36.0
1356.12	36.0
