307.88	1.0
230.24	2.0
399.04	2.0
1418.24	2.0
105.84	2.0
138.56	2.0
214.04	2.0
253.32	2.0
267.0	2.0
273.32	2.0
302.96	2.0
306.56	2.0
326.68	2.0
344.6	2.0
403.84	2.0
425.24	2.0
433.16	2.0
523.04	2.0
565.84	2.0
588.92	2.0
604.32	2.0
612.64	2.0
645.68	2.0
648.2	2.0
681.48	2.0
686.36	2.0
777.24	2.0
815.84	2.0
899.44	2.0
902.32	2.0
908.56	2.0
939.0	2.0
961.16	2.0
996.76	2.0
1005.88	2.0
1057.28	2.0
1156.32	2.0
1169.48	2.0
1259.08	2.0
1290.44	2.0
1326.56	2.0
1336.44	2.0
1389.68	2.0
1397.56	2.0
1432.36	2.0
106.88	3.0
139.2	3.0
182.24	3.0
230.8	3.0
255.44	3.0
294.64	3.0
306.72	3.0
312.88	3.0
315.72	3.0
403.96	3.0
495.52	3.0
513.2	3.0
581.16	3.0
601.92	3.0
644.88	3.0
681.68	3.0
697.8	3.0
756.96	3.0
777.4	3.0
829.84	3.0
870.48	3.0
902.48	3.0
935.68	3.0
938.76	3.0
1014.6	3.0
1058.96	3.0
1071.4	3.0
1073.92	3.0
1397.72	3.0
18.2	4.0
218.44	4.0
257.56	4.0
283.08	4.0
306.68	4.0
319.04	4.0
336.56	4.0
347.76	4.0
371.2	4.0
397.8	4.0
419.24	4.0
431.72	4.0
457.8	4.0
515.32	4.0
559.08	4.0
608.76	4.0
624.44	4.0
662.56	4.0
683.24	4.0
701.24	4.0
757.16	4.0
795.0	4.0
814.84	4.0
833.56	4.0
872.64	4.0
891.24	4.0
985.92	4.0
1004.04	4.0
1045.16	4.0
1075.88	4.0
1416.76	4.0
1436.44	4.0
1463.64	4.0
188.56	5.0
1093.8	5.0
5.8	6.0
325.32	6.0
425.2	6.0
432.76	6.0
1118.12	7.0
483.12	7.0
584.48	7.0
926.84	7.0
186.76	8.0
292.28	8.0
314.12	8.0
367.96	8.0
372.36	8.0
425.44	8.0
520.12	8.0
639.52	8.0
682.76	8.0
712.4	8.0
793.28	8.0
991.0	8.0
1039.0	8.0
1068.84	8.0
1121.52	8.0
1342.64	8.0
1439.64	8.0
126.16	9.0
150.56	9.0
269.84	9.0
360.44	9.0
935.8	9.0
1291.84	9.0
1326.96	9.0
1012.32	10.0
10.0	10.0
185.76	10.0
229.2	10.0
296.92	10.0
307.28	10.0
314.08	10.0
503.88	10.0
593.96	10.0
643.08	10.0
804.32	10.0
837.04	10.0
930.4	10.0
1042.4	10.0
1056.64	10.0
1136.72	10.0
1186.0	10.0
1290.16	10.0
1367.12	10.0
1376.48	10.0
56.36	11.0
220.16	11.0
293.6	11.0
495.96	11.0
722.96	11.0
1014.6	11.0
1071.4	11.0
25.2	11.0
101.4	11.0
104.8	11.0
172.48	11.0
230.04	11.0
248.64	11.0
272.0	11.0
306.24	11.0
433.28	11.0
441.36	11.0
503.52	11.0
588.68	11.0
764.64	11.0
956.6	11.0
987.56	11.0
1039.04	11.0
1240.64	11.0
1294.2	11.0
1448.96	11.0
299.04	12.0
306.12	12.0
994.4	12.0
1269.28	12.0
1397.68	12.0
132.92	13.0
306.36	13.0
1094.24	13.0
1422.92	13.0
322.16	14.0
800.32	14.0
1061.68	14.0
1113.72	14.0
1117.36	14.0
1247.76	14.0
1286.72	14.0
1356.92	14.0
338.72	15.0
582.44	15.0
615.8	15.0
513.12	16.0
732.12	16.0
306.76	20.0
1013.04	20.0
49.04	21.0
91.96	21.0
124.88	21.0
163.64	21.0
195.48	21.0
243.36	21.0
288.16	21.0
309.52	21.0
312.04	21.0
319.84	21.0
331.32	21.0
346.48	21.0
376.0	21.0
448.56	21.0
493.76	21.0
587.84	21.0
834.08	21.0
838.32	21.0
953.68	21.0
1020.28	21.0
1046.64	21.0
1057.84	21.0
1071.12	21.0
1080.84	21.0
1092.2	21.0
1104.96	21.0
1123.8	21.0
1159.8	21.0
1180.56	21.0
1414.04	21.0
1111.76	22.0
179.2	22.0
216.52	22.0
253.32	22.0
311.6	22.0
314.12	22.0
449.44	22.0
589.28	22.0
832.48	22.0
133.0	23.0
793.68	23.0
103.2	23.0
157.36	23.0
185.04	23.0
216.92	23.0
227.48	23.0
244.32	23.0
283.92	23.0
297.0	23.0
317.36	23.0
355.92	23.0
391.0	23.0
396.8	23.0
399.72	23.0
434.0	23.0
466.08	23.0
480.56	23.0
501.52	23.0
518.64	23.0
535.28	23.0
554.32	23.0
589.56	23.0
601.68	23.0
619.6	23.0
643.68	23.0
682.36	23.0
803.44	23.0
835.24	23.0
870.28	23.0
887.6	23.0
921.44	23.0
931.24	23.0
957.52	23.0
1021.88	23.0
1039.36	23.0
1075.44	23.0
1097.24	23.0
1132.8	23.0
1160.68	23.0
1261.12	23.0
1292.76	23.0
1344.44	23.0
1380.0	23.0
1414.52	23.0
1460.12	23.0
17.16	24.0
307.0	24.0
315.84	24.0
318.6	24.0
348.68	24.0
1054.56	24.0
1082.0	24.0
1116.52	24.0
1416.96	24.0
1059.64	25.0
299.88	26.0
45.56	26.0
190.12	26.0
199.6	26.0
221.8	26.0
241.84	26.0
253.32	26.0
294.36	26.0
307.88	26.0
310.56	26.0
316.6	26.0
324.16	26.0
338.4	26.0
419.12	26.0
453.36	26.0
550.92	26.0
581.56	26.0
613.76	26.0
802.04	26.0
835.44	26.0
847.2	26.0
866.36	26.0
924.32	26.0
979.52	26.0
996.4	26.0
1016.12	26.0
1042.36	26.0
1062.32	26.0
1071.28	26.0
1089.64	26.0
1095.56	26.0
1146.64	26.0
1206.16	26.0
1263.16	26.0
1309.16	26.0
1336.16	26.0
1358.72	26.0
1368.96	26.0
1393.96	26.0
1408.4	26.0
1429.08	26.0
129.64	27.0
295.8	27.0
323.28	27.0
436.4	27.0
835.44	27.0
42.4	28.0
53.24	28.0
247.84	28.0
398.4	28.0
464.84	28.0
541.4	28.0
566.16	28.0
652.32	28.0
687.68	28.0
755.12	28.0
782.76	28.0
1058.16	28.0
1256.88	28.0
1316.28	28.0
1326.48	28.0
78.72	30.0
186.16	30.0
218.0	30.0
246.28	30.0
333.56	30.0
701.44	30.0
781.2	30.0
932.88	30.0
986.2	30.0
1022.0	30.0
1105.88	30.0
1463.76	30.0
333.92	31.0
405.76	31.0
641.2	31.0
1057.44	31.0
302.64	33.0
317.92	34.0
10.12	34.0
57.84	34.0
105.56	34.0
163.68	34.0
224.28	34.0
246.96	34.0
280.6	34.0
306.6	34.0
457.96	34.0
656.16	34.0
964.56	34.0
1462.04	34.0
63.76	35.0
87.8	35.0
182.72	35.0
187.36	35.0
211.36	35.0
215.6	35.0
226.56	35.0
230.68	35.0
244.24	35.0
258.28	35.0
267.28	35.0
295.04	35.0
309.8	35.0
319.56	35.0
329.04	35.0
332.48	35.0
339.48	35.0
348.2	35.0
355.96	35.0
376.96	35.0
386.24	35.0
399.56	35.0
414.92	35.0
422.0	35.0
429.76	35.0
452.64	35.0
464.2	35.0
516.68	35.0
519.92	35.0
531.44	35.0
547.6	35.0
561.08	35.0
581.16	35.0
586.36	35.0
614.32	35.0
650.04	35.0
683.16	35.0
692.8	35.0
698.44	35.0
714.0	35.0
777.4	35.0
801.72	35.0
823.36	35.0
833.12	35.0
862.2	35.0
872.64	35.0
893.2	35.0
940.0	35.0
961.6	35.0
1009.28	35.0
1060.6	35.0
1068.32	35.0
1081.36	35.0
1155.16	35.0
1259.76	35.0
1285.56	35.0
1343.12	35.0
1360.84	35.0
1399.16	35.0
1444.76	35.0
27.24	36.0
131.8	36.0
174.04	36.0
252.16	36.0
302.52	36.0
336.8	36.0
423.36	36.0
457.84	36.0
514.68	36.0
581.8	36.0
792.96	36.0
818.84	36.0
870.44	36.0
948.8	36.0
1005.56	36.0
1362.96	36.0
