330.4	1.0
358.2	1.0
924.68	1.0
1250.64	1.0
312.88	2.0
880.28	2.0
1270.16	2.0
43.24	2.0
49.2	2.0
117.12	2.0
158.2	2.0
168.64	2.0
273.24	2.0
286.28	2.0
306.8	2.0
310.36	2.0
341.88	2.0
351.12	2.0
396.56	2.0
862.04	2.0
923.92	2.0
937.04	2.0
940.4	2.0
948.6	2.0
966.52	2.0
978.2	2.0
981.28	2.0
993.88	2.0
1015.04	2.0
1082.32	2.0
1113.48	2.0
1116.56	2.0
1129.04	2.0
1159.92	2.0
1187.76	2.0
1222.44	2.0
1234.32	2.0
1255.52	2.0
1347.84	2.0
1350.64	2.0
17.04	3.0
102.12	3.0
117.28	3.0
168.84	3.0
306.2	3.0
309.68	3.0
316.28	3.0
325.8	3.0
329.84	3.0
340.16	3.0
351.28	3.0
485.0	3.0
539.56	3.0
880.76	3.0
979.56	3.0
1005.8	3.0
1014.76	3.0
1051.56	3.0
1055.32	3.0
1074.08	3.0
1128.96	3.0
1135.64	3.0
1159.8	3.0
1171.24	3.0
1187.48	3.0
1208.8	3.0
1240.68	3.0
1257.04	3.0
1266.6	3.0
1269.76	3.0
1286.68	3.0
1346.36	3.0
1350.48	3.0
21.96	4.0
34.24	4.0
54.6	4.0
109.4	4.0
134.92	4.0
175.88	4.0
331.52	4.0
342.28	4.0
358.24	4.0
393.56	4.0
496.88	4.0
1003.4	4.0
1054.72	4.0
1075.64	4.0
1108.8	4.0
1137.36	4.0
1155.84	4.0
1175.2	4.0
1196.4	4.0
1210.6	4.0
1222.44	4.0
1229.2	4.0
1243.32	4.0
1258.64	4.0
1285.56	4.0
1307.4	4.0
1315.0	4.0
1338.56	4.0
307.6	5.0
35.04	5.0
26.12	6.0
351.28	6.0
1042.92	6.0
1072.96	6.0
1134.12	6.0
1222.8	6.0
315.72	7.0
1042.52	7.0
323.68	7.0
987.68	7.0
1111.8	7.0
1344.44	7.0
90.88	8.0
147.04	8.0
307.72	8.0
332.6	8.0
358.56	8.0
394.84	8.0
419.28	8.0
956.2	8.0
979.68	8.0
1005.32	8.0
1057.2	8.0
1083.2	8.0
1157.56	8.0
1200.2	8.0
1222.4	8.0
1254.36	8.0
1317.2	8.0
22.88	9.0
99.08	9.0
170.68	9.0
880.36	9.0
967.4	9.0
1128.36	9.0
1220.16	9.0
1256.0	9.0
1269.96	9.0
307.76	10.0
311.32	10.0
116.24	10.0
207.64	10.0
435.28	10.0
585.64	10.0
924.6	10.0
1103.24	10.0
1201.72	10.0
1213.44	10.0
1253.08	10.0
3.32	11.0
539.56	11.0
949.64	11.0
1014.8	11.0
1268.24	11.0
162.16	11.0
306.28	11.0
324.0	11.0
328.64	11.0
342.68	11.0
349.36	11.0
439.96	11.0
489.08	11.0
493.6	11.0
931.12	11.0
953.08	11.0
963.68	11.0
988.96	11.0
1011.88	11.0
1061.92	11.0
1067.08	11.0
1128.8	11.0
1154.72	11.0
1169.84	11.0
1201.2	11.0
1231.4	11.0
1234.92	11.0
1317.44	11.0
1337.32	11.0
1349.6	11.0
311.32	12.0
953.88	12.0
22.28	12.0
384.92	12.0
1006.2	12.0
1084.0	12.0
1105.08	12.0
1226.12	12.0
307.44	13.0
324.88	13.0
338.4	13.0
437.16	13.0
1030.28	13.0
1265.12	13.0
342.76	14.0
309.6	14.0
353.84	14.0
934.32	14.0
988.2	14.0
1230.8	14.0
989.96	15.0
309.32	15.0
338.52	15.0
1002.08	15.0
1024.2	15.0
404.28	16.0
310.44	19.0
308.2	20.0
1174.64	20.0
5.88	20.0
32.36	21.0
309.68	21.0
320.68	21.0
331.0	21.0
342.0	21.0
351.8	21.0
363.88	21.0
375.68	21.0
386.64	21.0
396.56	21.0
414.28	21.0
967.56	21.0
989.36	21.0
1017.8	21.0
1028.2	21.0
1059.68	21.0
1130.64	21.0
1265.88	21.0
1272.36	21.0
1316.76	21.0
1349.0	21.0
1020.72	22.0
311.08	22.0
325.92	22.0
342.44	22.0
348.32	22.0
937.36	22.0
964.32	22.0
1105.8	22.0
1227.36	22.0
1285.6	22.0
1296.36	22.0
197.8	23.0
1103.72	23.0
1177.36	23.0
1267.32	23.0
29.52	23.0
96.24	23.0
148.52	23.0
307.8	23.0
310.32	23.0
316.36	23.0
329.08	23.0
342.2	23.0
354.64	23.0
405.92	23.0
967.44	23.0
990.04	23.0
1024.12	23.0
1040.56	23.0
1057.68	23.0
1108.24	23.0
1197.6	23.0
1218.48	23.0
1252.72	23.0
1264.68	23.0
1285.72	23.0
1298.52	23.0
1317.56	23.0
1324.64	23.0
1344.28	23.0
307.0	24.0
318.72	24.0
329.16	24.0
340.96	24.0
362.44	24.0
377.24	24.0
396.6	24.0
959.36	24.0
982.04	24.0
1006.68	24.0
1013.4	24.0
1027.08	24.0
1035.84	24.0
1068.72	24.0
1071.36	24.0
1090.52	24.0
1228.0	24.0
968.68	25.0
994.08	25.0
1294.12	25.0
1311.68	25.0
315.08	26.0
998.68	26.0
8.48	26.0
54.28	26.0
237.96	26.0
309.96	26.0
318.88	26.0
333.44	26.0
342.92	26.0
370.96	26.0
379.96	26.0
395.48	26.0
419.84	26.0
425.6	26.0
445.64	26.0
472.8	26.0
511.76	26.0
547.72	26.0
979.12	26.0
987.52	26.0
993.68	26.0
1017.12	26.0
1024.76	26.0
1043.2	26.0
1055.88	26.0
1059.6	26.0
1078.12	26.0
1081.88	26.0
1085.76	26.0
1097.44	26.0
1105.04	26.0
1134.6	26.0
1161.84	26.0
1178.48	26.0
1195.0	26.0
1211.76	26.0
1227.48	26.0
1236.4	26.0
1249.04	26.0
1296.6	26.0
1314.0	26.0
1339.6	26.0
313.0	27.0
1259.04	27.0
1341.84	27.0
22.48	28.0
47.96	28.0
79.24	28.0
117.16	28.0
140.56	28.0
283.72	28.0
308.48	28.0
313.96	28.0
318.72	28.0
324.44	28.0
351.32	28.0
451.08	28.0
880.0	28.0
922.96	28.0
944.8	28.0
967.08	28.0
995.88	28.0
1034.4	28.0
1141.92	28.0
1188.6	28.0
1209.12	28.0
1219.76	28.0
1236.12	28.0
1127.84	29.0
306.88	30.0
315.24	30.0
338.12	30.0
936.6	30.0
969.36	30.0
986.4	30.0
1025.24	30.0
1060.44	30.0
1096.68	30.0
1251.32	30.0
1264.48	30.0
306.12	31.0
351.88	31.0
423.12	31.0
1204.36	31.0
310.32	33.0
1349.04	33.0
308.6	34.0
332.84	34.0
1172.68	34.0
312.48	35.0
8.24	35.0
34.76	35.0
75.4	35.0
131.16	35.0
144.44	35.0
175.16	35.0
190.04	35.0
224.64	35.0
263.76	35.0
309.8	35.0
330.44	35.0
342.44	35.0
350.52	35.0
362.24	35.0
377.0	35.0
380.48	35.0
400.6	35.0
467.4	35.0
494.32	35.0
544.44	35.0
578.52	35.0
978.68	35.0
981.92	35.0
985.28	35.0
988.88	35.0
993.68	35.0
1005.72	35.0
1022.08	35.0
1056.8	35.0
1077.92	35.0
1111.48	35.0
1155.44	35.0
1163.12	35.0
1171.04	35.0
1178.6	35.0
1182.88	35.0
1195.36	35.0
1205.4	35.0
1224.68	35.0
1229.08	35.0
1248.56	35.0
1264.4	35.0
1290.28	35.0
1307.6	35.0
1313.68	35.0
1343.52	35.0
29.4	36.0
208.08	36.0
302.88	36.0
340.16	36.0
1050.56	36.0
1216.28	36.0
1242.4	36.0
1312.76	36.0
1355.56	36.0
