349.4	1.0
376.36	1.0
1022.56	1.0
1055.32	2.0
306.56	2.0
310.16	2.0
312.72	2.0
317.24	2.0
319.76	2.0
324.72	2.0
331.2	2.0
335.16	2.0
338.44	2.0
344.72	2.0
356.24	2.0
374.0	2.0
392.8	2.0
397.4	2.0
486.64	2.0
500.64	2.0
536.0	2.0
539.56	2.0
566.12	2.0
599.96	2.0
689.56	2.0
728.24	2.0
767.88	2.0
786.76	2.0
823.16	2.0
849.96	2.0
902.88	2.0
1029.68	2.0
1058.08	2.0
1104.08	2.0
1126.76	2.0
1221.96	2.0
1248.68	2.0
1279.92	2.0
306.72	3.0
309.44	3.0
311.96	3.0
315.0	3.0
320.72	3.0
329.88	3.0
334.6	3.0
338.4	3.0
346.04	3.0
357.4	3.0
374.68	3.0
396.44	3.0
416.48	3.0
446.44	3.0
468.72	3.0
500.8	3.0
518.88	3.0
523.2	3.0
545.76	3.0
562.28	3.0
565.96	3.0
591.84	3.0
631.04	3.0
665.24	3.0
699.88	3.0
723.6	3.0
727.08	3.0
764.28	3.0
786.28	3.0
795.44	3.0
822.76	3.0
840.0	3.0
867.24	3.0
902.64	3.0
910.76	3.0
935.12	3.0
1029.84	3.0
1104.2	3.0
1172.72	3.0
1280.48	3.0
311.84	4.0
332.8	4.0
327.76	4.0
346.36	4.0
357.12	4.0
375.72	4.0
388.0	4.0
398.6	4.0
418.08	4.0
433.04	4.0
449.4	4.0
471.6	4.0
487.96	4.0
500.04	4.0
520.04	4.0
537.8	4.0
544.68	4.0
563.12	4.0
578.72	4.0
590.96	4.0
605.16	4.0
616.8	4.0
630.08	4.0
647.56	4.0
653.44	4.0
667.04	4.0
685.08	4.0
700.04	4.0
716.16	4.0
726.76	4.0
743.16	4.0
749.32	4.0
764.76	4.0
781.4	4.0
797.32	4.0
803.64	4.0
822.44	4.0
828.36	4.0
842.72	4.0
854.48	4.0
869.92	4.0
881.2	4.0
888.0	4.0
902.24	4.0
911.44	4.0
923.84	4.0
936.48	4.0
958.12	4.0
974.24	4.0
981.88	4.0
1003.2	4.0
1020.04	4.0
1038.56	4.0
1052.24	4.0
1060.96	4.0
1075.24	4.0
1094.4	4.0
1109.44	4.0
1124.28	4.0
1148.76	4.0
1161.96	4.0
1174.84	4.0
1216.88	4.0
1248.2	4.0
1286.24	4.0
320.52	5.0
310.24	6.0
333.64	6.0
342.36	6.0
361.92	6.0
450.2	6.0
563.76	6.0
665.44	6.0
744.48	6.0
853.64	6.0
936.8	6.0
1044.84	6.0
1157.52	6.0
339.04	7.0
360.2	7.0
695.56	7.0
982.12	7.0
346.16	7.0
354.4	7.0
639.28	7.0
765.2	7.0
308.4	8.0
312.28	8.0
322.52	8.0
336.92	8.0
344.0	8.0
348.56	8.0
399.8	8.0
415.48	8.0
460.08	8.0
492.56	8.0
495.44	8.0
533.76	8.0
536.4	8.0
703.8	8.0
748.08	8.0
752.92	8.0
763.08	8.0
782.68	8.0
803.48	8.0
978.28	8.0
1143.0	8.0
1290.36	8.0
1343.48	8.0
313.68	9.0
523.04	9.0
342.24	9.0
539.92	9.0
600.52	9.0
1007.76	9.0
324.32	10.0
368.2	10.0
796.32	10.0
307.32	10.0
310.28	10.0
313.32	10.0
317.32	10.0
320.76	10.0
333.92	10.0
354.68	10.0
361.68	10.0
523.2	10.0
755.92	10.0
1030.68	10.0
1051.16	10.0
1154.68	10.0
1201.76	10.0
1298.36	10.0
1358.44	10.0
329.92	11.0
410.56	11.0
603.4	11.0
833.2	11.0
856.04	11.0
307.08	11.0
311.2	11.0
315.04	11.0
317.92	11.0
321.92	11.0
333.56	11.0
343.44	11.0
355.44	11.0
380.12	11.0
392.16	11.0
413.6	11.0
438.72	11.0
472.28	11.0
492.16	11.0
512.32	11.0
540.36	11.0
566.44	11.0
578.28	11.0
581.16	11.0
599.68	11.0
655.92	11.0
689.08	11.0
724.04	11.0
727.76	11.0
765.08	11.0
785.36	11.0
816.92	11.0
823.08	11.0
840.68	11.0
850.56	11.0
883.6	11.0
916.96	11.0
930.76	11.0
983.64	11.0
1019.68	11.0
1047.2	11.0
1050.08	11.0
1100.04	11.0
1211.84	11.0
1222.68	11.0
1250.92	11.0
1279.56	11.0
306.2	12.0
332.92	12.0
339.76	12.0
521.96	12.0
959.56	12.0
1252.52	12.0
313.36	13.0
430.12	13.0
755.52	13.0
1220.36	13.0
344.76	13.0
416.96	13.0
433.32	13.0
732.16	13.0
832.48	13.0
311.08	14.0
318.4	14.0
322.08	14.0
332.84	14.0
619.24	14.0
748.72	14.0
1066.76	14.0
1173.72	14.0
1312.36	14.0
1358.56	14.0
308.0	15.0
326.08	15.0
345.08	15.0
520.68	15.0
532.48	15.0
610.08	15.0
668.68	15.0
695.76	15.0
848.04	15.0
858.6	15.0
986.56	15.0
306.28	19.0
311.12	20.0
325.0	20.0
355.76	20.0
642.92	20.0
313.68	21.0
316.76	21.0
327.0	21.0
582.2	21.0
309.8	21.0
323.84	21.0
329.84	21.0
333.24	21.0
344.88	21.0
349.68	21.0
356.72	21.0
361.76	21.0
380.32	21.0
549.16	21.0
595.72	21.0
623.08	21.0
636.12	21.0
677.0	21.0
859.88	21.0
893.6	21.0
957.24	21.0
960.44	21.0
1080.56	21.0
1147.88	21.0
308.76	22.0
313.6	22.0
324.72	22.0
332.2	22.0
345.08	22.0
361.28	22.0
374.92	22.0
389.64	22.0
429.96	22.0
488.4	22.0
545.2	22.0
605.76	22.0
634.28	22.0
652.68	22.0
686.96	22.0
717.56	22.0
749.2	22.0
780.6	22.0
830.6	22.0
858.92	22.0
894.56	22.0
943.0	22.0
1168.28	22.0
319.88	23.0
538.44	23.0
692.48	23.0
1259.92	23.0
306.88	23.0
310.52	23.0
313.64	23.0
316.76	23.0
325.52	23.0
332.68	23.0
337.56	23.0
354.76	23.0
358.32	23.0
370.08	23.0
375.12	23.0
391.84	23.0
418.72	23.0
432.24	23.0
436.52	23.0
453.92	23.0
456.92	23.0
488.6	23.0
491.36	23.0
544.8	23.0
547.44	23.0
566.44	23.0
615.4	23.0
702.52	23.0
784.6	23.0
837.04	23.0
860.36	23.0
921.96	23.0
946.24	23.0
1105.56	23.0
1113.72	23.0
1160.56	23.0
1163.96	23.0
1208.12	23.0
1344.2	23.0
307.52	24.0
315.72	24.0
325.76	24.0
329.52	24.0
333.16	24.0
352.84	24.0
380.4	24.0
394.28	24.0
707.12	24.0
1080.36	24.0
333.32	25.0
308.56	25.0
316.52	25.0
319.6	25.0
327.2	25.0
336.92	25.0
408.6	25.0
1045.32	25.0
1256.96	25.0
319.68	26.0
419.92	26.0
308.04	26.0
313.84	26.0
327.24	26.0
330.96	26.0
339.76	26.0
351.32	26.0
364.44	26.0
371.0	26.0
375.6	26.0
382.8	26.0
391.96	26.0
400.76	26.0
410.96	26.0
424.16	26.0
429.6	26.0
444.92	26.0
482.6	26.0
522.76	26.0
545.56	26.0
564.6	26.0
600.64	26.0
634.6	26.0
665.24	26.0
670.0	26.0
685.88	26.0
695.68	26.0
718.88	26.0
723.4	26.0
726.36	26.0
777.56	26.0
781.36	26.0
799.88	26.0
807.12	26.0
823.0	26.0
836.08	26.0
842.96	26.0
858.0	26.0
921.76	26.0
925.12	26.0
1003.92	26.0
1022.0	26.0
1057.64	26.0
1083.0	26.0
1097.56	26.0
1110.76	26.0
1123.84	26.0
1151.72	26.0
1168.32	26.0
1254.4	26.0
1258.88	26.0
1298.12	26.0
1312.32	26.0
1315.76	26.0
1341.0	26.0
1346.28	26.0
346.52	27.0
546.84	27.0
699.4	27.0
729.24	27.0
861.68	27.0
897.92	27.0
1033.56	27.0
1111.36	27.0
387.96	28.0
308.24	28.0
311.4	28.0
314.08	28.0
319.88	28.0
325.32	28.0
331.64	28.0
339.88	28.0
342.72	28.0
353.28	28.0
357.92	28.0
362.16	28.0
377.2	28.0
489.32	28.0
522.36	28.0
539.56	28.0
562.72	28.0
706.28	28.0
800.36	28.0
821.84	28.0
849.04	28.0
1029.32	28.0
1221.0	28.0
307.04	29.0
333.8	29.0
311.16	29.0
317.64	29.0
327.04	29.0
357.64	29.0
1007.16	29.0
327.36	30.0
333.16	30.0
344.64	30.0
372.4	30.0
401.76	30.0
442.64	30.0
504.12	30.0
572.68	30.0
674.2	30.0
704.52	30.0
1057.24	30.0
1189.52	30.0
1244.44	30.0
308.52	31.0
311.48	31.0
317.52	31.0
324.92	31.0
334.96	31.0
337.92	31.0
943.56	31.0
312.88	33.0
580.2	33.0
328.4	34.0
310.88	34.0
492.24	34.0
1354.68	34.0
309.52	35.0
325.28	35.0
329.48	35.0
335.24	35.0
338.0	35.0
349.6	35.0
355.04	35.0
361.44	35.0
370.24	35.0
373.92	35.0
378.56	35.0
392.72	35.0
414.32	35.0
438.8	35.0
450.2	35.0
453.04	35.0
473.92	35.0
487.96	35.0
490.6	35.0
496.0	35.0
500.16	35.0
506.12	35.0
534.12	35.0
548.08	35.0
561.56	35.0
579.08	35.0
593.84	35.0
607.72	35.0
612.92	35.0
616.8	35.0
632.12	35.0
650.0	35.0
667.0	35.0
695.4	35.0
714.52	35.0
726.64	35.0
752.88	35.0
769.92	35.0
779.24	35.0
797.76	35.0
807.32	35.0
821.76	35.0
836.12	35.0
844.96	35.0
859.64	35.0
894.28	35.0
898.12	35.0
945.44	35.0
951.48	35.0
1001.4	35.0
1030.56	35.0
1045.88	35.0
1051.2	35.0
1064.56	35.0
1074.68	35.0
1109.8	35.0
1113.6	35.0
1149.88	35.0
1158.36	35.0
1210.2	35.0
1215.48	35.0
1271.24	35.0
1278.08	35.0
1301.16	35.0
1313.8	35.0
1344.88	35.0
1349.32	35.0
314.68	36.0
319.96	36.0
332.48	36.0
336.56	36.0
578.84	36.0
703.84	36.0
793.16	36.0
947.52	36.0
1070.12	36.0
1266.24	36.0
