323.64	1.0
316.96	1.0
349.72	1.0
306.24	2.0
313.04	2.0
355.12	2.0
309.88	2.0
316.04	2.0
321.24	2.0
324.32	2.0
333.6	2.0
336.6	2.0
350.24	2.0
360.04	2.0
386.32	2.0
473.56	2.0
545.28	2.0
550.56	2.0
568.76	2.0
588.8	2.0
614.44	2.0
671.2	2.0
673.84	2.0
718.0	2.0
732.64	2.0
752.32	2.0
792.0	2.0
831.6	2.0
883.68	2.0
926.72	2.0
944.92	2.0
988.84	2.0
1033.28	2.0
1036.92	2.0
1072.32	2.0
1208.68	2.0
1220.4	2.0
1254.56	2.0
1314.0	2.0
306.76	3.0
309.4	3.0
313.16	3.0
315.88	3.0
324.16	3.0
329.88	3.0
345.6	3.0
361.16	3.0
367.16	3.0
374.88	3.0
379.96	3.0
386.04	3.0
391.92	3.0
442.0	3.0
478.16	3.0
512.12	3.0
538.6	3.0
550.72	3.0
584.12	3.0
591.08	3.0
639.04	3.0
677.12	3.0
695.36	3.0
721.88	3.0
732.56	3.0
765.08	3.0
791.92	3.0
809.76	3.0
831.76	3.0
847.64	3.0
883.88	3.0
886.68	3.0
914.96	3.0
965.88	3.0
999.32	3.0
1072.08	3.0
1108.4	3.0
1220.56	3.0
1254.04	3.0
312.88	4.0
340.28	4.0
358.88	4.0
371.04	4.0
391.64	4.0
412.08	4.0
430.6	4.0
466.8	4.0
492.8	4.0
511.84	4.0
529.52	4.0
540.68	4.0
554.6	4.0
569.28	4.0
586.72	4.0
601.04	4.0
610.32	4.0
632.28	4.0
641.72	4.0
658.84	4.0
678.12	4.0
695.2	4.0
704.12	4.0
726.2	4.0
736.4	4.0
750.08	4.0
784.08	4.0
789.72	4.0
810.08	4.0
832.76	4.0
847.4	4.0
869.0	4.0
894.72	4.0
914.32	4.0
929.12	4.0
940.6	4.0
965.8	4.0
983.68	4.0
1000.88	4.0
1011.56	4.0
1036.4	4.0
1108.12	4.0
1226.8	4.0
309.0	5.0
318.04	5.0
338.52	5.0
679.24	5.0
892.8	5.0
308.52	6.0
322.56	6.0
341.92	6.0
368.8	6.0
433.24	6.0
492.36	6.0
532.72	6.0
615.48	6.0
678.28	6.0
732.28	6.0
809.32	6.0
911.48	6.0
1149.48	7.0
315.72	7.0
319.36	7.0
387.96	7.0
620.16	7.0
869.6	7.0
938.64	7.0
308.0	8.0
332.72	8.0
340.8	8.0
343.96	8.0
359.6	8.0
369.84	8.0
380.32	8.0
411.0	8.0
438.8	8.0
485.28	8.0
524.0	8.0
584.28	8.0
643.68	8.0
655.92	8.0
680.12	8.0
695.24	8.0
699.0	8.0
716.2	8.0
749.72	8.0
810.72	8.0
915.56	8.0
938.6	8.0
943.12	8.0
964.48	8.0
1038.0	8.0
1068.4	8.0
1100.76	8.0
1239.76	8.0
325.16	9.0
329.72	9.0
549.52	9.0
652.16	9.0
671.4	9.0
731.8	9.0
833.72	9.0
1119.16	9.0
371.32	10.0
307.28	10.0
310.32	10.0
313.76	10.0
329.0	10.0
337.0	10.0
354.12	10.0
374.6	10.0
543.8	10.0
671.04	10.0
820.52	10.0
924.04	10.0
1057.88	10.0
1160.08	10.0
1236.2	10.0
1298.36	10.0
331.8	11.0
345.64	11.0
361.36	11.0
378.4	11.0
459.24	11.0
973.04	11.0
1214.96	11.0
307.12	11.0
311.28	11.0
316.28	11.0
320.76	11.0
334.72	11.0
341.96	11.0
354.96	11.0
386.04	11.0
402.64	11.0
444.56	11.0
468.8	11.0
492.08	11.0
516.48	11.0
519.0	11.0
548.68	11.0
584.92	11.0
609.36	11.0
638.2	11.0
644.76	11.0
670.6	11.0
683.24	11.0
687.12	11.0
710.92	11.0
732.36	11.0
751.44	11.0
775.24	11.0
792.48	11.0
829.28	11.0
841.8	11.0
871.16	11.0
913.08	11.0
918.64	11.0
951.52	11.0
1145.2	11.0
1220.36	11.0
1296.88	11.0
1322.68	11.0
1342.12	11.0
308.72	12.0
320.08	12.0
324.12	12.0
349.04	12.0
379.84	12.0
509.6	12.0
850.92	12.0
307.04	13.0
316.16	13.0
371.48	13.0
403.92	13.0
471.72	13.0
620.68	13.0
771.84	13.0
950.08	13.0
942.52	14.0
323.96	14.0
326.72	14.0
337.84	14.0
346.88	14.0
356.88	14.0
428.88	14.0
468.12	14.0
746.2	14.0
843.92	14.0
912.64	14.0
936.12	14.0
963.6	14.0
1031.0	14.0
1061.28	14.0
1090.72	14.0
1121.92	14.0
1194.24	14.0
1359.96	14.0
307.2	15.0
323.88	15.0
334.16	15.0
340.96	15.0
393.12	15.0
567.56	15.0
609.92	15.0
775.32	15.0
1290.6	15.0
1358.72	15.0
317.52	18.0
315.92	19.0
325.84	19.0
382.28	19.0
792.28	19.0
309.08	20.0
738.6	20.0
328.88	21.0
306.04	21.0
309.8	21.0
313.6	21.0
322.72	21.0
332.12	21.0
338.04	21.0
346.08	21.0
351.08	21.0
354.92	21.0
367.52	21.0
382.88	21.0
399.72	21.0
555.6	21.0
593.0	21.0
623.36	21.0
718.76	21.0
741.0	21.0
772.44	21.0
830.96	21.0
866.16	21.0
974.2	21.0
1072.84	21.0
1116.28	21.0
1173.92	21.0
1223.56	21.0
1315.56	21.0
306.16	22.0
312.8	22.0
355.12	22.0
850.28	22.0
309.96	22.0
321.56	22.0
343.08	22.0
351.6	22.0
363.72	22.0
369.96	22.0
480.56	22.0
520.16	22.0
641.4	22.0
678.32	22.0
750.56	22.0
806.04	22.0
913.52	22.0
1033.96	22.0
309.6	23.0
535.32	23.0
595.84	23.0
651.92	23.0
693.16	23.0
738.36	23.0
1091.28	23.0
313.52	23.0
316.68	23.0
322.84	23.0
326.28	23.0
330.64	23.0
336.96	23.0
355.8	23.0
361.48	23.0
375.68	23.0
403.36	23.0
471.56	23.0
480.72	23.0
520.64	23.0
523.6	23.0
608.4	23.0
621.04	23.0
680.64	23.0
876.04	23.0
916.2	23.0
945.92	23.0
1033.64	23.0
1127.08	23.0
1150.4	23.0
1223.48	23.0
1245.16	23.0
1323.72	23.0
1330.08	23.0
307.04	24.0
315.44	24.0
328.76	24.0
336.4	24.0
343.48	24.0
347.92	24.0
354.68	24.0
365.08	24.0
380.32	24.0
404.0	24.0
491.32	24.0
523.08	24.0
624.72	24.0
1236.2	24.0
1328.24	24.0
329.0	25.0
310.84	25.0
314.6	25.0
337.12	25.0
353.76	25.0
368.76	25.0
932.0	25.0
961.36	25.0
1123.96	25.0
1166.8	25.0
319.56	26.0
348.36	26.0
474.84	26.0
310.08	26.0
314.32	26.0
326.24	26.0
331.72	26.0
339.48	26.0
354.68	26.0
366.08	26.0
372.8	26.0
383.92	26.0
391.52	26.0
402.88	26.0
413.4	26.0
433.8	26.0
449.88	26.0
468.44	26.0
471.0	26.0
485.52	26.0
488.04	26.0
516.08	26.0
543.24	26.0
568.36	26.0
599.52	26.0
646.0	26.0
680.64	26.0
695.24	26.0
698.48	26.0
701.04	26.0
722.04	26.0
739.52	26.0
749.8	26.0
789.04	26.0
807.24	26.0
852.52	26.0
898.76	26.0
937.0	26.0
1053.16	26.0
1062.64	26.0
1073.76	26.0
1080.6	26.0
1084.28	26.0
1098.6	26.0
1102.92	26.0
1125.68	26.0
1149.08	26.0
1152.16	26.0
1169.64	26.0
1177.2	26.0
1183.8	26.0
1210.2	26.0
1226.76	26.0
1244.36	26.0
1264.4	26.0
1327.88	26.0
1342.04	26.0
343.08	27.0
359.16	27.0
399.64	27.0
568.44	27.0
614.32	27.0
770.68	27.0
1073.4	27.0
1105.04	27.0
325.04	28.0
328.0	28.0
308.8	28.0
312.52	28.0
317.6	28.0
333.6	28.0
344.16	28.0
347.16	28.0
358.52	28.0
367.48	28.0
370.24	28.0
394.64	28.0
419.08	28.0
549.16	28.0
651.76	28.0
752.64	28.0
790.88	28.0
833.36	28.0
884.08	28.0
1012.48	28.0
1118.84	28.0
1169.4	28.0
1253.88	28.0
312.12	29.0
360.08	29.0
520.6	29.0
598.6	29.0
726.96	29.0
1164.68	29.0
1246.76	29.0
316.32	30.0
306.32	30.0
328.4	30.0
331.24	30.0
353.2	30.0
368.88	30.0
390.56	30.0
418.96	30.0
457.76	30.0
522.72	30.0
770.92	30.0
808.76	30.0
878.6	30.0
1034.4	30.0
1054.36	30.0
1207.28	30.0
1241.04	30.0
1289.36	30.0
315.6	31.0
365.64	31.0
321.68	31.0
339.4	31.0
350.0	31.0
312.48	33.0
321.52	33.0
328.88	33.0
367.16	33.0
377.0	33.0
381.36	34.0
310.48	34.0
321.96	34.0
324.68	34.0
342.84	34.0
368.8	34.0
1065.84	34.0
1212.0	34.0
1320.8	34.0
1323.32	35.0
309.52	35.0
312.44	35.0
317.48	35.0
325.84	35.0
330.92	35.0
338.12	35.0
346.24	35.0
353.2	35.0
358.96	35.0
367.56	35.0
375.48	35.0
381.16	35.0
389.4	35.0
431.16	35.0
441.6	35.0
465.96	35.0
471.44	35.0
476.52	35.0
501.0	35.0
519.12	35.0
524.4	35.0
542.44	35.0
553.36	35.0
560.8	35.0
642.16	35.0
655.44	35.0
666.68	35.0
670.96	35.0
681.48	35.0
692.48	35.0
725.2	35.0
744.92	35.0
759.32	35.0
763.2	35.0
785.64	35.0
789.8	35.0
801.4	35.0
821.92	35.0
834.88	35.0
849.76	35.0
859.88	35.0
869.24	35.0
885.2	35.0
915.44	35.0
945.0	35.0
954.8	35.0
1003.04	35.0
1030.8	35.0
1034.24	35.0
1073.68	35.0
1083.76	35.0
1089.28	35.0
1130.0	35.0
1135.96	35.0
1173.4	35.0
1206.04	35.0
1240.68	35.0
1279.08	35.0
1299.36	35.0
329.0	36.0
312.04	36.0
321.04	36.0
788.52	36.0
920.96	36.0
1335.0	36.0
