135.36	1.0
323.64	1.0
328.12	1.0
27.52	2.0
109.8	2.0
135.76	2.0
221.08	2.0
231.12	2.0
306.84	2.0
309.92	2.0
312.44	2.0
316.28	2.0
323.56	2.0
329.84	2.0
339.2	2.0
343.92	2.0
347.72	2.0
384.64	2.0
966.8	2.0
1054.0	2.0
1068.48	2.0
1148.76	2.0
1160.92	2.0
1276.4	2.0
1324.52	2.0
28.8	3.0
98.48	3.0
224.48	3.0
308.88	3.0
312.2	3.0
330.0	3.0
333.36	3.0
338.96	3.0
347.68	3.0
420.12	3.0
969.04	3.0
1015.08	3.0
1041.48	3.0
1081.88	3.0
1225.92	3.0
1311.16	3.0
302.92	4.0
373.64	4.0
343.32	4.0
377.68	4.0
307.0	5.0
204.12	6.0
315.68	6.0
320.2	6.0
375.16	6.0
1184.96	7.0
105.16	7.0
353.8	7.0
1326.04	7.0
1042.16	8.0
81.64	8.0
125.6	8.0
157.56	8.0
212.0	8.0
308.92	8.0
312.36	8.0
318.04	8.0
1232.36	8.0
1287.0	8.0
125.8	9.0
137.36	9.0
307.44	9.0
313.64	9.0
1218.88	9.0
42.6	10.0
1079.88	10.0
31.4	10.0
85.28	10.0
143.16	10.0
218.24	10.0
283.04	10.0
306.8	10.0
316.2	10.0
346.08	10.0
685.64	10.0
799.64	10.0
928.0	10.0
996.68	10.0
1029.88	10.0
1062.28	10.0
1183.16	10.0
1246.88	10.0
180.6	11.0
285.68	11.0
316.52	11.0
352.88	11.0
1041.56	11.0
1158.48	11.0
1225.96	11.0
1322.12	11.0
61.2	11.0
68.4	11.0
306.48	11.0
323.08	11.0
336.68	11.0
346.8	11.0
870.6	11.0
1104.52	11.0
809.84	12.0
213.96	12.0
233.16	12.0
259.76	12.0
306.48	12.0
316.16	12.0
336.64	12.0
370.64	12.0
200.72	13.0
315.28	13.0
324.12	13.0
346.08	13.0
1219.44	13.0
90.12	14.0
7.4	14.0
81.32	14.0
253.04	14.0
307.76	14.0
311.92	14.0
333.8	14.0
362.6	14.0
990.28	14.0
1044.4	14.0
1093.68	14.0
1131.04	14.0
1202.28	14.0
1284.52	14.0
804.84	15.0
308.48	15.0
316.56	15.0
490.88	15.0
346.4	16.0
311.72	17.0
319.12	18.0
326.16	18.0
313.88	19.0
345.24	19.0
307.36	20.0
94.16	21.0
141.16	21.0
167.2	21.0
195.52	21.0
226.04	21.0
309.56	21.0
312.76	21.0
317.52	21.0
322.6	21.0
329.72	21.0
341.12	21.0
354.8	21.0
361.28	21.0
382.04	21.0
433.6	21.0
475.04	21.0
1036.2	21.0
1040.52	21.0
1045.36	21.0
1114.92	21.0
1138.32	21.0
1227.0	21.0
1278.0	21.0
64.76	22.0
306.92	22.0
310.28	22.0
327.28	22.0
306.36	23.0
327.56	23.0
357.08	23.0
889.76	23.0
36.44	23.0
69.72	23.0
167.84	23.0
196.72	23.0
308.88	23.0
316.24	23.0
321.48	23.0
349.8	23.0
378.52	23.0
910.08	23.0
1066.76	23.0
1079.72	23.0
1118.72	23.0
104.68	24.0
216.72	24.0
306.52	24.0
316.6	24.0
325.08	24.0
334.68	24.0
351.64	24.0
930.2	24.0
1137.12	24.0
1297.28	24.0
325.32	25.0
83.16	25.0
205.12	25.0
306.72	25.0
825.12	25.0
883.2	25.0
1013.4	25.0
1118.52	25.0
117.68	26.0
391.4	26.0
881.92	26.0
931.16	26.0
979.68	26.0
50.56	26.0
69.92	26.0
85.24	26.0
105.24	26.0
134.04	26.0
146.44	26.0
170.92	26.0
209.16	26.0
238.92	26.0
260.52	26.0
286.72	26.0
309.92	26.0
314.76	26.0
320.24	26.0
325.24	26.0
331.12	26.0
337.88	26.0
342.24	26.0
354.48	26.0
367.2	26.0
373.2	26.0
388.72	26.0
407.8	26.0
435.92	26.0
461.16	26.0
470.32	26.0
473.32	26.0
500.0	26.0
541.72	26.0
557.12	26.0
690.48	26.0
748.16	26.0
751.72	26.0
769.44	26.0
782.04	26.0
831.0	26.0
867.44	26.0
885.52	26.0
1011.32	26.0
1028.56	26.0
1039.64	26.0
1082.68	26.0
1098.36	26.0
1122.4	26.0
1133.28	26.0
1158.28	26.0
1172.68	26.0
1218.24	26.0
1280.64	26.0
1291.68	26.0
1303.6	26.0
1313.72	26.0
1325.04	26.0
1356.48	26.0
309.08	27.0
338.68	27.0
125.48	28.0
137.04	28.0
308.32	28.0
325.12	28.0
980.84	28.0
1218.6	28.0
164.08	29.0
324.92	29.0
71.0	30.0
94.0	30.0
130.68	30.0
155.28	30.0
222.0	30.0
282.2	30.0
310.36	30.0
324.4	30.0
342.68	30.0
380.2	30.0
1229.04	30.0
1286.24	30.0
1293.64	30.0
311.52	31.0
317.2	31.0
346.52	31.0
67.52	34.0
164.24	34.0
241.44	34.0
306.4	34.0
316.64	34.0
1114.48	34.0
1262.8	34.0
308.08	35.0
69.6	35.0
78.24	35.0
113.28	35.0
135.28	35.0
181.6	35.0
203.64	35.0
249.64	35.0
268.44	35.0
311.48	35.0
314.24	35.0
318.92	35.0
323.8	35.0
349.24	35.0
353.88	35.0
369.32	35.0
394.8	35.0
422.92	35.0
836.08	35.0
885.8	35.0
988.6	35.0
1079.6	35.0
1085.56	35.0
1118.6	35.0
1129.04	35.0
1209.04	35.0
1304.04	35.0
302.68	36.0
309.08	36.0
