310.12	1.0
926.44	1.0
1111.64	1.0
1257.84	1.0
308.16	2.0
311.16	2.0
984.56	2.0
1121.72	2.0
11.68	2.0
46.92	2.0
54.56	2.0
129.36	2.0
158.84	2.0
208.92	2.0
215.2	2.0
257.2	2.0
287.8	2.0
295.32	2.0
314.52	2.0
332.88	2.0
357.96	2.0
395.96	2.0
426.8	2.0
520.84	2.0
557.04	2.0
599.08	2.0
620.36	2.0
630.56	2.0
642.16	2.0
644.8	2.0
668.12	2.0
675.64	2.0
710.88	2.0
758.84	2.0
824.84	2.0
856.0	2.0
859.56	2.0
890.56	2.0
925.52	2.0
955.92	2.0
1038.68	2.0
1117.6	2.0
1164.52	2.0
1180.52	2.0
1185.4	2.0
1218.24	2.0
1241.28	2.0
1258.2	2.0
1261.56	2.0
1297.12	2.0
1317.56	2.0
1345.8	2.0
1297.76	3.0
12.8	3.0
47.08	3.0
129.64	3.0
159.0	3.0
192.84	3.0
238.24	3.0
267.76	3.0
309.04	3.0
322.84	3.0
327.2	3.0
332.16	3.0
371.72	3.0
381.48	3.0
426.56	3.0
620.52	3.0
630.68	3.0
647.28	3.0
659.68	3.0
711.0	3.0
761.0	3.0
770.6	3.0
799.36	3.0
890.76	3.0
896.0	3.0
910.96	3.0
925.76	3.0
964.32	3.0
996.96	3.0
1085.72	3.0
1164.76	3.0
1185.56	3.0
1345.96	3.0
1381.4	3.0
306.12	4.0
406.4	4.0
675.08	4.0
34.12	4.0
45.0	4.0
83.88	4.0
113.04	4.0
140.36	4.0
155.96	4.0
194.8	4.0
237.56	4.0
250.76	4.0
268.12	4.0
327.72	4.0
346.24	4.0
365.12	4.0
383.36	4.0
438.8	4.0
465.6	4.0
621.44	4.0
641.24	4.0
661.64	4.0
690.96	4.0
713.08	4.0
741.16	4.0
752.48	4.0
770.32	4.0
799.12	4.0
819.44	4.0
872.48	4.0
890.44	4.0
912.72	4.0
974.0	4.0
985.64	4.0
1006.4	4.0
1037.08	4.0
1088.28	4.0
1130.28	4.0
1183.36	4.0
1196.88	4.0
1216.08	4.0
1232.52	4.0
1250.04	4.0
1301.04	4.0
1324.72	4.0
1342.08	4.0
84.28	5.0
154.84	5.0
183.24	6.0
265.04	6.0
345.84	6.0
971.12	6.0
1034.76	6.0
1207.32	6.0
1320.84	6.0
154.52	7.0
864.72	7.0
1117.36	7.0
1233.92	7.0
59.2	8.0
83.72	8.0
153.84	8.0
233.84	8.0
255.56	8.0
309.28	8.0
322.84	8.0
348.32	8.0
423.64	8.0
468.36	8.0
621.4	8.0
673.16	8.0
774.72	8.0
799.2	8.0
871.84	8.0
993.52	8.0
1231.88	8.0
1251.2	8.0
11.52	9.0
220.92	9.0
909.56	9.0
1037.68	9.0
1296.56	9.0
1318.88	9.0
1353.56	9.0
745.8	10.0
142.04	10.0
204.12	10.0
307.44	10.0
311.24	10.0
511.36	10.0
597.04	10.0
819.16	10.0
890.28	10.0
945.36	10.0
1037.52	10.0
1084.08	10.0
1158.96	10.0
1377.08	10.0
167.24	11.0
653.32	11.0
722.12	11.0
896.04	11.0
1118.24	11.0
10.72	11.0
43.72	11.0
78.32	11.0
89.4	11.0
91.96	11.0
127.08	11.0
145.56	11.0
199.28	11.0
208.28	11.0
306.32	11.0
323.76	11.0
342.52	11.0
357.84	11.0
392.56	11.0
395.96	11.0
453.32	11.0
612.28	11.0
672.04	11.0
675.28	11.0
730.32	11.0
755.08	11.0
758.52	11.0
820.0	11.0
855.92	11.0
858.72	11.0
888.08	11.0
903.08	11.0
951.76	11.0
980.96	11.0
984.12	11.0
1035.88	11.0
1112.88	11.0
1132.6	11.0
1149.4	11.0
1165.36	11.0
1218.32	11.0
1245.8	11.0
1249.6	11.0
1318.64	11.0
1327.96	11.0
1345.0	11.0
1393.6	11.0
314.24	12.0
32.4	12.0
114.48	12.0
295.76	12.0
360.56	12.0
620.6	12.0
1164.72	12.0
1241.36	12.0
890.56	13.0
311.48	13.0
356.52	13.0
309.4	14.0
713.64	14.0
1022.88	14.0
1302.44	14.0
61.72	15.0
224.44	15.0
306.88	15.0
667.08	15.0
739.64	15.0
1036.52	15.0
1115.04	15.0
1327.28	15.0
162.36	16.0
187.64	16.0
351.28	16.0
656.92	16.0
741.84	16.0
820.32	16.0
1173.0	16.0
252.76	17.0
306.08	18.0
337.36	20.0
306.36	20.0
749.8	20.0
59.96	21.0
154.64	21.0
309.4	21.0
320.2	21.0
330.0	21.0
339.96	21.0
362.76	21.0
391.28	21.0
424.6	21.0
676.04	21.0
776.2	21.0
925.88	21.0
990.24	21.0
1100.56	21.0
1185.36	21.0
1205.08	21.0
1350.08	21.0
306.16	22.0
126.24	22.0
329.56	22.0
621.08	22.0
698.92	22.0
730.44	22.0
911.24	22.0
1021.56	22.0
1047.0	22.0
1180.56	22.0
1232.48	22.0
123.0	23.0
306.44	23.0
718.08	23.0
755.36	23.0
1186.68	23.0
40.44	23.0
52.16	23.0
60.88	23.0
89.72	23.0
125.88	23.0
150.8	23.0
153.96	23.0
208.4	23.0
252.24	23.0
258.8	23.0
313.08	23.0
331.36	23.0
347.44	23.0
355.96	23.0
364.68	23.0
380.6	23.0
391.56	23.0
396.4	23.0
421.6	23.0
474.36	23.0
561.48	23.0
622.04	23.0
633.04	23.0
673.72	23.0
706.32	23.0
721.12	23.0
730.24	23.0
817.32	23.0
852.64	23.0
866.04	23.0
886.6	23.0
891.96	23.0
911.4	23.0
943.96	23.0
956.44	23.0
981.16	23.0
1022.12	23.0
1025.2	23.0
1109.56	23.0
1115.08	23.0
1151.72	23.0
1179.52	23.0
1231.12	23.0
1238.12	23.0
1307.2	23.0
1349.96	23.0
307.08	24.0
323.6	24.0
336.2	24.0
357.48	24.0
699.72	24.0
900.2	24.0
1307.08	24.0
1114.96	25.0
1392.56	25.0
744.12	25.0
788.84	25.0
62.44	26.0
195.56	26.0
11.44	26.0
36.96	26.0
103.04	26.0
106.56	26.0
112.4	26.0
141.08	26.0
175.56	26.0
223.32	26.0
257.16	26.0
298.4	26.0
315.24	26.0
324.4	26.0
329.64	26.0
332.6	26.0
340.0	26.0
354.68	26.0
390.96	26.0
421.84	26.0
595.68	26.0
626.76	26.0
633.28	26.0
652.88	26.0
667.2	26.0
675.64	26.0
695.04	26.0
744.36	26.0
769.0	26.0
791.28	26.0
819.56	26.0
837.4	26.0
877.96	26.0
925.12	26.0
954.6	26.0
992.92	26.0
1003.88	26.0
1021.88	26.0
1058.24	26.0
1087.52	26.0
1109.56	26.0
1158.76	26.0
1175.4	26.0
1191.36	26.0
1240.4	26.0
1257.12	26.0
1312.0	26.0
1328.16	26.0
1380.52	26.0
60.76	27.0
261.24	27.0
318.88	27.0
367.56	27.0
435.2	27.0
1040.08	27.0
1105.32	27.0
1120.12	27.0
1192.72	27.0
1299.04	27.0
421.76	28.0
32.12	28.0
48.36	28.0
74.72	28.0
104.76	28.0
149.28	28.0
250.64	28.0
287.12	28.0
306.44	28.0
323.84	28.0
526.64	28.0
547.56	28.0
577.6	28.0
670.36	28.0
673.68	28.0
751.08	28.0
853.4	28.0
865.32	28.0
927.16	28.0
957.04	28.0
979.08	28.0
1037.24	28.0
1101.08	28.0
1114.36	28.0
1181.64	28.0
1263.76	28.0
1334.92	28.0
1353.12	28.0
1375.24	28.0
335.12	29.0
670.36	29.0
59.12	30.0
97.88	30.0
256.52	30.0
328.6	30.0
357.4	30.0
424.8	30.0
715.36	30.0
944.44	30.0
979.4	30.0
984.56	30.0
1029.56	30.0
1179.44	30.0
1206.92	30.0
1346.72	30.0
1368.92	30.0
309.2	31.0
312.0	31.0
328.8	31.0
345.24	31.0
927.0	31.0
1127.16	31.0
302.72	33.0
317.52	33.0
60.48	34.0
63.44	34.0
163.44	34.0
307.64	34.0
742.92	34.0
753.52	34.0
818.52	34.0
869.04	34.0
886.84	34.0
1036.92	34.0
1126.04	34.0
1135.32	34.0
1309.28	34.0
1326.2	34.0
1368.72	34.0
39.84	35.0
52.44	35.0
57.04	35.0
87.08	35.0
123.64	35.0
153.64	35.0
189.8	35.0
211.24	35.0
255.36	35.0
273.32	35.0
290.88	35.0
308.8	35.0
311.64	35.0
331.16	35.0
352.56	35.0
364.84	35.0
390.64	35.0
419.0	35.0
421.6	35.0
461.36	35.0
473.0	35.0
527.04	35.0
590.4	35.0
638.08	35.0
673.16	35.0
691.16	35.0
702.04	35.0
706.4	35.0
728.92	35.0
757.04	35.0
772.2	35.0
799.2	35.0
819.04	35.0
832.24	35.0
864.76	35.0
872.56	35.0
929.08	35.0
945.16	35.0
971.8	35.0
980.6	35.0
1051.84	35.0
1078.4	35.0
1089.2	35.0
1111.28	35.0
1114.36	35.0
1127.36	35.0
1225.92	35.0
1244.44	35.0
1298.08	35.0
1308.84	35.0
1326.88	35.0
1348.72	35.0
1352.76	35.0
1373.6	35.0
4.48	36.0
43.84	36.0
116.44	36.0
134.12	36.0
302.48	36.0
312.44	36.0
326.88	36.0
351.6	36.0
366.24	36.0
425.88	36.0
658.68	36.0
703.88	36.0
746.08	36.0
780.72	36.0
924.24	36.0
1054.56	36.0
1189.32	36.0
1204.96	36.0
1292.84	36.0
