328.48	1.0
478.32	1.0
884.76	1.0
925.72	1.0
986.84	1.0
1352.08	1.0
309.36	2.0
324.64	2.0
331.8	2.0
314.88	2.0
318.92	2.0
342.68	2.0
345.56	2.0
351.44	2.0
366.6	2.0
373.48	2.0
379.88	2.0
422.88	2.0
435.4	2.0
459.6	2.0
518.96	2.0
652.76	2.0
814.8	2.0
835.92	2.0
967.56	2.0
987.2	2.0
1003.8	2.0
1015.84	2.0
1051.04	2.0
1085.6	2.0
1098.68	2.0
1174.0	2.0
1179.12	2.0
1240.8	2.0
1255.32	2.0
1278.4	2.0
1329.4	2.0
1375.0	2.0
1378.96	2.0
1391.16	2.0
1404.44	2.0
1407.52	2.0
1411.64	2.0
1438.92	2.0
326.08	3.0
332.56	3.0
364.12	3.0
312.16	3.0
323.32	3.0
336.8	3.0
346.8	3.0
349.68	3.0
355.96	3.0
366.64	3.0
369.24	3.0
373.76	3.0
388.44	3.0
417.28	3.0
424.72	3.0
733.64	3.0
825.84	3.0
907.32	3.0
958.96	3.0
986.12	3.0
1074.68	3.0
1140.96	3.0
1185.0	3.0
1278.8	3.0
1375.56	3.0
1391.36	3.0
1407.28	3.0
1431.72	3.0
1435.84	3.0
1438.64	3.0
409.12	4.0
327.96	4.0
349.4	4.0
761.92	4.0
349.64	5.0
318.32	6.0
313.68	6.0
345.16	6.0
384.72	6.0
439.04	6.0
336.08	7.0
355.52	7.0
310.28	7.0
346.52	7.0
350.28	7.0
384.64	7.0
857.12	7.0
1318.24	7.0
324.6	8.0
636.92	8.0
312.6	8.0
318.88	8.0
334.52	8.0
346.84	8.0
354.2	8.0
421.68	8.0
1340.04	8.0
1404.6	8.0
1446.12	8.0
336.04	9.0
351.84	9.0
866.28	9.0
549.68	10.0
947.12	10.0
991.52	10.0
1043.96	10.0
1100.32	10.0
1355.44	10.0
1372.92	10.0
312.2	10.0
327.36	10.0
365.56	10.0
501.28	10.0
761.0	10.0
889.16	10.0
959.04	10.0
1033.68	10.0
1107.04	10.0
1171.88	10.0
1236.64	10.0
1240.92	10.0
1258.08	10.0
1295.36	10.0
1334.04	10.0
1390.4	10.0
1430.76	10.0
373.84	11.0
424.76	11.0
733.64	11.0
1015.68	11.0
1141.0	11.0
1435.88	11.0
310.28	11.0
323.24	11.0
329.2	11.0
340.8	11.0
362.44	11.0
392.0	11.0
543.04	11.0
640.44	11.0
752.8	11.0
836.08	11.0
1045.2	11.0
1056.04	11.0
1330.72	11.0
1373.4	11.0
1439.12	11.0
1436.32	12.0
311.52	12.0
337.72	12.0
755.76	12.0
933.68	12.0
312.4	13.0
323.68	13.0
359.32	13.0
942.28	13.0
312.16	14.0
320.92	14.0
340.4	14.0
386.56	14.0
738.48	14.0
882.96	14.0
986.12	14.0
1168.44	14.0
328.56	15.0
1378.12	16.0
338.4	17.0
330.08	18.0
385.72	18.0
312.8	19.0
331.28	19.0
321.68	19.0
348.08	19.0
1405.84	19.0
353.48	20.0
330.68	21.0
309.72	21.0
312.24	21.0
315.0	21.0
321.8	21.0
324.48	21.0
327.68	21.0
342.0	21.0
352.16	21.0
357.0	21.0
368.52	21.0
387.24	21.0
412.64	21.0
554.12	21.0
675.0	21.0
760.12	21.0
906.76	21.0
1013.76	21.0
1106.6	21.0
1171.44	21.0
1433.68	21.0
312.08	22.0
321.36	22.0
341.64	22.0
366.32	22.0
1388.72	22.0
354.12	23.0
311.8	23.0
320.72	23.0
324.0	23.0
329.8	23.0
332.68	23.0
336.72	23.0
344.84	23.0
364.88	23.0
1023.88	23.0
1117.28	23.0
1124.52	23.0
1168.0	23.0
1174.48	23.0
1241.12	23.0
1252.44	23.0
1267.0	23.0
1392.56	23.0
1448.36	23.0
314.8	24.0
320.96	24.0
328.56	24.0
333.96	24.0
343.32	24.0
396.44	24.0
443.96	24.0
1035.84	24.0
1412.16	24.0
315.0	25.0
345.0	25.0
487.96	25.0
310.56	25.0
330.6	25.0
350.52	25.0
365.8	25.0
1401.08	25.0
374.32	26.0
309.8	26.0
313.68	26.0
320.88	26.0
327.2	26.0
331.0	26.0
342.68	26.0
349.16	26.0
356.36	26.0
364.52	26.0
383.56	26.0
393.96	26.0
411.8	26.0
424.96	26.0
430.76	26.0
445.32	26.0
499.04	26.0
517.72	26.0
532.2	26.0
543.4	26.0
580.88	26.0
653.36	26.0
678.44	26.0
746.76	26.0
797.0	26.0
816.88	26.0
841.08	26.0
933.88	26.0
957.8	26.0
973.96	26.0
1007.6	26.0
1032.72	26.0
1073.6	26.0
1077.48	26.0
1105.76	26.0
1109.48	26.0
1149.88	26.0
1174.24	26.0
1238.8	26.0
1254.64	26.0
1317.8	26.0
1324.16	26.0
1351.8	26.0
1395.16	26.0
1405.36	26.0
1415.16	26.0
1447.04	26.0
334.6	27.0
431.08	27.0
981.84	27.0
313.72	28.0
325.52	28.0
335.12	28.0
351.96	28.0
865.92	28.0
941.76	28.0
1056.84	28.0
1087.16	28.0
1262.6	28.0
302.48	29.0
309.72	29.0
312.56	29.0
312.24	30.0
318.88	30.0
331.24	30.0
342.08	30.0
350.36	30.0
355.76	30.0
366.36	30.0
384.44	30.0
467.08	30.0
483.72	30.0
844.76	30.0
966.2	30.0
1335.64	30.0
1405.64	30.0
311.68	31.0
339.04	31.0
381.64	31.0
953.88	31.0
313.84	33.0
321.88	33.0
330.72	33.0
340.48	33.0
338.16	34.0
309.8	34.0
324.28	34.0
329.48	34.0
828.6	34.0
1262.48	34.0
1275.48	34.0
1391.64	34.0
1395.08	34.0
311.08	35.0
318.6	35.0
325.56	35.0
330.6	35.0
339.76	35.0
344.32	35.0
351.92	35.0
357.6	35.0
367.44	35.0
385.28	35.0
388.24	35.0
426.56	35.0
655.04	35.0
744.88	35.0
825.0	35.0
955.64	35.0
968.36	35.0
1013.48	35.0
1023.76	35.0
1115.56	35.0
1129.96	35.0
1266.88	35.0
1416.12	35.0
1420.52	35.0
1451.36	35.0
345.0	36.0
338.0	36.0
