446.36	1.0
395.08	1.0
306.84	2.0
310.2	2.0
312.84	2.0
315.52	2.0
319.72	2.0
322.28	2.0
325.16	2.0
329.96	2.0
334.88	2.0
338.84	2.0
342.96	2.0
346.48	2.0
359.92	2.0
366.72	2.0
378.52	2.0
554.2	2.0
616.72	2.0
731.12	2.0
750.56	2.0
890.88	2.0
933.32	2.0
938.92	2.0
965.56	2.0
1050.64	2.0
1102.6	2.0
1154.04	2.0
1161.76	2.0
1181.24	2.0
1255.52	2.0
1299.88	2.0
1362.36	2.0
1407.08	2.0
1421.92	2.0
340.84	3.0
306.08	3.0
308.88	3.0
311.4	3.0
315.04	3.0
317.76	3.0
324.12	3.0
327.44	3.0
330.76	3.0
337.92	3.0
359.72	3.0
366.84	3.0
383.96	3.0
567.24	3.0
687.72	3.0
1212.04	3.0
1343.6	3.0
1416.12	3.0
1443.68	3.0
309.0	4.0
326.44	4.0
358.16	4.0
437.4	4.0
312.12	4.0
340.84	4.0
308.16	5.0
312.64	5.0
317.4	5.0
325.84	5.0
340.52	5.0
349.4	5.0
482.92	5.0
1019.32	5.0
324.04	6.0
334.2	6.0
354.24	6.0
418.28	6.0
806.96	6.0
1073.32	6.0
1146.76	6.0
1407.36	6.0
336.72	7.0
354.68	7.0
357.32	7.0
666.32	7.0
1215.36	7.0
308.68	7.0
316.0	7.0
481.84	7.0
653.88	7.0
707.04	7.0
811.84	7.0
1233.76	7.0
1249.04	7.0
312.08	8.0
318.72	8.0
324.52	8.0
338.0	8.0
446.36	8.0
491.44	8.0
539.68	8.0
632.88	8.0
676.56	8.0
742.88	8.0
863.2	8.0
1357.52	8.0
324.36	9.0
337.48	9.0
939.92	9.0
1137.6	9.0
310.44	10.0
315.88	10.0
359.44	10.0
373.2	10.0
885.72	10.0
910.8	10.0
306.84	10.0
313.16	10.0
325.12	10.0
351.52	10.0
506.64	10.0
641.56	10.0
753.04	10.0
853.32	10.0
859.12	10.0
934.76	10.0
1048.12	10.0
1095.48	10.0
1175.04	10.0
1247.44	10.0
1308.92	10.0
1404.04	10.0
1419.16	10.0
318.08	11.0
327.48	11.0
687.76	11.0
814.32	11.0
866.2	11.0
1017.84	11.0
1212.08	11.0
1343.6	11.0
307.68	11.0
311.28	11.0
324.88	11.0
330.12	11.0
351.08	11.0
523.44	11.0
583.76	11.0
616.76	11.0
681.04	11.0
739.6	11.0
749.92	11.0
793.88	11.0
824.68	11.0
891.6	11.0
953.44	11.0
1001.4	11.0
1083.12	11.0
1205.92	11.0
1232.8	11.0
1308.56	11.0
1311.72	11.0
1380.2	11.0
307.64	12.0
318.16	12.0
337.0	12.0
542.4	12.0
811.4	12.0
307.12	13.0
316.0	13.0
329.64	13.0
343.8	13.0
501.28	13.0
540.36	13.0
571.72	13.0
633.88	13.0
855.48	13.0
1093.2	13.0
1182.16	13.0
326.36	14.0
336.72	14.0
308.72	14.0
312.84	14.0
322.56	14.0
389.16	14.0
396.16	14.0
407.64	14.0
455.72	14.0
698.6	14.0
956.08	14.0
389.28	15.0
308.4	15.0
348.2	15.0
407.64	15.0
567.8	15.0
318.12	16.0
364.36	17.0
313.4	18.0
320.52	18.0
310.56	19.0
314.08	19.0
337.36	20.0
626.84	20.0
676.48	20.0
806.52	20.0
306.36	20.0
340.8	20.0
354.68	20.0
407.32	20.0
632.6	20.0
813.8	20.0
991.16	20.0
309.72	21.0
312.52	21.0
320.72	21.0
326.08	21.0
335.84	21.0
339.72	21.0
349.4	21.0
374.16	21.0
381.32	21.0
394.84	21.0
418.16	21.0
439.08	21.0
477.2	21.0
497.92	21.0
539.36	21.0
560.36	21.0
566.48	21.0
587.84	21.0
598.44	21.0
633.4	21.0
653.72	21.0
680.44	21.0
701.56	21.0
704.2	21.0
751.8	21.0
764.28	21.0
784.2	21.0
803.52	21.0
815.12	21.0
866.36	21.0
931.72	21.0
935.48	21.0
973.04	21.0
988.28	21.0
991.08	21.0
1054.6	21.0
1083.0	21.0
1116.64	21.0
1157.24	21.0
1183.48	21.0
1213.0	21.0
1242.96	21.0
1253.32	21.0
1263.92	21.0
1318.48	21.0
1331.24	21.0
1387.28	21.0
1403.88	21.0
1429.52	21.0
1439.12	21.0
1432.28	22.0
306.28	22.0
310.04	22.0
313.28	22.0
321.52	22.0
337.0	22.0
340.16	22.0
477.84	22.0
518.04	22.0
541.32	22.0
563.28	22.0
599.56	22.0
652.4	22.0
678.08	22.0
832.72	22.0
896.72	22.0
1112.72	22.0
1330.48	22.0
1424.04	22.0
309.44	23.0
323.96	23.0
346.8	23.0
314.2	23.0
317.76	23.0
336.4	23.0
350.48	23.0
356.08	23.0
364.8	23.0
460.16	23.0
481.96	23.0
567.0	23.0
633.44	23.0
798.64	23.0
903.28	23.0
926.92	23.0
956.92	23.0
1118.32	23.0
1234.28	23.0
1357.4	23.0
1387.4	23.0
321.84	24.0
344.76	24.0
315.44	24.0
333.36	24.0
336.88	24.0
352.0	24.0
370.08	24.0
386.52	24.0
404.72	24.0
408.0	24.0
444.84	24.0
458.16	24.0
501.08	24.0
551.44	24.0
562.76	24.0
588.16	24.0
594.68	24.0
642.0	24.0
659.72	24.0
899.48	24.0
1114.36	24.0
1173.28	24.0
1181.92	24.0
1316.84	24.0
1337.52	24.0
1363.68	24.0
311.92	25.0
899.76	25.0
1337.76	25.0
318.84	25.0
325.32	25.0
348.68	25.0
354.56	25.0
1250.04	25.0
309.32	26.0
314.6	26.0
320.44	26.0
325.28	26.0
329.16	26.0
334.04	26.0
342.68	26.0
349.68	26.0
353.92	26.0
362.76	26.0
366.24	26.0
372.88	26.0
378.88	26.0
382.76	26.0
391.12	26.0
397.36	26.0
400.36	26.0
406.92	26.0
420.2	26.0
432.8	26.0
435.84	26.0
446.24	26.0
452.04	26.0
463.52	26.0
473.92	26.0
480.64	26.0
493.04	26.0
503.44	26.0
525.72	26.0
537.16	26.0
544.44	26.0
556.48	26.0
568.68	26.0
598.64	26.0
632.12	26.0
648.76	26.0
654.4	26.0
664.56	26.0
672.36	26.0
685.12	26.0
693.32	26.0
698.76	26.0
704.24	26.0
709.44	26.0
731.52	26.0
748.16	26.0
753.88	26.0
782.92	26.0
797.44	26.0
827.28	26.0
850.6	26.0
863.52	26.0
871.52	26.0
890.88	26.0
897.16	26.0
909.04	26.0
912.56	26.0
920.32	26.0
933.8	26.0
951.72	26.0
959.64	26.0
983.68	26.0
991.08	26.0
993.84	26.0
1010.6	26.0
1013.44	26.0
1037.08	26.0
1052.76	26.0
1076.2	26.0
1106.72	26.0
1112.64	26.0
1126.68	26.0
1130.96	26.0
1138.92	26.0
1156.56	26.0
1173.52	26.0
1186.76	26.0
1198.08	26.0
1219.4	26.0
1234.2	26.0
1247.16	26.0
1256.72	26.0
1283.2	26.0
1296.2	26.0
1318.6	26.0
1323.08	26.0
1395.48	26.0
1398.8	26.0
1419.36	26.0
1429.92	26.0
1435.72	26.0
1447.04	26.0
1449.68	26.0
337.04	27.0
368.28	27.0
523.12	27.0
655.48	27.0
872.2	27.0
961.04	27.0
1135.72	27.0
1183.92	27.0
1247.8	27.0
1287.52	27.0
1314.92	27.0
325.0	28.0
308.68	28.0
311.32	28.0
314.56	28.0
319.36	28.0
322.12	28.0
337.16	28.0
352.96	28.0
363.88	28.0
394.16	28.0
788.04	28.0
1210.52	28.0
312.32	29.0
321.2	29.0
324.44	29.0
341.68	29.0
560.68	29.0
311.28	30.0
313.84	30.0
322.36	30.0
326.76	30.0
336.24	30.0
342.36	30.0
352.96	30.0
360.6	30.0
383.56	30.0
398.48	30.0
422.28	30.0
445.64	30.0
462.64	30.0
476.76	30.0
491.04	30.0
534.52	30.0
677.32	30.0
730.4	30.0
784.16	30.0
834.56	30.0
937.52	30.0
1045.72	30.0
1185.44	30.0
1263.04	30.0
337.2	31.0
307.32	31.0
313.0	31.0
333.28	31.0
392.48	31.0
506.24	31.0
652.4	31.0
339.96	33.0
307.56	33.0
330.6	33.0
310.24	34.0
331.12	34.0
338.56	34.0
308.08	35.0
311.4	35.0
314.96	35.0
324.0	35.0
329.6	35.0
335.8	35.0
339.92	35.0
350.6	35.0
355.48	35.0
364.88	35.0
381.64	35.0
396.64	35.0
408.76	35.0
441.6	35.0
467.6	35.0
481.28	35.0
490.56	35.0
538.28	35.0
601.36	35.0
650.28	35.0
653.36	35.0
729.04	35.0
764.04	35.0
766.88	35.0
821.0	35.0
829.28	35.0
878.48	35.0
962.84	35.0
1030.4	35.0
1044.84	35.0
1066.64	35.0
1091.48	35.0
1139.68	35.0
1156.4	35.0
1305.04	35.0
314.76	36.0
308.88	36.0
321.8	36.0
333.48	36.0
338.2	36.0
355.44	36.0
