372.52	1.0
174.0	1.0
307.92	1.0
326.56	1.0
445.6	1.0
905.6	1.0
1138.32	1.0
199.88	2.0
71.4	2.0
169.76	2.0
174.36	2.0
191.84	2.0
303.0	2.0
307.0	2.0
309.52	2.0
315.76	2.0
326.12	2.0
330.16	2.0
363.88	2.0
934.92	2.0
973.2	2.0
1035.52	2.0
332.64	3.0
125.28	3.0
302.8	3.0
308.84	3.0
316.68	3.0
322.8	3.0
326.08	3.0
329.68	3.0
364.0	3.0
457.72	3.0
1338.6	3.0
302.88	4.0
306.52	4.0
325.76	4.0
352.6	4.0
1106.64	4.0
175.44	5.0
309.32	5.0
325.04	5.0
353.52	5.0
813.72	5.0
1145.44	5.0
602.0	6.0
144.48	6.0
318.56	6.0
663.08	6.0
979.04	7.0
82.4	7.0
181.6	7.0
234.28	7.0
484.56	7.0
1023.24	7.0
1132.36	7.0
1158.12	7.0
368.88	8.0
76.16	8.0
102.52	8.0
178.36	8.0
205.88	8.0
396.56	8.0
820.84	8.0
924.4	8.0
1227.08	8.0
17.96	9.0
308.04	9.0
270.48	10.0
310.72	10.0
495.92	10.0
68.72	10.0
129.28	10.0
139.24	10.0
205.48	10.0
295.12	10.0
306.88	10.0
330.12	10.0
850.8	10.0
1039.92	10.0
12.28	11.0
329.8	11.0
945.72	11.0
981.28	11.0
1338.64	11.0
129.28	11.0
183.0	11.0
306.52	11.0
314.48	11.0
340.48	11.0
176.0	12.0
308.04	12.0
328.48	12.0
524.28	12.0
744.88	12.0
1061.4	12.0
1176.68	12.0
1201.68	12.0
1216.0	12.0
325.04	13.0
203.88	13.0
234.68	13.0
267.8	13.0
280.24	13.0
315.32	13.0
738.44	13.0
913.24	13.0
1108.68	13.0
1223.84	13.0
328.08	14.0
435.32	14.0
457.6	14.0
1035.52	14.0
1046.4	14.0
306.88	15.0
321.12	15.0
354.08	16.0
475.44	16.0
1023.24	18.0
306.36	19.0
329.6	19.0
205.04	20.0
369.4	20.0
1078.76	20.0
311.64	20.0
353.88	20.0
879.68	20.0
1057.92	20.0
15.2	21.0
22.92	21.0
46.52	21.0
70.64	21.0
88.68	21.0
116.2	21.0
123.96	21.0
138.48	21.0
162.44	21.0
180.56	21.0
191.08	21.0
222.4	21.0
309.56	21.0
312.48	21.0
320.48	21.0
326.12	21.0
332.4	21.0
350.48	21.0
365.52	21.0
383.76	21.0
401.32	21.0
431.64	21.0
459.56	21.0
509.12	21.0
545.72	21.0
584.92	21.0
631.24	21.0
677.0	21.0
757.76	21.0
792.16	21.0
881.2	21.0
902.92	21.0
910.92	21.0
932.88	21.0
954.36	21.0
968.0	21.0
981.44	21.0
988.52	21.0
1006.4	21.0
1021.92	21.0
1042.0	21.0
1045.64	21.0
1056.72	21.0
1067.28	21.0
1078.52	21.0
1095.84	21.0
1119.2	21.0
1142.16	21.0
1150.36	21.0
1163.76	21.0
1193.68	21.0
1199.08	21.0
1213.2	21.0
177.8	22.0
206.8	22.0
306.52	22.0
880.28	22.0
1197.4	22.0
140.0	23.0
306.72	23.0
72.36	23.0
110.92	23.0
136.96	23.0
177.0	23.0
204.88	23.0
234.64	23.0
271.72	23.0
317.0	23.0
321.76	23.0
328.12	23.0
331.44	23.0
346.16	23.0
369.24	23.0
388.72	23.0
460.76	23.0
491.76	23.0
499.64	23.0
527.96	23.0
535.72	23.0
602.08	23.0
910.36	23.0
932.48	23.0
940.0	23.0
967.24	23.0
987.8	23.0
1019.84	23.0
1040.88	23.0
1061.16	23.0
1067.68	23.0
1101.44	23.0
1104.6	23.0
1120.96	23.0
1141.08	23.0
1163.32	23.0
1196.4	23.0
1215.76	23.0
1256.28	23.0
1333.08	23.0
64.68	24.0
189.04	24.0
217.48	24.0
272.68	24.0
307.2	24.0
315.84	24.0
343.24	24.0
363.88	24.0
367.4	24.0
499.88	24.0
912.52	24.0
970.08	24.0
979.92	24.0
1004.44	24.0
1060.44	24.0
1092.4	24.0
1129.8	24.0
65.0	25.0
136.08	25.0
204.4	25.0
1003.72	25.0
324.84	26.0
11.52	26.0
20.96	26.0
40.24	26.0
62.44	26.0
65.28	26.0
89.8	26.0
115.52	26.0
137.48	26.0
147.56	26.0
165.92	26.0
173.32	26.0
204.24	26.0
262.64	26.0
280.0	26.0
290.36	26.0
309.44	26.0
315.56	26.0
320.56	26.0
328.72	26.0
341.28	26.0
347.8	26.0
354.6	26.0
362.44	26.0
376.56	26.0
381.92	26.0
396.6	26.0
441.28	26.0
489.72	26.0
510.12	26.0
573.68	26.0
624.84	26.0
661.48	26.0
703.84	26.0
728.68	26.0
750.68	26.0
807.88	26.0
819.32	26.0
837.0	26.0
857.56	26.0
867.04	26.0
881.04	26.0
906.68	26.0
945.16	26.0
955.28	26.0
967.64	26.0
983.36	26.0
995.4	26.0
1023.08	26.0
1039.16	26.0
1044.96	26.0
1060.48	26.0
1100.64	26.0
1117.4	26.0
1139.76	26.0
1146.36	26.0
1176.32	26.0
1191.8	26.0
1205.32	26.0
1228.44	26.0
1276.92	26.0
1315.56	26.0
115.92	27.0
308.0	27.0
1270.28	27.0
308.0	28.0
886.92	28.0
1116.68	28.0
66.12	28.0
176.36	28.0
206.72	28.0
313.96	28.0
330.84	28.0
395.12	28.0
444.84	28.0
521.52	28.0
851.92	28.0
901.44	28.0
937.8	28.0
326.52	29.0
137.8	29.0
319.08	29.0
54.04	30.0
118.64	30.0
138.04	30.0
290.24	30.0
309.12	30.0
318.96	30.0
329.8	30.0
354.84	30.0
369.12	30.0
835.76	30.0
879.48	30.0
982.52	30.0
1045.24	30.0
206.96	31.0
289.76	31.0
309.8	31.0
326.04	31.0
449.84	31.0
306.44	33.0
310.68	34.0
308.16	35.0
90.76	35.0
147.36	35.0
177.8	35.0
193.96	35.0
220.68	35.0
315.92	35.0
320.12	35.0
359.4	35.0
523.92	35.0
763.2	35.0
886.44	35.0
908.6	35.0
941.56	35.0
956.8	35.0
1146.28	35.0
1222.32	35.0
234.36	36.0
302.56	36.0
