212.04	1.0
876.8	1.0
906.44	1.0
981.56	1.0
306.0	2.0
309.04	2.0
312.12	2.0
324.8	2.0
5.84	2.0
137.24	2.0
302.96	2.0
319.96	2.0
360.8	2.0
448.96	2.0
806.68	2.0
837.6	2.0
951.6	2.0
1001.64	2.0
1032.4	2.0
1354.24	2.0
320.44	3.0
37.88	3.0
302.8	3.0
306.08	3.0
308.84	3.0
313.32	3.0
326.12	3.0
379.24	3.0
545.2	3.0
656.36	3.0
845.32	3.0
1087.8	3.0
341.8	4.0
24.04	4.0
36.32	4.0
306.36	4.0
359.2	4.0
398.68	4.0
531.08	4.0
533.72	4.0
656.08	4.0
695.36	4.0
849.76	4.0
1008.84	4.0
1043.56	4.0
312.24	5.0
307.08	5.0
365.28	5.0
905.72	6.0
6.44	6.0
154.88	6.0
319.92	6.0
742.92	6.0
800.64	6.0
1292.8	6.0
179.48	7.0
114.96	7.0
308.2	7.0
499.72	7.0
1045.4	7.0
1202.32	7.0
135.64	8.0
343.88	8.0
800.92	8.0
932.6	8.0
959.44	8.0
315.84	9.0
340.6	9.0
346.96	10.0
351.76	10.0
498.76	10.0
306.8	10.0
311.24	10.0
812.0	10.0
832.32	10.0
1006.44	10.0
1117.56	10.0
545.28	11.0
845.36	11.0
307.2	11.0
320.36	11.0
325.12	11.0
348.08	11.0
962.44	11.0
307.48	12.0
180.04	12.0
327.84	12.0
349.08	12.0
352.52	12.0
492.24	12.0
803.56	12.0
903.24	12.0
1194.72	12.0
83.52	13.0
313.48	13.0
330.44	13.0
495.72	13.0
871.36	13.0
896.48	13.0
158.52	14.0
359.96	14.0
883.28	14.0
905.84	14.0
1007.64	14.0
1309.12	14.0
306.88	15.0
479.44	20.0
27.52	21.0
54.04	21.0
78.76	21.0
81.92	21.0
112.48	21.0
153.12	21.0
185.4	21.0
225.2	21.0
245.24	21.0
255.2	21.0
282.0	21.0
309.56	21.0
322.88	21.0
338.56	21.0
359.88	21.0
363.76	21.0
367.84	21.0
377.4	21.0
396.44	21.0
409.56	21.0
416.16	21.0
442.04	21.0
449.76	21.0
487.12	21.0
516.08	21.0
575.6	21.0
623.36	21.0
663.44	21.0
711.32	21.0
721.04	21.0
840.6	21.0
869.52	21.0
913.16	21.0
974.56	21.0
992.8	21.0
1006.88	21.0
1022.84	21.0
1043.56	21.0
1056.24	21.0
1135.44	21.0
1152.6	21.0
1217.28	21.0
12.36	22.0
958.96	22.0
203.04	22.0
317.36	22.0
970.48	22.0
343.16	23.0
21.04	23.0
34.12	23.0
45.76	23.0
61.16	23.0
76.52	23.0
116.96	23.0
121.72	23.0
142.68	23.0
185.48	23.0
205.32	23.0
210.52	23.0
248.4	23.0
264.88	23.0
306.12	23.0
310.4	23.0
315.48	23.0
329.72	23.0
352.24	23.0
368.92	23.0
376.44	23.0
492.2	23.0
530.8	23.0
534.28	23.0
593.28	23.0
653.4	23.0
692.56	23.0
826.88	23.0
866.24	23.0
902.84	23.0
930.36	23.0
942.6	23.0
1006.28	23.0
1040.52	23.0
1219.52	23.0
33.0	24.0
57.0	24.0
66.56	24.0
127.2	24.0
193.36	24.0
212.68	24.0
307.36	24.0
332.96	24.0
349.6	24.0
848.36	24.0
1002.76	24.0
1009.36	24.0
1094.96	24.0
320.88	26.0
365.68	26.0
17.16	26.0
55.04	26.0
69.56	26.0
78.72	26.0
92.24	26.0
114.24	26.0
119.68	26.0
131.36	26.0
157.32	26.0
168.16	26.0
186.04	26.0
197.36	26.0
201.16	26.0
225.4	26.0
231.56	26.0
295.72	26.0
309.68	26.0
314.96	26.0
335.32	26.0
348.36	26.0
355.92	26.0
398.48	26.0
429.64	26.0
466.68	26.0
494.28	26.0
508.64	26.0
584.84	26.0
615.88	26.0
634.84	26.0
656.6	26.0
707.72	26.0
741.4	26.0
770.24	26.0
802.52	26.0
829.4	26.0
845.2	26.0
851.96	26.0
883.6	26.0
895.96	26.0
903.28	26.0
925.92	26.0
934.24	26.0
957.12	26.0
968.76	26.0
1004.24	26.0
1007.84	26.0
1020.4	26.0
1031.6	26.0
1043.44	26.0
1059.08	26.0
1063.16	26.0
1072.08	26.0
1087.32	26.0
1107.36	26.0
1147.92	26.0
1168.28	26.0
1185.72	26.0
1208.48	26.0
34.92	27.0
342.28	27.0
845.16	27.0
308.12	28.0
165.52	28.0
173.96	28.0
312.44	28.0
325.28	28.0
340.28	28.0
372.12	28.0
449.96	28.0
501.04	28.0
784.56	28.0
904.6	28.0
1035.56	28.0
312.28	29.0
1036.12	29.0
180.96	30.0
314.48	30.0
320.96	30.0
345.8	30.0
424.08	30.0
815.72	30.0
306.32	31.0
937.64	31.0
302.92	32.0
307.92	33.0
344.4	33.0
366.36	33.0
232.68	33.0
310.8	34.0
82.6	35.0
130.36	35.0
168.4	35.0
195.92	35.0
210.48	35.0
226.48	35.0
247.16	35.0
308.52	35.0
322.72	35.0
336.72	35.0
345.24	35.0
426.2	35.0
483.2	35.0
488.2	35.0
514.96	35.0
711.4	35.0
791.24	35.0
937.16	35.0
952.2	35.0
1000.92	35.0
1042.16	35.0
302.52	36.0
975.36	36.0
