332.4	1.0
335.88	1.0
321.36	2.0
765.68	2.0
303.0	2.0
318.52	2.0
331.76	2.0
336.04	2.0
341.2	2.0
349.76	2.0
352.8	2.0
358.28	2.0
364.84	2.0
386.88	2.0
404.52	2.0
421.92	2.0
462.16	2.0
476.08	2.0
640.44	2.0
918.72	2.0
941.04	2.0
1015.92	2.0
1057.2	2.0
1157.08	2.0
1267.36	2.0
1311.8	2.0
358.36	3.0
318.2	3.0
321.96	3.0
331.84	3.0
339.6	3.0
345.8	3.0
353.64	3.0
364.8	3.0
375.76	3.0
378.72	3.0
406.76	3.0
475.84	3.0
488.68	3.0
546.48	3.0
585.52	3.0
640.68	3.0
693.6	3.0
733.4	3.0
1095.76	3.0
1145.84	3.0
1196.76	3.0
1267.68	3.0
303.0	4.0
378.84	4.0
313.36	4.0
318.96	4.0
333.12	4.0
345.04	4.0
355.04	4.0
358.4	4.0
331.44	5.0
346.8	5.0
312.24	6.0
331.04	6.0
355.84	6.0
379.36	6.0
480.36	6.0
1060.56	6.0
1265.92	6.0
319.16	7.0
344.48	7.0
312.64	7.0
398.84	7.0
449.8	7.0
1173.36	7.0
1304.0	7.0
320.32	8.0
332.48	8.0
354.04	8.0
498.64	8.0
1234.68	8.0
313.32	9.0
322.0	9.0
332.04	9.0
1151.24	9.0
314.88	10.0
321.6	10.0
331.88	10.0
365.08	10.0
711.88	10.0
1066.96	10.0
318.0	10.0
336.4	10.0
351.08	10.0
370.88	10.0
364.28	11.0
546.52	11.0
667.32	11.0
733.4	11.0
798.04	11.0
893.72	11.0
934.04	11.0
1173.6	11.0
319.16	11.0
331.72	11.0
340.0	11.0
343.52	11.0
351.96	11.0
378.96	11.0
411.24	11.0
474.0	11.0
492.48	11.0
553.44	11.0
321.96	12.0
336.08	12.0
429.88	12.0
450.72	12.0
683.32	12.0
779.04	12.0
858.44	12.0
978.48	12.0
1173.36	12.0
1191.84	12.0
1225.68	12.0
319.64	13.0
338.04	13.0
344.32	13.0
481.04	13.0
576.48	13.0
978.6	13.0
1146.64	13.0
1261.4	13.0
1263.92	13.0
1341.36	13.0
312.16	14.0
332.24	14.0
321.16	14.0
334.76	14.0
344.16	14.0
419.08	14.0
437.08	14.0
450.0	14.0
483.48	14.0
1043.04	14.0
342.04	15.0
333.24	15.0
575.2	15.0
322.76	16.0
522.68	16.0
550.52	16.0
354.52	17.0
306.0	18.0
319.16	19.0
354.32	19.0
339.24	20.0
783.76	20.0
842.48	20.0
318.12	21.0
339.8	21.0
312.2	21.0
334.56	21.0
348.4	21.0
353.68	21.0
356.48	21.0
365.88	21.0
371.92	21.0
391.28	21.0
425.24	21.0
433.0	21.0
441.96	21.0
463.96	21.0
481.32	21.0
502.4	21.0
521.4	21.0
541.04	21.0
603.44	21.0
609.84	21.0
629.72	21.0
648.16	21.0
654.44	21.0
668.04	21.0
684.72	21.0
695.88	21.0
735.0	21.0
776.96	21.0
839.12	21.0
843.0	21.0
885.84	21.0
897.0	21.0
925.08	21.0
944.36	21.0
977.64	21.0
1015.36	21.0
1044.28	21.0
1068.96	21.0
1085.2	21.0
1095.28	21.0
1130.68	21.0
1137.4	21.0
1173.12	21.0
1226.52	21.0
1323.4	21.0
312.96	22.0
320.4	22.0
330.16	22.0
339.72	22.0
350.72	22.0
361.64	22.0
385.72	22.0
761.84	22.0
1336.24	22.0
334.36	23.0
732.24	23.0
322.76	23.0
342.56	23.0
356.44	23.0
363.68	23.0
478.6	23.0
871.76	23.0
1173.64	23.0
1225.4	23.0
312.12	24.0
322.36	24.0
334.32	24.0
345.2	24.0
350.28	24.0
365.44	24.0
397.24	24.0
418.48	24.0
445.44	24.0
462.36	24.0
494.72	24.0
505.44	24.0
524.4	24.0
547.44	24.0
567.52	24.0
588.64	24.0
937.8	24.0
1043.08	24.0
1249.0	24.0
1301.76	24.0
322.56	25.0
356.88	25.0
495.04	25.0
588.88	25.0
313.36	25.0
332.6	25.0
336.36	25.0
341.92	25.0
353.64	25.0
313.04	26.0
318.72	26.0
334.08	26.0
343.48	26.0
349.36	26.0
354.72	26.0
357.36	26.0
363.08	26.0
369.92	26.0
379.52	26.0
388.16	26.0
406.16	26.0
412.48	26.0
415.48	26.0
425.88	26.0
428.4	26.0
435.08	26.0
445.92	26.0
451.0	26.0
459.4	26.0
482.92	26.0
488.44	26.0
498.76	26.0
522.68	26.0
527.4	26.0
540.44	26.0
546.04	26.0
557.6	26.0
574.32	26.0
610.84	26.0
623.88	26.0
644.48	26.0
659.16	26.0
673.12	26.0
704.48	26.0
730.16	26.0
749.8	26.0
759.36	26.0
800.16	26.0
820.56	26.0
828.24	26.0
861.04	26.0
866.8	26.0
893.48	26.0
916.48	26.0
933.92	26.0
959.44	26.0
981.52	26.0
990.8	26.0
998.92	26.0
1004.08	26.0
1013.6	26.0
1026.48	26.0
1040.44	26.0
1058.36	26.0
1077.28	26.0
1091.76	26.0
1117.8	26.0
1125.52	26.0
1135.16	26.0
1147.64	26.0
1183.88	26.0
1224.8	26.0
1242.36	26.0
1264.72	26.0
1302.0	26.0
1318.72	26.0
1334.24	26.0
321.96	27.0
334.4	27.0
355.56	27.0
854.16	27.0
896.36	27.0
932.44	27.0
1117.92	27.0
322.08	28.0
343.84	28.0
347.24	28.0
312.88	28.0
331.72	28.0
334.6	28.0
350.56	28.0
353.76	28.0
375.16	28.0
482.24	28.0
336.52	29.0
343.68	29.0
355.84	29.0
383.52	29.0
410.32	29.0
449.88	29.0
478.44	29.0
333.52	30.0
318.64	30.0
337.8	30.0
355.64	30.0
402.6	30.0
455.68	30.0
541.68	30.0
581.28	30.0
665.56	30.0
781.24	30.0
1067.24	30.0
1137.76	30.0
1226.36	30.0
318.08	31.0
333.64	31.0
343.12	31.0
350.44	31.0
364.8	31.0
378.92	31.0
462.72	31.0
543.56	31.0
1269.68	31.0
318.08	33.0
312.64	33.0
332.8	33.0
335.48	34.0
312.0	34.0
332.76	34.0
355.64	34.0
312.56	35.0
320.76	35.0
336.68	35.0
343.24	35.0
349.12	35.0
351.64	35.0
357.12	35.0
361.72	35.0
373.32	35.0
382.88	35.0
398.76	35.0
424.52	35.0
493.08	35.0
567.0	35.0
595.08	35.0
694.76	35.0
732.04	35.0
841.64	35.0
889.64	35.0
929.96	35.0
1120.12	35.0
1221.72	35.0
1224.92	35.0
1246.56	35.0
1270.84	35.0
336.44	36.0
347.6	36.0
364.96	36.0
