166.76	2.0
224.24	2.0
227.6	2.0
242.76	2.0
302.96	2.0
321.84	2.0
327.08	2.0
331.88	2.0
335.76	2.0
338.48	2.0
345.32	2.0
349.92	2.0
355.36	2.0
361.68	2.0
382.76	2.0
798.36	2.0
833.28	2.0
866.76	2.0
202.4	3.0
220.44	3.0
252.68	3.0
321.56	3.0
325.44	3.0
337.64	3.0
341.44	3.0
349.68	3.0
355.24	3.0
363.84	3.0
384.04	3.0
388.4	3.0
440.16	3.0
465.28	3.0
483.8	3.0
497.84	3.0
521.24	3.0
643.0	3.0
868.92	3.0
302.84	4.0
319.32	4.0
321.96	5.0
318.12	5.0
327.08	5.0
335.72	5.0
331.68	6.0
337.92	6.0
165.52	6.0
318.12	6.0
321.92	6.0
472.88	6.0
842.68	6.0
321.8	7.0
335.64	7.0
341.68	7.0
669.92	7.0
192.24	8.0
226.84	8.0
318.2	8.0
320.72	8.0
324.88	8.0
330.24	8.0
374.52	8.0
319.32	9.0
338.56	9.0
328.2	10.0
373.4	10.0
445.0	10.0
464.96	10.0
524.84	10.0
797.76	10.0
147.12	10.0
168.0	10.0
228.76	10.0
202.44	11.0
327.48	11.0
497.88	11.0
643.08	11.0
708.12	11.0
137.24	11.0
251.12	11.0
332.0	11.0
337.68	11.0
444.52	11.0
890.64	11.0
143.28	12.0
416.4	12.0
715.4	12.0
208.0	13.0
314.6	13.0
318.4	13.0
343.0	13.0
360.84	13.0
383.16	13.0
331.92	14.0
334.52	14.0
341.36	14.0
322.2	14.0
351.08	14.0
364.28	14.0
389.4	14.0
432.84	14.0
314.6	15.0
353.0	16.0
188.8	20.0
314.28	20.0
327.72	20.0
324.56	21.0
327.2	21.0
182.04	21.0
232.76	21.0
312.4	21.0
319.8	21.0
331.04	21.0
334.96	21.0
348.68	21.0
363.32	21.0
393.68	21.0
415.72	21.0
448.36	21.0
497.08	21.0
545.52	21.0
615.0	21.0
649.36	21.0
709.68	21.0
766.52	21.0
866.28	21.0
110.52	22.0
127.64	22.0
134.92	22.0
274.6	22.0
319.64	22.0
325.08	22.0
350.12	22.0
646.6	22.0
685.08	22.0
709.2	22.0
150.88	23.0
319.48	23.0
324.2	23.0
333.8	23.0
337.88	23.0
341.04	23.0
343.64	23.0
389.48	23.0
314.4	24.0
319.16	24.0
323.68	24.0
334.36	24.0
347.56	24.0
367.04	24.0
379.04	24.0
431.84	24.0
460.28	24.0
622.16	24.0
314.44	25.0
322.4	25.0
327.44	25.0
433.36	26.0
314.04	26.0
320.8	26.0
329.4	26.0
335.28	26.0
341.52	26.0
347.88	26.0
358.4	26.0
368.6	26.0
380.0	26.0
388.28	26.0
402.32	26.0
411.44	26.0
428.04	26.0
436.04	26.0
445.96	26.0
452.04	26.0
469.56	26.0
497.76	26.0
500.84	26.0
583.84	26.0
598.84	26.0
611.96	26.0
624.92	26.0
647.2	26.0
660.32	26.0
716.56	26.0
754.96	26.0
814.52	26.0
501.16	27.0
331.96	27.0
433.48	27.0
672.08	27.0
741.4	27.0
327.68	28.0
312.08	28.0
318.96	28.0
321.96	28.0
339.64	28.0
347.52	28.0
351.24	28.0
696.28	29.0
313.84	29.0
338.84	29.0
158.2	30.0
322.6	30.0
329.2	30.0
335.88	30.0
339.72	30.0
354.72	30.0
368.88	30.0
401.76	30.0
435.8	30.0
524.28	30.0
612.68	30.0
773.52	30.0
822.8	30.0
889.96	30.0
326.12	31.0
319.96	31.0
337.8	31.0
349.2	31.0
394.64	31.0
820.76	31.0
312.88	33.0
327.96	33.0
320.2	33.0
336.68	33.0
325.92	34.0
188.92	34.0
892.48	34.0
146.12	35.0
150.56	35.0
302.56	35.0
312.0	35.0
215.76	35.0
241.0	35.0
322.96	35.0
326.84	35.0
330.24	35.0
334.8	35.0
343.48	35.0
349.52	35.0
352.16	35.0
375.68	35.0
388.36	35.0
502.76	35.0
665.68	35.0
333.64	36.0
