9.0	1.0
754.72	1.0
306.24	2.0
309.0	2.0
815.8	2.0
4.04	2.0
23.12	2.0
27.64	2.0
39.96	2.0
43.0	2.0
56.88	2.0
60.04	2.0
69.96	2.0
75.04	2.0
83.56	2.0
87.08	2.0
95.8	2.0
113.24	2.0
115.76	2.0
131.2	2.0
184.36	2.0
189.08	2.0
247.76	2.0
311.6	2.0
318.56	2.0
332.0	2.0
351.16	2.0
377.32	2.0
550.16	2.0
744.4	2.0
760.44	2.0
776.44	2.0
788.52	2.0
795.56	2.0
822.56	2.0
830.76	2.0
309.4	3.0
4.24	3.0
27.6	3.0
58.44	3.0
87.4	3.0
95.68	3.0
116.32	3.0
306.64	3.0
314.12	3.0
319.84	3.0
323.28	3.0
326.08	3.0
331.92	3.0
336.72	3.0
341.96	3.0
356.4	3.0
371.52	3.0
377.12	3.0
417.56	3.0
762.92	3.0
781.64	3.0
793.68	3.0
796.84	3.0
805.04	3.0
815.48	3.0
821.76	3.0
854.0	3.0
857.36	3.0
870.2	3.0
302.84	4.0
4.08	4.0
31.64	4.0
43.68	4.0
62.92	4.0
111.76	4.0
140.32	4.0
197.08	4.0
306.12	4.0
321.12	4.0
339.6	4.0
357.12	4.0
385.16	4.0
748.68	4.0
771.72	4.0
794.96	4.0
812.32	4.0
846.28	4.0
885.8	4.0
79.0	5.0
106.8	5.0
795.12	5.0
307.04	5.0
310.32	5.0
772.08	5.0
186.88	6.0
306.68	6.0
102.12	6.0
131.64	6.0
318.68	6.0
397.04	6.0
810.0	6.0
843.4	6.0
833.52	7.0
66.72	7.0
317.28	7.0
403.36	7.0
750.32	7.0
770.88	7.0
818.08	7.0
820.64	7.0
840.0	7.0
876.68	7.0
80.76	8.0
143.2	8.0
217.8	8.0
306.6	8.0
323.32	8.0
342.2	8.0
421.08	8.0
769.2	8.0
784.16	8.0
813.52	8.0
308.28	9.0
44.56	9.0
56.96	9.0
329.32	9.0
793.88	9.0
44.68	10.0
86.44	10.0
119.4	10.0
740.36	10.0
754.52	10.0
775.8	10.0
143.24	10.0
276.52	10.0
307.2	10.0
312.56	10.0
795.76	10.0
62.52	11.0
127.4	11.0
342.0	11.0
4.16	11.0
14.96	11.0
28.36	11.0
57.6	11.0
314.24	11.0
319.56	11.0
330.96	11.0
377.44	11.0
776.6	11.0
793.52	11.0
797.52	11.0
820.48	11.0
825.64	11.0
857.52	11.0
892.04	11.0
676.04	12.0
33.72	12.0
54.16	12.0
88.52	12.0
132.52	12.0
138.72	12.0
172.72	12.0
314.08	12.0
319.92	12.0
706.24	12.0
735.16	12.0
742.64	12.0
762.92	12.0
784.12	12.0
816.88	12.0
850.52	12.0
79.2	13.0
74.16	13.0
99.88	13.0
160.6	13.0
306.92	13.0
313.16	13.0
324.44	13.0
339.2	13.0
763.32	13.0
776.68	13.0
792.32	13.0
810.56	13.0
811.44	14.0
31.0	14.0
63.24	14.0
307.88	14.0
741.28	14.0
762.16	14.0
771.04	14.0
794.16	14.0
307.6	15.0
66.64	16.0
80.08	16.0
202.52	16.0
803.28	16.0
116.36	18.0
798.36	18.0
819.36	18.0
158.2	18.0
306.76	19.0
374.56	19.0
308.08	20.0
323.24	20.0
92.28	20.0
126.32	20.0
778.72	20.0
90.52	21.0
50.44	21.0
65.92	21.0
70.12	21.0
81.4	21.0
110.36	21.0
121.76	21.0
145.68	21.0
171.32	21.0
292.64	21.0
309.48	21.0
313.56	21.0
320.68	21.0
328.68	21.0
341.8	21.0
360.96	21.0
749.64	21.0
755.92	21.0
766.48	21.0
773.16	21.0
782.16	21.0
784.76	21.0
797.72	21.0
809.6	21.0
819.16	21.0
837.72	21.0
858.04	21.0
795.56	22.0
73.6	22.0
90.44	22.0
307.84	22.0
312.84	22.0
318.96	22.0
613.2	22.0
626.2	22.0
643.04	22.0
690.6	22.0
698.56	22.0
799.32	22.0
313.68	23.0
323.04	23.0
14.32	23.0
27.2	23.0
46.2	23.0
57.16	23.0
62.32	23.0
70.8	23.0
78.2	23.0
103.32	23.0
121.72	23.0
142.64	23.0
185.92	23.0
306.36	23.0
309.84	23.0
330.16	23.0
344.6	23.0
386.2	23.0
550.92	23.0
742.28	23.0
759.76	23.0
767.52	23.0
773.36	23.0
791.72	23.0
795.2	23.0
802.28	23.0
813.48	23.0
826.72	23.0
839.04	23.0
841.84	23.0
856.52	23.0
988.16	23.0
1052.8	23.0
61.56	24.0
77.72	24.0
81.36	24.0
93.8	24.0
104.72	24.0
126.32	24.0
141.72	24.0
164.52	24.0
167.88	24.0
184.56	24.0
307.0	24.0
316.08	24.0
328.68	24.0
756.88	24.0
772.04	24.0
781.92	24.0
796.84	24.0
817.88	24.0
138.2	26.0
348.92	26.0
918.56	26.0
44.08	26.0
55.84	26.0
102.36	26.0
119.72	26.0
124.76	26.0
141.12	26.0
150.76	26.0
175.08	26.0
191.96	26.0
202.52	26.0
224.44	26.0
234.08	26.0
253.8	26.0
280.12	26.0
309.64	26.0
314.32	26.0
320.76	26.0
338.28	26.0
358.24	26.0
380.04	26.0
398.28	26.0
416.52	26.0
432.0	26.0
688.28	26.0
710.56	26.0
726.8	26.0
748.8	26.0
769.08	26.0
772.28	26.0
777.68	26.0
792.0	26.0
796.92	26.0
804.36	26.0
814.88	26.0
831.08	26.0
835.48	26.0
840.88	26.0
845.16	26.0
861.8	26.0
877.08	26.0
887.52	26.0
897.08	26.0
913.64	26.0
937.6	26.0
951.36	26.0
970.44	26.0
993.2	26.0
1014.12	26.0
15.44	27.0
75.24	27.0
368.56	27.0
16.44	28.0
26.32	28.0
40.56	28.0
56.64	28.0
306.32	28.0
315.08	28.0
751.32	28.0
791.52	28.0
812.68	28.0
56.2	29.0
39.16	30.0
47.2	30.0
69.56	30.0
84.08	30.0
121.56	30.0
162.84	30.0
306.28	30.0
328.28	30.0
354.72	30.0
389.28	30.0
750.4	30.0
776.2	30.0
791.72	30.0
815.4	30.0
825.92	30.0
836.48	30.0
922.6	30.0
89.84	31.0
306.4	31.0
309.92	31.0
341.36	31.0
143.12	33.0
313.72	33.0
123.16	33.0
306.76	34.0
3.4	34.0
70.96	34.0
316.92	34.0
324.76	34.0
308.0	35.0
63.48	35.0
93.28	35.0
132.0	35.0
136.72	35.0
172.76	35.0
204.12	35.0
313.64	35.0
749.32	35.0
761.24	35.0
770.6	35.0
773.76	35.0
784.76	35.0
792.56	35.0
803.0	35.0
807.6	35.0
820.88	35.0
832.56	35.0
856.2	35.0
868.04	35.0
950.76	35.0
302.56	36.0
