115.24	1.0
1027.88	2.0
7.32	2.0
25.0	2.0
45.72	2.0
59.8	2.0
77.52	2.0
92.6	2.0
115.6	2.0
131.48	2.0
161.08	2.0
180.16	2.0
183.32	2.0
209.64	2.0
278.88	2.0
302.92	2.0
306.96	2.0
316.88	2.0
320.28	2.0
353.4	2.0
477.76	2.0
492.96	2.0
496.52	2.0
569.44	2.0
573.32	2.0
585.68	2.0
631.56	2.0
640.4	2.0
646.64	2.0
688.68	2.0
720.32	2.0
757.12	2.0
759.68	2.0
870.04	2.0
873.84	2.0
894.2	2.0
929.72	2.0
988.88	2.0
1023.44	2.0
1035.84	2.0
1041.88	2.0
1055.44	2.0
1067.96	2.0
1101.8	2.0
1105.0	2.0
1181.56	2.0
1254.4	2.0
1300.44	2.0
1328.32	2.0
1373.24	2.0
25.12	3.0
28.88	3.0
45.88	3.0
78.88	3.0
143.88	3.0
160.76	3.0
191.04	3.0
201.6	3.0
211.72	3.0
236.72	3.0
255.76	3.0
306.84	3.0
309.44	3.0
313.44	3.0
328.52	3.0
331.16	3.0
525.16	3.0
585.84	3.0
592.72	3.0
720.48	3.0
724.2	3.0
730.84	3.0
794.64	3.0
864.32	3.0
874.0	3.0
895.16	3.0
929.44	3.0
950.12	3.0
989.08	3.0
1050.0	3.0
1098.0	3.0
1143.2	3.0
1255.44	3.0
1271.76	3.0
1330.16	3.0
1351.8	3.0
5.12	4.0
32.92	4.0
55.44	4.0
99.68	4.0
116.0	4.0
142.28	4.0
211.36	4.0
225.4	4.0
239.72	4.0
261.84	4.0
279.72	4.0
312.56	4.0
329.76	4.0
349.92	4.0
370.92	4.0
397.72	4.0
432.32	4.0
530.92	4.0
621.24	4.0
657.36	4.0
696.16	4.0
782.92	4.0
827.92	4.0
868.56	4.0
898.68	4.0
929.12	4.0
1067.0	4.0
1110.64	4.0
1128.8	4.0
1146.0	4.0
1163.36	4.0
1193.92	4.0
1212.0	4.0
1240.96	4.0
1266.88	4.0
1320.52	4.0
1374.04	4.0
328.04	5.0
307.16	5.0
1216.6	5.0
326.68	6.0
1166.88	6.0
42.76	7.0
214.2	7.0
233.84	7.0
332.16	7.0
432.88	7.0
5.08	8.0
58.16	8.0
142.76	8.0
166.0	8.0
239.96	8.0
263.28	8.0
307.72	8.0
311.76	8.0
352.24	8.0
524.72	8.0
565.0	8.0
699.16	8.0
810.84	8.0
956.64	8.0
998.8	8.0
1070.76	8.0
1127.76	8.0
1167.48	8.0
1192.6	8.0
94.68	9.0
161.4	9.0
1307.12	9.0
7.16	10.0
90.28	10.0
159.44	10.0
201.88	10.0
268.24	10.0
309.12	10.0
403.96	10.0
520.56	10.0
684.64	10.0
747.6	10.0
762.64	10.0
808.48	10.0
892.56	10.0
923.32	10.0
1017.56	10.0
1059.88	10.0
1090.92	10.0
1193.96	10.0
1235.72	10.0
1294.32	10.0
1371.08	10.0
143.92	11.0
788.64	11.0
1027.84	11.0
43.12	11.0
92.0	11.0
120.32	11.0
133.68	11.0
162.8	11.0
180.6	11.0
209.72	11.0
240.24	11.0
302.56	11.0
306.36	11.0
318.2	11.0
474.24	11.0
479.2	11.0
492.44	11.0
524.48	11.0
582.64	11.0
647.6	11.0
665.28	11.0
759.76	11.0
836.56	11.0
890.68	11.0
895.2	11.0
926.16	11.0
931.56	11.0
1130.8	11.0
1162.88	11.0
1198.64	11.0
1214.96	11.0
1223.76	11.0
1367.32	11.0
572.92	12.0
1015.64	12.0
1152.6	12.0
1160.92	12.0
328.36	13.0
635.0	13.0
1373.6	13.0
139.68	14.0
357.84	14.0
959.68	14.0
1010.12	14.0
1034.52	14.0
1148.68	14.0
1216.52	15.0
313.8	16.0
567.0	16.0
1079.24	16.0
1153.12	16.0
310.08	17.0
1164.72	18.0
311.2	20.0
313.12	21.0
21.96	21.0
264.08	21.0
309.44	21.0
317.8	21.0
327.2	21.0
341.32	21.0
578.52	21.0
721.28	21.0
793.2	21.0
1034.24	21.0
1116.8	21.0
1128.72	21.0
1305.96	21.0
325.72	22.0
131.84	22.0
231.84	22.0
307.64	22.0
310.48	22.0
396.6	22.0
695.36	22.0
752.88	22.0
809.6	22.0
851.12	22.0
949.32	22.0
1024.56	22.0
1050.04	22.0
1123.2	22.0
1167.92	22.0
1267.8	22.0
368.4	23.0
651.32	23.0
976.4	23.0
40.56	23.0
50.64	23.0
95.4	23.0
137.76	23.0
210.4	23.0
259.0	23.0
283.16	23.0
308.08	23.0
313.72	23.0
334.36	23.0
349.52	23.0
443.28	23.0
524.92	23.0
565.92	23.0
645.96	23.0
664.16	23.0
696.6	23.0
711.24	23.0
753.08	23.0
765.4	23.0
812.92	23.0
851.12	23.0
882.04	23.0
934.28	23.0
957.2	23.0
983.44	23.0
1012.64	23.0
1018.8	23.0
1040.24	23.0
1063.56	23.0
1085.8	23.0
1125.64	23.0
1313.6	23.0
1326.84	23.0
307.76	24.0
287.72	24.0
316.68	24.0
332.56	24.0
349.04	24.0
1044.68	24.0
1102.64	24.0
309.24	25.0
30.8	25.0
918.16	25.0
1012.8	25.0
1035.88	25.0
1352.88	25.0
284.24	26.0
797.16	26.0
1322.52	26.0
33.08	26.0
65.24	26.0
95.84	26.0
146.8	26.0
160.64	26.0
186.6	26.0
212.04	26.0
266.96	26.0
278.0	26.0
296.28	26.0
308.36	26.0
312.16	26.0
328.52	26.0
338.96	26.0
358.92	26.0
379.84	26.0
389.04	26.0
431.56	26.0
491.04	26.0
568.52	26.0
626.08	26.0
655.8	26.0
768.12	26.0
822.04	26.0
833.64	26.0
873.92	26.0
921.56	26.0
941.88	26.0
956.32	26.0
971.32	26.0
998.28	26.0
1011.72	26.0
1038.08	26.0
1049.84	26.0
1064.6	26.0
1097.16	26.0
1128.16	26.0
1167.92	26.0
1229.32	26.0
1255.76	26.0
1297.84	26.0
1333.64	26.0
1352.96	26.0
150.6	27.0
235.08	27.0
307.48	27.0
331.16	27.0
666.56	27.0
769.64	27.0
940.76	27.0
1289.72	27.0
1320.24	27.0
1370.68	27.0
36.36	28.0
56.0	28.0
94.2	28.0
97.32	28.0
158.68	28.0
183.84	28.0
239.28	28.0
250.2	28.0
309.52	28.0
478.28	28.0
525.8	28.0
617.0	28.0
936.04	28.0
988.48	28.0
991.76	28.0
1024.88	28.0
1126.76	28.0
1130.92	28.0
1264.36	28.0
1306.68	28.0
1375.68	28.0
110.6	29.0
102.0	30.0
314.12	30.0
328.12	30.0
575.08	30.0
935.68	30.0
1087.6	30.0
1130.36	30.0
90.48	31.0
307.4	31.0
1023.16	31.0
306.52	33.0
887.6	33.0
325.56	33.0
731.72	34.0
950.8	34.0
1185.4	34.0
108.0	35.0
48.6	35.0
152.84	35.0
157.76	35.0
192.96	35.0
211.36	35.0
233.76	35.0
246.56	35.0
279.48	35.0
309.96	35.0
313.76	35.0
324.64	35.0
338.6	35.0
359.08	35.0
374.64	35.0
379.0	35.0
387.0	35.0
431.88	35.0
465.12	35.0
524.68	35.0
547.44	35.0
566.64	35.0
579.32	35.0
606.4	35.0
625.64	35.0
663.12	35.0
698.08	35.0
704.12	35.0
759.48	35.0
767.4	35.0
772.84	35.0
811.24	35.0
861.8	35.0
875.68	35.0
934.68	35.0
949.4	35.0
960.52	35.0
1010.4	35.0
1030.44	35.0
1051.4	35.0
1075.88	35.0
1097.88	35.0
1100.88	35.0
1126.36	35.0
1147.24	35.0
1164.28	35.0
1208.92	35.0
1253.08	35.0
1258.76	35.0
1275.96	35.0
1303.24	35.0
1334.72	35.0
1392.08	35.0
302.56	36.0
395.36	36.0
658.16	36.0
684.92	36.0
901.12	36.0
1240.72	36.0
1378.48	36.0
