346.24	1.0
662.4	1.0
778.0	1.0
1439.56	1.0
900.0	2.0
12.84	2.0
40.48	2.0
72.52	2.0
127.24	2.0
146.96	2.0
149.52	2.0
155.52	2.0
213.96	2.0
280.68	2.0
303.0	2.0
306.56	2.0
311.56	2.0
329.32	2.0
358.52	2.0
440.84	2.0
466.84	2.0
500.32	2.0
533.64	2.0
547.56	2.0
552.16	2.0
596.44	2.0
602.92	2.0
644.76	2.0
679.92	2.0
726.56	2.0
783.2	2.0
828.84	2.0
834.92	2.0
854.16	2.0
861.72	2.0
864.4	2.0
992.68	2.0
1012.36	2.0
1044.2	2.0
1105.24	2.0
1152.92	2.0
1234.12	2.0
1252.24	2.0
1318.28	2.0
1322.92	2.0
1329.36	2.0
1342.28	2.0
1357.88	2.0
1377.2	2.0
1391.76	2.0
1420.08	2.0
5.12	3.0
40.64	3.0
91.68	3.0
127.4	3.0
216.44	3.0
306.36	3.0
309.16	3.0
315.64	3.0
327.28	3.0
355.96	3.0
379.08	3.0
383.4	3.0
434.0	3.0
441.0	3.0
552.32	3.0
603.12	3.0
680.2	3.0
757.16	3.0
882.8	3.0
900.52	3.0
980.16	3.0
992.44	3.0
998.04	3.0
1010.64	3.0
1035.92	3.0
1063.0	3.0
1111.32	3.0
1205.64	3.0
1315.44	3.0
1382.8	3.0
1403.56	3.0
1439.64	3.0
302.92	4.0
36.2	4.0
77.04	4.0
95.44	4.0
122.16	4.0
132.56	4.0
158.76	4.0
196.84	4.0
214.84	4.0
310.16	4.0
326.84	4.0
356.2	4.0
366.36	4.0
378.16	4.0
396.2	4.0
422.04	4.0
440.52	4.0
475.16	4.0
493.72	4.0
544.6	4.0
788.12	4.0
892.24	4.0
922.64	4.0
939.0	4.0
957.72	4.0
979.48	4.0
999.72	4.0
1035.52	4.0
1083.08	4.0
1111.08	4.0
1167.48	4.0
1188.2	4.0
1209.36	4.0
1222.0	4.0
1242.92	4.0
1287.0	4.0
1297.96	4.0
1351.32	4.0
1369.44	4.0
1384.76	4.0
1404.96	4.0
1422.96	4.0
307.0	5.0
128.84	6.0
194.8	6.0
275.24	6.0
327.6	6.0
362.48	6.0
456.12	6.0
825.76	6.0
993.68	6.0
1058.88	6.0
1174.84	6.0
1178.32	6.0
1234.16	6.0
308.76	7.0
337.88	7.0
394.24	7.0
925.12	7.0
1369.92	7.0
213.72	8.0
239.84	8.0
309.76	8.0
328.24	8.0
355.44	8.0
385.64	8.0
465.24	8.0
835.68	8.0
885.4	8.0
961.48	8.0
1052.92	8.0
1100.04	8.0
74.6	9.0
115.68	9.0
201.28	9.0
308.28	9.0
598.84	9.0
680.64	9.0
706.2	9.0
784.76	9.0
868.16	9.0
906.48	9.0
990.96	9.0
1148.92	9.0
1406.0	9.0
308.56	10.0
1021.6	10.0
1235.08	10.0
359.0	10.0
362.16	10.0
679.88	10.0
1197.52	10.0
1268.84	10.0
136.72	11.0
206.32	11.0
310.72	11.0
998.08	11.0
1046.4	11.0
1236.32	11.0
1387.52	11.0
1423.04	11.0
70.88	11.0
110.56	11.0
175.0	11.0
308.2	11.0
318.2	11.0
337.32	11.0
360.12	11.0
379.36	11.0
436.44	11.0
500.48	11.0
546.6	11.0
680.2	11.0
751.24	11.0
829.04	11.0
845.6	11.0
872.36	11.0
899.44	11.0
970.56	11.0
1038.16	11.0
1101.6	11.0
1149.32	11.0
1187.68	11.0
1213.44	11.0
1293.84	11.0
1339.92	11.0
1375.8	11.0
310.68	12.0
129.6	12.0
306.8	12.0
331.2	12.0
571.96	12.0
1083.88	12.0
1175.08	12.0
193.68	13.0
306.68	13.0
673.76	13.0
864.6	13.0
960.16	13.0
1190.96	13.0
310.88	14.0
95.92	14.0
319.76	14.0
439.32	14.0
319.28	15.0
157.56	15.0
307.36	15.0
347.64	15.0
601.8	15.0
1068.44	15.0
1275.72	15.0
1367.96	15.0
436.36	16.0
555.4	16.0
1078.68	16.0
1351.32	16.0
1368.68	18.0
306.44	20.0
1001.92	20.0
295.4	20.0
315.64	20.0
900.72	20.0
1091.4	20.0
1375.48	20.0
81.76	21.0
164.52	21.0
309.52	21.0
316.44	21.0
327.68	21.0
339.08	21.0
351.2	21.0
360.8	21.0
501.32	21.0
533.72	21.0
838.24	21.0
969.32	21.0
1061.8	21.0
1144.76	21.0
1299.2	21.0
141.6	22.0
23.4	22.0
85.12	22.0
326.36	22.0
678.0	22.0
911.96	22.0
1025.12	22.0
1064.04	22.0
1186.24	22.0
1297.28	22.0
1388.88	22.0
1399.88	22.0
1404.04	22.0
126.2	23.0
158.84	23.0
306.4	23.0
740.88	23.0
890.76	23.0
968.48	23.0
1149.08	23.0
26.56	23.0
37.32	23.0
77.88	23.0
88.92	23.0
133.96	23.0
189.6	23.0
194.32	23.0
205.56	23.0
317.12	23.0
328.68	23.0
351.64	23.0
355.04	23.0
368.68	23.0
380.84	23.0
391.32	23.0
396.8	23.0
429.0	23.0
443.2	23.0
462.92	23.0
502.84	23.0
532.12	23.0
654.4	23.0
708.24	23.0
711.32	23.0
855.32	23.0
872.12	23.0
887.92	23.0
920.28	23.0
927.24	23.0
953.2	23.0
955.92	23.0
975.56	23.0
1002.76	23.0
1014.76	23.0
1064.16	23.0
1190.64	23.0
1199.52	23.0
1202.32	23.0
1236.64	23.0
1282.44	23.0
1319.48	23.0
1328.04	23.0
1384.24	23.0
1406.68	23.0
1430.72	23.0
1436.16	23.0
26.92	24.0
91.24	24.0
318.96	24.0
334.92	24.0
359.32	24.0
1348.36	24.0
918.24	25.0
1039.96	25.0
1346.84	25.0
330.96	26.0
351.56	26.0
1389.16	26.0
42.16	26.0
85.4	26.0
112.48	26.0
125.2	26.0
202.32	26.0
302.8	26.0
310.28	26.0
316.68	26.0
326.88	26.0
340.68	26.0
374.92	26.0
457.76	26.0
530.0	26.0
539.24	26.0
585.0	26.0
621.56	26.0
679.92	26.0
697.36	26.0
789.76	26.0
818.36	26.0
846.8	26.0
859.04	26.0
884.04	26.0
899.6	26.0
903.88	26.0
919.0	26.0
926.16	26.0
998.04	26.0
1022.64	26.0
1035.52	26.0
1065.72	26.0
1085.04	26.0
1121.08	26.0
1137.32	26.0
1170.56	26.0
1208.48	26.0
1222.4	26.0
1311.96	26.0
1328.24	26.0
1362.4	26.0
1371.2	26.0
1374.2	26.0
1393.72	26.0
1398.4	26.0
1415.0	26.0
1428.72	26.0
102.8	27.0
351.24	27.0
449.08	27.0
606.0	27.0
660.92	27.0
796.88	27.0
845.4	27.0
1003.64	27.0
1072.4	27.0
1171.48	27.0
1275.08	27.0
1314.68	27.0
1352.52	27.0
54.4	28.0
121.28	28.0
200.88	28.0
282.92	28.0
307.4	28.0
310.6	28.0
313.68	28.0
318.92	28.0
342.76	28.0
356.68	28.0
461.12	28.0
538.48	28.0
598.48	28.0
680.24	28.0
784.32	28.0
830.24	28.0
843.36	28.0
883.48	28.0
906.08	28.0
990.56	28.0
1003.04	28.0
1165.44	28.0
1195.0	28.0
1213.6	28.0
1270.76	28.0
1315.76	28.0
1405.64	28.0
70.4	29.0
282.72	29.0
306.44	29.0
313.92	29.0
363.28	29.0
704.32	29.0
750.24	29.0
830.08	29.0
986.6	29.0
1100.44	29.0
1209.56	29.0
33.44	30.0
124.24	30.0
214.0	30.0
315.08	30.0
327.64	30.0
353.92	30.0
386.12	30.0
505.92	30.0
835.52	30.0
926.96	30.0
1150.64	30.0
1333.44	30.0
312.36	31.0
325.68	31.0
351.88	31.0
309.52	33.0
316.04	33.0
1371.44	33.0
195.6	34.0
314.72	34.0
810.52	34.0
822.72	34.0
918.16	34.0
1056.56	34.0
1294.32	34.0
919.28	35.0
24.0	35.0
26.72	35.0
73.2	35.0
80.64	35.0
119.16	35.0
133.44	35.0
158.04	35.0
196.48	35.0
229.44	35.0
241.28	35.0
297.84	35.0
309.08	35.0
312.2	35.0
329.28	35.0
346.36	35.0
349.68	35.0
353.2	35.0
360.68	35.0
385.6	35.0
393.76	35.0
401.32	35.0
422.36	35.0
428.4	35.0
462.24	35.0
501.92	35.0
545.16	35.0
640.36	35.0
644.48	35.0
687.76	35.0
711.76	35.0
765.04	35.0
841.52	35.0
852.32	35.0
872.96	35.0
883.36	35.0
916.36	35.0
925.52	35.0
996.16	35.0
1003.16	35.0
1029.6	35.0
1037.04	35.0
1064.08	35.0
1075.76	35.0
1101.12	35.0
1108.76	35.0
1156.24	35.0
1205.32	35.0
1258.04	35.0
1267.24	35.0
1286.84	35.0
1314.84	35.0
1342.84	35.0
1360.52	35.0
1370.24	35.0
1390.24	35.0
1405.6	35.0
1430.96	35.0
246.56	36.0
302.6	36.0
618.36	36.0
1039.64	36.0
1340.48	36.0
