25.76	1.0
189.68	1.0
420.32	1.0
579.16	1.0
1020.96	1.0
1108.48	1.0
67.92	2.0
307.52	2.0
421.4	2.0
29.52	2.0
93.28	2.0
95.8	2.0
157.32	2.0
174.44	2.0
180.56	2.0
188.16	2.0
236.32	2.0
271.24	2.0
297.08	2.0
302.96	2.0
319.92	2.0
534.88	2.0
580.24	2.0
616.6	2.0
646.04	2.0
671.76	2.0
740.52	2.0
801.08	2.0
820.2	2.0
832.8	2.0
878.4	2.0
883.68	2.0
934.16	2.0
938.92	2.0
971.6	2.0
1090.52	2.0
1108.92	2.0
1120.76	2.0
1129.16	2.0
1151.76	2.0
1202.56	2.0
1205.44	2.0
1283.96	2.0
1315.12	2.0
1327.4	2.0
1205.24	3.0
67.8	3.0
95.92	3.0
105.6	3.0
201.84	3.0
236.08	3.0
271.96	3.0
306.08	3.0
309.36	3.0
312.24	3.0
380.4	3.0
421.92	3.0
480.56	3.0
535.04	3.0
580.48	3.0
684.84	3.0
792.24	3.0
834.56	3.0
883.4	3.0
939.08	3.0
964.76	3.0
973.84	3.0
1047.68	3.0
1090.72	3.0
1118.2	3.0
1151.44	3.0
1212.96	3.0
1260.04	3.0
1285.32	3.0
25.44	4.0
59.52	4.0
88.36	4.0
107.4	4.0
146.76	4.0
177.2	4.0
202.8	4.0
238.88	4.0
272.24	4.0
298.92	4.0
327.24	4.0
347.88	4.0
363.8	4.0
380.24	4.0
408.44	4.0
420.32	4.0
444.12	4.0
460.6	4.0
480.16	4.0
504.52	4.0
518.88	4.0
534.44	4.0
550.04	4.0
579.2	4.0
617.6	4.0
634.08	4.0
671.24	4.0
687.8	4.0
794.88	4.0
817.8	4.0
896.44	4.0
949.24	4.0
987.08	4.0
1020.12	4.0
1037.28	4.0
1047.92	4.0
1079.76	4.0
1109.48	4.0
1129.88	4.0
1146.68	4.0
1206.6	4.0
1247.8	4.0
1273.4	4.0
1288.32	4.0
1328.16	4.0
327.44	5.0
795.16	5.0
974.36	5.0
315.84	6.0
358.2	6.0
820.52	6.0
860.08	6.0
930.24	6.0
1187.64	6.0
1238.0	6.0
428.84	7.0
222.6	7.0
237.52	7.0
577.88	7.0
1131.96	7.0
1143.96	7.0
25.32	8.0
46.64	8.0
92.76	8.0
156.24	8.0
216.96	8.0
232.76	8.0
330.16	8.0
444.32	8.0
511.68	8.0
617.32	8.0
759.68	8.0
777.32	8.0
847.8	8.0
880.24	8.0
932.92	8.0
963.8	8.0
998.16	8.0
1147.24	8.0
1226.24	8.0
1312.56	8.0
137.72	9.0
323.4	9.0
465.64	9.0
586.12	9.0
711.0	9.0
798.16	9.0
931.36	9.0
1030.36	9.0
1313.96	9.0
302.92	10.0
91.96	10.0
190.44	10.0
221.24	10.0
295.2	10.0
307.28	10.0
405.32	10.0
483.84	10.0
571.32	10.0
634.36	10.0
707.04	10.0
716.88	10.0
830.52	10.0
861.76	10.0
931.4	10.0
1061.96	10.0
1178.76	10.0
1202.56	10.0
834.6	11.0
923.64	11.0
1001.96	11.0
1211.48	11.0
60.16	11.0
94.32	11.0
153.52	11.0
164.24	11.0
184.36	11.0
224.56	11.0
247.88	11.0
261.24	11.0
343.16	11.0
380.64	11.0
419.28	11.0
530.4	11.0
537.64	11.0
576.88	11.0
638.0	11.0
663.84	11.0
714.12	11.0
766.96	11.0
800.84	11.0
848.64	11.0
900.64	11.0
919.56	11.0
970.76	11.0
1067.72	11.0
1109.08	11.0
1115.72	11.0
1145.68	11.0
1194.16	11.0
1201.88	11.0
1225.12	11.0
1228.28	11.0
62.04	12.0
235.28	12.0
309.08	12.0
1028.12	12.0
1156.0	12.0
107.8	13.0
797.84	13.0
940.48	13.0
1047.0	13.0
1113.92	13.0
1205.36	13.0
153.48	14.0
231.04	14.0
282.88	14.0
297.2	14.0
306.88	14.0
319.8	14.0
988.28	14.0
1175.84	14.0
1302.96	14.0
135.88	15.0
294.84	15.0
490.04	15.0
1105.52	15.0
1157.32	15.0
382.32	16.0
422.04	16.0
1063.6	16.0
229.52	17.0
166.48	17.0
221.4	20.0
861.52	20.0
1311.6	20.0
102.68	21.0
296.48	21.0
310.16	21.0
322.24	21.0
332.88	21.0
349.92	21.0
428.0	21.0
676.0	21.0
899.32	21.0
1004.96	21.0
1209.84	21.0
306.0	22.0
37.36	22.0
107.72	22.0
136.16	22.0
178.72	22.0
219.52	22.0
316.92	22.0
319.44	22.0
934.28	22.0
1247.56	22.0
1278.0	22.0
306.52	23.0
684.04	23.0
3.88	23.0
27.44	23.0
37.12	23.0
64.32	23.0
66.84	23.0
165.16	23.0
171.16	23.0
185.0	23.0
219.72	23.0
259.88	23.0
297.88	23.0
319.92	23.0
347.12	23.0
419.36	23.0
428.12	23.0
457.92	23.0
473.68	23.0
477.0	23.0
525.72	23.0
574.6	23.0
618.24	23.0
637.44	23.0
667.64	23.0
727.48	23.0
748.16	23.0
796.68	23.0
803.52	23.0
838.76	23.0
884.72	23.0
907.68	23.0
932.52	23.0
940.56	23.0
999.16	23.0
1015.64	23.0
1021.08	23.0
1093.96	23.0
1107.92	23.0
1135.24	23.0
1161.64	23.0
1225.12	23.0
1256.64	23.0
1313.44	23.0
1319.12	23.0
315.96	24.0
341.48	24.0
365.84	24.0
791.48	24.0
20.8	25.0
101.64	25.0
784.2	25.0
823.12	25.0
1104.04	25.0
229.12	26.0
761.72	26.0
1154.56	26.0
1274.08	26.0
24.8	26.0
34.12	26.0
70.36	26.0
82.28	26.0
92.12	26.0
106.12	26.0
118.8	26.0
128.36	26.0
154.48	26.0
189.4	26.0
206.76	26.0
223.2	26.0
266.16	26.0
291.4	26.0
308.12	26.0
310.8	26.0
316.08	26.0
324.8	26.0
376.92	26.0
395.0	26.0
447.48	26.0
475.52	26.0
488.92	26.0
618.48	26.0
642.48	26.0
670.6	26.0
699.6	26.0
717.88	26.0
787.92	26.0
827.0	26.0
871.4	26.0
881.4	26.0
928.68	26.0
933.08	26.0
986.72	26.0
1020.88	26.0
1029.32	26.0
1081.2	26.0
1106.88	26.0
1114.84	26.0
1137.48	26.0
1145.56	26.0
1178.52	26.0
1210.4	26.0
1250.76	26.0
1292.0	26.0
1319.04	26.0
227.8	27.0
306.12	27.0
460.32	27.0
829.56	27.0
1030.72	27.0
32.68	28.0
99.64	28.0
157.88	28.0
202.04	28.0
230.28	28.0
306.56	28.0
361.56	28.0
378.64	28.0
381.64	28.0
489.76	28.0
518.84	28.0
585.68	28.0
617.96	28.0
740.32	28.0
795.4	28.0
798.48	28.0
930.92	28.0
935.6	28.0
971.24	28.0
1011.56	28.0
1029.92	28.0
1070.76	28.0
1090.16	28.0
1134.52	28.0
1157.84	28.0
1205.44	28.0
1214.32	28.0
1272.48	28.0
1279.6	28.0
1313.52	28.0
1335.6	28.0
170.08	29.0
195.88	29.0
307.72	29.0
775.76	29.0
1190.4	29.0
26.0	30.0
92.8	30.0
200.08	30.0
231.92	30.0
246.6	30.0
275.84	30.0
297.36	30.0
327.0	30.0
350.32	30.0
382.48	30.0
494.16	30.0
773.16	30.0
777.6	30.0
880.6	30.0
895.04	30.0
962.88	30.0
994.0	30.0
1038.08	30.0
1212.36	30.0
1250.28	30.0
1272.6	30.0
1279.0	30.0
70.64	31.0
92.2	31.0
289.36	31.0
306.96	31.0
319.4	31.0
427.12	33.0
802.08	33.0
312.08	33.0
963.84	33.0
172.6	34.0
221.32	34.0
297.96	34.0
668.2	34.0
835.96	34.0
1179.56	34.0
1202.36	34.0
302.48	35.0
1161.16	35.0
1163.68	35.0
68.12	35.0
92.92	35.0
109.68	35.0
118.2	35.0
163.28	35.0
167.44	35.0
170.08	35.0
194.24	35.0
227.24	35.0
248.72	35.0
259.76	35.0
273.52	35.0
278.0	35.0
299.68	35.0
310.6	35.0
316.96	35.0
330.16	35.0
338.76	35.0
345.4	35.0
381.64	35.0
389.72	35.0
414.04	35.0
427.48	35.0
446.76	35.0
496.32	35.0
513.24	35.0
553.68	35.0
588.96	35.0
602.68	35.0
614.72	35.0
624.8	35.0
676.24	35.0
700.64	35.0
741.32	35.0
792.64	35.0
802.48	35.0
851.6	35.0
862.88	35.0
884.96	35.0
896.16	35.0
928.56	35.0
933.6	35.0
960.8	35.0
969.92	35.0
984.92	35.0
990.48	35.0
995.32	35.0
1001.04	35.0
1043.28	35.0
1062.92	35.0
1107.8	35.0
1122.48	35.0
1143.8	35.0
1153.84	35.0
1212.12	35.0
1242.72	35.0
1259.36	35.0
1268.08	35.0
1273.12	35.0
1290.8	35.0
1311.8	35.0
1324.92	35.0
25.92	36.0
60.96	36.0
132.36	36.0
245.44	36.0
273.36	36.0
302.56	36.0
380.2	36.0
454.52	36.0
543.28	36.0
575.2	36.0
789.72	36.0
881.16	36.0
980.16	36.0
1109.76	36.0
1155.32	36.0
1309.76	36.0
