329.24	1.0
1036.72	1.0
19.96	2.0
48.4	2.0
52.36	2.0
93.12	2.0
96.12	2.0
131.32	2.0
153.28	2.0
199.68	2.0
225.0	2.0
229.2	2.0
265.24	2.0
295.48	2.0
302.44	2.0
308.12	2.0
344.52	2.0
436.76	2.0
519.04	2.0
540.68	2.0
573.08	2.0
655.52	2.0
726.88	2.0
753.8	2.0
756.76	2.0
765.52	2.0
783.72	2.0
788.64	2.0
805.76	2.0
824.96	2.0
828.64	2.0
897.48	2.0
901.08	2.0
918.84	2.0
953.72	2.0
988.24	2.0
991.48	2.0
1008.84	2.0
1037.4	2.0
1142.64	2.0
1193.92	2.0
1226.0	2.0
1230.24	2.0
1267.28	2.0
1274.16	2.0
1301.56	2.0
1307.84	2.0
1319.04	2.0
1321.68	2.0
200.2	3.0
265.04	3.0
19.6	3.0
64.92	3.0
155.52	3.0
229.36	3.0
292.4	3.0
309.04	3.0
323.52	3.0
343.76	3.0
350.36	3.0
371.72	3.0
412.36	3.0
485.12	3.0
573.48	3.0
590.92	3.0
727.04	3.0
756.88	3.0
811.32	3.0
988.4	3.0
1061.68	3.0
1230.44	3.0
1318.96	3.0
302.88	4.0
26.36	4.0
79.24	4.0
110.88	4.0
172.56	4.0
199.32	4.0
233.72	4.0
311.88	4.0
326.2	4.0
339.96	4.0
358.44	4.0
385.48	4.0
412.76	4.0
440.36	4.0
462.08	4.0
503.0	4.0
542.48	4.0
592.72	4.0
689.8	4.0
1072.52	4.0
1229.2	4.0
1337.64	4.0
306.8	5.0
362.0	6.0
505.84	6.0
318.96	7.0
86.04	7.0
619.12	7.0
92.12	8.0
465.08	8.0
512.84	8.0
695.84	8.0
999.52	8.0
1165.64	8.0
1215.0	8.0
1296.04	8.0
1323.12	8.0
27.48	9.0
229.52	9.0
573.56	9.0
645.84	9.0
666.68	9.0
1157.92	9.0
1249.2	9.0
1274.44	9.0
602.64	10.0
761.44	10.0
1279.16	10.0
181.6	10.0
262.84	10.0
295.96	10.0
307.76	10.0
403.36	10.0
441.52	10.0
471.64	10.0
573.76	10.0
641.0	10.0
755.52	10.0
864.92	10.0
897.8	10.0
929.08	10.0
978.76	10.0
1212.68	10.0
1302.6	10.0
270.08	11.0
308.04	11.0
811.36	11.0
907.72	11.0
83.96	11.0
92.68	11.0
138.24	11.0
150.64	11.0
189.4	11.0
225.2	11.0
283.4	11.0
430.52	11.0
445.08	11.0
603.16	11.0
610.24	11.0
665.12	11.0
758.04	11.0
784.0	11.0
787.64	11.0
902.72	11.0
951.64	11.0
964.04	11.0
1001.76	11.0
1035.32	11.0
1077.48	11.0
1262.04	11.0
1315.72	11.0
1320.76	11.0
307.12	12.0
20.2	12.0
379.2	12.0
435.44	12.0
834.12	12.0
894.08	12.0
1233.76	12.0
111.68	13.0
306.8	13.0
327.64	13.0
585.44	13.0
235.36	14.0
339.6	14.0
202.36	14.0
244.56	14.0
702.2	14.0
802.4	14.0
1206.88	14.0
1255.72	14.0
1261.44	14.0
306.92	15.0
241.28	15.0
455.4	15.0
823.28	17.0
391.36	20.0
308.44	20.0
542.08	20.0
171.68	21.0
309.44	21.0
321.52	21.0
332.36	21.0
357.88	21.0
423.32	21.0
467.56	21.0
602.72	21.0
653.0	21.0
803.64	21.0
809.64	21.0
840.96	21.0
898.84	21.0
1309.84	21.0
1328.92	21.0
93.36	22.0
163.08	22.0
307.52	22.0
335.92	22.0
509.36	22.0
818.32	22.0
1188.52	22.0
1323.28	22.0
1330.6	22.0
306.56	23.0
653.36	23.0
993.88	23.0
1193.56	23.0
1314.6	23.0
5.6	23.0
26.4	23.0
55.8	23.0
92.76	23.0
96.56	23.0
114.28	23.0
163.2	23.0
197.12	23.0
214.0	23.0
225.8	23.0
261.0	23.0
310.48	23.0
329.8	23.0
398.56	23.0
445.4	23.0
467.28	23.0
509.48	23.0
513.8	23.0
692.92	23.0
762.32	23.0
902.36	23.0
1000.64	23.0
1048.16	23.0
1083.4	23.0
1215.68	23.0
1229.8	23.0
1301.28	23.0
1309.24	23.0
1325.64	23.0
73.48	24.0
200.04	24.0
235.2	24.0
248.52	24.0
307.2	24.0
320.16	24.0
337.6	24.0
853.68	24.0
1059.4	24.0
1260.04	24.0
1314.64	24.0
79.68	25.0
285.84	25.0
308.8	25.0
696.12	25.0
770.88	25.0
877.88	25.0
1271.68	25.0
1288.72	25.0
148.52	26.0
332.88	26.0
654.32	26.0
27.56	26.0
49.36	26.0
84.72	26.0
100.08	26.0
119.32	26.0
137.72	26.0
152.88	26.0
170.0	26.0
193.08	26.0
197.48	26.0
258.84	26.0
272.56	26.0
292.88	26.0
310.44	26.0
316.28	26.0
322.96	26.0
342.68	26.0
381.68	26.0
401.12	26.0
565.68	26.0
612.16	26.0
680.36	26.0
710.96	26.0
773.32	26.0
809.2	26.0
842.2	26.0
851.0	26.0
882.12	26.0
901.72	26.0
912.24	26.0
928.88	26.0
1003.96	26.0
1016.16	26.0
1221.32	26.0
1236.44	26.0
1255.92	26.0
1263.48	26.0
1275.76	26.0
1290.96	26.0
1299.36	26.0
1310.64	26.0
169.12	27.0
588.6	27.0
842.04	27.0
27.04	28.0
64.84	28.0
124.08	28.0
149.64	28.0
170.72	28.0
229.12	28.0
263.96	28.0
295.68	28.0
306.96	28.0
311.96	28.0
446.72	28.0
503.36	28.0
562.84	28.0
617.32	28.0
645.44	28.0
763.52	28.0
799.52	28.0
806.96	28.0
889.56	28.0
944.84	28.0
971.48	28.0
987.36	28.0
1076.32	28.0
1157.56	28.0
1189.88	28.0
1248.76	28.0
901.52	29.0
263.76	29.0
306.8	29.0
590.16	29.0
11.44	30.0
50.4	30.0
98.12	30.0
148.44	30.0
334.44	30.0
436.2	30.0
698.8	30.0
731.76	30.0
306.8	31.0
306.56	33.0
1230.92	33.0
1260.2	33.0
1287.68	33.0
841.0	33.0
176.04	34.0
338.8	34.0
607.56	34.0
826.24	34.0
8.6	35.0
55.44	35.0
86.04	35.0
92.92	35.0
160.0	35.0
187.08	35.0
201.28	35.0
213.08	35.0
232.04	35.0
260.12	35.0
294.4	35.0
313.0	35.0
328.48	35.0
346.92	35.0
359.64	35.0
369.48	35.0
376.08	35.0
388.76	35.0
393.64	35.0
401.76	35.0
466.6	35.0
484.24	35.0
496.8	35.0
508.0	35.0
513.4	35.0
553.72	35.0
562.88	35.0
628.92	35.0
668.16	35.0
737.4	35.0
771.12	35.0
788.8	35.0
796.16	35.0
831.56	35.0
842.0	35.0
922.32	35.0
957.52	35.0
1001.4	35.0
1035.96	35.0
1042.4	35.0
1049.8	35.0
1053.96	35.0
1216.12	35.0
1248.16	35.0
1266.08	35.0
1286.2	35.0
1307.6	35.0
227.08	36.0
302.6	36.0
423.0	36.0
836.2	36.0
977.6	36.0
1245.32	36.0
1258.16	36.0
1333.08	36.0
