853.88	1.0
67.44	1.0
96.28	2.0
102.84	2.0
140.6	2.0
143.12	2.0
188.84	2.0
221.36	2.0
223.88	2.0
308.8	2.0
313.92	2.0
320.68	2.0
324.36	2.0
330.8	2.0
411.0	2.0
414.08	2.0
480.52	2.0
483.76	2.0
570.68	2.0
745.76	2.0
755.72	2.0
767.16	2.0
770.44	2.0
787.04	2.0
803.72	2.0
807.92	2.0
820.24	2.0
825.2	2.0
853.64	2.0
867.48	2.0
872.04	2.0
903.6	2.0
943.88	2.0
189.4	3.0
787.52	3.0
105.08	3.0
143.28	3.0
173.52	3.0
223.76	3.0
307.48	3.0
315.76	3.0
319.72	3.0
330.56	3.0
348.08	3.0
390.96	3.0
414.24	3.0
427.08	3.0
472.96	3.0
476.08	3.0
483.92	3.0
793.24	3.0
822.92	3.0
849.84	3.0
982.16	3.0
249.8	4.0
436.08	4.0
438.68	4.0
143.48	4.0
162.36	4.0
231.24	4.0
274.2	4.0
310.12	4.0
333.4	4.0
367.2	4.0
393.6	4.0
416.2	4.0
475.76	4.0
494.96	4.0
606.8	4.0
779.24	4.0
836.56	4.0
940.0	4.0
966.36	4.0
984.28	4.0
308.48	5.0
810.52	5.0
865.32	5.0
891.4	5.0
363.28	6.0
331.04	6.0
368.72	6.0
935.12	6.0
977.56	6.0
173.0	7.0
309.24	7.0
320.56	7.0
326.16	7.0
857.28	7.0
61.72	8.0
96.04	8.0
123.84	8.0
164.16	8.0
206.04	8.0
232.16	8.0
245.36	8.0
283.6	8.0
308.56	8.0
312.72	8.0
367.28	8.0
441.88	8.0
762.8	8.0
805.88	8.0
817.88	8.0
988.8	8.0
1178.36	8.0
97.48	9.0
568.44	9.0
741.2	9.0
766.64	9.0
786.4	9.0
825.4	9.0
57.24	10.0
104.88	10.0
177.68	10.0
307.84	10.0
538.36	10.0
605.12	10.0
825.84	10.0
1099.36	10.0
886.4	11.0
225.28	11.0
306.28	11.0
750.84	11.0
763.88	11.0
766.76	11.0
787.04	11.0
823.92	11.0
870.8	11.0
905.44	11.0
945.48	11.0
315.68	12.0
107.88	12.0
159.48	12.0
306.64	12.0
386.96	12.0
543.12	12.0
792.16	12.0
966.52	12.0
1040.36	12.0
965.32	13.0
91.16	13.0
126.08	13.0
143.52	13.0
307.4	13.0
232.08	14.0
248.72	14.0
366.0	14.0
501.32	14.0
776.08	14.0
865.88	14.0
934.2	14.0
81.92	15.0
308.12	15.0
827.8	15.0
830.36	15.0
357.32	16.0
781.96	16.0
890.68	16.0
346.52	17.0
306.12	19.0
319.72	20.0
306.04	20.0
308.76	21.0
872.76	21.0
241.52	21.0
319.32	21.0
324.8	21.0
342.68	21.0
372.56	21.0
489.88	21.0
592.96	21.0
823.92	21.0
847.2	21.0
870.2	21.0
887.76	21.0
898.24	21.0
909.52	21.0
922.48	21.0
931.64	21.0
944.96	21.0
957.4	21.0
986.4	21.0
933.08	22.0
171.68	22.0
232.16	22.0
308.88	22.0
327.0	22.0
763.68	22.0
767.88	22.0
870.56	22.0
310.44	23.0
324.0	23.0
849.12	23.0
93.28	23.0
151.72	23.0
205.32	23.0
274.0	23.0
306.4	23.0
314.72	23.0
328.32	23.0
334.32	23.0
478.44	23.0
511.16	23.0
762.44	23.0
776.8	23.0
790.64	23.0
801.4	23.0
821.44	23.0
825.92	23.0
833.4	23.0
868.72	23.0
897.6	23.0
903.28	23.0
913.48	23.0
919.2	23.0
935.2	23.0
941.44	23.0
958.56	23.0
965.28	23.0
986.88	23.0
995.04	23.0
60.92	24.0
118.04	24.0
234.96	24.0
307.12	24.0
318.84	24.0
324.16	24.0
333.04	24.0
335.84	24.0
354.52	24.0
784.68	24.0
870.88	24.0
884.4	24.0
897.36	24.0
915.08	24.0
933.56	24.0
942.96	24.0
959.72	24.0
977.56	24.0
993.08	24.0
309.04	25.0
645.64	25.0
2.52	26.0
19.4	26.0
73.12	26.0
94.72	26.0
117.36	26.0
137.92	26.0
162.16	26.0
198.32	26.0
229.12	26.0
245.72	26.0
267.84	26.0
272.08	26.0
310.28	26.0
315.76	26.0
322.6	26.0
335.88	26.0
348.0	26.0
363.92	26.0
380.84	26.0
385.72	26.0
416.0	26.0
446.04	26.0
455.32	26.0
654.92	26.0
740.8	26.0
782.6	26.0
788.32	26.0
799.16	26.0
819.0	26.0
835.2	26.0
843.76	26.0
879.92	26.0
893.32	26.0
912.12	26.0
923.8	26.0
937.44	26.0
957.92	26.0
984.52	26.0
348.88	27.0
973.12	27.0
307.32	28.0
25.0	28.0
97.12	28.0
105.4	28.0
141.2	28.0
204.84	28.0
222.44	28.0
240.0	28.0
311.88	28.0
317.6	28.0
334.32	28.0
486.36	28.0
568.04	28.0
746.2	28.0
824.92	28.0
828.96	28.0
870.0	28.0
881.28	28.0
953.16	28.0
1098.92	28.0
318.84	29.0
416.52	29.0
740.56	29.0
952.96	29.0
96.04	30.0
241.24	30.0
324.72	30.0
344.72	30.0
479.36	30.0
815.92	30.0
921.6	30.0
949.84	30.0
958.92	30.0
311.32	31.0
90.52	31.0
306.64	31.0
319.08	31.0
325.12	31.0
414.4	31.0
820.48	31.0
888.32	31.0
949.28	31.0
306.76	33.0
148.76	34.0
306.88	34.0
314.24	34.0
556.68	34.0
772.2	34.0
323.64	35.0
6.2	35.0
26.08	35.0
37.92	35.0
98.76	35.0
109.56	35.0
168.48	35.0
183.36	35.0
186.88	35.0
210.44	35.0
231.48	35.0
283.32	35.0
310.16	35.0
314.16	35.0
333.36	35.0
364.52	35.0
380.48	35.0
383.52	35.0
416.92	35.0
430.84	35.0
455.56	35.0
465.04	35.0
762.36	35.0
784.44	35.0
789.4	35.0
800.36	35.0
834.88	35.0
840.04	35.0
852.84	35.0
860.52	35.0
864.12	35.0
873.48	35.0
876.68	35.0
891.84	35.0
912.48	35.0
923.28	35.0
935.8	35.0
957.64	35.0
164.16	36.0
256.88	36.0
302.84	36.0
323.88	36.0
393.72	36.0
495.28	36.0
787.08	36.0
811.0	36.0
832.64	36.0
