337.36	1.0
360.08	1.0
453.24	1.0
314.68	2.0
309.12	2.0
311.64	2.0
320.32	2.0
324.92	2.0
328.88	2.0
336.24	2.0
339.16	2.0
341.96	2.0
345.12	2.0
364.76	2.0
378.16	2.0
382.6	2.0
402.0	2.0
444.48	2.0
453.6	2.0
565.52	2.0
568.2	2.0
615.28	2.0
620.24	2.0
634.48	2.0
660.2	2.0
787.8	2.0
849.2	2.0
885.04	2.0
905.72	2.0
1003.88	2.0
1008.52	2.0
1096.52	2.0
319.12	3.0
510.56	3.0
307.08	3.0
309.72	3.0
313.28	3.0
324.8	3.0
337.04	3.0
345.0	3.0
351.24	3.0
357.08	3.0
401.92	3.0
407.04	3.0
409.64	3.0
442.48	3.0
451.44	3.0
457.76	3.0
466.16	3.0
468.68	3.0
568.32	3.0
588.16	3.0
613.04	3.0
630.84	3.0
634.36	3.0
695.48	3.0
799.52	3.0
884.16	3.0
899.84	3.0
951.32	3.0
955.88	3.0
1096.72	3.0
318.12	4.0
328.2	4.0
345.96	4.0
359.32	4.0
373.28	4.0
387.48	4.0
401.48	4.0
409.36	4.0
422.16	4.0
436.84	4.0
439.96	4.0
451.88	4.0
467.72	4.0
487.04	4.0
496.16	4.0
510.48	4.0
522.56	4.0
546.04	4.0
553.28	4.0
572.48	4.0
580.16	4.0
589.84	4.0
606.48	4.0
612.52	4.0
630.48	4.0
650.0	4.0
670.36	4.0
679.16	4.0
691.68	4.0
709.76	4.0
715.52	4.0
725.2	4.0
737.84	4.0
754.44	4.0
770.56	4.0
785.88	4.0
801.56	4.0
821.68	4.0
834.72	4.0
838.44	4.0
857.44	4.0
871.0	4.0
888.08	4.0
898.72	4.0
901.84	4.0
921.88	4.0
932.76	4.0
950.96	4.0
970.08	4.0
983.52	4.0
1000.48	4.0
1018.4	4.0
1027.28	4.0
1045.08	4.0
1065.52	4.0
1080.76	4.0
1091.76	4.0
1138.08	4.0
1150.8	4.0
1169.12	4.0
1193.44	4.0
1208.32	4.0
1233.16	4.0
1247.0	4.0
1261.56	4.0
1275.76	4.0
1306.04	4.0
1319.56	4.0
306.2	5.0
318.36	5.0
339.68	5.0
455.32	5.0
469.0	5.0
309.24	6.0
331.36	6.0
342.2	6.0
350.0	6.0
360.92	6.0
389.12	6.0
411.8	6.0
443.88	6.0
489.48	6.0
519.16	6.0
549.68	6.0
603.4	6.0
635.28	6.0
677.16	6.0
712.96	6.0
753.36	6.0
857.84	6.0
921.2	6.0
956.2	6.0
1088.76	6.0
1139.32	6.0
1229.76	6.0
1276.92	6.0
311.8	7.0
350.96	7.0
367.16	7.0
327.0	7.0
397.84	7.0
436.04	7.0
472.96	7.0
1257.48	7.0
306.96	8.0
313.0	8.0
319.48	8.0
328.2	8.0
330.92	8.0
338.48	8.0
351.04	8.0
359.04	8.0
377.84	8.0
435.32	8.0
475.12	8.0
563.84	8.0
615.56	8.0
634.04	8.0
669.6	8.0
725.24	8.0
738.48	8.0
801.76	8.0
843.0	8.0
1019.8	8.0
312.0	9.0
328.92	9.0
363.84	9.0
488.4	9.0
553.32	9.0
633.84	9.0
660.16	9.0
791.16	9.0
849.88	9.0
943.32	9.0
1194.44	9.0
324.52	10.0
327.2	10.0
411.96	10.0
454.16	10.0
613.44	10.0
1212.32	10.0
307.76	10.0
310.28	10.0
314.08	10.0
330.28	10.0
337.04	10.0
340.52	10.0
351.2	10.0
434.36	10.0
514.2	10.0
634.32	10.0
689.88	10.0
1061.84	10.0
1157.12	10.0
1295.24	10.0
351.32	11.0
361.72	11.0
442.6	11.0
681.32	11.0
813.8	11.0
884.92	11.0
1196.08	11.0
306.92	11.0
311.72	11.0
321.56	11.0
324.08	11.0
329.0	11.0
338.0	11.0
348.8	11.0
379.6	11.0
413.12	11.0
474.84	11.0
529.72	11.0
536.56	11.0
614.64	11.0
670.12	11.0
852.96	11.0
911.8	11.0
1024.24	11.0
1027.44	11.0
1066.24	11.0
1187.88	11.0
1285.32	11.0
309.16	12.0
324.84	12.0
328.4	12.0
339.56	12.0
351.0	12.0
455.72	12.0
591.2	12.0
696.88	12.0
773.2	12.0
1152.76	12.0
310.08	13.0
313.48	13.0
337.84	13.0
351.32	13.0
388.04	13.0
534.24	13.0
595.96	13.0
618.56	13.0
702.6	13.0
911.84	13.0
336.36	14.0
509.92	14.0
700.84	14.0
323.4	14.0
342.88	14.0
351.08	14.0
370.56	14.0
469.64	14.0
520.0	14.0
527.04	14.0
358.84	15.0
309.32	15.0
313.4	15.0
328.08	15.0
335.12	15.0
386.28	15.0
350.04	16.0
388.24	16.0
544.6	16.0
790.96	16.0
911.24	16.0
1163.88	16.0
328.88	17.0
306.12	19.0
309.52	20.0
331.2	20.0
1221.88	20.0
359.6	21.0
309.8	21.0
314.28	21.0
318.84	21.0
327.68	21.0
330.36	21.0
336.36	21.0
344.64	21.0
350.84	21.0
365.04	21.0
392.4	21.0
398.52	21.0
426.44	21.0
436.12	21.0
469.28	21.0
735.56	21.0
877.36	21.0
1003.84	21.0
1007.28	21.0
1194.64	21.0
1227.2	21.0
340.08	22.0
661.2	22.0
716.8	22.0
307.72	22.0
313.28	22.0
322.04	22.0
327.6	22.0
331.24	22.0
348.2	22.0
362.24	22.0
378.16	22.0
411.12	22.0
414.6	22.0
433.48	22.0
463.68	22.0
488.72	22.0
512.04	22.0
525.64	22.0
545.68	22.0
577.0	22.0
628.44	22.0
676.6	22.0
714.28	22.0
732.52	22.0
753.48	22.0
771.88	22.0
800.72	22.0
838.64	22.0
877.08	22.0
949.16	22.0
968.6	22.0
1000.16	22.0
1019.32	22.0
1046.72	22.0
1066.44	22.0
1096.12	22.0
1140.88	22.0
1191.16	22.0
1243.6	22.0
1280.0	22.0
1321.48	22.0
345.24	23.0
354.0	23.0
732.92	23.0
788.6	23.0
830.84	23.0
313.92	23.0
320.68	23.0
325.16	23.0
330.12	23.0
339.32	23.0
350.8	23.0
366.08	23.0
399.6	23.0
413.84	23.0
422.92	23.0
453.56	23.0
492.44	23.0
498.08	23.0
527.32	23.0
617.44	23.0
628.68	23.0
636.72	23.0
665.48	23.0
681.96	23.0
699.2	23.0
716.64	23.0
757.36	23.0
785.48	23.0
804.64	23.0
839.6	23.0
882.84	23.0
903.56	23.0
951.72	23.0
1000.48	23.0
1009.08	23.0
1029.44	23.0
1050.08	23.0
1098.52	23.0
1144.24	23.0
1198.24	23.0
1283.6	23.0
307.96	24.0
320.12	24.0
326.28	24.0
330.2	24.0
337.6	24.0
341.8	24.0
347.6	24.0
364.12	24.0
369.6	24.0
381.52	24.0
425.2	24.0
469.24	24.0
700.64	24.0
319.92	25.0
326.6	25.0
339.0	25.0
358.84	25.0
338.72	26.0
309.08	26.0
314.24	26.0
321.28	26.0
325.92	26.0
330.84	26.0
347.88	26.0
361.04	26.0
378.36	26.0
386.96	26.0
399.68	26.0
411.28	26.0
418.08	26.0
437.16	26.0
440.4	26.0
446.72	26.0
479.0	26.0
489.2	26.0
528.68	26.0
546.44	26.0
563.36	26.0
587.72	26.0
611.44	26.0
648.56	26.0
682.56	26.0
723.76	26.0
737.64	26.0
763.16	26.0
790.96	26.0
817.72	26.0
820.44	26.0
908.16	26.0
925.8	26.0
949.4	26.0
954.92	26.0
961.72	26.0
1093.72	26.0
1254.36	26.0
1287.24	26.0
1320.72	26.0
311.96	27.0
390.44	27.0
488.0	27.0
510.32	27.0
629.84	27.0
659.32	27.0
948.72	27.0
1057.52	27.0
1079.24	27.0
1171.12	27.0
353.76	28.0
308.76	28.0
311.68	28.0
323.84	28.0
328.52	28.0
339.12	28.0
348.16	28.0
351.0	28.0
356.64	28.0
360.52	28.0
363.44	28.0
373.72	28.0
383.72	28.0
389.04	28.0
399.08	28.0
412.0	28.0
414.52	28.0
425.16	28.0
464.44	28.0
488.04	28.0
552.96	28.0
633.52	28.0
849.52	28.0
942.96	28.0
1078.08	28.0
1194.12	28.0
323.24	29.0
327.04	29.0
363.28	29.0
480.96	29.0
530.12	29.0
790.64	29.0
1077.88	29.0
313.76	30.0
331.2	30.0
341.68	30.0
351.8	30.0
370.56	30.0
377.56	30.0
403.24	30.0
435.6	30.0
492.56	30.0
658.0	30.0
719.84	30.0
760.84	30.0
824.6	30.0
936.0	30.0
979.68	30.0
1171.56	30.0
310.12	31.0
328.04	31.0
332.44	31.0
350.08	31.0
365.68	31.0
321.84	33.0
307.24	33.0
350.8	33.0
1004.08	33.0
318.96	34.0
332.2	34.0
311.08	34.0
321.68	34.0
341.88	34.0
625.84	34.0
308.8	35.0
343.04	35.0
312.32	35.0
321.64	35.0
328.2	35.0
332.36	35.0
339.96	35.0
345.76	35.0
350.0	35.0
352.88	35.0
357.6	35.0
361.24	35.0
365.6	35.0
374.08	35.0
385.92	35.0
394.8	35.0
400.08	35.0
410.08	35.0
418.16	35.0
436.8	35.0
443.32	35.0
449.88	35.0
463.8	35.0
467.96	35.0
474.84	35.0
494.28	35.0
500.68	35.0
515.52	35.0
526.08	35.0
530.56	35.0
545.04	35.0
552.8	35.0
563.56	35.0
592.92	35.0
611.2	35.0
617.08	35.0
627.32	35.0
629.84	35.0
635.12	35.0
663.6	35.0
679.08	35.0
697.36	35.0
714.52	35.0
732.96	35.0
752.72	35.0
760.32	35.0
773.64	35.0
799.76	35.0
816.6	35.0
843.0	35.0
885.48	35.0
897.64	35.0
927.92	35.0
939.04	35.0
951.56	35.0
967.96	35.0
1001.6	35.0
1049.48	35.0
1107.76	35.0
1126.4	35.0
1149.76	35.0
1167.52	35.0
1170.8	35.0
1195.24	35.0
1206.56	35.0
1248.24	35.0
1257.72	35.0
1280.64	35.0
1299.2	35.0
1305.8	35.0
1321.72	35.0
311.56	36.0
326.04	36.0
340.56	36.0
412.56	36.0
547.44	36.0
645.28	36.0
659.24	36.0
677.44	36.0
726.0	36.0
913.68	36.0
