294.2	1.0
3.48	2.0
101.44	2.0
308.32	2.0
311.32	2.0
433.6	2.0
802.36	2.0
843.56	2.0
1153.52	2.0
139.92	3.0
306.4	3.0
313.28	3.0
599.32	3.0
670.16	3.0
794.08	3.0
842.2	3.0
936.44	3.0
968.2	3.0
1311.28	3.0
8.48	4.0
21.6	4.0
36.4	4.0
45.64	4.0
56.4	4.0
68.48	4.0
86.56	4.0
93.56	4.0
105.76	4.0
119.48	4.0
139.52	4.0
149.96	4.0
167.48	4.0
192.68	4.0
209.96	4.0
223.16	4.0
243.2	4.0
249.92	4.0
273.52	4.0
291.64	4.0
320.72	4.0
336.72	4.0
341.48	4.0
362.64	4.0
381.56	4.0
401.68	4.0
413.16	4.0
432.44	4.0
436.08	4.0
458.72	4.0
468.36	4.0
484.32	4.0
501.96	4.0
511.56	4.0
525.12	4.0
535.28	4.0
552.0	4.0
571.48	4.0
590.6	4.0
598.92	4.0
611.4	4.0
622.68	4.0
630.24	4.0
645.92	4.0
669.8	4.0
688.12	4.0
704.24	4.0
728.96	4.0
752.04	4.0
764.88	4.0
780.4	4.0
789.56	4.0
807.2	4.0
815.0	4.0
841.72	4.0
866.88	4.0
886.12	4.0
889.76	4.0
906.04	4.0
921.04	4.0
933.72	4.0
950.64	4.0
961.8	4.0
981.64	4.0
988.84	4.0
1004.24	4.0
1016.92	4.0
1036.48	4.0
1048.96	4.0
1064.4	4.0
1089.56	4.0
1094.44	4.0
1111.32	4.0
1121.76	4.0
1139.2	4.0
1166.48	4.0
1185.48	4.0
1199.88	4.0
1223.56	4.0
1232.8	4.0
1252.08	4.0
1262.88	4.0
1283.96	4.0
1300.56	4.0
1307.52	4.0
1327.72	4.0
296.72	5.0
306.6	5.0
364.48	5.0
5.92	6.0
43.04	6.0
74.72	6.0
108.08	6.0
143.52	6.0
177.44	6.0
202.92	6.0
226.76	6.0
275.36	6.0
321.16	6.0
343.24	6.0
381.56	6.0
435.32	6.0
463.6	6.0
484.0	6.0
516.76	6.0
575.16	6.0
595.44	6.0
624.32	6.0
679.52	6.0
708.64	6.0
733.28	6.0
756.8	6.0
787.0	6.0
844.4	6.0
886.8	6.0
916.76	6.0
962.76	6.0
985.24	6.0
1038.2	6.0
1091.8	6.0
1126.12	6.0
1151.76	6.0
1165.72	6.0
1202.8	6.0
1258.36	6.0
1303.32	6.0
22.84	7.0
755.04	7.0
63.24	7.0
573.36	7.0
712.12	7.0
844.8	7.0
1206.28	7.0
1309.68	7.0
29.32	8.0
109.4	8.0
140.84	8.0
253.84	8.0
487.8	8.0
634.2	8.0
721.96	8.0
989.32	8.0
1167.88	8.0
1331.12	8.0
29.2	9.0
185.2	9.0
309.28	9.0
543.28	9.0
1184.24	9.0
469.76	10.0
531.32	10.0
579.44	10.0
989.08	10.0
1096.04	10.0
63.84	10.0
183.36	10.0
302.72	10.0
306.68	10.0
309.92	10.0
312.48	10.0
731.2	10.0
898.72	10.0
1308.56	10.0
90.12	11.0
294.64	11.0
324.36	11.0
438.0	11.0
599.36	11.0
684.48	11.0
794.12	11.0
849.04	11.0
968.28	11.0
1137.2	11.0
1311.32	11.0
26.32	11.0
64.04	11.0
128.04	11.0
205.4	11.0
243.8	11.0
271.96	11.0
307.4	11.0
416.6	11.0
433.68	11.0
539.52	11.0
634.52	11.0
680.32	11.0
774.2	11.0
803.48	11.0
861.4	11.0
900.64	11.0
1057.72	11.0
1151.04	11.0
1291.16	11.0
72.84	12.0
261.16	12.0
306.4	12.0
403.56	12.0
982.44	12.0
1238.2	12.0
182.76	13.0
308.76	13.0
897.24	13.0
1148.8	13.0
22.84	14.0
7.92	14.0
181.6	14.0
308.68	14.0
1237.76	14.0
1329.24	14.0
307.68	15.0
192.24	16.0
501.56	16.0
748.96	16.0
550.4	19.0
798.16	19.0
189.44	20.0
309.44	20.0
365.64	20.0
27.24	21.0
75.56	21.0
131.04	21.0
170.28	21.0
184.44	21.0
199.36	21.0
231.08	21.0
278.6	21.0
309.6	21.0
321.56	21.0
435.8	21.0
521.56	21.0
574.04	21.0
630.0	21.0
689.84	21.0
757.36	21.0
801.24	21.0
822.04	21.0
826.52	21.0
886.52	21.0
1093.56	21.0
1145.96	21.0
1157.08	21.0
1210.64	21.0
19.76	22.0
41.08	22.0
254.56	22.0
311.16	22.0
383.88	22.0
452.48	22.0
595.08	22.0
626.92	22.0
845.88	22.0
964.08	22.0
1152.64	22.0
1204.64	22.0
1230.28	22.0
1256.4	22.0
1286.64	22.0
198.28	23.0
332.72	23.0
22.16	23.0
44.48	23.0
116.32	23.0
136.92	23.0
141.32	23.0
169.24	23.0
209.36	23.0
255.04	23.0
306.16	23.0
386.44	23.0
437.52	23.0
455.2	23.0
597.76	23.0
629.32	23.0
665.12	23.0
724.36	23.0
764.92	23.0
823.2	23.0
966.68	23.0
990.04	23.0
1093.64	23.0
1114.44	23.0
1155.68	23.0
1159.36	23.0
1185.76	23.0
1208.68	23.0
1213.96	23.0
1288.88	23.0
306.92	24.0
328.08	24.0
442.52	24.0
598.92	25.0
85.88	25.0
306.92	25.0
18.96	26.0
66.64	26.0
86.4	26.0
102.28	26.0
110.24	26.0
143.56	26.0
159.04	26.0
236.48	26.0
310.44	26.0
314.8	26.0
323.56	26.0
343.4	26.0
362.0	26.0
382.44	26.0
409.64	26.0
464.24	26.0
470.88	26.0
488.16	26.0
529.0	26.0
575.16	26.0
678.4	26.0
687.32	26.0
716.56	26.0
773.0	26.0
780.0	26.0
792.2	26.0
914.04	26.0
931.2	26.0
952.76	26.0
960.08	26.0
978.4	26.0
1039.12	26.0
1050.08	26.0
1114.28	26.0
1120.08	26.0
1148.16	26.0
1186.12	26.0
1257.76	26.0
1284.52	26.0
1307.24	26.0
1316.32	26.0
425.28	27.0
638.8	27.0
764.92	27.0
794.36	27.0
954.48	27.0
1068.44	27.0
1096.36	27.0
307.76	28.0
1054.2	28.0
95.96	28.0
355.0	28.0
432.92	28.0
542.96	28.0
732.16	28.0
958.08	28.0
1152.32	28.0
1183.88	28.0
957.88	29.0
48.16	30.0
89.36	30.0
155.56	30.0
278.36	30.0
325.8	30.0
361.24	30.0
421.68	30.0
554.0	30.0
575.24	30.0
607.24	30.0
628.76	30.0
667.48	30.0
717.8	30.0
759.4	30.0
849.56	30.0
980.4	30.0
1036.0	30.0
1260.44	30.0
308.96	31.0
306.28	33.0
251.72	33.0
320.16	33.0
1271.68	33.0
25.24	35.0
31.6	35.0
44.12	35.0
61.6	35.0
65.84	35.0
80.84	35.0
85.84	35.0
101.2	35.0
119.92	35.0
139.84	35.0
150.68	35.0
169.48	35.0
184.44	35.0
206.04	35.0
228.8	35.0
236.2	35.0
244.16	35.0
256.04	35.0
267.44	35.0
293.2	35.0
309.0	35.0
315.4	35.0
327.6	35.0
339.92	35.0
360.24	35.0
371.0	35.0
386.0	35.0
397.36	35.0
412.28	35.0
435.68	35.0
472.48	35.0
487.92	35.0
499.72	35.0
520.8	35.0
540.36	35.0
555.48	35.0
573.76	35.0
595.96	35.0
598.72	35.0
613.04	35.0
633.72	35.0
640.96	35.0
663.72	35.0
684.2	35.0
696.72	35.0
709.4	35.0
723.28	35.0
733.84	35.0
761.92	35.0
764.84	35.0
779.2	35.0
791.56	35.0
795.32	35.0
805.12	35.0
846.56	35.0
867.56	35.0
900.4	35.0
911.68	35.0
936.36	35.0
953.32	35.0
966.6	35.0
981.64	35.0
997.84	35.0
1012.6	35.0
1027.4	35.0
1038.32	35.0
1077.56	35.0
1082.52	35.0
1097.08	35.0
1109.88	35.0
1130.12	35.0
1176.0	35.0
1188.44	35.0
1205.6	35.0
1233.52	35.0
1257.72	35.0
1271.16	35.0
1291.28	35.0
1306.52	35.0
1328.44	35.0
169.0	36.0
204.24	36.0
302.64	36.0
314.28	36.0
376.36	36.0
451.64	36.0
753.72	36.0
876.32	36.0
932.08	36.0
1111.2	36.0
1171.36	36.0
1303.24	36.0
