1038.76	1.0
306.32	2.0
312.44	2.0
971.96	2.0
1094.48	2.0
8.36	2.0
141.68	2.0
309.76	2.0
318.36	2.0
331.2	2.0
959.2	2.0
965.92	2.0
987.88	2.0
994.52	2.0
1009.0	2.0
1015.8	2.0
1040.48	2.0
1057.6	2.0
1081.44	2.0
1106.52	2.0
1120.16	2.0
1124.92	2.0
1132.24	2.0
1144.44	2.0
1161.04	2.0
1182.2	2.0
1199.44	2.0
1205.28	2.0
1226.24	2.0
1237.68	2.0
1243.16	2.0
1275.56	2.0
1298.76	2.0
1319.08	2.0
1081.36	3.0
1205.52	3.0
8.48	3.0
12.32	3.0
306.8	3.0
331.4	3.0
1015.04	3.0
1018.72	3.0
1026.48	3.0
1038.92	3.0
1092.8	3.0
1108.96	3.0
1125.12	3.0
1132.4	3.0
1160.8	3.0
1176.64	3.0
1227.12	3.0
1275.24	3.0
1319.2	3.0
1102.04	4.0
16.64	4.0
24.92	4.0
42.12	4.0
59.28	4.0
68.96	4.0
99.08	4.0
118.0	4.0
138.32	4.0
155.28	4.0
172.32	4.0
188.32	4.0
210.92	4.0
232.28	4.0
241.16	4.0
290.12	4.0
313.44	4.0
332.08	4.0
354.68	4.0
368.52	4.0
392.08	4.0
406.28	4.0
429.24	4.0
458.76	4.0
1020.08	4.0
1036.96	4.0
1049.52	4.0
1059.52	4.0
1074.16	4.0
1084.52	4.0
1094.92	4.0
1110.72	4.0
1128.68	4.0
1142.76	4.0
1158.16	4.0
1167.08	4.0
1178.36	4.0
1186.6	4.0
1202.44	4.0
1216.2	4.0
1225.88	4.0
1234.32	4.0
1251.84	4.0
1270.44	4.0
1283.2	4.0
1296.76	4.0
1300.04	4.0
1322.0	4.0
326.44	5.0
356.08	5.0
1151.6	5.0
28.44	6.0
61.92	6.0
117.24	6.0
178.52	6.0
306.12	6.0
355.72	6.0
400.28	6.0
995.36	6.0
1057.44	6.0
1073.0	6.0
1094.56	6.0
1117.76	6.0
1142.48	6.0
1178.72	6.0
1206.4	6.0
1239.16	6.0
1275.64	6.0
1316.84	6.0
1059.24	7.0
172.48	7.0
1041.76	7.0
1256.84	7.0
994.08	8.0
57.72	8.0
92.8	8.0
156.12	8.0
180.48	8.0
210.88	8.0
282.28	8.0
307.12	8.0
322.76	8.0
328.68	8.0
589.04	8.0
1010.0	8.0
1039.48	8.0
1058.36	8.0
1074.56	8.0
1177.24	8.0
1181.44	8.0
1325.0	8.0
307.92	9.0
349.96	9.0
1013.08	9.0
1039.6	9.0
1066.72	9.0
1158.52	9.0
1236.04	9.0
1240.8	9.0
320.16	10.0
70.36	10.0
139.88	10.0
157.0	10.0
306.24	10.0
997.96	10.0
1038.44	10.0
1131.76	10.0
1199.32	10.0
70.88	11.0
195.28	11.0
1116.08	11.0
1160.2	11.0
1220.8	11.0
22.76	11.0
99.36	11.0
140.32	11.0
307.4	11.0
319.2	11.0
331.28	11.0
341.6	11.0
367.92	11.0
435.44	11.0
1007.92	11.0
1016.4	11.0
1037.96	11.0
1059.72	11.0
1064.28	11.0
1082.68	11.0
1093.52	11.0
1105.76	11.0
1131.72	11.0
1144.44	11.0
1191.24	11.0
1199.72	11.0
1217.16	11.0
1235.16	11.0
1255.32	11.0
1291.64	11.0
318.96	12.0
1133.4	12.0
1005.04	12.0
1051.84	12.0
1144.56	12.0
1143.8	13.0
306.72	13.0
1011.12	13.0
1037.96	13.0
1098.08	13.0
1236.36	13.0
1301.76	13.0
428.2	14.0
1059.2	14.0
1236.24	14.0
1301.12	14.0
154.96	14.0
309.56	14.0
383.24	14.0
985.0	14.0
1098.76	14.0
1120.0	14.0
54.24	15.0
308.36	15.0
323.36	15.0
1089.32	15.0
1118.4	15.0
1161.52	15.0
1192.32	15.0
1236.72	15.0
15.24	16.0
55.72	16.0
340.52	16.0
1181.2	16.0
1187.68	16.0
1235.56	16.0
1142.92	17.0
1307.0	17.0
21.52	18.0
590.32	19.0
1011.4	19.0
307.44	20.0
330.72	20.0
1096.76	20.0
122.04	20.0
32.8	21.0
92.8	21.0
118.72	21.0
141.72	21.0
218.92	21.0
309.6	21.0
314.48	21.0
326.36	21.0
340.12	21.0
372.28	21.0
400.36	21.0
1011.08	21.0
1126.84	21.0
1143.92	21.0
1159.36	21.0
1217.0	21.0
1221.56	21.0
1254.04	21.0
1193.6	22.0
70.72	22.0
152.76	22.0
315.84	22.0
319.04	22.0
1026.4	22.0
1051.08	22.0
1066.04	22.0
1077.56	22.0
1095.8	22.0
1129.48	22.0
1167.8	22.0
1179.52	22.0
1202.44	22.0
1221.44	22.0
1233.4	22.0
1296.92	22.0
51.72	23.0
312.2	23.0
338.24	23.0
1081.88	23.0
1110.76	23.0
63.56	23.0
94.08	23.0
112.96	23.0
158.36	23.0
181.6	23.0
248.92	23.0
328.48	23.0
367.88	23.0
429.08	23.0
483.4	23.0
995.48	23.0
1011.72	23.0
1016.48	23.0
1043.2	23.0
1054.16	23.0
1093.76	23.0
1097.72	23.0
1101.12	23.0
1132.48	23.0
1141.68	23.0
1182.2	23.0
1199.48	23.0
1205.52	23.0
1236.0	23.0
1241.12	23.0
1282.16	23.0
1301.28	23.0
330.0	24.0
336.84	24.0
1065.24	24.0
1153.4	24.0
1167.76	24.0
1191.64	24.0
1233.88	24.0
1206.2	25.0
13.0	26.0
42.8	26.0
55.0	26.0
102.4	26.0
119.0	26.0
158.36	26.0
174.68	26.0
221.6	26.0
226.2	26.0
230.44	26.0
275.12	26.0
308.2	26.0
314.0	26.0
322.56	26.0
333.6	26.0
347.24	26.0
369.72	26.0
386.24	26.0
430.56	26.0
479.36	26.0
523.96	26.0
744.32	26.0
1030.32	26.0
1074.44	26.0
1086.92	26.0
1101.16	26.0
1105.16	26.0
1127.84	26.0
1137.16	26.0
1164.96	26.0
1185.0	26.0
1205.92	26.0
1236.88	26.0
1250.56	26.0
1265.12	26.0
1273.0	26.0
1282.84	26.0
1288.56	26.0
1320.32	26.0
174.52	27.0
237.96	27.0
307.56	27.0
360.24	27.0
1148.8	27.0
1175.28	27.0
1192.92	27.0
1303.8	27.0
1135.96	28.0
1279.88	28.0
8.52	28.0
92.04	28.0
308.44	28.0
313.08	28.0
318.64	28.0
328.32	28.0
349.64	28.0
971.72	28.0
1012.72	28.0
1039.28	28.0
1054.76	28.0
1066.4	28.0
1083.6	28.0
1140.8	28.0
1158.2	28.0
1161.0	28.0
1199.0	28.0
1221.92	28.0
91.84	29.0
309.36	29.0
312.88	29.0
318.44	29.0
1012.52	29.0
1084.0	29.0
1189.6	29.0
51.28	30.0
101.76	30.0
129.56	30.0
172.8	30.0
334.48	30.0
978.28	30.0
994.0	30.0
1054.64	30.0
1080.64	30.0
1099.56	30.0
1132.24	30.0
1156.0	30.0
1259.44	30.0
1308.0	30.0
309.08	31.0
336.6	31.0
1123.32	31.0
1209.24	31.0
306.48	33.0
1117.72	33.0
1113.52	34.0
7.2	35.0
26.76	35.0
40.72	35.0
52.52	35.0
70.8	35.0
81.44	35.0
94.4	35.0
100.88	35.0
104.32	35.0
117.76	35.0
127.12	35.0
139.92	35.0
151.36	35.0
169.0	35.0
173.12	35.0
190.04	35.0
197.16	35.0
205.4	35.0
223.52	35.0
234.84	35.0
240.76	35.0
262.96	35.0
283.76	35.0
308.84	35.0
312.16	35.0
332.84	35.0
353.8	35.0
356.92	35.0
366.72	35.0
397.64	35.0
413.64	35.0
422.32	35.0
425.68	35.0
458.32	35.0
479.08	35.0
486.04	35.0
508.4	35.0
522.12	35.0
555.04	35.0
1041.16	35.0
1065.44	35.0
1081.04	35.0
1084.28	35.0
1092.76	35.0
1100.64	35.0
1112.56	35.0
1117.96	35.0
1129.6	35.0
1143.68	35.0
1146.8	35.0
1151.88	35.0
1165.72	35.0
1171.04	35.0
1181.44	35.0
1194.6	35.0
1203.64	35.0
1221.52	35.0
1234.4	35.0
1242.6	35.0
1250.2	35.0
1254.84	35.0
1260.52	35.0
1272.92	35.0
1282.08	35.0
1301.16	35.0
1308.92	35.0
1318.2	35.0
37.08	36.0
118.36	36.0
152.76	36.0
302.64	36.0
370.76	36.0
553.2	36.0
1063.28	36.0
1098.68	36.0
1117.0	36.0
1139.36	36.0
1171.92	36.0
1186.4	36.0
1220.84	36.0
1270.84	36.0
1316.76	36.0
