161.88	1.0
1275.88	1.0
1306.52	1.0
1328.6	1.0
316.96	2.0
303.0	2.0
310.56	2.0
341.88	2.0
372.84	2.0
1198.2	2.0
1212.76	2.0
1233.52	2.0
1240.04	2.0
1242.64	2.0
1245.72	2.0
1254.6	2.0
1264.56	2.0
1268.4	2.0
1271.6	2.0
1280.72	2.0
1304.88	2.0
1309.76	2.0
1312.96	2.0
1315.92	2.0
1328.96	2.0
1281.16	3.0
1328.44	3.0
51.56	3.0
63.68	3.0
250.2	3.0
267.44	3.0
306.44	3.0
317.4	3.0
323.32	3.0
342.04	3.0
380.28	3.0
390.44	3.0
461.8	3.0
562.28	3.0
576.6	3.0
1218.32	3.0
1233.68	3.0
1236.8	3.0
1242.08	3.0
1245.84	3.0
1254.4	3.0
1268.56	3.0
1277.32	3.0
1286.8	3.0
1294.76	3.0
1300.6	3.0
1304.04	3.0
1308.8	3.0
1312.76	3.0
21.6	4.0
33.84	4.0
52.2	4.0
58.32	4.0
81.0	4.0
99.16	4.0
116.48	4.0
132.72	4.0
155.88	4.0
185.2	4.0
212.68	4.0
231.72	4.0
246.68	4.0
278.28	4.0
290.28	4.0
323.0	4.0
331.88	4.0
343.84	4.0
357.76	4.0
373.68	4.0
391.88	4.0
409.12	4.0
437.48	4.0
458.76	4.0
473.8	4.0
491.32	4.0
510.72	4.0
521.8	4.0
537.6	4.0
555.2	4.0
579.64	4.0
601.8	4.0
628.32	4.0
654.12	4.0
665.44	4.0
1270.16	4.0
1283.08	4.0
1293.04	4.0
1303.36	4.0
1318.68	4.0
1328.4	4.0
392.0	5.0
1272.72	5.0
1294.88	6.0
31.4	6.0
59.44	6.0
81.2	6.0
116.76	6.0
152.48	6.0
213.16	6.0
245.4	6.0
295.0	6.0
333.84	6.0
372.8	6.0
412.0	6.0
517.44	6.0
558.8	6.0
590.68	6.0
633.32	6.0
683.84	6.0
1232.4	6.0
1271.4	6.0
1290.76	6.0
1303.04	6.0
1319.52	6.0
443.88	7.0
123.92	7.0
215.08	7.0
243.4	7.0
547.72	7.0
1289.08	7.0
321.72	8.0
1248.36	8.0
137.12	8.0
337.76	8.0
436.48	8.0
457.68	8.0
474.4	8.0
748.16	8.0
1252.36	8.0
1258.92	8.0
1272.6	8.0
1285.64	8.0
1297.28	8.0
1305.6	8.0
1328.8	8.0
307.68	9.0
326.64	9.0
1243.84	9.0
1255.32	9.0
38.68	10.0
413.44	10.0
306.96	10.0
310.68	10.0
349.04	10.0
1212.32	10.0
1227.08	10.0
1256.08	10.0
1292.64	10.0
1304.36	10.0
84.96	11.0
138.92	11.0
250.24	11.0
380.36	11.0
414.76	11.0
461.88	11.0
1286.8	11.0
1308.84	11.0
146.44	11.0
306.36	11.0
316.56	11.0
330.44	11.0
348.56	11.0
1221.72	11.0
1230.12	11.0
1240.08	11.0
1243.12	11.0
1254.48	11.0
1263.64	11.0
1267.64	11.0
1279.6	11.0
1292.84	11.0
1295.84	11.0
1329.4	11.0
306.96	12.0
310.64	12.0
1246.12	12.0
352.8	12.0
1265.16	12.0
1287.8	12.0
307.24	13.0
317.76	13.0
459.44	13.0
1258.88	13.0
1277.76	13.0
1308.72	13.0
1279.56	14.0
282.36	14.0
394.32	14.0
499.28	14.0
1274.0	14.0
307.24	15.0
1184.64	15.0
1311.92	15.0
1307.36	16.0
315.88	17.0
1249.6	17.0
285.72	19.0
1252.52	19.0
1226.08	20.0
1322.32	20.0
1243.12	21.0
1306.96	21.0
5.64	21.0
34.32	21.0
55.48	21.0
65.36	21.0
159.44	21.0
215.36	21.0
226.04	21.0
309.72	21.0
312.8	21.0
333.2	21.0
399.56	21.0
522.28	21.0
592.68	21.0
668.44	21.0
721.24	21.0
1253.56	21.0
1270.16	21.0
1274.44	21.0
1288.68	21.0
1299.36	21.0
1304.16	21.0
1297.68	22.0
4.72	22.0
53.4	22.0
136.08	22.0
157.44	22.0
247.28	22.0
276.12	22.0
314.68	22.0
339.04	22.0
395.12	22.0
411.72	22.0
437.68	22.0
706.88	22.0
1238.68	22.0
1269.96	22.0
1281.92	22.0
1304.64	22.0
1327.24	22.0
332.96	23.0
365.68	23.0
1285.64	23.0
1307.92	23.0
1323.96	23.0
63.52	23.0
138.16	23.0
217.4	23.0
249.96	23.0
278.48	23.0
308.24	23.0
323.6	23.0
337.08	23.0
374.12	23.0
414.6	23.0
456.24	23.0
1245.44	23.0
1255.24	23.0
1282.84	23.0
1293.36	23.0
1296.84	23.0
1305.24	23.0
1310.44	23.0
1328.92	23.0
325.8	24.0
308.24	24.0
333.32	24.0
395.64	24.0
1283.2	24.0
1292.4	24.0
1301.76	24.0
1262.88	25.0
1304.28	26.0
1306.96	26.0
6.68	26.0
35.56	26.0
62.52	26.0
125.16	26.0
138.76	26.0
156.28	26.0
191.2	26.0
214.44	26.0
217.88	26.0
313.2	26.0
321.24	26.0
335.32	26.0
339.44	26.0
345.88	26.0
349.96	26.0
399.44	26.0
410.08	26.0
421.2	26.0
459.84	26.0
467.48	26.0
545.0	26.0
604.64	26.0
684.92	26.0
703.32	26.0
737.12	26.0
1090.88	26.0
1173.64	26.0
1250.8	26.0
1265.4	26.0
1279.6	26.0
1284.08	26.0
1298.16	26.0
1324.84	26.0
158.72	27.0
215.88	27.0
438.92	27.0
480.8	27.0
308.64	28.0
326.28	28.0
348.28	28.0
373.24	28.0
1225.24	28.0
1243.48	28.0
1267.88	28.0
1278.2	28.0
1283.28	28.0
1290.16	28.0
1309.4	28.0
1328.88	28.0
11.44	30.0
58.64	30.0
104.4	30.0
179.0	30.0
198.84	30.0
322.64	30.0
329.72	30.0
346.0	30.0
419.76	30.0
478.92	30.0
508.72	30.0
632.2	30.0
679.28	30.0
1256.12	30.0
1275.16	30.0
1297.64	30.0
1325.0	30.0
306.84	31.0
1264.56	31.0
1307.2	31.0
548.2	33.0
1273.72	33.0
1293.4	33.0
306.84	33.0
1285.4	33.0
1305.64	33.0
1254.88	35.0
6.0	35.0
22.12	35.0
25.4	35.0
33.2	35.0
38.16	35.0
59.32	35.0
75.96	35.0
97.44	35.0
124.24	35.0
138.76	35.0
156.84	35.0
185.44	35.0
214.24	35.0
267.04	35.0
308.72	35.0
312.16	35.0
324.16	35.0
330.6	35.0
349.24	35.0
370.92	35.0
396.2	35.0
400.36	35.0
411.56	35.0
440.96	35.0
458.36	35.0
483.76	35.0
509.44	35.0
512.28	35.0
544.92	35.0
618.28	35.0
711.28	35.0
1269.44	35.0
1272.68	35.0
1279.44	35.0
1291.16	35.0
1296.32	35.0
1299.76	35.0
1306.04	35.0
1330.56	35.0
185.96	36.0
32.12	36.0
240.28	36.0
302.68	36.0
312.24	36.0
357.52	36.0
591.52	36.0
1275.68	36.0
1279.04	36.0
1299.0	36.0
1317.76	36.0
