307.88	1.0
316.32	1.0
327.44	1.0
683.0	1.0
311.68	2.0
1127.56	2.0
1134.96	2.0
31.4	2.0
84.64	2.0
103.76	2.0
157.36	2.0
159.88	2.0
183.88	2.0
206.56	2.0
256.12	2.0
277.44	2.0
293.32	2.0
303.0	2.0
306.64	2.0
317.32	2.0
329.2	2.0
481.16	2.0
504.88	2.0
507.44	2.0
613.16	2.0
615.72	2.0
634.32	2.0
637.32	2.0
681.4	2.0
708.84	2.0
873.08	2.0
1094.0	2.0
1102.24	2.0
1108.48	2.0
1124.84	2.0
1151.72	2.0
1154.92	2.0
1158.12	2.0
1164.36	2.0
1171.72	2.0
1174.48	2.0
1194.4	2.0
1205.6	2.0
1212.84	2.0
1232.72	2.0
1243.96	2.0
1265.92	2.0
327.44	3.0
36.32	3.0
85.44	3.0
100.12	3.0
103.64	3.0
123.48	3.0
160.0	3.0
268.56	3.0
310.88	3.0
317.64	3.0
324.72	3.0
347.2	3.0
362.2	3.0
379.8	3.0
403.68	3.0
507.6	3.0
531.44	3.0
657.4	3.0
1127.64	3.0
1144.44	3.0
1149.0	3.0
1152.36	3.0
1157.76	3.0
1161.04	3.0
1168.8	3.0
1171.48	3.0
1175.88	3.0
1189.52	3.0
1194.24	3.0
1212.96	3.0
1222.88	3.0
1229.52	3.0
1257.52	3.0
306.04	4.0
308.56	4.0
38.0	4.0
103.36	4.0
313.36	4.0
327.48	4.0
349.56	4.0
361.84	4.0
393.08	4.0
410.16	4.0
442.04	4.0
1170.96	4.0
1196.2	4.0
1205.12	4.0
1230.96	4.0
1258.96	4.0
1192.32	5.0
308.24	5.0
1168.08	5.0
1197.08	5.0
85.68	6.0
307.08	6.0
319.36	6.0
339.84	6.0
402.2	6.0
634.8	6.0
759.28	6.0
824.32	6.0
1167.84	6.0
1193.12	6.0
1257.4	6.0
131.2	7.0
195.0	7.0
508.6	7.0
728.48	7.0
1126.36	7.0
308.96	7.0
1042.12	7.0
1267.96	7.0
306.12	8.0
7.64	8.0
28.56	8.0
55.32	8.0
105.28	8.0
178.88	8.0
224.92	8.0
309.44	8.0
313.4	8.0
328.92	8.0
367.44	8.0
425.08	8.0
481.32	8.0
538.96	8.0
641.24	8.0
725.48	8.0
782.44	8.0
890.48	8.0
1112.84	8.0
1172.72	8.0
1211.12	8.0
1235.4	8.0
1249.84	8.0
308.16	9.0
331.24	9.0
616.92	9.0
1172.32	9.0
572.64	10.0
1044.04	10.0
1086.4	10.0
1113.8	10.0
82.2	10.0
155.84	10.0
263.0	10.0
307.68	10.0
310.8	10.0
329.36	10.0
475.08	10.0
506.32	10.0
566.56	10.0
645.12	10.0
677.72	10.0
770.72	10.0
870.72	10.0
1107.28	10.0
1127.96	10.0
1159.08	10.0
1171.96	10.0
90.84	11.0
1189.6	11.0
31.48	11.0
82.28	11.0
87.08	11.0
181.4	11.0
306.76	11.0
315.48	11.0
328.72	11.0
362.0	11.0
383.88	11.0
475.84	11.0
504.88	11.0
508.0	11.0
511.24	11.0
678.56	11.0
681.44	11.0
827.12	11.0
1109.88	11.0
1125.28	11.0
1148.28	11.0
1150.8	11.0
1173.04	11.0
1227.68	11.0
306.56	12.0
325.92	12.0
331.12	12.0
351.24	12.0
366.04	12.0
934.76	12.0
1204.12	12.0
1210.28	12.0
1223.48	12.0
1242.16	13.0
21.48	13.0
255.16	13.0
306.64	13.0
312.48	13.0
326.4	13.0
1146.88	13.0
1123.76	14.0
35.36	14.0
82.28	14.0
127.84	14.0
157.6	14.0
187.0	14.0
216.24	14.0
242.12	14.0
327.16	14.0
475.88	14.0
505.52	14.0
554.04	14.0
560.4	14.0
584.48	14.0
630.0	14.0
678.0	14.0
736.28	14.0
774.6	14.0
865.12	14.0
984.12	14.0
1071.88	14.0
307.28	15.0
332.76	15.0
122.88	16.0
277.72	16.0
342.28	16.0
1194.52	16.0
608.52	17.0
344.56	17.0
232.28	19.0
612.12	19.0
307.4	20.0
163.08	20.0
314.76	20.0
326.76	20.0
1087.04	20.0
162.8	21.0
272.8	21.0
309.56	21.0
315.52	21.0
323.84	21.0
351.36	21.0
460.72	21.0
670.6	21.0
682.76	21.0
881.2	21.0
987.32	21.0
1147.8	21.0
1158.76	21.0
1197.96	21.0
1211.68	21.0
1265.0	21.0
1285.92	21.0
312.96	22.0
39.32	22.0
45.76	22.0
105.68	22.0
220.4	22.0
308.4	22.0
326.84	22.0
491.04	22.0
559.2	22.0
630.8	22.0
698.16	22.0
745.32	22.0
986.28	22.0
1040.44	22.0
1151.6	22.0
1197.92	22.0
1240.76	22.0
100.48	23.0
308.96	23.0
563.08	23.0
741.96	23.0
21.16	23.0
87.28	23.0
166.72	23.0
195.52	23.0
198.16	23.0
254.2	23.0
318.12	23.0
330.76	23.0
352.16	23.0
393.92	23.0
426.32	23.0
546.96	23.0
634.92	23.0
824.92	23.0
1128.44	23.0
1147.24	23.0
1152.28	23.0
1157.28	23.0
1163.12	23.0
1198.32	23.0
1210.04	23.0
1253.04	23.0
1257.52	23.0
1267.68	23.0
1317.84	23.0
633.48	24.0
677.96	24.0
67.36	24.0
83.04	24.0
307.2	24.0
318.64	24.0
324.44	24.0
332.16	24.0
353.84	24.0
378.36	24.0
460.64	24.0
477.32	24.0
1131.44	24.0
1152.04	24.0
1162.24	24.0
1170.12	24.0
1181.12	24.0
1199.04	24.0
1204.68	24.0
307.24	25.0
99.52	25.0
127.64	25.0
187.88	25.0
210.8	25.0
259.36	25.0
302.8	25.0
501.92	25.0
575.4	25.0
631.92	25.0
744.24	25.0
881.68	25.0
964.4	25.0
1014.16	25.0
1105.32	25.0
1147.6	25.0
40.76	26.0
69.44	26.0
86.04	26.0
99.16	26.0
102.36	26.0
128.88	26.0
190.08	26.0
209.36	26.0
214.16	26.0
240.84	26.0
261.36	26.0
274.64	26.0
309.56	26.0
314.24	26.0
322.08	26.0
328.44	26.0
341.6	26.0
350.36	26.0
361.96	26.0
385.28	26.0
389.64	26.0
418.24	26.0
433.04	26.0
462.68	26.0
469.76	26.0
479.56	26.0
503.92	26.0
509.24	26.0
513.4	26.0
542.64	26.0
555.8	26.0
572.16	26.0
577.64	26.0
594.68	26.0
602.2	26.0
614.16	26.0
631.64	26.0
650.16	26.0
675.2	26.0
680.52	26.0
703.28	26.0
712.52	26.0
727.92	26.0
746.24	26.0
755.72	26.0
775.72	26.0
798.28	26.0
819.6	26.0
826.56	26.0
848.48	26.0
883.76	26.0
892.8	26.0
915.6	26.0
958.16	26.0
966.32	26.0
992.52	26.0
1016.64	26.0
1023.56	26.0
1083.56	26.0
1106.04	26.0
1115.4	26.0
1136.96	26.0
1148.48	26.0
1158.76	26.0
1170.8	26.0
1184.08	26.0
1191.88	26.0
1203.32	26.0
1206.32	26.0
1224.52	26.0
1230.28	26.0
1247.64	26.0
1292.96	26.0
1302.12	26.0
325.16	27.0
392.44	27.0
86.04	28.0
158.68	28.0
188.72	28.0
253.24	28.0
308.56	28.0
315.08	28.0
330.88	28.0
482.52	28.0
1103.76	28.0
1146.16	28.0
1172.0	28.0
1200.36	28.0
306.68	29.0
19.48	29.0
182.48	29.0
1156.96	29.0
28.36	30.0
111.4	30.0
176.4	30.0
224.44	30.0
316.6	30.0
330.84	30.0
367.44	30.0
395.96	30.0
431.76	30.0
511.24	30.0
557.28	30.0
593.0	30.0
612.32	30.0
687.16	30.0
870.96	30.0
880.8	30.0
952.56	30.0
967.24	30.0
1070.64	30.0
1127.16	30.0
1141.28	30.0
1173.4	30.0
1200.88	30.0
1256.84	30.0
325.24	31.0
330.56	31.0
509.72	31.0
1148.16	31.0
1190.4	31.0
306.84	33.0
309.36	33.0
1210.08	33.0
306.28	34.0
316.56	34.0
1128.08	35.0
12.76	35.0
23.4	35.0
106.04	35.0
123.48	35.0
153.96	35.0
159.8	35.0
165.32	35.0
221.84	35.0
259.64	35.0
262.44	35.0
308.84	35.0
314.28	35.0
322.6	35.0
330.2	35.0
344.28	35.0
362.68	35.0
413.28	35.0
415.92	35.0
427.44	35.0
437.36	35.0
513.44	35.0
528.8	35.0
625.04	35.0
633.16	35.0
681.72	35.0
755.36	35.0
784.56	35.0
816.64	35.0
821.08	35.0
862.48	35.0
1018.24	35.0
1136.36	35.0
1146.32	35.0
1152.16	35.0
1157.52	35.0
1175.84	35.0
1188.56	35.0
1194.56	35.0
1197.56	35.0
1222.8	35.0
1230.28	35.0
1243.0	35.0
1253.24	35.0
1267.24	35.0
1284.52	35.0
1303.28	35.0
40.48	36.0
75.16	36.0
101.04	36.0
122.16	36.0
187.0	36.0
247.52	36.0
302.56	36.0
380.36	36.0
495.32	36.0
532.0	36.0
631.68	36.0
634.68	36.0
781.6	36.0
867.84	36.0
1123.44	36.0
1147.96	36.0
1172.0	36.0
1218.92	36.0
