1118.4	1.0
310.08	2.0
64.16	2.0
307.28	2.0
319.6	2.0
323.68	2.0
331.72	2.0
334.28	2.0
339.04	2.0
350.24	2.0
364.52	2.0
1176.76	2.0
1239.12	2.0
315.6	3.0
334.8	3.0
306.32	3.0
310.08	3.0
312.88	3.0
320.2	3.0
325.68	3.0
332.2	3.0
339.24	3.0
346.68	3.0
353.16	3.0
364.4	3.0
377.88	3.0
385.08	3.0
306.08	4.0
308.96	4.0
331.56	4.0
352.88	4.0
606.36	4.0
318.28	5.0
437.56	5.0
337.64	6.0
307.44	6.0
371.12	6.0
606.16	6.0
650.84	6.0
1280.08	6.0
361.6	7.0
108.44	8.0
155.4	8.0
308.6	8.0
333.64	8.0
346.08	8.0
368.24	8.0
400.6	8.0
499.64	8.0
1327.92	8.0
141.2	9.0
323.8	9.0
342.16	9.0
211.48	10.0
252.72	10.0
121.0	10.0
229.96	10.0
306.56	10.0
310.84	10.0
314.44	10.0
318.64	10.0
332.6	10.0
364.52	10.0
624.88	10.0
1270.48	10.0
333.72	11.0
352.88	11.0
306.6	11.0
309.28	11.0
313.72	11.0
318.12	11.0
321.8	11.0
329.84	11.0
350.24	11.0
308.76	12.0
320.68	12.0
334.44	12.0
402.72	12.0
308.56	13.0
320.52	13.0
323.4	13.0
333.68	13.0
339.48	13.0
357.16	13.0
369.04	13.0
391.48	13.0
60.84	14.0
309.44	14.0
314.24	14.0
327.12	14.0
380.8	14.0
336.4	15.0
307.0	15.0
344.48	15.0
319.16	18.0
336.56	18.0
315.36	19.0
331.88	19.0
362.4	19.0
316.4	20.0
119.24	20.0
64.0	21.0
268.4	21.0
309.16	21.0
313.68	21.0
319.64	21.0
323.48	21.0
331.68	21.0
345.6	21.0
353.68	21.0
365.92	21.0
380.08	21.0
386.48	21.0
393.68	21.0
399.52	21.0
466.08	21.0
352.28	22.0
313.2	22.0
320.0	22.0
322.72	22.0
1134.36	22.0
334.08	23.0
26.52	23.0
60.28	23.0
163.48	23.0
190.16	23.0
306.92	23.0
313.0	23.0
319.8	23.0
324.16	23.0
342.08	23.0
355.08	23.0
364.76	23.0
603.0	23.0
682.32	23.0
704.64	23.0
760.04	23.0
362.08	24.0
197.88	24.0
316.48	24.0
333.88	24.0
351.2	24.0
391.24	24.0
444.68	24.0
315.24	25.0
325.52	25.0
339.04	25.0
344.92	25.0
370.2	25.0
334.08	26.0
4.32	26.0
76.64	26.0
106.28	26.0
134.64	26.0
163.4	26.0
218.52	26.0
255.68	26.0
309.52	26.0
314.48	26.0
320.68	26.0
329.92	26.0
338.0	26.0
349.0	26.0
353.6	26.0
357.0	26.0
363.6	26.0
370.36	26.0
378.2	26.0
387.68	26.0
398.16	26.0
404.4	26.0
414.04	26.0
432.72	26.0
458.6	26.0
461.24	26.0
478.28	26.0
494.52	26.0
522.36	26.0
631.32	26.0
709.04	26.0
413.56	27.0
308.2	27.0
324.72	27.0
373.4	27.0
308.08	28.0
317.08	28.0
311.28	28.0
335.2	28.0
341.8	28.0
1132.12	28.0
311.4	29.0
317.08	29.0
336.44	30.0
106.0	30.0
317.24	30.0
331.72	30.0
345.72	30.0
383.08	30.0
400.6	30.0
515.92	30.0
1212.6	30.0
1275.76	30.0
1320.88	30.0
319.04	31.0
332.48	31.0
349.56	31.0
313.84	33.0
306.56	33.0
316.28	34.0
308.24	34.0
312.08	34.0
335.44	34.0
340.04	34.0
362.2	34.0
366.12	34.0
604.04	34.0
308.28	35.0
335.96	35.0
602.92	35.0
89.68	35.0
159.36	35.0
313.8	35.0
316.56	35.0
321.92	35.0
325.92	35.0
332.88	35.0
343.96	35.0
362.2	35.0
368.08	35.0
373.32	35.0
385.12	35.0
389.72	35.0
398.64	35.0
432.04	35.0
465.96	35.0
607.2	35.0
686.84	35.0
742.96	35.0
429.64	36.0
302.88	36.0
326.28	36.0
337.12	36.0
