969.92	1.0
208.8	1.0
306.0	1.0
309.44	1.0
348.0	1.0
942.68	1.0
1004.32	1.0
126.68	2.0
308.2	2.0
934.44	2.0
965.36	2.0
1271.16	2.0
15.64	2.0
44.68	2.0
48.0	2.0
100.72	2.0
111.2	2.0
197.92	2.0
209.16	2.0
221.72	2.0
311.48	2.0
324.0	2.0
328.32	2.0
341.68	2.0
363.72	2.0
378.72	2.0
897.24	2.0
907.76	2.0
913.04	2.0
916.0	2.0
928.68	2.0
943.08	2.0
951.04	2.0
960.4	2.0
970.96	2.0
974.68	2.0
979.44	2.0
987.76	2.0
997.2	2.0
1040.28	2.0
1238.24	2.0
308.8	3.0
315.2	3.0
31.68	3.0
48.16	3.0
75.44	3.0
121.64	3.0
127.12	3.0
129.88	3.0
233.6	3.0
253.0	3.0
323.68	3.0
328.44	3.0
337.76	3.0
934.48	3.0
941.72	3.0
950.8	3.0
965.8	3.0
974.84	3.0
984.48	3.0
987.52	3.0
990.2	3.0
1074.8	3.0
1116.88	3.0
1265.12	3.0
302.92	4.0
321.84	4.0
344.12	4.0
973.68	4.0
987.24	4.0
968.16	5.0
307.8	5.0
987.2	5.0
997.48	5.0
1005.32	5.0
339.48	6.0
1245.04	6.0
312.28	7.0
308.32	7.0
317.92	7.0
981.76	7.0
1060.76	7.0
1248.8	7.0
307.36	8.0
956.64	8.0
52.52	8.0
140.6	8.0
214.36	8.0
340.56	8.0
974.64	8.0
985.4	8.0
1006.52	8.0
1025.76	8.0
974.68	9.0
30.84	9.0
57.68	9.0
88.96	9.0
326.0	9.0
338.2	9.0
942.72	9.0
967.6	9.0
345.88	10.0
949.56	10.0
958.6	10.0
987.48	10.0
1125.8	10.0
38.92	10.0
245.88	10.0
307.24	10.0
310.96	10.0
315.76	10.0
321.6	10.0
920.36	10.0
939.52	10.0
968.48	10.0
976.4	10.0
129.92	11.0
323.72	11.0
961.92	11.0
990.24	11.0
1265.16	11.0
34.56	11.0
46.32	11.0
109.2	11.0
126.04	11.0
209.56	11.0
306.16	11.0
314.48	11.0
342.84	11.0
932.96	11.0
974.76	11.0
985.96	11.0
1011.04	11.0
1056.44	11.0
916.52	12.0
980.96	12.0
185.28	12.0
220.2	12.0
307.64	12.0
314.88	12.0
372.76	12.0
985.36	12.0
1166.32	12.0
306.16	13.0
315.12	13.0
322.72	13.0
325.76	13.0
973.72	13.0
987.8	13.0
1035.08	13.0
1075.56	13.0
30.32	14.0
217.76	14.0
306.64	14.0
310.68	14.0
341.04	14.0
987.32	14.0
308.28	15.0
330.56	15.0
1061.24	16.0
440.84	18.0
1008.4	18.0
1007.24	19.0
307.52	19.0
321.92	19.0
1028.28	20.0
146.96	20.0
314.76	20.0
322.28	21.0
45.36	21.0
84.76	21.0
116.44	21.0
178.92	21.0
199.4	21.0
219.92	21.0
230.76	21.0
309.56	21.0
318.12	21.0
327.56	21.0
334.84	21.0
343.44	21.0
383.0	21.0
961.72	21.0
968.04	21.0
979.96	21.0
984.96	21.0
988.88	21.0
1000.84	21.0
1008.36	21.0
1016.88	21.0
1022.84	21.0
1043.84	21.0
1069.32	21.0
1098.72	21.0
1124.6	21.0
1163.32	21.0
343.96	22.0
124.16	22.0
255.08	22.0
309.04	22.0
326.48	22.0
920.48	22.0
933.44	22.0
974.44	22.0
985.92	22.0
989.16	22.0
1008.56	22.0
57.36	23.0
98.6	23.0
112.72	23.0
171.48	23.0
244.04	23.0
308.68	23.0
314.4	23.0
319.48	23.0
322.4	23.0
329.76	23.0
343.92	23.0
932.36	23.0
972.28	23.0
977.68	23.0
985.12	23.0
987.64	23.0
1001.2	23.0
1010.88	23.0
1013.56	23.0
1025.52	23.0
1044.0	23.0
1108.12	23.0
41.08	24.0
83.16	24.0
121.16	24.0
160.12	24.0
167.56	24.0
185.24	24.0
218.68	24.0
306.56	24.0
320.96	24.0
326.16	24.0
966.92	24.0
979.0	24.0
983.4	24.0
991.08	24.0
994.4	24.0
1007.32	24.0
1012.48	24.0
1018.84	24.0
1051.6	24.0
1074.92	24.0
1089.28	24.0
1113.4	24.0
1122.36	24.0
1012.72	25.0
134.8	25.0
321.68	25.0
323.68	26.0
999.44	26.0
10.24	26.0
21.12	26.0
37.16	26.0
54.56	26.0
71.96	26.0
79.76	26.0
99.92	26.0
116.04	26.0
136.44	26.0
144.24	26.0
155.6	26.0
179.2	26.0
182.68	26.0
197.52	26.0
216.16	26.0
228.6	26.0
232.96	26.0
242.88	26.0
257.96	26.0
276.72	26.0
289.92	26.0
308.56	26.0
314.32	26.0
338.56	26.0
349.96	26.0
376.64	26.0
393.24	26.0
421.36	26.0
473.76	26.0
556.4	26.0
604.6	26.0
967.72	26.0
971.4	26.0
982.44	26.0
988.92	26.0
1002.76	26.0
1005.84	26.0
1013.56	26.0
1032.72	26.0
1060.84	26.0
1076.36	26.0
1087.28	26.0
1092.88	26.0
1117.32	26.0
1135.28	26.0
1146.0	26.0
1150.04	26.0
1171.0	26.0
1207.6	26.0
1232.2	26.0
1266.56	26.0
1282.48	26.0
241.84	27.0
969.12	27.0
207.56	28.0
308.08	28.0
315.04	28.0
30.56	28.0
57.32	28.0
146.16	28.0
310.84	28.0
318.8	28.0
325.64	28.0
329.4	28.0
337.84	28.0
967.24	28.0
986.4	28.0
1016.4	28.0
306.16	29.0
328.92	29.0
312.92	30.0
57.96	30.0
128.2	30.0
144.56	30.0
150.84	30.0
196.2	30.0
317.24	30.0
320.12	30.0
327.16	30.0
344.52	30.0
971.4	30.0
985.48	30.0
989.16	30.0
1006.24	30.0
1016.6	30.0
1055.0	30.0
1103.76	30.0
1130.0	30.0
110.56	31.0
332.2	31.0
980.8	31.0
1050.96	31.0
302.68	33.0
318.28	33.0
984.04	33.0
306.48	33.0
344.6	33.0
988.8	33.0
1006.88	33.0
316.16	34.0
345.0	34.0
977.36	35.0
110.28	35.0
115.72	35.0
172.44	35.0
215.44	35.0
228.12	35.0
246.16	35.0
308.64	35.0
314.84	35.0
323.12	35.0
327.4	35.0
337.0	35.0
342.44	35.0
345.68	35.0
353.64	35.0
932.2	35.0
966.04	35.0
987.88	35.0
1000.12	35.0
1008.84	35.0
1018.44	35.0
1031.6	35.0
1072.72	35.0
1135.48	35.0
1012.68	36.0
112.52	36.0
302.56	36.0
314.2	36.0
1006.92	36.0
