318.12	1.0
381.76	1.0
1010.92	1.0
333.84	2.0
337.28	2.0
1087.72	2.0
303.0	2.0
316.56	2.0
319.2	2.0
326.96	2.0
329.48	2.0
341.4	2.0
353.96	2.0
356.76	2.0
372.48	2.0
382.16	2.0
411.96	2.0
426.48	2.0
639.36	2.0
671.04	2.0
884.56	2.0
1011.28	2.0
1118.24	2.0
1250.84	2.0
1257.12	2.0
337.16	3.0
312.84	3.0
316.96	3.0
323.16	3.0
326.24	3.0
330.8	3.0
342.2	3.0
352.52	3.0
369.0	3.0
395.88	3.0
416.2	3.0
465.28	3.0
470.96	3.0
576.52	3.0
649.44	3.0
695.28	3.0
745.48	3.0
831.0	3.0
838.68	3.0
876.0	3.0
1001.24	3.0
1027.44	3.0
1143.84	3.0
1284.72	3.0
342.32	4.0
317.04	4.0
317.44	5.0
314.08	6.0
325.56	6.0
396.24	6.0
757.52	6.0
841.84	6.0
331.96	7.0
884.08	7.0
312.52	7.0
348.2	7.0
354.04	7.0
362.2	7.0
715.84	7.0
312.68	8.0
332.96	8.0
319.32	8.0
330.16	8.0
339.48	8.0
348.52	8.0
1033.12	8.0
353.92	9.0
1038.96	9.0
1176.28	9.0
326.92	10.0
441.8	10.0
314.64	10.0
318.4	10.0
322.32	10.0
331.24	10.0
362.32	10.0
787.88	10.0
973.56	10.0
1118.72	10.0
1179.8	10.0
1290.28	10.0
1416.64	10.0
322.44	11.0
338.32	11.0
342.08	11.0
361.12	11.0
395.88	11.0
695.28	11.0
745.48	11.0
876.04	11.0
1288.0	11.0
1397.08	11.0
317.92	11.0
326.12	11.0
333.72	11.0
346.56	11.0
367.56	11.0
374.24	11.0
677.56	11.0
1149.76	11.0
319.04	12.0
332.92	12.0
338.36	12.0
348.76	12.0
405.88	12.0
543.64	12.0
312.72	13.0
315.44	13.0
323.96	13.0
340.28	13.0
354.08	13.0
329.36	14.0
697.88	14.0
324.0	14.0
337.04	14.0
385.44	14.0
316.76	15.0
328.24	15.0
340.12	15.0
347.6	15.0
1044.48	15.0
349.76	16.0
329.64	18.0
314.32	18.0
676.32	18.0
351.88	20.0
328.04	20.0
445.44	20.0
316.44	21.0
318.96	21.0
322.28	21.0
329.28	21.0
337.16	21.0
340.72	21.0
347.32	21.0
351.84	21.0
359.2	21.0
373.8	21.0
386.16	21.0
398.12	21.0
420.8	21.0
445.12	21.0
532.2	21.0
535.32	21.0
596.12	21.0
634.52	21.0
645.76	21.0
678.92	21.0
695.04	21.0
744.48	21.0
747.28	21.0
806.0	21.0
840.08	21.0
868.08	21.0
947.16	21.0
979.76	21.0
1000.88	21.0
1065.8	21.0
1106.28	21.0
1163.28	21.0
1187.44	21.0
1291.24	21.0
1336.92	21.0
341.32	22.0
349.04	22.0
312.52	22.0
318.52	22.0
324.04	22.0
326.56	22.0
332.6	22.0
337.0	22.0
346.36	22.0
514.16	22.0
618.0	22.0
841.0	22.0
324.24	23.0
315.08	23.0
321.4	23.0
338.08	23.0
348.8	23.0
360.56	23.0
441.08	23.0
846.24	23.0
1022.6	23.0
1035.16	23.0
345.96	24.0
319.4	24.0
323.96	24.0
335.68	24.0
338.8	24.0
342.2	24.0
369.72	24.0
393.56	24.0
531.28	24.0
560.16	24.0
639.32	24.0
825.4	24.0
940.0	24.0
965.52	24.0
1081.88	24.0
1119.8	24.0
1164.32	24.0
339.0	25.0
316.6	25.0
321.88	25.0
326.48	25.0
333.16	25.0
348.16	25.0
369.84	25.0
386.12	25.0
1116.56	25.0
462.28	26.0
315.44	26.0
319.64	26.0
323.4	26.0
333.48	26.0
337.04	26.0
340.96	26.0
347.28	26.0
353.68	26.0
358.96	26.0
376.72	26.0
381.12	26.0
385.04	26.0
394.12	26.0
405.32	26.0
413.88	26.0
420.16	26.0
428.16	26.0
439.16	26.0
458.96	26.0
467.84	26.0
478.96	26.0
490.36	26.0
530.0	26.0
540.6	26.0
568.16	26.0
573.08	26.0
598.2	26.0
627.32	26.0
646.56	26.0
655.08	26.0
669.12	26.0
672.44	26.0
674.96	26.0
693.92	26.0
727.68	26.0
748.32	26.0
754.44	26.0
773.48	26.0
778.52	26.0
805.4	26.0
835.44	26.0
838.2	26.0
870.48	26.0
896.36	26.0
932.16	26.0
940.24	26.0
969.24	26.0
992.44	26.0
1008.24	26.0
1057.16	26.0
1105.76	26.0
1129.4	26.0
1152.8	26.0
1165.76	26.0
1192.08	26.0
1223.88	26.0
1248.36	26.0
1277.88	26.0
1296.12	26.0
1347.16	26.0
1368.12	26.0
1391.32	26.0
1405.24	26.0
372.88	27.0
423.64	27.0
624.4	27.0
808.76	27.0
1035.6	27.0
1217.2	27.0
1405.56	27.0
327.04	28.0
372.68	28.0
320.56	28.0
324.32	28.0
330.16	28.0
337.08	28.0
340.0	28.0
348.52	28.0
353.56	28.0
673.28	28.0
976.44	28.0
1038.64	28.0
1175.96	28.0
326.8	29.0
336.04	29.0
338.84	29.0
315.6	30.0
340.0	30.0
362.04	30.0
368.44	30.0
375.44	30.0
403.44	30.0
466.0	30.0
572.76	30.0
595.28	30.0
780.08	30.0
1186.04	30.0
328.2	31.0
316.32	31.0
320.52	31.0
348.68	31.0
359.16	31.0
396.4	31.0
426.0	31.0
327.76	33.0
312.16	33.0
317.16	34.0
320.48	34.0
329.6	34.0
1017.16	34.0
315.76	35.0
318.4	35.0
323.76	35.0
326.84	35.0
336.72	35.0
340.44	35.0
346.64	35.0
355.4	35.0
358.48	35.0
365.32	35.0
371.6	35.0
374.28	35.0
384.72	35.0
440.88	35.0
525.72	35.0
664.48	35.0
750.12	35.0
1022.52	35.0
1036.88	35.0
1100.52	35.0
1295.92	35.0
1308.48	35.0
323.8	36.0
349.64	36.0
1022.44	36.0
