272.76	1.0
780.0	1.0
40.12	2.0
86.36	2.0
137.12	2.0
149.44	2.0
151.96	2.0
188.84	2.0
261.52	2.0
308.04	2.0
311.16	2.0
315.48	2.0
318.0	2.0
346.12	2.0
727.68	2.0
780.44	2.0
817.52	2.0
928.4	2.0
29.4	3.0
132.64	3.0
235.12	3.0
308.88	3.0
312.88	3.0
315.4	3.0
337.92	3.0
348.64	3.0
656.56	3.0
816.16	3.0
819.0	3.0
899.76	3.0
1033.92	3.0
310.36	4.0
307.28	4.0
307.32	5.0
322.68	5.0
179.84	5.0
324.92	6.0
593.36	6.0
1087.8	6.0
1107.24	6.0
307.76	7.0
232.2	7.0
306.12	8.0
331.64	8.0
345.08	8.0
354.28	8.0
368.6	8.0
1053.52	8.0
62.92	9.0
789.28	10.0
10.32	10.0
63.32	10.0
77.88	10.0
131.32	10.0
257.32	10.0
261.52	10.0
311.04	10.0
596.76	10.0
770.0	10.0
877.2	10.0
1017.56	10.0
155.68	11.0
235.12	11.0
317.16	11.0
819.0	11.0
1033.96	11.0
230.12	11.0
306.8	11.0
330.4	11.0
346.24	11.0
7.24	12.0
307.44	12.0
317.8	12.0
726.08	12.0
960.24	12.0
319.36	13.0
324.08	13.0
326.88	13.0
348.44	13.0
906.44	13.0
346.28	14.0
361.36	14.0
308.16	15.0
370.04	15.0
322.12	16.0
335.2	17.0
312.2	18.0
342.68	18.0
306.32	20.0
345.92	20.0
845.8	20.0
320.4	21.0
35.28	21.0
52.6	21.0
136.72	21.0
154.4	21.0
179.96	21.0
208.2	21.0
266.0	21.0
296.36	21.0
309.52	21.0
314.96	21.0
337.8	21.0
345.16	21.0
357.16	21.0
366.4	21.0
376.28	21.0
392.8	21.0
397.68	21.0
414.12	21.0
441.08	21.0
473.0	21.0
620.56	21.0
664.28	21.0
668.04	21.0
790.52	21.0
834.6	21.0
891.32	21.0
306.96	22.0
311.04	22.0
139.56	22.0
314.68	22.0
340.88	22.0
373.36	22.0
404.04	22.0
887.8	22.0
306.68	23.0
309.88	23.0
317.52	23.0
321.16	23.0
328.52	23.0
347.44	23.0
397.92	23.0
581.0	23.0
896.72	23.0
923.8	23.0
1090.4	23.0
32.36	24.0
192.68	24.0
283.2	24.0
307.0	24.0
317.64	24.0
328.2	24.0
340.08	24.0
360.36	24.0
377.12	24.0
403.08	24.0
317.88	25.0
308.88	25.0
1044.96	26.0
12.84	26.0
44.84	26.0
86.8	26.0
95.84	26.0
130.08	26.0
144.88	26.0
173.08	26.0
204.56	26.0
221.4	26.0
241.76	26.0
271.12	26.0
309.64	26.0
314.6	26.0
323.56	26.0
330.04	26.0
341.96	26.0
357.28	26.0
365.08	26.0
380.4	26.0
396.84	26.0
419.44	26.0
436.16	26.0
468.32	26.0
476.04	26.0
485.92	26.0
494.44	26.0
500.92	26.0
518.4	26.0
542.88	26.0
571.56	26.0
591.28	26.0
603.4	26.0
618.24	26.0
633.76	26.0
690.72	26.0
703.32	26.0
713.52	26.0
726.88	26.0
756.76	26.0
777.52	26.0
806.52	26.0
820.4	26.0
848.12	26.0
864.76	26.0
873.52	26.0
881.0	26.0
894.88	26.0
947.96	26.0
991.48	26.0
1085.84	26.0
23.0	27.0
51.84	27.0
282.6	27.0
348.72	27.0
448.12	27.0
314.08	28.0
62.6	28.0
155.04	28.0
308.48	28.0
311.36	28.0
325.8	28.0
469.36	28.0
845.76	28.0
943.36	28.0
68.88	30.0
155.96	30.0
216.72	30.0
316.44	30.0
321.52	30.0
331.88	30.0
343.64	30.0
374.4	30.0
412.16	30.0
439.8	30.0
466.84	30.0
613.16	30.0
778.88	30.0
66.64	31.0
313.24	31.0
332.84	31.0
344.68	31.0
129.4	33.0
306.28	33.0
306.16	34.0
302.56	35.0
320.44	35.0
345.28	35.0
173.72	35.0
181.76	35.0
308.56	35.0
324.64	35.0
340.2	35.0
391.2	35.0
415.24	35.0
441.6	35.0
459.36	35.0
564.76	35.0
679.36	35.0
768.52	35.0
868.12	35.0
988.8	35.0
1069.64	35.0
302.64	36.0
307.88	36.0
