247.4	1.0
50.52	2.0
328.96	2.0
23.88	2.0
118.8	2.0
183.92	2.0
247.8	2.0
260.6	2.0
263.76	2.0
277.16	2.0
281.08	2.0
302.96	2.0
309.08	2.0
311.84	2.0
318.84	2.0
331.8	2.0
355.08	2.0
362.16	2.0
373.76	2.0
309.76	3.0
318.6	3.0
16.04	3.0
203.28	3.0
269.64	3.0
302.76	3.0
332.68	3.0
340.28	3.0
344.72	3.0
368.04	3.0
410.4	3.0
462.44	3.0
506.48	3.0
558.16	3.0
663.2	3.0
324.64	4.0
318.8	5.0
347.48	5.0
36.8	6.0
41.08	6.0
320.32	6.0
325.32	6.0
713.08	6.0
818.2	6.0
274.6	7.0
434.04	7.0
528.48	7.0
223.48	8.0
280.36	8.0
344.16	8.0
70.84	8.0
296.44	8.0
319.0	8.0
322.68	8.0
368.96	8.0
282.56	9.0
343.88	9.0
333.36	10.0
493.72	10.0
590.68	10.0
46.92	10.0
201.08	10.0
309.44	10.0
318.8	10.0
324.52	10.0
539.6	10.0
638.04	10.0
777.68	10.0
178.12	11.0
223.6	11.0
327.6	11.0
330.16	11.0
410.48	11.0
506.44	11.0
207.28	11.0
275.08	11.0
279.72	11.0
309.52	11.0
318.36	11.0
362.32	11.0
234.12	12.0
315.48	12.0
356.24	12.0
395.36	12.0
310.6	13.0
315.92	13.0
335.84	13.0
344.28	13.0
316.08	14.0
549.4	14.0
62.32	14.0
309.24	14.0
321.8	14.0
327.0	14.0
334.44	14.0
348.56	14.0
359.84	14.0
399.32	14.0
292.32	16.0
337.52	16.0
377.04	16.0
306.0	18.0
402.84	18.0
344.04	20.0
363.08	20.0
315.92	20.0
325.56	20.0
349.08	20.0
283.72	21.0
316.52	21.0
4.76	21.0
57.48	21.0
60.44	21.0
77.64	21.0
218.28	21.0
221.76	21.0
268.12	21.0
278.6	21.0
286.24	21.0
293.52	21.0
309.4	21.0
312.64	21.0
325.28	21.0
329.56	21.0
333.12	21.0
342.08	21.0
361.68	21.0
368.8	21.0
376.36	21.0
391.16	21.0
399.6	21.0
413.92	21.0
417.28	21.0
470.2	21.0
513.44	21.0
591.24	21.0
712.64	21.0
316.44	22.0
58.08	22.0
283.56	22.0
310.2	22.0
327.08	22.0
331.16	22.0
701.76	22.0
315.16	23.0
310.08	23.0
320.32	23.0
329.84	23.0
344.44	23.0
360.4	23.0
367.2	23.0
414.36	23.0
253.08	24.0
314.92	24.0
320.28	24.0
331.76	24.0
347.4	24.0
367.2	24.0
402.88	24.0
315.16	25.0
332.12	25.0
318.72	25.0
326.4	25.0
336.64	25.0
136.84	26.0
189.6	26.0
209.04	26.0
241.4	26.0
309.12	26.0
314.56	26.0
319.6	26.0
324.48	26.0
329.36	26.0
335.12	26.0
340.96	26.0
346.4	26.0
352.56	26.0
362.68	26.0
371.4	26.0
377.0	26.0
389.16	26.0
396.88	26.0
407.36	26.0
410.72	26.0
421.8	26.0
429.92	26.0
444.6	26.0
448.24	26.0
469.72	26.0
485.2	26.0
491.8	26.0
524.4	26.0
537.4	26.0
555.08	26.0
595.64	26.0
642.12	26.0
726.96	26.0
732.6	26.0
398.64	27.0
309.56	28.0
204.4	28.0
282.24	28.0
313.72	28.0
319.44	28.0
343.52	28.0
313.52	29.0
343.4	29.0
36.64	30.0
292.44	30.0
312.92	30.0
317.84	30.0
321.68	30.0
332.0	30.0
342.6	30.0
349.16	30.0
361.8	30.0
375.92	30.0
403.2	30.0
303.0	31.0
270.36	31.0
351.96	31.0
370.04	31.0
315.36	33.0
318.64	33.0
328.84	33.0
317.88	34.0
330.84	34.0
320.76	34.0
360.32	34.0
57.76	35.0
281.0	35.0
284.96	35.0
314.16	35.0
318.52	35.0
324.28	35.0
330.08	35.0
335.2	35.0
341.92	35.0
345.2	35.0
360.12	35.0
395.32	35.0
416.2	35.0
449.92	35.0
741.88	35.0
302.48	36.0
324.76	36.0
