315.0	1.0
1089.2	1.0
318.76	2.0
295.64	2.0
303.0	2.0
315.44	2.0
321.8	2.0
331.04	2.0
337.2	2.0
414.72	2.0
906.48	2.0
942.92	2.0
963.52	2.0
966.64	2.0
972.36	2.0
980.76	2.0
1113.2	2.0
1146.24	2.0
1245.16	2.0
1259.12	2.0
1314.8	2.0
1317.64	2.0
309.36	3.0
80.92	3.0
119.4	3.0
123.0	3.0
313.36	3.0
321.68	3.0
330.8	3.0
341.04	3.0
349.84	3.0
363.2	3.0
914.4	3.0
949.48	3.0
953.08	3.0
979.64	3.0
1013.84	3.0
1105.52	3.0
1112.36	3.0
1220.12	3.0
1267.24	3.0
314.08	4.0
310.12	4.0
318.96	5.0
1041.36	6.0
88.2	6.0
295.88	6.0
325.72	6.0
59.28	7.0
345.68	7.0
1103.36	7.0
318.56	8.0
336.24	8.0
348.84	8.0
441.24	8.0
981.2	8.0
1004.04	8.0
313.04	9.0
323.92	9.0
969.04	9.0
535.6	10.0
980.76	10.0
36.32	10.0
161.56	10.0
484.44	10.0
688.0	10.0
836.6	10.0
964.12	10.0
1032.08	10.0
1252.64	10.0
80.96	11.0
349.72	11.0
989.88	11.0
1053.44	11.0
1267.24	11.0
311.16	11.0
319.24	11.0
332.48	11.0
945.56	11.0
310.76	12.0
318.52	12.0
365.68	12.0
562.08	12.0
937.0	12.0
950.92	12.0
1192.92	12.0
1246.44	12.0
1314.4	12.0
321.08	13.0
326.88	13.0
340.56	13.0
363.44	13.0
989.72	13.0
1053.44	13.0
1077.92	13.0
1310.64	13.0
318.0	14.0
322.0	14.0
328.92	14.0
346.92	14.0
1075.32	15.0
433.96	16.0
1192.32	16.0
967.84	18.0
316.68	19.0
977.76	21.0
1053.76	21.0
9.84	21.0
54.4	21.0
71.64	21.0
96.28	21.0
176.36	21.0
309.64	21.0
313.92	21.0
322.44	21.0
325.8	21.0
332.84	21.0
346.92	21.0
349.56	21.0
356.16	21.0
380.88	21.0
395.64	21.0
422.6	21.0
466.0	21.0
496.16	21.0
957.0	21.0
1004.96	21.0
1022.24	21.0
1039.8	21.0
1051.24	21.0
1069.04	21.0
1077.68	21.0
1101.92	21.0
1110.76	21.0
1164.8	21.0
1210.0	21.0
1276.12	21.0
1304.76	21.0
966.52	22.0
6.8	22.0
315.04	22.0
322.88	22.0
329.76	22.0
605.48	22.0
946.16	22.0
977.68	22.0
1017.2	22.0
1046.68	22.0
1074.0	22.0
1142.44	22.0
1186.2	22.0
1011.96	23.0
45.0	23.0
197.92	23.0
309.0	23.0
314.44	23.0
319.52	23.0
325.64	23.0
328.48	23.0
338.52	23.0
354.64	23.0
1020.16	23.0
1030.84	23.0
1052.24	23.0
15.32	24.0
317.44	24.0
321.92	24.0
332.6	24.0
350.44	24.0
357.96	24.0
1006.92	24.0
1061.52	24.0
1109.36	24.0
322.08	25.0
358.24	25.0
28.12	26.0
35.48	26.0
53.08	26.0
58.8	26.0
72.24	26.0
92.48	26.0
116.28	26.0
140.56	26.0
155.36	26.0
161.4	26.0
182.56	26.0
209.28	26.0
228.6	26.0
310.44	26.0
314.0	26.0
322.0	26.0
324.68	26.0
329.96	26.0
334.08	26.0
344.8	26.0
352.6	26.0
364.24	26.0
373.44	26.0
379.04	26.0
399.56	26.0
420.16	26.0
429.92	26.0
434.08	26.0
462.52	26.0
479.24	26.0
485.32	26.0
502.72	26.0
510.8	26.0
536.0	26.0
543.32	26.0
579.08	26.0
595.36	26.0
608.52	26.0
671.56	26.0
940.2	26.0
963.4	26.0
967.96	26.0
996.0	26.0
1010.48	26.0
1048.08	26.0
1050.96	26.0
1067.48	26.0
1085.56	26.0
1098.96	26.0
1101.88	26.0
1138.32	26.0
1164.92	26.0
1190.44	26.0
1226.64	26.0
1244.96	26.0
1293.4	26.0
1306.92	26.0
1152.36	27.0
312.64	28.0
319.48	28.0
323.52	28.0
366.28	28.0
942.68	28.0
968.68	28.0
319.28	29.0
11.2	30.0
97.08	30.0
120.88	30.0
313.0	30.0
322.0	30.0
340.8	30.0
347.2	30.0
388.16	30.0
417.36	30.0
457.0	30.0
537.52	30.0
973.76	30.0
1041.76	30.0
1050.04	30.0
1102.64	30.0
1126.32	30.0
1176.12	30.0
1233.8	30.0
315.84	31.0
367.04	31.0
996.16	31.0
1038.12	31.0
1101.36	31.0
302.84	32.0
496.28	33.0
319.4	34.0
334.28	34.0
302.56	35.0
5.6	35.0
85.48	35.0
115.8	35.0
194.2	35.0
317.0	35.0
320.0	35.0
326.08	35.0
340.48	35.0
346.68	35.0
365.72	35.0
400.8	35.0
468.68	35.0
496.36	35.0
945.92	35.0
978.52	35.0
1053.36	35.0
1060.48	35.0
1296.44	35.0
302.84	36.0
