400.04	1.0
333.72	2.0
21.0	2.0
23.64	2.0
82.2	2.0
206.16	2.0
262.6	2.0
282.28	2.0
297.04	2.0
302.96	2.0
310.48	2.0
313.6	2.0
316.8	2.0
322.2	2.0
342.96	2.0
356.68	2.0
400.48	2.0
2.88	3.0
25.28	3.0
39.08	3.0
69.64	3.0
123.6	3.0
203.64	3.0
281.36	3.0
311.08	3.0
313.8	3.0
322.04	3.0
326.6	3.0
333.6	3.0
2.8	4.0
266.68	4.0
310.08	4.0
322.52	4.0
351.8	4.0
321.6	5.0
329.44	5.0
266.12	5.0
317.12	5.0
347.72	5.0
34.32	6.0
261.6	6.0
315.96	6.0
329.24	6.0
173.12	7.0
311.8	7.0
334.24	7.0
81.52	8.0
323.36	8.0
341.88	8.0
348.52	8.0
323.52	9.0
16.6	10.0
82.0	10.0
141.44	10.0
309.6	10.0
313.72	10.0
2.84	11.0
39.12	11.0
123.64	11.0
309.12	11.0
311.84	11.0
30.84	11.0
322.24	11.0
345.76	11.0
267.08	12.0
322.32	12.0
32.48	13.0
49.68	13.0
223.04	13.0
317.72	13.0
322.6	13.0
333.56	13.0
347.4	13.0
318.2	14.0
309.48	14.0
322.24	14.0
325.0	14.0
364.4	14.0
169.56	15.0
36.2	20.0
117.28	20.0
321.6	21.0
15.04	21.0
25.48	21.0
37.52	21.0
49.76	21.0
65.72	21.0
70.56	21.0
81.88	21.0
103.56	21.0
106.32	21.0
117.72	21.0
122.56	21.0
154.96	21.0
224.68	21.0
252.32	21.0
309.56	21.0
340.24	21.0
354.12	21.0
372.0	21.0
375.2	21.0
316.08	22.0
28.32	22.0
65.32	22.0
112.96	22.0
309.44	22.0
325.36	22.0
15.0	23.0
24.96	23.0
36.48	23.0
200.0	23.0
258.92	23.0
310.36	23.0
317.68	23.0
325.16	23.0
336.44	23.0
352.12	23.0
368.44	23.0
6.76	24.0
58.84	24.0
78.08	24.0
133.28	24.0
171.6	24.0
195.2	24.0
312.28	24.0
333.16	24.0
350.24	24.0
324.52	25.0
306.0	25.0
29.68	26.0
35.44	26.0
56.8	26.0
61.92	26.0
81.64	26.0
92.04	26.0
118.2	26.0
134.44	26.0
151.72	26.0
185.4	26.0
199.24	26.0
207.6	26.0
270.2	26.0
288.52	26.0
314.52	26.0
320.08	26.0
325.12	26.0
335.8	26.0
342.32	26.0
350.92	26.0
366.68	26.0
390.4	26.0
417.52	26.0
435.56	26.0
316.44	28.0
24.84	28.0
312.48	28.0
323.16	28.0
327.48	28.0
312.24	29.0
315.68	29.0
79.4	30.0
116.44	30.0
311.24	30.0
322.2	30.0
333.52	30.0
339.16	30.0
358.48	30.0
25.52	31.0
30.64	31.0
310.08	31.0
330.2	31.0
302.92	32.0
312.36	33.0
15.44	34.0
26.68	35.0
36.96	35.0
84.48	35.0
107.72	35.0
128.36	35.0
167.76	35.0
266.64	35.0
315.08	35.0
318.04	35.0
321.32	35.0
326.96	35.0
329.6	35.0
353.68	35.0
371.12	35.0
352.0	36.0
121.32	36.0
302.6	36.0
324.44	36.0
