306.24	2.0
827.04	2.0
13.84	2.0
62.2	2.0
71.6	2.0
79.64	2.0
117.32	2.0
130.32	2.0
179.56	2.0
184.0	2.0
277.84	2.0
302.96	2.0
310.12	2.0
313.76	2.0
318.32	2.0
438.96	2.0
443.64	2.0
493.32	2.0
495.88	2.0
582.72	2.0
616.6	2.0
625.0	2.0
628.16	2.0
645.0	2.0
712.04	2.0
751.24	2.0
776.84	2.0
805.48	2.0
888.16	2.0
904.2	2.0
927.56	2.0
944.48	2.0
963.88	2.0
983.64	2.0
997.16	2.0
1032.24	2.0
1101.88	2.0
1181.08	2.0
1198.32	2.0
1207.28	2.0
1230.28	2.0
1270.92	2.0
1276.88	2.0
1279.48	2.0
1282.4	2.0
1342.56	2.0
1383.76	2.0
63.6	3.0
79.4	3.0
117.52	3.0
184.2	3.0
302.92	3.0
307.0	3.0
339.04	3.0
443.84	3.0
482.76	3.0
628.36	3.0
777.04	3.0
805.24	3.0
892.36	3.0
901.92	3.0
963.6	3.0
983.6	3.0
1005.04	3.0
1032.4	3.0
1142.0	3.0
1221.88	3.0
847.12	4.0
916.88	4.0
15.04	5.0
324.76	5.0
377.24	6.0
1088.0	7.0
280.52	7.0
422.48	7.0
520.08	7.0
17.04	8.0
168.32	8.0
195.36	8.0
307.52	8.0
382.72	8.0
458.12	8.0
860.44	8.0
919.36	8.0
973.12	8.0
1027.72	8.0
1056.16	8.0
1124.76	8.0
1157.92	8.0
79.4	9.0
759.48	9.0
818.76	9.0
983.88	9.0
1033.04	9.0
1158.12	9.0
1270.48	9.0
1288.72	9.0
554.76	10.0
307.44	10.0
933.32	10.0
316.32	11.0
344.12	11.0
1005.12	11.0
1142.08	11.0
158.24	11.0
306.56	11.0
495.92	11.0
757.64	11.0
805.92	11.0
813.08	11.0
1018.28	11.0
1033.08	11.0
1187.88	11.0
1281.92	11.0
1347.76	11.0
306.8	12.0
323.36	12.0
868.24	12.0
307.52	13.0
314.68	13.0
339.52	13.0
375.56	13.0
803.64	13.0
1011.56	13.0
1195.0	13.0
348.24	14.0
911.04	14.0
924.2	14.0
1001.68	14.0
1008.4	14.0
1059.24	14.0
761.48	15.0
748.2	16.0
1184.2	16.0
1318.68	16.0
165.36	17.0
959.4	18.0
748.16	19.0
307.64	20.0
1008.8	20.0
952.52	21.0
210.76	21.0
309.56	21.0
319.24	21.0
327.44	21.0
338.16	21.0
344.24	21.0
362.6	21.0
442.92	21.0
853.56	21.0
925.0	21.0
962.36	21.0
1007.12	21.0
1029.6	21.0
1032.68	21.0
1057.32	21.0
1073.48	21.0
1129.84	21.0
307.52	22.0
333.88	22.0
863.4	22.0
952.44	22.0
1030.28	22.0
512.84	23.0
875.44	23.0
1130.24	23.0
172.56	23.0
287.68	23.0
308.92	23.0
323.12	23.0
335.44	23.0
443.88	23.0
493.6	23.0
581.36	23.0
605.44	23.0
648.32	23.0
684.16	23.0
699.8	23.0
768.36	23.0
774.0	23.0
799.96	23.0
806.04	23.0
831.32	23.0
846.72	23.0
897.76	23.0
945.28	23.0
991.28	23.0
1010.36	23.0
1151.8	23.0
1250.88	23.0
1267.64	23.0
1352.2	23.0
1390.36	23.0
789.4	24.0
307.72	24.0
317.68	24.0
333.88	24.0
370.72	24.0
387.64	24.0
938.6	24.0
1008.36	24.0
1061.52	24.0
410.4	25.0
335.76	26.0
748.84	26.0
867.2	26.0
1064.72	26.0
3.04	26.0
29.12	26.0
73.68	26.0
114.36	26.0
175.16	26.0
207.0	26.0
224.72	26.0
286.04	26.0
347.12	26.0
364.64	26.0
386.24	26.0
403.0	26.0
422.92	26.0
435.36	26.0
449.28	26.0
463.84	26.0
483.44	26.0
494.88	26.0
509.32	26.0
542.4	26.0
559.72	26.0
573.28	26.0
631.4	26.0
760.28	26.0
776.0	26.0
793.04	26.0
803.6	26.0
829.96	26.0
845.72	26.0
858.32	26.0
880.96	26.0
900.4	26.0
911.04	26.0
931.48	26.0
941.6	26.0
958.36	26.0
967.0	26.0
978.68	26.0
996.28	26.0
1007.28	26.0
1020.56	26.0
1029.36	26.0
1044.88	26.0
1084.96	26.0
1106.44	26.0
1127.2	26.0
1154.12	26.0
1163.6	26.0
1188.44	26.0
1214.64	26.0
1221.44	26.0
1294.64	26.0
911.76	27.0
383.64	27.0
473.44	27.0
992.04	27.0
816.64	28.0
15.32	28.0
35.48	28.0
74.2	28.0
117.12	28.0
282.28	28.0
307.56	28.0
336.12	28.0
367.72	28.0
698.04	28.0
774.72	28.0
778.28	28.0
802.56	28.0
907.24	28.0
944.48	28.0
958.68	28.0
1288.36	28.0
306.04	29.0
335.88	29.0
738.6	29.0
25.72	30.0
33.76	30.0
121.68	30.0
194.52	30.0
278.48	30.0
359.96	30.0
404.88	30.0
446.4	30.0
551.48	30.0
863.08	30.0
920.2	30.0
926.8	30.0
960.96	30.0
973.36	30.0
1028.72	30.0
1055.92	30.0
1078.72	30.0
1087.84	30.0
1127.24	30.0
1186.2	30.0
1323.04	30.0
309.36	31.0
318.12	31.0
747.36	31.0
797.2	31.0
959.96	31.0
747.04	34.0
864.8	34.0
93.04	35.0
309.48	35.0
315.52	35.0
323.96	35.0
328.52	35.0
334.44	35.0
345.56	35.0
362.84	35.0
365.8	35.0
378.08	35.0
414.44	35.0
455.84	35.0
492.36	35.0
494.92	35.0
523.88	35.0
581.24	35.0
789.24	35.0
847.6	35.0
854.44	35.0
872.44	35.0
891.8	35.0
906.08	35.0
920.64	35.0
989.16	35.0
1019.84	35.0
1079.56	35.0
1117.2	35.0
1250.4	35.0
92.24	36.0
311.44	36.0
328.92	36.0
443.64	36.0
448.28	36.0
825.12	36.0
915.6	36.0
986.64	36.0
1032.2	36.0
1064.56	36.0
1078.84	36.0
1236.96	36.0
