336.72	1.0
611.56	1.0
705.12	1.0
748.36	1.0
319.6	2.0
322.2	2.0
654.88	2.0
1292.12	2.0
306.32	2.0
309.68	2.0
313.2	2.0
326.96	2.0
331.8	2.0
334.84	2.0
339.56	2.0
345.84	2.0
348.44	2.0
352.72	2.0
366.08	2.0
373.8	2.0
378.2	2.0
383.88	2.0
386.8	2.0
393.52	2.0
396.96	2.0
479.36	2.0
511.16	2.0
537.08	2.0
547.92	2.0
570.24	2.0
576.32	2.0
585.64	2.0
606.68	2.0
611.96	2.0
627.24	2.0
630.64	2.0
640.44	2.0
651.12	2.0
660.32	2.0
673.76	2.0
692.96	2.0
699.44	2.0
703.72	2.0
717.72	2.0
721.48	2.0
735.44	2.0
766.68	2.0
769.2	2.0
774.64	2.0
793.36	2.0
820.04	2.0
879.28	2.0
959.24	2.0
998.8	2.0
1048.32	2.0
1058.32	2.0
1081.64	2.0
1117.6	2.0
1197.16	2.0
1297.28	2.0
1351.24	2.0
1360.76	2.0
1364.48	2.0
1402.32	2.0
1410.76	2.0
309.24	3.0
344.24	3.0
374.28	3.0
397.4	3.0
671.56	3.0
306.48	3.0
312.8	3.0
318.24	3.0
324.52	3.0
328.08	3.0
331.52	3.0
335.04	3.0
339.08	3.0
352.24	3.0
356.88	3.0
367.12	3.0
387.08	3.0
451.12	3.0
479.56	3.0
483.88	3.0
511.28	3.0
564.48	3.0
576.12	3.0
585.8	3.0
607.88	3.0
632.84	3.0
637.56	3.0
655.32	3.0
660.4	3.0
675.04	3.0
687.48	3.0
725.68	3.0
735.6	3.0
766.56	3.0
769.12	3.0
793.52	3.0
832.28	3.0
1011.2	3.0
1048.04	3.0
1058.52	3.0
1079.04	3.0
1102.76	3.0
1244.28	3.0
1360.92	3.0
1393.68	3.0
1402.52	3.0
315.36	4.0
370.0	4.0
309.12	4.0
312.52	4.0
326.08	4.0
334.8	4.0
340.56	4.0
350.36	4.0
356.8	4.0
389.08	4.0
415.92	4.0
671.52	4.0
719.72	4.0
748.6	4.0
768.28	4.0
834.68	4.0
854.88	4.0
1041.0	4.0
1102.52	4.0
1124.8	4.0
1233.68	4.0
1292.6	4.0
1355.52	4.0
318.56	5.0
321.12	5.0
309.36	5.0
313.72	5.0
327.88	5.0
340.16	5.0
308.48	6.0
325.08	6.0
338.4	6.0
375.44	6.0
522.24	6.0
569.04	6.0
724.6	6.0
840.12	6.0
310.8	7.0
314.72	7.0
340.36	7.0
632.48	7.0
336.52	7.0
358.24	7.0
393.68	7.0
478.2	7.0
544.32	7.0
582.56	7.0
653.6	7.0
308.96	8.0
311.88	8.0
326.12	8.0
330.96	8.0
338.64	8.0
346.72	8.0
366.92	8.0
430.6	8.0
506.72	8.0
653.44	8.0
1208.76	8.0
1296.92	8.0
1327.44	8.0
310.8	9.0
314.68	9.0
374.72	9.0
1112.76	9.0
1293.8	9.0
1306.4	9.0
1365.48	9.0
1395.72	9.0
312.8	10.0
315.4	10.0
318.44	10.0
335.56	10.0
899.6	10.0
307.04	10.0
309.88	10.0
323.2	10.0
331.04	10.0
339.76	10.0
351.92	10.0
395.88	10.0
540.28	10.0
564.56	10.0
609.44	10.0
630.6	10.0
765.16	10.0
869.0	10.0
978.72	10.0
1034.56	10.0
1111.04	10.0
1166.44	10.0
1206.04	10.0
1255.8	10.0
1346.12	10.0
339.16	11.0
398.2	11.0
534.92	11.0
613.0	11.0
637.52	11.0
1151.48	11.0
306.4	11.0
311.24	11.0
318.44	11.0
325.92	11.0
331.6	11.0
341.68	11.0
351.04	11.0
363.0	11.0
366.68	11.0
385.28	11.0
411.6	11.0
425.28	11.0
440.28	11.0
474.6	11.0
538.44	11.0
563.96	11.0
567.04	11.0
606.6	11.0
630.44	11.0
652.36	11.0
702.52	11.0
706.16	11.0
719.2	11.0
784.52	11.0
787.8	11.0
813.52	11.0
900.72	11.0
1038.04	11.0
1045.4	11.0
1212.72	11.0
1286.68	11.0
1298.64	11.0
312.28	12.0
307.68	12.0
332.76	12.0
346.96	12.0
566.24	12.0
307.24	13.0
312.4	13.0
316.08	13.0
359.92	13.0
570.64	13.0
1296.24	13.0
1360.84	13.0
1411.2	13.0
340.36	14.0
308.68	14.0
320.84	14.0
332.72	14.0
392.28	14.0
561.12	14.0
581.96	14.0
985.0	14.0
1043.04	14.0
1105.68	14.0
1209.76	14.0
1305.56	14.0
1358.48	14.0
307.0	15.0
331.68	15.0
337.48	15.0
354.08	15.0
357.52	15.0
606.0	15.0
652.64	15.0
359.4	16.0
952.36	16.0
327.0	17.0
327.24	18.0
333.08	18.0
1021.48	19.0
316.16	19.0
350.04	19.0
370.76	19.0
395.24	19.0
477.08	19.0
675.52	19.0
702.8	19.0
1297.96	19.0
1361.88	19.0
308.64	20.0
360.24	20.0
335.16	20.0
1006.68	20.0
1292.0	20.0
337.96	21.0
371.76	21.0
864.2	21.0
1236.28	21.0
1398.6	21.0
309.76	21.0
313.48	21.0
318.92	21.0
321.52	21.0
332.16	21.0
334.8	21.0
357.4	21.0
366.16	21.0
380.92	21.0
388.08	21.0
396.28	21.0
490.2	21.0
535.56	21.0
546.44	21.0
562.2	21.0
574.2	21.0
613.2	21.0
633.56	21.0
673.44	21.0
713.04	21.0
742.68	21.0
756.0	21.0
797.12	21.0
872.88	21.0
892.68	21.0
900.24	21.0
933.96	21.0
1019.64	21.0
1053.24	21.0
1106.76	21.0
1127.16	21.0
1150.48	21.0
1231.84	21.0
1299.8	21.0
1314.88	21.0
1329.8	21.0
1376.48	21.0
1391.68	21.0
1405.12	21.0
312.92	22.0
317.36	22.0
323.64	22.0
332.08	22.0
341.44	22.0
355.8	22.0
371.32	22.0
393.6	22.0
532.04	22.0
864.16	22.0
889.32	22.0
1001.76	22.0
1005.6	22.0
1236.2	22.0
1350.8	22.0
1380.6	22.0
1398.56	22.0
309.36	23.0
312.6	23.0
316.84	23.0
323.56	23.0
332.32	23.0
338.24	23.0
341.2	23.0
353.76	23.0
374.84	23.0
410.48	23.0
507.52	23.0
518.6	23.0
545.88	23.0
565.24	23.0
568.2	23.0
604.2	23.0
608.68	23.0
664.92	23.0
676.72	23.0
711.44	23.0
765.0	23.0
797.04	23.0
821.2	23.0
851.72	23.0
863.92	23.0
1079.12	23.0
1087.32	23.0
1279.08	23.0
1293.44	23.0
1382.36	23.0
1408.28	23.0
313.72	24.0
307.72	24.0
329.28	24.0
338.36	24.0
345.48	24.0
519.28	24.0
659.32	24.0
697.88	24.0
761.76	24.0
939.72	24.0
992.36	24.0
1308.24	24.0
1377.6	24.0
1399.16	24.0
311.72	25.0
319.12	25.0
337.84	25.0
351.28	25.0
367.32	25.0
312.48	26.0
317.0	26.0
322.16	26.0
328.6	26.0
336.12	26.0
339.16	26.0
346.84	26.0
360.64	26.0
365.48	26.0
372.24	26.0
381.88	26.0
392.12	26.0
397.88	26.0
405.52	26.0
425.84	26.0
437.68	26.0
445.0	26.0
450.64	26.0
485.64	26.0
491.32	26.0
522.0	26.0
535.24	26.0
544.76	26.0
560.2	26.0
568.0	26.0
579.52	26.0
590.0	26.0
604.92	26.0
608.44	26.0
629.28	26.0
633.44	26.0
650.32	26.0
657.04	26.0
660.2	26.0
673.08	26.0
696.4	26.0
715.0	26.0
722.32	26.0
766.68	26.0
782.36	26.0
814.76	26.0
844.32	26.0
861.56	26.0
891.88	26.0
924.72	26.0
934.08	26.0
950.72	26.0
969.24	26.0
977.72	26.0
1004.52	26.0
1018.6	26.0
1032.24	26.0
1043.52	26.0
1071.92	26.0
1107.48	26.0
1113.0	26.0
1130.48	26.0
1162.2	26.0
1194.2	26.0
1238.32	26.0
1266.4	26.0
1275.64	26.0
1293.2	26.0
1317.0	26.0
1338.96	26.0
1376.64	26.0
1384.84	26.0
932.4	27.0
310.6	27.0
338.52	27.0
360.52	27.0
611.32	27.0
658.84	27.0
894.04	27.0
938.04	27.0
1191.08	27.0
332.2	28.0
308.56	28.0
314.36	28.0
318.44	28.0
324.4	28.0
329.44	28.0
336.68	28.0
342.04	28.0
352.64	28.0
394.72	28.0
408.76	28.0
418.08	28.0
511.2	28.0
548.52	28.0
632.88	28.0
659.64	28.0
675.72	28.0
702.08	28.0
731.76	28.0
768.92	28.0
802.28	28.0
847.28	28.0
910.88	28.0
985.96	28.0
1056.88	28.0
1112.36	28.0
1259.64	28.0
313.88	29.0
329.04	29.0
306.76	29.0
335.16	29.0
352.36	29.0
378.88	29.0
390.8	29.0
585.92	29.0
629.84	29.0
654.48	29.0
659.48	29.0
675.52	29.0
720.12	29.0
792.72	29.0
842.28	29.0
903.92	29.0
954.16	29.0
1259.44	29.0
1290.48	29.0
306.68	30.0
311.0	30.0
318.56	30.0
328.64	30.0
337.48	30.0
342.28	30.0
356.56	30.0
381.08	30.0
394.96	30.0
415.84	30.0
436.92	30.0
484.88	30.0
525.12	30.0
578.08	30.0
653.2	30.0
676.72	30.0
1296.84	30.0
1320.04	30.0
1400.08	30.0
345.04	31.0
862.4	31.0
306.76	31.0
317.64	31.0
325.72	31.0
332.68	31.0
357.56	31.0
356.6	32.0
766.32	33.0
1124.68	33.0
308.64	34.0
312.44	34.0
316.8	34.0
332.32	34.0
346.36	34.0
354.92	34.0
627.12	34.0
677.04	34.0
773.28	34.0
790.76	34.0
891.2	34.0
950.64	34.0
985.64	34.0
1378.72	34.0
1409.68	34.0
308.16	35.0
316.84	35.0
311.52	35.0
326.36	35.0
331.32	35.0
333.84	35.0
337.32	35.0
340.4	35.0
346.6	35.0
353.48	35.0
359.0	35.0
364.32	35.0
368.24	35.0
380.08	35.0
391.2	35.0
402.04	35.0
443.56	35.0
459.16	35.0
493.0	35.0
527.76	35.0
559.96	35.0
572.96	35.0
582.12	35.0
613.12	35.0
626.64	35.0
652.52	35.0
671.8	35.0
680.2	35.0
698.16	35.0
706.16	35.0
716.48	35.0
720.8	35.0
723.92	35.0
726.64	35.0
746.88	35.0
758.08	35.0
763.04	35.0
766.0	35.0
791.04	35.0
799.88	35.0
806.56	35.0
836.16	35.0
856.6	35.0
870.48	35.0
928.4	35.0
995.4	35.0
1012.56	35.0
1015.2	35.0
1042.12	35.0
1067.08	35.0
1086.6	35.0
1174.12	35.0
1293.88	35.0
1299.0	35.0
1302.52	35.0
1335.64	35.0
1345.32	35.0
1361.16	35.0
1375.64	35.0
1394.56	35.0
1398.8	35.0
1406.96	35.0
334.76	36.0
353.44	36.0
371.88	36.0
390.76	36.0
603.96	36.0
