780.64	1.0
311.04	2.0
547.76	2.0
1155.56	2.0
7.44	2.0
21.96	2.0
36.56	2.0
95.76	2.0
119.6	2.0
170.84	2.0
174.2	2.0
197.16	2.0
229.8	2.0
293.88	2.0
308.44	2.0
319.52	2.0
324.16	2.0
333.84	2.0
355.36	2.0
521.72	2.0
545.12	2.0
574.96	2.0
608.0	2.0
621.8	2.0
625.56	2.0
656.68	2.0
689.56	2.0
762.04	2.0
764.56	2.0
798.44	2.0
826.8	2.0
919.68	2.0
944.04	2.0
994.68	2.0
998.32	2.0
1015.92	2.0
1063.52	2.0
1066.44	2.0
1106.0	2.0
1110.08	2.0
1125.16	2.0
1134.48	2.0
1161.4	2.0
1262.0	2.0
1303.28	2.0
1306.16	2.0
1344.48	2.0
1353.12	2.0
1399.96	2.0
1408.52	2.0
227.16	3.0
306.48	3.0
399.68	3.0
22.12	3.0
38.2	3.0
120.72	3.0
222.72	3.0
248.6	3.0
309.0	3.0
313.4	3.0
322.0	3.0
327.2	3.0
340.4	3.0
365.72	3.0
383.12	3.0
608.2	3.0
662.96	3.0
677.08	3.0
702.92	3.0
780.28	3.0
802.32	3.0
827.0	3.0
832.36	3.0
977.2	3.0
994.8	3.0
1042.8	3.0
1061.92	3.0
1066.16	3.0
1115.68	3.0
1134.76	3.0
1156.0	3.0
1204.4	3.0
1238.4	3.0
1306.32	3.0
1309.04	3.0
1344.68	3.0
1369.56	3.0
1393.96	3.0
302.92	4.0
974.52	4.0
36.04	4.0
97.28	4.0
179.64	4.0
214.64	4.0
229.16	4.0
249.76	4.0
281.28	4.0
310.76	4.0
357.88	4.0
365.92	4.0
383.32	4.0
399.6	4.0
421.56	4.0
638.6	4.0
657.96	4.0
679.16	4.0
706.16	4.0
726.48	4.0
743.6	4.0
778.12	4.0
805.28	4.0
820.96	4.0
836.56	4.0
865.36	4.0
874.76	4.0
927.92	4.0
947.08	4.0
962.48	4.0
983.04	4.0
993.48	4.0
1029.0	4.0
1049.72	4.0
1062.96	4.0
1082.36	4.0
1117.72	4.0
1159.52	4.0
1197.08	4.0
1241.32	4.0
1265.12	4.0
1288.84	4.0
1340.68	4.0
1353.16	4.0
1371.8	4.0
266.32	5.0
327.48	5.0
1262.16	5.0
308.24	6.0
315.96	6.0
354.92	6.0
653.2	6.0
708.6	6.0
940.2	6.0
1027.0	6.0
1156.24	6.0
189.4	7.0
228.16	7.0
308.12	7.0
311.88	7.0
729.36	7.0
1085.56	7.0
34.08	8.0
69.0	8.0
286.16	8.0
316.64	8.0
342.56	8.0
369.8	8.0
399.08	8.0
545.28	8.0
618.6	8.0
700.32	8.0
837.08	8.0
947.04	8.0
980.68	8.0
1018.32	8.0
1052.16	8.0
1084.84	8.0
1131.6	8.0
1253.2	8.0
1302.84	8.0
176.24	9.0
309.0	9.0
521.12	9.0
689.84	9.0
787.32	9.0
802.48	9.0
1115.72	9.0
1155.32	9.0
1244.36	10.0
306.16	10.0
308.72	10.0
443.12	10.0
622.08	10.0
689.76	10.0
693.6	10.0
736.68	10.0
977.64	10.0
1063.56	10.0
1252.52	10.0
42.92	11.0
315.04	11.0
662.96	11.0
780.32	11.0
1020.12	11.0
1309.08	11.0
7.12	11.0
116.24	11.0
188.04	11.0
198.04	11.0
259.4	11.0
345.12	11.0
379.64	11.0
538.88	11.0
565.68	11.0
604.08	11.0
657.2	11.0
677.44	11.0
726.32	11.0
766.32	11.0
825.16	11.0
884.6	11.0
976.72	11.0
989.04	11.0
1015.64	11.0
1052.36	11.0
1105.4	11.0
1155.24	11.0
1201.48	11.0
1204.64	11.0
1286.56	11.0
1294.8	11.0
1337.36	11.0
1364.0	11.0
1400.04	11.0
307.16	12.0
73.6	12.0
197.48	12.0
290.24	12.0
311.24	12.0
385.8	12.0
708.28	12.0
904.92	12.0
306.32	13.0
1054.96	13.0
392.68	13.0
660.12	13.0
824.64	13.0
973.96	13.0
1266.6	13.0
182.8	14.0
306.16	14.0
308.68	14.0
975.64	14.0
1049.6	14.0
166.6	15.0
332.36	15.0
836.92	15.0
1003.64	15.0
1282.72	15.0
1315.4	15.0
614.68	16.0
662.6	16.0
922.52	16.0
1179.2	16.0
1314.08	16.0
315.88	17.0
315.76	18.0
17.84	19.0
795.24	19.0
310.0	20.0
1123.84	20.0
328.44	21.0
64.28	21.0
236.04	21.0
251.72	21.0
309.48	21.0
316.04	21.0
319.76	21.0
344.32	21.0
371.36	21.0
643.2	21.0
746.48	21.0
821.04	21.0
1023.68	21.0
1348.4	21.0
250.0	22.0
312.68	22.0
309.68	22.0
330.92	22.0
1193.92	22.0
207.24	23.0
274.92	23.0
310.28	23.0
459.32	23.0
577.84	23.0
1118.48	23.0
1143.72	23.0
1347.84	23.0
1374.64	23.0
43.8	23.0
68.48	23.0
145.72	23.0
167.72	23.0
252.2	23.0
272.0	23.0
288.52	23.0
291.88	23.0
306.12	23.0
318.2	23.0
322.4	23.0
334.52	23.0
369.08	23.0
379.28	23.0
549.04	23.0
582.76	23.0
592.2	23.0
621.64	23.0
625.88	23.0
656.28	23.0
688.52	23.0
701.48	23.0
744.16	23.0
794.12	23.0
824.08	23.0
874.08	23.0
946.8	23.0
978.16	23.0
998.96	23.0
1039.0	23.0
1054.88	23.0
1061.4	23.0
1071.56	23.0
1076.44	23.0
1103.8	23.0
1124.88	23.0
1160.72	23.0
1340.76	23.0
1397.08	23.0
1406.12	23.0
207.32	24.0
326.4	24.0
1348.12	24.0
258.16	24.0
306.64	24.0
316.8	24.0
328.92	24.0
344.2	24.0
629.04	24.0
666.2	24.0
692.92	25.0
333.24	25.0
250.52	26.0
320.56	26.0
20.2	26.0
62.4	26.0
84.88	26.0
168.32	26.0
216.92	26.0
273.88	26.0
292.08	26.0
310.04	26.0
315.36	26.0
325.12	26.0
332.52	26.0
337.84	26.0
393.4	26.0
424.64	26.0
578.96	26.0
585.48	26.0
593.2	26.0
619.08	26.0
638.8	26.0
650.88	26.0
691.92	26.0
776.76	26.0
791.96	26.0
916.12	26.0
982.72	26.0
1005.08	26.0
1056.6	26.0
1105.04	26.0
1138.04	26.0
1140.64	26.0
1208.4	26.0
1346.44	26.0
1399.0	26.0
1406.44	26.0
746.52	27.0
308.52	28.0
31.6	28.0
40.64	28.0
100.76	28.0
145.36	28.0
158.6	28.0
175.8	28.0
233.44	28.0
330.72	28.0
380.24	28.0
520.72	28.0
549.68	28.0
574.48	28.0
603.44	28.0
616.12	28.0
628.96	28.0
657.0	28.0
695.96	28.0
741.28	28.0
786.88	28.0
916.28	28.0
931.48	28.0
977.08	28.0
994.92	28.0
1020.4	28.0
1099.88	28.0
1115.28	28.0
1135.64	28.0
1154.84	28.0
1170.04	28.0
1230.28	28.0
1264.64	28.0
1285.84	28.0
1298.52	28.0
1317.0	28.0
1347.6	28.0
1316.8	29.0
34.32	30.0
114.16	30.0
208.8	30.0
312.36	30.0
327.24	30.0
545.2	30.0
981.72	30.0
1056.68	30.0
1131.76	30.0
1303.6	30.0
184.48	31.0
323.52	31.0
327.52	31.0
679.12	31.0
308.04	33.0
21.64	34.0
307.08	34.0
617.6	34.0
628.88	34.0
780.08	34.0
849.6	34.0
923.92	34.0
951.72	34.0
1028.88	34.0
1082.32	34.0
1100.44	34.0
1117.88	34.0
1267.56	34.0
308.28	35.0
55.04	35.0
68.28	35.0
111.24	35.0
174.32	35.0
188.8	35.0
215.72	35.0
235.24	35.0
270.76	35.0
287.2	35.0
302.88	35.0
311.8	35.0
324.68	35.0
330.52	35.0
356.24	35.0
368.68	35.0
393.84	35.0
399.4	35.0
422.36	35.0
555.08	35.0
599.88	35.0
652.52	35.0
657.72	35.0
700.16	35.0
715.08	35.0
816.12	35.0
832.44	35.0
841.32	35.0
873.04	35.0
947.8	35.0
982.48	35.0
1008.84	35.0
1013.24	35.0
1018.32	35.0
1045.44	35.0
1070.12	35.0
1085.68	35.0
1088.6	35.0
1117.52	35.0
1143.12	35.0
1178.12	35.0
1246.48	35.0
1253.64	35.0
1306.4	35.0
1348.76	35.0
1369.12	35.0
1388.28	35.0
102.52	36.0
231.48	36.0
302.48	36.0
326.32	36.0
342.4	36.0
1139.6	36.0
