311.48	1.0
1137.68	1.0
106.08	2.0
144.6	2.0
222.6	2.0
233.6	2.0
260.84	2.0
271.68	2.0
278.72	2.0
310.28	2.0
314.84	2.0
317.44	2.0
350.12	2.0
481.52	2.0
545.92	2.0
564.56	2.0
581.16	2.0
617.76	2.0
700.28	2.0
706.8	2.0
724.2	2.0
741.44	2.0
801.88	2.0
805.2	2.0
827.76	2.0
843.92	2.0
879.84	2.0
904.72	2.0
908.92	2.0
912.8	2.0
946.96	2.0
983.16	2.0
1026.48	2.0
1029.52	2.0
1067.76	2.0
1131.32	2.0
1167.64	2.0
1186.04	2.0
1204.48	2.0
1220.24	2.0
1223.04	2.0
1247.52	2.0
1254.16	2.0
1265.44	2.0
1275.44	2.0
1295.76	2.0
187.92	3.0
617.84	3.0
805.72	3.0
1030.2	3.0
65.12	3.0
114.4	3.0
118.52	3.0
176.6	3.0
207.52	3.0
226.88	3.0
249.0	3.0
278.28	3.0
306.44	3.0
309.6	3.0
323.88	3.0
361.0	3.0
414.28	3.0
481.68	3.0
546.16	3.0
706.24	3.0
733.4	3.0
758.88	3.0
769.24	3.0
801.24	3.0
834.64	3.0
844.08	3.0
880.08	3.0
910.64	3.0
919.08	3.0
922.52	3.0
947.12	3.0
967.0	3.0
987.36	3.0
1050.88	3.0
1067.88	3.0
1105.04	3.0
1256.64	3.0
1277.88	3.0
302.92	4.0
6.48	4.0
44.0	4.0
52.64	4.0
67.68	4.0
125.44	4.0
142.16	4.0
180.88	4.0
251.64	4.0
277.92	4.0
300.0	4.0
306.68	4.0
320.28	4.0
340.96	4.0
362.96	4.0
382.32	4.0
414.6	4.0
440.48	4.0
456.36	4.0
490.8	4.0
617.76	4.0
632.04	4.0
655.52	4.0
695.96	4.0
709.12	4.0
734.56	4.0
771.0	4.0
782.04	4.0
801.84	4.0
824.96	4.0
851.64	4.0
873.08	4.0
906.76	4.0
922.12	4.0
951.76	4.0
979.48	4.0
990.4	4.0
1009.84	4.0
1030.12	4.0
1066.88	4.0
1084.28	4.0
1104.64	4.0
1141.92	4.0
1163.56	4.0
1203.96	4.0
1268.36	4.0
1279.88	4.0
295.04	6.0
339.52	6.0
950.52	6.0
1029.0	6.0
1146.28	6.0
1301.32	6.0
98.44	7.0
321.36	7.0
375.72	7.0
734.56	7.0
148.12	8.0
213.24	8.0
342.48	8.0
396.84	8.0
619.48	8.0
702.64	8.0
732.68	8.0
906.2	8.0
1011.52	8.0
1203.68	8.0
1270.84	8.0
282.28	9.0
423.8	9.0
707.4	9.0
881.84	9.0
1256.0	9.0
953.96	10.0
1249.72	10.0
78.12	10.0
172.88	10.0
258.44	10.0
309.52	10.0
449.16	10.0
531.12	10.0
611.76	10.0
615.08	10.0
706.76	10.0
799.2	10.0
827.72	10.0
866.76	10.0
1021.32	10.0
1118.6	10.0
1219.84	10.0
1252.36	10.0
1255.24	10.0
241.6	11.0
309.64	11.0
620.16	11.0
801.28	11.0
949.0	11.0
14.36	11.0
114.0	11.0
217.36	11.0
269.72	11.0
278.2	11.0
281.04	11.0
306.24	11.0
459.36	11.0
540.52	11.0
581.28	11.0
585.44	11.0
616.72	11.0
704.44	11.0
744.36	11.0
758.28	11.0
820.44	11.0
854.52	11.0
889.28	11.0
942.48	11.0
1016.04	11.0
1030.32	11.0
1046.6	11.0
1116.12	11.0
1131.6	11.0
1204.56	11.0
1217.56	11.0
1223.04	11.0
1255.12	11.0
1293.16	11.0
22.44	12.0
253.04	12.0
257.16	13.0
321.48	13.0
1172.96	13.0
329.96	14.0
386.4	14.0
796.36	14.0
1080.0	14.0
1238.64	14.0
1259.56	14.0
307.56	15.0
120.24	15.0
582.68	15.0
772.84	15.0
1256.52	15.0
89.2	16.0
441.64	16.0
590.72	16.0
992.04	16.0
1290.6	16.0
233.12	17.0
695.0	20.0
331.88	21.0
83.32	21.0
262.56	21.0
309.56	21.0
320.52	21.0
329.2	21.0
346.52	21.0
358.24	21.0
377.56	21.0
444.72	21.0
665.04	21.0
809.0	21.0
1283.2	21.0
306.44	22.0
311.4	22.0
52.2	22.0
135.96	22.0
326.8	22.0
425.24	22.0
804.12	22.0
906.64	22.0
918.2	22.0
981.92	22.0
1260.88	22.0
17.72	23.0
915.52	23.0
1251.8	23.0
30.8	23.0
47.56	23.0
53.0	23.0
102.36	23.0
137.36	23.0
151.76	23.0
181.6	23.0
223.28	23.0
262.6	23.0
280.96	23.0
296.28	23.0
306.72	23.0
315.56	23.0
329.76	23.0
332.88	23.0
343.72	23.0
364.44	23.0
382.8	23.0
444.96	23.0
524.24	23.0
620.12	23.0
623.12	23.0
664.76	23.0
693.84	23.0
713.2	23.0
734.08	23.0
830.52	23.0
841.48	23.0
875.36	23.0
938.76	23.0
955.48	23.0
1019.28	23.0
1035.4	23.0
1098.76	23.0
1106.32	23.0
1166.92	23.0
1197.0	23.0
1257.16	23.0
307.48	24.0
34.36	24.0
146.32	24.0
282.92	24.0
315.4	24.0
329.6	24.0
348.2	24.0
535.0	24.0
691.6	24.0
1256.04	24.0
587.6	25.0
1281.8	25.0
785.48	26.0
875.36	26.0
932.36	26.0
1289.52	26.0
56.2	26.0
67.28	26.0
128.12	26.0
144.88	26.0
148.8	26.0
203.08	26.0
212.08	26.0
262.2	26.0
279.6	26.0
309.92	26.0
315.64	26.0
324.0	26.0
343.76	26.0
358.84	26.0
373.72	26.0
395.4	26.0
398.52	26.0
435.36	26.0
538.16	26.0
561.52	26.0
603.52	26.0
611.24	26.0
655.4	26.0
693.96	26.0
735.8	26.0
758.52	26.0
807.84	26.0
880.68	26.0
940.4	26.0
1039.12	26.0
1062.8	26.0
1066.04	26.0
1077.4	26.0
1122.08	26.0
1145.44	26.0
1184.16	26.0
1205.04	26.0
1258.08	26.0
1284.12	26.0
1306.88	26.0
330.4	27.0
217.64	27.0
297.48	27.0
447.28	27.0
733.24	27.0
777.48	27.0
906.84	27.0
308.72	28.0
32.04	28.0
99.92	28.0
257.04	28.0
317.0	28.0
333.72	28.0
339.56	28.0
480.88	28.0
504.48	28.0
540.84	28.0
595.32	28.0
622.08	28.0
706.96	28.0
803.8	28.0
881.36	28.0
981.08	28.0
1030.8	28.0
1069.04	28.0
1132.52	28.0
1172.96	28.0
1196.68	28.0
1230.32	28.0
706.72	29.0
761.48	29.0
781.0	29.0
223.84	30.0
236.28	30.0
277.12	30.0
313.56	30.0
404.68	30.0
647.52	30.0
665.64	30.0
702.56	30.0
798.28	30.0
839.16	30.0
906.28	30.0
1012.44	30.0
1086.6	30.0
307.2	31.0
317.4	31.0
1263.28	31.0
302.64	32.0
734.2	33.0
1011.68	33.0
53.48	34.0
134.32	34.0
326.64	34.0
854.92	34.0
1254.12	34.0
1275.44	34.0
3.52	35.0
22.08	35.0
44.84	35.0
51.36	35.0
79.16	35.0
87.2	35.0
98.92	35.0
101.52	35.0
115.84	35.0
150.0	35.0
178.04	35.0
201.48	35.0
213.84	35.0
237.72	35.0
244.16	35.0
252.96	35.0
262.92	35.0
278.44	35.0
288.92	35.0
302.76	35.0
306.52	35.0
309.84	35.0
317.4	35.0
345.76	35.0
355.36	35.0
361.72	35.0
397.84	35.0
428.56	35.0
434.84	35.0
504.12	35.0
586.52	35.0
589.8	35.0
620.4	35.0
662.96	35.0
668.08	35.0
732.84	35.0
782.8	35.0
804.24	35.0
810.04	35.0
840.12	35.0
906.4	35.0
911.44	35.0
941.24	35.0
953.84	35.0
963.16	35.0
978.72	35.0
1008.04	35.0
1053.96	35.0
1073.12	35.0
1079.4	35.0
1085.52	35.0
1104.6	35.0
1118.52	35.0
1151.36	35.0
1166.04	35.0
1175.68	35.0
1213.36	35.0
1228.96	35.0
1268.4	35.0
1279.64	35.0
1303.0	35.0
20.72	36.0
89.76	36.0
125.2	36.0
147.4	36.0
258.0	36.0
302.52	36.0
342.56	36.0
472.2	36.0
501.56	36.0
565.28	36.0
648.04	36.0
767.48	36.0
830.76	36.0
905.96	36.0
948.4	36.0
993.36	36.0
1063.04	36.0
1132.92	36.0
1161.44	36.0
1263.56	36.0
