307.68	1.0
1244.64	1.0
559.16	2.0
15.56	2.0
32.2	2.0
60.08	2.0
92.0	2.0
123.48	2.0
143.28	2.0
191.4	2.0
195.84	2.0
272.32	2.0
299.2	2.0
308.88	2.0
326.92	2.0
334.04	2.0
450.24	2.0
534.28	2.0
537.0	2.0
554.0	2.0
580.8	2.0
632.48	2.0
703.8	2.0
707.48	2.0
773.32	2.0
818.08	2.0
821.52	2.0
831.16	2.0
844.88	2.0
853.4	2.0
895.32	2.0
920.44	2.0
996.52	2.0
1005.72	2.0
1046.44	2.0
1063.88	2.0
1086.8	2.0
1096.52	2.0
1147.72	2.0
1156.8	2.0
1167.6	2.0
1186.52	2.0
1191.68	2.0
1247.32	2.0
1262.4	2.0
1278.24	2.0
1282.48	2.0
1288.92	2.0
1355.88	2.0
1388.8	2.0
1396.52	2.0
708.0	3.0
1097.08	3.0
12.84	3.0
26.36	3.0
32.4	3.0
143.44	3.0
196.04	3.0
230.84	3.0
307.56	3.0
325.52	3.0
328.44	3.0
372.04	3.0
539.32	3.0
558.24	3.0
615.08	3.0
633.24	3.0
703.32	3.0
770.68	3.0
821.68	3.0
832.96	3.0
870.68	3.0
893.48	3.0
949.92	3.0
1005.88	3.0
1126.76	3.0
1147.88	3.0
1210.44	3.0
1247.44	3.0
1259.04	3.0
1302.44	3.0
1334.4	3.0
1356.04	3.0
1365.56	3.0
1395.64	3.0
3.76	4.0
158.44	4.0
192.4	4.0
221.8	4.0
306.88	4.0
327.4	4.0
362.72	4.0
378.84	4.0
405.28	4.0
616.72	4.0
634.72	4.0
704.2	4.0
738.36	4.0
761.52	4.0
787.28	4.0
832.64	4.0
861.52	4.0
896.0	4.0
915.12	4.0
950.6	4.0
985.64	4.0
1062.4	4.0
1074.72	4.0
1119.84	4.0
1159.16	4.0
1203.08	4.0
1213.6	4.0
1246.88	4.0
1263.84	4.0
1279.36	4.0
1293.64	4.0
1306.48	4.0
1336.16	4.0
1352.72	4.0
1399.08	4.0
279.76	5.0
357.04	6.0
110.52	7.0
308.52	7.0
1241.0	7.0
215.12	8.0
363.96	8.0
730.44	8.0
762.2	8.0
794.76	8.0
897.8	8.0
938.52	8.0
953.56	8.0
1080.12	8.0
1125.12	8.0
1241.12	8.0
1310.8	8.0
1349.24	8.0
1352.76	8.0
1387.64	8.0
32.68	9.0
217.2	9.0
371.2	9.0
698.72	9.0
916.32	9.0
306.96	10.0
398.36	10.0
539.04	10.0
1244.8	10.0
190.68	10.0
26.2	11.0
144.2	11.0
482.88	11.0
3.56	11.0
138.0	11.0
193.44	11.0
306.28	11.0
335.72	11.0
463.84	11.0
539.52	11.0
701.56	11.0
814.36	11.0
1041.44	11.0
1088.08	11.0
1354.56	11.0
1391.56	11.0
306.36	12.0
953.6	12.0
1138.52	12.0
1402.44	12.0
217.24	13.0
667.88	13.0
1140.6	13.0
187.36	14.0
309.12	14.0
358.16	14.0
563.52	14.0
635.76	14.0
1163.12	14.0
1238.28	14.0
1251.92	14.0
1297.92	14.0
87.64	15.0
188.52	15.0
309.44	15.0
529.32	15.0
695.36	15.0
751.76	15.0
1038.24	15.0
18.8	16.0
340.6	16.0
392.56	16.0
578.76	16.0
1135.72	16.0
1256.0	16.0
1395.72	16.0
310.0	19.0
309.0	20.0
26.32	20.0
1123.72	20.0
309.32	21.0
1298.36	21.0
49.64	21.0
53.6	21.0
150.48	21.0
318.16	21.0
327.84	21.0
337.64	21.0
363.92	21.0
422.4	21.0
1085.52	21.0
1156.68	21.0
1198.08	21.0
306.48	22.0
22.92	22.0
312.88	22.0
333.36	22.0
633.4	22.0
649.48	22.0
985.24	22.0
1092.8	22.0
1180.96	22.0
1259.36	22.0
1381.32	22.0
310.72	23.0
992.36	23.0
1092.96	23.0
26.4	23.0
49.76	23.0
77.48	23.0
178.8	23.0
191.64	23.0
239.4	23.0
264.28	23.0
313.32	23.0
360.32	23.0
465.52	23.0
550.52	23.0
668.0	23.0
670.72	23.0
691.16	23.0
747.64	23.0
832.84	23.0
844.24	23.0
870.84	23.0
892.12	23.0
907.0	23.0
934.2	23.0
952.64	23.0
980.92	23.0
1000.84	23.0
1027.4	23.0
1096.6	23.0
1130.52	23.0
1133.12	23.0
1161.04	23.0
1179.88	23.0
1203.52	23.0
1239.56	23.0
1243.6	23.0
1272.96	23.0
1299.48	23.0
1352.0	23.0
1381.48	23.0
1390.4	23.0
309.68	24.0
320.0	24.0
350.12	24.0
92.64	25.0
219.28	25.0
538.4	25.0
814.28	25.0
1036.76	25.0
124.16	26.0
385.44	26.0
766.76	26.0
3.12	26.0
6.72	26.0
44.68	26.0
73.2	26.0
94.6	26.0
108.28	26.0
138.72	26.0
175.6	26.0
197.2	26.0
244.32	26.0
256.08	26.0
279.64	26.0
298.04	26.0
310.56	26.0
313.28	26.0
317.16	26.0
323.52	26.0
333.6	26.0
355.08	26.0
370.28	26.0
389.32	26.0
416.92	26.0
493.48	26.0
542.68	26.0
549.44	26.0
571.2	26.0
602.6	26.0
639.6	26.0
691.44	26.0
704.64	26.0
710.88	26.0
791.6	26.0
816.48	26.0
869.88	26.0
936.64	26.0
1040.6	26.0
1083.16	26.0
1108.68	26.0
1131.4	26.0
1201.72	26.0
1247.68	26.0
1286.88	26.0
58.88	27.0
148.44	27.0
269.6	27.0
541.08	27.0
832.76	27.0
955.8	27.0
1164.52	27.0
1213.56	27.0
307.44	28.0
309.96	28.0
69.8	28.0
162.4	28.0
192.08	28.0
216.84	28.0
242.4	28.0
270.88	28.0
370.8	28.0
456.72	28.0
535.24	28.0
631.92	28.0
698.32	28.0
792.32	28.0
802.68	28.0
830.12	28.0
869.48	28.0
953.64	28.0
986.92	28.0
1076.28	28.0
1119.44	28.0
1245.96	28.0
103.96	29.0
698.12	29.0
4.84	30.0
70.76	30.0
92.52	30.0
143.0	30.0
215.44	30.0
324.88	30.0
347.68	30.0
362.56	30.0
381.52	30.0
479.52	30.0
693.64	30.0
715.44	30.0
806.52	30.0
851.92	30.0
973.16	30.0
1048.04	30.0
1078.36	30.0
1180.6	30.0
24.56	31.0
139.24	31.0
267.92	31.0
347.12	31.0
419.52	31.0
696.6	31.0
1153.0	31.0
306.72	33.0
1387.92	33.0
51.2	34.0
76.56	34.0
96.76	34.0
222.28	34.0
308.08	34.0
656.44	34.0
1042.04	34.0
23.4	35.0
34.2	35.0
63.56	35.0
114.36	35.0
141.16	35.0
148.04	35.0
181.76	35.0
203.68	35.0
208.56	35.0
223.6	35.0
238.12	35.0
242.96	35.0
264.76	35.0
279.56	35.0
308.16	35.0
314.76	35.0
345.48	35.0
348.2	35.0
359.36	35.0
367.28	35.0
386.52	35.0
394.0	35.0
402.76	35.0
466.52	35.0
485.36	35.0
529.68	35.0
596.28	35.0
669.84	35.0
713.44	35.0
737.76	35.0
768.72	35.0
781.88	35.0
817.04	35.0
827.6	35.0
834.16	35.0
880.68	35.0
895.28	35.0
927.52	35.0
937.36	35.0
1001.56	35.0
1021.4	35.0
1031.96	35.0
1067.96	35.0
1098.08	35.0
1106.2	35.0
1131.48	35.0
1177.28	35.0
1207.64	35.0
1240.32	35.0
1248.8	35.0
1274.76	35.0
1345.12	35.0
1351.68	35.0
1388.6	35.0
1402.56	35.0
38.0	36.0
302.68	36.0
313.68	36.0
575.8	36.0
787.52	36.0
983.68	36.0
1077.92	36.0
