138.68	1.0
310.52	2.0
5.28	2.0
15.72	2.0
39.72	2.0
164.64	2.0
188.4	2.0
307.4	2.0
313.28	2.0
320.04	2.0
333.64	2.0
313.4	3.0
7.6	3.0
25.08	3.0
52.48	3.0
104.8	3.0
195.08	3.0
201.92	3.0
307.52	3.0
310.56	3.0
325.2	3.0
328.48	3.0
331.96	3.0
353.72	3.0
26.2	4.0
6.56	4.0
40.32	4.0
54.76	4.0
73.84	4.0
84.88	4.0
104.0	4.0
121.92	4.0
136.64	4.0
152.12	4.0
177.24	4.0
194.68	4.0
214.92	4.0
225.4	4.0
243.44	4.0
258.56	4.0
275.52	4.0
312.44	4.0
330.0	4.0
352.24	4.0
377.28	4.0
401.32	4.0
418.84	4.0
445.44	4.0
476.12	4.0
309.04	5.0
38.72	6.0
80.96	6.0
121.28	6.0
199.04	6.0
322.12	6.0
403.24	6.0
473.52	6.0
127.64	7.0
199.56	7.0
6.84	8.0
151.04	8.0
260.36	8.0
283.6	8.0
306.72	8.0
167.52	9.0
308.68	9.0
307.28	10.0
309.8	10.0
7.4	11.0
56.36	11.0
109.04	11.0
152.08	11.0
353.8	11.0
22.08	11.0
60.44	11.0
306.16	11.0
380.72	12.0
307.48	12.0
311.92	12.0
353.56	12.0
10.36	13.0
306.72	13.0
335.16	13.0
279.56	14.0
307.44	14.0
320.04	14.0
379.6	15.0
306.0	16.0
407.6	16.0
488.84	16.0
308.52	20.0
313.16	20.0
198.36	21.0
13.56	21.0
24.76	21.0
33.88	21.0
71.32	21.0
129.68	21.0
215.48	21.0
309.6	21.0
312.68	21.0
330.76	21.0
19.0	22.0
51.56	22.0
101.88	22.0
160.36	22.0
190.44	22.0
259.44	22.0
311.08	22.0
331.08	22.0
350.96	22.0
377.84	22.0
498.52	22.0
6.08	23.0
49.36	23.0
73.04	23.0
306.04	23.0
21.52	23.0
46.04	23.0
108.24	23.0
163.96	23.0
193.88	23.0
241.2	23.0
309.12	23.0
321.12	23.0
331.2	23.0
425.72	23.0
70.6	24.0
306.24	24.0
332.64	24.0
57.28	25.0
2.68	26.0
20.44	26.0
31.2	26.0
53.48	26.0
60.48	26.0
72.48	26.0
93.8	26.0
103.48	26.0
126.8	26.0
158.36	26.0
163.04	26.0
199.88	26.0
211.96	26.0
220.4	26.0
242.08	26.0
311.32	26.0
316.12	26.0
326.92	26.0
332.48	26.0
337.48	26.0
341.76	26.0
354.6	26.0
408.04	26.0
21.08	27.0
140.68	27.0
477.96	27.0
43.6	28.0
109.04	28.0
225.64	28.0
308.32	28.0
32.64	29.0
314.52	29.0
17.72	30.0
52.48	30.0
111.32	30.0
197.36	30.0
324.24	30.0
315.92	31.0
321.36	31.0
380.0	33.0
143.24	33.0
307.08	33.0
313.64	34.0
308.72	35.0
7.76	35.0
20.08	35.0
23.8	35.0
31.4	35.0
42.72	35.0
46.04	35.0
69.36	35.0
80.28	35.0
87.32	35.0
105.04	35.0
124.68	35.0
142.76	35.0
173.36	35.0
199.52	35.0
276.16	35.0
298.72	35.0
313.28	35.0
320.72	35.0
330.76	35.0
353.6	35.0
376.76	35.0
390.8	35.0
405.0	35.0
424.72	35.0
494.88	35.0
514.36	35.0
72.44	36.0
302.68	36.0
