312.48	1.0
343.16	1.0
1017.2	1.0
308.16	1.0
307.12	2.0
314.84	2.0
317.36	2.0
331.44	2.0
338.84	2.0
354.48	2.0
375.6	2.0
417.92	2.0
449.6	2.0
457.2	2.0
470.92	2.0
504.2	2.0
523.84	2.0
587.32	2.0
596.6	2.0
600.56	2.0
634.36	2.0
640.08	2.0
651.12	2.0
696.92	2.0
833.96	2.0
850.16	2.0
896.2	2.0
898.72	2.0
907.2	2.0
963.52	2.0
982.76	2.0
1016.88	2.0
1058.04	2.0
1060.72	2.0
1070.36	2.0
1082.08	2.0
1092.04	2.0
1133.0	2.0
1144.52	2.0
1155.96	2.0
1182.4	2.0
1211.44	2.0
1253.64	2.0
1264.84	2.0
322.44	3.0
342.16	3.0
306.48	3.0
316.64	3.0
328.28	3.0
331.0	3.0
336.8	3.0
350.04	3.0
354.32	3.0
357.12	3.0
368.96	3.0
372.04	3.0
381.6	3.0
410.88	3.0
423.84	3.0
433.28	3.0
439.92	3.0
442.44	3.0
453.08	3.0
471.08	3.0
503.0	3.0
604.96	3.0
931.44	3.0
963.72	3.0
987.84	3.0
1000.08	3.0
1017.04	3.0
1020.68	3.0
1059.64	3.0
1125.84	3.0
1182.16	3.0
1219.2	3.0
1244.16	3.0
1246.76	3.0
1253.36	3.0
306.08	4.0
367.4	4.0
1015.16	4.0
330.8	4.0
343.24	4.0
361.88	4.0
993.48	4.0
1082.12	4.0
1107.4	4.0
1129.8	4.0
1149.64	4.0
1170.88	4.0
1186.0	4.0
1212.08	4.0
1218.84	4.0
1240.28	4.0
1245.56	4.0
1263.36	4.0
1277.72	4.0
1293.92	4.0
329.28	5.0
349.16	5.0
379.68	5.0
411.12	5.0
506.96	5.0
308.2	6.0
312.88	6.0
343.32	6.0
359.4	6.0
521.68	6.0
683.0	6.0
823.68	6.0
883.04	6.0
928.88	6.0
983.48	6.0
1071.64	6.0
1130.52	6.0
1178.64	6.0
1228.56	6.0
315.16	7.0
331.56	7.0
355.72	7.0
421.48	7.0
472.12	7.0
494.68	7.0
875.76	7.0
955.88	7.0
1009.6	7.0
343.48	8.0
382.56	8.0
306.8	8.0
314.12	8.0
336.72	8.0
369.32	8.0
426.24	8.0
451.36	8.0
480.24	8.0
680.84	8.0
1017.32	8.0
1034.0	8.0
1046.92	8.0
1114.6	8.0
1172.32	8.0
1198.72	8.0
1242.2	8.0
1247.84	8.0
313.48	9.0
322.2	9.0
330.8	9.0
315.44	10.0
342.72	10.0
440.92	10.0
1133.76	10.0
307.56	10.0
312.28	10.0
322.92	10.0
328.2	10.0
331.24	10.0
353.72	10.0
372.28	10.0
463.36	10.0
668.92	10.0
778.28	10.0
332.24	11.0
459.08	11.0
492.32	11.0
536.76	11.0
856.52	11.0
1068.0	11.0
1230.28	11.0
307.0	11.0
315.44	11.0
323.56	11.0
422.04	11.0
533.32	11.0
650.36	11.0
673.52	11.0
749.32	11.0
824.0	11.0
848.04	11.0
997.28	11.0
331.6	12.0
359.96	12.0
523.6	12.0
313.64	13.0
360.84	13.0
608.16	13.0
684.8	13.0
1177.96	13.0
349.28	14.0
327.44	14.0
355.8	14.0
988.04	14.0
1130.16	14.0
317.72	15.0
307.4	15.0
331.2	15.0
349.88	15.0
426.96	15.0
524.76	15.0
591.44	15.0
337.8	16.0
366.88	16.0
372.68	16.0
402.04	16.0
417.68	16.0
426.88	16.0
439.84	16.0
445.6	16.0
459.84	16.0
473.08	16.0
501.04	16.0
540.56	16.0
576.88	17.0
332.4	17.0
353.52	17.0
335.8	18.0
355.76	18.0
1014.6	19.0
308.28	20.0
398.84	20.0
349.84	20.0
355.36	20.0
375.04	20.0
541.52	20.0
576.4	20.0
657.44	20.0
682.76	20.0
858.84	20.0
992.36	20.0
314.6	21.0
330.76	21.0
335.6	21.0
346.4	21.0
350.0	21.0
353.32	21.0
360.52	21.0
373.52	21.0
393.92	21.0
400.24	21.0
403.48	21.0
413.12	21.0
428.0	21.0
444.16	21.0
466.04	21.0
478.64	21.0
493.32	21.0
523.32	21.0
536.04	21.0
562.76	21.0
591.36	21.0
611.96	21.0
624.16	21.0
634.56	21.0
651.84	21.0
660.44	21.0
668.2	21.0
699.4	21.0
714.96	21.0
749.88	21.0
767.16	21.0
827.48	21.0
911.36	21.0
917.4	21.0
996.52	21.0
1042.28	21.0
1066.76	21.0
1085.84	21.0
1109.08	21.0
1134.48	21.0
1163.68	21.0
1169.8	21.0
1243.12	21.0
1252.24	21.0
331.76	22.0
312.04	22.0
315.2	22.0
328.64	22.0
353.68	22.0
366.76	22.0
372.08	22.0
451.72	22.0
455.92	22.0
468.16	22.0
501.52	22.0
522.76	22.0
928.48	22.0
978.84	22.0
989.48	22.0
1010.56	22.0
1035.08	22.0
1056.32	22.0
1077.76	22.0
1104.64	22.0
1133.96	22.0
1152.76	22.0
1168.04	22.0
1197.88	22.0
1243.64	22.0
1272.08	22.0
1294.56	22.0
306.8	23.0
315.24	23.0
329.04	23.0
369.72	23.0
384.72	23.0
1262.24	23.0
312.56	23.0
323.64	23.0
334.16	23.0
353.36	23.0
367.04	23.0
595.12	23.0
782.68	23.0
801.24	23.0
1058.88	23.0
1064.56	23.0
1115.6	23.0
1131.16	23.0
1133.84	23.0
1171.08	23.0
1196.56	23.0
1296.84	23.0
313.36	24.0
308.04	24.0
330.6	24.0
333.44	24.0
344.04	24.0
348.64	24.0
355.2	24.0
366.52	24.0
307.28	25.0
333.6	25.0
344.2	25.0
355.48	25.0
317.64	25.0
321.96	25.0
330.12	25.0
347.8	25.0
359.88	25.0
366.4	25.0
403.04	25.0
639.92	25.0
1106.4	25.0
394.28	26.0
314.2	26.0
330.48	26.0
333.6	26.0
344.48	26.0
349.28	26.0
371.08	26.0
378.48	26.0
383.16	26.0
396.8	26.0
413.48	26.0
424.64	26.0
437.64	26.0
446.4	26.0
457.12	26.0
459.96	26.0
469.2	26.0
507.24	26.0
533.2	26.0
538.28	26.0
551.68	26.0
562.48	26.0
592.64	26.0
605.16	26.0
609.4	26.0
622.88	26.0
637.28	26.0
644.8	26.0
651.04	26.0
660.72	26.0
668.6	26.0
714.32	26.0
723.0	26.0
751.08	26.0
770.04	26.0
801.52	26.0
818.0	26.0
877.48	26.0
893.2	26.0
910.48	26.0
929.92	26.0
946.04	26.0
957.56	26.0
987.36	26.0
1010.16	26.0
1031.64	26.0
1049.56	26.0
1062.24	26.0
1082.44	26.0
1085.8	26.0
1106.76	26.0
1133.72	26.0
1149.56	26.0
1163.32	26.0
1166.2	26.0
1175.16	26.0
1200.44	26.0
1219.2	26.0
1239.2	26.0
1243.92	26.0
1247.56	26.0
1277.8	26.0
1034.2	27.0
323.08	27.0
498.72	27.0
664.2	27.0
1164.52	27.0
308.08	28.0
313.84	28.0
331.2	28.0
342.48	28.0
359.24	28.0
371.08	28.0
402.68	28.0
587.6	28.0
984.96	28.0
1133.0	28.0
1167.68	28.0
329.88	29.0
306.24	30.0
329.4	30.0
342.28	30.0
353.44	30.0
369.88	30.0
403.4	30.0
435.44	30.0
465.36	30.0
521.16	30.0
550.4	30.0
579.68	30.0
604.56	30.0
800.84	30.0
891.08	30.0
901.6	30.0
938.04	30.0
996.68	30.0
1021.88	30.0
1064.16	30.0
1107.52	30.0
1135.72	30.0
1225.04	30.0
1246.88	30.0
1265.2	30.0
314.92	31.0
307.0	31.0
321.28	31.0
330.32	31.0
335.6	31.0
348.32	31.0
378.56	31.0
399.92	31.0
415.16	31.0
442.76	31.0
604.96	31.0
394.6	33.0
332.32	33.0
464.68	33.0
316.12	34.0
331.76	34.0
346.2	34.0
350.4	34.0
365.76	34.0
379.24	34.0
392.48	34.0
409.8	34.0
437.92	34.0
356.36	34.0
415.12	34.0
452.8	34.0
482.68	34.0
502.04	34.0
521.72	34.0
549.48	34.0
564.16	34.0
581.04	34.0
596.92	34.0
623.04	34.0
643.12	34.0
680.56	34.0
698.28	34.0
1134.0	35.0
315.36	35.0
322.16	35.0
329.92	35.0
332.68	35.0
338.2	35.0
342.04	35.0
345.2	35.0
347.76	35.0
354.08	35.0
359.48	35.0
365.08	35.0
368.16	35.0
371.52	35.0
378.64	35.0
383.52	35.0
391.52	35.0
399.88	35.0
402.72	35.0
410.36	35.0
418.08	35.0
429.76	35.0
436.92	35.0
450.6	35.0
454.28	35.0
461.56	35.0
465.84	35.0
468.88	35.0
477.0	35.0
488.2	35.0
503.08	35.0
519.32	35.0
525.88	35.0
532.8	35.0
549.72	35.0
565.92	35.0
576.32	35.0
593.4	35.0
624.32	35.0
638.28	35.0
681.72	35.0
721.64	35.0
748.8	35.0
754.32	35.0
776.64	35.0
784.44	35.0
799.36	35.0
829.2	35.0
840.56	35.0
876.16	35.0
901.72	35.0
913.08	35.0
928.12	35.0
967.8	35.0
979.16	35.0
988.8	35.0
1009.72	35.0
1035.4	35.0
1052.84	35.0
1058.6	35.0
1064.44	35.0
1083.6	35.0
1087.64	35.0
1104.28	35.0
1124.16	35.0
1138.4	35.0
1148.08	35.0
1181.52	35.0
1194.08	35.0
1203.64	35.0
1217.4	35.0
1221.04	35.0
1232.12	35.0
1249.76	35.0
1253.28	35.0
1261.04	35.0
1273.4	35.0
1279.72	35.0
1295.36	35.0
333.6	36.0
315.68	36.0
336.16	36.0
350.68	36.0
354.36	36.0
384.48	36.0
403.16	36.0
577.36	36.0
633.48	36.0
704.0	36.0
757.92	36.0
901.6	36.0
1025.28	36.0
1051.0	36.0
1121.8	36.0
1147.68	36.0
1196.32	36.0
