120.76	1.0
1092.48	1.0
310.32	2.0
29.24	2.0
34.72	2.0
40.8	2.0
43.32	2.0
65.92	2.0
82.24	2.0
95.32	2.0
97.84	2.0
108.64	2.0
138.08	2.0
141.84	2.0
157.8	2.0
190.2	2.0
238.72	2.0
307.08	2.0
331.52	2.0
342.52	2.0
772.2	2.0
779.04	2.0
786.6	2.0
796.4	2.0
802.68	2.0
809.44	2.0
813.24	2.0
819.68	2.0
824.04	2.0
832.28	2.0
837.32	2.0
844.32	2.0
873.4	2.0
907.2	2.0
939.64	2.0
992.28	2.0
1036.24	2.0
1093.88	2.0
1154.56	2.0
1158.12	2.0
1185.72	2.0
1244.32	2.0
29.36	3.0
42.72	3.0
91.44	3.0
112.12	3.0
121.56	3.0
132.72	3.0
141.76	3.0
157.96	3.0
208.16	3.0
307.0	3.0
310.04	3.0
325.12	3.0
332.48	3.0
342.64	3.0
772.36	3.0
775.96	3.0
787.04	3.0
795.64	3.0
798.76	3.0
802.36	3.0
804.88	3.0
813.12	3.0
827.36	3.0
844.24	3.0
907.0	3.0
926.16	3.0
960.96	3.0
990.4	3.0
1036.4	3.0
1047.44	3.0
1094.04	3.0
1266.72	3.0
1269.48	3.0
797.52	4.0
45.24	4.0
58.12	4.0
73.84	4.0
101.8	4.0
119.96	4.0
131.76	4.0
152.28	4.0
175.16	4.0
185.64	4.0
203.0	4.0
219.4	4.0
234.24	4.0
250.76	4.0
277.8	4.0
309.44	4.0
327.44	4.0
350.28	4.0
364.88	4.0
379.48	4.0
402.16	4.0
406.0	4.0
453.8	4.0
485.52	4.0
805.92	4.0
820.64	4.0
841.52	4.0
856.56	4.0
867.96	4.0
885.8	4.0
904.08	4.0
918.04	4.0
927.88	4.0
942.04	4.0
956.52	4.0
981.88	4.0
999.04	4.0
1010.84	4.0
1027.64	4.0
1049.28	4.0
1083.08	4.0
1092.28	4.0
1104.64	4.0
1118.24	4.0
1135.24	4.0
1163.64	4.0
1181.24	4.0
1197.6	4.0
1226.28	4.0
1239.48	4.0
1266.12	4.0
809.24	5.0
856.88	5.0
74.8	6.0
99.88	6.0
129.12	6.0
171.48	6.0
219.4	6.0
312.56	6.0
347.2	6.0
395.16	6.0
461.96	6.0
752.8	6.0
810.92	6.0
824.2	6.0
837.04	6.0
839.56	6.0
865.16	6.0
889.88	6.0
914.6	6.0
944.6	6.0
994.52	6.0
1040.44	6.0
1106.48	6.0
1156.56	6.0
1266.76	6.0
854.92	7.0
905.52	7.0
1285.24	7.0
810.56	8.0
40.8	8.0
58.4	8.0
110.08	8.0
147.44	8.0
154.88	8.0
177.76	8.0
231.6	8.0
257.04	8.0
377.04	8.0
394.88	8.0
406.28	8.0
776.92	8.0
826.84	8.0
836.12	8.0
843.64	8.0
855.32	8.0
899.52	8.0
985.56	8.0
1174.84	8.0
1201.76	8.0
1237.68	8.0
62.56	9.0
120.72	9.0
231.04	9.0
308.52	9.0
765.56	9.0
811.52	9.0
155.76	10.0
814.0	10.0
833.72	10.0
1144.68	10.0
120.72	10.0
141.2	10.0
307.44	10.0
506.52	10.0
757.28	10.0
773.28	10.0
778.72	10.0
796.72	10.0
824.8	10.0
836.4	10.0
141.92	11.0
311.44	11.0
827.48	11.0
875.52	11.0
907.08	11.0
990.36	11.0
1269.56	11.0
25.12	11.0
41.36	11.0
79.68	11.0
82.32	11.0
98.36	11.0
101.64	11.0
119.08	11.0
180.72	11.0
205.72	11.0
306.36	11.0
329.48	11.0
358.24	11.0
770.96	11.0
776.56	11.0
785.36	11.0
802.4	11.0
820.52	11.0
869.16	11.0
1020.92	11.0
1066.44	11.0
1093.04	11.0
1130.28	11.0
1158.36	11.0
1186.36	11.0
1234.84	11.0
306.88	12.0
29.36	12.0
785.56	12.0
793.72	12.0
874.6	12.0
314.92	13.0
385.04	13.0
503.48	13.0
837.48	13.0
1242.72	13.0
406.6	14.0
830.56	14.0
855.48	14.0
918.2	14.0
64.28	14.0
309.24	14.0
798.92	14.0
984.32	14.0
817.0	16.0
266.28	16.0
844.6	16.0
108.0	17.0
826.16	17.0
761.04	19.0
782.08	20.0
841.04	20.0
307.76	20.0
767.84	20.0
919.08	20.0
312.56	21.0
62.24	21.0
81.12	21.0
106.6	21.0
130.96	21.0
141.68	21.0
257.68	21.0
309.64	21.0
329.8	21.0
349.8	21.0
779.12	21.0
784.84	21.0
792.24	21.0
797.92	21.0
824.96	21.0
839.8	21.0
843.48	21.0
858.04	21.0
873.88	21.0
879.12	21.0
888.28	21.0
900.04	21.0
1137.72	21.0
48.64	22.0
89.12	22.0
176.08	22.0
205.04	22.0
312.28	22.0
319.56	22.0
331.2	22.0
339.68	22.0
366.6	22.0
427.32	22.0
485.92	22.0
799.8	22.0
821.56	22.0
826.2	22.0
868.92	22.0
889.6	22.0
924.24	22.0
943.2	22.0
998.24	22.0
1048.88	22.0
1095.56	22.0
1234.28	22.0
1266.56	22.0
218.36	23.0
804.68	23.0
823.96	23.0
1294.76	23.0
6.88	23.0
29.12	23.0
33.08	23.0
47.28	23.0
50.76	23.0
77.32	23.0
101.56	23.0
110.8	23.0
120.84	23.0
126.44	23.0
235.48	23.0
258.16	23.0
299.48	23.0
328.8	23.0
350.48	23.0
378.24	23.0
382.2	23.0
407.32	23.0
435.88	23.0
546.88	23.0
583.84	23.0
786.0	23.0
792.08	23.0
795.16	23.0
808.72	23.0
827.72	23.0
840.28	23.0
871.28	23.0
874.44	23.0
889.92	23.0
945.36	23.0
961.04	23.0
997.92	23.0
1001.32	23.0
1083.84	23.0
1120.32	23.0
1147.88	23.0
1175.92	23.0
1233.2	23.0
17.96	24.0
62.72	24.0
121.48	24.0
148.52	24.0
178.16	24.0
306.52	24.0
317.44	24.0
336.6	24.0
801.4	24.0
806.32	24.0
809.4	24.0
830.08	24.0
840.32	24.0
855.24	24.0
875.84	24.0
917.88	24.0
1032.8	24.0
199.16	25.0
801.6	25.0
29.64	25.0
793.64	25.0
829.0	25.0
842.52	26.0
25.24	26.0
32.28	26.0
37.76	26.0
63.12	26.0
72.48	26.0
76.16	26.0
92.68	26.0
104.0	26.0
123.24	26.0
146.2	26.0
165.52	26.0
172.84	26.0
201.24	26.0
244.4	26.0
268.84	26.0
308.2	26.0
314.12	26.0
324.24	26.0
333.16	26.0
341.6	26.0
347.28	26.0
374.6	26.0
381.92	26.0
406.72	26.0
454.28	26.0
697.64	26.0
772.68	26.0
787.68	26.0
799.0	26.0
806.52	26.0
814.08	26.0
824.04	26.0
833.8	26.0
837.68	26.0
847.52	26.0
853.0	26.0
863.52	26.0
870.52	26.0
880.72	26.0
892.48	26.0
902.0	26.0
913.88	26.0
940.16	26.0
944.88	26.0
981.24	26.0
999.52	26.0
1007.72	26.0
1026.48	26.0
1117.84	26.0
1140.32	26.0
1174.28	26.0
1181.76	26.0
1240.64	26.0
1243.92	26.0
75.36	27.0
116.44	27.0
144.68	27.0
190.92	27.0
307.48	27.0
410.52	27.0
487.96	27.0
839.92	27.0
892.04	27.0
1202.08	27.0
1270.52	27.0
313.96	28.0
777.2	28.0
793.96	28.0
822.48	28.0
35.44	28.0
84.0	28.0
120.36	28.0
157.6	28.0
230.68	28.0
308.24	28.0
317.08	28.0
765.24	28.0
787.2	28.0
808.76	28.0
1020.32	28.0
1037.64	28.0
1158.08	28.0
1186.8	28.0
31.6	29.0
218.36	29.0
810.92	29.0
893.8	29.0
313.04	30.0
38.12	30.0
57.8	30.0
80.96	30.0
109.32	30.0
137.84	30.0
230.88	30.0
327.56	30.0
770.84	30.0
779.96	30.0
824.52	30.0
831.0	30.0
842.24	30.0
858.0	30.0
875.32	30.0
886.72	30.0
893.44	30.0
922.12	30.0
1037.6	30.0
81.12	31.0
148.2	31.0
802.76	31.0
811.88	31.0
825.56	33.0
307.12	33.0
785.04	33.0
824.8	34.0
144.88	34.0
802.56	34.0
891.48	34.0
32.6	35.0
37.6	35.0
40.2	35.0
50.16	35.0
78.2	35.0
90.52	35.0
112.8	35.0
133.84	35.0
146.36	35.0
164.16	35.0
186.24	35.0
192.52	35.0
211.16	35.0
214.16	35.0
243.32	35.0
257.32	35.0
309.2	35.0
319.64	35.0
331.2	35.0
342.68	35.0
350.28	35.0
373.44	35.0
382.04	35.0
399.12	35.0
452.16	35.0
796.2	35.0
807.92	35.0
812.2	35.0
825.76	35.0
831.08	35.0
835.36	35.0
840.44	35.0
844.88	35.0
857.48	35.0
866.0	35.0
871.08	35.0
888.72	35.0
902.96	35.0
909.24	35.0
916.4	35.0
932.04	35.0
945.72	35.0
957.52	35.0
999.2	35.0
1008.6	35.0
1023.6	35.0
1050.08	35.0
1082.4	35.0
1107.44	35.0
1183.4	35.0
1233.76	35.0
1242.2	35.0
1261.04	35.0
1270.44	35.0
1283.56	35.0
26.12	36.0
124.48	36.0
302.64	36.0
371.32	36.0
793.96	36.0
801.8	36.0
809.0	36.0
814.52	36.0
844.6	36.0
979.48	36.0
