359.88	1.0
318.24	1.0
939.68	1.0
1011.4	1.0
388.4	2.0
313.16	2.0
316.48	2.0
322.92	2.0
327.24	2.0
335.08	2.0
341.4	2.0
345.96	2.0
352.44	2.0
378.6	2.0
403.68	2.0
415.88	2.0
424.24	2.0
448.04	2.0
466.88	2.0
474.52	2.0
511.72	2.0
515.88	2.0
536.24	2.0
550.8	2.0
568.16	2.0
595.12	2.0
598.8	2.0
622.04	2.0
631.48	2.0
694.16	2.0
704.6	2.0
729.84	2.0
738.16	2.0
771.48	2.0
791.0	2.0
813.24	2.0
842.36	2.0
895.4	2.0
899.88	2.0
909.12	2.0
951.92	2.0
970.2	2.0
976.32	2.0
987.88	2.0
1072.36	2.0
1082.92	2.0
1090.28	2.0
1246.04	2.0
1261.48	2.0
1264.04	2.0
1290.52	2.0
1294.56	2.0
1311.96	2.0
1336.28	2.0
1405.48	2.0
1442.0	2.0
1488.84	2.0
347.04	3.0
704.84	3.0
313.32	3.0
316.48	3.0
320.32	3.0
333.52	3.0
337.36	3.0
341.08	3.0
352.0	3.0
357.04	3.0
360.88	3.0
366.52	3.0
380.4	3.0
387.8	3.0
394.44	3.0
403.4	3.0
406.28	3.0
460.92	3.0
598.56	3.0
628.24	3.0
676.16	3.0
909.28	3.0
976.24	3.0
1083.08	3.0
1312.16	3.0
1333.48	3.0
466.96	4.0
337.56	4.0
313.16	5.0
317.32	5.0
331.44	5.0
337.72	5.0
345.28	5.0
318.56	6.0
330.08	6.0
346.64	6.0
361.8	6.0
374.8	6.0
583.08	6.0
781.68	6.0
964.96	6.0
1040.52	6.0
1123.8	6.0
1210.68	6.0
1283.16	6.0
312.88	7.0
316.64	7.0
323.32	7.0
338.44	7.0
345.52	7.0
348.88	7.0
352.28	7.0
368.56	7.0
440.04	7.0
572.36	7.0
777.64	7.0
852.04	7.0
1362.08	7.0
345.08	8.0
319.88	8.0
327.88	8.0
341.36	8.0
357.56	8.0
366.44	8.0
390.76	8.0
404.28	8.0
416.72	8.0
466.04	8.0
532.64	8.0
581.16	8.0
584.24	8.0
755.32	8.0
837.52	8.0
1062.44	8.0
1175.84	8.0
1281.0	8.0
1302.84	8.0
1331.76	8.0
1477.2	8.0
328.52	9.0
314.48	9.0
1277.52	9.0
357.12	10.0
392.2	10.0
421.32	10.0
513.92	10.0
570.08	10.0
646.4	10.0
838.2	10.0
313.2	10.0
316.76	10.0
321.88	10.0
327.52	10.0
334.24	10.0
338.28	10.0
433.72	10.0
721.0	10.0
759.64	10.0
786.32	10.0
843.12	10.0
1068.8	10.0
1226.6	10.0
1410.28	10.0
314.24	11.0
328.72	11.0
335.96	11.0
392.84	11.0
403.16	11.0
426.4	11.0
514.36	11.0
583.52	11.0
598.64	11.0
1096.6	11.0
318.84	11.0
322.16	11.0
346.12	11.0
422.4	11.0
540.0	11.0
644.04	11.0
677.24	11.0
718.36	11.0
922.52	11.0
954.64	11.0
996.96	11.0
1080.64	11.0
1147.08	11.0
1190.36	11.0
1325.68	11.0
312.4	12.0
337.2	12.0
316.24	12.0
328.08	12.0
467.96	12.0
1488.72	12.0
328.64	13.0
312.2	13.0
317.6	13.0
347.12	13.0
352.48	13.0
359.8	13.0
366.48	13.0
1361.28	13.0
321.84	14.0
331.04	14.0
337.52	14.0
465.12	14.0
1241.64	14.0
1325.16	14.0
341.2	15.0
318.2	15.0
321.84	15.0
326.84	15.0
334.12	15.0
350.68	15.0
365.88	15.0
775.8	15.0
329.48	16.0
392.0	16.0
412.32	16.0
431.4	16.0
464.48	16.0
478.44	16.0
506.88	16.0
557.04	16.0
586.56	16.0
621.48	16.0
328.0	17.0
346.96	17.0
352.6	17.0
313.24	17.0
411.28	18.0
596.0	18.0
328.0	19.0
385.24	19.0
312.64	20.0
391.04	20.0
416.56	20.0
457.88	20.0
489.28	20.0
763.44	20.0
320.2	21.0
330.12	21.0
1076.16	21.0
316.56	21.0
327.6	21.0
336.68	21.0
341.32	21.0
346.12	21.0
350.96	21.0
360.28	21.0
381.32	21.0
384.2	21.0
419.52	21.0
431.88	21.0
460.0	21.0
474.96	21.0
488.68	21.0
517.64	21.0
523.88	21.0
540.76	21.0
550.4	21.0
568.84	21.0
585.2	21.0
614.48	21.0
632.32	21.0
635.64	21.0
643.68	21.0
647.68	21.0
686.2	21.0
720.88	21.0
743.44	21.0
756.6	21.0
763.6	21.0
783.32	21.0
801.68	21.0
821.24	21.0
837.96	21.0
840.72	21.0
860.52	21.0
881.44	21.0
888.08	21.0
908.08	21.0
926.84	21.0
932.96	21.0
976.48	21.0
979.0	21.0
1014.68	21.0
1046.2	21.0
1064.04	21.0
1079.76	21.0
1117.84	21.0
1120.76	21.0
1167.6	21.0
1190.36	21.0
1208.6	21.0
1231.84	21.0
1259.28	21.0
1281.48	21.0
1285.16	21.0
1315.08	21.0
1323.08	21.0
1336.96	21.0
1359.44	21.0
1384.56	21.0
1420.32	21.0
1451.6	21.0
1456.6	21.0
1474.88	21.0
339.12	22.0
322.88	22.0
329.56	22.0
334.68	22.0
349.12	22.0
400.04	22.0
499.2	22.0
536.24	22.0
622.84	22.0
791.4	22.0
1076.08	22.0
1279.88	22.0
1464.2	22.0
337.64	23.0
353.0	23.0
369.08	23.0
312.68	23.0
316.92	23.0
319.72	23.0
322.88	23.0
327.32	23.0
334.84	23.0
344.48	23.0
364.84	23.0
507.56	23.0
518.32	23.0
616.36	23.0
628.44	23.0
651.24	23.0
671.72	23.0
758.28	23.0
775.0	23.0
806.96	23.0
842.24	23.0
1069.44	23.0
1283.32	23.0
327.04	24.0
329.6	24.0
333.72	24.0
370.16	24.0
375.64	24.0
388.12	24.0
396.16	24.0
405.4	24.0
437.88	24.0
466.28	24.0
503.84	24.0
528.12	24.0
548.32	24.0
579.2	24.0
610.12	24.0
630.92	24.0
649.32	24.0
671.88	24.0
741.52	24.0
777.08	24.0
798.12	24.0
834.88	24.0
875.64	24.0
991.8	24.0
1017.8	24.0
1030.8	24.0
1038.08	24.0
1083.24	24.0
1130.36	24.0
1163.24	24.0
1186.44	24.0
1206.16	24.0
1260.8	24.0
1279.36	24.0
1326.04	24.0
1391.72	24.0
1443.12	24.0
388.4	25.0
406.04	25.0
672.2	25.0
798.44	25.0
314.48	25.0
321.92	25.0
326.96	25.0
332.36	25.0
337.32	25.0
341.04	25.0
354.04	25.0
359.84	25.0
376.4	25.0
771.88	25.0
936.48	25.0
1023.76	25.0
1169.96	25.0
320.04	26.0
1092.04	26.0
312.68	26.0
317.36	26.0
326.04	26.0
332.68	26.0
342.64	26.0
351.4	26.0
354.0	26.0
356.76	26.0
379.2	26.0
387.04	26.0
402.76	26.0
411.8	26.0
425.24	26.0
429.12	26.0
437.4	26.0
472.88	26.0
490.32	26.0
507.48	26.0
515.92	26.0
541.2	26.0
547.2	26.0
561.96	26.0
578.6	26.0
596.12	26.0
604.48	26.0
619.32	26.0
628.04	26.0
632.24	26.0
650.6	26.0
663.12	26.0
669.24	26.0
674.8	26.0
680.24	26.0
700.56	26.0
710.12	26.0
725.64	26.0
739.0	26.0
752.96	26.0
762.2	26.0
772.24	26.0
792.28	26.0
802.56	26.0
829.12	26.0
837.64	26.0
852.32	26.0
858.48	26.0
869.0	26.0
877.64	26.0
895.2	26.0
898.16	26.0
905.28	26.0
919.72	26.0
935.88	26.0
955.84	26.0
966.92	26.0
985.4	26.0
993.56	26.0
1002.24	26.0
1010.6	26.0
1024.0	26.0
1027.0	26.0
1029.88	26.0
1039.88	26.0
1044.84	26.0
1059.12	26.0
1074.44	26.0
1086.6	26.0
1096.8	26.0
1103.28	26.0
1120.6	26.0
1128.68	26.0
1131.6	26.0
1143.84	26.0
1163.72	26.0
1168.36	26.0
1179.44	26.0
1203.2	26.0
1210.08	26.0
1218.6	26.0
1236.6	26.0
1242.8	26.0
1250.72	26.0
1270.44	26.0
1285.12	26.0
1311.36	26.0
1339.84	26.0
1352.16	26.0
1359.64	26.0
1365.0	26.0
1374.48	26.0
1385.84	26.0
1395.36	26.0
1408.12	26.0
1418.12	26.0
1422.44	26.0
1431.84	26.0
1448.04	26.0
1461.4	26.0
1474.08	26.0
504.6	27.0
561.8	27.0
742.48	27.0
1012.2	27.0
1036.84	27.0
1053.52	27.0
1395.04	27.0
1442.44	27.0
339.4	28.0
313.56	28.0
322.6	28.0
325.76	28.0
330.56	28.0
333.64	28.0
346.6	28.0
356.88	28.0
365.96	28.0
371.56	28.0
380.2	28.0
393.56	28.0
400.16	28.0
426.24	28.0
465.16	28.0
644.4	28.0
318.52	29.0
326.68	29.0
348.72	29.0
313.12	30.0
318.88	30.0
327.6	30.0
330.44	30.0
339.88	30.0
354.44	30.0
366.52	30.0
399.68	30.0
464.92	30.0
531.04	30.0
615.6	30.0
666.56	30.0
782.64	30.0
904.84	30.0
998.72	30.0
1081.44	30.0
1155.6	30.0
1179.76	30.0
1211.96	30.0
1259.2	30.0
1286.48	30.0
1335.28	30.0
1442.32	30.0
312.6	31.0
321.44	31.0
326.12	31.0
330.64	31.0
373.2	31.0
439.08	31.0
464.52	31.0
581.92	31.0
1359.16	31.0
313.52	33.0
319.64	33.0
1011.84	33.0
335.72	33.0
315.64	34.0
321.84	34.0
328.72	34.0
337.4	34.0
354.52	34.0
368.2	34.0
380.6	34.0
400.84	34.0
423.32	34.0
437.72	34.0
454.56	34.0
468.56	34.0
509.44	34.0
519.88	34.0
536.32	34.0
541.72	34.0
568.96	34.0
613.0	34.0
627.8	34.0
681.92	34.0
1206.76	34.0
315.48	35.0
319.6	35.0
322.16	35.0
328.76	35.0
331.92	35.0
338.04	35.0
340.68	35.0
345.08	35.0
349.76	35.0
357.36	35.0
363.24	35.0
365.76	35.0
375.92	35.0
395.08	35.0
404.04	35.0
416.16	35.0
425.32	35.0
453.24	35.0
467.12	35.0
473.08	35.0
501.36	35.0
522.24	35.0
539.24	35.0
572.48	35.0
592.72	35.0
622.2	35.0
652.04	35.0
680.56	35.0
698.76	35.0
725.08	35.0
749.8	35.0
764.8	35.0
784.84	35.0
804.36	35.0
836.64	35.0
860.52	35.0
878.76	35.0
899.92	35.0
918.28	35.0
941.2	35.0
960.76	35.0
979.0	35.0
989.92	35.0
1008.36	35.0
1024.4	35.0
1028.36	35.0
1047.96	35.0
1079.76	35.0
1123.84	35.0
1132.08	35.0
1207.48	35.0
1242.92	35.0
1265.92	35.0
1296.28	35.0
1307.0	35.0
1366.68	35.0
1396.92	35.0
1421.64	35.0
1473.8	35.0
316.8	36.0
327.84	36.0
403.8	36.0
1149.28	36.0
