307.32	1.0
334.12	1.0
355.64	1.0
435.56	1.0
306.4	2.0
309.96	2.0
315.36	2.0
321.52	2.0
333.36	2.0
340.92	2.0
344.12	2.0
347.56	2.0
356.0	2.0
364.88	2.0
367.48	2.0
381.12	2.0
385.32	2.0
398.96	2.0
433.96	2.0
445.76	2.0
448.28	2.0
478.64	2.0
481.88	2.0
512.16	2.0
556.76	2.0
599.96	2.0
607.88	2.0
765.56	2.0
768.24	2.0
784.16	2.0
787.72	2.0
874.08	2.0
371.92	3.0
401.48	3.0
310.4	3.0
313.68	3.0
318.28	3.0
329.44	3.0
344.08	3.0
351.68	3.0
355.92	3.0
360.4	3.0
381.32	3.0
438.96	3.0
448.2	3.0
460.56	3.0
482.04	3.0
521.92	3.0
527.64	3.0
765.72	3.0
787.92	3.0
1279.52	3.0
1295.84	3.0
313.4	4.0
324.64	4.0
342.6	4.0
354.16	4.0
363.16	4.0
371.44	4.0
381.8	4.0
392.28	4.0
401.96	4.0
413.8	4.0
420.8	4.0
432.44	4.0
446.16	4.0
453.12	4.0
460.2	4.0
470.8	4.0
490.56	4.0
509.08	4.0
521.56	4.0
527.0	4.0
537.4	4.0
547.6	4.0
560.44	4.0
576.52	4.0
588.36	4.0
599.04	4.0
605.64	4.0
618.6	4.0
639.6	4.0
658.04	4.0
678.24	4.0
683.68	4.0
692.44	4.0
709.84	4.0
732.12	4.0
753.72	4.0
762.24	4.0
774.8	4.0
791.4	4.0
799.72	4.0
814.4	4.0
824.88	4.0
844.8	4.0
857.4	4.0
868.72	4.0
893.64	4.0
909.12	4.0
924.12	4.0
936.24	4.0
951.2	4.0
962.76	4.0
975.28	4.0
993.2	4.0
1016.04	4.0
1027.88	4.0
1039.48	4.0
1051.48	4.0
1067.64	4.0
1085.64	4.0
1091.96	4.0
1106.6	4.0
1112.56	4.0
1126.76	4.0
1138.96	4.0
1152.32	4.0
1167.6	4.0
1182.24	4.0
1194.88	4.0
1211.6	4.0
1233.4	4.0
1254.96	4.0
1276.8	4.0
1297.68	4.0
355.56	5.0
312.92	5.0
370.4	5.0
386.52	5.0
418.04	5.0
329.08	6.0
340.28	6.0
355.48	6.0
381.4	6.0
400.36	6.0
435.4	6.0
456.36	6.0
488.96	6.0
510.8	6.0
537.92	6.0
586.12	6.0
618.36	6.0
657.32	6.0
708.08	6.0
735.88	6.0
777.48	6.0
907.68	6.0
950.04	6.0
1016.04	6.0
1048.8	6.0
1087.6	6.0
1121.4	6.0
1191.04	6.0
1298.96	7.0
309.08	7.0
320.56	7.0
329.92	7.0
740.76	7.0
308.96	8.0
306.12	8.0
319.16	8.0
323.76	8.0
327.64	8.0
340.28	8.0
357.4	8.0
402.04	8.0
408.88	8.0
429.36	8.0
447.44	8.0
519.32	8.0
580.32	8.0
606.04	8.0
726.08	8.0
853.08	8.0
927.16	8.0
964.48	8.0
1017.6	8.0
1032.52	8.0
1050.08	8.0
1262.16	8.0
329.4	9.0
382.48	9.0
307.48	10.0
742.72	10.0
1037.4	10.0
315.68	10.0
355.92	10.0
381.76	10.0
475.6	10.0
787.96	10.0
851.56	10.0
1054.48	10.0
307.12	11.0
334.32	11.0
360.48	11.0
493.76	11.0
622.44	11.0
661.84	11.0
897.32	11.0
311.6	11.0
316.0	11.0
323.52	11.0
326.28	11.0
331.64	11.0
340.28	11.0
345.8	11.0
354.84	11.0
364.76	11.0
372.12	11.0
379.0	11.0
394.64	11.0
416.28	11.0
432.76	11.0
445.6	11.0
471.32	11.0
525.68	11.0
528.6	11.0
549.0	11.0
559.0	11.0
599.12	11.0
742.48	11.0
763.76	11.0
816.52	11.0
906.2	11.0
1054.12	11.0
313.28	12.0
319.68	12.0
355.2	12.0
418.24	12.0
493.52	12.0
955.04	13.0
308.0	13.0
316.84	13.0
511.24	13.0
773.76	13.0
900.2	13.0
1050.92	13.0
665.4	14.0
353.48	14.0
368.44	14.0
448.04	14.0
514.44	14.0
738.92	14.0
1234.2	14.0
342.32	15.0
382.64	15.0
449.44	15.0
566.64	15.0
459.12	16.0
539.36	16.0
739.24	16.0
317.2	17.0
306.88	19.0
316.56	19.0
312.12	20.0
316.92	20.0
357.28	20.0
465.72	20.0
918.84	20.0
310.96	21.0
316.4	21.0
323.6	21.0
330.76	21.0
345.28	21.0
354.48	21.0
371.52	21.0
386.48	21.0
403.12	21.0
423.08	21.0
436.04	21.0
461.16	21.0
567.16	21.0
665.28	21.0
738.64	21.0
763.2	21.0
924.88	21.0
966.96	21.0
975.8	21.0
998.44	21.0
1053.52	21.0
1073.12	21.0
1104.96	21.0
1129.84	21.0
1162.4	21.0
349.56	22.0
308.16	22.0
315.24	22.0
328.08	22.0
331.76	22.0
344.2	22.0
364.96	22.0
383.36	22.0
401.16	22.0
417.08	22.0
444.92	22.0
460.96	22.0
476.16	22.0
550.08	22.0
578.48	22.0
589.72	22.0
614.88	22.0
638.84	22.0
682.96	22.0
753.4	22.0
772.32	22.0
893.16	22.0
951.08	22.0
993.68	22.0
1045.32	22.0
1122.52	22.0
308.92	23.0
349.52	23.0
315.32	23.0
326.56	23.0
355.0	23.0
385.76	23.0
395.96	23.0
403.52	23.0
439.28	23.0
462.92	23.0
478.92	23.0
490.52	23.0
509.44	23.0
534.8	23.0
567.6	23.0
581.16	23.0
644.48	23.0
775.4	23.0
855.16	23.0
897.48	23.0
919.16	23.0
953.68	23.0
1032.88	23.0
1075.4	23.0
1125.08	23.0
1195.0	23.0
1263.84	23.0
1271.48	23.0
1298.12	23.0
327.6	24.0
308.52	24.0
320.12	24.0
350.76	24.0
382.04	24.0
402.0	24.0
422.56	24.0
439.76	24.0
474.08	24.0
576.56	24.0
623.12	24.0
665.16	24.0
694.76	24.0
734.96	24.0
803.52	24.0
896.52	24.0
320.28	25.0
600.2	26.0
309.64	26.0
314.36	26.0
319.12	26.0
321.84	26.0
329.92	26.0
340.28	26.0
344.28	26.0
351.4	26.0
358.12	26.0
367.44	26.0
373.44	26.0
380.72	26.0
388.48	26.0
394.44	26.0
405.48	26.0
411.52	26.0
422.04	26.0
439.04	26.0
451.6	26.0
473.48	26.0
490.28	26.0
501.92	26.0
524.96	26.0
536.08	26.0
576.92	26.0
609.76	26.0
634.52	26.0
662.56	26.0
693.44	26.0
710.04	26.0
757.76	26.0
781.32	26.0
893.24	26.0
918.44	26.0
939.12	26.0
952.68	26.0
965.56	26.0
991.48	26.0
1017.92	26.0
1041.76	26.0
1068.32	26.0
1146.56	26.0
1166.96	26.0
1258.08	26.0
438.04	27.0
456.48	27.0
532.8	27.0
556.0	27.0
566.44	27.0
717.84	27.0
915.0	27.0
952.4	27.0
976.64	27.0
1001.0	27.0
1040.24	27.0
307.28	28.0
310.36	28.0
312.88	28.0
316.48	28.0
321.56	28.0
329.04	28.0
331.92	28.0
349.08	28.0
351.72	28.0
356.72	28.0
359.48	28.0
382.16	28.0
387.92	28.0
402.0	28.0
423.0	28.0
426.16	28.0
432.08	28.0
446.96	28.0
483.48	28.0
486.52	28.0
555.08	28.0
571.6	28.0
588.12	28.0
623.4	28.0
663.84	28.0
787.88	28.0
1031.52	28.0
1171.52	28.0
382.0	29.0
387.52	29.0
422.8	29.0
623.24	29.0
307.36	30.0
313.84	30.0
319.16	30.0
371.76	30.0
389.8	30.0
409.72	30.0
422.96	30.0
445.04	30.0
491.6	30.0
499.96	30.0
554.96	30.0
616.28	30.0
659.44	30.0
697.24	30.0
853.08	30.0
937.48	30.0
1035.2	30.0
1042.92	30.0
1104.2	30.0
1162.12	30.0
1197.4	30.0
1251.8	30.0
1256.28	30.0
1264.08	30.0
537.92	31.0
323.04	31.0
334.12	31.0
368.56	31.0
405.72	31.0
409.92	31.0
460.84	31.0
314.2	33.0
350.64	33.0
510.68	33.0
412.24	34.0
532.96	34.0
306.92	35.0
309.44	35.0
312.92	35.0
321.28	35.0
329.44	35.0
332.0	35.0
343.32	35.0
349.36	35.0
354.84	35.0
363.8	35.0
370.68	35.0
379.08	35.0
382.88	35.0
385.84	35.0
396.56	35.0
408.48	35.0
432.64	35.0
450.72	35.0
462.8	35.0
467.52	35.0
476.48	35.0
493.52	35.0
507.24	35.0
514.4	35.0
538.76	35.0
553.04	35.0
560.16	35.0
588.44	35.0
601.16	35.0
614.0	35.0
627.72	35.0
643.6	35.0
652.16	35.0
687.36	35.0
707.28	35.0
728.84	35.0
734.32	35.0
753.96	35.0
778.92	35.0
799.12	35.0
814.12	35.0
835.32	35.0
849.24	35.0
864.52	35.0
881.92	35.0
894.12	35.0
896.68	35.0
902.32	35.0
913.88	35.0
937.4	35.0
951.92	35.0
955.52	35.0
979.6	35.0
1032.52	35.0
1049.72	35.0
1069.56	35.0
1085.32	35.0
1105.04	35.0
1125.28	35.0
1146.44	35.0
1158.52	35.0
1197.48	35.0
1218.24	35.0
1253.56	35.0
1282.2	35.0
1295.8	35.0
309.8	36.0
332.2	36.0
349.32	36.0
365.72	36.0
383.24	36.0
401.44	36.0
434.36	36.0
458.2	36.0
514.6	36.0
532.92	36.0
564.08	36.0
618.4	36.0
641.64	36.0
739.04	36.0
799.52	36.0
878.52	36.0
1049.24	36.0
