430.24	1.0
477.64	1.0
311.16	1.0
1201.56	1.0
306.48	2.0
1219.76	2.0
309.48	2.0
312.68	2.0
315.92	2.0
319.68	2.0
327.0	2.0
330.0	2.0
346.84	2.0
361.96	2.0
372.68	2.0
381.8	2.0
448.76	2.0
590.88	2.0
1173.6	2.0
1185.12	2.0
1201.96	2.0
1205.48	2.0
1216.6	2.0
1225.92	2.0
1231.32	2.0
1253.24	2.0
1265.52	2.0
1271.0	2.0
1273.52	2.0
1277.28	2.0
1282.68	2.0
1298.68	2.0
316.36	3.0
375.92	3.0
378.44	3.0
381.96	3.0
1264.12	3.0
307.0	3.0
310.52	3.0
319.44	3.0
327.16	3.0
329.88	3.0
342.88	3.0
346.16	3.0
358.8	3.0
361.84	3.0
413.88	3.0
421.08	3.0
433.36	3.0
442.04	3.0
456.24	3.0
466.84	3.0
470.28	3.0
512.24	3.0
543.08	3.0
564.96	3.0
608.48	3.0
615.92	3.0
637.16	3.0
644.72	3.0
686.92	3.0
1216.44	3.0
1219.52	3.0
1226.12	3.0
1231.04	3.0
1236.44	3.0
1246.88	3.0
1249.6	3.0
1253.44	3.0
1259.12	3.0
1272.08	3.0
1276.16	3.0
1282.4	3.0
1296.84	3.0
319.12	4.0
331.72	4.0
344.28	4.0
361.36	4.0
377.4	4.0
394.48	4.0
408.64	4.0
422.44	4.0
443.68	4.0
458.24	4.0
468.36	4.0
485.08	4.0
504.0	4.0
514.08	4.0
535.92	4.0
544.88	4.0
565.92	4.0
581.12	4.0
608.24	4.0
617.92	4.0
647.08	4.0
663.48	4.0
1248.48	4.0
1264.24	4.0
1274.08	4.0
1286.96	4.0
1297.72	4.0
1230.76	5.0
362.76	5.0
379.24	5.0
388.76	5.0
410.48	5.0
469.32	5.0
517.68	5.0
538.08	5.0
308.36	6.0
323.52	6.0
329.52	6.0
342.28	6.0
363.0	6.0
379.28	6.0
387.24	6.0
416.68	6.0
457.04	6.0
487.2	6.0
532.28	6.0
679.88	6.0
1260.32	6.0
1275.28	6.0
1293.4	6.0
321.44	7.0
422.88	7.0
504.44	7.0
306.56	8.0
331.92	8.0
312.52	8.0
322.0	8.0
337.08	8.0
351.56	8.0
444.8	8.0
504.32	8.0
624.0	8.0
687.08	8.0
765.16	8.0
1217.32	8.0
1263.92	8.0
1270.2	8.0
1289.36	8.0
1269.96	9.0
364.52	10.0
377.72	10.0
436.72	10.0
559.0	10.0
639.36	10.0
764.72	10.0
1209.44	10.0
1273.72	10.0
308.52	10.0
313.28	10.0
316.2	10.0
335.24	10.0
645.28	10.0
1178.96	10.0
1214.76	10.0
1226.12	10.0
1231.48	10.0
1266.68	10.0
1276.24	10.0
346.76	11.0
565.04	11.0
1276.2	11.0
306.84	11.0
313.4	11.0
320.84	11.0
323.56	11.0
335.52	11.0
340.08	11.0
344.08	11.0
359.48	11.0
378.32	11.0
398.08	11.0
423.32	11.0
450.6	11.0
489.72	11.0
519.0	11.0
624.88	11.0
1214.64	11.0
1223.2	11.0
1240.24	11.0
1251.08	11.0
1259.36	11.0
1293.72	11.0
325.36	12.0
1164.64	12.0
1187.04	12.0
312.84	12.0
345.92	12.0
321.56	13.0
308.44	13.0
317.68	13.0
443.2	13.0
1228.72	13.0
1255.04	13.0
1292.92	13.0
329.72	14.0
363.32	14.0
407.72	14.0
427.76	14.0
537.32	14.0
1229.6	14.0
1248.04	14.0
1285.2	14.0
1297.72	14.0
309.72	15.0
464.68	15.0
1260.2	16.0
1279.6	16.0
318.52	17.0
317.2	18.0
316.44	19.0
360.16	19.0
379.2	19.0
456.84	19.0
1228.96	19.0
1267.36	19.0
1281.2	19.0
309.76	20.0
407.68	20.0
793.24	20.0
1286.28	20.0
312.64	21.0
336.12	21.0
309.92	21.0
317.24	21.0
320.48	21.0
333.16	21.0
340.64	21.0
360.68	21.0
365.88	21.0
381.12	21.0
407.88	21.0
411.36	21.0
465.6	21.0
487.48	21.0
505.08	21.0
1211.16	21.0
1215.2	21.0
1228.12	21.0
1237.96	21.0
1250.8	21.0
1267.52	21.0
1277.36	21.0
1284.48	21.0
1295.16	21.0
306.6	22.0
1239.88	22.0
317.88	22.0
326.4	22.0
332.88	22.0
344.08	22.0
378.12	22.0
393.52	22.0
414.12	22.0
420.68	22.0
456.92	22.0
514.16	22.0
648.16	22.0
1225.08	22.0
1246.88	22.0
1260.64	22.0
1271.92	22.0
1278.48	22.0
368.2	23.0
1270.36	23.0
1277.96	23.0
309.2	23.0
318.48	23.0
325.92	23.0
330.84	23.0
349.28	23.0
358.28	23.0
381.56	23.0
395.64	23.0
423.96	23.0
565.52	23.0
836.04	23.0
894.36	23.0
1187.68	23.0
1212.12	23.0
1219.8	23.0
1225.04	23.0
1230.32	23.0
1236.24	23.0
1239.04	23.0
1243.44	23.0
1259.12	23.0
1262.76	23.0
1292.72	23.0
320.92	24.0
325.64	24.0
331.8	24.0
343.72	24.0
356.88	24.0
360.24	24.0
374.84	24.0
1224.48	24.0
1259.08	24.0
1267.4	24.0
1273.08	24.0
1284.72	24.0
321.08	25.0
502.84	25.0
1259.6	25.0
310.0	26.0
314.88	26.0
324.12	26.0
333.6	26.0
340.56	26.0
350.84	26.0
357.12	26.0
360.0	26.0
369.08	26.0
375.52	26.0
393.24	26.0
411.12	26.0
433.44	26.0
436.6	26.0
453.28	26.0
457.44	26.0
464.44	26.0
470.84	26.0
489.68	26.0
505.16	26.0
519.72	26.0
526.32	26.0
534.88	26.0
541.92	26.0
560.28	26.0
592.28	26.0
626.8	26.0
664.8	26.0
686.64	26.0
1219.28	26.0
1238.12	26.0
1241.68	26.0
1247.12	26.0
1257.44	26.0
1266.44	26.0
1275.48	26.0
1281.32	26.0
1287.64	26.0
466.84	27.0
539.04	27.0
1280.0	27.0
307.32	28.0
313.72	28.0
316.36	28.0
318.88	28.0
329.0	28.0
331.84	28.0
336.04	28.0
340.12	28.0
360.4	28.0
1262.92	28.0
1275.68	28.0
1291.48	28.0
310.88	29.0
316.16	29.0
478.28	29.0
313.96	30.0
321.64	30.0
340.12	30.0
361.16	30.0
366.28	30.0
380.88	30.0
398.16	30.0
417.96	30.0
445.68	30.0
472.32	30.0
522.84	30.0
559.48	30.0
586.08	30.0
678.24	30.0
764.52	30.0
1225.16	30.0
1240.28	30.0
1248.92	30.0
1257.24	30.0
1275.88	30.0
306.92	31.0
313.92	31.0
316.56	31.0
338.92	31.0
367.36	31.0
319.6	34.0
313.52	34.0
311.44	35.0
320.76	35.0
308.76	35.0
315.88	35.0
326.0	35.0
333.0	35.0
338.88	35.0
341.84	35.0
356.32	35.0
365.92	35.0
376.48	35.0
379.2	35.0
387.24	35.0
391.32	35.0
409.24	35.0
412.6	35.0
425.16	35.0
437.08	35.0
460.0	35.0
469.48	35.0
487.12	35.0
513.52	35.0
534.48	35.0
546.88	35.0
561.84	35.0
580.44	35.0
605.4	35.0
629.6	35.0
664.64	35.0
686.44	35.0
1212.04	35.0
1219.92	35.0
1232.64	35.0
1239.44	35.0
1243.44	35.0
1252.52	35.0
1263.36	35.0
1270.0	35.0
1278.0	35.0
1288.48	35.0
345.0	36.0
312.52	36.0
333.28	36.0
502.36	36.0
644.56	36.0
1187.48	36.0
1226.96	36.0
1275.56	36.0
