351.56	1.0
1075.8	1.0
1096.04	1.0
324.88	2.0
333.16	2.0
309.68	2.0
314.6	2.0
317.8	2.0
341.16	2.0
350.96	2.0
473.72	2.0
654.36	2.0
693.48	2.0
938.8	2.0
950.88	2.0
967.52	2.0
1009.56	2.0
1030.28	2.0
1055.88	2.0
1394.44	2.0
1461.8	2.0
327.16	3.0
309.88	3.0
323.52	3.0
343.84	3.0
382.76	3.0
406.76	3.0
468.6	3.0
1007.24	3.0
1013.72	3.0
1043.72	3.0
1063.4	3.0
1072.24	3.0
1079.48	3.0
1102.48	3.0
1312.32	3.0
1395.72	3.0
32.72	4.0
139.36	4.0
202.0	4.0
302.52	4.0
327.88	4.0
339.28	4.0
366.88	4.0
385.76	4.0
476.8	4.0
654.52	4.0
730.44	4.0
994.24	4.0
1057.32	4.0
1074.28	4.0
1101.6	4.0
1177.0	4.0
1390.72	4.0
1049.68	5.0
307.0	5.0
1032.24	5.0
1175.6	5.0
433.12	6.0
307.24	6.0
336.72	6.0
364.64	6.0
710.6	6.0
947.36	6.0
1070.88	6.0
1429.52	6.0
392.08	7.0
1032.48	7.0
340.56	7.0
1019.64	7.0
1061.76	7.0
1128.52	7.0
314.84	8.0
973.36	8.0
36.12	8.0
306.72	8.0
318.96	8.0
324.36	8.0
343.84	8.0
368.64	8.0
410.84	8.0
1010.76	8.0
1049.96	8.0
1074.12	8.0
1108.2	8.0
1250.12	8.0
307.68	9.0
314.64	9.0
1068.52	9.0
44.52	10.0
307.4	10.0
388.0	10.0
767.92	10.0
1010.52	10.0
1084.88	10.0
1156.76	10.0
310.64	10.0
19.16	11.0
409.96	11.0
672.36	11.0
1013.84	11.0
1312.36	11.0
1395.76	11.0
306.56	11.0
312.96	11.0
323.24	11.0
339.84	11.0
348.28	11.0
352.44	11.0
394.56	11.0
973.88	11.0
1000.76	11.0
1010.56	11.0
1058.28	11.0
1078.52	11.0
563.64	12.0
144.88	12.0
307.24	12.0
309.76	12.0
348.6	12.0
414.08	12.0
993.8	12.0
1009.88	12.0
1027.8	12.0
1031.28	12.0
358.56	13.0
388.76	13.0
1061.8	13.0
1003.24	14.0
1026.36	14.0
309.48	14.0
346.68	14.0
393.4	14.0
729.64	14.0
759.6	14.0
1092.84	14.0
308.84	15.0
1024.68	15.0
93.52	16.0
158.4	16.0
309.12	16.0
977.96	16.0
233.12	17.0
309.08	17.0
1120.48	18.0
308.64	19.0
325.08	19.0
337.96	19.0
393.84	19.0
1013.28	20.0
306.4	20.0
318.04	20.0
1042.92	20.0
24.12	21.0
48.76	21.0
58.88	21.0
66.28	21.0
118.44	21.0
150.6	21.0
162.44	21.0
307.8	21.0
311.68	21.0
320.04	21.0
338.68	21.0
347.88	21.0
357.88	21.0
368.8	21.0
387.24	21.0
409.84	21.0
420.32	21.0
436.12	21.0
1000.4	21.0
1003.56	21.0
1015.08	21.0
1025.04	21.0
1031.52	21.0
1036.8	21.0
1045.92	21.0
1048.84	21.0
1062.4	21.0
1071.52	21.0
1096.8	21.0
1119.08	21.0
1141.32	21.0
1175.96	21.0
1218.68	21.0
1257.92	21.0
1264.48	21.0
1386.24	21.0
309.56	22.0
348.08	22.0
1009.0	22.0
323.6	22.0
793.32	22.0
962.0	22.0
971.24	22.0
987.12	22.0
1392.96	22.0
344.2	23.0
408.84	23.0
1030.88	23.0
85.76	23.0
135.36	23.0
230.56	23.0
274.8	23.0
299.52	23.0
307.8	23.0
310.32	23.0
314.32	23.0
324.68	23.0
328.0	23.0
354.32	23.0
472.52	23.0
559.24	23.0
604.32	23.0
650.36	23.0
725.68	23.0
988.8	23.0
1004.76	23.0
1011.0	23.0
1020.64	23.0
1048.76	23.0
1058.56	23.0
1068.72	23.0
1076.0	23.0
1099.56	23.0
1312.56	23.0
1353.16	23.0
1388.04	23.0
369.48	24.0
18.88	24.0
306.48	24.0
319.52	24.0
330.64	24.0
347.44	24.0
379.64	24.0
1003.28	24.0
1016.2	24.0
1033.12	24.0
1045.44	24.0
1050.04	24.0
1077.28	24.0
1102.96	24.0
1187.68	24.0
308.76	25.0
47.88	25.0
454.08	25.0
1289.36	25.0
1020.12	26.0
1077.56	26.0
12.56	26.0
28.04	26.0
61.68	26.0
68.68	26.0
83.68	26.0
100.08	26.0
129.24	26.0
164.6	26.0
198.2	26.0
203.48	26.0
270.24	26.0
308.84	26.0
313.84	26.0
319.48	26.0
330.96	26.0
337.48	26.0
357.76	26.0
370.2	26.0
379.2	26.0
384.8	26.0
399.2	26.0
410.52	26.0
416.44	26.0
445.24	26.0
468.0	26.0
492.8	26.0
531.2	26.0
625.28	26.0
655.08	26.0
701.48	26.0
734.08	26.0
767.4	26.0
820.56	26.0
952.44	26.0
979.16	26.0
990.88	26.0
995.72	26.0
1003.68	26.0
1009.56	26.0
1023.32	26.0
1031.24	26.0
1040.32	26.0
1044.48	26.0
1049.96	26.0
1071.36	26.0
1083.48	26.0
1086.76	26.0
1097.96	26.0
1121.72	26.0
1167.72	26.0
1171.04	26.0
1181.24	26.0
1213.2	26.0
1254.56	26.0
1272.12	26.0
1288.88	26.0
1305.48	26.0
1338.04	26.0
1389.4	26.0
1459.68	26.0
326.88	27.0
342.44	27.0
376.16	27.0
453.92	27.0
1012.32	27.0
307.28	28.0
318.84	28.0
330.92	28.0
340.12	28.0
358.6	28.0
1013.88	28.0
1068.2	28.0
35.6	30.0
72.8	30.0
131.36	30.0
172.64	30.0
323.12	30.0
335.6	30.0
376.92	30.0
439.52	30.0
443.88	30.0
507.68	30.0
627.8	30.0
733.08	30.0
1019.28	30.0
1030.76	30.0
1065.12	30.0
1084.28	30.0
1097.28	30.0
1117.68	30.0
1125.88	30.0
1186.24	30.0
1250.72	30.0
306.56	31.0
335.72	31.0
1023.64	31.0
393.56	33.0
306.88	33.0
1014.96	33.0
311.16	34.0
473.48	34.0
748.96	34.0
1059.8	34.0
1029.36	35.0
1077.48	35.0
81.56	35.0
88.52	35.0
117.6	35.0
164.24	35.0
167.48	35.0
308.64	35.0
319.16	35.0
326.84	35.0
329.8	35.0
342.32	35.0
356.36	35.0
363.08	35.0
382.12	35.0
443.16	35.0
446.28	35.0
558.4	35.0
599.92	35.0
662.44	35.0
694.04	35.0
1008.84	35.0
1021.0	35.0
1041.0	35.0
1049.4	35.0
1060.28	35.0
1068.08	35.0
1073.72	35.0
1081.4	35.0
1089.68	35.0
1131.24	35.0
1169.2	35.0
1191.28	35.0
1244.8	35.0
1320.4	35.0
1380.52	35.0
302.8	36.0
355.36	36.0
1012.12	36.0
1042.2	36.0
