336.0	1.0
311.12	2.0
119.8	2.0
141.0	2.0
153.16	2.0
157.64	2.0
161.84	2.0
165.2	2.0
174.08	2.0
177.96	2.0
180.48	2.0
195.36	2.0
222.88	2.0
308.6	2.0
313.68	2.0
323.92	2.0
332.44	2.0
450.24	2.0
480.64	2.0
504.12	2.0
572.56	2.0
596.84	2.0
890.68	2.0
1005.36	2.0
1148.16	2.0
1444.48	2.0
142.12	3.0
161.12	3.0
314.04	3.0
136.16	3.0
149.12	3.0
157.84	3.0
164.16	3.0
172.56	3.0
177.16	3.0
180.88	3.0
188.76	3.0
192.84	3.0
302.8	3.0
306.12	3.0
309.08	3.0
326.12	3.0
332.6	3.0
448.12	3.0
513.4	3.0
580.52	3.0
680.28	3.0
845.84	3.0
891.16	3.0
933.32	3.0
1035.92	3.0
1126.32	3.0
1196.28	3.0
1440.04	3.0
302.84	4.0
999.0	4.0
144.56	4.0
158.28	4.0
175.8	4.0
184.36	4.0
307.0	4.0
462.92	4.0
612.12	4.0
1338.2	4.0
156.28	5.0
174.88	5.0
306.84	5.0
1387.72	5.0
141.44	6.0
182.16	6.0
318.04	6.0
578.6	6.0
1437.64	6.0
220.48	7.0
138.6	8.0
131.72	8.0
142.16	8.0
181.8	8.0
205.64	8.0
493.68	8.0
1111.92	8.0
1164.88	8.0
141.68	9.0
157.08	9.0
308.04	9.0
138.2	10.0
146.92	10.0
149.92	10.0
249.84	10.0
355.36	10.0
950.92	10.0
967.96	10.0
1009.0	10.0
129.2	10.0
141.24	10.0
158.64	10.0
162.36	10.0
306.2	10.0
311.0	10.0
891.24	10.0
144.4	11.0
180.96	11.0
302.72	11.0
339.32	11.0
448.16	11.0
635.12	11.0
759.72	11.0
933.4	11.0
1035.96	11.0
1309.32	11.0
140.44	11.0
155.96	11.0
159.64	11.0
166.84	11.0
176.12	11.0
192.88	11.0
314.72	11.0
330.44	11.0
137.44	12.0
140.36	12.0
154.92	12.0
157.96	12.0
306.08	12.0
420.8	12.0
859.4	12.0
139.0	13.0
146.16	13.0
161.0	13.0
168.12	13.0
175.0	13.0
183.44	13.0
320.24	13.0
131.68	14.0
169.6	14.0
184.24	14.0
306.52	14.0
784.6	14.0
834.2	14.0
854.52	14.0
892.6	14.0
942.36	14.0
1337.16	14.0
1411.2	14.0
1439.6	14.0
306.28	15.0
148.84	17.0
160.08	17.0
139.24	18.0
162.28	18.0
178.96	18.0
311.24	18.0
145.6	19.0
177.88	19.0
145.28	20.0
302.92	20.0
177.28	20.0
189.8	20.0
905.2	20.0
143.16	21.0
134.48	21.0
138.72	21.0
147.0	21.0
152.44	21.0
161.48	21.0
166.16	21.0
170.2	21.0
174.12	21.0
192.6	21.0
203.28	21.0
214.72	21.0
224.12	21.0
254.2	21.0
272.2	21.0
309.28	21.0
319.44	21.0
340.96	21.0
358.92	21.0
406.44	21.0
464.2	21.0
513.56	21.0
585.36	21.0
675.16	21.0
731.6	21.0
779.8	21.0
849.2	21.0
933.92	21.0
1038.6	21.0
1125.56	21.0
1167.64	21.0
1245.76	21.0
1369.08	21.0
1386.92	21.0
1407.92	21.0
139.0	22.0
147.8	22.0
154.12	22.0
158.64	22.0
225.76	22.0
273.08	22.0
311.0	22.0
313.6	22.0
184.6	23.0
121.84	23.0
125.08	23.0
140.64	23.0
144.4	23.0
148.2	23.0
151.2	23.0
157.92	23.0
163.96	23.0
175.32	23.0
180.56	23.0
202.68	23.0
310.88	23.0
569.12	23.0
598.64	23.0
1255.04	23.0
1334.44	23.0
1342.52	23.0
1379.68	23.0
134.44	24.0
143.76	24.0
151.08	24.0
174.76	24.0
184.52	24.0
198.28	24.0
226.52	24.0
252.92	24.0
332.64	24.0
529.16	24.0
581.28	24.0
588.64	24.0
898.48	24.0
961.16	24.0
1190.48	24.0
136.52	25.0
141.2	25.0
175.0	25.0
153.4	25.0
163.12	26.0
229.52	26.0
325.64	26.0
141.16	26.0
147.04	26.0
155.56	26.0
171.36	26.0
179.72	26.0
191.92	26.0
201.24	26.0
216.72	26.0
220.12	26.0
246.32	26.0
258.04	26.0
283.16	26.0
302.44	26.0
310.08	26.0
314.96	26.0
320.68	26.0
329.56	26.0
383.0	26.0
417.16	26.0
436.84	26.0
454.64	26.0
488.92	26.0
491.88	26.0
507.68	26.0
516.24	26.0
551.12	26.0
579.2	26.0
621.76	26.0
653.0	26.0
667.64	26.0
673.24	26.0
696.84	26.0
711.92	26.0
727.4	26.0
755.28	26.0
767.36	26.0
856.76	26.0
914.0	26.0
919.24	26.0
984.36	26.0
1003.88	26.0
1042.8	26.0
1088.24	26.0
1130.76	26.0
1148.2	26.0
1205.08	26.0
1217.96	26.0
1248.8	26.0
1252.6	26.0
134.8	27.0
234.28	27.0
286.2	27.0
306.6	27.0
320.6	27.0
496.8	27.0
524.0	27.0
556.56	27.0
641.28	27.0
707.88	27.0
1158.68	27.0
307.48	28.0
118.92	28.0
137.88	28.0
141.4	28.0
156.72	28.0
160.6	28.0
178.08	28.0
194.6	28.0
322.16	28.0
162.64	29.0
317.52	29.0
143.28	30.0
155.24	30.0
164.24	30.0
176.56	30.0
192.84	30.0
202.68	30.0
299.24	30.0
493.72	30.0
581.6	30.0
698.32	30.0
780.16	30.0
839.2	30.0
920.6	30.0
1001.84	30.0
1097.4	30.0
1116.16	30.0
1162.64	30.0
1224.24	30.0
1448.68	30.0
145.44	31.0
155.84	31.0
161.8	31.0
188.8	31.0
311.12	31.0
154.08	33.0
578.92	33.0
156.88	33.0
231.96	33.0
137.68	34.0
175.8	34.0
578.68	34.0
730.88	34.0
1017.24	34.0
1344.52	34.0
148.68	35.0
174.64	35.0
135.6	35.0
145.24	35.0
155.92	35.0
164.16	35.0
179.08	35.0
185.4	35.0
202.56	35.0
233.88	35.0
308.56	35.0
315.44	35.0
328.48	35.0
348.88	35.0
359.68	35.0
399.48	35.0
441.12	35.0
445.68	35.0
449.2	35.0
494.92	35.0
579.12	35.0
604.88	35.0
673.6	35.0
733.68	35.0
814.56	35.0
854.44	35.0
878.84	35.0
1095.32	35.0
1178.92	35.0
1227.12	35.0
1295.4	35.0
1369.36	35.0
1393.76	35.0
523.56	36.0
137.84	36.0
302.56	36.0
1162.84	36.0
