277.28	1.0
312.4	1.0
323.68	2.0
388.68	2.0
613.08	2.0
55.44	2.0
133.76	2.0
139.68	2.0
168.72	2.0
212.16	2.0
273.52	2.0
277.68	2.0
303.0	2.0
311.24	2.0
313.76	2.0
365.88	2.0
470.56	2.0
664.76	2.0
187.56	3.0
240.76	3.0
311.44	3.0
315.36	3.0
325.6	3.0
329.2	3.0
342.12	3.0
455.32	3.0
302.92	4.0
612.84	4.0
312.04	5.0
13.32	6.0
108.28	6.0
196.04	6.0
316.44	6.0
664.76	6.0
733.0	6.0
340.08	7.0
397.96	7.0
322.68	8.0
348.8	8.0
55.4	9.0
318.16	9.0
323.56	9.0
329.16	9.0
246.92	10.0
277.4	10.0
481.04	10.0
310.76	10.0
317.12	10.0
326.08	10.0
187.56	11.0
282.76	11.0
310.96	11.0
314.88	11.0
323.44	11.0
24.28	12.0
88.64	12.0
125.0	12.0
158.12	12.0
225.28	12.0
292.92	12.0
329.56	12.0
349.36	12.0
316.48	13.0
310.68	13.0
323.84	13.0
334.68	13.0
322.48	14.0
84.52	14.0
192.48	14.0
240.96	14.0
267.56	14.0
314.56	14.0
332.92	14.0
340.16	14.0
391.32	14.0
708.52	14.0
325.36	16.0
359.72	16.0
81.16	20.0
314.64	20.0
324.52	20.0
575.72	20.0
342.64	21.0
48.96	21.0
82.16	21.0
245.96	21.0
250.56	21.0
282.84	21.0
309.68	21.0
312.56	21.0
315.44	21.0
318.44	21.0
323.44	21.0
330.52	21.0
337.72	21.0
346.52	21.0
362.8	21.0
375.92	21.0
387.24	21.0
427.92	21.0
481.48	21.0
541.44	21.0
311.48	22.0
333.72	22.0
608.64	22.0
310.24	23.0
314.16	23.0
322.68	23.0
332.44	23.0
349.12	23.0
429.96	23.0
562.56	23.0
593.12	23.0
610.12	23.0
238.16	24.0
324.72	24.0
347.2	24.0
359.04	24.0
50.28	26.0
65.36	26.0
112.76	26.0
133.96	26.0
178.08	26.0
193.44	26.0
214.64	26.0
218.4	26.0
245.32	26.0
314.36	26.0
320.68	26.0
327.32	26.0
334.0	26.0
345.96	26.0
359.08	26.0
372.64	26.0
375.48	26.0
383.64	26.0
411.96	26.0
427.8	26.0
437.56	26.0
449.08	26.0
478.16	26.0
486.8	26.0
510.04	26.0
537.2	26.0
540.56	26.0
557.68	26.0
607.84	26.0
658.6	26.0
419.92	27.0
487.12	27.0
317.8	28.0
323.2	28.0
328.8	28.0
338.72	28.0
340.12	29.0
47.72	30.0
323.04	30.0
334.24	30.0
395.88	30.0
428.12	30.0
318.76	31.0
341.68	33.0
314.68	33.0
311.76	34.0
348.6	35.0
63.72	35.0
225.92	35.0
296.52	35.0
316.32	35.0
320.56	35.0
326.0	35.0
330.96	35.0
337.92	35.0
342.6	35.0
360.72	35.0
375.12	35.0
481.44	35.0
511.96	35.0
571.68	35.0
302.76	36.0
