311.72	1.0
328.36	1.0
333.04	1.0
323.92	2.0
309.44	2.0
313.04	2.0
317.36	2.0
326.64	2.0
331.88	2.0
337.28	2.0
340.92	2.0
344.72	2.0
348.12	2.0
351.92	2.0
361.6	2.0
374.76	2.0
383.12	2.0
410.12	2.0
482.12	2.0
522.24	2.0
639.12	2.0
693.8	2.0
808.0	2.0
811.36	2.0
945.76	2.0
1080.64	2.0
1144.12	2.0
345.28	3.0
350.44	3.0
353.12	3.0
310.92	3.0
317.56	3.0
326.16	3.0
329.92	3.0
333.84	3.0
336.6	3.0
339.16	3.0
361.12	3.0
363.92	3.0
403.56	3.0
410.24	3.0
511.32	3.0
571.72	3.0
723.56	3.0
784.04	3.0
929.84	3.0
1030.64	3.0
1270.72	3.0
303.0	4.0
328.28	4.0
325.52	5.0
361.12	5.0
319.24	5.0
335.16	5.0
321.6	6.0
361.08	6.0
579.36	6.0
808.84	6.0
312.56	7.0
334.0	7.0
598.64	7.0
317.28	7.0
312.76	8.0
318.08	8.0
327.2	8.0
330.28	8.0
342.0	8.0
310.24	9.0
328.32	9.0
327.68	10.0
333.64	10.0
476.24	10.0
853.04	10.0
312.72	10.0
323.96	10.0
337.4	10.0
312.84	11.0
344.56	11.0
363.96	11.0
453.4	11.0
483.4	11.0
723.56	11.0
1030.64	11.0
310.08	11.0
316.76	11.0
319.48	11.0
326.12	11.0
333.96	11.0
337.4	11.0
352.52	11.0
368.68	11.0
407.44	11.0
850.28	11.0
312.76	12.0
339.08	12.0
360.76	12.0
774.4	12.0
318.6	13.0
322.32	13.0
328.0	13.0
330.72	13.0
334.68	13.0
339.92	13.0
351.48	13.0
453.68	13.0
517.4	13.0
861.28	13.0
321.08	14.0
334.76	14.0
615.4	14.0
765.2	14.0
886.56	14.0
1228.8	14.0
335.52	15.0
400.84	16.0
1236.44	16.0
341.16	18.0
313.96	18.0
310.44	19.0
309.0	21.0
312.84	21.0
316.68	21.0
324.24	21.0
327.52	21.0
338.56	21.0
342.88	21.0
352.44	21.0
365.96	21.0
393.48	21.0
404.2	21.0
412.48	21.0
453.24	21.0
469.28	21.0
503.48	21.0
514.44	21.0
555.04	21.0
684.8	21.0
699.32	21.0
711.72	21.0
761.92	21.0
812.56	21.0
854.92	21.0
939.72	21.0
1061.32	21.0
1105.16	21.0
319.32	22.0
309.24	22.0
312.76	22.0
323.76	22.0
334.72	22.0
350.12	22.0
375.36	22.0
309.88	23.0
313.44	23.0
317.6	23.0
321.64	23.0
334.16	23.0
337.36	23.0
348.44	23.0
357.4	23.0
360.0	23.0
810.04	23.0
313.0	24.0
322.52	24.0
351.2	24.0
359.56	24.0
374.52	24.0
390.32	24.0
466.0	24.0
512.96	24.0
798.76	24.0
850.28	24.0
919.68	24.0
322.76	25.0
318.92	25.0
326.0	25.0
335.36	25.0
350.28	25.0
347.12	26.0
309.32	26.0
314.28	26.0
319.92	26.0
324.24	26.0
329.28	26.0
333.56	26.0
339.68	26.0
344.04	26.0
351.28	26.0
360.36	26.0
370.6	26.0
401.08	26.0
420.16	26.0
427.08	26.0
449.2	26.0
525.64	26.0
546.0	26.0
595.6	26.0
652.4	26.0
692.68	26.0
729.48	26.0
766.04	26.0
791.68	26.0
837.84	26.0
848.92	26.0
898.72	26.0
919.76	26.0
969.2	26.0
972.96	26.0
1001.12	26.0
1017.12	26.0
1055.08	26.0
1075.16	26.0
1128.28	26.0
1189.48	26.0
469.4	27.0
666.04	27.0
802.0	27.0
313.6	28.0
316.44	28.0
322.08	28.0
328.88	28.0
342.64	28.0
351.96	28.0
797.36	29.0
328.16	29.0
340.04	29.0
313.16	30.0
316.96	30.0
326.36	30.0
343.72	30.0
346.44	30.0
373.96	30.0
408.36	30.0
428.92	30.0
456.72	30.0
532.52	30.0
710.44	30.0
759.64	30.0
811.64	30.0
874.96	30.0
316.48	31.0
329.32	31.0
327.92	33.0
678.28	33.0
309.64	34.0
312.64	34.0
323.24	34.0
311.28	35.0
315.2	35.0
319.08	35.0
326.0	35.0
330.12	35.0
335.44	35.0
338.4	35.0
342.44	35.0
346.96	35.0
350.0	35.0
356.32	35.0
363.08	35.0
406.64	35.0
525.04	35.0
575.88	35.0
629.04	35.0
822.2	35.0
829.08	35.0
839.64	35.0
901.72	35.0
1241.2	35.0
1284.0	35.0
322.76	36.0
302.68	36.0
