701.48	1.0
320.16	1.0
351.2	1.0
371.24	1.0
316.16	2.0
35.96	2.0
92.56	2.0
303.0	2.0
310.32	2.0
312.84	2.0
319.36	2.0
326.52	2.0
331.36	2.0
335.32	2.0
339.0	2.0
347.96	2.0
351.56	2.0
366.44	2.0
386.8	2.0
393.88	2.0
410.96	2.0
470.72	2.0
522.76	2.0
311.32	3.0
315.0	3.0
321.88	3.0
80.12	3.0
327.88	3.0
331.24	3.0
353.72	3.0
366.56	3.0
370.4	3.0
376.04	3.0
391.84	3.0
443.12	3.0
490.72	3.0
497.0	3.0
551.28	3.0
781.8	3.0
882.56	3.0
302.96	4.0
332.48	4.0
352.68	4.0
555.36	4.0
810.6	4.0
310.76	4.0
336.6	5.0
421.08	5.0
555.72	5.0
471.4	6.0
320.08	6.0
356.68	6.0
655.36	6.0
740.04	6.0
322.6	7.0
339.48	7.0
325.12	7.0
365.56	7.0
377.68	7.0
391.4	7.0
411.72	7.0
430.28	7.0
526.6	7.0
848.52	7.0
550.32	8.0
312.92	8.0
323.08	8.0
335.48	8.0
367.12	8.0
395.84	8.0
311.6	9.0
330.48	9.0
352.92	9.0
359.2	10.0
311.76	10.0
315.0	10.0
319.84	10.0
326.76	10.0
331.28	10.0
336.24	10.0
348.36	10.0
333.72	11.0
370.48	11.0
558.0	11.0
781.84	11.0
310.16	11.0
319.4	11.0
329.36	11.0
345.88	11.0
373.64	11.0
394.96	11.0
414.36	11.0
494.92	11.0
625.92	11.0
735.72	11.0
324.24	12.0
332.4	12.0
339.32	12.0
365.36	12.0
309.96	13.0
313.4	13.0
317.72	13.0
321.72	13.0
327.12	13.0
331.0	13.0
338.72	13.0
354.44	13.0
365.96	13.0
399.76	13.0
562.72	13.0
223.08	14.0
275.6	14.0
315.96	14.0
319.96	14.0
335.72	14.0
357.08	14.0
390.48	14.0
328.48	15.0
400.44	16.0
437.92	16.0
372.84	18.0
312.88	18.0
412.08	19.0
348.88	20.0
365.56	20.0
323.48	20.0
327.32	20.0
331.24	20.0
384.64	21.0
312.2	21.0
314.76	21.0
320.96	21.0
329.36	21.0
331.88	21.0
337.0	21.0
341.2	21.0
347.04	21.0
353.36	21.0
358.88	21.0
369.76	21.0
380.16	21.0
390.32	21.0
398.84	21.0
409.52	21.0
421.68	21.0
442.0	21.0
517.0	21.0
555.92	21.0
562.32	21.0
630.48	21.0
311.16	22.0
313.68	22.0
319.08	22.0
330.64	22.0
352.28	22.0
704.32	22.0
350.92	23.0
87.52	23.0
311.04	23.0
313.92	23.0
318.68	23.0
324.08	23.0
329.36	23.0
332.64	23.0
339.12	23.0
354.12	23.0
359.52	23.0
622.92	23.0
8.12	24.0
313.84	24.0
321.88	24.0
329.92	24.0
337.64	24.0
344.56	24.0
351.44	24.0
355.64	24.0
388.6	24.0
395.64	24.0
398.32	24.0
422.2	24.0
323.12	25.0
332.12	25.0
395.92	25.0
319.28	25.0
622.88	25.0
37.28	26.0
42.28	26.0
81.28	26.0
125.64	26.0
159.96	26.0
299.04	26.0
309.36	26.0
314.28	26.0
320.72	26.0
331.08	26.0
334.0	26.0
336.92	26.0
342.6	26.0
348.32	26.0
354.04	26.0
358.44	26.0
363.92	26.0
377.4	26.0
381.2	26.0
387.56	26.0
399.8	26.0
406.0	26.0
420.92	26.0
434.56	26.0
439.48	26.0
445.88	26.0
453.16	26.0
460.4	26.0
469.8	26.0
476.68	26.0
496.24	26.0
560.12	26.0
577.48	26.0
589.76	26.0
606.2	26.0
617.8	26.0
627.44	26.0
653.04	26.0
734.12	26.0
760.48	26.0
837.96	26.0
876.16	26.0
904.56	26.0
323.28	27.0
370.68	27.0
510.64	27.0
579.28	27.0
640.44	27.0
691.16	27.0
709.64	27.0
759.6	27.0
311.04	28.0
352.36	28.0
718.56	28.0
316.04	28.0
322.48	28.0
327.76	28.0
338.08	28.0
380.28	28.0
396.92	28.0
379.8	29.0
812.76	29.0
312.16	30.0
318.76	30.0
331.16	30.0
334.56	30.0
346.4	30.0
352.52	30.0
360.44	30.0
366.04	30.0
388.8	30.0
415.48	30.0
583.16	30.0
661.8	30.0
745.64	30.0
802.84	30.0
312.28	31.0
319.92	31.0
330.08	31.0
341.68	31.0
353.64	31.0
362.24	31.0
395.16	31.0
325.68	33.0
332.04	33.0
354.2	33.0
311.08	33.0
370.92	33.0
385.16	33.0
328.68	34.0
315.8	34.0
332.48	34.0
337.64	34.0
330.6	35.0
55.32	35.0
313.44	35.0
319.64	35.0
322.36	35.0
328.08	35.0
334.72	35.0
341.24	35.0
346.28	35.0
350.76	35.0
354.4	35.0
360.08	35.0
370.4	35.0
380.36	35.0
384.4	35.0
399.4	35.0
409.72	35.0
302.84	36.0
312.68	36.0
