307.48	1.0
314.44	1.0
321.24	1.0
327.08	1.0
1046.8	1.0
1109.68	1.0
306.68	2.0
309.2	2.0
331.48	2.0
262.48	2.0
299.6	2.0
303.0	2.0
313.2	2.0
319.24	2.0
324.28	2.0
328.24	2.0
334.2	2.0
338.68	2.0
342.76	2.0
365.24	2.0
828.68	2.0
881.72	2.0
896.72	2.0
937.88	2.0
969.28	2.0
1066.48	2.0
1069.64	2.0
1110.08	2.0
1174.96	2.0
1206.64	2.0
1209.8	2.0
1234.36	2.0
1286.28	2.0
1308.96	2.0
1339.44	2.0
306.6	3.0
365.76	3.0
302.84	3.0
309.12	3.0
312.76	3.0
315.44	3.0
318.76	3.0
327.6	3.0
330.2	3.0
341.88	3.0
347.44	3.0
358.6	3.0
404.76	3.0
435.72	3.0
909.0	3.0
926.56	3.0
1069.4	3.0
1089.2	3.0
1104.84	3.0
1204.16	3.0
1208.32	3.0
1242.28	3.0
1283.96	3.0
1368.16	3.0
1380.0	3.0
306.48	4.0
325.64	4.0
342.48	4.0
307.0	5.0
325.16	5.0
331.32	5.0
308.52	6.0
341.84	6.0
1285.84	6.0
311.84	6.0
322.6	6.0
370.84	6.0
538.64	6.0
576.44	6.0
630.44	6.0
842.92	6.0
1106.44	6.0
1255.24	6.0
1335.96	6.0
336.88	7.0
1021.44	7.0
320.12	7.0
530.64	7.0
961.04	7.0
1037.8	7.0
1078.52	7.0
1319.6	7.0
553.72	8.0
835.64	8.0
309.2	8.0
313.12	8.0
327.12	8.0
329.88	8.0
346.96	8.0
365.04	8.0
1181.16	8.0
1242.84	8.0
1256.6	8.0
291.88	9.0
307.52	10.0
324.2	10.0
331.24	10.0
539.6	10.0
215.36	10.0
251.88	10.0
313.8	10.0
327.56	10.0
351.8	10.0
989.48	10.0
1145.36	10.0
1291.28	10.0
333.96	11.0
410.72	11.0
926.6	11.0
1158.4	11.0
1218.64	11.0
1380.04	11.0
268.88	11.0
306.44	11.0
313.08	11.0
319.8	11.0
329.68	11.0
336.52	11.0
353.8	11.0
407.88	11.0
913.08	11.0
1066.56	11.0
1118.44	11.0
1204.28	11.0
1208.28	11.0
247.48	12.0
967.6	12.0
306.08	12.0
328.52	12.0
337.08	12.0
365.4	12.0
954.36	12.0
315.52	13.0
331.08	13.0
335.8	13.0
356.72	13.0
396.84	13.0
1207.16	13.0
1286.84	13.0
1344.16	13.0
323.52	14.0
338.76	14.0
742.08	14.0
997.28	14.0
1159.16	14.0
1206.24	14.0
1266.16	14.0
307.96	15.0
1148.48	15.0
389.92	16.0
307.88	17.0
343.12	17.0
311.6	18.0
327.48	18.0
341.68	18.0
314.88	18.0
323.68	19.0
1242.24	19.0
1196.24	20.0
320.4	20.0
417.32	20.0
1118.84	20.0
1271.96	20.0
326.6	21.0
309.68	21.0
313.76	21.0
329.84	21.0
333.24	21.0
339.52	21.0
342.72	21.0
356.48	21.0
365.56	21.0
383.36	21.0
471.12	21.0
565.0	21.0
597.04	21.0
709.24	21.0
934.44	21.0
970.28	21.0
1106.16	21.0
1160.32	21.0
1176.88	21.0
1182.36	21.0
1196.64	21.0
1233.32	21.0
1241.48	21.0
1255.44	21.0
1265.36	21.0
1290.88	21.0
1348.32	21.0
1387.08	21.0
306.52	22.0
237.32	22.0
248.76	22.0
311.24	22.0
319.84	22.0
326.52	22.0
339.92	22.0
1204.76	22.0
1236.2	22.0
1221.48	23.0
261.2	23.0
308.32	23.0
312.84	23.0
321.72	23.0
328.28	23.0
337.44	23.0
348.76	23.0
365.0	23.0
1002.36	23.0
1137.72	23.0
1205.8	23.0
1209.68	23.0
1217.12	23.0
1240.36	23.0
1245.04	23.0
307.0	24.0
315.68	24.0
327.8	24.0
343.64	24.0
364.36	24.0
476.24	24.0
1155.92	24.0
1188.68	24.0
1200.68	24.0
1233.44	24.0
1251.88	24.0
1290.4	24.0
1326.36	24.0
317.88	25.0
343.92	25.0
308.48	26.0
315.96	26.0
321.76	26.0
329.4	26.0
334.52	26.0
343.84	26.0
349.8	26.0
355.52	26.0
360.92	26.0
367.04	26.0
377.12	26.0
386.16	26.0
389.0	26.0
400.92	26.0
415.16	26.0
418.0	26.0
424.88	26.0
433.84	26.0
449.6	26.0
457.44	26.0
475.12	26.0
492.4	26.0
529.48	26.0
562.04	26.0
577.68	26.0
593.6	26.0
612.0	26.0
634.0	26.0
651.68	26.0
713.56	26.0
757.64	26.0
773.88	26.0
794.08	26.0
818.48	26.0
859.92	26.0
883.72	26.0
951.48	26.0
983.88	26.0
1014.0	26.0
1030.72	26.0
1034.48	26.0
1049.28	26.0
1063.36	26.0
1096.96	26.0
1110.12	26.0
1129.28	26.0
1147.48	26.0
1170.0	26.0
1186.56	26.0
1196.12	26.0
1205.0	26.0
1222.96	26.0
1231.76	26.0
1244.24	26.0
1266.8	26.0
1286.56	26.0
1293.2	26.0
1306.72	26.0
1318.04	26.0
1320.6	26.0
1331.4	26.0
1356.04	26.0
1363.28	26.0
1383.8	26.0
310.2	27.0
1204.24	27.0
1308.96	27.0
1387.88	27.0
291.6	28.0
306.88	28.0
310.76	28.0
315.0	28.0
322.04	28.0
334.4	28.0
340.8	28.0
970.0	28.0
1065.0	28.0
1143.04	28.0
1191.04	28.0
309.4	29.0
340.6	29.0
315.88	30.0
326.32	30.0
334.28	30.0
344.76	30.0
359.84	30.0
365.04	30.0
385.68	30.0
1217.12	30.0
1220.48	30.0
1299.8	30.0
1380.88	30.0
306.16	31.0
320.0	31.0
334.44	31.0
338.52	31.0
354.88	31.0
929.56	31.0
1259.88	31.0
306.72	33.0
309.64	33.0
328.2	33.0
1194.76	33.0
342.44	33.0
315.72	34.0
306.92	34.0
318.76	34.0
307.8	35.0
313.56	35.0
317.72	35.0
326.56	35.0
331.24	35.0
333.96	35.0
342.0	35.0
351.56	35.0
366.32	35.0
403.48	35.0
425.76	35.0
984.0	35.0
1104.52	35.0
1113.72	35.0
1136.76	35.0
1158.0	35.0
1164.16	35.0
1196.92	35.0
1205.72	35.0
1214.24	35.0
1221.32	35.0
1244.08	35.0
1340.28	35.0
302.8	36.0
327.08	36.0
