99.6	1.0
307.88	1.0
1066.36	1.0
153.32	2.0
165.12	2.0
218.28	2.0
306.8	2.0
310.84	2.0
318.56	2.0
321.36	2.0
338.28	2.0
451.72	2.0
644.4	2.0
681.48	2.0
748.8	2.0
847.88	2.0
885.0	2.0
902.44	2.0
1035.2	2.0
1043.2	2.0
1051.76	2.0
1133.32	2.0
1233.28	2.0
1259.08	2.0
29.84	3.0
131.92	3.0
247.28	3.0
306.32	3.0
308.88	3.0
311.64	3.0
321.52	3.0
326.8	3.0
338.24	3.0
345.68	3.0
437.08	3.0
818.44	3.0
841.32	3.0
911.68	3.0
953.08	3.0
1029.72	3.0
1163.84	3.0
1234.88	3.0
1294.28	3.0
332.92	4.0
347.68	4.0
1067.16	4.0
307.88	5.0
321.12	6.0
604.72	6.0
856.36	6.0
1027.16	6.0
1294.64	6.0
1368.0	6.0
275.88	7.0
1215.72	7.0
349.24	7.0
377.84	7.0
419.56	7.0
877.96	7.0
3.0	8.0
148.96	8.0
309.04	8.0
314.12	8.0
791.4	8.0
958.04	8.0
997.0	8.0
1033.12	8.0
290.32	9.0
308.32	9.0
836.76	9.0
989.76	9.0
1035.8	9.0
1110.92	9.0
352.92	10.0
1164.84	10.0
239.24	10.0
310.04	10.0
321.56	10.0
338.28	10.0
799.52	10.0
958.56	10.0
1056.68	10.0
1185.8	10.0
1300.64	10.0
1381.28	10.0
22.08	11.0
147.88	11.0
279.2	11.0
309.96	11.0
355.12	11.0
818.4	11.0
911.68	11.0
1048.6	11.0
1294.32	11.0
321.4	11.0
986.16	11.0
679.56	12.0
306.32	12.0
309.48	12.0
319.84	12.0
1069.48	12.0
306.08	13.0
310.92	13.0
326.24	13.0
331.32	13.0
708.4	13.0
882.12	13.0
298.48	14.0
307.48	14.0
322.36	14.0
836.76	14.0
25.8	15.0
685.24	16.0
322.88	18.0
306.04	18.0
1025.84	20.0
1235.76	20.0
905.6	21.0
38.96	21.0
78.12	21.0
121.72	21.0
190.6	21.0
224.76	21.0
286.96	21.0
309.56	21.0
312.08	21.0
326.08	21.0
332.96	21.0
347.0	21.0
371.56	21.0
404.24	21.0
445.88	21.0
479.44	21.0
523.04	21.0
684.08	21.0
798.88	21.0
816.36	21.0
842.24	21.0
880.52	21.0
898.64	21.0
958.0	21.0
970.96	21.0
991.8	21.0
1001.76	21.0
1028.6	21.0
1037.28	21.0
1057.32	21.0
1085.88	21.0
1118.84	21.0
1126.92	21.0
1248.52	21.0
1309.12	21.0
115.2	22.0
306.92	22.0
319.08	22.0
348.28	22.0
795.88	22.0
1345.92	22.0
306.68	23.0
1037.84	23.0
167.56	23.0
310.56	23.0
317.56	23.0
332.24	23.0
349.4	23.0
418.88	23.0
882.36	23.0
922.28	23.0
998.92	23.0
1015.08	23.0
1069.28	23.0
1212.28	23.0
1371.64	23.0
73.68	24.0
222.28	24.0
307.12	24.0
327.8	24.0
339.48	24.0
366.92	24.0
829.04	24.0
882.72	24.0
892.28	24.0
965.28	24.0
1007.6	24.0
1037.0	24.0
1070.64	24.0
332.68	25.0
16.96	26.0
29.68	26.0
42.6	26.0
62.96	26.0
78.44	26.0
87.08	26.0
105.84	26.0
113.04	26.0
120.44	26.0
139.96	26.0
148.44	26.0
189.88	26.0
200.96	26.0
218.76	26.0
298.8	26.0
309.8	26.0
314.48	26.0
321.24	26.0
328.64	26.0
343.08	26.0
352.64	26.0
374.76	26.0
379.8	26.0
389.0	26.0
409.96	26.0
466.04	26.0
478.28	26.0
502.36	26.0
562.28	26.0
570.88	26.0
617.96	26.0
630.84	26.0
667.44	26.0
701.08	26.0
711.52	26.0
731.28	26.0
755.6	26.0
783.72	26.0
797.32	26.0
809.6	26.0
817.68	26.0
822.24	26.0
826.88	26.0
853.24	26.0
865.4	26.0
894.2	26.0
905.36	26.0
934.6	26.0
954.84	26.0
960.04	26.0
966.68	26.0
973.2	26.0
987.12	26.0
1006.4	26.0
1009.44	26.0
1017.92	26.0
1025.24	26.0
1030.36	26.0
1036.8	26.0
1046.2	26.0
1060.6	26.0
1081.04	26.0
1108.48	26.0
1127.32	26.0
1134.72	26.0
1164.76	26.0
1188.96	26.0
1191.52	26.0
1223.08	26.0
1236.48	26.0
1257.8	26.0
1260.56	26.0
1274.28	26.0
1298.32	26.0
1345.48	26.0
1369.88	26.0
1378.16	26.0
65.96	27.0
247.32	27.0
883.24	27.0
1193.12	27.0
1356.12	27.0
290.0	28.0
306.4	28.0
313.92	28.0
324.44	28.0
338.36	28.0
615.48	28.0
701.88	28.0
836.44	28.0
1236.44	28.0
1382.76	28.0
289.8	29.0
306.12	30.0
323.6	30.0
349.0	30.0
358.8	30.0
508.4	30.0
780.04	30.0
881.28	30.0
1037.4	30.0
1057.84	30.0
1090.32	30.0
1160.52	30.0
1235.92	30.0
311.24	31.0
1081.56	31.0
916.24	32.0
309.68	33.0
381.36	33.0
957.44	33.0
318.8	33.0
333.72	33.0
317.24	34.0
311.96	34.0
306.76	35.0
309.4	35.0
1014.76	35.0
100.04	35.0
219.48	35.0
289.28	35.0
319.52	35.0
325.36	35.0
331.12	35.0
339.32	35.0
347.92	35.0
356.68	35.0
775.24	35.0
815.52	35.0
821.32	35.0
849.88	35.0
909.16	35.0
922.16	35.0
944.72	35.0
995.0	35.0
1029.92	35.0
1051.12	35.0
1323.4	35.0
302.84	36.0
354.84	36.0
