1079.12	1.0
1165.56	1.0
309.44	2.0
311.96	2.0
324.4	2.0
8.2	2.0
33.04	2.0
38.56	2.0
45.56	2.0
92.04	2.0
111.64	2.0
117.16	2.0
135.08	2.0
167.4	2.0
170.36	2.0
214.48	2.0
248.6	2.0
265.24	2.0
302.96	2.0
306.28	2.0
315.24	2.0
332.08	2.0
928.84	2.0
952.56	2.0
979.76	2.0
995.76	2.0
1060.68	2.0
1077.4	2.0
1101.44	2.0
1160.72	2.0
1165.92	2.0
1307.44	2.0
1385.12	2.0
1101.8	3.0
79.28	3.0
165.72	3.0
176.92	3.0
227.6	3.0
298.04	3.0
308.84	3.0
328.8	3.0
882.96	3.0
902.72	3.0
926.24	3.0
971.28	3.0
979.48	3.0
1032.28	3.0
327.68	4.0
307.56	5.0
311.68	5.0
966.16	6.0
138.92	6.0
256.72	6.0
330.6	6.0
1113.4	6.0
1216.04	6.0
293.36	7.0
1196.36	7.0
178.68	7.0
243.32	7.0
252.04	7.0
309.48	7.0
329.96	7.0
371.64	7.0
1076.6	7.0
955.2	8.0
254.6	8.0
276.16	8.0
306.44	8.0
313.8	8.0
325.28	8.0
334.68	8.0
877.92	8.0
974.52	8.0
996.76	8.0
1040.0	8.0
1146.56	8.0
1296.92	8.0
1380.68	8.0
35.68	9.0
118.36	9.0
308.0	9.0
881.24	9.0
887.24	10.0
928.48	10.0
1098.96	10.0
1189.0	10.0
1318.24	10.0
78.2	10.0
200.6	10.0
306.52	10.0
309.16	10.0
311.72	10.0
966.8	10.0
1024.08	10.0
1067.0	10.0
1219.92	10.0
1311.36	10.0
113.88	11.0
255.8	11.0
306.36	11.0
1065.68	11.0
1317.52	11.0
42.08	11.0
45.8	11.0
128.64	11.0
170.08	11.0
217.48	11.0
222.48	11.0
228.32	11.0
311.8	11.0
328.12	11.0
863.08	11.0
929.52	11.0
974.48	11.0
990.04	11.0
1094.88	11.0
1101.2	11.0
1135.56	11.0
1167.64	11.0
1343.32	11.0
263.64	12.0
308.28	12.0
900.0	12.0
997.04	12.0
1190.32	12.0
1368.68	12.0
206.76	13.0
226.4	13.0
228.92	13.0
296.28	13.0
322.68	13.0
333.72	13.0
348.96	13.0
956.36	13.0
1014.64	13.0
1100.28	13.0
1345.8	13.0
197.84	14.0
321.48	14.0
334.08	14.0
990.32	14.0
1079.6	14.0
1126.96	14.0
37.6	15.0
309.36	15.0
882.88	15.0
1151.2	15.0
535.32	16.0
1223.88	16.0
931.28	18.0
1147.2	19.0
216.52	20.0
315.36	20.0
975.12	20.0
1220.64	20.0
318.4	21.0
1217.72	21.0
19.36	21.0
115.88	21.0
149.08	21.0
169.48	21.0
179.08	21.0
196.92	21.0
216.72	21.0
228.92	21.0
232.12	21.0
244.08	21.0
277.88	21.0
291.16	21.0
299.76	21.0
309.52	21.0
331.32	21.0
337.96	21.0
351.52	21.0
383.08	21.0
400.92	21.0
906.2	21.0
922.72	21.0
934.04	21.0
937.68	21.0
951.64	21.0
966.28	21.0
979.8	21.0
994.28	21.0
1016.72	21.0
1042.96	21.0
1066.56	21.0
1102.44	21.0
1106.8	21.0
1127.64	21.0
1160.4	21.0
1173.36	21.0
1214.6	21.0
1262.96	21.0
1317.16	21.0
1340.6	21.0
1348.64	21.0
1353.16	21.0
147.32	22.0
230.12	22.0
309.6	22.0
312.72	22.0
323.64	22.0
900.0	22.0
902.76	22.0
948.92	22.0
999.28	22.0
1064.8	22.0
1100.84	22.0
1167.08	22.0
1062.76	23.0
45.16	23.0
89.88	23.0
129.76	23.0
148.32	23.0
177.68	23.0
191.76	23.0
200.0	23.0
215.52	23.0
266.68	23.0
306.24	23.0
309.44	23.0
315.28	23.0
317.84	23.0
326.92	23.0
332.96	23.0
885.48	23.0
914.16	23.0
954.4	23.0
967.32	23.0
973.6	23.0
1010.08	23.0
1015.6	23.0
1041.0	23.0
1100.24	23.0
1147.76	23.0
1380.32	23.0
131.28	24.0
174.4	24.0
195.24	24.0
250.04	24.0
282.12	24.0
306.2	24.0
316.44	24.0
329.4	24.0
361.64	24.0
934.28	24.0
960.08	24.0
964.08	24.0
998.08	24.0
1009.12	24.0
1018.64	24.0
1038.12	24.0
1068.04	24.0
1071.08	24.0
1078.8	24.0
1086.2	24.0
1188.04	24.0
1196.08	24.0
195.44	25.0
960.28	25.0
1079.08	25.0
287.84	26.0
6.4	26.0
18.76	26.0
40.44	26.0
78.28	26.0
86.44	26.0
106.44	26.0
115.0	26.0
135.8	26.0
141.04	26.0
148.8	26.0
162.44	26.0
179.24	26.0
198.56	26.0
208.44	26.0
219.8	26.0
229.32	26.0
235.04	26.0
250.36	26.0
265.76	26.0
276.6	26.0
292.08	26.0
312.08	26.0
317.6	26.0
324.28	26.0
333.4	26.0
342.72	26.0
350.92	26.0
357.56	26.0
361.92	26.0
369.28	26.0
393.72	26.0
409.92	26.0
419.52	26.0
436.44	26.0
448.44	26.0
461.36	26.0
470.96	26.0
490.48	26.0
535.28	26.0
616.6	26.0
817.04	26.0
843.64	26.0
866.64	26.0
907.8	26.0
919.72	26.0
937.16	26.0
944.4	26.0
959.6	26.0
967.96	26.0
971.0	26.0
985.12	26.0
998.68	26.0
1009.8	26.0
1017.88	26.0
1022.2	26.0
1031.24	26.0
1046.56	26.0
1053.16	26.0
1071.36	26.0
1076.28	26.0
1091.68	26.0
1098.76	26.0
1105.48	26.0
1120.08	26.0
1127.68	26.0
1139.2	26.0
1145.92	26.0
1150.08	26.0
1169.56	26.0
1178.76	26.0
1183.8	26.0
1192.4	26.0
1203.36	26.0
1209.0	26.0
1219.68	26.0
1243.0	26.0
1256.48	26.0
1263.28	26.0
1296.52	26.0
1304.8	26.0
1321.72	26.0
1326.04	26.0
1370.12	26.0
1374.96	26.0
312.72	27.0
959.32	27.0
1192.0	27.0
1264.36	27.0
308.28	28.0
35.36	28.0
209.72	28.0
313.88	28.0
317.24	28.0
871.6	28.0
909.92	28.0
1101.04	28.0
1147.28	28.0
779.04	29.0
980.0	29.0
89.08	30.0
147.44	30.0
177.24	30.0
181.64	30.0
219.52	30.0
230.24	30.0
257.52	30.0
292.4	30.0
335.16	30.0
358.6	30.0
389.48	30.0
408.6	30.0
465.6	30.0
882.4	30.0
926.72	30.0
951.04	30.0
1022.28	30.0
1039.68	30.0
1067.28	30.0
1125.24	30.0
1145.24	30.0
1189.44	30.0
1246.12	30.0
1319.12	30.0
1346.4	30.0
1381.72	30.0
162.68	31.0
258.32	31.0
313.0	31.0
940.96	31.0
302.96	32.0
307.2	33.0
1148.92	33.0
307.04	34.0
129.44	35.0
27.76	35.0
105.12	35.0
149.44	35.0
191.76	35.0
200.52	35.0
246.24	35.0
257.32	35.0
308.44	35.0
353.96	35.0
926.0	35.0
969.12	35.0
980.72	35.0
997.28	35.0
1126.4	35.0
1147.68	35.0
1191.4	35.0
1265.56	35.0
1269.6	35.0
1355.28	35.0
960.28	36.0
1079.12	36.0
302.56	36.0
