337.88	1.0
473.28	1.0
718.44	1.0
362.64	2.0
552.24	2.0
709.68	2.0
303.0	2.0
316.92	2.0
321.04	2.0
323.56	2.0
329.32	2.0
334.28	2.0
341.32	2.0
347.24	2.0
356.32	2.0
390.24	2.0
397.16	2.0
429.16	2.0
441.36	2.0
464.96	2.0
469.84	2.0
473.76	2.0
498.4	2.0
519.8	2.0
549.44	2.0
586.52	2.0
589.04	2.0
606.96	2.0
614.28	2.0
644.76	2.0
690.16	2.0
718.12	2.0
735.72	2.0
747.08	2.0
819.0	2.0
831.92	2.0
891.92	2.0
909.56	2.0
912.72	2.0
930.96	2.0
938.32	2.0
964.88	2.0
1055.2	2.0
1087.52	2.0
1097.96	2.0
1101.76	2.0
1169.24	2.0
1201.88	2.0
1233.76	2.0
1239.0	2.0
1280.6	2.0
1319.72	2.0
1332.92	2.0
1346.8	2.0
317.12	3.0
320.76	3.0
326.16	3.0
328.96	3.0
333.64	3.0
345.52	3.0
364.68	3.0
380.48	3.0
401.32	3.0
419.2	3.0
441.16	3.0
471.52	3.0
491.24	3.0
507.44	3.0
551.92	3.0
600.96	3.0
709.36	3.0
718.04	3.0
739.08	3.0
743.76	3.0
912.88	3.0
1141.32	3.0
1177.48	3.0
1346.96	3.0
374.32	4.0
344.8	4.0
455.36	4.0
320.16	5.0
332.24	5.0
335.12	5.0
339.0	5.0
760.48	5.0
1324.76	5.0
326.04	6.0
328.96	6.0
309.0	6.0
359.4	6.0
366.88	6.0
449.32	6.0
589.84	6.0
781.96	6.0
989.64	6.0
1357.08	6.0
357.96	7.0
365.68	7.0
422.64	7.0
499.24	7.0
629.92	7.0
1190.04	7.0
1381.6	7.0
320.76	8.0
343.56	8.0
382.68	8.0
457.52	8.0
478.52	8.0
523.6	8.0
596.36	8.0
643.6	8.0
763.76	8.0
979.84	8.0
322.36	9.0
328.84	9.0
343.64	9.0
552.04	9.0
325.64	10.0
334.44	10.0
344.6	10.0
371.12	10.0
475.64	10.0
928.12	10.0
317.8	10.0
321.36	10.0
441.96	10.0
480.6	10.0
509.52	10.0
551.92	10.0
583.48	10.0
620.36	10.0
832.16	10.0
843.64	10.0
1345.16	10.0
441.2	11.0
824.92	11.0
872.52	11.0
1003.76	11.0
1367.12	11.0
316.6	11.0
320.28	11.0
323.6	11.0
330.24	11.0
344.32	11.0
353.32	11.0
364.08	11.0
379.52	11.0
393.88	11.0
408.2	11.0
415.52	11.0
451.44	11.0
482.52	11.0
496.68	11.0
515.2	11.0
535.36	11.0
551.92	11.0
560.28	11.0
624.48	11.0
662.0	11.0
772.08	11.0
814.32	11.0
818.64	11.0
863.2	11.0
926.92	11.0
1018.2	11.0
1100.76	11.0
1228.64	11.0
1236.64	11.0
1282.16	11.0
1344.12	11.0
316.76	12.0
323.64	12.0
331.88	12.0
335.16	12.0
346.36	12.0
1279.72	12.0
317.4	13.0
321.8	13.0
327.4	13.0
339.4	13.0
374.08	13.0
422.32	13.0
433.32	13.0
456.08	13.0
541.88	13.0
848.8	13.0
871.0	13.0
1108.84	13.0
1254.24	13.0
338.28	14.0
316.08	14.0
321.68	14.0
344.4	14.0
516.6	14.0
320.4	15.0
350.2	15.0
367.44	15.0
509.64	15.0
660.96	15.0
1327.2	15.0
361.76	16.0
377.48	16.0
407.56	16.0
482.04	16.0
508.56	16.0
781.36	16.0
336.36	18.0
335.32	19.0
361.28	19.0
543.88	19.0
327.04	20.0
345.72	20.0
476.48	20.0
491.84	20.0
638.84	20.0
926.88	20.0
970.4	20.0
1167.36	20.0
1282.0	20.0
319.84	21.0
329.04	21.0
332.16	21.0
336.08	21.0
338.8	21.0
344.72	21.0
348.84	21.0
374.72	21.0
385.64	21.0
391.68	21.0
400.44	21.0
424.52	21.0
431.76	21.0
441.64	21.0
453.8	21.0
461.16	21.0
465.96	21.0
474.28	21.0
487.16	21.0
508.4	21.0
521.68	21.0
529.28	21.0
541.12	21.0
560.36	21.0
598.48	21.0
613.8	21.0
618.44	21.0
628.16	21.0
642.32	21.0
663.8	21.0
680.16	21.0
694.0	21.0
703.12	21.0
716.76	21.0
737.64	21.0
742.08	21.0
759.12	21.0
782.24	21.0
806.68	21.0
824.52	21.0
840.48	21.0
866.16	21.0
870.84	21.0
887.48	21.0
906.4	21.0
980.96	21.0
1019.56	21.0
1091.16	21.0
1117.28	21.0
1133.36	21.0
1140.0	21.0
1162.96	21.0
1169.08	21.0
1184.36	21.0
1211.92	21.0
1244.2	21.0
1322.0	21.0
1348.6	21.0
1381.92	21.0
318.12	22.0
323.8	22.0
354.44	22.0
362.2	22.0
377.04	22.0
396.56	22.0
438.36	22.0
444.08	22.0
473.28	22.0
489.32	22.0
505.8	22.0
560.12	22.0
738.96	22.0
801.96	22.0
373.6	23.0
1306.12	23.0
322.76	23.0
330.76	23.0
342.92	23.0
352.64	23.0
379.28	23.0
454.04	23.0
459.44	23.0
559.32	23.0
640.64	23.0
666.28	23.0
703.68	23.0
783.12	23.0
874.16	23.0
892.4	23.0
1138.08	23.0
1170.36	23.0
1235.96	23.0
1241.04	23.0
1279.44	23.0
1347.64	23.0
1352.52	23.0
1375.44	23.0
1381.36	23.0
321.4	24.0
326.88	24.0
334.0	24.0
350.64	24.0
366.64	24.0
375.56	24.0
472.64	24.0
523.28	24.0
578.4	24.0
660.12	24.0
727.32	24.0
748.84	24.0
810.32	24.0
866.24	24.0
901.6	24.0
984.76	24.0
1285.32	24.0
1355.04	24.0
350.08	25.0
422.44	25.0
317.8	25.0
322.32	25.0
325.32	25.0
334.72	25.0
341.92	25.0
346.72	25.0
359.68	25.0
378.52	25.0
666.72	26.0
322.16	26.0
325.32	26.0
329.88	26.0
335.04	26.0
340.68	26.0
345.84	26.0
349.24	26.0
351.76	26.0
359.56	26.0
366.68	26.0
371.92	26.0
385.2	26.0
396.36	26.0
400.32	26.0
420.88	26.0
437.16	26.0
447.68	26.0
453.56	26.0
466.16	26.0
471.84	26.0
478.0	26.0
486.4	26.0
490.24	26.0
498.8	26.0
521.0	26.0
534.24	26.0
538.56	26.0
555.52	26.0
560.44	26.0
571.2	26.0
588.36	26.0
605.72	26.0
618.68	26.0
632.64	26.0
639.04	26.0
672.52	26.0
694.92	26.0
702.88	26.0
713.44	26.0
757.88	26.0
763.6	26.0
779.04	26.0
800.52	26.0
850.16	26.0
863.84	26.0
876.16	26.0
900.48	26.0
909.8	26.0
923.28	26.0
933.28	26.0
950.84	26.0
990.72	26.0
1005.12	26.0
1026.44	26.0
1036.2	26.0
1048.12	26.0
1057.92	26.0
1061.52	26.0
1074.64	26.0
1082.36	26.0
1099.28	26.0
1127.56	26.0
1135.16	26.0
1168.68	26.0
1189.28	26.0
1215.32	26.0
1221.2	26.0
1223.8	26.0
1242.84	26.0
1268.92	26.0
1274.2	26.0
1287.88	26.0
1301.44	26.0
1308.52	26.0
1351.24	26.0
1356.6	26.0
1364.04	26.0
1384.32	26.0
546.56	27.0
682.88	27.0
703.6	27.0
785.48	27.0
868.92	27.0
1010.04	27.0
1168.36	27.0
1385.28	27.0
322.04	28.0
324.56	28.0
330.0	28.0
332.76	28.0
343.28	28.0
345.92	28.0
364.36	28.0
391.28	28.0
397.56	28.0
431.2	28.0
471.8	28.0
551.72	28.0
597.44	28.0
621.92	28.0
716.76	28.0
318.92	29.0
321.84	29.0
336.0	29.0
339.44	29.0
343.08	29.0
360.52	29.0
400.12	29.0
431.04	29.0
440.16	29.0
455.24	29.0
494.44	29.0
551.48	29.0
319.16	30.0
330.84	30.0
347.36	30.0
354.84	30.0
360.44	30.0
363.2	30.0
373.04	30.0
386.24	30.0
429.16	30.0
475.28	30.0
494.48	30.0
505.28	30.0
543.4	30.0
626.76	30.0
681.92	30.0
823.44	30.0
897.24	30.0
971.48	30.0
1086.68	30.0
1134.6	30.0
1193.0	30.0
1220.24	30.0
1350.16	30.0
318.52	31.0
322.28	31.0
327.12	31.0
343.6	31.0
369.52	31.0
398.0	31.0
543.04	31.0
762.64	31.0
823.84	31.0
317.64	33.0
328.48	33.0
544.32	33.0
560.76	33.0
872.28	33.0
331.24	34.0
317.8	34.0
335.08	34.0
365.64	34.0
378.16	34.0
417.92	34.0
439.88	34.0
461.32	34.0
492.4	34.0
547.56	34.0
577.6	34.0
678.56	34.0
681.92	34.0
923.84	34.0
319.24	35.0
324.96	35.0
330.56	35.0
334.04	35.0
340.0	35.0
346.4	35.0
350.84	35.0
357.8	35.0
365.2	35.0
375.24	35.0
386.68	35.0
433.08	35.0
449.32	35.0
452.2	35.0
465.12	35.0
527.52	35.0
541.56	35.0
544.68	35.0
578.04	35.0
618.6	35.0
644.32	35.0
674.52	35.0
702.8	35.0
743.16	35.0
752.64	35.0
772.24	35.0
778.08	35.0
799.32	35.0
819.48	35.0
850.48	35.0
939.44	35.0
959.76	35.0
974.52	35.0
1002.72	35.0
1052.04	35.0
1078.88	35.0
1098.32	35.0
1123.56	35.0
1148.56	35.0
1236.36	35.0
1271.56	35.0
1287.72	35.0
1306.92	35.0
1341.4	35.0
302.44	36.0
324.08	36.0
342.8	36.0
375.32	36.0
396.6	36.0
423.28	36.0
454.88	36.0
475.2	36.0
546.6	36.0
