307.12	1.0
783.32	1.0
147.84	1.0
710.52	1.0
800.44	1.0
1063.08	1.0
1336.56	1.0
1107.92	2.0
6.76	2.0
42.52	2.0
54.72	2.0
70.84	2.0
101.04	2.0
111.96	2.0
151.36	2.0
166.12	2.0
193.96	2.0
222.12	2.0
231.56	2.0
269.88	2.0
306.4	2.0
310.68	2.0
321.08	2.0
332.24	2.0
408.48	2.0
411.68	2.0
447.2	2.0
501.4	2.0
608.52	2.0
635.56	2.0
647.68	2.0
675.08	2.0
680.48	2.0
709.28	2.0
747.6	2.0
831.88	2.0
966.2	2.0
994.92	2.0
1017.0	2.0
1034.24	2.0
1045.8	2.0
1067.04	2.0
1099.72	2.0
1137.52	2.0
1153.84	2.0
1184.44	2.0
1208.92	2.0
1211.8	2.0
1227.88	2.0
1252.92	2.0
1276.16	2.0
1326.0	2.0
1340.96	2.0
1353.84	2.0
1361.48	2.0
1402.48	2.0
1428.72	2.0
1438.84	2.0
1459.96	2.0
114.76	3.0
7.2	3.0
42.72	3.0
166.32	3.0
231.84	3.0
286.12	3.0
302.84	3.0
307.0	3.0
310.56	3.0
320.44	3.0
329.2	3.0
332.4	3.0
335.76	3.0
447.36	3.0
503.56	3.0
675.28	3.0
680.2	3.0
750.24	3.0
922.16	3.0
1016.68	3.0
1045.96	3.0
1049.08	3.0
1099.48	3.0
1139.6	3.0
1161.48	3.0
1184.64	3.0
1188.44	3.0
1326.16	3.0
1351.56	3.0
1361.64	3.0
1402.64	3.0
1428.88	3.0
1459.68	3.0
1475.36	3.0
254.8	4.0
306.24	4.0
325.84	4.0
360.44	4.0
514.24	4.0
573.4	4.0
597.68	4.0
634.92	4.0
666.48	4.0
768.76	4.0
831.28	4.0
876.08	4.0
908.44	4.0
927.48	4.0
1300.68	4.0
1418.96	4.0
1474.84	4.0
244.92	5.0
307.76	5.0
363.96	5.0
323.24	6.0
406.72	6.0
1338.32	7.0
740.12	7.0
742.84	7.0
805.0	7.0
847.72	7.0
884.32	7.0
45.32	8.0
68.52	8.0
103.12	8.0
189.72	8.0
226.52	8.0
252.52	8.0
442.6	8.0
593.56	8.0
666.32	8.0
746.0	8.0
904.92	8.0
1063.04	8.0
1107.28	8.0
1134.04	8.0
1208.56	8.0
1350.88	8.0
1433.4	8.0
1472.84	8.0
8.64	9.0
57.0	9.0
195.88	9.0
222.84	9.0
413.0	9.0
729.88	9.0
910.8	9.0
1127.32	9.0
1212.64	9.0
1406.12	9.0
1441.0	9.0
1368.52	10.0
67.68	10.0
135.84	10.0
162.28	10.0
193.12	10.0
221.12	10.0
249.6	10.0
280.72	10.0
310.16	10.0
359.28	10.0
398.56	10.0
473.36	10.0
523.88	10.0
572.44	10.0
638.6	10.0
676.4	10.0
745.2	10.0
794.56	10.0
867.56	10.0
912.48	10.0
995.36	10.0
1063.76	10.0
1095.6	10.0
1175.76	10.0
1269.4	10.0
1310.4	10.0
1352.76	10.0
1428.52	10.0
1462.2	10.0
1471.96	10.0
1049.16	11.0
7.04	11.0
43.4	11.0
70.84	11.0
96.68	11.0
100.4	11.0
116.56	11.0
146.44	11.0
165.16	11.0
167.88	11.0
223.28	11.0
276.12	11.0
327.64	11.0
411.8	11.0
566.08	11.0
607.4	11.0
658.32	11.0
694.04	11.0
711.08	11.0
732.04	11.0
748.0	11.0
793.96	11.0
885.48	11.0
928.84	11.0
995.36	11.0
1012.24	11.0
1066.48	11.0
1108.0	11.0
1150.96	11.0
1235.64	11.0
1273.88	11.0
1303.4	11.0
1379.12	11.0
1403.36	11.0
1427.56	11.0
1431.12	11.0
1457.68	11.0
1268.96	12.0
224.24	12.0
284.04	12.0
362.56	12.0
687.84	12.0
722.32	12.0
1104.32	12.0
163.08	13.0
225.84	13.0
250.28	13.0
284.64	13.0
307.16	13.0
321.52	13.0
326.44	13.0
718.72	13.0
830.48	13.0
834.04	13.0
920.76	13.0
1241.56	13.0
1374.44	13.0
1338.32	14.0
34.84	14.0
306.68	14.0
807.64	14.0
1091.8	14.0
1240.16	14.0
1305.24	14.0
1475.72	14.0
306.52	15.0
155.0	16.0
642.28	16.0
4.8	19.0
68.36	19.0
111.44	19.0
146.2	19.0
221.44	19.0
443.32	19.0
501.36	19.0
672.68	19.0
906.6	19.0
1105.08	19.0
1209.28	19.0
1273.56	19.0
1351.12	19.0
1273.48	20.0
256.24	20.0
1109.12	20.0
5.52	21.0
29.72	21.0
54.08	21.0
70.24	21.0
106.88	21.0
137.24	21.0
170.36	21.0
222.72	21.0
255.04	21.0
257.56	21.0
279.92	21.0
309.48	21.0
321.24	21.0
343.04	21.0
400.16	21.0
697.0	21.0
711.44	21.0
738.96	21.0
770.2	21.0
778.88	21.0
803.2	21.0
930.88	21.0
934.0	21.0
959.8	21.0
994.56	21.0
1012.0	21.0
1105.0	21.0
1120.96	21.0
1136.88	21.0
1143.64	21.0
1175.44	21.0
1207.6	21.0
1236.76	21.0
1261.6	21.0
1317.36	21.0
1334.04	21.0
1375.76	21.0
1462.12	21.0
1478.64	21.0
147.12	22.0
255.64	22.0
309.6	22.0
1204.16	22.0
1335.8	22.0
306.84	23.0
742.56	23.0
62.16	23.0
138.16	23.0
161.28	23.0
168.4	23.0
195.44	23.0
225.4	23.0
263.84	23.0
285.88	23.0
320.2	23.0
331.24	23.0
336.52	23.0
340.52	23.0
364.0	23.0
421.04	23.0
485.4	23.0
511.88	23.0
555.24	23.0
570.2	23.0
594.92	23.0
631.88	23.0
664.28	23.0
705.64	23.0
758.52	23.0
774.6	23.0
819.36	23.0
828.68	23.0
843.28	23.0
869.96	23.0
883.8	23.0
888.52	23.0
923.36	23.0
975.48	23.0
1016.88	23.0
1152.0	23.0
1168.32	23.0
1183.92	23.0
1238.4	23.0
1275.4	23.0
1298.48	23.0
1373.96	23.0
1411.68	23.0
1468.72	23.0
1478.16	23.0
98.52	24.0
110.52	24.0
181.0	24.0
211.32	24.0
268.64	24.0
307.6	24.0
317.44	24.0
337.84	24.0
368.2	24.0
740.72	24.0
770.16	24.0
839.72	24.0
1236.56	24.0
1459.44	24.0
1478.88	24.0
306.44	25.0
318.16	25.0
741.0	25.0
839.28	25.0
1370.24	25.0
363.44	25.0
323.28	26.0
33.4	26.0
41.96	26.0
86.6	26.0
114.24	26.0
123.56	26.0
145.68	26.0
165.12	26.0
170.92	26.0
176.84	26.0
190.96	26.0
204.52	26.0
227.8	26.0
267.56	26.0
272.92	26.0
289.24	26.0
302.44	26.0
306.32	26.0
331.24	26.0
343.92	26.0
362.92	26.0
421.48	26.0
685.56	26.0
694.8	26.0
700.04	26.0
709.4	26.0
727.56	26.0
742.4	26.0
752.52	26.0
792.04	26.0
802.76	26.0
809.4	26.0
814.32	26.0
830.36	26.0
838.04	26.0
867.44	26.0
882.6	26.0
1029.12	26.0
1044.6	26.0
1078.36	26.0
1105.32	26.0
1144.76	26.0
1157.6	26.0
1163.0	26.0
1201.24	26.0
1217.32	26.0
1239.84	26.0
1268.04	26.0
1296.28	26.0
1315.72	26.0
1335.56	26.0
1347.08	26.0
1369.24	26.0
1373.28	26.0
1418.68	26.0
1450.16	26.0
1470.48	26.0
1477.64	26.0
307.16	27.0
710.4	27.0
8.32	28.0
56.64	28.0
73.28	28.0
151.08	28.0
222.48	28.0
256.88	28.0
306.24	28.0
308.76	28.0
315.36	28.0
323.44	28.0
341.8	28.0
538.72	28.0
680.92	28.0
729.56	28.0
750.56	28.0
831.08	28.0
910.48	28.0
966.44	28.0
1212.28	28.0
1405.76	28.0
1432.84	28.0
1440.64	28.0
1482.44	28.0
136.08	30.0
3.8	30.0
69.28	30.0
146.84	30.0
189.2	30.0
256.08	30.0
289.84	30.0
326.96	30.0
357.48	30.0
433.32	30.0
467.0	30.0
602.64	30.0
726.12	30.0
772.48	30.0
783.08	30.0
808.6	30.0
906.32	30.0
932.04	30.0
1063.56	30.0
1108.04	30.0
1135.72	30.0
1208.56	30.0
1255.96	30.0
1274.48	30.0
1351.32	30.0
1433.04	30.0
1480.28	30.0
75.56	31.0
326.56	31.0
352.48	31.0
409.16	31.0
669.52	31.0
735.36	31.0
1054.56	31.0
1105.44	31.0
1476.2	33.0
52.68	34.0
108.12	34.0
308.44	34.0
725.68	34.0
1180.16	34.0
1285.2	34.0
307.96	35.0
6.84	35.0
76.16	35.0
83.4	35.0
114.76	35.0
147.88	35.0
168.72	35.0
186.04	35.0
230.72	35.0
258.8	35.0
268.72	35.0
286.72	35.0
312.32	35.0
319.48	35.0
343.32	35.0
435.84	35.0
480.88	35.0
522.12	35.0
595.16	35.0
680.32	35.0
744.04	35.0
782.68	35.0
827.56	35.0
834.4	35.0
837.72	35.0
866.16	35.0
983.2	35.0
1027.6	35.0
1199.32	35.0
1218.36	35.0
1302.48	35.0
1376.48	35.0
1393.12	35.0
1442.36	35.0
1458.68	35.0
1478.12	35.0
302.56	36.0
312.28	36.0
328.2	36.0
