663.16	1.0
1256.6	1.0
296.92	2.0
310.52	2.0
23.08	2.0
50.96	2.0
120.32	2.0
136.0	2.0
141.6	2.0
144.64	2.0
172.76	2.0
187.36	2.0
241.12	2.0
271.92	2.0
279.24	2.0
302.96	2.0
306.76	2.0
316.0	2.0
318.72	2.0
331.96	2.0
357.32	2.0
637.88	2.0
660.92	2.0
663.52	2.0
682.32	2.0
691.36	2.0
700.64	2.0
703.8	2.0
714.8	2.0
780.4	2.0
822.16	2.0
849.08	2.0
877.4	2.0
919.56	2.0
922.32	2.0
933.24	2.0
953.36	2.0
971.56	2.0
1012.44	2.0
1028.72	2.0
1035.16	2.0
1078.68	2.0
1140.92	2.0
1145.16	2.0
1183.28	2.0
1191.24	2.0
1219.68	2.0
1226.44	2.0
1364.36	2.0
1367.56	2.0
1408.36	2.0
1422.44	2.0
1436.4	2.0
23.6	3.0
51.52	3.0
145.12	3.0
310.36	3.0
1220.16	3.0
1425.0	3.0
136.12	3.0
272.12	3.0
296.44	3.0
307.16	3.0
318.6	3.0
324.52	3.0
351.88	3.0
357.56	3.0
369.4	3.0
661.08	3.0
703.96	3.0
746.24	3.0
780.56	3.0
822.32	3.0
922.48	3.0
971.28	3.0
1012.6	3.0
1035.32	3.0
1163.72	3.0
1200.04	3.0
1233.24	3.0
1367.32	3.0
303.0	4.0
742.4	4.0
27.4	4.0
34.0	4.0
66.32	4.0
84.44	4.0
128.08	4.0
146.72	4.0
185.24	4.0
306.88	4.0
328.44	4.0
505.24	4.0
634.8	4.0
719.88	4.0
872.16	4.0
970.68	4.0
1085.4	4.0
1120.08	4.0
1166.72	4.0
1196.6	4.0
1287.48	4.0
1327.0	4.0
1363.04	4.0
1399.2	4.0
1411.12	4.0
1467.04	4.0
328.56	5.0
307.08	5.0
310.24	5.0
314.48	5.0
320.96	5.0
320.56	6.0
359.4	6.0
798.6	6.0
1233.6	6.0
1477.04	6.0
308.44	7.0
366.68	7.0
777.76	7.0
830.12	7.0
1195.16	7.0
48.84	8.0
355.92	8.0
694.56	8.0
778.64	8.0
1181.28	8.0
1224.96	8.0
1257.04	8.0
1422.0	8.0
256.96	9.0
272.24	9.0
294.88	9.0
308.08	9.0
328.4	9.0
1015.72	9.0
1220.0	9.0
1229.36	9.0
1426.36	9.0
85.72	10.0
187.44	10.0
306.08	10.0
354.84	10.0
458.76	10.0
518.08	10.0
625.68	10.0
700.08	10.0
822.32	10.0
894.12	10.0
992.72	10.0
1032.6	10.0
1097.44	10.0
1185.32	10.0
1253.4	10.0
1303.84	10.0
1360.64	10.0
1401.64	10.0
35.64	11.0
94.32	11.0
306.0	11.0
334.24	11.0
746.28	11.0
1200.04	11.0
1260.64	11.0
1416.68	11.0
1469.72	11.0
49.76	11.0
127.04	11.0
130.12	11.0
160.56	11.0
188.64	11.0
265.56	11.0
289.2	11.0
318.88	11.0
329.16	11.0
354.72	11.0
503.56	11.0
660.96	11.0
677.8	11.0
701.6	11.0
711.44	11.0
777.64	11.0
817.92	11.0
988.0	11.0
991.68	11.0
1135.16	11.0
1143.24	11.0
1145.96	11.0
1178.76	11.0
1188.2	11.0
1205.4	11.0
1254.88	11.0
1285.88	11.0
1288.84	11.0
1364.32	11.0
1389.56	11.0
1439.4	11.0
309.84	12.0
307.16	12.0
336.88	12.0
802.68	12.0
817.6	12.0
882.72	12.0
1439.8	12.0
244.0	13.0
309.76	13.0
324.16	13.0
346.32	13.0
799.28	13.0
880.8	13.0
935.68	13.0
969.88	13.0
333.48	14.0
81.8	14.0
306.68	14.0
309.24	14.0
721.32	14.0
761.56	14.0
782.08	14.0
1189.36	14.0
1213.72	14.0
1393.72	14.0
306.6	15.0
1145.76	15.0
1027.48	16.0
681.96	17.0
309.96	18.0
48.88	19.0
354.84	19.0
819.36	19.0
842.48	19.0
967.72	19.0
1226.0	19.0
1422.8	19.0
306.2	20.0
326.0	20.0
1256.84	20.0
8.32	21.0
50.96	21.0
80.36	21.0
99.36	21.0
282.68	21.0
309.6	21.0
312.6	21.0
330.4	21.0
373.84	21.0
417.76	21.0
429.32	21.0
729.12	21.0
747.84	21.0
758.76	21.0
773.0	21.0
784.44	21.0
802.68	21.0
830.6	21.0
849.48	21.0
869.96	21.0
886.4	21.0
970.4	21.0
1191.68	21.0
1204.36	21.0
1225.44	21.0
1249.4	21.0
1258.0	21.0
1292.72	21.0
1435.88	21.0
1440.52	21.0
1280.6	22.0
275.32	22.0
285.52	22.0
309.64	22.0
325.64	22.0
369.64	22.0
717.24	22.0
967.28	22.0
1029.2	22.0
1446.68	22.0
306.48	23.0
35.6	23.0
61.92	23.0
106.64	23.0
130.64	23.0
143.64	23.0
161.64	23.0
196.28	23.0
243.52	23.0
283.68	23.0
309.72	23.0
317.52	23.0
329.76	23.0
352.6	23.0
368.48	23.0
434.44	23.0
506.32	23.0
515.56	23.0
707.92	23.0
722.16	23.0
747.68	23.0
756.72	23.0
762.72	23.0
778.16	23.0
816.64	23.0
851.08	23.0
913.76	23.0
928.36	23.0
1001.32	23.0
1008.16	23.0
1026.44	23.0
1078.24	23.0
1145.0	23.0
1156.28	23.0
1186.72	23.0
1197.56	23.0
1203.16	23.0
1225.84	23.0
1232.16	23.0
1286.2	23.0
1367.4	23.0
129.96	24.0
192.4	24.0
299.32	24.0
307.52	24.0
316.24	24.0
329.24	24.0
335.48	24.0
340.6	24.0
440.2	24.0
724.96	24.0
753.4	24.0
775.72	24.0
1188.24	24.0
1213.84	24.0
1267.84	24.0
1288.08	24.0
1268.04	25.0
1118.24	25.0
321.52	26.0
8.44	26.0
30.0	26.0
48.56	26.0
132.0	26.0
207.2	26.0
218.52	26.0
296.48	26.0
309.12	26.0
315.76	26.0
324.64	26.0
333.6	26.0
343.28	26.0
352.96	26.0
364.76	26.0
378.36	26.0
401.24	26.0
416.8	26.0
473.56	26.0
697.76	26.0
724.12	26.0
767.52	26.0
776.2	26.0
794.64	26.0
800.36	26.0
1011.48	26.0
1074.2	26.0
1148.52	26.0
1174.84	26.0
1199.6	26.0
1231.08	26.0
1248.8	26.0
1372.6	26.0
1405.88	26.0
1482.92	26.0
281.84	27.0
999.2	27.0
28.64	28.0
54.72	28.0
131.88	28.0
136.92	28.0
256.6	28.0
271.92	28.0
294.56	28.0
308.56	28.0
315.32	28.0
321.76	28.0
328.0	28.0
357.84	28.0
660.56	28.0
706.16	28.0
822.88	28.0
846.84	28.0
914.8	28.0
948.32	28.0
1015.36	28.0
1035.16	28.0
1228.72	28.0
1234.04	28.0
1366.28	28.0
1388.8	28.0
1426.0	28.0
24.6	29.0
128.6	29.0
182.88	29.0
249.48	29.0
306.16	29.0
702.48	29.0
822.08	29.0
933.72	29.0
994.76	29.0
1085.8	29.0
1157.84	29.0
1363.2	29.0
1438.32	29.0
48.76	30.0
318.0	30.0
329.36	30.0
341.92	30.0
379.08	30.0
401.44	30.0
779.04	30.0
1180.4	30.0
1225.28	30.0
1260.12	30.0
1423.28	30.0
1476.88	30.0
128.48	31.0
297.04	31.0
321.16	31.0
366.72	31.0
899.84	31.0
1156.6	31.0
1232.92	31.0
331.92	33.0
313.0	34.0
64.2	34.0
100.52	34.0
126.48	34.0
243.64	34.0
293.36	34.0
306.64	34.0
502.36	34.0
748.24	34.0
779.64	34.0
817.84	34.0
870.44	34.0
881.52	34.0
930.2	34.0
972.8	34.0
997.4	34.0
1118.04	34.0
1216.64	34.0
1285.44	34.0
1412.64	34.0
24.84	35.0
45.28	35.0
67.32	35.0
72.48	35.0
77.72	35.0
128.04	35.0
145.6	35.0
178.64	35.0
202.52	35.0
227.44	35.0
263.6	35.0
270.08	35.0
308.92	35.0
313.48	35.0
326.16	35.0
356.96	35.0
380.12	35.0
692.56	35.0
711.4	35.0
825.24	35.0
868.56	35.0
971.88	35.0
998.6	35.0
1081.12	35.0
1142.12	35.0
1157.28	35.0
1203.04	35.0
1226.32	35.0
1279.88	35.0
1286.04	35.0
1289.28	35.0
1307.92	35.0
1336.96	35.0
1366.2	35.0
1374.04	35.0
1443.24	35.0
1447.52	35.0
302.52	36.0
326.84	36.0
