86.28	1.0
280.88	1.0
309.64	1.0
1103.32	1.0
1461.24	1.0
54.64	2.0
85.32	2.0
127.56	2.0
167.48	2.0
206.12	2.0
209.2	2.0
217.24	2.0
248.2	2.0
276.6	2.0
307.56	2.0
313.0	2.0
444.6	2.0
481.44	2.0
502.68	2.0
508.88	2.0
524.24	2.0
555.6	2.0
591.32	2.0
634.84	2.0
673.24	2.0
708.96	2.0
711.68	2.0
772.56	2.0
814.56	2.0
877.08	2.0
881.16	2.0
921.4	2.0
938.04	2.0
968.8	2.0
983.44	2.0
997.36	2.0
1002.68	2.0
1021.68	2.0
1052.44	2.0
1109.4	2.0
1119.56	2.0
1164.16	2.0
1194.4	2.0
1259.32	2.0
1269.2	2.0
1299.36	2.0
1345.28	2.0
1348.96	2.0
1382.28	2.0
1430.84	2.0
1446.8	2.0
1455.76	2.0
1461.64	2.0
330.56	3.0
875.88	3.0
9.32	3.0
23.84	3.0
53.24	3.0
85.52	3.0
102.56	3.0
280.48	3.0
307.32	3.0
310.48	3.0
320.8	3.0
345.08	3.0
395.68	3.0
483.68	3.0
508.8	3.0
523.92	3.0
535.48	3.0
538.64	3.0
581.36	3.0
636.48	3.0
639.92	3.0
676.68	3.0
711.52	3.0
772.72	3.0
814.28	3.0
818.56	3.0
881.32	3.0
921.56	3.0
997.56	3.0
1013.6	3.0
1021.36	3.0
1035.72	3.0
1109.56	3.0
1164.0	3.0
1169.64	3.0
1194.12	3.0
1214.24	3.0
1232.0	3.0
1349.16	3.0
1416.12	3.0
1423.36	3.0
1452.8	3.0
703.76	4.0
1146.24	4.0
9.0	4.0
67.0	4.0
85.16	4.0
107.44	4.0
142.48	4.0
165.88	4.0
260.4	4.0
328.88	4.0
345.16	4.0
368.68	4.0
443.28	4.0
475.88	4.0
519.6	4.0
539.36	4.0
567.96	4.0
594.72	4.0
621.72	4.0
673.12	4.0
707.68	4.0
734.24	4.0
779.04	4.0
834.2	4.0
875.92	4.0
932.24	4.0
1000.24	4.0
1050.36	4.0
1068.88	4.0
1101.24	4.0
1160.8	4.0
1185.48	4.0
1223.4	4.0
1286.8	4.0
1318.68	4.0
1339.44	4.0
1383.16	4.0
1415.8	4.0
1430.04	4.0
1455.88	4.0
1478.88	4.0
307.48	5.0
334.32	5.0
325.6	6.0
513.64	6.0
592.08	6.0
912.96	7.0
1260.72	7.0
1448.28	7.0
120.52	8.0
306.08	8.0
308.88	8.0
317.6	8.0
323.4	8.0
327.92	8.0
345.12	8.0
548.0	8.0
586.36	8.0
636.68	8.0
699.52	8.0
1019.28	8.0
1124.68	8.0
1173.44	8.0
1183.68	8.0
1235.68	8.0
1457.72	8.0
91.8	9.0
128.48	9.0
276.84	9.0
315.44	9.0
622.6	9.0
748.88	9.0
817.12	9.0
1024.72	9.0
1109.2	9.0
1199.16	9.0
1276.6	9.0
1356.72	9.0
1415.4	9.0
81.16	10.0
297.6	10.0
307.12	10.0
311.96	10.0
333.0	10.0
1078.4	10.0
1122.8	10.0
1275.0	10.0
52.08	10.0
197.12	10.0
443.52	10.0
478.76	10.0
591.36	10.0
810.44	10.0
1156.96	10.0
1257.64	10.0
1417.76	10.0
1482.12	10.0
311.4	11.0
332.4	11.0
549.36	11.0
639.92	11.0
818.6	11.0
1434.32	11.0
40.8	11.0
86.8	11.0
186.84	11.0
190.6	11.0
201.88	11.0
299.96	11.0
306.28	11.0
326.96	11.0
344.48	11.0
384.48	11.0
465.12	11.0
477.12	11.0
481.56	11.0
520.72	11.0
555.64	11.0
610.48	11.0
623.36	11.0
663.4	11.0
673.68	11.0
742.72	11.0
792.84	11.0
877.28	11.0
992.36	11.0
1001.32	11.0
1049.8	11.0
1097.64	11.0
1102.52	11.0
1162.28	11.0
1190.24	11.0
1193.64	11.0
1226.84	11.0
1297.2	11.0
1344.6	11.0
1422.8	11.0
1453.12	11.0
1458.12	11.0
311.52	12.0
330.16	12.0
457.6	12.0
508.8	12.0
1070.2	12.0
1185.36	12.0
1222.68	12.0
1444.64	12.0
876.48	13.0
1121.88	13.0
1164.24	13.0
1414.96	13.0
268.92	14.0
80.52	15.0
632.12	15.0
982.16	15.0
260.08	16.0
125.4	19.0
438.52	19.0
522.8	19.0
588.0	19.0
618.88	19.0
674.88	19.0
1349.64	19.0
60.04	20.0
317.44	20.0
50.0	21.0
309.64	21.0
313.4	21.0
326.2	21.0
345.4	21.0
360.0	21.0
370.92	21.0
401.32	21.0
585.56	21.0
608.12	21.0
710.44	21.0
764.08	21.0
814.36	21.0
1049.6	21.0
1070.8	21.0
1178.12	21.0
1251.92	21.0
1342.52	21.0
243.36	22.0
257.96	22.0
308.64	22.0
327.52	22.0
1164.88	22.0
1416.48	22.0
237.2	23.0
323.04	23.0
329.24	23.0
694.4	23.0
1155.2	23.0
19.0	23.0
122.32	23.0
218.64	23.0
224.64	23.0
253.0	23.0
316.8	23.0
359.04	23.0
385.48	23.0
404.44	23.0
438.6	23.0
442.8	23.0
455.4	23.0
468.04	23.0
518.48	23.0
549.68	23.0
558.84	23.0
585.72	23.0
598.76	23.0
637.16	23.0
668.52	23.0
706.68	23.0
785.04	23.0
792.36	23.0
795.56	23.0
874.84	23.0
886.76	23.0
919.56	23.0
966.04	23.0
985.44	23.0
1070.56	23.0
1111.96	23.0
1125.72	23.0
1168.68	23.0
1174.84	23.0
1189.6	23.0
1236.64	23.0
1297.08	23.0
1347.24	23.0
1380.8	23.0
1416.68	23.0
1426.32	23.0
1442.76	23.0
1474.12	23.0
308.88	24.0
315.2	24.0
323.72	24.0
331.68	24.0
352.04	24.0
819.88	24.0
324.0	25.0
43.56	26.0
79.72	26.0
112.04	26.0
151.6	26.0
253.08	26.0
309.84	26.0
314.8	26.0
322.24	26.0
326.56	26.0
335.84	26.0
345.8	26.0
367.24	26.0
405.12	26.0
426.8	26.0
432.76	26.0
446.04	26.0
516.0	26.0
547.44	26.0
585.0	26.0
638.4	26.0
665.0	26.0
704.56	26.0
721.04	26.0
783.32	26.0
822.32	26.0
866.24	26.0
874.88	26.0
1003.76	26.0
1016.68	26.0
1028.52	26.0
1045.64	26.0
1057.36	26.0
1067.32	26.0
1109.88	26.0
1168.96	26.0
1204.16	26.0
1219.16	26.0
1240.84	26.0
1287.96	26.0
1463.0	26.0
1473.28	26.0
785.6	27.0
822.88	27.0
1130.2	27.0
308.08	28.0
75.08	28.0
91.4	28.0
100.08	28.0
128.08	28.0
217.04	28.0
249.36	28.0
261.92	28.0
315.12	28.0
325.48	28.0
337.84	28.0
443.72	28.0
550.2	28.0
646.0	28.0
661.56	28.0
677.52	28.0
716.36	28.0
748.48	28.0
778.64	28.0
816.68	28.0
916.72	28.0
999.2	28.0
1079.28	28.0
1125.92	28.0
1176.56	28.0
1198.76	28.0
1322.08	28.0
1356.28	28.0
1399.28	28.0
1415.04	28.0
1429.92	28.0
216.8	29.0
276.24	29.0
307.52	29.0
1035.96	29.0
1456.6	29.0
18.0	30.0
96.52	30.0
313.36	30.0
330.92	30.0
361.52	30.0
647.84	30.0
759.12	30.0
840.28	30.0
1148.8	30.0
1181.56	30.0
1288.2	30.0
1291.0	30.0
1349.4	30.0
307.96	33.0
441.24	33.0
1478.16	33.0
315.44	34.0
216.2	34.0
441.04	34.0
478.88	34.0
597.32	34.0
813.68	34.0
952.0	34.0
1041.2	34.0
1125.0	34.0
1379.52	34.0
1417.36	34.0
318.12	35.0
15.0	35.0
19.28	35.0
36.36	35.0
122.12	35.0
218.76	35.0
257.16	35.0
265.36	35.0
302.88	35.0
309.0	35.0
315.36	35.0
320.88	35.0
327.48	35.0
342.36	35.0
352.6	35.0
392.64	35.0
407.24	35.0
437.68	35.0
458.92	35.0
467.92	35.0
503.84	35.0
517.76	35.0
522.96	35.0
545.96	35.0
549.2	35.0
599.12	35.0
628.24	35.0
632.92	35.0
649.56	35.0
790.08	35.0
821.76	35.0
873.92	35.0
984.68	35.0
1004.4	35.0
1070.12	35.0
1125.44	35.0
1156.84	35.0
1175.24	35.0
1189.92	35.0
1211.56	35.0
1243.8	35.0
1254.0	35.0
1269.6	35.0
1302.32	35.0
1309.76	35.0
1346.76	35.0
1389.04	35.0
1443.0	35.0
1456.68	35.0
1471.16	35.0
1476.84	35.0
323.96	36.0
302.64	36.0
479.12	36.0
