308.64	1.0
32.48	2.0
70.56	2.0
99.0	2.0
109.56	2.0
112.2	2.0
126.4	2.0
151.2	2.0
154.32	2.0
216.12	2.0
254.2	2.0
287.52	2.0
290.76	2.0
306.6	2.0
310.64	2.0
317.4	2.0
319.92	2.0
339.24	2.0
372.84	2.0
453.56	2.0
477.48	2.0
543.24	2.0
571.92	2.0
586.68	2.0
593.52	2.0
621.96	2.0
626.48	2.0
710.96	2.0
751.2	2.0
754.64	2.0
784.6	2.0
859.16	2.0
891.08	2.0
901.08	2.0
1036.48	2.0
1058.28	2.0
1095.36	2.0
1098.08	2.0
1104.04	2.0
1124.08	2.0
1139.44	2.0
1170.96	2.0
1191.96	2.0
1216.32	2.0
1246.16	2.0
1271.76	2.0
1289.4	2.0
1303.2	2.0
1321.16	2.0
1324.68	2.0
1404.88	2.0
1439.56	2.0
1461.64	2.0
478.04	3.0
63.0	3.0
129.32	3.0
154.52	3.0
193.44	3.0
263.88	3.0
306.8	3.0
330.12	3.0
333.36	3.0
355.28	3.0
370.2	3.0
544.92	3.0
626.6	3.0
722.72	3.0
756.76	3.0
769.32	3.0
782.32	3.0
832.84	3.0
859.32	3.0
955.0	3.0
1036.64	3.0
1104.16	3.0
1183.4	3.0
1192.12	3.0
1197.96	3.0
1203.96	3.0
1289.6	3.0
1463.64	3.0
1467.84	3.0
5.84	4.0
22.08	4.0
45.84	4.0
66.84	4.0
97.64	4.0
130.56	4.0
179.44	4.0
195.92	4.0
219.0	4.0
244.92	4.0
264.12	4.0
336.04	4.0
352.44	4.0
393.0	4.0
477.96	4.0
519.8	4.0
543.84	4.0
589.08	4.0
646.6	4.0
659.88	4.0
692.64	4.0
704.16	4.0
726.68	4.0
744.68	4.0
771.16	4.0
804.48	4.0
819.04	4.0
836.92	4.0
875.24	4.0
893.68	4.0
936.28	4.0
967.88	4.0
1041.72	4.0
1087.48	4.0
1130.72	4.0
1165.16	4.0
1185.76	4.0
1203.6	4.0
1241.6	4.0
1269.4	4.0
1295.12	4.0
1320.48	4.0
1345.0	4.0
1375.48	4.0
1400.68	4.0
1424.08	4.0
1443.84	4.0
1469.88	4.0
306.88	5.0
1013.52	5.0
259.92	6.0
338.6	6.0
803.88	6.0
1249.88	6.0
1354.04	7.0
367.44	7.0
47.48	8.0
114.56	8.0
268.28	8.0
306.48	8.0
321.96	8.0
457.84	8.0
479.76	8.0
618.24	8.0
652.4	8.0
731.96	8.0
923.6	8.0
1007.4	8.0
1069.24	8.0
1149.84	8.0
1165.84	8.0
1220.56	8.0
1360.68	8.0
1398.72	8.0
1452.12	8.0
432.88	9.0
625.76	9.0
756.88	9.0
772.56	9.0
939.96	9.0
1124.32	9.0
309.36	10.0
334.28	10.0
119.68	10.0
240.28	10.0
290.72	10.0
306.72	10.0
317.36	10.0
553.0	10.0
688.32	10.0
751.08	10.0
841.72	10.0
1021.64	10.0
1246.56	10.0
1324.88	10.0
1355.44	10.0
1451.76	10.0
254.6	11.0
309.56	11.0
1134.4	11.0
1404.6	11.0
99.68	11.0
122.6	11.0
173.4	11.0
306.68	11.0
370.28	11.0
435.52	11.0
475.88	11.0
588.64	11.0
652.4	11.0
664.84	11.0
745.76	11.0
837.88	11.0
878.28	11.0
937.44	11.0
977.36	11.0
1086.64	11.0
1124.36	11.0
1167.92	11.0
1232.2	11.0
1263.12	11.0
1346.32	11.0
1398.44	11.0
1436.32	11.0
1439.6	11.0
1456.92	11.0
65.92	12.0
307.64	12.0
656.56	12.0
802.12	12.0
290.88	13.0
355.52	13.0
1220.52	13.0
367.2	14.0
706.0	14.0
732.64	14.0
877.76	14.0
39.52	15.0
284.52	15.0
311.68	15.0
771.44	15.0
887.28	15.0
1069.36	15.0
1420.6	15.0
151.04	16.0
701.56	16.0
991.8	16.0
307.0	19.0
306.28	20.0
309.56	21.0
312.16	21.0
319.44	21.0
325.36	21.0
337.8	21.0
362.44	21.0
632.56	21.0
691.72	21.0
1178.16	21.0
1406.96	21.0
63.2	22.0
216.56	22.0
307.4	22.0
315.0	22.0
527.0	22.0
615.24	22.0
831.08	22.0
891.32	22.0
1332.32	22.0
1367.56	22.0
1088.56	23.0
1220.0	23.0
18.76	23.0
33.72	23.0
73.44	23.0
182.2	23.0
258.2	23.0
269.28	23.0
286.28	23.0
307.16	23.0
318.48	23.0
335.88	23.0
414.52	23.0
459.52	23.0
530.32	23.0
576.92	23.0
580.16	23.0
618.88	23.0
635.28	23.0
653.84	23.0
692.08	23.0
733.04	23.0
775.36	23.0
808.16	23.0
895.48	23.0
911.12	23.0
923.2	23.0
1008.8	23.0
1027.36	23.0
1031.4	23.0
1034.92	23.0
1120.44	23.0
1149.8	23.0
1192.24	23.0
1200.56	23.0
1241.96	23.0
1248.04	23.0
1291.32	23.0
1317.8	23.0
1353.12	23.0
1360.6	23.0
1375.6	23.0
1424.84	23.0
1453.52	23.0
354.72	24.0
308.12	24.0
319.88	24.0
337.64	24.0
341.04	24.0
547.68	24.0
577.44	24.0
719.16	24.0
990.84	24.0
1435.96	24.0
607.96	25.0
530.16	25.0
1083.52	25.0
153.48	26.0
360.96	26.0
29.52	26.0
41.04	26.0
124.84	26.0
179.12	26.0
284.4	26.0
314.44	26.0
322.68	26.0
328.36	26.0
339.84	26.0
357.04	26.0
368.36	26.0
486.16	26.0
548.68	26.0
579.84	26.0
681.4	26.0
704.64	26.0
721.28	26.0
744.88	26.0
761.52	26.0
769.92	26.0
777.08	26.0
808.04	26.0
819.84	26.0
848.8	26.0
865.04	26.0
890.48	26.0
994.56	26.0
1014.88	26.0
1040.72	26.0
1070.04	26.0
1082.76	26.0
1122.6	26.0
1167.76	26.0
1183.68	26.0
1194.0	26.0
1230.52	26.0
1278.4	26.0
1396.16	26.0
1438.88	26.0
1470.48	26.0
44.8	27.0
286.6	27.0
693.32	27.0
836.72	27.0
1439.6	27.0
155.0	28.0
165.64	28.0
216.84	28.0
287.48	28.0
306.44	28.0
316.04	28.0
335.04	28.0
356.56	28.0
397.4	28.0
418.04	28.0
432.48	28.0
514.28	28.0
625.32	28.0
698.36	28.0
756.48	28.0
772.16	28.0
786.0	28.0
802.88	28.0
997.72	28.0
1019.72	28.0
1036.0	28.0
1091.8	28.0
1123.88	28.0
1140.08	28.0
1217.04	28.0
1277.36	28.0
1321.64	28.0
1331.8	28.0
1405.8	28.0
1466.08	28.0
876.76	29.0
126.96	30.0
335.52	30.0
810.48	30.0
1069.12	30.0
1086.36	30.0
1170.32	30.0
1298.72	30.0
306.64	31.0
1170.48	31.0
308.68	33.0
306.16	33.0
309.4	34.0
808.2	34.0
1108.16	34.0
12.48	35.0
28.6	35.0
40.04	35.0
86.88	35.0
124.52	35.0
132.56	35.0
161.4	35.0
166.44	35.0
181.36	35.0
183.88	35.0
205.2	35.0
238.16	35.0
262.4	35.0
310.0	35.0
314.24	35.0
319.2	35.0
324.4	35.0
336.88	35.0
350.12	35.0
402.0	35.0
423.36	35.0
458.32	35.0
514.6	35.0
567.72	35.0
581.76	35.0
587.16	35.0
621.0	35.0
638.44	35.0
653.4	35.0
661.72	35.0
693.6	35.0
732.72	35.0
757.56	35.0
771.36	35.0
805.88	35.0
822.08	35.0
846.12	35.0
857.44	35.0
899.44	35.0
921.88	35.0
934.52	35.0
963.64	35.0
1036.44	35.0
1042.52	35.0
1092.72	35.0
1106.2	35.0
1119.72	35.0
1151.64	35.0
1184.12	35.0
1188.48	35.0
1216.6	35.0
1220.6	35.0
1243.16	35.0
1276.72	35.0
1292.76	35.0
1327.28	35.0
1335.8	35.0
1349.96	35.0
1359.96	35.0
1404.6	35.0
1413.56	35.0
1440.76	35.0
1453.76	35.0
1466.56	35.0
219.04	36.0
302.6	36.0
311.2	36.0
440.08	36.0
540.68	36.0
587.04	36.0
644.88	36.0
697.6	36.0
739.04	36.0
803.96	36.0
866.76	36.0
988.56	36.0
1071.68	36.0
1154.24	36.0
1185.2	36.0
1238.12	36.0
1297.6	36.0
1323.32	36.0
1390.12	36.0
1442.52	36.0
