307.84	1.0
1379.36	1.0
1126.84	2.0
129.56	2.0
151.6	2.0
189.52	2.0
193.2	2.0
269.4	2.0
291.04	2.0
303.0	2.0
307.24	2.0
313.36	2.0
337.0	2.0
364.08	2.0
388.6	2.0
397.68	2.0
426.52	2.0
525.12	2.0
535.68	2.0
564.72	2.0
651.04	2.0
660.84	2.0
683.68	2.0
715.2	2.0
745.96	2.0
784.0	2.0
789.48	2.0
792.32	2.0
801.8	2.0
841.96	2.0
853.12	2.0
875.56	2.0
945.68	2.0
955.92	2.0
983.16	2.0
1015.56	2.0
1032.08	2.0
1042.44	2.0
1073.68	2.0
1079.56	2.0
1211.04	2.0
1213.76	2.0
1335.2	2.0
1338.48	2.0
1379.68	2.0
18.8	3.0
97.2	3.0
111.4	3.0
151.48	3.0
156.6	3.0
194.32	3.0
269.56	3.0
290.96	3.0
307.04	3.0
314.32	3.0
319.88	3.0
324.88	3.0
350.36	3.0
364.28	3.0
389.2	3.0
421.76	3.0
490.92	3.0
564.36	3.0
650.8	3.0
679.24	3.0
683.84	3.0
789.52	3.0
809.08	3.0
878.24	3.0
902.2	3.0
904.8	3.0
948.36	3.0
965.72	3.0
1021.4	3.0
1032.36	3.0
1052.76	3.0
1079.44	3.0
1102.84	3.0
1127.32	3.0
1156.12	3.0
1213.92	3.0
1227.8	3.0
1364.4	3.0
18.04	4.0
34.12	4.0
112.92	4.0
133.96	4.0
158.4	4.0
197.96	4.0
291.52	4.0
313.36	4.0
325.68	4.0
341.76	4.0
362.48	4.0
390.76	4.0
409.84	4.0
412.8	4.0
423.36	4.0
443.4	4.0
462.44	4.0
482.2	4.0
490.28	4.0
524.4	4.0
546.88	4.0
596.12	4.0
616.88	4.0
652.64	4.0
684.68	4.0
764.24	4.0
875.96	4.0
906.84	4.0
950.2	4.0
973.04	4.0
1015.76	4.0
1040.32	4.0
1089.28	4.0
1106.12	4.0
1120.24	4.0
1163.48	4.0
1230.52	4.0
1308.88	4.0
1332.84	4.0
310.08	5.0
316.6	5.0
360.4	5.0
381.76	5.0
329.08	6.0
343.44	6.0
416.52	6.0
309.6	7.0
517.12	7.0
1106.64	7.0
62.84	8.0
158.56	8.0
188.52	8.0
365.72	8.0
457.44	8.0
597.96	8.0
653.24	8.0
823.6	8.0
858.52	8.0
1091.52	8.0
1109.16	8.0
1243.52	8.0
1336.36	8.0
37.84	9.0
308.56	9.0
761.8	9.0
849.64	9.0
876.2	9.0
1071.56	9.0
1166.6	9.0
1261.4	9.0
636.68	10.0
853.0	10.0
1257.56	10.0
96.32	10.0
141.44	10.0
178.92	10.0
266.52	10.0
289.84	10.0
307.12	10.0
336.4	10.0
350.24	10.0
425.44	10.0
482.72	10.0
533.0	10.0
576.56	10.0
805.4	10.0
981.0	10.0
1101.44	10.0
1206.64	10.0
1309.72	10.0
1340.48	10.0
373.0	11.0
423.28	11.0
464.56	11.0
1052.76	11.0
1164.72	11.0
1336.92	11.0
35.24	11.0
147.64	11.0
151.92	11.0
286.28	11.0
289.44	11.0
494.88	11.0
529.84	11.0
607.08	11.0
632.72	11.0
715.4	11.0
740.08	11.0
853.76	11.0
869.88	11.0
1127.2	11.0
1212.64	11.0
1243.28	11.0
1310.48	11.0
1320.92	11.0
1360.76	11.0
320.12	12.0
1373.68	12.0
11.48	12.0
180.88	12.0
314.28	12.0
352.72	12.0
683.84	12.0
965.68	12.0
1244.64	12.0
322.32	13.0
171.96	13.0
306.76	13.0
364.92	13.0
400.6	13.0
428.4	13.0
1258.68	13.0
426.68	14.0
883.56	14.0
322.44	14.0
343.84	14.0
458.32	14.0
753.28	14.0
908.92	14.0
1168.68	14.0
1233.6	14.0
1331.52	14.0
602.84	15.0
1057.96	15.0
1337.44	16.0
323.04	18.0
314.28	18.0
329.72	21.0
309.64	21.0
314.6	21.0
320.24	21.0
334.04	21.0
363.2	21.0
382.84	21.0
394.64	21.0
404.12	21.0
427.36	21.0
461.32	21.0
497.84	21.0
900.28	21.0
905.32	21.0
306.08	22.0
157.6	22.0
312.12	22.0
330.36	22.0
361.32	22.0
396.32	22.0
445.76	22.0
621.0	22.0
901.0	22.0
955.84	22.0
1238.44	22.0
1253.76	22.0
307.64	23.0
557.56	23.0
672.04	23.0
905.28	23.0
1083.56	23.0
1216.32	23.0
13.84	23.0
52.64	23.0
81.28	23.0
146.56	23.0
190.24	23.0
232.16	23.0
264.4	23.0
271.56	23.0
285.52	23.0
314.04	23.0
324.72	23.0
344.64	23.0
364.64	23.0
399.0	23.0
434.0	23.0
480.96	23.0
515.52	23.0
527.72	23.0
582.48	23.0
603.48	23.0
629.52	23.0
654.4	23.0
657.44	23.0
720.92	23.0
766.2	23.0
839.12	23.0
859.2	23.0
877.36	23.0
879.96	23.0
950.84	23.0
982.28	23.0
995.2	23.0
1014.36	23.0
1024.24	23.0
1033.48	23.0
1066.08	23.0
1101.24	23.0
1126.28	23.0
1164.16	23.0
1244.32	23.0
1248.08	23.0
1304.6	23.0
1333.24	23.0
1282.8	24.0
306.44	24.0
316.76	24.0
337.08	24.0
340.44	24.0
343.84	24.0
381.76	24.0
52.04	25.0
138.44	25.0
221.4	25.0
312.64	25.0
936.92	25.0
987.76	25.0
993.2	25.0
25.16	26.0
353.28	26.0
538.56	26.0
597.0	26.0
676.68	26.0
1127.68	26.0
41.52	26.0
54.12	26.0
102.16	26.0
125.36	26.0
140.24	26.0
152.24	26.0
178.4	26.0
224.28	26.0
314.6	26.0
321.28	26.0
328.88	26.0
344.4	26.0
357.04	26.0
374.88	26.0
392.16	26.0
405.72	26.0
420.12	26.0
427.4	26.0
447.24	26.0
470.72	26.0
480.72	26.0
508.2	26.0
520.44	26.0
556.08	26.0
602.56	26.0
610.8	26.0
622.28	26.0
658.12	26.0
706.8	26.0
856.84	26.0
874.56	26.0
939.48	26.0
953.4	26.0
967.08	26.0
990.36	26.0
1014.96	26.0
1162.56	26.0
1285.36	26.0
1333.12	26.0
99.68	27.0
432.92	27.0
518.12	27.0
851.36	27.0
1062.28	27.0
1105.72	27.0
744.96	28.0
85.48	28.0
191.12	28.0
306.64	28.0
313.8	28.0
332.68	28.0
357.0	28.0
374.16	28.0
452.16	28.0
630.76	28.0
683.76	28.0
788.24	28.0
849.24	28.0
859.92	28.0
875.84	28.0
944.44	28.0
991.8	28.0
1014.56	28.0
1021.32	28.0
1041.56	28.0
1129.72	28.0
1213.36	28.0
3.12	29.0
307.68	30.0
48.96	30.0
84.76	30.0
327.2	30.0
342.96	30.0
361.68	30.0
421.64	30.0
898.04	30.0
907.44	30.0
328.4	31.0
367.48	31.0
897.16	31.0
302.68	32.0
356.04	33.0
310.12	34.0
879.52	34.0
1058.28	34.0
369.36	35.0
3.72	35.0
13.16	35.0
27.4	35.0
92.0	35.0
103.8	35.0
109.96	35.0
143.0	35.0
180.24	35.0
188.76	35.0
195.88	35.0
284.08	35.0
302.48	35.0
309.44	35.0
313.76	35.0
318.44	35.0
323.32	35.0
327.68	35.0
345.04	35.0
352.12	35.0
391.32	35.0
412.36	35.0
445.96	35.0
492.84	35.0
514.12	35.0
621.88	35.0
635.76	35.0
654.32	35.0
748.68	35.0
763.08	35.0
768.48	35.0
793.64	35.0
825.08	35.0
860.08	35.0
866.64	35.0
879.6	35.0
887.88	35.0
897.4	35.0
952.88	35.0
993.56	35.0
1039.52	35.0
1047.8	35.0
1103.16	35.0
1136.08	35.0
1236.0	35.0
1243.64	35.0
1353.88	35.0
1105.6	36.0
33.48	36.0
102.96	36.0
204.32	36.0
302.72	36.0
339.88	36.0
400.2	36.0
819.04	36.0
890.2	36.0
987.88	36.0
1076.0	36.0
1238.36	36.0
1331.04	36.0
