809.08	1.0
307.92	2.0
320.36	2.0
311.56	2.0
315.48	2.0
327.0	2.0
339.0	2.0
355.92	2.0
370.4	2.0
373.2	2.0
389.44	2.0
413.92	2.0
528.28	2.0
809.44	2.0
1207.12	2.0
1212.4	2.0
1216.76	2.0
1229.72	2.0
1240.52	2.0
1249.36	2.0
1252.64	2.0
1255.36	2.0
1277.16	2.0
1289.96	2.0
1299.76	2.0
1308.72	2.0
1323.04	2.0
1334.88	2.0
1363.2	2.0
1371.6	2.0
327.4	3.0
339.48	3.0
392.16	3.0
1279.6	3.0
78.84	3.0
125.64	3.0
307.48	3.0
310.2	3.0
320.04	3.0
324.2	3.0
345.24	3.0
355.24	3.0
358.4	3.0
369.2	3.0
414.08	3.0
497.96	3.0
673.08	3.0
712.84	3.0
740.36	3.0
776.88	3.0
1231.08	3.0
1244.28	3.0
1259.24	3.0
1263.56	3.0
1276.4	3.0
1289.6	3.0
1300.0	3.0
1308.92	3.0
1312.92	3.0
1316.84	3.0
1336.52	3.0
1352.68	3.0
1357.72	3.0
1372.04	3.0
12.16	4.0
24.24	4.0
67.12	4.0
82.44	4.0
111.12	4.0
145.2	4.0
327.48	4.0
341.52	4.0
355.48	4.0
371.88	4.0
388.48	4.0
401.84	4.0
424.64	4.0
432.68	4.0
444.68	4.0
458.84	4.0
479.2	4.0
497.2	4.0
517.2	4.0
539.44	4.0
559.88	4.0
571.88	4.0
588.92	4.0
627.12	4.0
653.52	4.0
675.44	4.0
715.56	4.0
739.92	4.0
778.84	4.0
842.92	4.0
1255.68	4.0
1263.16	4.0
1278.16	4.0
1290.16	4.0
1304.56	4.0
1318.2	4.0
1329.16	4.0
1336.76	4.0
1353.2	4.0
1370.16	4.0
357.36	5.0
312.88	5.0
338.24	5.0
386.68	5.0
1291.96	5.0
1306.48	5.0
1337.48	5.0
1340.32	5.0
349.92	6.0
388.84	6.0
419.36	6.0
515.92	6.0
586.84	6.0
1225.0	6.0
1307.24	6.0
1311.52	6.0
1326.48	6.0
1351.4	6.0
1376.96	7.0
335.0	7.0
363.88	7.0
539.52	7.0
788.32	7.0
1217.0	8.0
16.28	8.0
19.88	8.0
77.04	8.0
119.84	8.0
308.16	8.0
320.2	8.0
328.8	8.0
340.32	8.0
365.8	8.0
369.08	8.0
372.04	8.0
400.12	8.0
451.72	8.0
481.36	8.0
524.72	8.0
583.92	8.0
610.52	8.0
1220.88	8.0
1255.24	8.0
1289.52	8.0
1297.04	8.0
1307.92	8.0
1339.04	8.0
1354.68	8.0
1357.56	8.0
1372.08	8.0
1308.84	9.0
322.08	9.0
358.76	9.0
1290.48	9.0
82.88	10.0
391.6	10.0
70.68	10.0
308.0	10.0
312.2	10.0
316.96	10.0
326.92	10.0
388.92	10.0
410.36	10.0
686.84	10.0
1234.0	10.0
1279.64	10.0
1290.08	10.0
1308.92	10.0
1369.52	10.0
345.24	11.0
358.44	11.0
407.28	11.0
1319.2	11.0
14.76	11.0
64.84	11.0
123.84	11.0
307.08	11.0
311.92	11.0
319.96	11.0
337.92	11.0
369.84	11.0
388.56	11.0
392.4	11.0
690.68	11.0
762.4	11.0
1211.04	11.0
1233.44	11.0
1241.52	11.0
1252.72	11.0
1276.48	11.0
1294.36	11.0
1306.96	11.0
1355.88	11.0
1367.0	11.0
1370.88	11.0
366.92	12.0
306.28	12.0
319.96	12.0
371.0	12.0
1257.4	12.0
1306.8	12.0
1355.56	12.0
369.36	13.0
388.68	13.0
409.8	13.0
1236.84	13.0
310.2	14.0
1236.72	14.0
350.48	14.0
1248.2	14.0
1306.24	14.0
97.76	15.0
309.84	15.0
33.16	16.0
182.76	16.0
384.12	16.0
423.16	16.0
624.12	16.0
782.96	16.0
1301.88	16.0
1336.48	16.0
312.04	19.0
319.0	21.0
120.08	21.0
306.2	21.0
309.8	21.0
327.52	21.0
342.08	21.0
358.84	21.0
374.96	21.0
393.16	21.0
411.04	21.0
423.28	21.0
426.84	21.0
435.2	21.0
659.36	21.0
707.24	21.0
747.44	21.0
1356.44	21.0
19.64	22.0
65.4	22.0
112.76	22.0
149.56	22.0
318.96	22.0
323.56	22.0
336.92	22.0
352.84	22.0
402.72	22.0
440.88	22.0
446.04	22.0
498.12	22.0
516.6	22.0
612.12	22.0
631.56	22.0
765.32	22.0
1230.24	22.0
1263.2	22.0
1286.28	22.0
1306.36	22.0
1332.0	22.0
1354.6	22.0
1372.6	22.0
137.52	23.0
365.36	23.0
1221.0	23.0
1291.64	23.0
19.84	23.0
46.04	23.0
61.56	23.0
114.2	23.0
309.36	23.0
321.4	23.0
339.76	23.0
343.0	23.0
356.84	23.0
370.36	23.0
394.8	23.0
402.92	23.0
407.52	23.0
440.6	23.0
517.08	23.0
585.0	23.0
631.96	23.0
677.84	23.0
831.28	23.0
1213.0	23.0
1218.2	23.0
1232.72	23.0
1264.84	23.0
1271.44	23.0
1275.48	23.0
1288.68	23.0
1309.56	23.0
1321.68	23.0
1337.48	23.0
1357.08	23.0
1378.96	23.0
309.0	24.0
319.36	24.0
323.72	24.0
326.24	24.0
351.56	24.0
364.12	24.0
374.2	24.0
384.12	24.0
1261.48	24.0
1324.04	24.0
1357.2	24.0
1370.92	24.0
317.76	25.0
1256.6	25.0
1288.96	25.0
655.64	26.0
1326.68	26.0
23.16	26.0
105.76	26.0
121.72	26.0
310.12	26.0
314.96	26.0
322.48	26.0
327.52	26.0
339.04	26.0
353.96	26.0
384.08	26.0
392.6	26.0
403.52	26.0
407.16	26.0
424.0	26.0
440.04	26.0
462.64	26.0
512.0	26.0
516.76	26.0
540.16	26.0
587.32	26.0
633.32	26.0
643.6	26.0
701.8	26.0
730.76	26.0
792.4	26.0
1246.28	26.0
1261.88	26.0
1281.04	26.0
1294.76	26.0
1306.84	26.0
1316.44	26.0
1322.52	26.0
1331.84	26.0
1339.72	26.0
1354.92	26.0
1358.4	26.0
1374.24	26.0
1325.04	27.0
114.72	27.0
441.6	27.0
481.0	27.0
630.64	27.0
1317.76	27.0
1358.12	27.0
308.76	28.0
322.48	28.0
123.08	28.0
311.48	28.0
315.72	28.0
327.68	28.0
334.96	28.0
339.48	28.0
347.8	28.0
364.08	28.0
424.88	28.0
471.68	28.0
619.76	28.0
644.08	28.0
841.84	28.0
1192.52	28.0
1220.12	28.0
1290.12	28.0
1304.8	28.0
1308.16	28.0
1325.64	28.0
1334.52	28.0
1344.52	28.0
1349.72	28.0
327.4	29.0
619.56	29.0
1220.2	29.0
154.08	30.0
314.24	30.0
340.36	30.0
358.6	30.0
367.56	30.0
392.92	30.0
632.44	30.0
715.08	30.0
1242.44	30.0
1281.8	30.0
1307.04	30.0
1337.96	30.0
307.0	31.0
316.72	31.0
337.32	31.0
350.92	31.0
382.88	31.0
426.92	33.0
355.96	34.0
1234.92	34.0
1255.8	34.0
1326.88	34.0
308.92	35.0
319.08	35.0
338.68	35.0
7.76	35.0
20.72	35.0
71.56	35.0
89.32	35.0
313.12	35.0
323.8	35.0
335.88	35.0
341.2	35.0
354.96	35.0
361.4	35.0
374.08	35.0
381.12	35.0
393.24	35.0
408.72	35.0
424.64	35.0
440.36	35.0
452.48	35.0
467.04	35.0
473.84	35.0
499.04	35.0
517.52	35.0
542.28	35.0
555.0	35.0
584.12	35.0
607.96	35.0
610.96	35.0
632.56	35.0
655.44	35.0
676.88	35.0
703.76	35.0
748.32	35.0
770.12	35.0
775.16	35.0
1220.12	35.0
1236.4	35.0
1255.76	35.0
1260.12	35.0
1262.64	35.0
1266.96	35.0
1285.32	35.0
1288.52	35.0
1305.6	35.0
1311.28	35.0
1322.24	35.0
1336.12	35.0
1339.04	35.0
1357.28	35.0
1361.72	35.0
1372.88	35.0
432.52	36.0
312.52	36.0
342.56	36.0
670.72	36.0
677.16	36.0
833.04	36.0
1244.44	36.0
1255.92	36.0
1288.4	36.0
