352.04	1.0
306.28	2.0
308.8	2.0
312.84	2.0
317.6	2.0
320.84	2.0
324.24	2.0
327.32	2.0
330.2	2.0
348.04	2.0
353.16	2.0
357.56	2.0
375.56	2.0
382.72	2.0
393.2	2.0
398.28	2.0
405.0	2.0
409.2	2.0
415.72	2.0
420.36	2.0
442.2	2.0
458.64	2.0
463.04	2.0
470.6	2.0
487.84	2.0
500.24	2.0
503.24	2.0
511.16	2.0
528.52	2.0
534.16	2.0
555.12	2.0
562.56	2.0
569.32	2.0
580.52	2.0
586.56	2.0
615.8	2.0
619.64	2.0
666.32	2.0
672.24	2.0
713.88	2.0
722.8	2.0
748.44	2.0
771.2	2.0
777.04	2.0
780.2	2.0
817.68	2.0
840.64	2.0
869.04	2.0
871.6	2.0
927.72	2.0
951.16	2.0
979.52	2.0
1013.2	2.0
1016.64	2.0
1043.72	2.0
1061.12	2.0
1083.4	2.0
1136.16	2.0
1147.08	2.0
1161.0	2.0
1189.24	2.0
1269.44	2.0
1314.36	2.0
1346.16	2.0
318.52	3.0
1294.24	3.0
306.8	3.0
315.76	3.0
326.96	3.0
331.92	3.0
348.28	3.0
354.36	3.0
375.2	3.0
383.72	3.0
386.96	3.0
479.88	3.0
516.92	3.0
597.92	3.0
606.44	3.0
649.12	3.0
696.12	3.0
779.96	3.0
1004.08	3.0
1040.52	3.0
1053.56	3.0
1456.36	3.0
317.44	4.0
325.8	4.0
330.52	4.0
348.6	4.0
363.12	4.0
374.44	4.0
383.44	4.0
434.76	4.0
462.96	4.0
495.4	4.0
624.4	4.0
684.92	4.0
725.76	4.0
765.72	4.0
779.64	4.0
848.32	4.0
871.04	4.0
886.24	4.0
966.32	4.0
985.16	4.0
1003.6	4.0
1023.0	4.0
1049.44	4.0
1070.44	4.0
1081.24	4.0
1089.52	4.0
1105.96	4.0
1123.68	4.0
1139.08	4.0
1155.56	4.0
1164.44	4.0
1177.08	4.0
1196.0	4.0
1206.04	4.0
1223.68	4.0
1248.12	4.0
1260.56	4.0
1283.04	4.0
1305.16	4.0
1313.48	4.0
1322.56	4.0
1329.2	4.0
1343.12	4.0
1355.16	4.0
1374.2	4.0
1383.8	4.0
1396.76	4.0
1409.56	4.0
1424.64	4.0
1442.56	4.0
1456.04	4.0
1475.68	4.0
307.44	5.0
322.88	5.0
327.28	5.0
336.84	5.0
361.0	5.0
373.0	5.0
411.32	5.0
308.16	6.0
314.8	6.0
327.64	6.0
330.2	6.0
337.32	6.0
364.76	6.0
432.16	6.0
493.08	6.0
553.24	6.0
614.88	6.0
659.64	6.0
762.84	6.0
848.12	6.0
926.12	6.0
1042.2	6.0
1088.48	6.0
1138.6	6.0
1169.6	6.0
1244.24	6.0
1310.76	6.0
1374.44	6.0
1434.36	6.0
333.28	7.0
367.88	7.0
375.24	7.0
441.4	7.0
496.4	7.0
606.44	7.0
843.68	7.0
306.88	8.0
315.04	8.0
317.92	8.0
326.12	8.0
348.96	8.0
393.12	8.0
417.72	8.0
488.52	8.0
792.16	8.0
920.52	8.0
989.56	8.0
1084.16	8.0
1153.08	8.0
1178.96	8.0
1204.88	8.0
1412.72	8.0
328.12	9.0
352.56	9.0
592.36	9.0
683.08	9.0
929.16	9.0
323.12	10.0
374.84	10.0
383.44	10.0
1030.68	10.0
1361.24	10.0
306.8	10.0
314.32	10.0
317.88	10.0
328.8	10.0
338.76	10.0
369.08	10.0
403.92	10.0
430.28	10.0
443.6	10.0
456.68	10.0
472.68	10.0
488.8	10.0
501.6	10.0
514.04	10.0
544.32	10.0
579.32	10.0
619.52	10.0
648.76	10.0
816.2	10.0
927.96	10.0
1000.92	10.0
1241.0	10.0
328.68	11.0
334.68	11.0
411.04	11.0
553.72	11.0
1307.64	11.0
306.64	11.0
314.8	11.0
325.56	11.0
353.84	11.0
357.32	11.0
362.96	11.0
382.88	11.0
431.2	11.0
452.68	11.0
581.8	11.0
682.96	11.0
716.88	11.0
745.28	11.0
846.24	11.0
871.12	11.0
893.84	11.0
923.32	11.0
1008.16	11.0
1116.56	11.0
1188.92	11.0
1310.84	11.0
1391.28	11.0
1415.52	11.0
1457.4	11.0
318.28	12.0
338.92	12.0
306.24	12.0
314.96	12.0
348.32	12.0
323.08	13.0
783.72	13.0
307.48	13.0
316.64	13.0
320.12	13.0
333.24	13.0
354.6	13.0
591.72	13.0
614.0	13.0
768.96	13.0
1034.88	13.0
1306.16	13.0
1329.24	13.0
1388.0	13.0
333.64	14.0
308.8	14.0
318.92	14.0
349.32	14.0
372.84	14.0
786.6	14.0
865.28	14.0
1158.84	14.0
307.32	15.0
316.4	15.0
350.0	15.0
375.2	15.0
786.4	15.0
326.04	16.0
338.6	16.0
365.32	16.0
377.44	16.0
406.2	16.0
411.48	16.0
446.96	16.0
522.16	16.0
543.4	16.0
326.88	17.0
953.28	17.0
327.8	18.0
315.8	18.0
306.24	19.0
307.36	20.0
337.0	20.0
354.32	20.0
316.08	20.0
328.48	20.0
346.88	20.0
384.32	20.0
939.04	20.0
314.8	21.0
317.56	21.0
320.76	21.0
326.04	21.0
329.92	21.0
332.44	21.0
334.96	21.0
342.68	21.0
349.16	21.0
353.48	21.0
356.48	21.0
367.16	21.0
388.84	21.0
396.48	21.0
441.96	21.0
464.84	21.0
496.08	21.0
499.64	21.0
527.44	21.0
557.04	21.0
559.76	21.0
576.44	21.0
620.12	21.0
657.64	21.0
680.88	21.0
727.2	21.0
784.16	21.0
905.64	21.0
944.64	21.0
966.8	21.0
1177.88	21.0
1215.08	21.0
1356.28	21.0
1415.2	21.0
319.44	22.0
355.36	22.0
308.52	22.0
312.28	22.0
331.32	22.0
422.08	22.0
442.04	22.0
465.04	22.0
492.12	22.0
496.64	22.0
639.72	22.0
777.48	22.0
783.56	22.0
891.24	22.0
1003.44	22.0
1011.52	22.0
1072.2	22.0
1106.76	22.0
1139.44	22.0
1169.64	22.0
1196.68	22.0
1244.32	22.0
1281.76	22.0
1310.28	22.0
1327.8	22.0
1428.2	22.0
1447.56	22.0
312.68	23.0
321.76	23.0
328.0	23.0
334.36	23.0
342.68	23.0
369.64	23.0
767.92	23.0
826.72	23.0
967.08	23.0
1239.08	23.0
307.24	23.0
318.68	23.0
331.28	23.0
354.04	23.0
360.32	23.0
396.16	23.0
427.08	23.0
468.32	23.0
494.88	23.0
599.28	23.0
686.16	23.0
761.8	23.0
865.8	23.0
870.8	23.0
925.12	23.0
956.2	23.0
1010.16	23.0
1031.4	23.0
1041.76	23.0
1058.28	23.0
1074.68	23.0
1108.32	23.0
1154.88	23.0
1166.68	23.0
1178.68	23.0
1199.12	23.0
1206.08	23.0
1311.24	23.0
1377.8	23.0
1466.72	23.0
307.04	24.0
313.16	24.0
318.12	24.0
320.64	24.0
326.16	24.0
331.92	24.0
338.56	24.0
348.64	24.0
320.84	25.0
345.32	25.0
315.6	25.0
324.92	25.0
332.64	25.0
358.28	25.0
372.52	25.0
376.04	25.0
493.88	25.0
544.6	25.0
945.72	25.0
409.6	26.0
946.08	26.0
314.08	26.0
319.2	26.0
323.36	26.0
329.72	26.0
347.0	26.0
355.4	26.0
359.04	26.0
367.08	26.0
372.28	26.0
374.96	26.0
384.76	26.0
396.8	26.0
399.32	26.0
413.16	26.0
428.6	26.0
440.0	26.0
451.32	26.0
467.04	26.0
474.8	26.0
493.6	26.0
496.4	26.0
524.44	26.0
544.0	26.0
559.28	26.0
574.16	26.0
604.28	26.0
623.44	26.0
658.6	26.0
670.24	26.0
701.24	26.0
727.52	26.0
730.48	26.0
787.72	26.0
790.88	26.0
824.0	26.0
829.44	26.0
865.92	26.0
878.12	26.0
925.84	26.0
980.88	26.0
1011.0	26.0
1071.92	26.0
1078.44	26.0
1109.04	26.0
1122.92	26.0
1138.84	26.0
1179.0	26.0
1199.0	26.0
1259.96	26.0
1287.04	26.0
1308.56	26.0
1331.88	26.0
1362.28	26.0
1396.96	26.0
1455.92	26.0
327.32	27.0
353.36	27.0
453.12	27.0
485.0	27.0
658.32	27.0
747.4	27.0
808.24	27.0
846.8	27.0
910.4	27.0
1005.84	27.0
1248.68	27.0
1394.64	27.0
366.4	28.0
308.2	28.0
314.96	28.0
323.68	28.0
327.28	28.0
336.04	28.0
346.56	28.0
361.4	28.0
375.84	28.0
382.2	28.0
385.92	28.0
398.12	28.0
401.08	28.0
420.32	28.0
429.8	28.0
453.56	28.0
489.64	28.0
544.04	28.0
580.28	28.0
610.12	28.0
718.04	28.0
769.08	28.0
842.16	28.0
966.36	28.0
1064.72	28.0
1145.8	28.0
319.6	29.0
314.48	30.0
317.12	30.0
325.6	30.0
328.2	30.0
336.04	30.0
349.04	30.0
353.92	30.0
365.44	30.0
383.68	30.0
432.32	30.0
594.6	30.0
616.68	30.0
658.0	30.0
667.72	30.0
699.04	30.0
714.64	30.0
772.0	30.0
844.76	30.0
865.72	30.0
894.68	30.0
923.36	30.0
968.88	30.0
1033.72	30.0
1178.96	30.0
1231.12	30.0
1267.72	30.0
1291.28	30.0
1330.6	30.0
1466.4	30.0
306.6	31.0
316.36	31.0
336.92	31.0
406.32	31.0
463.52	31.0
496.88	31.0
969.16	31.0
308.8	33.0
314.08	33.0
322.16	34.0
314.16	34.0
335.0	34.0
348.04	34.0
365.48	34.0
384.88	34.0
1320.92	34.0
350.92	35.0
315.16	35.0
319.52	35.0
323.32	35.0
329.12	35.0
331.64	35.0
335.36	35.0
342.64	35.0
348.32	35.0
356.44	35.0
361.04	35.0
368.08	35.0
374.8	35.0
382.08	35.0
385.32	35.0
389.72	35.0
398.96	35.0
404.72	35.0
409.04	35.0
422.68	35.0
438.56	35.0
448.24	35.0
453.08	35.0
464.12	35.0
477.4	35.0
506.12	35.0
514.36	35.0
533.76	35.0
545.96	35.0
558.84	35.0
584.8	35.0
621.48	35.0
638.72	35.0
669.44	35.0
683.16	35.0
762.64	35.0
820.04	35.0
846.88	35.0
858.6	35.0
866.24	35.0
879.96	35.0
907.24	35.0
924.76	35.0
930.24	35.0
946.44	35.0
966.12	35.0
978.44	35.0
984.76	35.0
1000.84	35.0
1005.88	35.0
1015.8	35.0
1050.44	35.0
1058.12	35.0
1071.76	35.0
1092.44	35.0
1106.04	35.0
1111.68	35.0
1136.76	35.0
1155.28	35.0
1177.24	35.0
1196.4	35.0
1207.68	35.0
1215.6	35.0
1225.32	35.0
1251.4	35.0
1264.04	35.0
1285.04	35.0
1328.24	35.0
1335.64	35.0
1343.16	35.0
1354.08	35.0
1373.28	35.0
1388.52	35.0
1396.12	35.0
1410.12	35.0
1414.36	35.0
1428.32	35.0
1459.52	35.0
1465.92	35.0
313.44	36.0
308.88	36.0
319.12	36.0
323.76	36.0
328.56	36.0
351.44	36.0
363.6	36.0
462.48	36.0
486.08	36.0
519.08	36.0
560.84	36.0
638.76	36.0
943.72	36.0
1054.92	36.0
1125.72	36.0
1212.04	36.0
