1071.08	1.0
152.76	1.0
306.16	1.0
740.64	1.0
1076.84	1.0
1339.28	1.0
306.32	2.0
309.2	2.0
312.72	2.0
17.16	2.0
69.0	2.0
72.8	2.0
84.32	2.0
89.64	2.0
114.04	2.0
133.4	2.0
286.44	2.0
324.08	2.0
421.4	2.0
677.56	2.0
684.52	2.0
693.6	2.0
703.92	2.0
706.44	2.0
714.56	2.0
732.52	2.0
754.44	2.0
1060.68	2.0
1064.44	2.0
1073.44	2.0
1108.84	2.0
1135.2	2.0
1155.08	2.0
1187.16	2.0
1212.32	2.0
1232.04	2.0
1234.6	2.0
1274.08	2.0
1287.92	2.0
1320.76	2.0
1323.6	2.0
308.12	3.0
716.6	3.0
1288.44	3.0
20.8	3.0
84.04	3.0
113.76	3.0
121.8	3.0
133.56	3.0
151.28	3.0
182.16	3.0
313.2	3.0
316.96	3.0
324.0	3.0
331.68	3.0
686.24	3.0
699.32	3.0
706.36	3.0
713.96	3.0
724.28	3.0
733.68	3.0
775.36	3.0
794.52	3.0
815.92	3.0
853.0	3.0
1073.64	3.0
1212.48	3.0
1298.52	3.0
1318.6	3.0
1323.76	3.0
1342.4	3.0
15.72	4.0
23.4	4.0
97.08	4.0
121.08	4.0
153.08	4.0
172.96	4.0
185.4	4.0
249.2	4.0
320.44	4.0
331.2	4.0
346.96	4.0
362.04	4.0
383.64	4.0
701.88	4.0
704.4	4.0
725.08	4.0
734.6	4.0
777.88	4.0
793.72	4.0
816.36	4.0
841.92	4.0
872.96	4.0
897.44	4.0
1238.28	4.0
1281.6	4.0
1300.88	4.0
1335.6	4.0
307.6	5.0
702.88	5.0
172.24	5.0
694.56	5.0
730.84	5.0
1008.64	5.0
1367.72	5.0
682.2	6.0
70.12	6.0
133.4	6.0
224.52	6.0
324.28	6.0
372.8	6.0
693.44	6.0
718.24	6.0
733.88	6.0
747.32	6.0
753.76	6.0
781.32	6.0
832.76	6.0
916.4	6.0
1235.24	6.0
162.88	7.0
715.0	7.0
874.84	7.0
10.2	8.0
110.52	8.0
225.64	8.0
307.08	8.0
365.04	8.0
706.16	8.0
717.12	8.0
732.56	8.0
776.68	8.0
795.12	8.0
867.64	8.0
940.52	8.0
1365.12	8.0
15.28	9.0
308.2	9.0
320.08	9.0
326.6	9.0
344.72	9.0
359.08	9.0
691.0	9.0
696.32	9.0
1097.84	9.0
1137.48	9.0
1293.36	9.0
1326.08	9.0
78.28	10.0
686.0	10.0
704.28	10.0
707.0	10.0
734.4	10.0
1111.76	10.0
1287.96	10.0
179.6	10.0
321.68	10.0
532.68	10.0
677.44	10.0
693.52	10.0
714.0	10.0
720.76	10.0
724.2	10.0
1213.52	10.0
1265.28	10.0
1330.48	10.0
174.72	11.0
331.76	11.0
706.68	11.0
738.92	11.0
814.52	11.0
853.12	11.0
81.08	11.0
161.84	11.0
306.44	11.0
321.32	11.0
425.36	11.0
681.0	11.0
691.0	11.0
704.08	11.0
713.92	11.0
721.16	11.0
730.88	11.0
1070.12	11.0
1077.92	11.0
1109.96	11.0
1184.64	11.0
1231.28	11.0
1284.12	11.0
1290.96	11.0
1319.76	11.0
309.48	12.0
691.12	12.0
4.32	12.0
186.0	12.0
306.88	12.0
383.88	12.0
700.04	12.0
715.72	12.0
720.48	12.0
772.84	12.0
307.32	13.0
336.36	13.0
372.6	13.0
688.32	13.0
692.8	13.0
717.0	13.0
745.92	13.0
870.76	13.0
1366.44	13.0
187.56	14.0
122.76	14.0
308.88	14.0
694.32	14.0
714.36	14.0
729.4	14.0
787.28	14.0
701.76	15.0
709.0	15.0
132.32	15.0
737.96	15.0
336.36	16.0
704.04	16.0
725.08	16.0
732.28	16.0
767.8	16.0
290.96	17.0
715.12	19.0
307.68	20.0
689.56	20.0
714.44	20.0
725.4	20.0
1123.28	20.0
113.12	21.0
124.08	21.0
306.04	21.0
309.64	21.0
321.6	21.0
327.68	21.0
337.92	21.0
356.96	21.0
371.04	21.0
688.64	21.0
694.68	21.0
704.2	21.0
711.04	21.0
714.44	21.0
717.64	21.0
724.88	21.0
731.8	21.0
746.72	21.0
755.56	21.0
763.44	21.0
777.64	21.0
707.2	22.0
1307.12	22.0
180.88	22.0
312.6	22.0
319.52	22.0
384.24	22.0
696.28	22.0
699.8	22.0
710.96	22.0
717.76	22.0
729.04	22.0
748.12	22.0
791.12	22.0
811.84	22.0
865.96	22.0
1242.16	22.0
1354.44	23.0
24.12	23.0
121.16	23.0
130.4	23.0
145.72	23.0
182.8	23.0
226.2	23.0
233.56	23.0
275.08	23.0
290.12	23.0
309.08	23.0
319.44	23.0
334.0	23.0
366.4	23.0
418.76	23.0
680.08	23.0
687.32	23.0
690.56	23.0
693.32	23.0
700.84	23.0
703.44	23.0
708.28	23.0
728.48	23.0
751.4	23.0
841.64	23.0
941.76	23.0
961.0	23.0
998.36	23.0
1061.72	23.0
1079.56	23.0
1098.96	23.0
1128.48	23.0
1183.64	23.0
1186.36	23.0
1218.0	23.0
1235.64	23.0
1278.8	23.0
1307.32	23.0
1324.12	23.0
1329.12	23.0
1360.92	23.0
1365.4	23.0
187.44	24.0
307.56	24.0
330.4	24.0
349.4	24.0
371.8	24.0
688.92	24.0
694.32	24.0
701.4	24.0
709.04	24.0
716.0	24.0
728.72	24.0
1194.8	24.0
694.96	25.0
82.04	25.0
701.76	25.0
708.92	25.0
730.72	25.0
772.76	25.0
12.76	26.0
78.64	26.0
84.0	26.0
106.32	26.0
116.84	26.0
137.8	26.0
160.56	26.0
191.6	26.0
233.44	26.0
251.92	26.0
302.72	26.0
310.4	26.0
315.32	26.0
322.68	26.0
327.76	26.0
338.36	26.0
352.16	26.0
373.68	26.0
417.4	26.0
527.28	26.0
690.0	26.0
693.4	26.0
702.48	26.0
705.72	26.0
710.44	26.0
718.32	26.0
732.4	26.0
746.24	26.0
762.28	26.0
771.32	26.0
781.84	26.0
788.48	26.0
821.52	26.0
875.24	26.0
903.12	26.0
939.4	26.0
1134.68	26.0
1285.0	26.0
719.36	27.0
98.8	27.0
150.72	27.0
697.76	27.0
307.6	28.0
7.12	28.0
117.24	28.0
147.28	28.0
316.84	28.0
319.72	28.0
358.68	28.0
428.08	28.0
690.64	28.0
693.2	28.0
696.24	28.0
725.04	28.0
738.36	28.0
740.96	28.0
881.92	28.0
894.92	28.0
1137.12	28.0
1155.44	28.0
1205.64	28.0
1235.4	28.0
1246.36	28.0
1325.72	28.0
722.96	29.0
297.0	29.0
307.6	29.0
319.48	29.0
329.72	29.0
695.76	29.0
1091.96	29.0
21.6	30.0
110.64	30.0
313.24	30.0
322.8	30.0
682.56	30.0
694.44	30.0
704.72	30.0
716.32	30.0
725.92	30.0
740.04	30.0
743.76	30.0
762.76	30.0
776.04	30.0
813.52	30.0
918.84	30.0
1269.24	30.0
312.52	31.0
694.6	31.0
702.88	31.0
713.84	31.0
737.36	31.0
1162.96	31.0
1194.2	31.0
1293.76	31.0
688.88	33.0
711.32	33.0
307.44	33.0
169.52	34.0
320.88	34.0
689.64	34.0
706.56	34.0
732.76	34.0
312.24	34.0
1018.8	34.0
1110.32	34.0
1218.8	34.0
1237.16	34.0
50.8	35.0
106.2	35.0
115.28	35.0
123.72	35.0
135.64	35.0
145.6	35.0
162.6	35.0
169.44	35.0
185.08	35.0
191.88	35.0
221.28	35.0
230.76	35.0
241.96	35.0
249.28	35.0
309.44	35.0
312.32	35.0
320.12	35.0
328.56	35.0
340.8	35.0
353.16	35.0
358.88	35.0
366.48	35.0
425.84	35.0
463.4	35.0
680.0	35.0
690.36	35.0
696.12	35.0
703.36	35.0
707.84	35.0
712.0	35.0
717.2	35.0
723.76	35.0
728.28	35.0
733.04	35.0
741.24	35.0
746.48	35.0
752.64	35.0
759.76	35.0
764.04	35.0
771.24	35.0
779.32	35.0
788.44	35.0
795.64	35.0
806.44	35.0
810.96	35.0
829.68	35.0
853.0	35.0
869.12	35.0
872.92	35.0
901.6	35.0
1061.52	35.0
1208.36	35.0
1316.6	35.0
1344.12	35.0
1357.6	35.0
1360.92	35.0
695.0	36.0
28.28	36.0
185.68	36.0
302.68	36.0
701.32	36.0
707.28	36.0
737.52	36.0
1183.12	36.0
1229.52	36.0
1277.04	36.0
1316.44	36.0
