248.28	1.0
20.08	2.0
72.36	2.0
154.32	2.0
196.6	2.0
287.28	2.0
302.48	2.0
306.52	2.0
309.04	2.0
313.08	2.0
316.88	2.0
320.56	2.0
365.6	2.0
65.52	3.0
72.52	3.0
82.44	3.0
85.16	3.0
92.36	3.0
208.04	3.0
220.52	3.0
225.48	3.0
231.88	3.0
254.4	3.0
302.44	3.0
306.8	3.0
320.76	3.0
368.32	3.0
64.0	4.0
9.6	4.0
33.2	4.0
59.36	4.0
84.72	4.0
88.88	4.0
106.76	4.0
128.64	4.0
144.84	4.0
162.36	4.0
180.16	4.0
196.76	4.0
206.2	4.0
225.04	4.0
247.84	4.0
270.08	4.0
283.96	4.0
294.2	4.0
327.16	4.0
336.48	4.0
351.24	4.0
369.92	4.0
386.0	4.0
410.16	4.0
440.64	4.0
469.8	4.0
500.28	4.0
548.12	4.0
315.0	5.0
337.4	5.0
390.0	5.0
47.16	6.0
88.2	6.0
148.96	6.0
197.36	6.0
233.0	6.0
307.64	6.0
333.4	6.0
376.92	6.0
516.88	6.0
307.28	7.0
19.48	7.0
42.16	7.0
103.52	7.0
18.28	8.0
42.68	8.0
80.6	8.0
105.36	8.0
180.48	8.0
189.68	8.0
231.24	8.0
306.92	8.0
316.8	8.0
369.44	8.0
427.04	8.0
145.8	10.0
307.0	10.0
313.44	10.0
39.8	11.0
92.4	11.0
207.96	11.0
231.96	11.0
254.48	11.0
307.96	11.0
66.16	11.0
195.0	11.0
285.0	11.0
319.4	11.0
364.04	11.0
88.6	12.0
184.44	12.0
229.28	12.0
321.2	12.0
187.84	13.0
299.56	13.0
346.68	13.0
307.2	14.0
325.72	14.0
544.8	14.0
307.72	15.0
459.76	17.0
131.84	19.0
302.76	19.0
102.92	20.0
45.84	21.0
134.08	21.0
149.92	21.0
249.36	21.0
258.44	21.0
283.48	21.0
309.64	21.0
318.6	21.0
327.88	21.0
387.04	21.0
457.16	21.0
548.6	21.0
29.92	22.0
63.28	22.0
93.4	22.0
147.32	22.0
177.68	22.0
203.92	22.0
225.4	22.0
274.56	22.0
299.64	22.0
309.88	22.0
332.2	22.0
364.28	22.0
386.16	22.0
535.84	22.0
286.16	23.0
5.04	23.0
64.0	23.0
107.32	23.0
128.48	23.0
151.92	23.0
202.52	23.0
227.96	23.0
280.92	23.0
302.44	23.0
306.56	23.0
320.76	23.0
342.4	23.0
389.4	23.0
427.12	23.0
306.92	24.0
320.2	24.0
337.0	24.0
9.96	26.0
41.08	26.0
62.68	26.0
65.32	26.0
127.36	26.0
130.28	26.0
134.68	26.0
187.56	26.0
228.0	26.0
278.0	26.0
307.44	26.0
309.96	26.0
315.8	26.0
326.16	26.0
341.88	26.0
392.36	26.0
415.48	26.0
505.92	26.0
65.56	27.0
127.2	27.0
197.64	27.0
231.6	27.0
414.24	27.0
432.48	27.0
83.08	28.0
307.68	28.0
52.12	28.0
194.88	28.0
222.24	28.0
234.16	28.0
240.72	28.0
314.72	28.0
351.6	28.0
219.08	29.0
285.12	29.0
306.48	29.0
220.24	30.0
47.2	30.0
313.12	30.0
322.24	30.0
455.12	30.0
484.88	30.0
135.52	31.0
306.68	31.0
302.88	32.0
7.32	35.0
35.72	35.0
64.16	35.0
82.68	35.0
102.76	35.0
105.64	35.0
119.48	35.0
145.88	35.0
159.8	35.0
202.4	35.0
230.96	35.0
248.48	35.0
254.36	35.0
256.88	35.0
270.64	35.0
309.12	35.0
313.64	35.0
340.28	35.0
361.12	35.0
365.32	35.0
385.76	35.0
393.16	35.0
412.72	35.0
425.96	35.0
434.08	35.0
449.24	35.0
462.6	35.0
487.52	35.0
506.04	35.0
214.68	36.0
270.92	36.0
302.64	36.0
311.84	36.0
365.48	36.0
