72.12	1.0
862.76	1.0
73.36	2.0
133.2	2.0
157.52	2.0
171.24	2.0
179.16	2.0
228.48	2.0
250.08	2.0
256.96	2.0
302.96	2.0
306.68	2.0
309.36	2.0
312.16	2.0
315.4	2.0
344.6	2.0
489.24	2.0
545.16	2.0
682.04	2.0
740.64	2.0
780.24	2.0
841.28	2.0
913.88	2.0
957.12	2.0
980.72	2.0
1086.52	2.0
1187.48	2.0
1245.76	2.0
1289.92	2.0
1299.72	2.0
1346.8	2.0
1368.24	2.0
15.68	3.0
88.44	3.0
197.04	3.0
278.32	3.0
306.08	3.0
308.8	3.0
323.28	3.0
350.8	3.0
419.08	3.0
439.04	3.0
522.36	3.0
590.68	3.0
695.68	3.0
894.56	3.0
1070.36	3.0
1086.28	3.0
1105.68	3.0
1196.16	3.0
306.16	4.0
307.96	5.0
199.6	6.0
318.48	6.0
794.2	6.0
1195.8	6.0
36.92	7.0
207.6	7.0
76.72	7.0
142.4	7.0
306.28	7.0
407.08	7.0
772.52	7.0
216.52	8.0
443.12	8.0
608.76	8.0
649.68	8.0
777.6	8.0
864.24	8.0
927.44	8.0
1069.6	8.0
1128.52	8.0
1165.64	8.0
1215.64	8.0
1355.6	8.0
306.04	9.0
27.76	9.0
299.16	9.0
1028.48	9.0
1079.52	9.0
1255.08	9.0
54.84	10.0
73.84	10.0
344.24	10.0
561.72	10.0
1078.88	10.0
1103.64	10.0
3.8	10.0
69.16	10.0
111.12	10.0
153.24	10.0
248.52	10.0
307.6	10.0
311.0	10.0
543.92	10.0
628.96	10.0
679.16	10.0
747.2	10.0
894.24	10.0
1039.56	10.0
1118.88	10.0
1189.28	10.0
1286.4	10.0
1342.92	10.0
15.76	11.0
197.08	11.0
278.4	11.0
323.0	11.0
798.44	11.0
894.56	11.0
1070.44	11.0
1196.16	11.0
30.84	11.0
77.36	11.0
117.28	11.0
122.2	11.0
124.88	11.0
150.04	11.0
170.2	11.0
212.52	11.0
228.56	11.0
266.16	11.0
270.24	11.0
315.76	11.0
379.16	11.0
418.44	11.0
475.6	11.0
478.96	11.0
554.56	11.0
650.92	11.0
688.28	11.0
735.6	11.0
776.36	11.0
1083.44	11.0
1136.72	11.0
1229.56	11.0
1300.12	11.0
1346.88	11.0
307.44	12.0
318.64	12.0
955.96	12.0
1361.04	12.0
41.0	13.0
90.56	13.0
306.36	13.0
319.88	13.0
588.32	13.0
846.76	13.0
1161.44	13.0
1218.28	13.0
1248.0	13.0
307.72	14.0
564.68	14.0
609.96	14.0
714.72	14.0
796.52	14.0
11.64	15.0
1285.4	15.0
74.96	20.0
770.4	20.0
16.28	20.0
497.0	20.0
778.68	20.0
8.68	21.0
34.16	21.0
45.76	21.0
55.56	21.0
116.16	21.0
122.08	21.0
141.92	21.0
159.64	21.0
184.64	21.0
220.64	21.0
237.32	21.0
241.04	21.0
282.24	21.0
309.4	21.0
321.88	21.0
359.52	21.0
380.8	21.0
419.24	21.0
435.0	21.0
496.48	21.0
559.44	21.0
575.84	21.0
599.88	21.0
618.2	21.0
658.2	21.0
673.56	21.0
696.36	21.0
699.2	21.0
713.92	21.0
725.88	21.0
744.72	21.0
768.04	21.0
779.36	21.0
797.04	21.0
799.56	21.0
837.52	21.0
863.92	21.0
895.32	21.0
926.08	21.0
993.52	21.0
1052.12	21.0
1068.92	21.0
1144.16	21.0
1205.8	21.0
1248.2	21.0
1304.6	21.0
1347.92	21.0
1356.4	21.0
1370.4	21.0
350.56	22.0
1181.28	22.0
7.24	22.0
279.28	22.0
307.2	22.0
333.4	22.0
648.0	22.0
1147.32	22.0
1198.08	22.0
898.92	23.0
85.92	23.0
307.08	23.0
311.36	23.0
318.96	23.0
357.92	23.0
598.68	23.0
748.28	23.0
772.6	23.0
834.88	23.0
1082.8	23.0
1179.88	23.0
1213.2	23.0
1302.96	23.0
1355.68	23.0
1374.48	23.0
33.6	24.0
51.6	24.0
91.32	24.0
117.2	24.0
200.24	24.0
256.84	24.0
306.64	24.0
317.08	24.0
329.4	24.0
350.24	24.0
543.6	24.0
734.12	24.0
832.6	24.0
891.48	24.0
1168.4	24.0
1237.88	24.0
1299.08	24.0
1339.04	24.0
257.12	25.0
716.36	25.0
81.84	25.0
319.4	25.0
1210.0	25.0
1257.24	26.0
18.8	26.0
29.92	26.0
51.76	26.0
62.28	26.0
67.72	26.0
75.52	26.0
94.04	26.0
106.88	26.0
121.56	26.0
138.24	26.0
141.6	26.0
149.88	26.0
164.4	26.0
175.88	26.0
196.28	26.0
204.52	26.0
231.44	26.0
238.96	26.0
252.72	26.0
273.24	26.0
281.12	26.0
298.32	26.0
312.24	26.0
317.48	26.0
324.6	26.0
333.48	26.0
343.64	26.0
353.04	26.0
355.56	26.0
362.96	26.0
377.36	26.0
416.6	26.0
421.12	26.0
430.56	26.0
434.44	26.0
463.24	26.0
468.36	26.0
475.28	26.0
497.4	26.0
520.52	26.0
527.44	26.0
539.88	26.0
549.6	26.0
555.32	26.0
574.0	26.0
578.84	26.0
605.04	26.0
619.16	26.0
668.88	26.0
690.64	26.0
695.36	26.0
712.44	26.0
732.48	26.0
735.6	26.0
758.68	26.0
773.72	26.0
779.92	26.0
792.68	26.0
807.76	26.0
818.68	26.0
839.16	26.0
853.24	26.0
866.08	26.0
869.56	26.0
891.44	26.0
898.24	26.0
919.08	26.0
931.0	26.0
948.12	26.0
956.28	26.0
968.4	26.0
982.36	26.0
992.36	26.0
1017.96	26.0
1033.76	26.0
1048.8	26.0
1089.16	26.0
1118.88	26.0
1130.2	26.0
1145.84	26.0
1161.52	26.0
1181.32	26.0
1199.6	26.0
1235.16	26.0
1246.6	26.0
1278.0	26.0
1292.72	26.0
1299.68	26.0
1315.68	26.0
1319.8	26.0
1356.12	26.0
1366.84	26.0
1378.88	26.0
40.2	27.0
55.88	27.0
75.44	27.0
139.68	27.0
182.08	27.0
244.44	27.0
323.88	27.0
367.16	27.0
525.0	27.0
572.04	27.0
735.28	27.0
1075.6	27.0
27.44	28.0
298.8	28.0
309.0	28.0
322.04	28.0
414.32	28.0
722.84	28.0
757.32	28.0
1028.16	28.0
1075.8	28.0
1107.64	28.0
1138.28	28.0
1181.72	28.0
1254.72	28.0
306.28	29.0
506.04	29.0
13.48	30.0
201.44	30.0
222.44	30.0
282.96	30.0
332.04	30.0
471.76	30.0
498.48	30.0
675.16	30.0
719.04	30.0
746.44	30.0
807.36	30.0
833.4	30.0
851.12	30.0
865.36	30.0
1002.64	30.0
1043.24	30.0
1126.08	30.0
1146.72	30.0
1251.16	30.0
1327.08	30.0
1369.44	30.0
306.24	31.0
1082.44	31.0
1187.52	31.0
307.36	33.0
377.28	33.0
285.52	34.0
306.44	34.0
308.36	35.0
6.12	35.0
35.84	35.0
56.92	35.0
134.8	35.0
160.0	35.0
208.64	35.0
237.76	35.0
252.28	35.0
298.72	35.0
333.4	35.0
357.44	35.0
399.84	35.0
471.8	35.0
480.08	35.0
667.92	35.0
721.28	35.0
773.88	35.0
838.92	35.0
883.4	35.0
936.36	35.0
959.16	35.0
1179.8	35.0
1216.64	35.0
1260.04	35.0
1302.8	35.0
1349.48	35.0
