307.16	1.0
892.72	1.0
953.28	1.0
969.96	1.0
1359.2	1.0
306.2	2.0
17.8	2.0
309.56	2.0
324.4	2.0
341.28	2.0
351.32	2.0
420.6	2.0
633.4	2.0
717.16	2.0
724.72	2.0
755.28	2.0
774.64	2.0
779.12	2.0
783.0	2.0
805.8	2.0
845.04	2.0
858.64	2.0
863.96	2.0
871.2	2.0
886.44	2.0
892.52	2.0
904.36	2.0
951.72	2.0
1075.2	2.0
1273.12	2.0
1277.48	2.0
1281.84	2.0
1297.36	2.0
1314.24	2.0
1333.04	2.0
1345.4	2.0
1356.6	2.0
1359.4	2.0
893.0	3.0
306.28	3.0
310.92	3.0
315.24	3.0
321.44	3.0
323.96	3.0
331.08	3.0
341.84	3.0
344.52	3.0
347.12	3.0
351.48	3.0
359.08	3.0
380.56	3.0
391.44	3.0
401.56	3.0
513.76	3.0
755.04	3.0
791.72	3.0
823.8	3.0
828.28	3.0
847.96	3.0
867.76	3.0
872.96	3.0
886.64	3.0
931.6	3.0
935.0	3.0
958.04	3.0
1016.56	3.0
1339.12	3.0
1362.48	3.0
1366.08	3.0
308.2	4.0
317.88	4.0
803.24	4.0
805.76	4.0
809.24	4.0
323.68	4.0
332.92	4.0
344.16	4.0
360.8	4.0
380.2	4.0
387.92	4.0
402.32	4.0
422.08	4.0
434.48	4.0
788.4	4.0
825.84	4.0
843.84	4.0
850.96	4.0
867.12	4.0
870.56	4.0
886.36	4.0
906.32	4.0
923.56	4.0
936.52	4.0
957.6	4.0
972.52	4.0
1036.96	4.0
1368.08	4.0
840.04	5.0
313.64	5.0
333.8	5.0
269.44	6.0
323.88	6.0
331.72	6.0
336.88	6.0
353.8	6.0
385.12	6.0
420.12	6.0
735.08	6.0
818.6	6.0
835.32	6.0
872.28	6.0
909.36	6.0
961.56	6.0
1033.08	6.0
19.68	7.0
869.04	7.0
950.28	7.0
675.08	8.0
119.2	8.0
180.04	8.0
272.36	8.0
323.32	8.0
345.36	8.0
465.12	8.0
693.56	8.0
826.44	8.0
846.44	8.0
900.4	8.0
1073.96	8.0
1128.68	8.0
1273.16	8.0
1294.32	8.0
1306.96	8.0
70.12	9.0
307.92	9.0
849.84	9.0
910.84	9.0
1282.32	9.0
1332.6	9.0
874.44	10.0
1014.68	10.0
1347.6	10.0
73.88	10.0
167.16	10.0
282.0	10.0
307.08	10.0
310.64	10.0
318.68	10.0
363.24	10.0
706.48	10.0
755.48	10.0
842.0	10.0
870.64	10.0
942.16	10.0
1173.6	10.0
1333.56	10.0
1357.4	10.0
360.44	11.0
894.8	11.0
1362.48	11.0
306.68	11.0
311.52	11.0
322.16	11.0
324.96	11.0
332.56	11.0
336.4	11.0
351.28	11.0
372.08	11.0
415.84	11.0
420.8	11.0
764.0	11.0
777.28	11.0
823.76	11.0
842.32	11.0
849.64	11.0
870.28	11.0
873.44	11.0
877.2	11.0
901.36	11.0
905.52	11.0
941.32	11.0
1078.76	11.0
1300.12	11.0
1330.76	11.0
1345.08	11.0
1350.08	11.0
1358.04	11.0
1366.44	11.0
938.08	12.0
1307.32	12.0
318.72	12.0
336.52	12.0
404.92	12.0
741.44	12.0
1268.56	12.0
307.0	13.0
319.4	13.0
330.56	13.0
383.16	13.0
871.68	13.0
14.96	14.0
85.16	14.0
121.4	14.0
202.92	14.0
236.76	14.0
283.24	14.0
309.72	14.0
328.96	14.0
704.84	14.0
737.28	14.0
795.84	14.0
843.12	14.0
1191.32	14.0
1241.08	14.0
1336.16	14.0
1358.84	14.0
241.28	15.0
308.32	15.0
728.84	15.0
761.68	16.0
833.16	16.0
1162.16	16.0
1333.12	16.0
849.36	17.0
457.36	18.0
314.36	18.0
307.8	19.0
363.56	19.0
752.52	19.0
813.36	19.0
845.28	19.0
169.44	20.0
360.44	20.0
785.0	20.0
914.2	20.0
948.0	20.0
307.84	21.0
312.8	21.0
318.32	21.0
321.24	21.0
327.52	21.0
335.44	21.0
348.32	21.0
363.2	21.0
387.48	21.0
854.44	21.0
871.36	21.0
908.0	21.0
914.48	21.0
944.48	21.0
1310.92	21.0
1333.76	21.0
1350.16	21.0
1355.68	21.0
1363.0	21.0
80.32	22.0
89.76	22.0
121.0	22.0
207.12	22.0
289.36	22.0
312.48	22.0
322.12	22.0
339.24	22.0
352.48	22.0
355.52	22.0
403.32	22.0
427.68	22.0
741.16	22.0
784.24	22.0
809.8	22.0
834.92	22.0
855.36	22.0
884.32	22.0
963.24	22.0
1021.2	22.0
1331.08	22.0
1341.68	22.0
1354.72	22.0
451.88	23.0
755.4	23.0
788.88	23.0
861.4	23.0
310.24	23.0
314.64	23.0
324.48	23.0
327.56	23.0
347.96	23.0
381.0	23.0
406.08	23.0
430.36	23.0
728.08	23.0
771.92	23.0
786.36	23.0
826.04	23.0
838.08	23.0
847.92	23.0
851.84	23.0
870.32	23.0
877.32	23.0
950.72	23.0
959.84	23.0
1289.76	23.0
1332.92	23.0
1337.0	23.0
1358.72	23.0
1072.16	24.0
1334.16	24.0
137.68	24.0
306.96	24.0
317.28	24.0
325.2	24.0
328.56	24.0
344.16	24.0
386.6	24.0
771.88	24.0
798.2	24.0
805.92	24.0
842.88	24.0
904.12	24.0
1118.52	24.0
1339.24	24.0
1363.32	24.0
85.6	25.0
137.4	25.0
253.08	25.0
750.6	25.0
795.68	25.0
871.64	25.0
888.8	25.0
1120.2	25.0
1293.64	25.0
1339.16	25.0
17.96	26.0
1327.84	26.0
21.68	26.0
52.52	26.0
66.4	26.0
77.92	26.0
87.52	26.0
97.0	26.0
103.88	26.0
139.36	26.0
146.16	26.0
161.16	26.0
240.48	26.0
255.32	26.0
310.0	26.0
314.6	26.0
320.44	26.0
326.64	26.0
337.88	26.0
352.72	26.0
357.04	26.0
359.56	26.0
370.28	26.0
382.12	26.0
389.12	26.0
408.16	26.0
420.64	26.0
447.04	26.0
509.8	26.0
515.24	26.0
577.2	26.0
704.92	26.0
711.32	26.0
737.88	26.0
748.88	26.0
753.16	26.0
774.12	26.0
798.84	26.0
815.64	26.0
823.8	26.0
832.44	26.0
844.72	26.0
848.92	26.0
870.04	26.0
877.48	26.0
891.24	26.0
907.4	26.0
927.56	26.0
930.72	26.0
945.84	26.0
951.88	26.0
976.44	26.0
990.96	26.0
1074.56	26.0
1089.8	26.0
1138.76	26.0
1162.96	26.0
1212.84	26.0
1245.36	26.0
1254.04	26.0
1263.08	26.0
1279.2	26.0
1286.76	26.0
1295.72	26.0
1335.92	26.0
1341.52	26.0
1350.44	26.0
1364.16	26.0
334.0	27.0
308.4	28.0
69.72	28.0
312.56	28.0
320.44	28.0
327.72	28.0
333.28	28.0
348.96	28.0
733.32	28.0
816.6	28.0
849.48	28.0
1082.96	28.0
1150.32	28.0
1281.96	28.0
1306.48	28.0
1351.16	28.0
1359.24	28.0
335.68	29.0
928.96	29.0
1306.28	29.0
172.04	30.0
315.36	30.0
328.56	30.0
360.16	30.0
378.76	30.0
699.2	30.0
758.16	30.0
787.48	30.0
1074.16	30.0
1168.76	30.0
1188.64	30.0
1273.2	30.0
1295.28	30.0
1341.72	30.0
1360.52	30.0
306.36	31.0
320.4	31.0
330.32	31.0
323.0	34.0
859.64	34.0
1339.36	34.0
28.16	35.0
45.56	35.0
55.8	35.0
169.96	35.0
192.92	35.0
230.44	35.0
308.8	35.0
312.2	35.0
320.56	35.0
341.52	35.0
366.52	35.0
372.24	35.0
386.52	35.0
404.76	35.0
410.44	35.0
422.2	35.0
426.04	35.0
444.24	35.0
483.4	35.0
635.16	35.0
726.28	35.0
776.64	35.0
785.52	35.0
799.88	35.0
802.76	35.0
824.2	35.0
838.36	35.0
845.16	35.0
849.92	35.0
863.16	35.0
887.96	35.0
894.28	35.0
904.28	35.0
913.28	35.0
924.36	35.0
938.8	35.0
962.28	35.0
984.48	35.0
1007.2	35.0
1024.84	35.0
1046.12	35.0
1071.72	35.0
1115.56	35.0
1122.08	35.0
1277.24	35.0
1289.6	35.0
1323.36	35.0
1337.84	35.0
1356.52	35.0
1363.92	35.0
6.92	36.0
94.96	36.0
184.68	36.0
302.76	36.0
319.4	36.0
337.4	36.0
358.72	36.0
776.44	36.0
811.32	36.0
847.0	36.0
958.28	36.0
1292.96	36.0
1334.28	36.0
