27.48	2.0
198.8	2.0
204.76	2.0
303.0	2.0
309.6	2.0
315.6	2.0
319.8	2.0
325.96	2.0
356.2	2.0
359.76	2.0
151.28	3.0
249.84	3.0
315.52	3.0
319.4	3.0
326.44	3.0
368.84	3.0
302.96	4.0
311.88	4.0
323.24	4.0
326.24	4.0
325.64	5.0
309.16	5.0
320.36	5.0
343.2	5.0
327.0	6.0
331.84	7.0
354.8	7.0
381.88	7.0
313.44	8.0
324.32	8.0
327.8	8.0
340.04	8.0
373.68	8.0
524.28	8.0
349.08	9.0
104.6	10.0
162.92	10.0
253.88	10.0
311.16	10.0
324.96	10.0
349.68	10.0
520.08	10.0
674.48	10.0
380.44	11.0
533.36	11.0
314.72	11.0
318.12	11.0
325.04	11.0
343.16	11.0
352.56	11.0
1147.92	12.0
311.28	12.0
315.48	12.0
343.16	12.0
322.44	13.0
330.08	13.0
265.2	14.0
319.44	14.0
334.24	14.0
446.92	14.0
328.6	15.0
277.84	16.0
326.56	16.0
375.16	17.0
359.12	17.0
340.88	18.0
309.48	18.0
70.8	20.0
359.48	21.0
8.44	21.0
227.44	21.0
281.76	21.0
309.6	21.0
320.92	21.0
323.96	21.0
331.6	21.0
340.76	21.0
346.56	21.0
366.8	21.0
398.04	21.0
414.84	21.0
465.32	21.0
562.84	21.0
282.28	22.0
309.44	22.0
323.72	22.0
309.28	23.0
55.36	23.0
272.04	23.0
316.6	23.0
323.68	23.0
332.96	23.0
345.64	23.0
354.08	23.0
379.16	23.0
471.64	23.0
316.28	24.0
322.16	24.0
325.04	24.0
335.0	24.0
347.72	24.0
351.08	24.0
385.92	24.0
410.88	24.0
351.36	25.0
386.16	25.0
317.84	25.0
319.16	26.0
68.52	26.0
105.4	26.0
127.56	26.0
195.2	26.0
220.64	26.0
269.4	26.0
315.36	26.0
323.32	26.0
331.6	26.0
339.36	26.0
351.64	26.0
362.48	26.0
366.8	26.0
378.76	26.0
389.56	26.0
392.52	26.0
404.44	26.0
425.84	26.0
445.96	26.0
450.48	26.0
465.56	26.0
484.6	26.0
494.84	26.0
528.12	26.0
539.4	26.0
558.88	26.0
586.16	26.0
618.16	26.0
627.2	26.0
680.72	26.0
343.96	27.0
560.12	27.0
205.68	28.0
312.04	28.0
318.88	28.0
323.24	28.0
329.92	28.0
341.04	28.0
329.72	29.0
310.64	30.0
323.28	30.0
340.32	30.0
356.76	30.0
523.72	30.0
309.28	31.0
340.4	31.0
348.48	31.0
302.96	32.0
340.84	33.0
315.04	33.0
311.12	35.0
94.48	35.0
286.68	35.0
318.64	35.0
325.36	35.0
332.48	35.0
340.92	35.0
361.08	35.0
396.96	35.0
412.52	35.0
421.84	35.0
351.28	36.0
302.72	36.0
325.64	36.0
