334.64	1.0
21.6	1.0
311.88	1.0
315.48	1.0
332.08	1.0
613.6	1.0
312.08	2.0
22.04	2.0
89.4	2.0
206.48	2.0
232.48	2.0
267.68	2.0
297.12	2.0
303.0	2.0
309.32	2.0
315.16	2.0
319.72	2.0
332.52	2.0
337.16	2.0
352.44	2.0
392.48	2.0
511.96	2.0
613.96	2.0
720.76	2.0
740.24	2.0
311.92	3.0
355.76	3.0
108.92	3.0
315.04	3.0
319.28	3.0
326.84	3.0
332.72	3.0
337.36	3.0
342.32	3.0
351.6	3.0
361.96	3.0
369.48	3.0
378.48	3.0
392.04	3.0
429.6	3.0
466.04	3.0
529.12	3.0
577.56	3.0
620.4	3.0
642.48	3.0
647.44	3.0
676.56	3.0
697.76	3.0
312.72	4.0
345.0	5.0
311.92	5.0
314.64	5.0
360.12	5.0
701.2	5.0
749.84	5.0
63.68	6.0
311.6	6.0
319.56	6.0
461.76	6.0
960.0	6.0
311.36	7.0
420.44	7.0
500.92	7.0
523.36	7.0
555.32	7.0
611.56	7.0
313.88	8.0
347.2	8.0
66.84	10.0
181.0	10.0
697.36	10.0
26.52	10.0
151.68	10.0
244.48	10.0
310.64	10.0
324.52	10.0
344.32	10.0
539.16	10.0
653.56	10.0
729.12	10.0
862.24	10.0
20.84	11.0
108.96	11.0
620.44	11.0
676.56	11.0
814.52	11.0
850.32	11.0
309.52	11.0
312.48	11.0
324.84	11.0
329.32	11.0
340.64	11.0
352.28	11.0
470.08	11.0
529.12	11.0
647.28	11.0
698.6	11.0
35.48	12.0
176.52	12.0
293.8	12.0
310.56	12.0
337.4	12.0
351.72	12.0
497.68	12.0
585.88	12.0
617.84	12.0
643.24	12.0
311.6	13.0
314.6	13.0
326.6	13.0
352.96	13.0
616.8	13.0
779.8	13.0
311.72	14.0
288.64	14.0
318.64	14.0
326.08	14.0
365.68	14.0
371.48	14.0
377.04	14.0
317.96	15.0
350.96	15.0
128.2	15.0
678.56	15.0
698.6	15.0
706.4	15.0
744.56	15.0
350.24	16.0
329.56	18.0
342.16	18.0
403.76	18.0
312.12	20.0
324.64	20.0
341.56	20.0
353.28	20.0
361.04	20.0
498.04	20.0
540.04	20.0
333.92	21.0
355.84	21.0
567.8	21.0
3.72	21.0
89.64	21.0
92.76	21.0
203.84	21.0
248.12	21.0
281.8	21.0
297.36	21.0
312.52	21.0
319.96	21.0
327.76	21.0
340.6	21.0
345.28	21.0
372.36	21.0
384.12	21.0
414.48	21.0
431.88	21.0
467.48	21.0
499.88	21.0
534.8	21.0
565.04	21.0
601.84	21.0
604.36	21.0
641.84	21.0
648.4	21.0
673.96	21.0
700.68	21.0
710.12	21.0
756.16	21.0
816.28	21.0
832.84	22.0
309.88	22.0
313.2	22.0
316.24	22.0
320.2	22.0
334.28	22.0
355.48	22.0
393.52	22.0
326.64	23.0
309.2	23.0
312.8	23.0
316.64	23.0
330.36	23.0
337.2	23.0
346.72	23.0
351.52	23.0
369.72	23.0
390.6	23.0
435.6	23.0
901.84	23.0
314.12	24.0
326.32	24.0
337.8	24.0
353.56	24.0
366.6	24.0
371.8	24.0
374.68	24.0
378.52	24.0
586.64	24.0
659.4	24.0
338.2	25.0
353.84	25.0
374.92	25.0
317.88	25.0
327.32	25.0
333.16	25.0
350.84	25.0
597.12	25.0
34.32	26.0
57.68	26.0
122.72	26.0
173.44	26.0
182.0	26.0
212.48	26.0
215.52	26.0
239.84	26.0
309.32	26.0
314.12	26.0
318.84	26.0
325.48	26.0
334.4	26.0
338.4	26.0
343.0	26.0
349.48	26.0
354.96	26.0
363.16	26.0
375.24	26.0
385.88	26.0
407.32	26.0
415.16	26.0
421.72	26.0
426.36	26.0
438.04	26.0
454.16	26.0
483.36	26.0
503.2	26.0
510.96	26.0
527.28	26.0
552.24	26.0
561.64	26.0
581.84	26.0
610.56	26.0
622.48	26.0
658.4	26.0
681.24	26.0
761.08	26.0
815.48	26.0
820.08	26.0
840.84	26.0
882.32	26.0
903.6	26.0
954.2	26.0
318.48	27.0
343.56	27.0
395.4	27.0
487.52	27.0
544.52	27.0
700.72	27.0
309.64	28.0
313.92	28.0
320.72	28.0
335.16	28.0
347.0	28.0
367.36	28.0
375.16	28.0
385.84	28.0
402.12	28.0
406.12	28.0
426.08	28.0
630.32	28.0
311.04	30.0
212.4	30.0
335.64	30.0
342.64	30.0
355.88	30.0
380.36	30.0
445.68	30.0
456.12	30.0
632.4	30.0
778.32	30.0
342.0	31.0
310.84	31.0
328.16	31.0
359.64	31.0
370.32	31.0
377.04	31.0
404.0	31.0
319.84	33.0
338.24	33.0
341.92	33.0
319.64	34.0
346.96	34.0
349.6	35.0
312.48	35.0
316.6	35.0
325.2	35.0
328.92	35.0
340.36	35.0
344.2	35.0
352.12	35.0
355.64	35.0
358.64	35.0
361.96	35.0
364.72	35.0
372.6	35.0
375.12	35.0
383.2	35.0
390.56	35.0
400.4	35.0
412.6	35.0
418.36	35.0
434.68	35.0
636.84	35.0
652.52	35.0
715.08	35.0
772.92	35.0
809.92	35.0
839.8	35.0
353.84	36.0
302.64	36.0
