308.48	1.0
146.08	1.0
272.4	1.0
1004.12	1.0
1053.04	1.0
1270.64	1.0
306.36	2.0
309.16	2.0
313.96	2.0
146.52	2.0
227.64	2.0
236.2	2.0
250.24	2.0
274.2	2.0
293.12	2.0
321.36	2.0
330.04	2.0
332.76	2.0
335.52	2.0
986.04	2.0
1010.24	2.0
1023.48	2.0
1038.24	2.0
1051.72	2.0
1124.76	2.0
1210.96	2.0
1340.48	2.0
1420.16	2.0
1423.36	2.0
235.92	3.0
307.36	3.0
313.2	3.0
316.28	3.0
325.28	3.0
328.96	3.0
335.64	3.0
343.04	3.0
1013.32	3.0
1045.16	3.0
1051.64	3.0
1073.48	3.0
1117.68	3.0
1146.76	3.0
1303.44	3.0
1332.12	3.0
1340.68	3.0
59.04	4.0
232.08	4.0
309.44	4.0
1296.44	4.0
1330.44	4.0
1345.36	4.0
1362.24	4.0
1405.76	4.0
1455.28	4.0
298.52	5.0
306.36	5.0
317.84	5.0
352.28	5.0
1345.68	5.0
218.92	6.0
326.84	6.0
363.48	6.0
174.08	7.0
308.92	7.0
315.56	7.0
355.68	7.0
1042.16	7.0
1407.56	7.0
1310.12	8.0
317.44	8.0
332.96	8.0
1073.28	8.0
1339.24	8.0
225.56	9.0
316.32	9.0
319.56	9.0
1007.56	9.0
312.08	10.0
315.68	10.0
363.92	10.0
473.64	10.0
1140.24	10.0
168.44	10.0
307.28	10.0
998.64	10.0
1209.16	10.0
1340.72	10.0
1435.48	10.0
1073.52	11.0
1342.68	11.0
312.76	11.0
323.48	11.0
353.4	11.0
1003.12	11.0
1017.56	11.0
1025.88	11.0
1048.08	11.0
1124.88	11.0
1333.12	11.0
273.36	12.0
1071.6	12.0
318.4	12.0
334.0	12.0
1032.6	12.0
1191.52	12.0
1270.48	12.0
1285.72	12.0
32.04	13.0
227.6	13.0
276.64	13.0
311.08	13.0
317.28	13.0
322.64	13.0
325.4	13.0
379.12	13.0
1034.12	13.0
1053.68	13.0
1100.04	13.0
1352.48	13.0
234.48	14.0
325.4	14.0
1345.88	14.0
1358.44	14.0
276.28	15.0
307.32	15.0
1182.28	15.0
308.0	16.0
314.32	18.0
313.44	19.0
306.0	20.0
320.04	21.0
32.16	21.0
37.44	21.0
266.6	21.0
297.32	21.0
309.52	21.0
314.36	21.0
316.88	21.0
322.64	21.0
331.44	21.0
343.52	21.0
361.08	21.0
363.6	21.0
1014.52	21.0
1024.24	21.0
1027.68	21.0
1038.48	21.0
1054.4	21.0
1072.56	21.0
1082.8	21.0
1089.68	21.0
1116.4	21.0
1286.72	21.0
1298.36	21.0
1327.8	21.0
1343.24	21.0
1356.48	21.0
1383.08	21.0
1408.96	21.0
311.08	22.0
320.0	22.0
322.52	22.0
342.8	22.0
502.6	22.0
1072.08	22.0
306.2	23.0
1026.36	23.0
32.6	23.0
56.32	23.0
229.12	23.0
232.16	23.0
308.84	23.0
311.36	23.0
314.52	23.0
318.08	23.0
325.04	23.0
327.96	23.0
333.84	23.0
342.96	23.0
383.24	23.0
1018.12	23.0
1032.32	23.0
1122.16	23.0
1196.68	23.0
1272.56	23.0
1290.6	23.0
1294.76	23.0
1301.72	23.0
1330.16	23.0
1350.08	23.0
1384.28	23.0
308.76	24.0
7.8	24.0
306.2	24.0
315.56	24.0
335.72	24.0
408.56	24.0
1016.88	24.0
1036.2	24.0
1051.52	24.0
1074.28	24.0
1104.8	24.0
1276.96	24.0
1302.72	24.0
1344.72	24.0
1358.36	24.0
1381.04	24.0
1389.76	24.0
307.28	25.0
319.88	25.0
363.28	26.0
35.92	26.0
47.76	26.0
73.24	26.0
83.68	26.0
106.0	26.0
158.36	26.0
173.88	26.0
203.56	26.0
227.4	26.0
267.64	26.0
283.4	26.0
310.0	26.0
314.44	26.0
321.24	26.0
327.76	26.0
336.44	26.0
345.64	26.0
356.0	26.0
380.16	26.0
396.56	26.0
424.32	26.0
462.84	26.0
997.6	26.0
1001.36	26.0
1015.28	26.0
1021.4	26.0
1045.0	26.0
1057.96	26.0
1063.4	26.0
1067.12	26.0
1108.04	26.0
1119.6	26.0
1181.48	26.0
1200.84	26.0
1209.64	26.0
1234.32	26.0
1240.48	26.0
1258.68	26.0
1281.64	26.0
1295.04	26.0
1332.0	26.0
1334.6	26.0
1354.16	26.0
1375.64	26.0
1379.84	26.0
1402.48	26.0
1413.44	26.0
1356.04	27.0
307.48	27.0
1087.32	27.0
1177.48	27.0
1286.8	27.0
307.8	28.0
1090.56	28.0
312.68	28.0
315.44	28.0
318.56	28.0
323.6	28.0
988.6	28.0
1029.68	28.0
1323.36	28.0
318.96	29.0
332.16	29.0
1324.28	30.0
312.6	30.0
318.48	30.0
326.12	30.0
332.0	30.0
347.88	30.0
1012.24	30.0
1038.0	30.0
1074.44	30.0
1177.96	30.0
1304.44	30.0
318.08	31.0
328.4	31.0
968.48	31.0
1074.64	31.0
1383.0	31.0
302.88	33.0
328.52	33.0
1070.28	33.0
308.52	33.0
1172.64	33.0
302.6	34.0
315.44	34.0
244.2	34.0
309.32	34.0
307.72	35.0
333.56	35.0
1026.48	35.0
1301.36	35.0
25.44	35.0
232.04	35.0
240.84	35.0
244.56	35.0
313.72	35.0
317.24	35.0
322.36	35.0
327.24	35.0
344.92	35.0
360.96	35.0
576.76	35.0
1007.4	35.0
1030.32	35.0
1032.96	35.0
1049.8	35.0
1060.56	35.0
1067.48	35.0
1073.0	35.0
1087.2	35.0
1242.0	35.0
1284.76	35.0
1294.24	35.0
1320.64	35.0
1345.84	35.0
1349.28	35.0
1362.4	35.0
1403.16	35.0
231.96	36.0
302.72	36.0
308.28	36.0
314.84	36.0
1301.52	36.0
