311.28	1.0
987.52	1.0
43.88	1.0
140.24	1.0
29.8	2.0
140.6	2.0
181.4	2.0
190.84	2.0
199.96	2.0
224.36	2.0
309.2	2.0
315.44	2.0
318.16	2.0
331.72	2.0
336.76	2.0
341.56	2.0
354.32	2.0
386.52	2.0
969.56	2.0
977.8	2.0
980.52	2.0
992.44	2.0
996.44	2.0
1249.72	2.0
1333.28	2.0
309.96	3.0
331.36	3.0
206.0	3.0
267.72	3.0
302.84	3.0
313.44	3.0
318.08	3.0
322.96	3.0
335.44	3.0
341.48	3.0
351.44	3.0
356.72	3.0
363.36	3.0
366.68	3.0
398.04	3.0
462.28	3.0
473.36	3.0
971.04	3.0
978.0	3.0
1005.2	3.0
1023.4	3.0
1053.0	3.0
302.92	4.0
339.88	4.0
309.28	4.0
321.68	4.0
335.2	4.0
366.04	4.0
425.52	4.0
947.76	4.0
309.48	5.0
1004.24	5.0
316.84	5.0
328.76	5.0
419.24	5.0
988.6	5.0
321.28	6.0
338.16	6.0
422.56	6.0
1074.92	6.0
317.16	7.0
370.44	7.0
392.08	7.0
1008.88	7.0
66.96	8.0
234.32	8.0
1010.76	8.0
309.92	8.0
323.4	8.0
337.36	8.0
347.88	8.0
988.8	8.0
1015.12	8.0
311.44	9.0
319.28	9.0
332.8	9.0
191.6	10.0
990.56	10.0
4.2	10.0
102.4	10.0
187.52	10.0
310.32	10.0
318.08	10.0
341.52	10.0
1380.96	10.0
206.08	11.0
313.52	11.0
339.44	11.0
473.36	11.0
980.4	11.0
1005.2	11.0
190.08	11.0
310.52	11.0
330.12	11.0
350.64	11.0
402.2	11.0
974.96	11.0
988.92	11.0
992.48	11.0
1057.2	11.0
93.48	12.0
170.72	12.0
351.88	12.0
943.88	12.0
979.96	12.0
1003.88	12.0
1020.6	12.0
1118.84	12.0
311.24	13.0
319.92	13.0
324.44	13.0
331.28	13.0
336.0	13.0
351.68	13.0
981.24	13.0
991.68	13.0
1006.28	13.0
1021.16	13.0
1069.92	13.0
309.68	14.0
325.36	14.0
339.16	14.0
349.08	14.0
405.48	14.0
329.24	16.0
352.72	16.0
318.72	18.0
322.12	18.0
325.44	18.0
978.64	18.0
331.88	18.0
316.16	19.0
317.56	20.0
352.08	21.0
205.04	21.0
309.56	21.0
312.4	21.0
320.04	21.0
327.28	21.0
340.6	21.0
363.08	21.0
373.92	21.0
390.16	21.0
948.84	21.0
962.52	21.0
969.08	21.0
978.88	21.0
991.36	21.0
995.0	21.0
999.28	21.0
1009.36	21.0
1012.2	21.0
1020.24	21.0
1030.2	21.0
1042.6	21.0
1057.12	21.0
1075.28	21.0
83.28	22.0
163.56	22.0
205.64	22.0
310.6	22.0
319.52	22.0
326.32	22.0
340.76	22.0
347.76	22.0
978.16	22.0
1007.12	22.0
978.96	23.0
39.48	23.0
96.24	23.0
209.28	23.0
216.52	23.0
312.52	23.0
319.04	23.0
327.48	23.0
333.12	23.0
335.8	23.0
342.56	23.0
352.44	23.0
367.56	23.0
433.52	23.0
836.12	23.0
927.72	23.0
944.56	23.0
951.92	23.0
958.04	23.0
965.12	23.0
969.4	23.0
989.4	23.0
1003.52	23.0
1024.72	23.0
1058.0	23.0
1145.44	23.0
315.72	24.0
322.4	24.0
326.8	24.0
335.72	24.0
353.64	24.0
368.96	24.0
498.52	24.0
966.36	24.0
978.24	24.0
989.76	24.0
1001.92	24.0
1010.92	24.0
1029.52	24.0
1063.56	24.0
336.04	25.0
354.0	25.0
1029.68	25.0
320.28	25.0
327.56	25.0
1145.72	26.0
68.28	26.0
119.4	26.0
161.08	26.0
221.56	26.0
258.64	26.0
273.04	26.0
309.32	26.0
314.32	26.0
318.72	26.0
325.52	26.0
331.48	26.0
335.08	26.0
340.04	26.0
347.44	26.0
352.28	26.0
362.44	26.0
372.4	26.0
387.88	26.0
399.32	26.0
404.6	26.0
418.56	26.0
428.28	26.0
445.84	26.0
469.4	26.0
485.64	26.0
507.32	26.0
549.32	26.0
957.8	26.0
977.84	26.0
989.24	26.0
1001.76	26.0
1018.4	26.0
1022.8	26.0
1028.6	26.0
1041.4	26.0
1052.68	26.0
1056.64	26.0
1100.0	26.0
1125.04	26.0
1148.68	26.0
1157.6	26.0
1182.0	26.0
1202.48	26.0
1231.96	26.0
1249.2	26.0
1291.88	26.0
1344.96	26.0
1406.96	26.0
1039.04	27.0
1078.76	27.0
351.36	27.0
982.64	27.0
1145.8	27.0
309.64	28.0
335.08	28.0
192.76	28.0
312.96	28.0
318.88	28.0
323.28	28.0
347.08	28.0
388.32	28.0
951.96	28.0
1001.64	28.0
323.4	29.0
318.6	29.0
176.44	30.0
233.96	30.0
311.6	30.0
323.24	30.0
327.76	30.0
339.6	30.0
342.96	30.0
368.08	30.0
967.84	30.0
985.96	30.0
1011.48	30.0
1014.0	30.0
318.92	31.0
331.32	31.0
339.08	31.0
350.12	31.0
949.92	31.0
970.52	31.0
995.08	31.0
317.32	33.0
1016.44	33.0
311.92	33.0
969.56	33.0
319.2	34.0
33.24	34.0
322.04	34.0
39.16	35.0
322.2	35.0
21.76	35.0
209.16	35.0
311.12	35.0
314.8	35.0
319.4	35.0
327.04	35.0
330.84	35.0
341.12	35.0
352.96	35.0
363.08	35.0
377.44	35.0
405.12	35.0
433.52	35.0
473.2	35.0
952.52	35.0
959.2	35.0
967.2	35.0
978.28	35.0
983.2	35.0
990.64	35.0
1019.6	35.0
1029.36	35.0
1041.2	35.0
1107.28	35.0
1149.96	35.0
1218.56	35.0
322.56	36.0
302.72	36.0
314.28	36.0
