307.92	1.0
316.56	1.0
325.88	1.0
385.76	1.0
408.12	1.0
375.76	2.0
432.08	2.0
303.0	2.0
306.92	2.0
314.56	2.0
317.12	2.0
322.68	2.0
326.88	2.0
331.2	2.0
346.24	2.0
364.44	2.0
386.12	2.0
417.04	2.0
463.36	2.0
480.52	2.0
490.12	2.0
603.44	2.0
647.52	2.0
658.6	2.0
678.24	2.0
697.04	2.0
790.16	2.0
956.68	2.0
1096.08	2.0
1151.0	2.0
308.0	3.0
313.8	3.0
317.64	3.0
322.52	3.0
325.64	3.0
330.6	3.0
342.6	3.0
370.16	3.0
376.24	3.0
467.4	3.0
489.56	3.0
562.92	3.0
603.84	3.0
628.44	3.0
669.12	3.0
748.6	3.0
852.24	3.0
940.16	3.0
1085.52	3.0
302.96	4.0
442.4	4.0
706.68	4.0
317.48	4.0
332.0	4.0
335.36	4.0
318.68	5.0
307.88	6.0
328.84	6.0
341.48	6.0
345.0	6.0
401.6	6.0
438.8	6.0
485.64	6.0
617.28	6.0
879.84	6.0
914.24	6.0
1348.64	6.0
315.08	7.0
307.8	7.0
324.68	7.0
345.8	7.0
351.56	7.0
355.76	7.0
462.04	7.0
594.24	7.0
632.56	7.0
688.68	7.0
858.08	7.0
895.12	7.0
307.96	8.0
318.52	8.0
325.64	8.0
356.52	8.0
420.32	8.0
488.96	8.0
555.76	8.0
608.8	8.0
663.48	8.0
332.92	9.0
339.36	9.0
744.8	9.0
889.44	9.0
341.36	10.0
358.16	10.0
432.4	10.0
490.64	10.0
626.72	10.0
666.68	10.0
689.8	10.0
1085.4	10.0
1178.84	10.0
307.56	10.0
312.76	10.0
319.52	10.0
323.8	10.0
326.64	10.0
330.88	10.0
338.64	10.0
329.32	11.0
331.84	11.0
357.44	11.0
489.6	11.0
563.0	11.0
603.96	11.0
748.64	11.0
797.64	11.0
900.6	11.0
940.2	11.0
998.44	11.0
1085.56	11.0
1184.2	11.0
306.72	11.0
314.08	11.0
319.24	11.0
322.72	11.0
340.64	11.0
344.8	11.0
352.52	11.0
376.04	11.0
394.84	11.0
487.0	11.0
582.04	11.0
659.52	11.0
727.16	11.0
929.84	11.0
312.16	12.0
307.36	12.0
329.24	12.0
344.16	12.0
489.56	12.0
750.4	12.0
1230.88	12.0
306.84	13.0
312.0	13.0
323.2	13.0
325.92	13.0
330.56	13.0
340.4	13.0
634.16	13.0
1089.48	13.0
308.2	14.0
321.16	14.0
332.56	14.0
345.64	14.0
352.12	14.0
323.56	15.0
307.96	15.0
320.0	15.0
467.8	15.0
808.92	15.0
329.56	16.0
326.08	18.0
306.16	18.0
343.4	18.0
355.76	18.0
326.28	19.0
307.56	20.0
354.88	20.0
1054.04	20.0
1179.32	20.0
346.72	20.0
629.32	20.0
1075.36	20.0
717.88	21.0
312.68	21.0
318.68	21.0
321.56	21.0
326.88	21.0
331.4	21.0
339.48	21.0
346.32	21.0
355.4	21.0
368.64	21.0
378.16	21.0
399.52	21.0
418.6	21.0
445.52	21.0
469.4	21.0
491.4	21.0
519.0	21.0
536.4	21.0
563.96	21.0
605.72	21.0
648.92	21.0
658.68	21.0
704.2	21.0
710.36	21.0
729.72	21.0
740.56	21.0
805.04	21.0
839.44	21.0
860.28	21.0
872.44	21.0
905.4	21.0
945.8	21.0
992.72	21.0
1054.28	21.0
1060.2	21.0
1122.48	21.0
1181.4	21.0
312.84	22.0
320.12	22.0
322.92	22.0
329.92	22.0
345.76	22.0
382.28	22.0
485.56	22.0
556.88	22.0
622.64	22.0
675.0	22.0
717.84	22.0
1042.72	22.0
312.0	23.0
348.28	23.0
308.04	23.0
318.56	23.0
322.84	23.0
329.76	23.0
339.88	23.0
345.76	23.0
355.4	23.0
376.28	23.0
403.88	23.0
456.88	23.0
490.04	23.0
815.32	23.0
900.88	23.0
306.92	24.0
313.08	24.0
318.2	24.0
324.24	24.0
335.0	24.0
338.32	24.0
361.32	24.0
456.68	24.0
501.6	24.0
520.88	24.0
594.96	24.0
622.16	24.0
708.04	24.0
792.36	24.0
798.12	24.0
314.56	25.0
320.4	25.0
323.32	25.0
338.08	25.0
357.64	25.0
512.24	26.0
534.76	26.0
313.68	26.0
317.36	26.0
320.12	26.0
327.16	26.0
333.4	26.0
338.2	26.0
344.56	26.0
354.4	26.0
360.04	26.0
369.64	26.0
374.2	26.0
382.6	26.0
399.52	26.0
405.56	26.0
419.72	26.0
430.4	26.0
441.72	26.0
457.6	26.0
461.96	26.0
486.32	26.0
531.72	26.0
545.32	26.0
555.48	26.0
575.64	26.0
590.4	26.0
623.08	26.0
647.04	26.0
655.0	26.0
699.0	26.0
748.36	26.0
800.84	26.0
820.56	26.0
886.96	26.0
956.08	26.0
1020.32	26.0
1027.92	26.0
1083.28	26.0
1113.32	26.0
1145.64	26.0
1166.76	26.0
1182.96	26.0
324.04	27.0
360.68	27.0
559.48	27.0
733.84	27.0
749.72	27.0
802.52	27.0
1057.4	27.0
308.52	28.0
315.56	28.0
322.52	28.0
327.16	28.0
332.6	28.0
342.64	28.0
354.48	28.0
830.08	28.0
312.64	29.0
322.56	29.0
308.6	30.0
318.28	30.0
327.24	30.0
332.16	30.0
342.0	30.0
355.64	30.0
376.32	30.0
441.4	30.0
469.88	30.0
491.64	30.0
586.32	30.0
609.52	30.0
667.76	30.0
781.0	30.0
878.6	30.0
1059.04	30.0
307.56	31.0
317.48	31.0
322.32	31.0
326.64	31.0
331.48	31.0
338.72	31.0
380.48	31.0
700.28	31.0
855.92	31.0
312.52	33.0
1179.44	33.0
317.32	33.0
324.16	34.0
313.24	34.0
331.4	34.0
1050.48	34.0
308.56	35.0
312.72	35.0
318.04	35.0
324.16	35.0
330.4	35.0
337.92	35.0
347.56	35.0
367.36	35.0
376.16	35.0
388.96	35.0
444.16	35.0
462.84	35.0
536.76	35.0
658.44	35.0
664.32	35.0
806.04	35.0
817.64	35.0
921.84	35.0
348.72	36.0
333.36	36.0
