374.96	96.0
1032.96	96.0
325.8	96.0
305.4	97.0
572.0	97.0
747.32	97.0
318.56	97.0
540.44	97.0
952.92	97.0
1002.8	97.0
1234.52	97.0
1275.32	97.0
318.92	99.0
366.56	99.0
403.04	99.0
439.12	99.0
568.08	99.0
622.0	99.0
703.84	99.0
745.64	99.0
752.4	99.0
779.68	99.0
813.48	99.0
874.04	99.0
967.32	99.0
1084.48	99.0
1135.64	99.0
1180.48	99.0
1245.24	99.0
1348.24	99.0
312.52	101.0
310.0	101.0
309.0	102.0
312.0	102.0
414.28	103.0
702.28	103.0
805.8	105.0
516.36	106.0
571.96	106.0
699.32	106.0
747.24	106.0
308.76	107.0
330.16	107.0
374.36	107.0
381.56	107.0
407.72	107.0
558.04	107.0
1070.44	107.0
1239.0	107.0
465.64	108.0
560.44	108.0
303.48	108.0
308.72	108.0
316.92	108.0
322.64	108.0
342.12	108.0
350.28	108.0
353.28	108.0
364.24	108.0
366.84	108.0
373.88	108.0
376.8	108.0
398.0	108.0
423.24	108.0
433.68	108.0
438.84	108.0
455.4	108.0
478.4	108.0
482.52	108.0
518.28	108.0
540.52	108.0
550.0	108.0
582.52	108.0
593.44	108.0
606.36	108.0
609.28	108.0
636.36	108.0
652.84	108.0
671.08	108.0
675.08	108.0
686.6	108.0
702.8	108.0
736.72	108.0
747.4	108.0
753.32	108.0
777.08	108.0
796.12	108.0
802.12	108.0
805.0	108.0
828.4	108.0
843.76	108.0
865.4	108.0
906.8	108.0
920.92	108.0
953.28	108.0
969.04	108.0
1010.28	108.0
1033.36	108.0
1074.48	108.0
1108.08	108.0
1213.08	108.0
1228.6	108.0
1237.2	108.0
1290.76	108.0
1294.8	108.0
1391.44	108.0
1405.92	108.0
1417.92	108.0
1460.96	108.0
1493.72	108.0
315.6	109.0
327.8	109.0
340.96	109.0
352.24	109.0
378.08	109.0
397.72	109.0
425.32	109.0
453.56	109.0
477.84	109.0
512.4	109.0
533.0	109.0
559.16	109.0
582.12	109.0
606.28	109.0
613.16	109.0
686.6	109.0
701.12	109.0
749.24	109.0
776.6	109.0
795.68	109.0
806.16	109.0
827.88	109.0
873.12	109.0
898.44	109.0
920.76	109.0
945.08	109.0
966.32	109.0
995.88	109.0
1051.52	109.0
1074.04	109.0
1101.8	109.0
1160.48	109.0
1196.0	109.0
1234.6	109.0
1282.24	109.0
1310.24	109.0
1362.28	109.0
1397.64	109.0
1460.48	109.0
309.0	110.0
312.08	110.0
438.28	110.0
688.08	110.0
323.0	110.0
325.64	110.0
379.64	110.0
384.44	110.0
405.48	110.0
477.0	110.0
501.2	110.0
1074.32	110.0
308.96	111.0
312.12	111.0
317.2	111.0
322.52	111.0
327.8	111.0
335.08	111.0
339.48	111.0
348.6	111.0
353.56	111.0
358.52	111.0
363.0	111.0
368.76	111.0
396.08	111.0
404.92	111.0
423.44	111.0
429.72	111.0
435.04	111.0
460.48	111.0
466.68	111.0
472.12	111.0
485.0	111.0
492.24	111.0
499.44	111.0
509.16	111.0
518.88	111.0
538.44	111.0
559.32	111.0
569.36	111.0
606.2	111.0
613.2	111.0
625.4	111.0
641.84	111.0
652.48	111.0
681.56	111.0
707.2	111.0
732.16	111.0
748.68	111.0
755.64	111.0
769.28	111.0
781.84	111.0
793.28	111.0
839.56	111.0
921.88	111.0
948.44	111.0
982.16	111.0
996.56	111.0
1032.76	111.0
1043.56	111.0
1060.92	111.0
1073.68	111.0
1085.72	111.0
1117.8	111.0
1144.4	111.0
1157.72	111.0
1171.28	111.0
1196.44	111.0
1205.56	111.0
1238.76	111.0
1248.72	111.0
1265.48	111.0
1284.92	111.0
1294.6	111.0
1317.6	111.0
1338.48	111.0
1349.44	111.0
1378.48	111.0
1438.32	111.0
1456.56	111.0
1464.56	111.0
1478.04	111.0
308.36	112.0
342.12	112.0
495.52	112.0
587.08	112.0
308.08	113.0
470.24	113.0
490.28	113.0
749.8	113.0
808.4	113.0
844.52	113.0
883.68	113.0
1302.52	113.0
376.12	114.0
349.64	114.0
404.92	114.0
428.28	114.0
435.84	114.0
514.88	114.0
678.04	114.0
706.88	114.0
805.56	114.0
833.2	114.0
899.8	114.0
908.56	114.0
1082.76	114.0
1198.04	114.0
1225.24	114.0
1249.6	114.0
1338.32	114.0
1449.2	114.0
308.56	115.0
396.2	115.0
982.72	115.0
1406.92	115.0
1458.72	115.0
325.56	116.0
340.04	116.0
405.4	116.0
476.92	116.0
501.08	116.0
310.48	117.0
318.84	117.0
353.04	117.0
361.2	117.0
383.76	117.0
424.04	117.0
428.88	117.0
534.92	117.0
542.08	117.0
575.64	117.0
749.32	117.0
964.4	117.0
308.96	118.0
311.84	118.0
338.8	119.0
660.96	119.0
1142.04	119.0
306.12	120.0
312.84	120.0
481.12	120.0
531.96	120.0
721.64	120.0
1127.52	120.0
1463.6	120.0
