302.48	96.0
305.32	96.0
306.8	97.0
302.8	97.0
582.88	97.0
840.0	97.0
1174.08	97.0
357.2	99.0
302.48	99.0
331.32	99.0
422.96	99.0
496.68	99.0
873.72	99.0
1065.76	99.0
1296.24	99.0
319.12	102.0
302.48	102.0
302.48	103.0
302.48	104.0
575.88	105.0
302.56	107.0
312.84	107.0
333.24	107.0
360.72	107.0
466.4	107.0
655.2	107.0
1333.0	107.0
859.88	108.0
302.48	108.0
307.88	108.0
311.88	108.0
315.84	108.0
321.96	108.0
326.08	108.0
332.16	108.0
344.4	108.0
356.84	108.0
359.52	108.0
380.76	108.0
383.68	108.0
388.32	108.0
398.04	108.0
417.92	108.0
425.0	108.0
450.68	108.0
453.2	108.0
479.2	108.0
495.08	108.0
505.48	108.0
508.68	108.0
512.96	108.0
529.24	108.0
552.36	108.0
554.88	108.0
562.08	108.0
573.68	108.0
576.2	108.0
615.36	108.0
622.52	108.0
658.4	108.0
661.2	108.0
684.32	108.0
710.48	108.0
733.72	108.0
746.48	108.0
760.44	108.0
774.88	108.0
792.48	108.0
813.72	108.0
820.4	108.0
822.92	108.0
873.96	108.0
895.88	108.0
941.84	108.0
966.72	108.0
994.16	108.0
1070.64	108.0
1081.12	108.0
1164.64	108.0
1202.0	108.0
1231.36	108.0
1262.76	108.0
1316.72	108.0
1384.0	108.0
1409.28	108.0
1421.48	108.0
1438.92	108.0
1446.04	108.0
302.68	109.0
305.28	109.0
334.64	109.0
345.56	109.0
383.2	109.0
427.12	109.0
457.96	109.0
498.76	109.0
520.36	109.0
563.08	109.0
590.92	109.0
686.88	109.0
722.88	109.0
779.32	109.0
833.4	109.0
858.32	109.0
910.0	109.0
985.76	109.0
1009.76	109.0
1061.68	109.0
1089.36	109.0
1115.84	109.0
1167.88	109.0
1202.32	109.0
1252.08	109.0
1262.64	109.0
1324.92	109.0
1347.92	109.0
1447.84	109.0
309.0	110.0
312.12	110.0
516.0	110.0
308.96	111.0
311.8	111.0
578.16	111.0
314.8	111.0
322.44	111.0
328.52	111.0
341.08	111.0
345.52	111.0
355.84	111.0
363.76	111.0
383.76	111.0
391.72	111.0
409.08	111.0
425.16	111.0
467.16	111.0
493.08	111.0
502.72	111.0
515.28	111.0
535.24	111.0
556.76	111.0
608.68	111.0
623.08	111.0
648.72	111.0
659.48	111.0
701.72	111.0
709.48	111.0
715.32	111.0
733.48	111.0
747.16	111.0
794.96	111.0
826.44	111.0
835.68	111.0
859.32	111.0
904.16	111.0
915.84	111.0
944.72	111.0
978.92	111.0
990.6	111.0
1020.4	111.0
1024.96	111.0
1070.44	111.0
1101.68	111.0
1117.64	111.0
1133.32	111.0
1143.28	111.0
1166.76	111.0
1196.76	111.0
1220.56	111.0
1233.88	111.0
1257.44	111.0
1285.6	111.0
1290.56	111.0
1319.6	111.0
1356.16	111.0
1370.28	111.0
1398.52	111.0
1465.92	111.0
1471.32	111.0
1489.68	111.0
309.0	112.0
312.04	112.0
373.04	112.0
337.2	113.0
454.64	113.0
587.2	113.0
660.84	113.0
841.8	113.0
1069.28	113.0
1448.12	113.0
1492.84	113.0
401.36	114.0
561.16	114.0
640.6	114.0
1123.36	114.0
331.64	114.0
338.88	114.0
406.52	114.0
575.52	114.0
712.04	114.0
795.6	114.0
989.4	114.0
1102.24	114.0
1187.72	114.0
1231.4	114.0
1242.92	114.0
1391.12	114.0
303.28	115.0
329.44	115.0
690.96	115.0
747.36	115.0
795.6	115.0
857.12	115.0
900.96	115.0
1009.04	115.0
1164.4	115.0
1216.84	115.0
1254.84	115.0
1399.6	115.0
1435.64	115.0
309.0	116.0
312.28	116.0
333.32	116.0
310.92	117.0
352.68	117.0
422.36	117.0
468.6	117.0
313.48	117.0
337.48	117.0
372.12	117.0
451.44	117.0
480.88	117.0
489.52	117.0
530.8	117.0
578.08	117.0
589.88	117.0
710.16	117.0
734.04	117.0
752.44	117.0
757.96	117.0
902.92	117.0
1168.16	117.0
1275.36	117.0
1421.12	117.0
1472.04	117.0
309.0	118.0
312.28	118.0
349.76	120.0
459.36	120.0
487.48	120.0
528.36	120.0
557.36	120.0
607.12	120.0
637.0	120.0
712.8	120.0
920.84	120.0
1065.28	120.0
1099.28	120.0
1299.84	120.0
1393.2	120.0
1421.96	120.0
