310.56	96.0
302.48	96.0
305.2	96.0
304.64	97.0
793.48	97.0
302.48	99.0
306.44	99.0
342.0	99.0
392.08	99.0
553.44	99.0
557.32	99.0
705.92	99.0
822.08	99.0
912.32	99.0
1319.4	99.0
1353.36	99.0
302.48	102.0
901.04	102.0
302.52	103.0
302.56	104.0
302.56	107.0
331.2	107.0
350.08	107.0
658.36	107.0
679.28	107.0
889.44	107.0
1172.8	107.0
302.48	108.0
308.16	108.0
310.96	108.0
314.16	108.0
326.0	108.0
330.28	108.0
333.76	108.0
348.28	108.0
359.44	108.0
370.24	108.0
379.32	108.0
383.6	108.0
386.64	108.0
408.92	108.0
412.16	108.0
415.76	108.0
426.24	108.0
430.84	108.0
485.28	108.0
493.4	108.0
540.68	108.0
567.12	108.0
572.24	108.0
577.96	108.0
582.2	108.0
605.88	108.0
618.04	108.0
627.36	108.0
641.16	108.0
653.76	108.0
664.0	108.0
675.24	108.0
731.0	108.0
735.84	108.0
751.2	108.0
759.2	108.0
767.12	108.0
813.16	108.0
840.32	108.0
862.92	108.0
885.08	108.0
894.48	108.0
931.44	108.0
1011.56	108.0
1030.6	108.0
1052.72	108.0
1129.6	108.0
1157.6	108.0
1205.84	108.0
1247.76	108.0
1258.04	108.0
1306.04	108.0
302.52	109.0
313.2	109.0
336.6	109.0
349.88	109.0
360.36	109.0
383.28	109.0
415.28	109.0
454.92	109.0
514.04	109.0
544.68	109.0
630.92	109.0
682.92	109.0
700.16	109.0
759.2	109.0
780.24	109.0
819.6	109.0
843.84	109.0
896.44	109.0
930.96	109.0
983.68	109.0
1041.6	109.0
1103.56	109.0
1122.04	109.0
1174.68	109.0
1208.56	109.0
308.96	110.0
312.08	110.0
470.24	110.0
598.6	110.0
309.0	111.0
312.08	111.0
319.16	111.0
332.16	111.0
340.64	111.0
381.4	111.0
384.56	111.0
394.24	111.0
405.6	111.0
414.4	111.0
451.8	111.0
463.84	111.0
486.96	111.0
506.4	111.0
523.96	111.0
549.56	111.0
554.6	111.0
581.28	111.0
588.36	111.0
591.92	111.0
596.6	111.0
601.0	111.0
614.76	111.0
650.36	111.0
670.52	111.0
683.4	111.0
687.12	111.0
718.12	111.0
727.68	111.0
763.16	111.0
788.24	111.0
824.24	111.0
837.4	111.0
845.6	111.0
871.12	111.0
889.12	111.0
915.24	111.0
952.04	111.0
964.32	111.0
984.12	111.0
1019.84	111.0
1036.32	111.0
1050.32	111.0
1071.08	111.0
1083.88	111.0
1097.36	111.0
1124.84	111.0
1132.88	111.0
1158.64	111.0
1208.0	111.0
1243.84	111.0
1270.04	111.0
1284.92	111.0
1372.36	111.0
1437.84	111.0
1442.64	111.0
1460.0	111.0
1490.64	111.0
308.96	112.0
311.8	112.0
302.68	113.0
309.96	113.0
330.56	113.0
342.48	113.0
708.04	113.0
751.16	113.0
1273.28	113.0
302.48	114.0
491.16	114.0
309.24	114.0
319.0	114.0
328.88	114.0
342.04	114.0
348.44	114.0
383.76	114.0
412.04	114.0
456.8	114.0
473.76	114.0
510.88	114.0
532.84	114.0
559.24	114.0
600.36	114.0
619.08	114.0
629.6	114.0
686.84	114.0
726.68	114.0
806.24	114.0
850.52	114.0
894.2	114.0
1030.52	114.0
1206.96	114.0
1433.32	114.0
303.24	115.0
320.72	115.0
381.28	115.0
487.32	115.0
983.12	115.0
1195.4	115.0
1234.24	115.0
1300.16	115.0
1369.44	115.0
1415.16	115.0
309.0	116.0
311.84	116.0
310.52	117.0
350.16	117.0
412.44	117.0
450.84	117.0
456.84	117.0
488.72	117.0
555.2	117.0
585.12	117.0
598.28	117.0
615.04	117.0
723.84	117.0
957.0	117.0
1133.04	117.0
1300.16	117.0
309.0	118.0
311.92	118.0
310.08	120.0
354.36	120.0
395.52	120.0
530.44	120.0
582.88	120.0
687.92	120.0
758.32	120.0
1057.28	120.0
1170.36	120.0
1250.8	120.0
1451.52	120.0
