444.4	96.0
302.88	96.0
430.6	96.0
305.2	97.0
422.4	97.0
302.48	99.0
327.6	99.0
349.24	99.0
409.28	99.0
633.08	99.0
739.48	99.0
820.36	99.0
1079.64	99.0
1211.72	99.0
831.72	100.0
302.48	102.0
302.48	103.0
302.52	104.0
329.12	105.0
1031.28	105.0
302.52	107.0
459.12	107.0
498.0	107.0
315.88	107.0
335.32	107.0
355.52	107.0
419.84	107.0
1205.56	107.0
402.92	108.0
487.4	108.0
522.2	108.0
1207.56	108.0
302.44	108.0
307.12	108.0
309.64	108.0
312.28	108.0
324.76	108.0
328.08	108.0
330.88	108.0
343.88	108.0
351.72	108.0
358.28	108.0
363.32	108.0
369.32	108.0
383.72	108.0
397.2	108.0
400.16	108.0
422.36	108.0
444.8	108.0
449.28	108.0
472.12	108.0
483.56	108.0
515.16	108.0
539.04	108.0
545.08	108.0
555.04	108.0
579.52	108.0
583.4	108.0
627.6	108.0
639.6	108.0
671.0	108.0
675.0	108.0
682.6	108.0
704.16	108.0
722.52	108.0
731.92	108.0
739.28	108.0
744.2	108.0
773.12	108.0
797.48	108.0
813.04	108.0
831.8	108.0
836.2	108.0
850.56	108.0
874.4	108.0
925.8	108.0
941.2	108.0
972.16	108.0
990.76	108.0
1004.4	108.0
1007.4	108.0
1053.08	108.0
1060.48	108.0
1087.28	108.0
1150.8	108.0
1260.0	108.0
1321.4	108.0
1353.0	108.0
302.48	109.0
329.12	109.0
351.24	109.0
364.4	109.0
383.2	109.0
404.84	109.0
466.2	109.0
501.48	109.0
517.8	109.0
582.04	109.0
608.96	109.0
628.08	109.0
652.04	109.0
720.68	109.0
757.96	109.0
780.76	109.0
831.32	109.0
850.16	109.0
865.28	109.0
893.32	109.0
928.84	109.0
970.12	109.0
1013.68	109.0
1054.72	109.0
1088.88	109.0
1116.96	109.0
1150.32	109.0
1214.96	109.0
1263.16	109.0
1292.08	109.0
1369.08	109.0
308.96	110.0
311.96	110.0
365.28	110.0
407.12	110.0
361.0	110.0
467.04	110.0
309.0	111.0
312.0	111.0
315.76	111.0
320.04	111.0
323.12	111.0
342.16	111.0
350.88	111.0
359.04	111.0
370.24	111.0
375.36	111.0
378.68	111.0
389.48	111.0
395.56	111.0
398.92	111.0
403.2	111.0
410.2	111.0
415.96	111.0
438.92	111.0
443.04	111.0
450.84	111.0
456.0	111.0
459.88	111.0
467.36	111.0
492.56	111.0
501.68	111.0
508.4	111.0
520.48	111.0
538.04	111.0
557.08	111.0
592.64	111.0
599.76	111.0
615.2	111.0
643.56	111.0
659.04	111.0
665.88	111.0
677.96	111.0
682.88	111.0
688.44	111.0
760.44	111.0
771.16	111.0
778.92	111.0
796.04	111.0
804.68	111.0
813.56	111.0
822.44	111.0
854.6	111.0
893.36	111.0
898.32	111.0
913.92	111.0
920.64	111.0
931.32	111.0
946.24	111.0
971.24	111.0
991.6	111.0
1014.32	111.0
1035.04	111.0
1052.8	111.0
1115.12	111.0
1129.16	111.0
1155.88	111.0
1175.44	111.0
1183.48	111.0
1237.8	111.0
1258.72	111.0
1292.44	111.0
1300.44	111.0
1376.04	111.0
309.0	112.0
312.0	112.0
326.28	112.0
302.52	113.0
307.88	113.0
325.68	113.0
352.36	113.0
410.84	113.0
500.72	113.0
517.72	113.0
664.48	113.0
714.08	113.0
870.92	113.0
1264.28	113.0
329.48	114.0
679.56	114.0
304.4	114.0
311.28	114.0
321.8	114.0
347.28	114.0
353.64	114.0
375.52	114.0
381.6	114.0
426.76	114.0
520.28	114.0
565.28	114.0
598.12	114.0
723.72	114.0
876.12	114.0
1031.12	114.0
303.12	115.0
478.96	115.0
582.64	115.0
703.2	115.0
794.2	115.0
846.0	115.0
889.48	115.0
961.84	115.0
992.08	115.0
1050.48	115.0
1147.16	115.0
1204.36	115.0
1253.68	115.0
1292.16	115.0
1355.24	115.0
1005.24	115.0
309.04	116.0
312.28	116.0
310.64	117.0
375.72	117.0
397.12	117.0
516.6	117.0
314.2	117.0
323.8	117.0
343.8	117.0
348.84	117.0
384.32	117.0
403.0	117.0
419.8	117.0
450.76	117.0
493.28	117.0
533.2	117.0
555.4	117.0
607.8	117.0
629.76	117.0
652.44	117.0
883.48	117.0
384.4	118.0
309.0	118.0
311.76	118.0
306.44	120.0
335.4	120.0
368.76	120.0
402.88	120.0
439.16	120.0
470.32	120.0
502.56	120.0
536.92	120.0
590.4	120.0
683.2	120.0
791.84	120.0
1034.56	120.0
