312.16	96.0
302.48	96.0
306.6	97.0
319.56	97.0
943.12	97.0
302.52	99.0
365.64	99.0
650.12	99.0
717.52	99.0
823.96	99.0
302.84	100.0
302.48	102.0
302.48	103.0
302.52	104.0
302.76	107.0
327.8	107.0
372.8	107.0
424.28	107.0
511.56	107.0
982.6	107.0
1139.72	107.0
329.68	108.0
302.48	108.0
308.72	108.0
312.0	108.0
317.16	108.0
335.56	108.0
338.84	108.0
343.24	108.0
378.2	108.0
397.16	108.0
400.6	108.0
406.52	108.0
412.88	108.0
424.32	108.0
428.2	108.0
442.8	108.0
452.96	108.0
472.48	108.0
476.84	108.0
505.24	108.0
509.44	108.0
511.96	108.0
554.36	108.0
569.48	108.0
583.88	108.0
608.76	108.0
614.64	108.0
628.8	108.0
633.0	108.0
670.6	108.0
683.76	108.0
692.64	108.0
767.6	108.0
771.04	108.0
809.12	108.0
836.56	108.0
851.2	108.0
946.4	108.0
966.32	108.0
1014.08	108.0
1112.56	108.0
1151.2	108.0
1228.84	108.0
1288.24	108.0
1300.64	108.0
302.84	109.0
378.44	109.0
427.76	109.0
472.0	109.0
511.8	109.0
564.88	109.0
608.2	109.0
662.16	109.0
680.08	109.0
730.12	109.0
762.16	109.0
792.72	109.0
860.72	109.0
890.52	109.0
960.12	109.0
988.44	109.0
1072.28	109.0
1260.76	109.0
309.0	110.0
311.96	110.0
314.8	110.0
402.52	110.0
423.12	110.0
309.0	111.0
312.0	111.0
315.56	111.0
324.12	111.0
333.8	111.0
337.0	111.0
341.12	111.0
355.68	111.0
373.68	111.0
378.68	111.0
402.0	111.0
422.52	111.0
437.44	111.0
445.68	111.0
463.28	111.0
469.64	111.0
473.8	111.0
491.64	111.0
499.08	111.0
512.72	111.0
524.16	111.0
530.6	111.0
539.6	111.0
548.0	111.0
556.2	111.0
570.12	111.0
581.48	111.0
586.0	111.0
604.64	111.0
621.04	111.0
638.56	111.0
650.12	111.0
670.84	111.0
679.44	111.0
698.64	111.0
736.0	111.0
744.92	111.0
749.64	111.0
769.44	111.0
790.88	111.0
819.84	111.0
836.72	111.0
935.16	111.0
959.68	111.0
983.68	111.0
1012.2	111.0
1034.52	111.0
1047.72	111.0
1062.88	111.0
1073.76	111.0
1105.72	111.0
1129.56	111.0
1134.56	111.0
1141.0	111.0
1162.88	111.0
1203.24	111.0
1254.32	111.0
1261.84	111.0
1304.64	111.0
308.96	112.0
311.76	112.0
322.56	113.0
347.68	113.0
450.24	113.0
718.52	113.0
881.64	113.0
1088.6	113.0
303.96	114.0
308.36	114.0
312.4	114.0
326.0	114.0
468.88	114.0
480.52	114.0
511.12	114.0
545.68	114.0
674.44	114.0
700.96	114.0
707.96	114.0
815.0	114.0
1103.48	114.0
1181.68	114.0
303.8	115.0
352.52	115.0
372.52	115.0
399.52	115.0
402.32	115.0
602.24	115.0
811.16	115.0
858.6	115.0
982.64	115.0
1027.24	115.0
1225.44	115.0
1279.56	115.0
1336.44	115.0
309.0	116.0
311.88	116.0
310.52	117.0
325.4	117.0
329.04	117.0
510.32	117.0
580.2	117.0
668.84	117.0
673.48	117.0
309.0	118.0
311.92	118.0
304.4	120.0
344.44	120.0
411.96	120.0
464.56	120.0
523.16	120.0
692.28	120.0
844.88	120.0
