302.92	96.0
312.08	96.0
305.36	97.0
340.68	97.0
399.32	97.0
302.52	99.0
315.36	99.0
367.4	99.0
546.68	99.0
590.96	99.0
647.24	99.0
712.0	99.0
809.52	99.0
838.68	99.0
878.12	99.0
1015.2	99.0
1112.2	99.0
302.52	100.0
302.48	102.0
302.48	103.0
302.48	104.0
310.48	107.0
452.64	107.0
517.12	107.0
1045.96	107.0
304.0	107.0
331.08	107.0
351.12	107.0
374.92	107.0
1213.4	107.0
1378.92	107.0
302.48	108.0
308.36	108.0
310.88	108.0
315.48	108.0
319.28	108.0
329.28	108.0
331.8	108.0
350.68	108.0
361.84	108.0
365.44	108.0
370.4	108.0
384.24	108.0
394.84	108.0
400.36	108.0
413.04	108.0
416.04	108.0
419.56	108.0
442.48	108.0
445.64	108.0
450.24	108.0
453.12	108.0
467.68	108.0
477.16	108.0
501.88	108.0
504.6	108.0
510.56	108.0
539.04	108.0
543.92	108.0
579.84	108.0
594.6	108.0
607.08	108.0
634.12	108.0
643.72	108.0
662.28	108.0
682.36	108.0
695.24	108.0
713.96	108.0
722.16	108.0
734.96	108.0
754.08	108.0
773.6	108.0
789.24	108.0
797.2	108.0
820.08	108.0
855.12	108.0
874.96	108.0
882.44	108.0
911.28	108.0
914.84	108.0
938.0	108.0
951.92	108.0
969.8	108.0
982.8	108.0
987.76	108.0
1079.68	108.0
1103.52	108.0
1201.64	108.0
1256.24	108.0
1259.88	108.0
1263.4	108.0
1271.48	108.0
1341.56	108.0
1365.68	108.0
1389.08	108.0
302.68	109.0
330.68	109.0
353.72	109.0
373.2	109.0
399.96	109.0
426.12	109.0
525.36	109.0
543.36	109.0
576.76	109.0
622.48	109.0
649.36	109.0
673.28	109.0
699.28	109.0
721.72	109.0
753.4	109.0
775.88	109.0
822.88	109.0
953.36	109.0
988.88	109.0
1038.56	109.0
1060.44	109.0
1136.24	109.0
1221.52	109.0
1300.68	109.0
1363.24	109.0
308.96	110.0
311.48	110.0
649.56	110.0
309.0	111.0
311.96	111.0
322.6	111.0
327.72	111.0
330.6	111.0
336.56	111.0
350.32	111.0
353.8	111.0
361.52	111.0
364.88	111.0
379.68	111.0
385.96	111.0
399.08	111.0
416.36	111.0
423.84	111.0
429.44	111.0
440.64	111.0
446.16	111.0
459.68	111.0
467.52	111.0
472.24	111.0
476.36	111.0
483.48	111.0
493.88	111.0
507.84	111.0
515.64	111.0
526.0	111.0
564.04	111.0
570.84	111.0
599.4	111.0
611.0	111.0
621.0	111.0
630.48	111.0
641.48	111.0
648.96	111.0
660.68	111.0
673.64	111.0
695.68	111.0
716.72	111.0
733.24	111.0
745.96	111.0
769.96	111.0
792.76	111.0
807.36	111.0
819.04	111.0
851.04	111.0
879.64	111.0
887.92	111.0
908.56	111.0
918.72	111.0
944.0	111.0
967.52	111.0
996.84	111.0
1016.0	111.0
1038.12	111.0
1049.04	111.0
1062.68	111.0
1073.28	111.0
1081.8	111.0
1094.84	111.0
1124.48	111.0
1132.44	111.0
1144.04	111.0
1214.8	111.0
1257.56	111.0
1294.2	111.0
1315.72	111.0
1331.8	111.0
1355.72	111.0
1382.28	111.0
308.96	112.0
312.24	112.0
305.4	113.0
330.24	113.0
355.0	113.0
371.8	113.0
599.48	113.0
631.6	113.0
661.0	113.0
690.52	113.0
1244.6	113.0
305.84	114.0
311.84	114.0
338.16	114.0
365.04	114.0
413.92	114.0
447.68	114.0
520.08	114.0
567.64	114.0
624.32	114.0
707.24	114.0
725.12	114.0
825.52	114.0
885.36	114.0
1373.4	114.0
302.96	115.0
371.76	115.0
409.36	115.0
538.04	115.0
712.12	115.0
846.48	115.0
985.84	115.0
1253.52	115.0
1291.76	115.0
309.0	116.0
311.8	116.0
387.36	116.0
310.52	117.0
348.44	117.0
395.56	117.0
643.6	117.0
1357.8	117.0
319.8	117.0
324.76	117.0
332.44	117.0
337.0	117.0
357.56	117.0
360.16	117.0
391.56	117.0
398.16	117.0
404.0	117.0
589.32	117.0
943.48	117.0
1038.64	117.0
309.04	118.0
311.72	118.0
330.48	119.0
682.84	119.0
893.84	119.0
331.56	120.0
339.2	120.0
413.16	120.0
438.52	120.0
475.88	120.0
523.88	120.0
533.84	120.0
605.96	120.0
648.84	120.0
723.88	120.0
873.48	120.0
914.68	120.0
