338.0	96.0
444.92	96.0
583.32	96.0
786.16	96.0
305.32	97.0
351.12	97.0
302.72	97.0
314.32	97.0
346.8	97.0
387.32	97.0
506.48	97.0
551.16	97.0
902.28	97.0
302.48	99.0
329.04	99.0
381.52	99.0
409.92	99.0
607.64	99.0
734.76	99.0
812.48	99.0
889.36	99.0
1081.6	99.0
1203.76	99.0
302.56	100.0
302.48	102.0
371.68	103.0
302.48	103.0
349.8	103.0
684.04	103.0
302.48	104.0
302.52	107.0
326.8	107.0
388.44	107.0
316.68	107.0
344.88	107.0
369.2	107.0
438.84	107.0
567.76	107.0
964.72	107.0
1026.04	107.0
432.64	108.0
302.72	108.0
307.0	108.0
311.4	108.0
314.04	108.0
324.36	108.0
329.24	108.0
336.32	108.0
358.08	108.0
365.88	108.0
370.56	108.0
377.88	108.0
380.56	108.0
384.24	108.0
390.96	108.0
393.48	108.0
407.28	108.0
410.4	108.0
415.68	108.0
436.2	108.0
440.44	108.0
473.64	108.0
477.56	108.0
485.92	108.0
494.36	108.0
505.28	108.0
528.12	108.0
544.68	108.0
571.44	108.0
593.0	108.0
598.24	108.0
606.28	108.0
623.68	108.0
643.16	108.0
649.88	108.0
675.0	108.0
718.48	108.0
723.12	108.0
728.52	108.0
734.64	108.0
784.16	108.0
807.56	108.0
891.52	108.0
895.4	108.0
902.36	108.0
937.52	108.0
960.68	108.0
970.8	108.0
978.04	108.0
1002.4	108.0
1021.56	108.0
1054.44	108.0
1057.6	108.0
1077.44	108.0
1161.12	108.0
1201.08	108.0
1285.44	108.0
302.72	109.0
313.6	109.0
328.88	109.0
337.72	109.0
351.04	109.0
383.72	109.0
393.04	109.0
408.56	109.0
451.84	109.0
484.04	109.0
527.12	109.0
563.6	109.0
622.84	109.0
649.84	109.0
677.08	109.0
733.96	109.0
778.64	109.0
811.8	109.0
836.96	109.0
863.6	109.0
918.88	109.0
940.68	109.0
977.48	109.0
990.08	109.0
1001.96	109.0
1057.16	109.0
1078.8	109.0
1099.4	109.0
1148.8	109.0
1227.48	109.0
1289.64	109.0
1328.92	109.0
1371.64	109.0
308.96	110.0
311.84	110.0
370.48	110.0
438.8	110.0
890.36	110.0
309.0	111.0
312.32	111.0
316.16	111.0
321.6	111.0
328.6	111.0
368.08	111.0
372.88	111.0
381.84	111.0
392.56	111.0
399.6	111.0
404.08	111.0
422.88	111.0
427.2	111.0
437.24	111.0
465.68	111.0
471.64	111.0
477.4	111.0
492.84	111.0
505.88	111.0
526.28	111.0
533.36	111.0
545.12	111.0
549.08	111.0
563.56	111.0
578.24	111.0
602.36	111.0
613.16	111.0
623.16	111.0
641.28	111.0
648.96	111.0
657.12	111.0
683.0	111.0
708.04	111.0
726.52	111.0
747.64	111.0
754.0	111.0
774.28	111.0
780.64	111.0
786.2	111.0
833.0	111.0
864.88	111.0
900.04	111.0
920.92	111.0
944.56	111.0
966.92	111.0
973.92	111.0
1024.92	111.0
1033.88	111.0
1086.12	111.0
1101.84	111.0
1106.72	111.0
1137.52	111.0
1159.56	111.0
1167.6	111.0
1194.8	111.0
1200.56	111.0
1207.44	111.0
1223.2	111.0
1236.2	111.0
1242.88	111.0
1250.88	111.0
1295.2	111.0
1309.0	111.0
1349.32	111.0
1360.64	111.0
308.96	112.0
311.76	112.0
377.52	112.0
302.64	113.0
331.04	113.0
307.88	113.0
316.84	113.0
350.4	113.0
362.88	113.0
628.72	113.0
1239.6	113.0
328.48	114.0
444.32	114.0
1178.52	114.0
354.8	114.0
397.88	114.0
411.16	114.0
460.2	114.0
462.72	114.0
505.88	114.0
527.2	114.0
553.04	114.0
580.96	114.0
888.76	114.0
1068.52	114.0
1209.04	114.0
1344.76	114.0
303.24	115.0
347.76	115.0
832.84	115.0
917.2	115.0
1000.16	115.0
1072.6	115.0
1138.72	115.0
1192.12	115.0
1345.12	115.0
1387.48	115.0
309.04	116.0
312.04	116.0
310.48	117.0
414.68	117.0
489.24	117.0
325.08	117.0
339.88	117.0
362.0	117.0
387.56	117.0
439.56	117.0
477.96	117.0
506.44	117.0
548.12	117.0
597.8	117.0
606.2	117.0
810.8	117.0
309.04	118.0
311.84	118.0
322.12	120.0
347.24	120.0
362.56	120.0
369.48	120.0
398.48	120.0
442.12	120.0
455.28	120.0
578.04	120.0
613.84	120.0
638.52	120.0
1101.76	120.0
