359.52	96.0
305.24	96.0
309.88	96.0
356.32	96.0
364.6	96.0
395.04	96.0
306.08	97.0
312.76	97.0
308.76	97.0
356.0	97.0
504.16	97.0
320.12	98.0
302.48	99.0
321.36	99.0
336.16	99.0
374.24	99.0
387.12	99.0
408.52	99.0
430.24	99.0
486.28	99.0
559.92	99.0
632.08	99.0
741.48	99.0
912.8	99.0
1048.0	99.0
1241.92	99.0
1317.12	99.0
302.48	100.0
302.48	102.0
325.16	103.0
302.48	103.0
485.72	103.0
302.56	104.0
326.16	105.0
958.84	105.0
310.68	106.0
302.52	107.0
310.68	107.0
324.4	107.0
344.12	107.0
1326.08	107.0
327.6	107.0
349.64	107.0
401.8	107.0
431.04	107.0
527.44	107.0
848.36	107.0
1270.6	107.0
319.36	108.0
519.52	108.0
307.36	108.0
312.0	108.0
326.76	108.0
334.84	108.0
344.32	108.0
356.08	108.0
365.56	108.0
370.6	108.0
378.12	108.0
382.52	108.0
388.96	108.0
395.0	108.0
409.28	108.0
420.72	108.0
423.4	108.0
426.04	108.0
432.72	108.0
453.44	108.0
475.68	108.0
493.8	108.0
531.24	108.0
572.2	108.0
600.72	108.0
608.6	108.0
652.44	108.0
688.96	108.0
713.16	108.0
716.72	108.0
728.96	108.0
738.68	108.0
742.08	108.0
795.68	108.0
854.08	108.0
907.32	108.0
910.32	108.0
925.32	108.0
942.72	108.0
971.12	108.0
993.4	108.0
1038.76	108.0
1050.52	108.0
1070.28	108.0
1094.68	108.0
1145.28	108.0
1191.76	108.0
1291.32	108.0
1317.4	108.0
1359.24	108.0
302.6	109.0
312.8	109.0
329.92	109.0
343.88	109.0
356.96	109.0
370.28	109.0
388.16	109.0
399.24	109.0
422.92	109.0
464.12	109.0
493.36	109.0
524.2	109.0
645.72	109.0
741.36	109.0
816.08	109.0
832.16	109.0
993.0	109.0
1038.28	109.0
1057.56	109.0
1131.08	109.0
1180.4	109.0
1205.08	109.0
1254.6	109.0
1282.64	109.0
1382.76	109.0
308.96	110.0
312.24	110.0
338.48	110.0
408.12	110.0
359.56	110.0
368.2	110.0
397.72	110.0
414.72	110.0
308.96	111.0
311.76	111.0
413.96	111.0
314.56	111.0
320.08	111.0
325.36	111.0
333.6	111.0
344.04	111.0
351.4	111.0
368.68	111.0
376.24	111.0
380.44	111.0
383.88	111.0
399.6	111.0
438.6	111.0
462.08	111.0
469.56	111.0
520.72	111.0
526.24	111.0
535.48	111.0
539.6	111.0
560.4	111.0
566.6	111.0
616.4	111.0
638.16	111.0
645.2	111.0
694.04	111.0
700.8	111.0
734.8	111.0
741.68	111.0
791.96	111.0
822.68	111.0
852.88	111.0
876.8	111.0
889.16	111.0
894.64	111.0
942.16	111.0
964.76	111.0
971.64	111.0
985.84	111.0
1000.2	111.0
1021.16	111.0
1051.0	111.0
1071.0	111.0
1086.88	111.0
1096.72	111.0
1112.0	111.0
1158.0	111.0
1178.4	111.0
1188.24	111.0
1204.32	111.0
1219.44	111.0
1276.12	111.0
1297.84	111.0
1305.84	111.0
1326.16	111.0
1347.96	111.0
1365.0	111.0
1373.16	111.0
308.96	112.0
312.0	112.0
304.52	113.0
310.52	113.0
344.92	113.0
445.28	113.0
693.92	113.0
800.4	113.0
870.44	113.0
1031.52	113.0
1066.2	113.0
304.0	114.0
762.92	114.0
955.56	114.0
309.04	114.0
315.76	114.0
319.68	114.0
322.96	114.0
355.92	114.0
358.68	114.0
369.56	114.0
386.28	114.0
435.28	114.0
501.4	114.0
586.2	114.0
622.44	114.0
670.76	114.0
793.56	114.0
821.84	114.0
958.68	114.0
1001.92	114.0
1328.48	114.0
303.2	115.0
321.44	115.0
671.28	115.0
788.48	115.0
941.44	115.0
1050.92	115.0
1132.52	115.0
1273.64	115.0
1342.92	115.0
309.04	116.0
311.92	116.0
368.12	116.0
397.6	116.0
310.6	117.0
316.4	117.0
324.8	117.0
328.16	117.0
368.12	117.0
420.2	117.0
500.52	117.0
332.88	117.0
337.08	117.0
342.84	117.0
376.44	117.0
381.32	117.0
400.04	117.0
405.92	117.0
431.48	117.0
440.16	117.0
450.32	117.0
534.32	117.0
585.16	117.0
627.12	117.0
640.92	117.0
690.32	117.0
712.52	117.0
309.0	118.0
312.12	118.0
306.88	120.0
326.96	120.0
338.28	120.0
346.64	120.0
370.48	120.0
385.28	120.0
488.56	120.0
606.56	120.0
734.0	120.0
1039.92	120.0
1277.76	120.0
