100.44	96.0
302.84	96.0
450.72	96.0
8.76	97.0
31.28	97.0
167.28	97.0
392.8	97.0
630.12	97.0
2.84	99.0
32.0	99.0
63.84	99.0
106.04	99.0
215.44	99.0
240.12	99.0
302.48	99.0
331.4	99.0
399.28	99.0
549.52	99.0
589.24	99.0
612.68	99.0
723.36	99.0
784.04	99.0
863.4	99.0
906.68	99.0
1046.8	99.0
1230.8	99.0
302.48	100.0
302.48	102.0
302.48	103.0
302.48	104.0
15.44	105.0
37.96	105.0
110.4	105.0
37.12	106.0
77.72	106.0
101.0	106.0
135.76	106.0
149.64	106.0
181.84	106.0
215.48	106.0
231.04	106.0
247.92	106.0
322.4	106.0
399.96	106.0
525.68	106.0
671.92	106.0
741.44	106.0
32.96	107.0
35.72	107.0
51.88	107.0
98.48	107.0
496.6	107.0
1178.76	107.0
1452.48	107.0
75.8	108.0
303.76	108.0
771.96	108.0
39.6	108.0
60.24	108.0
63.28	108.0
96.52	108.0
101.44	108.0
112.68	108.0
122.32	108.0
161.96	108.0
168.64	108.0
179.52	108.0
189.32	108.0
208.8	108.0
232.72	108.0
264.72	108.0
289.64	108.0
294.4	108.0
309.72	108.0
327.32	108.0
367.8	108.0
400.28	108.0
436.76	108.0
461.92	108.0
480.24	108.0
498.84	108.0
511.12	108.0
515.08	108.0
544.8	108.0
565.76	108.0
588.08	108.0
619.36	108.0
653.72	108.0
660.44	108.0
665.72	108.0
674.4	108.0
677.2	108.0
727.88	108.0
737.16	108.0
837.56	108.0
862.28	108.0
876.76	108.0
887.28	108.0
901.96	108.0
1037.64	108.0
1104.68	108.0
1132.68	108.0
1192.76	108.0
1206.0	108.0
1235.32	108.0
1375.92	108.0
1385.2	108.0
1453.52	108.0
26.76	109.0
62.28	109.0
139.6	109.0
223.12	109.0
246.4	109.0
277.12	109.0
302.68	109.0
326.64	109.0
375.6	109.0
400.56	109.0
461.44	109.0
483.72	109.0
522.28	109.0
546.76	109.0
597.76	109.0
615.52	109.0
627.64	109.0
660.0	109.0
729.2	109.0
755.16	109.0
813.56	109.0
842.08	109.0
892.88	109.0
982.12	109.0
1054.36	109.0
1132.32	109.0
1172.32	109.0
1190.0	109.0
1244.52	109.0
1270.72	109.0
309.0	110.0
312.04	110.0
27.48	110.0
74.64	110.0
109.8	110.0
308.96	111.0
311.84	111.0
17.92	111.0
59.4	111.0
109.84	111.0
133.44	111.0
144.04	111.0
153.64	111.0
185.96	111.0
210.84	111.0
217.56	111.0
235.72	111.0
250.96	111.0
299.56	111.0
326.52	111.0
416.28	111.0
432.88	111.0
460.12	111.0
465.48	111.0
544.32	111.0
558.76	111.0
574.24	111.0
586.72	111.0
609.04	111.0
615.24	111.0
628.68	111.0
676.52	111.0
691.16	111.0
716.88	111.0
744.72	111.0
772.36	111.0
778.6	111.0
785.76	111.0
818.76	111.0
860.76	111.0
873.2	111.0
918.6	111.0
926.16	111.0
960.36	111.0
971.36	111.0
988.76	111.0
1057.12	111.0
1073.12	111.0
1092.84	111.0
1128.88	111.0
1144.88	111.0
1166.28	111.0
1197.24	111.0
1207.12	111.0
1225.6	111.0
1256.88	111.0
1314.88	111.0
1337.64	111.0
1383.28	111.0
1387.72	111.0
1403.64	111.0
1431.36	111.0
1456.76	111.0
1470.72	111.0
6.36	112.0
38.64	112.0
308.96	112.0
312.12	112.0
148.04	112.0
302.56	113.0
6.52	113.0
28.2	113.0
64.2	113.0
79.36	113.0
183.76	113.0
233.44	113.0
1050.64	113.0
1293.92	113.0
14.64	114.0
37.12	114.0
52.4	114.0
98.56	114.0
183.48	114.0
205.8	114.0
284.96	114.0
303.56	114.0
464.88	114.0
482.44	114.0
538.12	114.0
566.64	114.0
577.92	114.0
636.96	114.0
716.88	114.0
747.0	114.0
783.24	114.0
896.48	114.0
1029.16	114.0
1204.32	114.0
1264.68	114.0
1298.32	114.0
311.6	115.0
382.6	115.0
715.88	115.0
918.28	115.0
1013.08	115.0
1245.44	115.0
1309.72	115.0
1376.2	115.0
17.08	115.0
101.12	116.0
27.44	116.0
309.04	116.0
312.12	116.0
1421.76	116.0
310.72	117.0
460.44	117.0
10.24	117.0
27.56	117.0
60.08	117.0
108.28	117.0
229.04	117.0
251.48	117.0
327.4	117.0
342.8	117.0
379.68	117.0
1135.04	117.0
1166.84	117.0
1410.28	117.0
288.52	118.0
309.04	118.0
311.96	118.0
304.76	119.0
550.76	119.0
302.68	120.0
22.84	120.0
37.48	120.0
53.2	120.0
75.64	120.0
160.32	120.0
182.64	120.0
207.52	120.0
280.56	120.0
363.12	120.0
783.44	120.0
825.36	120.0
1115.32	120.0
1222.04	120.0
1340.4	120.0
1399.76	120.0
