327.28	96.0
443.72	96.0
305.72	97.0
319.48	97.0
329.76	97.0
407.2	97.0
450.48	97.0
471.2	97.0
1176.32	97.0
306.68	99.0
315.4	99.0
381.28	99.0
564.6	99.0
567.24	99.0
679.92	99.0
757.56	99.0
855.4	99.0
900.48	99.0
1082.12	99.0
1225.92	99.0
310.0	101.0
309.0	102.0
311.96	102.0
346.72	107.0
353.4	107.0
308.68	107.0
329.08	107.0
366.76	107.0
418.08	107.0
425.48	107.0
518.88	107.0
566.2	107.0
672.88	107.0
303.48	108.0
307.8	108.0
314.68	108.0
317.44	108.0
326.8	108.0
344.12	108.0
348.88	108.0
352.52	108.0
367.12	108.0
376.64	108.0
384.04	108.0
393.68	108.0
422.2	108.0
425.84	108.0
431.76	108.0
438.12	108.0
445.56	108.0
449.2	108.0
460.0	108.0
463.52	108.0
480.28	108.0
490.84	108.0
553.96	108.0
567.68	108.0
595.48	108.0
598.32	108.0
606.32	108.0
753.24	108.0
773.04	108.0
796.36	108.0
799.84	108.0
903.28	108.0
909.88	108.0
949.08	108.0
959.44	108.0
962.2	108.0
1007.64	108.0
1035.12	108.0
1089.72	108.0
1138.36	108.0
1141.72	108.0
1149.4	108.0
1151.96	108.0
1186.44	108.0
1281.12	108.0
1353.96	108.0
1371.08	108.0
316.32	109.0
329.16	109.0
352.2	109.0
383.68	109.0
399.28	109.0
432.16	109.0
444.36	109.0
492.44	109.0
517.84	109.0
555.92	109.0
580.12	109.0
606.24	109.0
639.8	109.0
674.76	109.0
692.84	109.0
715.0	109.0
874.04	109.0
926.76	109.0
961.84	109.0
1005.08	109.0
1100.44	109.0
1155.6	109.0
1179.28	109.0
1239.76	109.0
1280.6	109.0
309.0	110.0
311.84	110.0
448.76	110.0
482.12	110.0
657.56	110.0
1227.92	110.0
324.88	110.0
350.8	110.0
431.28	110.0
309.0	111.0
312.12	111.0
317.72	111.0
330.16	111.0
334.28	111.0
339.44	111.0
356.08	111.0
368.92	111.0
373.96	111.0
387.88	111.0
407.68	111.0
411.52	111.0
416.28	111.0
421.16	111.0
430.84	111.0
438.16	111.0
449.16	111.0
456.92	111.0
465.04	111.0
470.44	111.0
479.64	111.0
490.88	111.0
506.84	111.0
533.16	111.0
553.8	111.0
565.56	111.0
573.12	111.0
579.64	111.0
591.24	111.0
605.4	111.0
613.56	111.0
631.88	111.0
643.84	111.0
653.0	111.0
663.72	111.0
670.32	111.0
692.68	111.0
698.68	111.0
713.08	111.0
721.64	111.0
738.32	111.0
757.24	111.0
764.48	111.0
793.16	111.0
802.16	111.0
816.76	111.0
840.16	111.0
850.84	111.0
863.72	111.0
874.48	111.0
886.16	111.0
903.6	111.0
952.36	111.0
959.6	111.0
995.08	111.0
1002.36	111.0
1032.8	111.0
1045.8	111.0
1059.4	111.0
1084.56	111.0
1105.36	111.0
1139.72	111.0
1175.84	111.0
1187.4	111.0
1235.12	111.0
1250.12	111.0
1279.52	111.0
1295.64	111.0
1313.44	111.0
1331.4	111.0
1343.96	111.0
1358.0	111.0
418.08	112.0
462.6	112.0
309.88	113.0
327.24	113.0
451.08	113.0
461.32	113.0
659.32	113.0
712.2	113.0
338.52	114.0
304.52	114.0
315.52	114.0
352.72	114.0
372.92	114.0
391.6	114.0
431.12	114.0
468.52	114.0
474.48	114.0
494.92	114.0
586.84	114.0
994.76	114.0
1161.84	114.0
1171.32	114.0
303.68	115.0
347.24	115.0
418.16	115.0
508.6	115.0
552.6	115.0
839.36	115.0
905.08	115.0
937.84	115.0
995.12	115.0
1083.96	115.0
1124.64	115.0
1174.4	115.0
1215.24	115.0
1269.32	115.0
1311.88	115.0
1378.72	115.0
379.64	116.0
1105.92	116.0
312.56	117.0
335.96	117.0
310.0	117.0
345.6	117.0
365.76	117.0
375.64	117.0
403.8	117.0
481.52	117.0
508.32	117.0
677.4	117.0
309.0	118.0
312.08	118.0
354.4	119.0
1098.16	119.0
361.6	120.0
448.24	120.0
509.8	120.0
