326.24	96.0
302.48	96.0
305.48	97.0
314.44	97.0
340.76	97.0
373.72	97.0
436.24	97.0
552.48	97.0
717.64	97.0
849.16	97.0
1042.04	97.0
302.48	99.0
367.88	99.0
374.96	99.0
462.36	99.0
641.92	99.0
802.6	99.0
914.84	99.0
989.2	99.0
1078.88	99.0
1157.04	99.0
1217.88	99.0
1281.96	99.0
302.48	102.0
302.48	103.0
302.48	104.0
422.24	106.0
456.68	106.0
498.16	106.0
524.52	106.0
563.76	106.0
587.68	106.0
653.08	106.0
830.36	106.0
896.36	106.0
962.12	106.0
1034.4	106.0
302.52	107.0
591.6	107.0
317.4	107.0
333.28	107.0
393.8	107.0
399.8	107.0
547.16	107.0
302.48	108.0
307.32	108.0
314.44	108.0
321.52	108.0
329.0	108.0
333.96	108.0
343.36	108.0
358.08	108.0
365.48	108.0
369.44	108.0
373.72	108.0
384.84	108.0
394.08	108.0
397.48	108.0
406.4	108.0
414.6	108.0
425.88	108.0
429.52	108.0
437.36	108.0
451.56	108.0
460.48	108.0
473.44	108.0
529.28	108.0
535.28	108.0
537.8	108.0
544.96	108.0
557.48	108.0
569.04	108.0
573.28	108.0
598.52	108.0
620.12	108.0
637.8	108.0
683.6	108.0
733.48	108.0
746.08	108.0
769.16	108.0
805.6	108.0
830.32	108.0
867.84	108.0
871.96	108.0
939.0	108.0
961.08	108.0
968.72	108.0
1038.44	108.0
1113.68	108.0
1145.28	108.0
1148.48	108.0
1199.68	108.0
1235.24	108.0
1238.76	108.0
1278.2	108.0
1280.72	108.0
1284.52	108.0
1299.28	108.0
1311.36	108.0
1316.08	108.0
302.52	109.0
312.04	109.0
329.12	109.0
343.12	109.0
356.8	109.0
373.28	109.0
397.48	109.0
416.76	109.0
453.52	109.0
472.4	109.0
500.0	109.0
529.28	109.0
556.72	109.0
586.4	109.0
599.48	109.0
658.16	109.0
709.0	109.0
782.84	109.0
836.2	109.0
937.44	109.0
983.08	109.0
1006.96	109.0
1038.08	109.0
1060.08	109.0
1201.12	109.0
1242.16	109.0
1318.68	109.0
1359.2	109.0
308.96	110.0
311.88	110.0
340.0	110.0
418.72	110.0
547.6	110.0
805.08	110.0
308.96	111.0
311.68	111.0
325.04	111.0
332.76	111.0
356.72	111.0
368.64	111.0
375.4	111.0
383.36	111.0
394.24	111.0
407.04	111.0
423.72	111.0
431.16	111.0
449.28	111.0
464.36	111.0
501.4	111.0
511.48	111.0
518.24	111.0
525.68	111.0
532.6	111.0
539.32	111.0
548.36	111.0
556.68	111.0
582.72	111.0
593.44	111.0
607.32	111.0
622.24	111.0
628.48	111.0
638.88	111.0
669.88	111.0
675.76	111.0
688.88	111.0
701.96	111.0
727.64	111.0
734.48	111.0
758.48	111.0
764.8	111.0
781.12	111.0
793.28	111.0
810.04	111.0
830.52	111.0
838.48	111.0
869.36	111.0
880.44	111.0
921.28	111.0
937.92	111.0
962.88	111.0
992.36	111.0
1008.12	111.0
1059.44	111.0
1065.36	111.0
1102.0	111.0
1111.96	111.0
1119.16	111.0
1141.08	111.0
1156.36	111.0
1170.56	111.0
1188.96	111.0
1213.88	111.0
1239.52	111.0
1251.88	111.0
1260.32	111.0
1277.84	111.0
1316.44	111.0
309.0	112.0
312.0	112.0
523.32	112.0
531.8	113.0
308.16	113.0
319.92	113.0
351.24	113.0
369.12	113.0
479.48	113.0
658.44	113.0
710.36	113.0
901.12	113.0
417.36	114.0
305.92	114.0
308.44	114.0
321.76	114.0
369.28	114.0
460.28	114.0
503.84	114.0
532.52	114.0
560.72	114.0
564.28	114.0
611.6	114.0
677.76	114.0
834.28	114.0
871.0	114.0
971.32	114.0
303.32	115.0
339.84	115.0
353.92	115.0
395.64	115.0
991.72	115.0
1098.04	115.0
1194.0	115.0
1277.44	115.0
1316.12	115.0
322.08	115.0
308.96	116.0
312.0	116.0
418.6	116.0
310.52	117.0
324.96	117.0
414.6	117.0
772.08	117.0
853.16	117.0
316.64	117.0
335.76	117.0
369.2	117.0
379.32	117.0
456.36	117.0
498.2	117.0
622.8	117.0
711.84	117.0
755.68	117.0
782.4	117.0
877.4	117.0
938.92	117.0
1148.76	117.0
1190.16	117.0
1257.36	117.0
1313.68	117.0
309.0	118.0
311.96	118.0
342.8	120.0
499.08	120.0
522.04	120.0
546.0	120.0
636.56	120.0
723.56	120.0
762.76	120.0
821.88	120.0
950.76	120.0
1000.0	120.0
1038.44	120.0
1186.2	120.0
1220.92	120.0
1307.72	120.0
