325.64	96.0
682.44	96.0
306.6	97.0
330.32	97.0
357.4	97.0
545.56	97.0
622.96	97.0
1168.08	97.0
302.48	99.0
344.2	99.0
354.68	99.0
460.16	99.0
480.0	99.0
539.08	99.0
567.8	99.0
767.48	99.0
875.28	99.0
941.32	99.0
1000.4	99.0
1173.16	99.0
1297.32	99.0
302.76	100.0
302.48	102.0
302.48	103.0
302.48	104.0
1450.4	105.0
439.08	106.0
486.64	106.0
574.28	106.0
616.56	106.0
646.08	106.0
699.76	106.0
738.68	106.0
776.24	106.0
853.52	106.0
302.56	107.0
943.6	107.0
379.96	107.0
454.84	107.0
620.64	107.0
1009.96	107.0
740.0	108.0
302.48	108.0
308.4	108.0
314.08	108.0
323.36	108.0
328.0	108.0
341.2	108.0
356.12	108.0
376.16	108.0
381.84	108.0
411.2	108.0
414.96	108.0
425.44	108.0
428.16	108.0
447.0	108.0
454.24	108.0
484.44	108.0
488.44	108.0
501.76	108.0
506.64	108.0
515.08	108.0
533.24	108.0
552.84	108.0
564.24	108.0
572.28	108.0
581.48	108.0
612.88	108.0
615.92	108.0
626.8	108.0
669.92	108.0
699.56	108.0
702.48	108.0
712.92	108.0
748.36	108.0
766.8	108.0
783.24	108.0
805.56	108.0
825.32	108.0
853.72	108.0
866.16	108.0
876.36	108.0
897.24	108.0
957.72	108.0
970.8	108.0
975.28	108.0
1015.76	108.0
1060.4	108.0
1125.52	108.0
1158.96	108.0
1208.08	108.0
1292.68	108.0
1331.76	108.0
1361.2	108.0
1447.44	108.0
302.68	109.0
314.92	109.0
327.72	109.0
385.52	109.0
402.8	109.0
450.04	109.0
473.48	109.0
557.96	109.0
581.04	109.0
635.44	109.0
655.56	109.0
674.68	109.0
710.4	109.0
824.84	109.0
856.56	109.0
917.88	109.0
949.52	109.0
1057.84	109.0
1169.4	109.0
1416.28	109.0
309.0	110.0
311.68	110.0
472.88	110.0
490.32	110.0
602.92	110.0
308.96	111.0
311.92	111.0
321.36	111.0
327.88	111.0
340.52	111.0
352.6	111.0
359.56	111.0
365.72	111.0
368.4	111.0
384.72	111.0
400.96	111.0
413.28	111.0
420.2	111.0
427.2	111.0
434.88	111.0
442.2	111.0
450.52	111.0
469.44	111.0
474.6	111.0
481.64	111.0
504.48	111.0
543.04	111.0
549.88	111.0
556.88	111.0
573.04	111.0
595.68	111.0
605.12	111.0
615.6	111.0
628.88	111.0
655.48	111.0
689.0	111.0
700.68	111.0
707.2	111.0
730.28	111.0
760.8	111.0
782.04	111.0
796.32	111.0
810.08	111.0
826.4	111.0
849.4	111.0
883.44	111.0
926.8	111.0
941.76	111.0
964.36	111.0
975.48	111.0
1013.6	111.0
1023.48	111.0
1052.92	111.0
1059.64	111.0
1087.8	111.0
1095.84	111.0
1105.44	111.0
1127.6	111.0
1157.2	111.0
1202.68	111.0
1217.4	111.0
1236.6	111.0
1275.68	111.0
1295.32	111.0
1344.32	111.0
1376.0	111.0
1412.8	111.0
1437.88	111.0
1468.12	111.0
309.0	112.0
312.16	112.0
339.32	112.0
467.48	112.0
668.32	112.0
315.92	113.0
342.0	113.0
365.36	113.0
396.84	113.0
454.4	113.0
460.44	113.0
513.2	113.0
545.32	113.0
754.68	113.0
781.24	113.0
857.08	113.0
1248.4	113.0
304.52	114.0
312.8	114.0
330.64	114.0
351.36	114.0
359.12	114.0
405.92	114.0
441.4	114.0
595.76	114.0
699.8	114.0
819.52	114.0
901.32	114.0
1297.32	114.0
1411.64	114.0
303.32	115.0
353.08	115.0
378.56	115.0
670.04	115.0
871.8	115.0
961.04	115.0
1080.16	115.0
1148.88	115.0
1187.76	115.0
1273.84	115.0
1345.0	115.0
1395.72	115.0
1461.4	115.0
309.76	115.0
309.0	116.0
311.92	116.0
472.8	116.0
489.64	116.0
310.44	117.0
684.6	117.0
317.88	117.0
339.76	117.0
352.16	117.0
367.64	117.0
452.44	117.0
724.52	117.0
793.92	117.0
875.96	117.0
906.92	117.0
977.0	117.0
1128.2	117.0
1163.68	117.0
1169.52	117.0
308.96	118.0
311.84	118.0
792.84	119.0
507.72	120.0
343.56	120.0
365.4	120.0
386.2	120.0
463.92	120.0
516.8	120.0
604.08	120.0
660.16	120.0
721.64	120.0
952.28	120.0
1393.56	120.0
1453.24	120.0
