302.88	96.0
311.72	96.0
304.72	97.0
127.28	97.0
158.24	97.0
277.72	97.0
29.24	99.0
127.56	99.0
187.72	99.0
302.52	99.0
544.84	99.0
575.6	99.0
302.48	100.0
302.48	102.0
302.52	103.0
302.48	104.0
209.36	107.0
37.96	107.0
303.0	107.0
327.28	107.0
503.24	107.0
345.2	108.0
8.72	108.0
20.84	108.0
24.84	108.0
28.96	108.0
56.32	108.0
65.76	108.0
71.92	108.0
119.72	108.0
123.76	108.0
159.48	108.0
190.04	108.0
197.68	108.0
235.0	108.0
241.28	108.0
252.44	108.0
266.04	108.0
293.32	108.0
302.64	108.0
316.56	108.0
322.52	108.0
331.04	108.0
338.6	108.0
365.2	108.0
370.68	108.0
374.44	108.0
380.48	108.0
407.64	108.0
442.68	108.0
478.52	108.0
528.04	108.0
551.76	108.0
623.52	108.0
629.56	108.0
638.8	108.0
645.36	108.0
714.48	108.0
717.52	108.0
25.36	109.0
42.52	109.0
123.36	109.0
213.08	109.0
259.76	109.0
302.52	109.0
378.04	109.0
445.76	109.0
472.56	109.0
578.04	109.0
308.96	110.0
311.84	110.0
308.96	111.0
311.84	111.0
2.96	111.0
9.16	111.0
23.32	111.0
36.48	111.0
45.28	111.0
60.56	111.0
73.68	111.0
99.96	111.0
108.8	111.0
121.56	111.0
127.04	111.0
143.16	111.0
153.52	111.0
167.08	111.0
176.2	111.0
213.68	111.0
241.64	111.0
278.84	111.0
294.92	111.0
315.52	111.0
320.32	111.0
325.2	111.0
333.4	111.0
342.68	111.0
349.32	111.0
364.04	111.0
388.12	111.0
421.48	111.0
444.16	111.0
471.72	111.0
496.56	111.0
505.92	111.0
513.6	111.0
554.48	111.0
581.52	111.0
615.36	111.0
308.96	112.0
311.84	112.0
302.68	113.0
75.24	113.0
104.2	113.0
141.04	113.0
231.96	113.0
378.0	113.0
504.2	113.0
23.92	114.0
114.24	114.0
124.32	114.0
127.0	114.0
138.64	114.0
179.44	114.0
296.36	114.0
310.6	114.0
510.12	114.0
195.8	115.0
259.04	115.0
407.12	115.0
468.28	115.0
536.88	115.0
578.04	115.0
629.48	115.0
712.56	115.0
309.0	116.0
311.92	116.0
310.48	117.0
102.12	117.0
108.8	117.0
267.08	117.0
485.08	117.0
309.04	118.0
312.0	118.0
47.64	119.0
34.68	120.0
271.56	120.0
379.12	120.0
