311.76	96.0
307.0	97.0
1052.68	97.0
302.72	97.0
351.04	97.0
578.88	97.0
302.48	99.0
331.88	99.0
463.88	99.0
688.68	99.0
784.44	99.0
988.64	99.0
1054.16	99.0
302.76	100.0
302.48	102.0
302.48	103.0
302.6	104.0
317.16	105.0
459.48	105.0
368.2	107.0
395.36	107.0
508.92	107.0
304.0	107.0
332.08	107.0
377.92	107.0
398.72	107.0
493.88	107.0
727.12	107.0
848.56	107.0
1236.6	107.0
1290.36	107.0
549.04	108.0
302.48	108.0
307.48	108.0
312.8	108.0
324.88	108.0
328.52	108.0
340.92	108.0
343.44	108.0
353.48	108.0
374.56	108.0
392.76	108.0
418.72	108.0
428.64	108.0
473.28	108.0
485.08	108.0
493.04	108.0
496.96	108.0
503.04	108.0
508.92	108.0
546.4	108.0
556.64	108.0
569.52	108.0
592.84	108.0
597.52	108.0
603.0	108.0
617.16	108.0
642.2	108.0
650.92	108.0
661.48	108.0
668.2	108.0
691.44	108.0
702.8	108.0
715.84	108.0
728.6	108.0
783.08	108.0
797.08	108.0
847.52	108.0
861.12	108.0
903.96	108.0
943.0	108.0
992.48	108.0
1053.84	108.0
1058.68	108.0
1095.16	108.0
1112.68	108.0
1135.0	108.0
1168.76	108.0
1280.08	108.0
1354.8	108.0
302.84	109.0
311.52	109.0
327.84	109.0
363.92	109.0
392.68	109.0
425.24	109.0
484.56	109.0
547.76	109.0
626.08	109.0
693.44	109.0
745.92	109.0
788.0	109.0
811.92	109.0
952.32	109.0
993.88	109.0
1071.52	109.0
1112.24	109.0
1334.72	109.0
308.96	110.0
312.08	110.0
495.52	110.0
602.56	110.0
1181.68	110.0
309.0	111.0
311.92	111.0
316.44	111.0
322.2	111.0
329.04	111.0
332.12	111.0
338.04	111.0
361.36	111.0
365.76	111.0
370.04	111.0
375.2	111.0
388.24	111.0
398.2	111.0
424.64	111.0
430.4	111.0
435.28	111.0
444.08	111.0
457.16	111.0
479.68	111.0
483.12	111.0
492.16	111.0
495.4	111.0
501.84	111.0
505.72	111.0
510.6	111.0
520.64	111.0
526.84	111.0
545.36	111.0
558.8	111.0
570.68	111.0
579.68	111.0
587.72	111.0
593.56	111.0
602.0	111.0
610.0	111.0
623.0	111.0
631.0	111.0
662.76	111.0
674.96	111.0
706.28	111.0
715.88	111.0
745.4	111.0
753.76	111.0
763.2	111.0
769.36	111.0
790.0	111.0
796.32	111.0
819.72	111.0
828.2	111.0
842.08	111.0
864.64	111.0
902.64	111.0
920.76	111.0
933.64	111.0
943.96	111.0
950.76	111.0
962.2	111.0
969.48	111.0
1012.8	111.0
1057.08	111.0
1066.76	111.0
1083.96	111.0
1113.48	111.0
1130.28	111.0
1148.76	111.0
1181.08	111.0
1255.72	111.0
1297.44	111.0
309.0	112.0
311.64	112.0
308.0	113.0
337.64	113.0
510.92	113.0
926.44	113.0
1089.16	113.0
494.04	114.0
304.32	114.0
351.24	114.0
363.76	114.0
431.88	114.0
459.36	114.0
467.48	114.0
548.36	114.0
578.16	114.0
750.92	114.0
303.24	115.0
389.64	115.0
542.76	115.0
902.8	115.0
1167.2	115.0
1216.16	115.0
1275.4	115.0
1328.52	115.0
309.0	116.0
312.24	116.0
329.52	116.0
310.52	117.0
315.96	117.0
416.88	117.0
339.4	117.0
365.6	117.0
379.16	117.0
422.96	117.0
503.08	117.0
513.2	117.0
569.84	117.0
588.76	117.0
643.08	117.0
808.36	117.0
969.92	117.0
309.0	118.0
311.8	118.0
312.28	120.0
492.36	120.0
525.48	120.0
662.92	120.0
700.44	120.0
806.56	120.0
876.48	120.0
906.64	120.0
