305.24	96.0
330.92	96.0
383.8	96.0
399.12	96.0
436.76	96.0
306.24	97.0
302.68	97.0
323.04	97.0
357.84	97.0
378.24	97.0
392.56	97.0
444.52	97.0
603.0	97.0
708.68	97.0
411.56	98.0
302.52	99.0
330.16	99.0
354.52	99.0
369.56	99.0
407.24	99.0
465.96	99.0
542.8	99.0
582.92	99.0
630.72	99.0
675.24	99.0
740.56	99.0
818.96	99.0
833.56	99.0
886.24	99.0
948.96	99.0
1014.68	99.0
1095.44	99.0
1308.12	99.0
302.52	100.0
302.48	102.0
355.64	103.0
302.52	103.0
302.52	104.0
302.48	107.0
310.52	107.0
355.84	107.0
666.8	107.0
323.84	107.0
341.84	107.0
362.96	107.0
376.88	107.0
393.52	107.0
413.8	107.0
1293.96	107.0
466.88	108.0
727.68	108.0
302.48	108.0
306.92	108.0
313.16	108.0
319.24	108.0
327.72	108.0
338.28	108.0
343.72	108.0
356.2	108.0
358.96	108.0
371.08	108.0
379.0	108.0
388.84	108.0
404.4	108.0
420.44	108.0
424.48	108.0
437.76	108.0
446.56	108.0
452.16	108.0
460.12	108.0
473.52	108.0
492.96	108.0
497.92	108.0
504.92	108.0
525.68	108.0
536.76	108.0
555.56	108.0
561.84	108.0
578.84	108.0
585.16	108.0
619.12	108.0
626.2	108.0
655.96	108.0
664.2	108.0
697.28	108.0
735.36	108.0
741.48	108.0
791.16	108.0
819.64	108.0
855.16	108.0
869.68	108.0
932.04	108.0
1035.4	108.0
1042.24	108.0
1120.24	108.0
1141.92	108.0
1162.28	108.0
1189.36	108.0
1246.32	108.0
1347.16	108.0
302.6	109.0
309.28	109.0
329.72	109.0
339.16	109.0
367.08	109.0
379.76	109.0
405.36	109.0
424.08	109.0
471.92	109.0
496.44	109.0
509.32	109.0
544.92	109.0
578.4	109.0
592.32	109.0
608.84	109.0
649.32	109.0
666.44	109.0
698.2	109.0
719.48	109.0
752.2	109.0
777.52	109.0
803.48	109.0
841.32	109.0
868.64	109.0
923.24	109.0
947.92	109.0
1060.68	109.0
1171.4	109.0
308.96	110.0
312.12	110.0
327.52	110.0
345.24	110.0
308.96	111.0
311.56	111.0
315.24	111.0
321.36	111.0
326.08	111.0
339.72	111.0
355.76	111.0
359.72	111.0
368.48	111.0
374.04	111.0
379.12	111.0
394.12	111.0
399.24	111.0
419.2	111.0
434.32	111.0
453.72	111.0
475.16	111.0
501.6	111.0
507.04	111.0
514.32	111.0
522.08	111.0
538.2	111.0
553.08	111.0
558.64	111.0
586.04	111.0
603.08	111.0
616.32	111.0
649.56	111.0
663.72	111.0
695.04	111.0
712.16	111.0
748.64	111.0
761.36	111.0
802.24	111.0
832.08	111.0
858.68	111.0
906.12	111.0
916.2	111.0
926.56	111.0
954.4	111.0
989.4	111.0
1003.44	111.0
1023.56	111.0
1035.68	111.0
1057.64	111.0
1069.08	111.0
1085.96	111.0
1101.0	111.0
1115.48	111.0
1150.64	111.0
1168.92	111.0
1183.96	111.0
1226.08	111.0
1262.08	111.0
1275.52	111.0
1283.48	111.0
1299.48	111.0
1312.48	111.0
309.0	112.0
311.8	112.0
443.04	112.0
302.64	113.0
362.32	113.0
428.04	113.0
464.36	113.0
623.48	113.0
337.28	114.0
655.68	114.0
694.12	114.0
833.0	114.0
305.76	114.0
308.84	114.0
315.04	114.0
348.52	114.0
397.56	114.0
403.16	114.0
541.24	114.0
560.48	114.0
610.64	114.0
697.64	114.0
906.12	114.0
975.88	114.0
1059.76	114.0
1094.64	114.0
303.36	115.0
390.0	115.0
682.72	115.0
712.92	115.0
856.4	115.0
892.84	115.0
1136.56	115.0
1168.48	115.0
1243.24	115.0
1339.92	115.0
309.0	116.0
312.48	116.0
310.84	117.0
369.84	117.0
484.16	117.0
328.24	117.0
339.96	117.0
344.8	117.0
374.68	117.0
381.24	117.0
383.88	117.0
399.68	117.0
429.08	117.0
459.68	117.0
469.44	117.0
503.52	117.0
508.92	117.0
663.04	117.0
702.88	117.0
309.08	118.0
312.04	118.0
361.88	119.0
343.64	120.0
362.92	120.0
389.76	120.0
399.88	120.0
443.64	120.0
450.32	120.0
610.0	120.0
740.32	120.0
829.28	120.0
