136.0	96.0
303.88	97.0
302.48	99.0
302.48	102.0
302.48	103.0
302.48	104.0
303.8	107.0
28.96	108.0
78.84	108.0
193.72	108.0
216.56	108.0
302.68	108.0
308.16	108.0
310.72	108.0
318.2	108.0
321.56	108.0
332.08	108.0
339.12	108.0
346.32	108.0
367.36	108.0
371.08	108.0
380.56	108.0
397.2	108.0
412.88	108.0
463.0	108.0
484.52	108.0
505.16	108.0
507.68	108.0
15.76	109.0
85.84	109.0
186.84	109.0
302.52	109.0
373.76	109.0
309.0	110.0
311.88	110.0
308.96	111.0
311.92	111.0
63.2	111.0
83.4	111.0
126.68	111.0
133.36	111.0
180.92	111.0
225.0	111.0
315.08	111.0
325.24	111.0
333.96	111.0
341.44	111.0
348.08	111.0
353.48	111.0
371.32	111.0
382.08	111.0
388.36	111.0
429.16	111.0
432.48	111.0
443.6	111.0
487.16	111.0
308.92	112.0
311.72	112.0
302.76	113.0
9.52	113.0
94.28	113.0
134.92	113.0
196.84	113.0
357.04	113.0
591.88	114.0
93.84	114.0
307.4	114.0
312.56	114.0
490.2	114.0
15.68	115.0
105.4	115.0
255.76	115.0
307.52	115.0
309.0	116.0
311.76	116.0
310.52	117.0
316.12	117.0
320.2	117.0
309.04	118.0
311.88	118.0
27.24	120.0
421.0	120.0
