742.08	97.0
23.84	97.0
374.84	97.0
84.84	99.0
125.28	99.0
213.0	99.0
238.84	99.0
487.24	99.0
37.6	105.0
62.76	107.0
4.12	107.0
303.0	107.0
609.24	107.0
196.4	108.0
16.08	108.0
20.12	108.0
38.2	108.0
55.24	108.0
79.64	108.0
114.4	108.0
142.2	108.0
183.24	108.0
202.84	108.0
217.2	108.0
247.6	108.0
259.64	108.0
268.56	108.0
305.12	108.0
313.8	108.0
317.32	108.0
333.68	108.0
341.44	108.0
346.0	108.0
373.4	108.0
433.32	108.0
448.52	108.0
455.32	108.0
478.04	108.0
487.68	108.0
524.92	108.0
537.6	108.0
541.72	108.0
606.12	108.0
9.56	109.0
65.56	109.0
143.08	109.0
185.52	109.0
224.76	109.0
247.12	109.0
357.24	109.0
439.44	109.0
506.56	109.0
541.2	109.0
614.8	109.0
309.0	110.0
311.92	110.0
32.6	110.0
309.0	111.0
311.92	111.0
8.24	111.0
16.92	111.0
22.88	111.0
32.04	111.0
46.48	111.0
82.8	111.0
105.8	111.0
121.2	111.0
151.52	111.0
167.72	111.0
184.28	111.0
195.88	111.0
209.16	111.0
236.64	111.0
244.36	111.0
252.32	111.0
262.84	111.0
275.68	111.0
315.08	111.0
323.88	111.0
330.04	111.0
336.32	111.0
356.76	111.0
423.44	111.0
437.92	111.0
446.64	111.0
490.48	111.0
503.16	111.0
533.2	111.0
543.16	111.0
579.6	111.0
615.64	111.0
636.96	111.0
309.0	112.0
311.68	112.0
345.64	113.0
403.08	113.0
435.84	113.0
303.12	114.0
37.48	114.0
106.36	114.0
172.64	114.0
325.92	114.0
491.88	114.0
511.56	114.0
233.2	115.0
390.84	115.0
480.44	115.0
673.12	115.0
309.0	116.0
312.04	116.0
310.56	117.0
14.4	117.0
122.56	117.0
313.44	117.0
370.36	117.0
528.6	117.0
309.0	118.0
311.76	118.0
775.04	119.0
244.96	120.0
451.96	120.0
