452.16	96.0
302.88	96.0
312.32	96.0
332.76	96.0
362.56	96.0
306.56	97.0
1386.36	97.0
302.52	97.0
342.12	97.0
351.88	97.0
362.36	97.0
371.16	97.0
503.68	97.0
564.2	97.0
663.8	97.0
302.72	99.0
316.8	99.0
338.4	99.0
358.4	99.0
378.48	99.0
403.04	99.0
444.92	99.0
479.16	99.0
503.4	99.0
576.84	99.0
607.72	99.0
684.92	99.0
733.6	99.0
793.44	99.0
858.08	99.0
927.96	99.0
968.88	99.0
1126.44	99.0
1347.76	99.0
302.48	100.0
302.48	102.0
302.48	103.0
555.12	103.0
302.48	104.0
290.24	107.0
334.4	107.0
378.12	107.0
398.16	107.0
422.6	107.0
632.48	107.0
312.64	108.0
362.0	108.0
293.36	108.0
302.48	108.0
306.44	108.0
308.96	108.0
331.68	108.0
340.24	108.0
346.76	108.0
349.92	108.0
353.64	108.0
364.96	108.0
373.8	108.0
380.32	108.0
390.64	108.0
394.32	108.0
397.04	108.0
405.16	108.0
426.68	108.0
448.52	108.0
456.32	108.0
478.36	108.0
484.6	108.0
500.76	108.0
504.16	108.0
511.44	108.0
522.44	108.0
528.72	108.0
537.32	108.0
542.48	108.0
561.04	108.0
601.36	108.0
609.88	108.0
651.36	108.0
660.08	108.0
674.64	108.0
681.12	108.0
689.12	108.0
698.96	108.0
730.24	108.0
795.6	108.0
809.88	108.0
887.04	108.0
899.64	108.0
918.36	108.0
939.6	108.0
964.6	108.0
1016.88	108.0
1034.84	108.0
1133.36	108.0
1178.68	108.0
1189.32	108.0
1192.08	108.0
1271.24	108.0
1277.76	108.0
1315.72	108.0
1348.28	108.0
1418.4	108.0
303.32	109.0
312.96	109.0
332.08	109.0
348.08	109.0
363.32	109.0
381.04	109.0
393.32	109.0
431.16	109.0
441.6	109.0
466.64	109.0
500.32	109.0
546.6	109.0
631.8	109.0
684.16	109.0
722.68	109.0
779.12	109.0
872.16	109.0
930.28	109.0
954.04	109.0
1270.8	109.0
1339.52	109.0
1418.04	109.0
309.0	110.0
311.72	110.0
404.24	110.0
332.52	110.0
381.04	110.0
308.96	111.0
311.76	111.0
263.04	111.0
273.4	111.0
280.28	111.0
285.08	111.0
291.08	111.0
318.52	111.0
321.64	111.0
331.92	111.0
337.6	111.0
346.64	111.0
350.88	111.0
356.24	111.0
403.48	111.0
409.8	111.0
420.08	111.0
432.96	111.0
440.84	111.0
448.36	111.0
467.32	111.0
501.16	111.0
522.2	111.0
536.84	111.0
544.84	111.0
558.44	111.0
571.64	111.0
599.8	111.0
608.6	111.0
622.04	111.0
659.12	111.0
670.48	111.0
702.44	111.0
719.92	111.0
763.36	111.0
776.72	111.0
793.4	111.0
809.6	111.0
846.04	111.0
867.4	111.0
890.52	111.0
918.76	111.0
921.72	111.0
925.6	111.0
951.28	111.0
963.88	111.0
982.72	111.0
988.88	111.0
1043.36	111.0
1059.36	111.0
1068.08	111.0
1103.36	111.0
1131.88	111.0
1196.28	111.0
1200.52	111.0
1246.44	111.0
1261.6	111.0
1269.0	111.0
1296.88	111.0
1304.52	111.0
1323.36	111.0
1440.88	111.0
309.0	112.0
312.04	112.0
302.52	113.0
342.16	113.0
350.08	113.0
365.64	113.0
411.36	113.0
451.24	113.0
1209.52	113.0
1272.04	113.0
1392.76	113.0
273.8	114.0
310.76	114.0
326.88	114.0
340.4	114.0
376.92	114.0
462.08	114.0
490.76	114.0
520.32	114.0
610.96	114.0
721.56	114.0
1299.24	114.0
271.92	115.0
302.84	115.0
868.4	115.0
1129.0	115.0
309.04	116.0
312.12	116.0
380.96	116.0
310.56	117.0
322.84	117.0
355.2	117.0
450.0	117.0
291.68	117.0
342.92	117.0
346.6	117.0
359.72	117.0
367.56	117.0
371.24	117.0
374.64	117.0
382.44	117.0
404.84	117.0
411.92	117.0
447.36	117.0
453.76	117.0
492.72	117.0
503.0	117.0
544.2	117.0
558.72	117.0
615.24	117.0
659.56	117.0
1165.4	117.0
1409.64	117.0
309.0	118.0
312.04	118.0
727.32	119.0
323.92	120.0
347.64	120.0
357.48	120.0
375.12	120.0
422.24	120.0
431.16	120.0
577.16	120.0
610.2	120.0
690.32	120.0
1001.84	120.0
1112.0	120.0
1344.04	120.0
