302.48	96.0
305.28	96.0
453.56	96.0
302.48	97.0
348.0	97.0
536.64	97.0
305.64	97.0
308.6	97.0
313.76	97.0
322.2	97.0
376.8	97.0
302.56	99.0
320.24	99.0
360.08	99.0
378.48	99.0
383.2	99.0
390.92	99.0
404.04	99.0
647.68	99.0
729.64	99.0
759.4	99.0
826.32	99.0
878.56	99.0
925.92	99.0
987.4	99.0
1065.68	99.0
1149.44	99.0
1269.76	99.0
302.48	102.0
302.48	103.0
302.52	104.0
506.88	106.0
302.48	107.0
326.48	107.0
1335.16	107.0
314.96	107.0
331.8	107.0
364.84	107.0
400.24	107.0
432.48	108.0
986.08	108.0
302.48	108.0
307.56	108.0
311.08	108.0
319.68	108.0
330.84	108.0
333.56	108.0
339.12	108.0
341.64	108.0
345.64	108.0
352.44	108.0
365.44	108.0
378.6	108.0
390.12	108.0
404.72	108.0
416.36	108.0
435.16	108.0
448.24	108.0
458.36	108.0
477.16	108.0
486.12	108.0
496.96	108.0
516.68	108.0
521.36	108.0
530.16	108.0
565.2	108.0
568.68	108.0
582.56	108.0
593.52	108.0
619.4	108.0
635.8	108.0
657.8	108.0
669.56	108.0
691.4	108.0
710.64	108.0
716.2	108.0
722.24	108.0
733.2	108.0
753.0	108.0
789.28	108.0
817.72	108.0
827.52	108.0
839.64	108.0
878.16	108.0
891.08	108.0
915.92	108.0
922.8	108.0
934.04	108.0
965.44	108.0
1004.6	108.0
1057.44	108.0
1107.0	108.0
1167.44	108.0
1201.68	108.0
1276.96	108.0
1329.8	108.0
302.48	109.0
319.28	109.0
330.4	109.0
348.88	109.0
363.76	109.0
384.96	109.0
407.36	109.0
434.52	109.0
457.36	109.0
529.0	109.0
568.24	109.0
595.0	109.0
618.72	109.0
630.88	109.0
658.2	109.0
693.4	109.0
724.72	109.0
762.24	109.0
870.24	109.0
975.32	109.0
1152.2	109.0
308.96	110.0
311.96	110.0
330.08	110.0
370.76	110.0
459.92	110.0
804.32	110.0
1151.6	110.0
309.0	111.0
311.92	111.0
315.6	111.0
322.0	111.0
326.8	111.0
330.56	111.0
338.4	111.0
343.28	111.0
347.2	111.0
350.84	111.0
362.28	111.0
365.48	111.0
370.16	111.0
374.92	111.0
380.04	111.0
408.32	111.0
422.32	111.0
430.92	111.0
452.96	111.0
459.48	111.0
492.92	111.0
520.76	111.0
539.08	111.0
572.8	111.0
593.36	111.0
603.6	111.0
632.2	111.0
640.04	111.0
659.48	111.0
671.32	111.0
699.2	111.0
712.32	111.0
718.28	111.0
733.84	111.0
740.92	111.0
747.04	111.0
767.96	111.0
781.32	111.0
801.76	111.0
818.24	111.0
822.28	111.0
870.88	111.0
878.28	111.0
905.64	111.0
914.2	111.0
942.64	111.0
956.44	111.0
966.28	111.0
984.04	111.0
990.52	111.0
1034.92	111.0
1058.28	111.0
1075.28	111.0
1098.6	111.0
1127.64	111.0
1150.8	111.0
1158.0	111.0
1168.2	111.0
1188.04	111.0
1198.84	111.0
1225.72	111.0
1238.4	111.0
1257.84	111.0
1271.64	111.0
1277.96	111.0
1322.52	111.0
1342.48	111.0
1351.08	111.0
308.96	112.0
312.24	112.0
323.28	112.0
365.2	112.0
986.84	112.0
338.04	112.0
302.72	113.0
356.12	113.0
364.32	113.0
720.28	113.0
1043.56	113.0
1017.28	114.0
305.84	114.0
327.24	114.0
333.88	114.0
338.0	114.0
365.48	114.0
381.72	114.0
402.04	114.0
406.56	114.0
411.0	114.0
417.56	114.0
479.32	114.0
489.76	114.0
536.8	114.0
572.08	114.0
616.72	114.0
658.84	114.0
719.8	114.0
977.36	114.0
303.0	115.0
1029.96	115.0
1096.28	115.0
1226.4	115.0
309.0	116.0
311.8	116.0
375.52	116.0
310.48	117.0
335.2	117.0
343.24	117.0
348.88	117.0
382.6	117.0
402.56	117.0
416.68	117.0
425.0	117.0
487.64	117.0
500.6	117.0
533.08	117.0
566.04	117.0
633.68	117.0
309.0	118.0
311.72	118.0
604.32	119.0
1039.72	119.0
496.24	120.0
308.96	120.0
340.6	120.0
353.24	120.0
370.44	120.0
421.92	120.0
456.84	120.0
478.12	120.0
1018.28	120.0
1146.92	120.0
1198.08	120.0
1323.04	120.0
