305.36	96.0
335.28	96.0
306.84	97.0
302.8	97.0
314.88	97.0
333.32	97.0
360.96	97.0
495.0	97.0
636.68	97.0
709.12	97.0
302.52	99.0
321.52	99.0
340.48	99.0
350.76	99.0
388.68	99.0
453.72	99.0
584.08	99.0
611.4	99.0
711.88	99.0
763.8	99.0
975.76	99.0
1186.36	99.0
302.76	100.0
302.48	102.0
302.52	103.0
302.48	104.0
302.92	105.0
493.72	105.0
786.64	105.0
302.6	107.0
312.48	107.0
495.2	107.0
524.96	107.0
546.48	107.0
352.52	107.0
693.16	107.0
780.08	107.0
854.84	107.0
481.0	108.0
302.48	108.0
308.84	108.0
312.6	108.0
333.08	108.0
353.04	108.0
356.76	108.0
371.68	108.0
375.0	108.0
402.2	108.0
405.04	108.0
422.44	108.0
430.56	108.0
435.08	108.0
439.12	108.0
462.68	108.0
478.04	108.0
487.0	108.0
490.24	108.0
522.6	108.0
525.76	108.0
528.28	108.0
532.96	108.0
537.16	108.0
564.92	108.0
568.92	108.0
573.72	108.0
578.56	108.0
588.36	108.0
618.64	108.0
642.24	108.0
648.0	108.0
689.04	108.0
691.92	108.0
695.48	108.0
733.2	108.0
743.16	108.0
757.52	108.0
798.92	108.0
821.72	108.0
825.24	108.0
861.88	108.0
896.4	108.0
919.48	108.0
926.96	108.0
958.4	108.0
1006.04	108.0
1033.08	108.0
1072.64	108.0
1107.12	108.0
1136.8	108.0
1222.84	108.0
1332.72	108.0
302.72	109.0
312.68	109.0
333.72	109.0
386.76	109.0
488.76	109.0
533.16	109.0
552.88	109.0
587.92	109.0
600.64	109.0
637.6	109.0
697.64	109.0
734.96	109.0
869.36	109.0
961.08	109.0
1033.68	109.0
308.96	110.0
312.0	110.0
308.96	111.0
311.72	111.0
322.64	111.0
328.6	111.0
332.08	111.0
334.6	111.0
343.16	111.0
351.68	111.0
355.88	111.0
364.04	111.0
372.2	111.0
378.68	111.0
385.48	111.0
391.44	111.0
396.96	111.0
403.8	111.0
415.6	111.0
419.56	111.0
431.76	111.0
440.68	111.0
462.24	111.0
469.96	111.0
482.76	111.0
499.76	111.0
528.96	111.0
535.36	111.0
542.8	111.0
553.68	111.0
560.44	111.0
573.0	111.0
615.0	111.0
634.76	111.0
641.84	111.0
652.64	111.0
657.52	111.0
707.12	111.0
725.8	111.0
750.84	111.0
775.96	111.0
785.88	111.0
791.84	111.0
807.68	111.0
830.76	111.0
837.44	111.0
865.04	111.0
874.28	111.0
885.76	111.0
891.32	111.0
922.48	111.0
948.64	111.0
1004.04	111.0
1017.92	111.0
1027.08	111.0
1040.88	111.0
1055.24	111.0
1087.28	111.0
1111.2	111.0
1137.44	111.0
1152.88	111.0
1170.2	111.0
1194.0	111.0
1227.4	111.0
1243.48	111.0
1317.44	111.0
1322.8	111.0
1340.56	111.0
308.96	112.0
312.0	112.0
372.92	112.0
659.08	112.0
302.64	113.0
339.68	113.0
460.96	113.0
477.68	113.0
827.16	113.0
352.76	114.0
502.48	114.0
563.88	114.0
568.44	114.0
594.88	114.0
654.56	114.0
705.24	114.0
729.32	114.0
786.76	114.0
837.64	114.0
849.28	114.0
303.6	115.0
342.68	115.0
524.92	115.0
309.04	116.0
312.24	116.0
588.88	116.0
310.56	117.0
314.32	117.0
371.72	117.0
375.28	117.0
431.76	117.0
331.68	117.0
377.8	117.0
380.6	117.0
428.36	117.0
490.92	117.0
509.4	117.0
597.52	117.0
612.08	117.0
704.12	117.0
719.64	117.0
768.76	117.0
786.48	117.0
1151.28	117.0
1223.12	117.0
1307.92	117.0
309.0	118.0
312.08	118.0
420.72	119.0
445.08	119.0
552.36	119.0
316.92	120.0
310.92	120.0
376.52	120.0
472.16	120.0
648.44	120.0
757.52	120.0
817.88	120.0
823.12	120.0
886.56	120.0
985.0	120.0
1015.32	120.0
1346.68	120.0
