305.08	96.0
325.48	96.0
615.68	96.0
689.76	96.0
307.0	97.0
426.8	97.0
541.32	97.0
348.96	99.0
448.16	99.0
791.6	99.0
853.64	99.0
994.36	99.0
1130.64	99.0
1227.0	99.0
631.72	107.0
1240.8	107.0
1282.12	107.0
356.2	107.0
398.48	107.0
1144.48	107.0
1313.68	108.0
309.56	108.0
318.2	108.0
330.52	108.0
334.56	108.0
348.28	108.0
366.32	108.0
371.28	108.0
374.16	108.0
387.16	108.0
406.88	108.0
416.16	108.0
430.16	108.0
440.44	108.0
453.48	108.0
461.84	108.0
503.48	108.0
534.28	108.0
538.84	108.0
543.08	108.0
565.48	108.0
625.16	108.0
628.24	108.0
653.04	108.0
661.68	108.0
754.28	108.0
789.88	108.0
814.76	108.0
819.56	108.0
827.0	108.0
891.04	108.0
903.64	108.0
941.96	108.0
980.24	108.0
992.4	108.0
995.32	108.0
1005.4	108.0
1018.16	108.0
1035.68	108.0
1072.48	108.0
1124.04	108.0
1143.4	108.0
1148.76	108.0
1165.28	108.0
1199.64	108.0
1259.96	108.0
1294.44	108.0
1302.0	108.0
1329.52	108.0
1332.28	108.0
1339.64	108.0
333.64	109.0
387.52	109.0
397.76	109.0
506.96	109.0
546.44	109.0
606.12	109.0
626.32	109.0
719.72	109.0
798.88	109.0
906.48	109.0
948.2	109.0
994.92	109.0
1129.8	109.0
1186.76	109.0
1272.48	109.0
1314.72	109.0
308.96	110.0
311.6	110.0
604.32	110.0
1310.36	110.0
309.0	111.0
311.92	111.0
316.72	111.0
324.84	111.0
331.56	111.0
362.2	111.0
368.8	111.0
383.04	111.0
418.96	111.0
437.72	111.0
455.76	111.0
492.84	111.0
547.52	111.0
552.12	111.0
588.72	111.0
595.72	111.0
603.88	111.0
624.36	111.0
644.84	111.0
678.64	111.0
698.32	111.0
737.56	111.0
777.16	111.0
876.32	111.0
882.52	111.0
903.4	111.0
918.24	111.0
933.32	111.0
940.96	111.0
955.96	111.0
963.12	111.0
994.4	111.0
1000.24	111.0
1019.04	111.0
1039.28	111.0
1061.28	111.0
1076.16	111.0
1091.8	111.0
1101.24	111.0
1121.52	111.0
1144.4	111.0
1179.08	111.0
1188.6	111.0
1207.2	111.0
1234.04	111.0
1271.88	111.0
1298.68	111.0
308.96	112.0
311.6	112.0
310.52	113.0
590.84	113.0
1074.92	113.0
1246.72	113.0
1262.84	113.0
1207.76	114.0
310.6	114.0
637.04	114.0
726.12	114.0
750.04	114.0
946.6	114.0
1026.28	114.0
1048.32	114.0
1170.08	114.0
1310.6	114.0
303.56	115.0
344.56	115.0
417.2	115.0
531.04	115.0
625.72	115.0
866.32	115.0
1062.44	115.0
1117.36	115.0
1179.04	115.0
1260.88	115.0
309.0	116.0
312.0	116.0
1323.48	116.0
310.44	117.0
1127.68	117.0
363.68	117.0
400.08	117.0
497.12	117.0
981.8	117.0
993.2	117.0
1113.92	117.0
1323.4	117.0
309.0	118.0
311.76	118.0
1207.72	120.0
357.68	120.0
413.32	120.0
518.16	120.0
632.12	120.0
831.12	120.0
1061.84	120.0
1140.64	120.0
