303.92	96.0
302.68	97.0
139.52	99.0
302.48	99.0
349.16	99.0
404.08	99.0
590.92	99.0
718.16	99.0
897.16	99.0
302.48	102.0
302.48	103.0
302.68	104.0
210.92	105.0
869.36	105.0
140.32	107.0
723.8	107.0
45.6	108.0
269.2	108.0
8.68	108.0
11.44	108.0
64.88	108.0
68.4	108.0
80.92	108.0
88.76	108.0
94.24	108.0
109.52	108.0
119.0	108.0
132.4	108.0
153.48	108.0
158.52	108.0
161.48	108.0
183.32	108.0
204.6	108.0
219.76	108.0
232.2	108.0
254.36	108.0
258.76	108.0
261.84	108.0
302.64	108.0
308.48	108.0
317.12	108.0
332.28	108.0
348.76	108.0
375.8	108.0
406.48	108.0
476.0	108.0
520.84	108.0
580.6	108.0
584.68	108.0
589.56	108.0
622.08	108.0
634.8	108.0
638.44	108.0
689.68	108.0
698.92	108.0
728.64	108.0
804.56	108.0
819.52	108.0
912.76	108.0
20.76	109.0
48.84	109.0
136.8	109.0
156.6	109.0
186.72	109.0
267.68	109.0
303.04	109.0
376.56	109.0
411.6	109.0
441.24	109.0
512.36	109.0
589.12	109.0
639.04	109.0
708.68	109.0
839.76	109.0
309.0	110.0
312.0	110.0
209.16	110.0
308.96	111.0
311.88	111.0
3.44	111.0
14.96	111.0
27.64	111.0
51.56	111.0
62.88	111.0
67.32	111.0
107.12	111.0
138.52	111.0
151.88	111.0
186.28	111.0
208.6	111.0
216.96	111.0
229.4	111.0
248.4	111.0
281.76	111.0
288.12	111.0
297.92	111.0
320.96	111.0
353.08	111.0
418.6	111.0
436.96	111.0
450.2	111.0
464.36	111.0
508.36	111.0
526.52	111.0
592.12	111.0
620.88	111.0
649.56	111.0
679.64	111.0
705.72	111.0
779.84	111.0
792.4	111.0
802.04	111.0
832.4	111.0
865.88	111.0
996.32	111.0
309.0	112.0
312.04	112.0
302.56	113.0
23.0	113.0
111.72	113.0
162.2	113.0
628.84	113.0
210.68	114.0
234.56	114.0
304.08	114.0
309.0	114.0
343.28	114.0
595.76	114.0
638.84	114.0
869.2	114.0
135.52	115.0
176.2	115.0
622.16	115.0
829.8	115.0
879.8	115.0
975.4	115.0
209.44	115.0
369.2	115.0
309.04	116.0
311.96	116.0
310.44	117.0
346.88	117.0
580.44	117.0
81.84	117.0
314.64	117.0
367.96	117.0
392.04	117.0
633.92	117.0
753.28	117.0
816.6	117.0
866.36	117.0
309.04	118.0
312.12	118.0
513.56	119.0
54.16	120.0
129.12	120.0
157.12	120.0
231.92	120.0
388.24	120.0
