325.8	96.0
343.52	96.0
302.48	96.0
330.6	96.0
302.76	97.0
305.72	97.0
369.24	97.0
485.0	97.0
549.84	97.0
646.08	97.0
773.32	97.0
1287.6	97.0
302.48	99.0
341.6	99.0
439.76	99.0
743.08	99.0
767.04	99.0
917.56	99.0
1013.64	99.0
1031.28	99.0
302.48	100.0
302.48	102.0
302.48	103.0
302.48	104.0
551.4	105.0
769.16	105.0
31.12	106.0
302.56	107.0
435.76	107.0
315.72	107.0
403.84	107.0
452.52	107.0
552.16	107.0
620.24	107.0
800.6	107.0
895.12	107.0
302.48	108.0
307.64	108.0
312.52	108.0
317.44	108.0
325.28	108.0
329.08	108.0
341.36	108.0
344.4	108.0
359.0	108.0
364.88	108.0
367.8	108.0
377.24	108.0
390.88	108.0
405.32	108.0
408.68	108.0
415.44	108.0
439.56	108.0
456.24	108.0
483.88	108.0
488.04	108.0
501.4	108.0
536.04	108.0
542.64	108.0
546.2	108.0
552.0	108.0
588.16	108.0
594.72	108.0
649.0	108.0
659.08	108.0
675.48	108.0
684.76	108.0
691.8	108.0
712.52	108.0
717.36	108.0
765.68	108.0
768.2	108.0
795.04	108.0
802.56	108.0
819.2	108.0
866.96	108.0
882.0	108.0
897.6	108.0
907.56	108.0
911.88	108.0
983.92	108.0
1006.8	108.0
1088.76	108.0
1122.04	108.0
1157.8	108.0
1162.12	108.0
1229.24	108.0
1285.72	108.0
1292.76	108.0
1304.08	108.0
1315.88	108.0
1325.2	108.0
302.72	109.0
314.0	109.0
329.68	109.0
344.56	109.0
363.0	109.0
377.76	109.0
409.72	109.0
458.44	109.0
486.4	109.0
551.52	109.0
610.68	109.0
661.2	109.0
742.04	109.0
767.16	109.0
819.64	109.0
858.32	109.0
881.6	109.0
901.16	109.0
948.24	109.0
988.2	109.0
1049.12	109.0
1261.16	109.0
309.0	110.0
311.96	110.0
575.84	110.0
540.68	110.0
1000.48	110.0
309.0	111.0
311.76	111.0
336.24	111.0
343.36	111.0
351.28	111.0
356.32	111.0
363.04	111.0
380.16	111.0
410.12	111.0
422.36	111.0
429.28	111.0
436.32	111.0
443.68	111.0
462.32	111.0
468.52	111.0
481.84	111.0
504.72	111.0
516.8	111.0
540.2	111.0
548.2	111.0
558.6	111.0
582.76	111.0
598.6	111.0
609.72	111.0
618.88	111.0
634.24	111.0
646.24	111.0
659.24	111.0
664.88	111.0
672.36	111.0
687.6	111.0
717.56	111.0
741.72	111.0
766.12	111.0
779.88	111.0
790.2	111.0
845.04	111.0
877.24	111.0
944.8	111.0
949.6	111.0
968.68	111.0
987.12	111.0
999.92	111.0
1007.68	111.0
1048.68	111.0
1071.12	111.0
1094.2	111.0
1117.48	111.0
1126.44	111.0
1152.04	111.0
1177.44	111.0
1231.84	111.0
1241.6	111.0
1251.04	111.0
1281.56	111.0
1291.84	111.0
1305.52	111.0
1327.52	111.0
1334.32	111.0
309.0	112.0
312.04	112.0
331.28	112.0
611.84	112.0
302.72	113.0
308.64	113.0
422.68	113.0
726.88	113.0
779.84	113.0
814.24	113.0
960.64	113.0
1262.32	113.0
302.48	114.0
414.68	114.0
480.92	114.0
516.16	114.0
551.2	114.0
594.68	114.0
691.72	114.0
769.0	114.0
1006.0	114.0
1281.68	114.0
1322.88	114.0
303.28	115.0
323.56	115.0
391.8	115.0
584.24	115.0
707.4	115.0
739.88	115.0
816.88	115.0
1113.0	115.0
1152.8	115.0
1207.24	115.0
1322.2	115.0
309.0	116.0
312.12	116.0
323.04	116.0
343.32	116.0
310.76	117.0
328.16	117.0
936.64	117.0
343.0	117.0
429.84	117.0
501.08	117.0
516.2	117.0
560.24	117.0
621.32	117.0
697.2	117.0
309.0	118.0
311.92	118.0
646.36	119.0
310.6	120.0
376.72	120.0
483.4	120.0
540.72	120.0
553.84	120.0
558.32	120.0
609.12	120.0
715.2	120.0
877.72	120.0
986.8	120.0
1275.32	120.0
