305.04	96.0
374.56	96.0
420.0	96.0
414.4	96.0
397.56	97.0
491.56	97.0
717.0	97.0
303.0	97.0
432.84	97.0
1222.6	97.0
302.52	99.0
306.24	99.0
339.12	99.0
372.04	99.0
393.88	99.0
463.08	99.0
504.2	99.0
541.12	99.0
597.56	99.0
684.24	99.0
726.4	99.0
770.56	99.0
844.88	99.0
882.4	99.0
931.12	99.0
1051.92	99.0
1080.52	99.0
1122.44	99.0
1191.52	99.0
1237.8	99.0
1273.4	99.0
1322.72	99.0
302.48	102.0
313.12	103.0
327.32	103.0
302.48	103.0
302.52	104.0
307.4	105.0
1105.16	105.0
408.76	106.0
491.48	106.0
513.8	106.0
560.8	106.0
629.36	106.0
675.16	106.0
716.96	106.0
772.04	106.0
836.24	106.0
986.16	106.0
302.48	107.0
349.48	107.0
423.76	107.0
788.2	107.0
329.08	107.0
386.84	107.0
463.68	107.0
871.76	108.0
302.48	108.0
307.44	108.0
310.6	108.0
318.12	108.0
322.36	108.0
329.32	108.0
353.16	108.0
365.0	108.0
369.2	108.0
372.92	108.0
378.08	108.0
386.8	108.0
390.8	108.0
400.56	108.0
411.6	108.0
417.84	108.0
421.2	108.0
447.92	108.0
458.8	108.0
461.44	108.0
472.76	108.0
481.64	108.0
539.72	108.0
590.28	108.0
593.36	108.0
621.88	108.0
662.76	108.0
681.08	108.0
694.8	108.0
737.72	108.0
784.8	108.0
825.52	108.0
835.04	108.0
847.28	108.0
865.36	108.0
990.72	108.0
1008.24	108.0
1043.24	108.0
1083.72	108.0
1100.32	108.0
1108.96	108.0
1120.12	108.0
1142.04	108.0
1156.24	108.0
1167.96	108.0
1184.96	108.0
1310.28	108.0
1321.8	108.0
302.64	109.0
319.08	109.0
345.72	109.0
354.12	109.0
386.84	109.0
402.52	109.0
416.4	109.0
449.36	109.0
495.48	109.0
543.84	109.0
561.16	109.0
592.56	109.0
608.8	109.0
658.36	109.0
694.4	109.0
746.44	109.0
783.8	109.0
822.16	109.0
911.6	109.0
955.0	109.0
975.04	109.0
995.72	109.0
1015.96	109.0
1047.04	109.0
1078.68	109.0
1156.96	109.0
1175.0	109.0
1200.44	109.0
1231.56	109.0
1240.32	109.0
308.96	110.0
311.84	110.0
341.08	110.0
350.88	110.0
366.92	110.0
613.36	110.0
308.96	111.0
311.84	111.0
329.24	111.0
315.48	111.0
321.16	111.0
339.88	111.0
355.16	111.0
365.2	111.0
370.0	111.0
384.48	111.0
401.56	111.0
422.76	111.0
456.96	111.0
468.92	111.0
491.28	111.0
538.32	111.0
551.76	111.0
570.76	111.0
612.96	111.0
655.2	111.0
698.28	111.0
720.52	111.0
746.48	111.0
772.6	111.0
798.12	111.0
841.04	111.0
859.08	111.0
865.4	111.0
878.8	111.0
932.88	111.0
941.32	111.0
954.68	111.0
964.28	111.0
982.12	111.0
1041.12	111.0
1052.84	111.0
1096.6	111.0
1114.44	111.0
1136.84	111.0
1163.32	111.0
1210.24	111.0
1217.52	111.0
1240.28	111.0
1249.44	111.0
1258.12	111.0
1268.2	111.0
1298.36	111.0
1307.84	111.0
308.96	112.0
311.92	112.0
331.32	112.0
302.52	113.0
592.56	113.0
686.04	113.0
1323.92	113.0
305.76	114.0
318.44	114.0
321.04	114.0
364.72	114.0
368.68	114.0
433.84	114.0
472.12	114.0
478.84	114.0
520.6	114.0
536.32	114.0
561.28	114.0
634.24	114.0
679.24	114.0
809.44	114.0
907.52	114.0
1104.84	114.0
1149.48	114.0
1216.56	114.0
1274.8	114.0
303.32	115.0
589.24	115.0
956.0	115.0
1154.2	115.0
1239.64	115.0
309.0	116.0
312.04	116.0
350.84	116.0
366.84	116.0
310.64	117.0
348.48	117.0
362.92	117.0
670.52	117.0
691.0	117.0
806.64	117.0
333.56	117.0
383.48	117.0
389.68	117.0
404.76	117.0
421.64	117.0
515.8	117.0
549.64	117.0
694.72	117.0
1271.68	117.0
309.0	118.0
312.16	118.0
308.32	120.0
354.32	120.0
369.8	120.0
379.28	120.0
389.36	120.0
411.88	120.0
559.72	120.0
588.84	120.0
766.24	120.0
1115.72	120.0
1187.04	120.0
1256.48	120.0
