302.48	96.0
307.24	97.0
302.8	97.0
359.92	97.0
421.8	97.0
518.8	97.0
550.4	97.0
725.72	97.0
977.76	97.0
988.72	97.0
302.48	99.0
350.88	99.0
397.52	99.0
479.12	99.0
547.96	99.0
553.04	99.0
604.72	99.0
650.16	99.0
707.04	99.0
771.08	99.0
792.6	99.0
828.96	99.0
903.8	99.0
959.88	99.0
1056.84	99.0
1120.68	99.0
1175.72	99.0
1333.48	99.0
302.48	100.0
302.48	102.0
302.48	103.0
302.48	104.0
361.52	105.0
1209.88	105.0
356.12	106.0
469.28	106.0
529.64	106.0
584.08	106.0
726.2	106.0
916.2	106.0
302.84	107.0
391.44	107.0
599.56	107.0
302.52	108.0
310.12	108.0
319.68	108.0
325.76	108.0
331.2	108.0
342.84	108.0
352.32	108.0
355.36	108.0
378.52	108.0
385.48	108.0
392.2	108.0
416.96	108.0
419.92	108.0
425.36	108.0
462.04	108.0
474.36	108.0
508.28	108.0
510.8	108.0
517.48	108.0
530.76	108.0
538.8	108.0
548.76	108.0
570.36	108.0
585.2	108.0
593.4	108.0
607.72	108.0
618.72	108.0
631.16	108.0
640.6	108.0
665.04	108.0
671.96	108.0
703.48	108.0
706.52	108.0
733.52	108.0
765.28	108.0
805.76	108.0
840.52	108.0
864.24	108.0
869.4	108.0
895.4	108.0
917.8	108.0
936.76	108.0
963.28	108.0
1001.28	108.0
1013.0	108.0
1044.44	108.0
1069.84	108.0
1116.0	108.0
1129.32	108.0
1144.96	108.0
1168.4	108.0
1191.16	108.0
1241.48	108.0
1256.72	108.0
1318.36	108.0
302.6	109.0
312.96	109.0
357.0	109.0
398.24	109.0
453.36	109.0
490.48	109.0
553.4	109.0
595.2	109.0
630.8	109.0
656.04	109.0
680.24	109.0
704.84	109.0
765.52	109.0
840.72	109.0
867.84	109.0
919.16	109.0
959.68	109.0
1000.24	109.0
1037.0	109.0
1069.32	109.0
1106.4	109.0
1130.24	109.0
1143.76	109.0
1199.6	109.0
1240.08	109.0
1314.64	109.0
308.96	110.0
311.72	110.0
356.88	110.0
866.28	110.0
308.96	111.0
311.84	111.0
316.76	111.0
322.08	111.0
336.44	111.0
351.72	111.0
356.0	111.0
366.6	111.0
374.64	111.0
381.2	111.0
410.2	111.0
418.64	111.0
437.56	111.0
452.44	111.0
464.0	111.0
502.16	111.0
511.84	111.0
535.32	111.0
594.88	111.0
602.32	111.0
620.68	111.0
628.76	111.0
655.68	111.0
670.52	111.0
693.04	111.0
703.0	111.0
720.4	111.0
739.36	111.0
779.48	111.0
797.92	111.0
808.68	111.0
823.72	111.0
837.16	111.0
846.16	111.0
866.88	111.0
917.48	111.0
936.68	111.0
945.88	111.0
999.76	111.0
1036.76	111.0
1069.16	111.0
1103.76	111.0
1219.2	111.0
1239.84	111.0
1259.12	111.0
1277.68	111.0
1312.96	111.0
308.92	112.0
311.68	112.0
360.0	112.0
531.88	112.0
474.96	113.0
500.4	113.0
675.48	113.0
712.28	113.0
888.0	113.0
1106.28	113.0
304.0	114.0
402.72	114.0
601.36	114.0
361.32	114.0
394.68	114.0
417.96	114.0
450.8	114.0
658.4	114.0
707.64	114.0
740.68	114.0
758.0	114.0
837.28	114.0
857.28	114.0
863.6	114.0
897.0	114.0
918.04	114.0
922.36	114.0
966.04	114.0
987.16	114.0
1038.52	114.0
1071.04	114.0
1079.84	114.0
1107.92	114.0
1181.6	114.0
1209.52	114.0
1273.04	114.0
1322.92	114.0
303.84	115.0
407.44	115.0
450.56	115.0
595.4	115.0
916.36	115.0
998.2	115.0
1056.6	115.0
309.08	116.0
312.0	116.0
310.48	117.0
343.92	117.0
313.12	117.0
329.48	117.0
332.76	117.0
347.32	117.0
356.56	117.0
454.0	117.0
490.2	117.0
493.96	117.0
546.72	117.0
721.52	117.0
971.8	117.0
1143.32	117.0
309.04	118.0
312.08	118.0
412.36	120.0
446.8	120.0
581.88	120.0
612.32	120.0
706.4	120.0
826.0	120.0
