416.88	96.0
1183.76	96.0
305.28	96.0
305.88	97.0
387.88	97.0
531.84	97.0
308.8	99.0
334.28	99.0
342.36	99.0
366.64	99.0
413.84	99.0
453.76	99.0
483.4	99.0
508.84	99.0
549.24	99.0
616.44	99.0
638.48	99.0
704.68	99.0
761.04	99.0
821.92	99.0
891.28	99.0
947.4	99.0
981.72	99.0
1037.16	99.0
1116.16	99.0
1168.08	99.0
1326.72	99.0
369.96	105.0
304.68	106.0
328.48	106.0
391.48	106.0
431.64	106.0
477.68	106.0
390.04	107.0
886.92	107.0
947.52	107.0
1182.44	107.0
306.16	107.0
319.52	107.0
345.12	107.0
400.96	107.0
321.76	108.0
307.52	108.0
310.6	108.0
317.96	108.0
325.32	108.0
328.84	108.0
342.8	108.0
356.04	108.0
358.56	108.0
362.16	108.0
369.24	108.0
373.44	108.0
378.96	108.0
389.24	108.0
392.28	108.0
408.88	108.0
421.92	108.0
439.36	108.0
443.96	108.0
452.92	108.0
481.92	108.0
485.96	108.0
498.0	108.0
502.44	108.0
519.92	108.0
533.8	108.0
630.96	108.0
707.52	108.0
714.64	108.0
770.6	108.0
804.64	108.0
822.84	108.0
827.52	108.0
870.08	108.0
911.92	108.0
947.24	108.0
1014.72	108.0
1032.2	108.0
1053.04	108.0
1094.76	108.0
1174.88	108.0
1180.08	108.0
1190.8	108.0
1251.08	108.0
1272.12	108.0
320.4	109.0
330.56	109.0
355.32	109.0
371.68	109.0
391.76	109.0
408.44	109.0
533.36	109.0
582.56	109.0
602.04	109.0
630.92	109.0
707.2	109.0
766.72	109.0
828.72	109.0
880.28	109.0
911.2	109.0
960.8	109.0
983.64	109.0
1091.32	109.0
1189.56	109.0
1228.2	109.0
1290.84	109.0
308.96	110.0
311.92	110.0
368.0	110.0
317.52	110.0
327.04	110.0
371.84	110.0
379.76	110.0
446.04	110.0
805.04	110.0
309.0	111.0
312.08	111.0
352.64	111.0
360.2	111.0
365.32	111.0
391.68	111.0
397.64	111.0
419.6	111.0
423.96	111.0
433.44	111.0
449.16	111.0
484.72	111.0
490.96	111.0
499.84	111.0
511.44	111.0
565.08	111.0
570.88	111.0
587.44	111.0
596.48	111.0
610.84	111.0
632.56	111.0
641.56	111.0
651.52	111.0
657.64	111.0
680.0	111.0
694.96	111.0
713.28	111.0
730.76	111.0
754.16	111.0
778.36	111.0
787.6	111.0
804.36	111.0
817.6	111.0
848.68	111.0
869.72	111.0
884.32	111.0
907.44	111.0
941.44	111.0
959.16	111.0
966.48	111.0
983.52	111.0
1029.88	111.0
1067.92	111.0
1102.88	111.0
1139.16	111.0
1163.88	111.0
1173.0	111.0
1192.32	111.0
1201.68	111.0
1230.0	111.0
1251.72	111.0
1272.68	111.0
1289.48	111.0
1315.8	111.0
308.96	112.0
312.36	112.0
317.48	112.0
419.36	113.0
480.04	113.0
566.64	113.0
657.84	113.0
702.12	113.0
926.84	113.0
950.2	113.0
1183.2	113.0
311.28	114.0
325.84	114.0
338.8	114.0
369.8	114.0
374.76	114.0
457.16	114.0
659.12	114.0
699.04	114.0
750.2	114.0
841.92	114.0
921.24	114.0
1008.08	114.0
1115.08	114.0
1264.44	114.0
1320.52	114.0
303.12	115.0
326.84	115.0
354.08	115.0
908.6	115.0
959.6	115.0
1027.24	115.0
1090.84	115.0
1119.04	115.0
1162.28	115.0
1270.32	115.0
309.0	116.0
311.88	116.0
371.76	116.0
445.96	116.0
455.16	116.0
310.44	117.0
317.28	117.0
339.12	117.0
369.2	117.0
379.88	117.0
384.96	117.0
403.96	117.0
424.6	117.0
473.0	117.0
479.36	117.0
822.96	117.0
1122.84	117.0
309.0	118.0
311.88	118.0
435.28	120.0
1182.16	120.0
346.96	120.0
417.16	120.0
440.76	120.0
470.64	120.0
548.0	120.0
613.12	120.0
788.52	120.0
883.68	120.0
