1040.52	96.0
305.28	97.0
320.92	97.0
554.48	97.0
633.32	97.0
1073.92	98.0
317.8	99.0
351.2	99.0
475.96	99.0
540.04	99.0
679.28	99.0
779.52	99.0
809.48	99.0
873.08	99.0
944.76	99.0
978.64	99.0
1023.6	99.0
1104.88	99.0
310.12	101.0
309.0	102.0
311.84	102.0
314.6	107.0
387.56	107.0
305.72	107.0
333.16	107.0
360.64	107.0
500.8	107.0
540.32	107.0
709.36	107.0
792.52	107.0
389.8	108.0
303.64	108.0
308.04	108.0
310.92	108.0
319.44	108.0
327.24	108.0
339.8	108.0
349.84	108.0
362.04	108.0
364.72	108.0
384.48	108.0
396.24	108.0
410.2	108.0
414.56	108.0
446.56	108.0
449.84	108.0
470.48	108.0
487.76	108.0
497.28	108.0
510.0	108.0
514.92	108.0
529.24	108.0
553.16	108.0
555.88	108.0
572.48	108.0
599.08	108.0
604.72	108.0
618.4	108.0
623.8	108.0
654.52	108.0
657.44	108.0
686.52	108.0
698.96	108.0
714.0	108.0
747.0	108.0
771.84	108.0
834.56	108.0
844.6	108.0
863.6	108.0
892.0	108.0
901.32	108.0
953.36	108.0
983.48	108.0
1007.8	108.0
1072.96	108.0
1128.4	108.0
1192.52	108.0
1219.44	108.0
1283.24	108.0
1292.36	108.0
1320.24	108.0
1371.08	108.0
331.64	109.0
341.48	109.0
389.68	109.0
414.16	109.0
432.84	109.0
450.48	109.0
497.44	109.0
555.2	109.0
589.84	109.0
622.24	109.0
654.12	109.0
697.68	109.0
910.76	109.0
947.68	109.0
1048.36	109.0
1319.92	109.0
1377.92	109.0
308.96	110.0
311.72	110.0
328.52	110.0
589.96	110.0
801.44	110.0
320.48	110.0
341.92	110.0
496.52	110.0
1237.12	110.0
314.56	111.0
309.0	111.0
311.84	111.0
319.88	111.0
327.12	111.0
330.48	111.0
341.36	111.0
347.04	111.0
349.8	111.0
360.28	111.0
379.8	111.0
389.12	111.0
400.44	111.0
410.28	111.0
413.84	111.0
422.28	111.0
428.4	111.0
431.72	111.0
449.88	111.0
454.92	111.0
470.92	111.0
480.12	111.0
486.08	111.0
497.52	111.0
507.92	111.0
528.52	111.0
538.36	111.0
552.72	111.0
558.88	111.0
571.44	111.0
583.2	111.0
598.84	111.0
603.8	111.0
610.28	111.0
618.8	111.0
627.44	111.0
654.2	111.0
662.12	111.0
673.96	111.0
681.64	111.0
697.44	111.0
731.64	111.0
745.76	111.0
758.8	111.0
779.76	111.0
791.44	111.0
803.08	111.0
844.56	111.0
861.68	111.0
871.0	111.0
886.24	111.0
896.0	111.0
913.84	111.0
939.4	111.0
953.4	111.0
977.68	111.0
995.8	111.0
1007.28	111.0
1034.52	111.0
1095.32	111.0
1123.48	111.0
1130.68	111.0
1136.48	111.0
1151.8	111.0
1166.36	111.0
1216.0	111.0
1236.64	111.0
1284.4	111.0
1337.6	111.0
310.24	113.0
474.0	113.0
659.24	113.0
306.28	114.0
313.32	114.0
365.44	114.0
390.24	114.0
419.48	114.0
483.72	114.0
521.92	114.0
622.88	114.0
736.08	114.0
829.96	114.0
867.2	114.0
874.16	114.0
944.68	114.0
1059.48	114.0
1110.52	114.0
1231.04	114.0
1353.52	114.0
360.92	115.0
411.68	115.0
698.24	115.0
938.12	115.0
1033.72	115.0
1089.48	115.0
1216.16	115.0
1254.76	115.0
332.32	115.0
759.92	115.0
496.44	116.0
497.64	117.0
574.08	117.0
310.04	117.0
391.8	117.0
479.0	117.0
647.24	117.0
309.0	118.0
311.92	118.0
944.4	119.0
1146.12	119.0
1336.68	119.0
314.84	120.0
474.92	120.0
670.84	120.0
910.68	120.0
940.96	120.0
1055.2	120.0
1292.32	120.0
