339.0	96.0
483.88	96.0
484.8	97.0
633.08	97.0
698.84	97.0
340.4	99.0
375.96	99.0
405.0	99.0
439.36	99.0
501.12	99.0
528.04	99.0
577.6	99.0
612.44	99.0
759.64	99.0
818.36	99.0
854.6	99.0
880.52	99.0
933.32	99.0
1037.16	99.0
1098.0	99.0
1171.44	99.0
615.76	105.0
1237.12	105.0
1241.92	105.0
392.32	106.0
410.88	106.0
455.96	106.0
483.56	106.0
510.56	106.0
612.36	106.0
634.28	106.0
676.32	106.0
792.0	106.0
368.04	107.0
376.08	107.0
847.84	107.0
1083.2	107.0
311.64	107.0
334.16	107.0
446.68	107.0
538.8	107.0
558.32	107.0
303.2	108.0
307.84	108.0
318.32	108.0
327.48	108.0
351.52	108.0
355.08	108.0
368.44	108.0
372.24	108.0
384.56	108.0
402.8	108.0
415.32	108.0
424.76	108.0
446.24	108.0
448.84	108.0
456.08	108.0
465.68	108.0
470.16	108.0
508.08	108.0
520.16	108.0
532.4	108.0
538.44	108.0
541.44	108.0
561.64	108.0
573.72	108.0
599.12	108.0
607.12	108.0
644.24	108.0
720.16	108.0
740.28	108.0
743.0	108.0
747.6	108.0
759.48	108.0
796.24	108.0
799.52	108.0
815.96	108.0
864.04	108.0
930.72	108.0
982.0	108.0
996.0	108.0
998.84	108.0
1089.88	108.0
1136.56	108.0
1167.88	108.0
1178.24	108.0
1192.68	108.0
1227.56	108.0
1244.88	108.0
330.44	109.0
371.16	109.0
393.96	109.0
419.0	109.0
498.8	109.0
538.64	109.0
559.76	109.0
596.0	109.0
614.44	109.0
695.84	109.0
721.68	109.0
760.44	109.0
782.4	109.0
960.76	109.0
1001.52	109.0
1063.4	109.0
1098.52	109.0
1169.64	109.0
1316.72	109.0
309.0	110.0
311.72	110.0
631.64	110.0
430.36	110.0
309.0	111.0
312.08	111.0
322.04	111.0
350.84	111.0
356.32	111.0
362.08	111.0
374.48	111.0
399.96	111.0
407.0	111.0
444.4	111.0
452.12	111.0
461.28	111.0
465.32	111.0
480.84	111.0
494.68	111.0
499.32	111.0
527.44	111.0
537.76	111.0
542.68	111.0
563.88	111.0
569.72	111.0
575.08	111.0
592.8	111.0
630.48	111.0
658.96	111.0
672.32	111.0
682.08	111.0
702.28	111.0
718.4	111.0
730.72	111.0
739.84	111.0
753.68	111.0
800.56	111.0
821.16	111.0
860.84	111.0
923.36	111.0
949.16	111.0
980.2	111.0
999.72	111.0
1009.96	111.0
1018.12	111.0
1052.72	111.0
1064.52	111.0
1079.04	111.0
1129.08	111.0
1145.56	111.0
1169.12	111.0
1182.92	111.0
1221.04	111.0
1252.92	111.0
1279.48	111.0
1298.72	111.0
1315.52	111.0
309.0	112.0
311.6	112.0
318.0	112.0
521.48	112.0
369.08	113.0
377.76	113.0
397.28	113.0
458.36	113.0
568.4	113.0
574.28	113.0
614.72	113.0
757.24	113.0
305.84	114.0
312.0	114.0
361.68	114.0
381.76	114.0
464.28	114.0
498.56	114.0
566.52	114.0
592.16	114.0
615.6	114.0
682.4	114.0
775.6	114.0
795.4	114.0
807.16	114.0
815.04	114.0
1013.4	114.0
1119.28	114.0
1241.68	114.0
303.28	115.0
351.76	115.0
1040.48	115.0
1239.44	115.0
338.44	115.0
309.0	116.0
311.88	116.0
430.32	116.0
310.88	117.0
377.96	117.0
795.88	117.0
338.64	117.0
371.16	117.0
421.24	117.0
472.04	117.0
572.76	117.0
702.48	117.0
771.52	117.0
861.4	117.0
901.36	117.0
1158.56	117.0
309.0	118.0
311.84	118.0
307.68	120.0
361.72	120.0
396.88	120.0
455.84	120.0
463.68	120.0
512.16	120.0
518.0	120.0
542.84	120.0
668.44	120.0
691.44	120.0
1173.24	120.0
