304.0	96.0
356.48	96.0
373.48	96.0
313.2	96.0
994.16	96.0
320.2	97.0
331.64	97.0
389.96	97.0
844.76	97.0
314.48	99.0
349.28	99.0
367.08	99.0
391.48	99.0
410.68	99.0
417.16	99.0
434.12	99.0
446.4	99.0
463.88	99.0
486.64	99.0
549.56	99.0
575.24	99.0
657.08	99.0
683.92	99.0
710.08	99.0
754.44	99.0
781.56	99.0
814.76	99.0
850.72	99.0
893.4	99.0
952.44	99.0
973.0	99.0
1019.0	99.0
1073.16	99.0
1155.0	99.0
348.32	105.0
375.12	105.0
748.52	105.0
339.84	106.0
408.84	106.0
419.32	106.0
433.84	106.0
611.68	106.0
745.44	106.0
798.56	106.0
867.36	106.0
372.32	107.0
587.8	107.0
453.2	107.0
655.24	108.0
308.32	108.0
312.28	108.0
315.8	108.0
318.32	108.0
325.2	108.0
328.68	108.0
334.04	108.0
347.44	108.0
350.76	108.0
364.84	108.0
375.28	108.0
381.2	108.0
390.92	108.0
409.48	108.0
416.68	108.0
423.36	108.0
436.56	108.0
451.08	108.0
458.32	108.0
462.32	108.0
474.84	108.0
478.88	108.0
489.04	108.0
497.6	108.0
513.24	108.0
566.36	108.0
570.24	108.0
585.32	108.0
587.84	108.0
621.72	108.0
636.4	108.0
663.44	108.0
687.48	108.0
710.64	108.0
729.56	108.0
771.84	108.0
822.48	108.0
834.44	108.0
841.6	108.0
844.88	108.0
872.52	108.0
888.08	108.0
911.64	108.0
918.84	108.0
926.44	108.0
939.2	108.0
968.76	108.0
1001.0	108.0
1011.48	108.0
1086.88	108.0
1118.48	108.0
1243.24	108.0
1275.68	108.0
1287.0	108.0
315.36	109.0
328.28	109.0
335.84	109.0
350.6	109.0
364.4	109.0
388.56	109.0
412.64	109.0
448.24	109.0
518.6	109.0
586.6	109.0
641.8	109.0
686.96	109.0
753.92	109.0
807.6	109.0
876.8	109.0
967.56	109.0
1056.28	109.0
1115.4	109.0
1159.76	109.0
1217.96	109.0
1275.36	109.0
308.96	110.0
312.04	110.0
315.28	110.0
317.8	110.0
362.0	110.0
380.52	110.0
402.76	110.0
762.92	110.0
1040.64	110.0
309.0	111.0
312.2	111.0
315.76	111.0
321.92	111.0
326.32	111.0
333.88	111.0
339.32	111.0
351.12	111.0
355.24	111.0
358.92	111.0
378.36	111.0
381.12	111.0
383.64	111.0
391.52	111.0
397.32	111.0
407.32	111.0
413.4	111.0
456.52	111.0
460.44	111.0
479.4	111.0
490.76	111.0
526.24	111.0
546.32	111.0
553.24	111.0
561.48	111.0
577.92	111.0
630.24	111.0
639.96	111.0
660.16	111.0
676.48	111.0
689.92	111.0
714.24	111.0
720.36	111.0
732.32	111.0
754.72	111.0
765.04	111.0
783.8	111.0
821.96	111.0
857.12	111.0
886.64	111.0
898.0	111.0
913.44	111.0
919.44	111.0
969.04	111.0
992.4	111.0
1020.72	111.0
1054.36	111.0
1092.0	111.0
1107.04	111.0
1127.56	111.0
1134.32	111.0
1151.12	111.0
1157.96	111.0
1171.6	111.0
1196.0	111.0
1219.04	111.0
1239.88	111.0
1252.72	111.0
1276.24	111.0
1300.56	111.0
1323.84	111.0
1327.84	111.0
309.0	112.0
311.76	112.0
318.2	112.0
372.44	112.0
631.52	112.0
373.24	113.0
479.36	113.0
511.44	113.0
723.08	113.0
774.76	113.0
798.44	113.0
843.88	113.0
1108.96	113.0
1162.16	113.0
312.12	114.0
316.12	114.0
354.6	114.0
363.12	114.0
368.2	114.0
399.04	114.0
428.6	114.0
551.4	114.0
581.68	114.0
748.24	114.0
753.6	114.0
798.6	114.0
848.84	114.0
967.8	114.0
1104.52	114.0
1108.2	114.0
1128.72	114.0
334.6	115.0
885.08	115.0
938.0	115.0
1019.16	115.0
1091.8	115.0
1128.48	115.0
452.92	115.0
547.84	115.0
309.04	116.0
311.64	116.0
316.48	116.0
375.12	116.0
380.44	116.0
310.48	117.0
352.12	117.0
331.48	117.0
369.4	117.0
382.56	117.0
388.36	117.0
402.16	117.0
430.12	117.0
434.6	117.0
463.8	117.0
547.96	117.0
552.88	117.0
652.32	117.0
668.12	117.0
730.88	117.0
308.96	118.0
312.28	118.0
552.44	120.0
1170.0	120.0
339.36	120.0
368.56	120.0
390.28	120.0
402.96	120.0
424.52	120.0
458.36	120.0
685.04	120.0
936.64	120.0
1159.44	120.0
