303.76	96.0
324.2	96.0
960.6	96.0
305.04	97.0
343.84	97.0
331.16	97.0
388.6	97.0
435.6	97.0
592.88	97.0
383.56	98.0
346.72	99.0
365.88	99.0
387.24	99.0
395.04	99.0
416.24	99.0
443.32	99.0
494.56	99.0
505.24	99.0
547.0	99.0
568.56	99.0
605.56	99.0
643.32	99.0
701.28	99.0
716.68	99.0
737.8	99.0
770.8	99.0
805.16	99.0
876.16	99.0
898.84	99.0
954.88	99.0
990.84	99.0
1023.32	99.0
1082.04	99.0
1116.64	99.0
1154.24	99.0
1234.2	99.0
318.6	105.0
326.08	105.0
394.96	105.0
466.92	105.0
874.76	105.0
312.12	106.0
378.76	106.0
406.76	106.0
431.88	106.0
456.2	106.0
518.4	106.0
580.24	106.0
616.96	106.0
656.6	106.0
729.28	106.0
790.48	106.0
865.6	106.0
924.12	106.0
979.72	106.0
1125.88	106.0
358.96	107.0
307.52	107.0
315.08	107.0
405.68	107.0
496.2	107.0
606.0	107.0
640.08	107.0
791.44	108.0
304.24	108.0
308.64	108.0
313.64	108.0
316.32	108.0
325.6	108.0
342.16	108.0
353.64	108.0
363.4	108.0
373.0	108.0
377.72	108.0
381.28	108.0
384.6	108.0
392.6	108.0
400.68	108.0
404.08	108.0
415.68	108.0
420.48	108.0
423.4	108.0
436.04	108.0
492.12	108.0
494.8	108.0
511.72	108.0
515.28	108.0
538.24	108.0
552.0	108.0
565.2	108.0
578.88	108.0
596.24	108.0
600.88	108.0
614.68	108.0
657.12	108.0
663.88	108.0
688.24	108.0
696.72	108.0
745.24	108.0
784.2	108.0
796.88	108.0
813.96	108.0
836.6	108.0
872.92	108.0
885.96	108.0
968.64	108.0
975.68	108.0
978.8	108.0
999.32	108.0
1034.68	108.0
1057.68	108.0
1102.4	108.0
1136.16	108.0
1153.52	108.0
1196.0	108.0
1231.16	108.0
1261.76	108.0
1308.12	108.0
1318.96	108.0
322.84	109.0
332.8	109.0
340.52	109.0
354.12	109.0
372.6	109.0
398.16	109.0
453.84	109.0
488.16	109.0
535.36	109.0
600.48	109.0
663.2	109.0
715.24	109.0
778.36	109.0
797.72	109.0
841.68	109.0
870.24	109.0
903.48	109.0
940.28	109.0
1038.88	109.0
1068.76	109.0
1122.96	109.0
1160.12	109.0
1191.32	109.0
1232.76	109.0
1297.48	109.0
308.96	110.0
311.6	110.0
375.28	110.0
493.44	110.0
345.08	110.0
411.28	110.0
695.2	110.0
1080.88	110.0
309.0	111.0
311.76	111.0
318.36	111.0
331.48	111.0
341.8	111.0
350.8	111.0
355.44	111.0
367.04	111.0
385.16	111.0
409.48	111.0
428.28	111.0
433.04	111.0
440.28	111.0
461.12	111.0
470.12	111.0
475.52	111.0
508.32	111.0
517.52	111.0
532.0	111.0
619.4	111.0
642.96	111.0
660.76	111.0
692.12	111.0
700.72	111.0
743.24	111.0
750.84	111.0
760.96	111.0
790.8	111.0
804.6	111.0
812.4	111.0
839.56	111.0
844.6	111.0
864.72	111.0
876.0	111.0
905.6	111.0
929.36	111.0
984.92	111.0
999.16	111.0
1008.72	111.0
1015.24	111.0
1039.56	111.0
1045.08	111.0
1075.12	111.0
1095.16	111.0
1107.12	111.0
1168.64	111.0
1186.32	111.0
1195.88	111.0
1214.32	111.0
1243.0	111.0
1249.12	111.0
1273.32	111.0
1288.0	111.0
1303.88	111.0
308.96	112.0
312.32	112.0
363.96	112.0
736.48	112.0
374.08	112.0
308.16	113.0
566.84	113.0
713.04	113.0
868.84	113.0
1107.76	113.0
342.16	114.0
304.0	114.0
308.4	114.0
319.64	114.0
372.16	114.0
386.8	114.0
394.68	114.0
406.32	114.0
417.48	114.0
427.16	114.0
462.56	114.0
608.0	114.0
712.24	114.0
729.64	114.0
789.68	114.0
844.2	114.0
874.48	114.0
888.96	114.0
1002.8	114.0
1214.2	114.0
303.12	115.0
314.28	115.0
1119.8	115.0
1272.76	115.0
452.16	115.0
308.96	116.0
312.08	116.0
345.04	116.0
695.12	116.0
310.44	117.0
329.56	117.0
358.2	117.0
394.72	117.0
398.56	117.0
408.28	117.0
413.72	117.0
438.24	117.0
445.6	117.0
468.04	117.0
475.56	117.0
495.48	117.0
568.6	117.0
821.0	117.0
309.0	118.0
311.76	118.0
307.6	119.0
583.44	119.0
336.08	120.0
955.2	120.0
309.48	120.0
330.16	120.0
362.24	120.0
386.52	120.0
432.72	120.0
463.4	120.0
497.56	120.0
552.08	120.0
854.48	120.0
887.08	120.0
1211.32	120.0
