302.48	96.0
306.88	97.0
400.0	97.0
466.6	97.0
534.84	97.0
942.2	97.0
302.48	99.0
359.8	99.0
404.36	99.0
524.12	99.0
569.2	99.0
690.4	99.0
726.52	99.0
758.4	99.0
840.4	99.0
977.36	99.0
1117.16	99.0
1308.68	99.0
302.48	100.0
302.48	102.0
302.48	103.0
307.92	103.0
302.48	104.0
335.64	105.0
485.32	107.0
314.68	107.0
330.76	107.0
392.96	107.0
582.6	107.0
1319.08	107.0
495.76	108.0
302.48	108.0
306.32	108.0
308.84	108.0
313.36	108.0
319.08	108.0
330.72	108.0
337.08	108.0
355.2	108.0
357.8	108.0
390.72	108.0
402.88	108.0
437.2	108.0
441.64	108.0
458.76	108.0
484.2	108.0
488.52	108.0
534.44	108.0
562.56	108.0
592.76	108.0
600.76	108.0
611.48	108.0
626.52	108.0
638.4	108.0
733.32	108.0
792.96	108.0
817.04	108.0
834.92	108.0
901.4	108.0
980.48	108.0
1035.52	108.0
1052.68	108.0
1062.68	108.0
1075.56	108.0
1115.52	108.0
1143.4	108.0
1163.56	108.0
1272.0	108.0
302.52	109.0
331.68	109.0
389.52	109.0
473.56	109.0
512.36	109.0
677.96	109.0
722.92	109.0
1261.72	109.0
309.0	110.0
312.08	110.0
317.04	110.0
308.96	111.0
311.88	111.0
316.6	111.0
331.52	111.0
336.8	111.0
342.4	111.0
354.16	111.0
365.8	111.0
372.2	111.0
378.12	111.0
384.88	111.0
397.72	111.0
409.84	111.0
423.24	111.0
431.4	111.0
443.6	111.0
479.28	111.0
492.76	111.0
515.6	111.0
525.56	111.0
531.44	111.0
550.44	111.0
555.64	111.0
563.52	111.0
566.4	111.0
585.52	111.0
598.44	111.0
614.32	111.0
625.6	111.0
634.4	111.0
644.28	111.0
674.64	111.0
704.72	111.0
719.24	111.0
735.96	111.0
746.28	111.0
768.0	111.0
772.6	111.0
787.88	111.0
804.4	111.0
815.64	111.0
834.48	111.0
846.76	111.0
866.72	111.0
882.92	111.0
887.8	111.0
900.96	111.0
939.24	111.0
958.92	111.0
982.88	111.0
1034.52	111.0
1052.44	111.0
1072.24	111.0
1078.2	111.0
1089.44	111.0
1102.2	111.0
1138.88	111.0
1148.68	111.0
1177.56	111.0
1189.6	111.0
1201.68	111.0
1243.88	111.0
1259.32	111.0
1302.76	111.0
1320.56	111.0
308.96	112.0
311.76	112.0
390.56	113.0
500.04	113.0
558.84	113.0
612.52	113.0
841.4	113.0
1127.56	113.0
302.48	114.0
551.12	114.0
347.48	114.0
359.48	114.0
480.2	114.0
531.72	114.0
583.6	114.0
603.32	114.0
624.8	114.0
1116.56	114.0
303.36	115.0
331.12	115.0
547.6	115.0
959.64	115.0
1036.12	115.0
1073.68	115.0
1138.84	115.0
1222.76	115.0
634.36	115.0
309.04	116.0
311.96	116.0
310.44	117.0
317.04	117.0
338.36	117.0
462.76	117.0
479.88	117.0
494.56	117.0
522.44	117.0
585.68	117.0
626.16	117.0
635.08	117.0
857.68	117.0
309.0	118.0
312.0	118.0
631.12	120.0
345.28	120.0
458.44	120.0
478.56	120.0
622.44	120.0
684.76	120.0
