316.04	96.0
683.28	96.0
938.72	96.0
615.24	97.0
305.36	97.0
335.08	97.0
388.52	97.0
893.52	97.0
1319.28	97.0
309.44	99.0
329.92	99.0
392.04	99.0
450.8	99.0
567.72	99.0
582.6	99.0
645.24	99.0
856.88	99.0
873.92	99.0
971.04	99.0
1081.16	99.0
1186.6	99.0
1307.4	99.0
1186.52	103.0
1118.72	105.0
304.52	106.0
316.32	106.0
367.84	107.0
318.12	107.0
451.24	107.0
613.68	107.0
1003.24	107.0
595.04	108.0
308.32	108.0
311.2	108.0
316.6	108.0
330.68	108.0
342.88	108.0
356.56	108.0
371.12	108.0
383.88	108.0
414.44	108.0
416.96	108.0
433.12	108.0
436.76	108.0
442.8	108.0
445.48	108.0
472.84	108.0
476.92	108.0
487.28	108.0
524.32	108.0
537.44	108.0
561.48	108.0
583.32	108.0
613.92	108.0
617.56	108.0
634.4	108.0
637.6	108.0
641.96	108.0
689.0	108.0
701.12	108.0
705.88	108.0
768.36	108.0
778.76	108.0
797.04	108.0
799.56	108.0
921.4	108.0
923.92	108.0
972.56	108.0
977.76	108.0
1003.12	108.0
1033.28	108.0
1060.16	108.0
1086.8	108.0
1149.44	108.0
1159.16	108.0
1286.08	108.0
307.16	109.0
335.88	109.0
395.56	109.0
484.2	109.0
537.08	109.0
551.24	109.0
573.16	109.0
624.52	109.0
640.16	109.0
700.4	109.0
732.24	109.0
766.04	109.0
792.32	109.0
821.6	109.0
865.08	109.0
893.36	109.0
928.8	109.0
1055.92	109.0
1230.08	109.0
309.0	110.0
312.12	110.0
331.68	110.0
317.68	110.0
322.52	110.0
326.36	110.0
335.92	110.0
354.0	110.0
1175.2	110.0
309.0	111.0
311.72	111.0
316.48	111.0
321.96	111.0
331.52	111.0
349.12	111.0
353.24	111.0
366.32	111.0
380.04	111.0
383.72	111.0
389.12	111.0
394.8	111.0
402.12	111.0
408.52	111.0
424.36	111.0
432.52	111.0
439.48	111.0
454.36	111.0
459.88	111.0
464.56	111.0
488.92	111.0
497.0	111.0
508.32	111.0
524.36	111.0
535.96	111.0
541.72	111.0
550.28	111.0
575.44	111.0
585.12	111.0
604.4	111.0
622.08	111.0
633.96	111.0
662.52	111.0
669.12	111.0
691.28	111.0
717.56	111.0
723.08	111.0
734.88	111.0
766.48	111.0
774.24	111.0
780.32	111.0
790.88	111.0
852.64	111.0
890.2	111.0
924.8	111.0
947.92	111.0
982.56	111.0
991.72	111.0
1028.68	111.0
1050.12	111.0
1061.8	111.0
1081.92	111.0
1100.12	111.0
1113.56	111.0
1127.88	111.0
1153.32	111.0
1174.6	111.0
1186.36	111.0
1205.0	111.0
1229.12	111.0
1261.16	111.0
1285.64	111.0
309.0	112.0
311.84	112.0
315.16	112.0
310.4	113.0
593.48	113.0
608.6	113.0
637.12	113.0
1041.52	113.0
1064.64	113.0
340.16	114.0
371.44	114.0
378.4	114.0
388.68	114.0
414.08	114.0
425.72	114.0
505.64	114.0
636.76	114.0
774.36	114.0
777.8	114.0
950.6	114.0
1118.56	114.0
1287.24	114.0
303.32	115.0
392.36	115.0
456.04	115.0
813.64	115.0
880.6	115.0
920.84	115.0
1012.92	115.0
1150.08	115.0
1201.56	115.0
1322.52	115.0
309.0	116.0
311.84	116.0
317.56	116.0
310.48	117.0
384.68	117.0
547.36	117.0
316.36	117.0
362.44	117.0
390.84	117.0
402.6	117.0
448.44	117.0
470.84	117.0
559.12	117.0
627.72	117.0
991.56	117.0
309.0	118.0
311.84	118.0
308.28	120.0
379.0	120.0
500.56	120.0
631.68	120.0
665.52	120.0
702.24	120.0
747.0	120.0
950.44	120.0
1130.08	120.0
