305.04	96.0
415.2	96.0
632.76	96.0
306.48	97.0
302.76	97.0
397.36	97.0
672.76	97.0
929.28	97.0
308.8	99.0
365.04	99.0
302.52	99.0
341.16	99.0
416.92	99.0
496.52	99.0
583.32	99.0
600.08	99.0
687.24	99.0
725.08	99.0
807.88	99.0
899.84	99.0
1002.04	99.0
302.8	100.0
302.48	102.0
302.48	103.0
302.48	104.0
307.32	105.0
302.56	107.0
574.16	107.0
325.2	107.0
351.08	107.0
382.08	107.0
426.4	107.0
453.64	107.0
904.64	107.0
1290.28	107.0
365.32	108.0
302.48	108.0
306.16	108.0
308.68	108.0
311.96	108.0
315.28	108.0
320.96	108.0
329.28	108.0
332.08	108.0
343.24	108.0
376.56	108.0
380.92	108.0
385.08	108.0
408.88	108.0
411.6	108.0
436.16	108.0
443.36	108.0
456.24	108.0
478.44	108.0
488.12	108.0
490.64	108.0
507.2	108.0
511.24	108.0
517.4	108.0
530.08	108.0
538.48	108.0
541.4	108.0
551.4	108.0
558.2	108.0
567.88	108.0
572.24	108.0
578.88	108.0
584.88	108.0
593.68	108.0
631.16	108.0
636.72	108.0
653.52	108.0
661.04	108.0
673.4	108.0
677.44	108.0
680.44	108.0
722.72	108.0
759.12	108.0
763.48	108.0
789.64	108.0
815.0	108.0
858.68	108.0
878.28	108.0
882.96	108.0
886.36	108.0
922.0	108.0
969.72	108.0
982.44	108.0
1071.32	108.0
1093.92	108.0
1168.48	108.0
1191.52	108.0
1220.76	108.0
302.52	109.0
305.8	109.0
322.76	109.0
365.56	109.0
384.72	109.0
411.28	109.0
428.72	109.0
445.04	109.0
491.52	109.0
577.0	109.0
593.32	109.0
619.24	109.0
708.96	109.0
784.76	109.0
831.44	109.0
859.84	109.0
874.6	109.0
907.52	109.0
956.56	109.0
1054.64	109.0
1140.32	109.0
1231.92	109.0
308.96	110.0
311.92	110.0
331.32	110.0
512.84	110.0
328.8	110.0
647.24	110.0
309.0	111.0
312.04	111.0
319.6	111.0
328.04	111.0
332.56	111.0
339.72	111.0
344.16	111.0
354.36	111.0
364.6	111.0
374.48	111.0
379.68	111.0
405.68	111.0
422.04	111.0
429.4	111.0
440.08	111.0
443.24	111.0
456.96	111.0
477.52	111.0
516.44	111.0
545.2	111.0
551.4	111.0
561.76	111.0
571.6	111.0
578.52	111.0
588.76	111.0
594.96	111.0
617.76	111.0
646.48	111.0
677.44	111.0
683.4	111.0
707.4	111.0
712.92	111.0
742.16	111.0
758.68	111.0
780.84	111.0
787.6	111.0
794.8	111.0
838.64	111.0
851.36	111.0
857.88	111.0
864.96	111.0
882.36	111.0
902.16	111.0
915.24	111.0
991.04	111.0
1020.92	111.0
1026.44	111.0
1052.16	111.0
1062.96	111.0
1069.08	111.0
1103.0	111.0
1136.96	111.0
1151.08	111.0
1172.4	111.0
1184.8	111.0
1201.16	111.0
1311.96	111.0
308.96	112.0
311.76	112.0
433.04	112.0
547.44	112.0
325.28	113.0
383.96	113.0
440.48	113.0
805.28	113.0
1006.56	113.0
368.92	114.0
305.92	114.0
385.36	114.0
438.44	114.0
579.08	114.0
631.44	114.0
882.28	114.0
997.04	114.0
1136.16	114.0
1258.04	114.0
1316.76	114.0
303.36	115.0
341.24	115.0
376.48	115.0
441.92	115.0
502.32	115.0
931.68	115.0
978.88	115.0
1101.04	115.0
1223.36	115.0
1277.32	115.0
309.0	116.0
312.0	116.0
310.6	117.0
343.12	117.0
365.2	117.0
393.88	117.0
406.2	117.0
502.72	117.0
555.92	117.0
597.12	117.0
631.88	117.0
646.76	117.0
669.52	117.0
736.32	117.0
810.4	117.0
309.0	118.0
311.68	118.0
346.84	120.0
380.04	120.0
398.52	120.0
429.64	120.0
478.28	120.0
532.24	120.0
590.88	120.0
605.48	120.0
689.84	120.0
719.8	120.0
758.16	120.0
1183.6	120.0
