302.8	96.0
304.44	97.0
138.56	99.0
302.48	99.0
351.2	99.0
518.0	99.0
302.48	102.0
302.48	103.0
302.52	104.0
493.96	107.0
29.84	108.0
34.08	108.0
47.92	108.0
56.92	108.0
92.0	108.0
106.64	108.0
125.32	108.0
141.88	108.0
218.12	108.0
226.56	108.0
263.2	108.0
304.6	108.0
315.36	108.0
318.72	108.0
346.16	108.0
356.12	108.0
366.2	108.0
412.0	108.0
431.36	108.0
456.76	108.0
533.4	108.0
550.6	108.0
15.08	109.0
91.6	109.0
170.84	109.0
268.2	109.0
302.52	109.0
481.16	109.0
519.56	109.0
308.92	110.0
311.92	110.0
309.0	111.0
311.96	111.0
4.04	111.0
25.6	111.0
31.52	111.0
68.08	111.0
83.56	111.0
108.44	111.0
144.56	111.0
159.48	111.0
173.88	111.0
203.8	111.0
216.84	111.0
238.04	111.0
318.84	111.0
326.36	111.0
343.6	111.0
350.72	111.0
385.12	111.0
396.68	111.0
428.88	111.0
435.8	111.0
465.88	111.0
481.44	111.0
505.0	111.0
586.04	111.0
308.96	112.0
311.72	112.0
64.76	113.0
126.16	113.0
178.8	113.0
234.52	113.0
483.4	113.0
302.48	114.0
323.92	114.0
430.16	114.0
499.88	114.0
586.92	114.0
27.32	115.0
103.72	115.0
138.12	115.0
199.28	115.0
265.84	115.0
308.6	115.0
343.48	115.0
415.76	115.0
462.8	115.0
537.12	115.0
647.68	115.0
331.6	115.0
309.0	116.0
311.84	116.0
310.6	117.0
316.96	117.0
319.76	117.0
351.32	117.0
622.64	117.0
309.0	118.0
312.0	118.0
473.32	119.0
302.52	120.0
21.24	120.0
308.64	120.0
347.16	120.0
633.12	120.0
