14.28	96.0
273.12	96.0
302.48	96.0
678.6	96.0
302.48	97.0
305.32	97.0
51.52	99.0
302.48	99.0
358.48	99.0
492.32	99.0
302.48	100.0
308.96	101.0
311.72	101.0
309.0	102.0
311.88	102.0
309.52	103.0
302.48	103.0
162.0	107.0
311.44	107.0
342.36	107.0
530.44	107.0
1155.2	107.0
318.72	108.0
3.12	108.0
8.6	108.0
12.32	108.0
81.76	108.0
136.08	108.0
149.12	108.0
220.56	108.0
236.28	108.0
261.12	108.0
269.28	108.0
287.68	108.0
302.76	108.0
308.88	108.0
313.76	108.0
330.64	108.0
340.92	108.0
345.36	108.0
350.28	108.0
403.08	108.0
439.12	108.0
477.52	108.0
489.12	108.0
514.28	108.0
536.92	108.0
543.04	108.0
547.72	108.0
607.96	108.0
610.48	108.0
666.28	108.0
734.12	108.0
766.04	108.0
957.64	108.0
11.92	109.0
171.32	109.0
281.36	109.0
302.48	109.0
417.4	109.0
637.36	109.0
659.0	109.0
308.96	110.0
311.64	110.0
271.96	110.0
370.16	110.0
537.52	110.0
12.12	111.0
23.28	111.0
40.84	111.0
49.72	111.0
80.32	111.0
99.44	111.0
131.4	111.0
168.36	111.0
174.24	111.0
195.08	111.0
207.88	111.0
217.72	111.0
233.52	111.0
258.36	111.0
271.52	111.0
291.6	111.0
309.0	111.0
312.0	111.0
317.68	111.0
326.2	111.0
351.32	111.0
369.56	111.0
390.4	111.0
400.84	111.0
427.64	111.0
444.36	111.0
462.72	111.0
482.56	111.0
520.44	111.0
536.88	111.0
575.72	111.0
618.64	111.0
633.72	111.0
644.52	111.0
691.64	111.0
759.56	111.0
1162.44	111.0
1187.64	111.0
302.52	112.0
473.16	113.0
283.08	113.0
547.24	113.0
158.32	114.0
298.36	114.0
966.52	114.0
95.8	114.0
304.2	114.0
352.68	114.0
389.52	114.0
448.04	114.0
630.6	114.0
643.56	114.0
127.84	115.0
256.56	115.0
510.24	115.0
574.44	115.0
666.84	115.0
723.8	115.0
1187.0	115.0
309.0	117.0
312.24	117.0
551.28	117.0
309.04	118.0
311.96	118.0
252.24	120.0
307.52	120.0
369.56	120.0
611.36	120.0
