590.32	96.0
302.88	96.0
308.96	96.0
158.16	97.0
575.48	97.0
230.16	97.0
105.72	99.0
302.48	99.0
312.08	99.0
302.48	100.0
302.48	102.0
312.92	103.0
302.48	103.0
302.48	104.0
304.08	106.0
322.68	107.0
206.92	107.0
288.8	107.0
302.48	107.0
619.88	107.0
351.4	108.0
28.6	108.0
85.92	108.0
89.88	108.0
99.88	108.0
102.76	108.0
130.44	108.0
144.16	108.0
168.52	108.0
200.36	108.0
209.12	108.0
216.88	108.0
302.68	108.0
306.4	108.0
314.24	108.0
320.08	108.0
329.76	108.0
335.04	108.0
342.48	108.0
367.12	108.0
396.44	108.0
423.32	108.0
533.36	108.0
30.2	109.0
99.44	109.0
232.6	109.0
303.44	109.0
403.68	109.0
445.04	109.0
309.0	110.0
311.88	110.0
173.2	110.0
308.96	111.0
311.96	111.0
3.88	111.0
28.68	111.0
51.32	111.0
71.88	111.0
126.96	111.0
136.36	111.0
172.76	111.0
182.12	111.0
191.72	111.0
247.2	111.0
267.72	111.0
277.68	111.0
292.68	111.0
325.32	111.0
402.12	111.0
409.04	111.0
476.84	111.0
482.76	111.0
497.64	111.0
511.2	111.0
548.24	111.0
581.76	111.0
606.88	111.0
614.92	111.0
309.0	112.0
312.0	112.0
302.52	113.0
312.52	113.0
335.92	113.0
302.48	114.0
547.56	114.0
40.24	114.0
299.36	114.0
310.04	114.0
315.96	114.0
404.72	114.0
413.68	114.0
484.2	114.0
23.32	115.0
69.0	115.0
120.16	115.0
156.36	115.0
204.04	115.0
317.32	115.0
427.04	115.0
460.92	115.0
548.96	115.0
646.12	115.0
309.0	116.0
311.96	116.0
310.44	117.0
364.0	117.0
224.2	117.0
438.08	117.0
309.0	118.0
311.96	118.0
49.48	120.0
272.8	120.0
310.76	120.0
317.0	120.0
336.24	120.0
678.68	120.0
