346.8	96.0
302.48	96.0
305.8	97.0
1405.52	97.0
302.76	97.0
309.16	97.0
314.88	97.0
483.16	97.0
707.4	97.0
1008.6	97.0
1312.88	97.0
302.48	99.0
335.28	99.0
393.32	99.0
451.56	99.0
523.2	99.0
594.28	99.0
662.0	99.0
685.48	99.0
791.8	99.0
863.48	99.0
905.64	99.0
931.28	99.0
1005.64	99.0
1366.04	99.0
302.48	100.0
1043.88	101.0
302.48	102.0
302.48	103.0
302.48	104.0
331.24	105.0
677.72	105.0
830.8	105.0
312.6	106.0
302.56	107.0
313.72	107.0
433.28	107.0
477.52	107.0
744.36	107.0
799.36	107.0
1338.88	107.0
325.16	107.0
367.28	107.0
396.72	107.0
1211.36	107.0
347.0	108.0
702.32	108.0
302.48	108.0
307.68	108.0
311.0	108.0
328.52	108.0
331.96	108.0
334.72	108.0
337.36	108.0
362.28	108.0
365.88	108.0
369.08	108.0
378.8	108.0
393.76	108.0
399.04	108.0
418.04	108.0
421.92	108.0
425.32	108.0
428.48	108.0
442.04	108.0
454.08	108.0
463.16	108.0
484.04	108.0
486.68	108.0
499.88	108.0
502.68	108.0
539.28	108.0
544.76	108.0
559.08	108.0
589.04	108.0
601.04	108.0
610.84	108.0
635.2	108.0
641.04	108.0
647.6	108.0
656.36	108.0
713.64	108.0
716.32	108.0
719.76	108.0
734.96	108.0
767.28	108.0
789.52	108.0
836.36	108.0
839.8	108.0
898.4	108.0
902.2	108.0
1071.76	108.0
1094.12	108.0
1130.28	108.0
1139.08	108.0
1144.96	108.0
1169.76	108.0
1174.8	108.0
1179.24	108.0
1183.92	108.0
1269.72	108.0
1312.56	108.0
1334.96	108.0
1371.12	108.0
302.68	109.0
315.92	109.0
353.08	109.0
415.16	109.0
463.08	109.0
505.48	109.0
577.28	109.0
590.52	109.0
634.68	109.0
655.88	109.0
677.44	109.0
696.52	109.0
775.56	109.0
800.68	109.0
839.32	109.0
849.8	109.0
928.6	109.0
985.84	109.0
1106.88	109.0
1134.28	109.0
1234.28	109.0
1314.4	109.0
1386.64	109.0
308.96	110.0
311.96	110.0
308.96	111.0
311.96	111.0
315.96	111.0
322.16	111.0
333.32	111.0
340.36	111.0
348.48	111.0
353.04	111.0
366.64	111.0
386.52	111.0
392.0	111.0
410.92	111.0
430.6	111.0
435.88	111.0
441.24	111.0
459.8	111.0
476.72	111.0
480.24	111.0
485.92	111.0
494.64	111.0
505.24	111.0
512.88	111.0
519.2	111.0
528.0	111.0
537.52	111.0
547.96	111.0
564.2	111.0
569.4	111.0
574.88	111.0
629.08	111.0
637.12	111.0
644.76	111.0
652.72	111.0
673.08	111.0
702.08	111.0
711.84	111.0
718.36	111.0
734.56	111.0
742.08	111.0
751.0	111.0
777.04	111.0
787.24	111.0
794.24	111.0
804.76	111.0
812.84	111.0
847.6	111.0
854.64	111.0
884.28	111.0
923.48	111.0
932.56	111.0
956.8	111.0
965.76	111.0
1010.2	111.0
1031.4	111.0
1089.6	111.0
1101.48	111.0
1113.0	111.0
1142.84	111.0
1166.36	111.0
1193.84	111.0
1230.0	111.0
1239.24	111.0
1304.08	111.0
1326.44	111.0
1338.08	111.0
1368.04	111.0
1378.48	111.0
1412.0	111.0
309.0	112.0
311.68	112.0
315.56	112.0
302.48	113.0
771.68	113.0
391.44	113.0
484.92	113.0
1161.12	113.0
302.48	114.0
305.96	114.0
342.48	114.0
421.64	114.0
474.68	114.0
505.08	114.0
583.76	114.0
621.2	114.0
677.32	114.0
830.52	114.0
901.88	114.0
992.24	114.0
1009.2	114.0
303.0	115.0
365.8	115.0
411.92	115.0
431.76	115.0
504.4	115.0
698.6	115.0
849.28	115.0
922.04	115.0
987.56	115.0
1029.56	115.0
1062.32	115.0
1129.56	115.0
1163.32	115.0
1225.96	115.0
1266.24	115.0
1360.6	115.0
311.08	115.0
350.96	115.0
309.0	116.0
311.84	116.0
481.0	116.0
310.56	117.0
316.08	117.0
325.48	117.0
328.68	117.0
431.72	117.0
335.2	117.0
340.96	117.0
353.76	117.0
388.04	117.0
468.4	117.0
478.6	117.0
489.64	117.0
528.64	117.0
582.52	117.0
643.72	117.0
702.76	117.0
911.56	117.0
309.0	118.0
311.8	118.0
307.96	120.0
338.08	120.0
455.48	120.0
480.88	120.0
544.16	120.0
635.84	120.0
682.48	120.0
755.36	120.0
1354.76	120.0
