315.92	96.0
358.2	96.0
302.84	96.0
1014.28	96.0
302.88	97.0
306.12	97.0
316.64	97.0
331.92	97.0
431.12	97.0
478.8	97.0
593.92	97.0
302.52	99.0
308.36	99.0
331.28	99.0
365.68	99.0
424.68	99.0
449.44	99.0
535.92	99.0
610.0	99.0
696.16	99.0
724.48	99.0
744.56	99.0
812.44	99.0
836.64	99.0
862.28	99.0
931.24	99.0
989.4	99.0
1061.36	99.0
1204.16	99.0
302.64	100.0
302.48	102.0
671.24	103.0
302.52	103.0
514.84	103.0
1193.8	103.0
302.48	104.0
302.52	107.0
338.56	107.0
357.32	107.0
1066.28	107.0
308.76	107.0
327.24	107.0
402.16	107.0
477.24	107.0
495.2	107.0
303.16	108.0
515.0	108.0
543.08	108.0
307.56	108.0
310.48	108.0
313.0	108.0
326.76	108.0
332.16	108.0
335.16	108.0
347.88	108.0
350.4	108.0
372.92	108.0
382.04	108.0
389.88	108.0
399.0	108.0
411.28	108.0
438.24	108.0
442.36	108.0
446.24	108.0
461.28	108.0
468.76	108.0
471.88	108.0
474.4	108.0
480.64	108.0
494.08	108.0
524.0	108.0
530.4	108.0
533.32	108.0
539.24	108.0
570.6	108.0
575.52	108.0
590.64	108.0
593.28	108.0
625.68	108.0
647.48	108.0
688.92	108.0
702.0	108.0
705.52	108.0
732.08	108.0
739.64	108.0
752.04	108.0
761.44	108.0
777.96	108.0
799.8	108.0
805.04	108.0
832.72	108.0
876.16	108.0
969.36	108.0
974.88	108.0
1050.12	108.0
1125.4	108.0
1145.64	108.0
1193.48	108.0
1216.68	108.0
302.6	109.0
311.88	109.0
323.16	109.0
337.12	109.0
350.08	109.0
406.32	109.0
418.4	109.0
468.68	109.0
513.76	109.0
551.44	109.0
596.96	109.0
616.48	109.0
650.4	109.0
742.64	109.0
801.6	109.0
817.52	109.0
856.44	109.0
873.84	109.0
1056.12	109.0
1154.96	109.0
1259.16	109.0
308.96	110.0
312.0	110.0
330.28	110.0
415.2	110.0
316.44	110.0
340.2	110.0
688.88	110.0
309.0	111.0
312.32	111.0
315.88	111.0
322.44	111.0
326.52	111.0
331.24	111.0
335.04	111.0
339.04	111.0
342.36	111.0
347.48	111.0
351.16	111.0
358.64	111.0
365.16	111.0
374.68	111.0
386.6	111.0
395.16	111.0
403.04	111.0
413.16	111.0
416.76	111.0
441.36	111.0
445.2	111.0
449.4	111.0
461.0	111.0
468.48	111.0
473.96	111.0
481.32	111.0
490.68	111.0
505.04	111.0
527.08	111.0
571.24	111.0
581.28	111.0
599.72	111.0
606.52	111.0
660.0	111.0
666.72	111.0
680.6	111.0
709.84	111.0
717.52	111.0
740.4	111.0
773.72	111.0
795.2	111.0
832.08	111.0
846.8	111.0
852.6	111.0
874.96	111.0
906.04	111.0
917.0	111.0
943.28	111.0
965.84	111.0
971.64	111.0
1029.48	111.0
1038.72	111.0
1045.4	111.0
1076.12	111.0
1086.32	111.0
1121.8	111.0
1147.88	111.0
1179.28	111.0
1225.88	111.0
1235.24	111.0
1249.36	111.0
1266.68	111.0
1293.56	111.0
308.96	112.0
311.64	112.0
324.72	112.0
392.12	113.0
443.12	113.0
848.0	113.0
492.0	114.0
310.48	114.0
317.52	114.0
339.0	114.0
341.6	114.0
382.6	114.0
385.12	114.0
406.88	114.0
422.08	114.0
443.2	114.0
475.16	114.0
604.24	114.0
636.04	114.0
646.88	114.0
1074.76	114.0
1152.76	114.0
302.92	115.0
375.32	115.0
413.48	115.0
457.8	115.0
592.84	115.0
874.92	115.0
1000.72	115.0
1108.48	115.0
1144.92	115.0
1203.88	115.0
309.0	116.0
311.72	116.0
340.12	116.0
847.4	116.0
310.44	117.0
324.72	117.0
386.12	117.0
335.04	117.0
365.6	117.0
394.4	117.0
412.0	117.0
441.92	117.0
447.28	117.0
465.52	117.0
512.4	117.0
620.16	117.0
707.96	117.0
748.8	117.0
766.08	117.0
916.32	117.0
309.04	118.0
311.92	118.0
319.72	120.0
349.28	120.0
357.08	120.0
383.4	120.0
400.72	120.0
422.52	120.0
448.44	120.0
453.44	120.0
584.56	120.0
594.0	120.0
675.04	120.0
960.12	120.0
1226.36	120.0
