302.56	97.0
305.72	97.0
330.96	97.0
406.96	97.0
430.16	97.0
459.44	97.0
496.12	97.0
302.48	99.0
331.2	99.0
349.56	99.0
404.56	99.0
422.32	99.0
524.84	99.0
579.2	99.0
726.88	99.0
789.76	99.0
917.68	99.0
1009.76	99.0
1061.0	99.0
1109.84	99.0
1178.68	99.0
1275.68	99.0
302.48	102.0
302.52	103.0
302.48	104.0
302.52	107.0
404.32	107.0
688.68	107.0
841.04	107.0
328.28	107.0
356.32	107.0
578.08	107.0
952.48	107.0
309.76	108.0
455.68	108.0
874.68	108.0
302.48	108.0
307.04	108.0
312.92	108.0
324.28	108.0
329.96	108.0
333.28	108.0
345.2	108.0
359.2	108.0
366.56	108.0
376.48	108.0
379.8	108.0
392.6	108.0
405.88	108.0
422.72	108.0
427.64	108.0
444.8	108.0
458.6	108.0
470.28	108.0
475.12	108.0
495.8	108.0
498.76	108.0
519.68	108.0
526.48	108.0
539.16	108.0
541.68	108.0
570.8	108.0
584.36	108.0
604.88	108.0
617.88	108.0
631.76	108.0
638.0	108.0
666.04	108.0
673.32	108.0
695.04	108.0
723.8	108.0
726.88	108.0
748.0	108.0
790.96	108.0
794.56	108.0
829.56	108.0
844.2	108.0
972.68	108.0
1030.12	108.0
1049.32	108.0
1078.64	108.0
1092.64	108.0
1097.32	108.0
1123.68	108.0
1176.88	108.0
1245.76	108.0
1260.72	108.0
302.56	109.0
307.32	109.0
332.32	109.0
348.2	109.0
376.52	109.0
446.6	109.0
457.92	109.0
474.84	109.0
488.24	109.0
517.68	109.0
564.56	109.0
591.8	109.0
617.56	109.0
634.44	109.0
653.48	109.0
679.32	109.0
701.16	109.0
728.08	109.0
746.44	109.0
803.72	109.0
824.28	109.0
857.2	109.0
890.64	109.0
917.44	109.0
969.84	109.0
979.64	109.0
1048.88	109.0
1301.52	109.0
308.96	110.0
311.72	110.0
344.2	110.0
308.96	111.0
311.84	111.0
315.56	111.0
320.92	111.0
325.08	111.0
331.8	111.0
336.32	111.0
345.04	111.0
352.44	111.0
361.96	111.0
375.52	111.0
381.04	111.0
384.12	111.0
390.76	111.0
396.2	111.0
406.96	111.0
419.84	111.0
424.6	111.0
429.36	111.0
437.72	111.0
454.16	111.0
472.48	111.0
503.72	111.0
540.12	111.0
550.28	111.0
556.2	111.0
562.32	111.0
592.72	111.0
598.28	111.0
608.44	111.0
649.44	111.0
658.32	111.0
675.56	111.0
716.16	111.0
724.56	111.0
732.92	111.0
777.56	111.0
800.32	111.0
811.6	111.0
821.96	111.0
836.04	111.0
904.8	111.0
912.32	111.0
918.08	111.0
933.64	111.0
941.36	111.0
953.08	111.0
962.36	111.0
973.12	111.0
984.12	111.0
1008.76	111.0
1027.44	111.0
1083.44	111.0
1087.52	111.0
1147.64	111.0
1162.16	111.0
1181.56	111.0
1194.16	111.0
1207.32	111.0
1225.72	111.0
1233.2	111.0
1250.8	111.0
1258.84	111.0
308.96	112.0
311.52	112.0
305.68	113.0
309.32	113.0
444.52	113.0
494.44	113.0
514.48	113.0
556.4	113.0
724.24	113.0
759.88	113.0
1004.92	113.0
311.08	114.0
382.04	114.0
421.36	114.0
617.32	114.0
700.28	114.0
830.88	114.0
890.08	114.0
943.08	114.0
1045.68	114.0
1130.0	114.0
1173.64	114.0
303.28	115.0
345.16	115.0
375.68	115.0
690.76	115.0
870.68	115.0
1023.72	115.0
1081.4	115.0
1178.2	115.0
309.04	116.0
311.88	116.0
310.48	117.0
388.52	117.0
343.68	117.0
347.56	117.0
398.4	117.0
458.32	117.0
496.16	117.0
570.88	117.0
590.4	117.0
634.72	117.0
689.8	117.0
838.32	117.0
912.2	117.0
1000.88	117.0
1128.4	117.0
309.0	118.0
311.96	118.0
400.24	120.0
446.04	120.0
540.88	120.0
554.44	120.0
615.68	120.0
651.04	120.0
655.92	120.0
967.68	120.0
