315.96	96.0
338.08	96.0
302.52	97.0
326.0	97.0
306.2	97.0
331.36	97.0
388.52	97.0
435.4	97.0
612.8	97.0
1109.72	97.0
209.36	98.0
302.92	99.0
317.52	99.0
338.72	99.0
422.68	99.0
466.16	99.0
523.08	99.0
610.32	99.0
644.52	99.0
753.6	99.0
830.08	99.0
878.76	99.0
953.6	99.0
1028.24	99.0
1183.88	99.0
1238.52	99.0
302.52	100.0
302.48	102.0
302.48	103.0
302.52	104.0
1217.96	105.0
302.52	107.0
330.6	107.0
1354.6	107.0
315.68	107.0
351.12	107.0
895.36	107.0
302.48	108.0
308.52	108.0
311.72	108.0
317.88	108.0
329.32	108.0
335.16	108.0
339.6	108.0
343.96	108.0
350.0	108.0
354.24	108.0
364.28	108.0
387.48	108.0
397.68	108.0
420.96	108.0
425.04	108.0
433.84	108.0
471.68	108.0
475.96	108.0
541.56	108.0
545.52	108.0
605.68	108.0
617.2	108.0
627.0	108.0
638.72	108.0
659.6	108.0
663.36	108.0
667.92	108.0
712.4	108.0
716.12	108.0
722.24	108.0
734.0	108.0
765.8	108.0
792.32	108.0
859.72	108.0
870.96	108.0
930.12	108.0
950.0	108.0
1017.6	108.0
1051.44	108.0
1140.96	108.0
1148.16	108.0
1223.24	108.0
1232.0	108.0
1239.76	108.0
1264.56	108.0
1315.2	108.0
1354.44	108.0
1396.72	108.0
302.52	109.0
308.0	109.0
329.2	109.0
357.44	109.0
428.4	109.0
501.4	109.0
568.48	109.0
662.92	109.0
755.0	109.0
781.24	109.0
841.68	109.0
867.36	109.0
1024.36	109.0
1183.56	109.0
1265.84	109.0
308.96	110.0
312.28	110.0
325.92	110.0
341.4	110.0
386.88	110.0
309.0	111.0
311.84	111.0
315.4	111.0
324.6	111.0
328.12	111.0
332.16	111.0
336.76	111.0
349.36	111.0
355.56	111.0
365.0	111.0
369.2	111.0
373.84	111.0
395.76	111.0
411.12	111.0
430.04	111.0
442.32	111.0
462.24	111.0
468.84	111.0
542.16	111.0
547.12	111.0
552.4	111.0
564.08	111.0
577.56	111.0
584.56	111.0
598.8	111.0
650.28	111.0
657.04	111.0
663.2	111.0
677.88	111.0
695.48	111.0
709.28	111.0
723.84	111.0
751.92	111.0
760.44	111.0
770.44	111.0
782.12	111.0
791.56	111.0
803.32	111.0
834.04	111.0
859.08	111.0
891.96	111.0
918.88	111.0
926.08	111.0
935.36	111.0
996.56	111.0
1017.24	111.0
1024.48	111.0
1041.28	111.0
1048.36	111.0
1054.0	111.0
1065.6	111.0
1084.0	111.0
1114.72	111.0
1131.16	111.0
1159.08	111.0
1172.8	111.0
1180.8	111.0
1206.12	111.0
1221.16	111.0
1244.6	111.0
1259.12	111.0
1267.56	111.0
1298.84	111.0
1344.36	111.0
308.96	112.0
312.16	112.0
534.32	112.0
302.48	113.0
309.64	113.0
325.52	113.0
447.04	113.0
848.16	113.0
906.56	113.0
1323.6	113.0
476.04	114.0
309.32	114.0
329.64	114.0
364.4	114.0
404.08	114.0
411.2	114.0
451.36	114.0
518.8	114.0
533.8	114.0
548.64	114.0
562.0	114.0
620.56	114.0
1217.8	114.0
1231.16	114.0
303.48	115.0
346.64	115.0
1084.08	115.0
1206.08	115.0
1378.24	115.0
309.0	116.0
311.6	116.0
350.04	116.0
569.36	116.0
686.32	116.0
1299.4	116.0
310.48	117.0
368.48	117.0
497.16	117.0
334.6	117.0
337.36	117.0
341.4	117.0
346.24	117.0
360.56	117.0
377.12	117.0
401.84	117.0
418.4	117.0
426.84	117.0
431.8	117.0
460.8	117.0
478.52	117.0
502.44	117.0
599.32	117.0
1319.64	117.0
309.0	118.0
311.8	118.0
420.8	120.0
427.2	120.0
454.88	120.0
578.28	120.0
606.72	120.0
685.0	120.0
734.36	120.0
1039.16	120.0
1213.32	120.0
1328.48	120.0
