816.28	96.0
302.48	96.0
311.16	96.0
307.08	97.0
302.76	97.0
382.56	97.0
421.96	97.0
592.16	97.0
932.24	97.0
302.48	99.0
319.08	99.0
342.96	99.0
401.8	99.0
569.52	99.0
700.76	99.0
901.48	99.0
1041.24	99.0
302.48	100.0
302.48	102.0
1050.44	103.0
302.48	103.0
302.48	104.0
620.4	105.0
917.08	105.0
302.8	107.0
316.56	107.0
1100.36	107.0
450.88	108.0
592.64	108.0
302.48	108.0
309.36	108.0
313.4	108.0
317.36	108.0
324.28	108.0
328.84	108.0
333.08	108.0
360.32	108.0
384.16	108.0
387.88	108.0
420.64	108.0
424.12	108.0
430.92	108.0
460.96	108.0
472.0	108.0
483.52	108.0
490.28	108.0
493.6	108.0
503.44	108.0
509.32	108.0
518.28	108.0
539.0	108.0
589.04	108.0
627.92	108.0
635.04	108.0
681.76	108.0
692.2	108.0
734.48	108.0
795.92	108.0
823.32	108.0
887.32	108.0
892.4	108.0
999.96	108.0
1003.56	108.0
1032.36	108.0
1111.24	108.0
1179.6	108.0
1241.6	108.0
1277.16	108.0
302.76	109.0
308.44	109.0
332.6	109.0
367.6	109.0
386.6	109.0
408.08	109.0
462.24	109.0
493.92	109.0
540.48	109.0
566.4	109.0
593.16	109.0
627.96	109.0
673.48	109.0
758.44	109.0
835.72	109.0
1226.6	109.0
309.0	110.0
312.08	110.0
699.12	110.0
308.96	111.0
312.24	111.0
317.04	111.0
322.76	111.0
330.08	111.0
335.92	111.0
359.44	111.0
381.76	111.0
388.84	111.0
394.8	111.0
406.68	111.0
421.24	111.0
432.88	111.0
440.48	111.0
452.04	111.0
455.48	111.0
462.92	111.0
472.0	111.0
479.64	111.0
492.56	111.0
515.72	111.0
539.12	111.0
555.24	111.0
559.0	111.0
565.08	111.0
572.08	111.0
578.16	111.0
588.6	111.0
593.76	111.0
603.36	111.0
640.96	111.0
646.08	111.0
656.12	111.0
670.52	111.0
698.64	111.0
704.52	111.0
711.72	111.0
730.04	111.0
735.48	111.0
757.92	111.0
794.76	111.0
813.56	111.0
831.16	111.0
840.4	111.0
848.88	111.0
913.56	111.0
920.76	111.0
936.44	111.0
944.6	111.0
963.48	111.0
1014.88	111.0
1023.76	111.0
1049.04	111.0
1095.68	111.0
1104.24	111.0
1124.04	111.0
1138.68	111.0
1175.8	111.0
1190.0	111.0
1212.44	111.0
1223.92	111.0
1231.0	111.0
1255.12	111.0
1269.88	111.0
1286.84	111.0
1296.8	111.0
309.0	112.0
312.2	112.0
309.6	113.0
326.28	113.0
398.44	113.0
496.44	113.0
548.44	113.0
623.56	113.0
741.0	113.0
302.48	114.0
450.84	114.0
1286.08	114.0
1296.52	114.0
347.8	114.0
437.24	114.0
594.56	114.0
671.84	114.0
686.76	114.0
699.48	114.0
718.96	114.0
741.08	114.0
823.04	114.0
848.2	114.0
916.84	114.0
1004.96	114.0
1120.8	114.0
1180.2	114.0
303.44	115.0
379.64	115.0
1044.8	115.0
1225.12	115.0
549.44	115.0
309.0	116.0
312.16	116.0
310.56	117.0
486.64	117.0
683.56	117.0
339.76	117.0
425.88	117.0
589.2	117.0
607.0	117.0
660.12	117.0
309.04	118.0
312.04	118.0
310.48	120.0
364.16	120.0
402.32	120.0
443.56	120.0
446.28	120.0
527.48	120.0
561.6	120.0
573.24	120.0
780.0	120.0
932.04	120.0
1012.68	120.0
