330.84	96.0
345.12	96.0
302.48	96.0
305.24	97.0
302.48	97.0
352.28	97.0
463.52	97.0
987.76	97.0
302.48	99.0
318.6	99.0
365.32	99.0
438.92	99.0
494.28	99.0
527.88	99.0
625.8	99.0
644.32	99.0
674.88	99.0
720.44	99.0
802.32	99.0
844.0	99.0
924.32	99.0
994.56	99.0
302.48	100.0
310.12	101.0
309.0	102.0
311.92	102.0
302.52	103.0
774.36	105.0
304.96	106.0
404.12	107.0
316.6	107.0
341.76	107.0
384.2	107.0
498.2	107.0
546.88	107.0
1274.4	107.0
315.76	108.0
625.8	108.0
760.36	108.0
303.56	108.0
308.0	108.0
325.76	108.0
329.52	108.0
340.44	108.0
343.48	108.0
357.52	108.0
362.24	108.0
366.0	108.0
384.56	108.0
394.08	108.0
401.76	108.0
416.28	108.0
424.4	108.0
431.92	108.0
464.2	108.0
471.88	108.0
479.96	108.0
528.12	108.0
541.52	108.0
546.12	108.0
554.52	108.0
576.24	108.0
592.92	108.0
644.08	108.0
677.4	108.0
687.52	108.0
700.08	108.0
718.52	108.0
742.24	108.0
798.68	108.0
813.84	108.0
830.44	108.0
839.64	108.0
872.72	108.0
932.88	108.0
940.16	108.0
958.56	108.0
1023.88	108.0
1071.68	108.0
1149.0	108.0
1161.52	108.0
1197.36	108.0
1255.48	108.0
302.68	109.0
322.28	109.0
344.24	109.0
365.32	109.0
399.72	109.0
511.68	109.0
546.52	109.0
570.2	109.0
604.44	109.0
627.08	109.0
698.92	109.0
724.16	109.0
864.16	109.0
920.8	109.0
1031.44	109.0
1090.88	109.0
1177.92	109.0
308.96	110.0
312.0	110.0
325.6	110.0
396.96	110.0
516.24	110.0
596.2	110.0
342.8	110.0
309.0	111.0
312.12	111.0
325.16	111.0
330.28	111.0
334.56	111.0
341.36	111.0
364.08	111.0
371.6	111.0
386.44	111.0
394.12	111.0
398.72	111.0
404.6	111.0
410.92	111.0
423.48	111.0
429.52	111.0
438.56	111.0
456.36	111.0
465.16	111.0
472.04	111.0
478.84	111.0
487.12	111.0
496.56	111.0
509.24	111.0
516.64	111.0
526.96	111.0
530.68	111.0
540.96	111.0
547.64	111.0
572.16	111.0
579.8	111.0
589.88	111.0
595.8	111.0
621.92	111.0
628.16	111.0
637.84	111.0
644.0	111.0
669.56	111.0
684.6	111.0
703.28	111.0
717.92	111.0
729.56	111.0
741.56	111.0
769.84	111.0
775.96	111.0
788.04	111.0
803.76	111.0
814.12	111.0
831.28	111.0
852.56	111.0
857.36	111.0
869.2	111.0
893.04	111.0
906.48	111.0
921.96	111.0
931.24	111.0
952.56	111.0
956.56	111.0
967.24	111.0
1014.08	111.0
1019.24	111.0
1039.92	111.0
1074.0	111.0
1082.92	111.0
1125.52	111.0
1134.52	111.0
1149.6	111.0
1155.16	111.0
1168.0	111.0
1200.88	111.0
1252.88	111.0
1278.72	111.0
1299.64	111.0
1312.56	111.0
1320.92	111.0
1357.0	111.0
302.76	112.0
312.48	113.0
489.36	113.0
534.4	113.0
304.48	114.0
311.48	114.0
324.2	114.0
380.08	114.0
421.68	114.0
505.88	114.0
594.6	114.0
668.16	114.0
774.12	114.0
893.76	114.0
1308.4	114.0
303.84	115.0
340.2	115.0
420.92	115.0
464.88	115.0
528.28	115.0
757.36	115.0
890.56	115.0
1010.4	115.0
1058.88	115.0
1114.12	115.0
1196.6	115.0
1245.4	115.0
1356.04	115.0
315.68	116.0
342.72	116.0
541.56	116.0
309.0	117.0
312.28	117.0
315.32	117.0
497.12	117.0
574.2	117.0
577.16	117.0
686.84	117.0
309.0	118.0
312.24	118.0
1302.52	119.0
1073.56	120.0
472.92	120.0
593.56	120.0
670.52	120.0
892.36	120.0
1155.64	120.0
