294.68	96.0
477.04	96.0
642.4	96.0
184.16	96.0
283.76	96.0
367.28	96.0
496.8	96.0
372.92	97.0
260.84	97.0
287.04	97.0
302.48	97.0
367.32	97.0
635.24	97.0
671.96	97.0
981.92	97.0
1023.44	97.0
197.32	99.0
236.88	99.0
269.6	99.0
284.6	99.0
302.48	99.0
324.88	99.0
355.48	99.0
393.32	99.0
494.36	99.0
555.56	99.0
615.64	99.0
720.72	99.0
800.88	99.0
835.32	99.0
958.12	99.0
1071.36	99.0
1270.96	99.0
302.52	101.0
302.48	102.0
302.48	103.0
302.48	104.0
204.16	105.0
266.64	105.0
302.52	105.0
233.08	105.0
321.48	106.0
346.36	106.0
372.92	106.0
412.4	106.0
427.96	106.0
452.08	106.0
492.0	106.0
532.8	106.0
567.72	106.0
633.88	106.0
220.56	107.0
211.28	107.0
238.16	107.0
260.16	107.0
283.64	107.0
296.8	107.0
647.08	107.0
1243.96	107.0
172.8	108.0
175.44	108.0
181.32	108.0
186.76	108.0
189.28	108.0
204.48	108.0
210.48	108.0
216.92	108.0
233.12	108.0
240.04	108.0
245.92	108.0
256.8	108.0
262.56	108.0
282.88	108.0
285.64	108.0
293.04	108.0
309.72	108.0
316.76	108.0
337.72	108.0
357.84	108.0
364.4	108.0
367.44	108.0
380.04	108.0
385.8	108.0
453.0	108.0
459.84	108.0
470.4	108.0
475.96	108.0
496.08	108.0
570.24	108.0
583.48	108.0
594.64	108.0
635.64	108.0
649.92	108.0
658.76	108.0
675.6	108.0
680.12	108.0
701.6	108.0
714.0	108.0
738.32	108.0
749.76	108.0
778.08	108.0
813.24	108.0
817.28	108.0
830.04	108.0
832.96	108.0
876.56	108.0
881.64	108.0
892.44	108.0
929.8	108.0
955.36	108.0
1031.72	108.0
1043.76	108.0
1078.32	108.0
1097.76	108.0
1162.36	108.0
1169.48	108.0
1195.36	108.0
1241.32	108.0
188.8	109.0
233.8	109.0
249.48	109.0
283.8	109.0
302.56	109.0
331.68	109.0
355.16	109.0
365.04	109.0
438.84	109.0
475.52	109.0
555.28	109.0
657.72	109.0
679.2	109.0
735.88	109.0
786.8	109.0
995.28	109.0
1050.28	109.0
1139.52	109.0
1186.72	109.0
1273.0	109.0
225.16	110.0
308.96	110.0
311.8	110.0
231.48	110.0
277.44	110.0
315.12	110.0
355.76	110.0
309.0	111.0
311.96	111.0
146.96	111.0
152.52	111.0
163.76	111.0
173.84	111.0
181.0	111.0
188.36	111.0
197.12	111.0
201.92	111.0
206.6	111.0
211.8	111.0
222.48	111.0
228.88	111.0
232.36	111.0
239.24	111.0
244.4	111.0
248.88	111.0
262.8	111.0
272.52	111.0
283.52	111.0
296.88	111.0
320.8	111.0
325.36	111.0
331.92	111.0
349.08	111.0
354.96	111.0
361.16	111.0
440.64	111.0
469.32	111.0
511.28	111.0
517.32	111.0
535.96	111.0
575.52	111.0
601.24	111.0
611.6	111.0
653.84	111.0
672.76	111.0
687.76	111.0
695.84	111.0
713.88	111.0
735.4	111.0
753.4	111.0
775.92	111.0
785.96	111.0
806.76	111.0
818.92	111.0
826.2	111.0
829.08	111.0
845.72	111.0
854.36	111.0
860.72	111.0
886.96	111.0
913.72	111.0
927.84	111.0
953.32	111.0
987.88	111.0
1013.24	111.0
1024.2	111.0
1054.28	111.0
1067.96	111.0
1077.76	111.0
1087.84	111.0
1108.92	111.0
1140.52	111.0
1152.56	111.0
1186.2	111.0
1196.92	111.0
1207.16	111.0
1235.12	111.0
1246.84	111.0
1254.76	111.0
1261.36	111.0
1283.12	111.0
1291.76	111.0
309.0	112.0
311.8	112.0
493.56	112.0
294.08	112.0
253.36	113.0
269.08	113.0
570.36	113.0
989.6	113.0
250.68	114.0
266.56	114.0
292.72	114.0
347.64	114.0
384.2	114.0
414.72	114.0
555.44	114.0
658.52	114.0
695.68	114.0
805.64	114.0
837.36	114.0
844.76	114.0
160.92	115.0
212.16	115.0
1140.6	115.0
309.0	116.0
312.16	116.0
355.68	116.0
269.76	117.0
310.44	117.0
212.24	117.0
322.6	117.0
345.56	117.0
349.08	117.0
375.2	117.0
413.44	117.0
420.32	117.0
426.6	117.0
467.28	117.0
478.56	117.0
887.44	117.0
1222.72	117.0
309.0	118.0
311.8	118.0
236.6	120.0
265.0	120.0
304.16	120.0
345.44	120.0
348.28	120.0
408.72	120.0
489.44	120.0
804.32	120.0
868.52	120.0
932.48	120.0
