961.28	96.0
302.48	96.0
396.88	96.0
420.52	96.0
306.64	97.0
712.8	97.0
888.52	97.0
893.56	97.0
302.48	99.0
333.92	99.0
356.52	99.0
378.76	99.0
456.0	99.0
518.32	99.0
533.76	99.0
571.92	99.0
630.36	99.0
688.12	99.0
739.52	99.0
819.32	99.0
868.84	99.0
904.88	99.0
964.2	99.0
1025.08	99.0
1057.24	99.0
1109.48	99.0
1243.72	99.0
1319.64	99.0
1353.36	99.0
302.48	102.0
302.48	103.0
302.48	104.0
391.04	106.0
481.4	106.0
504.32	106.0
548.0	106.0
590.96	106.0
627.28	106.0
705.76	106.0
860.36	106.0
974.84	106.0
1268.88	106.0
302.76	107.0
979.84	107.0
399.8	107.0
302.48	108.0
307.64	108.0
315.36	108.0
322.84	108.0
329.16	108.0
333.24	108.0
346.32	108.0
349.2	108.0
357.32	108.0
372.68	108.0
375.48	108.0
390.0	108.0
393.2	108.0
404.4	108.0
444.8	108.0
451.72	108.0
489.32	108.0
495.8	108.0
514.68	108.0
517.92	108.0
523.6	108.0
548.88	108.0
565.12	108.0
577.28	108.0
588.72	108.0
609.76	108.0
620.16	108.0
630.64	108.0
664.88	108.0
700.28	108.0
712.92	108.0
740.48	108.0
788.04	108.0
836.96	108.0
841.24	108.0
858.6	108.0
883.16	108.0
886.0	108.0
956.28	108.0
964.68	108.0
984.24	108.0
1052.92	108.0
1073.96	108.0
1095.0	108.0
1099.96	108.0
1153.04	108.0
1207.8	108.0
1216.32	108.0
1342.4	108.0
302.8	109.0
306.76	109.0
332.88	109.0
348.72	109.0
386.84	109.0
479.64	109.0
508.48	109.0
523.2	109.0
552.88	109.0
591.88	109.0
632.92	109.0
728.08	109.0
819.44	109.0
889.76	109.0
932.56	109.0
981.16	109.0
1052.52	109.0
1117.36	109.0
1154.0	109.0
1184.44	109.0
1269.12	109.0
1394.56	109.0
309.0	110.0
311.84	110.0
533.08	110.0
317.16	110.0
522.56	110.0
727.36	110.0
1335.92	110.0
309.0	111.0
311.68	111.0
316.6	111.0
320.16	111.0
345.24	111.0
355.0	111.0
381.96	111.0
395.12	111.0
404.44	111.0
411.92	111.0
415.04	111.0
430.32	111.0
449.8	111.0
458.84	111.0
474.12	111.0
492.72	111.0
553.32	111.0
561.52	111.0
576.76	111.0
590.44	111.0
609.08	111.0
617.8	111.0
649.6	111.0
660.92	111.0
687.52	111.0
711.2	111.0
718.2	111.0
737.08	111.0
762.72	111.0
786.84	111.0
829.68	111.0
841.48	111.0
847.88	111.0
861.76	111.0
887.04	111.0
906.6	111.0
942.76	111.0
960.72	111.0
978.52	111.0
987.96	111.0
1018.88	111.0
1042.0	111.0
1082.92	111.0
1149.72	111.0
1179.88	111.0
1213.32	111.0
1235.64	111.0
1315.64	111.0
1335.4	111.0
1355.84	111.0
1372.8	111.0
1392.16	111.0
308.96	112.0
311.88	112.0
329.0	113.0
374.24	113.0
450.12	113.0
508.16	113.0
573.48	113.0
1023.0	113.0
1104.48	113.0
1241.52	113.0
1396.2	113.0
326.32	114.0
342.36	114.0
373.16	114.0
376.72	114.0
399.52	114.0
433.8	114.0
470.92	114.0
535.88	114.0
622.24	114.0
661.24	114.0
678.48	114.0
689.56	114.0
713.4	114.0
737.08	114.0
794.16	114.0
917.52	114.0
959.04	114.0
981.48	114.0
1054.56	114.0
1096.04	114.0
1160.2	114.0
1358.8	114.0
303.16	115.0
330.88	115.0
785.2	115.0
1110.24	115.0
1232.84	115.0
309.04	116.0
312.0	116.0
727.28	116.0
961.36	116.0
310.52	117.0
327.68	117.0
344.0	117.0
375.16	117.0
655.88	117.0
369.48	117.0
395.68	117.0
457.2	117.0
529.84	117.0
607.44	117.0
1213.96	117.0
309.04	118.0
312.16	118.0
369.48	120.0
452.28	120.0
732.16	120.0
815.68	120.0
904.36	120.0
980.32	120.0
