374.68	96.0
276.04	96.0
302.48	96.0
302.76	97.0
12.84	99.0
106.44	99.0
302.48	99.0
305.84	99.0
302.48	100.0
302.48	102.0
302.48	103.0
302.48	104.0
367.0	106.0
19.2	107.0
366.52	108.0
6.04	108.0
29.72	108.0
74.8	108.0
83.2	108.0
91.08	108.0
109.0	108.0
132.0	108.0
135.0	108.0
146.52	108.0
193.36	108.0
222.44	108.0
257.88	108.0
271.92	108.0
302.6	108.0
306.0	108.0
316.84	108.0
339.12	108.0
358.92	108.0
361.92	108.0
382.2	108.0
397.88	108.0
414.28	108.0
432.72	108.0
442.6	108.0
448.92	108.0
475.24	108.0
533.36	108.0
551.52	108.0
566.76	108.0
585.64	108.0
29.32	109.0
67.08	109.0
146.04	109.0
275.88	109.0
302.92	109.0
335.8	109.0
370.32	109.0
418.76	109.0
474.76	109.0
583.12	109.0
308.96	110.0
312.0	110.0
120.64	110.0
242.96	110.0
308.96	111.0
311.84	111.0
3.6	111.0
13.0	111.0
23.76	111.0
65.12	111.0
94.76	111.0
107.52	111.0
114.48	111.0
119.92	111.0
144.64	111.0
171.12	111.0
178.08	111.0
206.08	111.0
219.36	111.0
239.68	111.0
249.2	111.0
274.6	111.0
315.24	111.0
324.24	111.0
369.36	111.0
373.84	111.0
378.24	111.0
381.16	111.0
385.28	111.0
399.2	111.0
435.28	111.0
545.32	111.0
630.56	111.0
308.96	112.0
311.72	112.0
24.12	113.0
371.04	113.0
754.8	114.0
54.0	114.0
70.32	114.0
124.04	114.0
144.8	114.0
238.16	114.0
241.16	114.0
291.24	114.0
298.24	114.0
370.84	114.0
392.44	114.0
476.4	114.0
531.32	114.0
712.76	114.0
50.6	115.0
264.76	115.0
386.84	115.0
494.64	115.0
779.8	115.0
308.96	116.0
311.88	116.0
374.44	116.0
310.52	117.0
319.88	117.0
308.96	118.0
311.96	118.0
305.04	120.0
23.96	120.0
268.2	120.0
391.44	120.0
452.72	120.0
