305.04	96.0
316.28	96.0
432.52	96.0
339.8	96.0
305.28	97.0
342.72	97.0
314.12	97.0
517.6	97.0
352.56	98.0
465.48	98.0
1374.52	98.0
306.08	99.0
308.64	99.0
348.04	99.0
375.56	99.0
395.88	99.0
418.52	99.0
438.24	99.0
463.48	99.0
491.28	99.0
596.12	99.0
629.08	99.0
693.24	99.0
735.0	99.0
769.0	99.0
796.64	99.0
832.04	99.0
867.68	99.0
885.24	99.0
924.96	99.0
989.48	99.0
1057.72	99.0
1118.96	99.0
1219.2	99.0
1277.44	99.0
1058.88	105.0
1306.48	105.0
412.08	105.0
1368.32	105.0
349.6	106.0
401.84	106.0
425.36	106.0
513.48	106.0
536.32	106.0
624.8	106.0
738.24	106.0
921.36	106.0
1282.16	107.0
315.64	107.0
354.12	107.0
539.96	107.0
540.52	108.0
1478.6	108.0
305.64	108.0
308.64	108.0
311.48	108.0
318.64	108.0
330.44	108.0
333.16	108.0
339.52	108.0
347.76	108.0
353.6	108.0
358.64	108.0
366.16	108.0
383.12	108.0
390.96	108.0
414.32	108.0
440.76	108.0
449.88	108.0
459.72	108.0
491.32	108.0
515.24	108.0
522.0	108.0
534.04	108.0
550.24	108.0
592.32	108.0
607.04	108.0
618.96	108.0
628.04	108.0
651.04	108.0
671.16	108.0
679.0	108.0
691.92	108.0
694.68	108.0
778.2	108.0
796.4	108.0
819.52	108.0
852.76	108.0
861.68	108.0
865.96	108.0
913.88	108.0
1016.68	108.0
1019.84	108.0
1080.4	108.0
1135.72	108.0
1164.12	108.0
1186.72	108.0
1195.2	108.0
1363.96	108.0
1379.56	108.0
1382.24	108.0
1384.96	108.0
1419.4	108.0
323.0	109.0
330.16	109.0
344.4	109.0
359.28	109.0
383.96	109.0
399.72	109.0
417.68	109.0
477.36	109.0
520.32	109.0
562.76	109.0
594.52	109.0
606.28	109.0
628.24	109.0
694.8	109.0
734.96	109.0
786.64	109.0
820.2	109.0
920.88	109.0
975.2	109.0
1013.12	109.0
1048.32	109.0
1088.4	109.0
1136.96	109.0
1247.48	109.0
1395.96	109.0
1492.6	109.0
309.0	110.0
311.84	110.0
396.24	110.0
327.0	110.0
388.72	110.0
309.0	111.0
312.2	111.0
379.6	111.0
322.12	111.0
330.48	111.0
334.4	111.0
341.6	111.0
351.36	111.0
364.96	111.0
371.4	111.0
375.64	111.0
399.96	111.0
404.44	111.0
425.12	111.0
441.28	111.0
509.04	111.0
519.84	111.0
567.92	111.0
573.48	111.0
617.32	111.0
635.84	111.0
650.04	111.0
669.48	111.0
697.48	111.0
729.0	111.0
742.32	111.0
793.4	111.0
799.88	111.0
825.32	111.0
842.96	111.0
846.12	111.0
854.48	111.0
881.64	111.0
889.48	111.0
918.6	111.0
934.4	111.0
948.52	111.0
958.24	111.0
982.76	111.0
993.96	111.0
1018.88	111.0
1031.52	111.0
1040.68	111.0
1053.8	111.0
1065.04	111.0
1085.88	111.0
1109.96	111.0
1128.08	111.0
1139.88	111.0
1148.6	111.0
1167.72	111.0
1177.2	111.0
1185.0	111.0
1198.0	111.0
1207.16	111.0
1222.12	111.0
1245.24	111.0
1267.4	111.0
1278.88	111.0
1293.4	111.0
1302.2	111.0
1311.72	111.0
1319.44	111.0
1344.64	111.0
1363.4	111.0
1391.8	111.0
1410.84	111.0
1436.84	111.0
1451.64	111.0
1477.52	111.0
1493.08	111.0
309.0	112.0
311.72	112.0
317.08	112.0
401.6	112.0
510.08	112.0
577.2	112.0
308.8	113.0
304.64	113.0
340.96	113.0
403.6	113.0
591.04	113.0
754.52	113.0
1369.28	113.0
595.36	114.0
626.92	114.0
310.64	114.0
326.24	114.0
332.04	114.0
356.52	114.0
359.56	114.0
366.32	114.0
392.64	114.0
411.88	114.0
494.36	114.0
539.6	114.0
635.28	114.0
639.12	114.0
744.32	114.0
807.04	114.0
888.32	114.0
908.48	114.0
941.8	114.0
999.84	114.0
1004.44	114.0
1018.2	114.0
1059.0	114.0
1368.12	114.0
1391.36	114.0
303.2	115.0
691.4	115.0
1108.64	115.0
1243.96	115.0
413.44	115.0
309.0	116.0
311.6	116.0
491.96	116.0
310.48	117.0
1148.0	117.0
1300.6	117.0
1442.0	117.0
326.96	117.0
360.44	117.0
379.52	117.0
391.88	117.0
409.32	117.0
424.84	117.0
446.4	117.0
499.04	117.0
517.8	117.0
713.4	117.0
834.12	117.0
1333.28	117.0
1478.04	117.0
309.0	118.0
311.64	118.0
413.36	119.0
308.52	120.0
347.36	120.0
381.16	120.0
414.64	120.0
419.68	120.0
434.28	120.0
719.8	120.0
798.6	120.0
1260.2	120.0
1305.48	120.0
1412.88	120.0
