302.84	96.0
305.52	96.0
308.64	96.0
345.44	96.0
445.12	96.0
302.6	97.0
349.48	97.0
306.28	97.0
379.28	97.0
967.72	97.0
351.8	98.0
302.48	99.0
306.6	99.0
328.52	99.0
392.48	99.0
426.36	99.0
534.84	99.0
562.08	99.0
586.0	99.0
741.04	99.0
793.16	99.0
841.44	99.0
895.24	99.0
959.0	99.0
1025.28	99.0
1028.08	99.0
1098.28	99.0
1228.96	99.0
1352.36	99.0
302.48	100.0
310.12	101.0
309.0	102.0
312.08	102.0
302.72	103.0
389.32	104.0
488.0	106.0
616.88	106.0
353.0	107.0
441.76	107.0
303.8	107.0
312.76	107.0
333.04	107.0
356.2	107.0
399.4	107.0
513.0	107.0
582.88	107.0
1029.16	107.0
1282.08	107.0
303.28	108.0
307.76	108.0
310.28	108.0
315.04	108.0
318.12	108.0
336.72	108.0
345.68	108.0
352.92	108.0
355.48	108.0
366.36	108.0
373.88	108.0
379.52	108.0
394.84	108.0
399.92	108.0
402.68	108.0
425.52	108.0
437.36	108.0
474.52	108.0
489.0	108.0
495.24	108.0
505.12	108.0
562.92	108.0
586.92	108.0
623.8	108.0
642.0	108.0
644.72	108.0
680.36	108.0
717.68	108.0
734.68	108.0
750.92	108.0
765.36	108.0
797.08	108.0
848.24	108.0
857.24	108.0
876.64	108.0
893.24	108.0
929.92	108.0
970.04	108.0
984.12	108.0
997.32	108.0
1084.44	108.0
1140.12	108.0
1142.92	108.0
1173.6	108.0
1199.76	108.0
1203.24	108.0
1260.44	108.0
1371.84	108.0
302.48	109.0
318.4	109.0
336.16	109.0
355.08	109.0
401.4	109.0
414.96	109.0
433.6	109.0
458.24	109.0
516.96	109.0
533.32	109.0
551.68	109.0
586.8	109.0
642.84	109.0
674.64	109.0
858.28	109.0
900.8	109.0
1053.52	109.0
1119.76	109.0
1234.04	109.0
1333.92	109.0
308.96	110.0
311.68	110.0
373.68	110.0
352.04	110.0
396.48	110.0
437.72	110.0
327.28	111.0
309.0	111.0
311.64	111.0
317.44	111.0
330.64	111.0
335.76	111.0
341.08	111.0
351.36	111.0
359.76	111.0
363.96	111.0
372.28	111.0
389.0	111.0
395.92	111.0
400.88	111.0
405.6	111.0
420.2	111.0
428.68	111.0
438.24	111.0
469.64	111.0
478.76	111.0
487.36	111.0
506.16	111.0
512.64	111.0
518.12	111.0
545.2	111.0
557.16	111.0
560.4	111.0
568.44	111.0
575.16	111.0
609.16	111.0
630.32	111.0
655.16	111.0
684.4	111.0
698.4	111.0
720.32	111.0
747.08	111.0
754.44	111.0
777.8	111.0
803.88	111.0
811.92	111.0
837.44	111.0
846.16	111.0
856.36	111.0
863.28	111.0
870.56	111.0
890.92	111.0
917.2	111.0
933.72	111.0
948.44	111.0
1015.8	111.0
1036.24	111.0
1051.0	111.0
1072.56	111.0
1079.2	111.0
1117.24	111.0
1129.12	111.0
1138.36	111.0
1147.72	111.0
1203.64	111.0
1211.64	111.0
1221.08	111.0
1239.96	111.0
1251.0	111.0
1282.84	111.0
1315.92	111.0
302.52	112.0
302.52	113.0
376.2	113.0
491.76	113.0
884.88	113.0
650.16	114.0
306.0	114.0
312.24	114.0
324.76	114.0
385.12	114.0
408.4	114.0
420.76	114.0
465.08	114.0
480.84	114.0
517.64	114.0
538.88	114.0
547.12	114.0
583.64	114.0
622.44	114.0
689.64	114.0
823.48	114.0
852.0	114.0
917.04	114.0
940.12	114.0
965.4	114.0
1002.88	114.0
1220.88	114.0
303.68	115.0
328.48	115.0
352.44	115.0
559.96	115.0
767.44	115.0
966.44	115.0
1107.6	115.0
1170.8	115.0
777.16	115.0
309.08	116.0
352.04	116.0
437.64	116.0
312.52	117.0
511.84	117.0
310.0	117.0
478.72	117.0
309.0	118.0
312.04	118.0
352.28	120.0
375.68	120.0
568.08	120.0
597.8	120.0
681.4	120.0
975.04	120.0
1261.44	120.0
