316.24	96.0
302.84	96.0
304.6	97.0
61.16	97.0
90.76	99.0
302.48	99.0
380.08	99.0
384.64	99.0
302.52	100.0
302.48	102.0
302.48	103.0
302.56	104.0
388.6	105.0
446.32	105.0
302.72	106.0
232.44	107.0
13.92	108.0
36.4	108.0
86.16	108.0
97.44	108.0
118.84	108.0
135.04	108.0
274.56	108.0
298.96	108.0
303.24	108.0
308.0	108.0
314.84	108.0
331.92	108.0
358.0	108.0
367.76	108.0
376.6	108.0
385.8	108.0
421.16	108.0
432.12	108.0
500.12	108.0
502.92	108.0
523.12	108.0
530.2	108.0
302.84	109.0
339.84	109.0
403.8	109.0
442.12	109.0
308.96	110.0
311.88	110.0
344.6	110.0
308.96	111.0
312.04	111.0
18.72	111.0
27.8	111.0
36.84	111.0
63.04	111.0
97.08	111.0
123.84	111.0
127.64	111.0
192.52	111.0
252.8	111.0
293.52	111.0
321.68	111.0
336.28	111.0
341.48	111.0
352.88	111.0
361.68	111.0
372.8	111.0
379.0	111.0
391.56	111.0
439.84	111.0
477.72	111.0
497.4	111.0
546.56	111.0
308.96	112.0
311.92	112.0
480.28	113.0
310.72	114.0
377.24	114.0
446.16	114.0
62.08	115.0
156.88	115.0
279.6	115.0
435.68	115.0
498.56	115.0
544.12	115.0
309.0	116.0
311.8	116.0
344.36	116.0
43.72	117.0
83.68	117.0
310.48	117.0
371.52	117.0
434.76	117.0
476.8	117.0
309.0	118.0
311.96	118.0
3.04	120.0
67.84	120.0
124.76	120.0
331.8	120.0
341.48	120.0
488.28	120.0
