311.92	96.0
302.48	96.0
378.96	96.0
305.6	97.0
314.52	97.0
388.32	97.0
486.8	97.0
768.16	97.0
1385.44	97.0
302.48	99.0
337.48	99.0
390.88	99.0
405.4	99.0
473.16	99.0
507.16	99.0
612.24	99.0
701.24	99.0
743.6	99.0
806.96	99.0
874.0	99.0
1015.48	99.0
1353.28	99.0
302.48	100.0
302.48	102.0
302.48	103.0
302.48	104.0
307.16	105.0
484.08	105.0
412.56	105.0
1025.4	105.0
544.56	106.0
302.52	107.0
951.16	107.0
306.08	107.0
325.72	107.0
371.96	107.0
577.32	107.0
688.04	107.0
1075.4	107.0
367.28	108.0
370.0	108.0
398.36	108.0
401.32	108.0
302.48	108.0
307.68	108.0
313.48	108.0
316.88	108.0
343.12	108.0
374.76	108.0
389.28	108.0
429.16	108.0
434.32	108.0
437.8	108.0
454.72	108.0
459.84	108.0
469.48	108.0
483.8	108.0
511.96	108.0
523.52	108.0
543.0	108.0
557.88	108.0
568.28	108.0
585.88	108.0
604.96	108.0
607.56	108.0
610.4	108.0
637.6	108.0
667.04	108.0
685.76	108.0
710.04	108.0
712.92	108.0
731.44	108.0
762.48	108.0
787.84	108.0
798.44	108.0
857.12	108.0
871.08	108.0
876.2	108.0
990.44	108.0
1012.28	108.0
1025.48	108.0
1063.72	108.0
1070.0	108.0
1081.12	108.0
1228.84	108.0
1321.04	108.0
302.56	109.0
308.16	109.0
334.48	109.0
354.36	109.0
378.28	109.0
415.92	109.0
438.52	109.0
461.24	109.0
504.64	109.0
536.56	109.0
564.64	109.0
592.4	109.0
639.6	109.0
674.64	109.0
696.56	109.0
759.64	109.0
808.08	109.0
880.24	109.0
921.4	109.0
1025.68	109.0
1258.2	109.0
1314.76	109.0
308.96	110.0
311.76	110.0
478.12	110.0
527.76	110.0
369.64	110.0
436.52	110.0
309.0	111.0
311.72	111.0
332.72	111.0
322.08	111.0
326.6	111.0
329.4	111.0
341.12	111.0
348.2	111.0
353.64	111.0
360.92	111.0
366.8	111.0
371.48	111.0
383.24	111.0
389.28	111.0
398.76	111.0
408.04	111.0
420.84	111.0
427.44	111.0
433.28	111.0
437.32	111.0
462.88	111.0
477.96	111.0
486.8	111.0
500.36	111.0
512.24	111.0
528.96	111.0
542.32	111.0
547.28	111.0
568.2	111.0
595.88	111.0
613.84	111.0
621.0	111.0
641.6	111.0
661.12	111.0
691.16	111.0
698.84	111.0
705.96	111.0
724.68	111.0
757.88	111.0
763.0	111.0
772.6	111.0
781.64	111.0
801.76	111.0
812.28	111.0
846.48	111.0
908.96	111.0
957.6	111.0
964.32	111.0
1000.92	111.0
1006.04	111.0
1024.8	111.0
1047.72	111.0
1058.72	111.0
1080.16	111.0
1093.68	111.0
1102.96	111.0
1114.84	111.0
1149.0	111.0
1166.36	111.0
1184.8	111.0
1216.84	111.0
1225.28	111.0
1237.68	111.0
1251.88	111.0
1270.04	111.0
1295.6	111.0
1341.56	111.0
308.96	112.0
311.76	112.0
378.08	112.0
631.04	112.0
317.48	113.0
334.6	113.0
444.32	113.0
508.24	113.0
658.24	113.0
896.08	113.0
1029.84	113.0
310.08	114.0
335.2	114.0
716.52	114.0
304.08	114.0
315.2	114.0
326.08	114.0
353.6	114.0
401.68	114.0
412.32	114.0
427.68	114.0
459.24	114.0
484.2	114.0
502.08	114.0
540.76	114.0
583.48	114.0
620.6	114.0
657.52	114.0
701.8	114.0
885.96	114.0
981.04	114.0
1025.16	114.0
303.12	115.0
399.4	115.0
1144.16	115.0
1206.52	115.0
1385.64	115.0
347.56	115.0
309.0	116.0
311.8	116.0
369.56	116.0
436.4	116.0
1025.36	116.0
310.56	117.0
316.68	117.0
351.6	117.0
354.36	117.0
420.32	117.0
431.36	117.0
500.48	117.0
512.84	117.0
523.28	117.0
533.16	117.0
576.16	117.0
617.6	117.0
621.48	117.0
625.16	117.0
690.72	117.0
694.32	117.0
762.04	117.0
764.88	117.0
1339.64	117.0
309.04	118.0
312.0	118.0
308.4	120.0
349.12	120.0
375.48	120.0
406.24	120.0
421.68	120.0
474.12	120.0
574.16	120.0
584.56	120.0
693.56	120.0
731.68	120.0
737.2	120.0
981.4	120.0
