511.52	96.0
554.24	96.0
304.52	97.0
778.2	97.0
347.12	97.0
599.04	97.0
646.6	97.0
328.52	99.0
346.52	99.0
411.88	99.0
608.84	99.0
686.24	99.0
714.4	99.0
786.64	99.0
852.04	99.0
905.96	99.0
994.84	99.0
1072.84	99.0
1121.64	99.0
326.8	103.0
303.88	107.0
343.72	107.0
367.12	107.0
471.28	107.0
500.0	107.0
670.48	107.0
1286.24	107.0
310.12	108.0
344.24	108.0
521.52	108.0
530.44	108.0
683.72	108.0
307.12	108.0
327.88	108.0
348.96	108.0
354.08	108.0
358.92	108.0
371.12	108.0
375.4	108.0
385.36	108.0
393.2	108.0
407.28	108.0
410.88	108.0
429.08	108.0
435.8	108.0
461.52	108.0
465.0	108.0
481.84	108.0
489.76	108.0
506.96	108.0
537.6	108.0
540.12	108.0
548.72	108.0
556.28	108.0
573.24	108.0
594.2	108.0
632.52	108.0
642.12	108.0
677.48	108.0
680.28	108.0
723.52	108.0
760.8	108.0
771.88	108.0
809.32	108.0
836.0	108.0
860.8	108.0
871.64	108.0
886.8	108.0
952.4	108.0
1001.08	108.0
1040.64	108.0
1114.24	108.0
1120.72	108.0
1170.12	108.0
1289.24	108.0
1347.08	108.0
1363.04	108.0
327.64	109.0
342.24	109.0
358.92	109.0
378.16	109.0
400.68	109.0
418.28	109.0
444.8	109.0
449.84	109.0
499.6	109.0
518.72	109.0
538.8	109.0
571.76	109.0
613.32	109.0
632.48	109.0
677.12	109.0
723.16	109.0
760.36	109.0
780.96	109.0
831.2	109.0
855.64	109.0
1008.44	109.0
1075.56	109.0
1188.48	109.0
309.0	110.0
311.8	110.0
327.76	110.0
342.16	110.0
308.92	111.0
311.72	111.0
316.2	111.0
320.52	111.0
331.32	111.0
350.96	111.0
360.88	111.0
365.72	111.0
370.84	111.0
390.4	111.0
419.12	111.0
430.32	111.0
448.8	111.0
454.32	111.0
460.28	111.0
478.32	111.0
483.52	111.0
503.68	111.0
508.88	111.0
520.44	111.0
562.36	111.0
578.72	111.0
586.0	111.0
595.88	111.0
606.64	111.0
617.76	111.0
639.08	111.0
650.68	111.0
659.2	111.0
672.44	111.0
697.36	111.0
710.68	111.0
718.68	111.0
742.0	111.0
751.2	111.0
781.56	111.0
802.0	111.0
814.64	111.0
863.8	111.0
870.6	111.0
892.32	111.0
899.56	111.0
916.12	111.0
926.68	111.0
944.28	111.0
960.08	111.0
974.88	111.0
993.04	111.0
1009.04	111.0
1017.08	111.0
1027.8	111.0
1059.04	111.0
1085.76	111.0
1101.8	111.0
1120.96	111.0
1151.6	111.0
1169.84	111.0
1194.52	111.0
1214.84	111.0
1256.56	111.0
1274.6	111.0
1316.8	111.0
1330.44	111.0
309.0	112.0
311.8	112.0
373.04	112.0
347.52	112.0
330.4	113.0
341.8	113.0
372.0	113.0
401.2	113.0
472.56	113.0
574.92	113.0
621.24	113.0
649.64	113.0
684.48	113.0
914.8	113.0
1005.44	113.0
406.6	114.0
991.32	114.0
1128.92	114.0
329.76	114.0
336.12	114.0
349.08	114.0
363.4	114.0
379.76	114.0
414.08	114.0
417.92	114.0
436.32	114.0
444.56	114.0
464.24	114.0
532.2	114.0
536.52	114.0
539.84	114.0
586.24	114.0
635.44	114.0
965.36	114.0
303.28	115.0
563.48	115.0
695.04	115.0
842.4	115.0
1169.64	115.0
1216.72	115.0
1310.4	115.0
546.36	115.0
309.0	116.0
311.92	116.0
314.44	116.0
327.04	116.0
504.28	116.0
632.92	116.0
310.52	117.0
340.96	117.0
378.4	117.0
395.92	117.0
499.0	117.0
316.84	117.0
329.4	117.0
370.12	117.0
468.84	117.0
473.24	117.0
479.84	117.0
514.68	117.0
517.8	117.0
521.04	117.0
559.6	117.0
579.72	117.0
591.4	117.0
594.52	117.0
642.76	117.0
696.08	117.0
719.32	117.0
309.0	118.0
311.52	118.0
307.84	120.0
330.36	120.0
380.32	120.0
403.56	120.0
428.48	120.0
482.4	120.0
499.4	120.0
554.44	120.0
659.88	120.0
716.4	120.0
824.72	120.0
1071.56	120.0
