323.08	96.0
364.32	96.0
305.28	96.0
329.08	96.0
389.36	96.0
314.48	97.0
328.32	97.0
584.48	97.0
671.36	97.0
328.52	99.0
360.28	99.0
385.16	99.0
422.48	99.0
449.36	99.0
556.84	99.0
565.52	99.0
627.76	99.0
706.56	99.0
767.52	99.0
801.2	99.0
819.16	99.0
939.68	99.0
1003.48	99.0
1127.56	99.0
378.04	103.0
350.2	105.0
312.0	107.0
342.76	107.0
377.12	107.0
303.68	107.0
317.6	107.0
469.32	107.0
1203.2	107.0
1306.64	107.0
303.2	108.0
306.4	108.0
412.32	108.0
310.64	108.0
328.08	108.0
333.76	108.0
341.16	108.0
348.76	108.0
356.36	108.0
360.12	108.0
365.8	108.0
377.2	108.0
380.68	108.0
393.6	108.0
406.44	108.0
429.04	108.0
432.84	108.0
436.16	108.0
451.6	108.0
481.68	108.0
485.64	108.0
488.88	108.0
520.88	108.0
528.8	108.0
547.72	108.0
551.72	108.0
566.4	108.0
568.96	108.0
588.28	108.0
592.6	108.0
601.92	108.0
610.16	108.0
620.48	108.0
645.68	108.0
656.08	108.0
660.92	108.0
675.52	108.0
702.04	108.0
719.0	108.0
792.88	108.0
810.04	108.0
834.16	108.0
843.08	108.0
888.36	108.0
925.52	108.0
932.32	108.0
950.6	108.0
959.04	108.0
980.48	108.0
992.92	108.0
1008.96	108.0
1017.64	108.0
1024.92	108.0
1065.6	108.0
1076.84	108.0
1086.0	108.0
1106.68	108.0
1194.88	108.0
1201.52	108.0
1292.84	108.0
1299.44	108.0
1302.28	108.0
1308.16	108.0
317.44	109.0
335.2	109.0
348.4	109.0
361.4	109.0
373.68	109.0
430.52	109.0
451.88	109.0
568.36	109.0
591.96	109.0
611.2	109.0
661.96	109.0
681.68	109.0
722.76	109.0
745.8	109.0
771.08	109.0
815.96	109.0
848.76	109.0
885.88	109.0
1080.76	109.0
1147.92	109.0
1207.92	109.0
1322.16	109.0
309.0	110.0
312.12	110.0
357.24	110.0
406.2	110.0
309.0	111.0
312.12	111.0
315.76	111.0
320.36	111.0
323.24	111.0
326.0	111.0
331.28	111.0
334.72	111.0
346.08	111.0
384.0	111.0
390.32	111.0
411.56	111.0
416.36	111.0
421.8	111.0
438.64	111.0
448.6	111.0
455.04	111.0
465.8	111.0
471.96	111.0
478.68	111.0
484.08	111.0
493.32	111.0
500.8	111.0
511.2	111.0
521.68	111.0
547.12	111.0
553.28	111.0
564.64	111.0
583.8	111.0
590.92	111.0
602.12	111.0
621.88	111.0
631.36	111.0
646.76	111.0
688.28	111.0
707.12	111.0
730.76	111.0
736.96	111.0
746.64	111.0
761.24	111.0
767.6	111.0
781.8	111.0
828.4	111.0
833.68	111.0
854.96	111.0
874.32	111.0
888.6	111.0
970.52	111.0
998.92	111.0
1018.52	111.0
1026.4	111.0
1040.08	111.0
1079.32	111.0
1092.36	111.0
1126.2	111.0
1143.4	111.0
1150.6	111.0
1219.24	111.0
1272.88	111.0
1284.12	111.0
1294.16	111.0
1324.76	111.0
1337.04	111.0
1360.6	111.0
308.96	112.0
312.08	112.0
417.04	112.0
362.64	112.0
315.48	113.0
327.36	113.0
365.72	113.0
416.56	113.0
566.44	113.0
693.52	113.0
943.4	113.0
621.16	114.0
760.04	114.0
304.36	114.0
327.4	114.0
334.24	114.0
350.04	114.0
374.32	114.0
414.04	114.0
442.56	114.0
454.52	114.0
496.32	114.0
569.36	114.0
607.48	114.0
676.84	114.0
703.48	114.0
751.92	114.0
826.04	114.0
937.6	114.0
732.76	115.0
908.68	115.0
1122.48	115.0
1173.64	115.0
1244.12	115.0
1321.32	115.0
308.96	116.0
311.92	116.0
357.16	116.0
406.16	116.0
310.52	117.0
316.08	117.0
343.32	117.0
323.84	117.0
330.28	117.0
355.44	117.0
374.28	117.0
385.8	117.0
395.44	117.0
422.4	117.0
436.84	117.0
446.2	117.0
488.04	117.0
567.32	117.0
579.68	117.0
619.6	117.0
667.96	117.0
746.08	117.0
959.96	117.0
309.0	118.0
312.08	118.0
303.76	120.0
315.28	120.0
388.44	120.0
405.28	120.0
424.2	120.0
428.12	120.0
490.56	120.0
500.76	120.0
523.88	120.0
564.88	120.0
706.96	120.0
760.76	120.0
860.44	120.0
922.24	120.0
