302.84	96.0
305.36	96.0
305.96	97.0
624.08	97.0
894.72	97.0
302.48	99.0
305.96	99.0
325.48	99.0
374.04	99.0
395.48	99.0
411.32	99.0
434.28	99.0
536.72	99.0
590.36	99.0
675.4	99.0
725.68	99.0
770.12	99.0
795.72	99.0
840.2	99.0
935.72	99.0
1010.4	99.0
1055.2	99.0
1175.64	99.0
302.48	100.0
302.48	102.0
302.48	103.0
302.48	104.0
386.72	105.0
406.56	105.0
518.88	106.0
559.24	106.0
302.48	107.0
392.04	107.0
986.12	107.0
349.2	107.0
443.6	107.0
478.52	107.0
1097.36	107.0
1254.88	107.0
303.24	108.0
318.28	108.0
349.88	108.0
307.44	108.0
330.44	108.0
343.76	108.0
361.52	108.0
364.08	108.0
377.88	108.0
386.28	108.0
390.32	108.0
398.76	108.0
412.56	108.0
421.72	108.0
434.04	108.0
441.56	108.0
444.8	108.0
448.28	108.0
457.04	108.0
477.68	108.0
497.44	108.0
515.2	108.0
544.88	108.0
571.68	108.0
580.4	108.0
591.6	108.0
600.8	108.0
624.12	108.0
632.52	108.0
660.56	108.0
666.36	108.0
691.32	108.0
698.36	108.0
722.16	108.0
750.4	108.0
754.56	108.0
766.96	108.0
796.68	108.0
851.64	108.0
857.88	108.0
890.04	108.0
894.12	108.0
951.64	108.0
961.72	108.0
1067.0	108.0
1073.48	108.0
1120.6	108.0
1143.56	108.0
1147.16	108.0
1183.16	108.0
1203.88	108.0
1215.08	108.0
1243.24	108.0
1321.96	108.0
302.48	109.0
315.76	109.0
328.0	109.0
342.48	109.0
400.0	109.0
442.64	109.0
544.44	109.0
591.24	109.0
644.64	109.0
689.44	109.0
772.56	109.0
814.4	109.0
859.72	109.0
896.0	109.0
961.36	109.0
1123.16	109.0
1179.28	109.0
1269.32	109.0
1367.04	109.0
308.96	110.0
312.2	110.0
332.36	110.0
366.12	110.0
434.56	110.0
481.72	110.0
592.36	110.0
309.0	111.0
311.72	111.0
315.48	111.0
319.0	111.0
322.32	111.0
326.32	111.0
331.4	111.0
335.4	111.0
341.68	111.0
351.28	111.0
359.52	111.0
367.4	111.0
372.32	111.0
386.92	111.0
411.04	111.0
416.32	111.0
421.08	111.0
435.68	111.0
456.4	111.0
481.84	111.0
487.48	111.0
493.92	111.0
540.6	111.0
554.0	111.0
559.36	111.0
576.32	111.0
585.84	111.0
592.8	111.0
602.16	111.0
652.84	111.0
676.2	111.0
716.32	111.0
724.8	111.0
735.28	111.0
772.0	111.0
778.84	111.0
784.32	111.0
803.16	111.0
828.28	111.0
836.12	111.0
845.4	111.0
863.96	111.0
880.04	111.0
887.96	111.0
904.72	111.0
927.8	111.0
979.0	111.0
1008.48	111.0
1019.88	111.0
1058.16	111.0
1068.72	111.0
1099.84	111.0
1146.96	111.0
1181.88	111.0
1212.32	111.0
1218.68	111.0
1238.08	111.0
1248.84	111.0
1260.44	111.0
1286.2	111.0
1321.64	111.0
1330.0	111.0
1369.84	111.0
1381.08	111.0
308.96	112.0
311.64	112.0
460.44	112.0
652.28	112.0
302.68	113.0
308.2	113.0
438.0	113.0
800.96	113.0
1163.6	113.0
304.28	114.0
311.0	114.0
346.96	114.0
372.0	114.0
381.28	114.0
406.48	114.0
438.56	114.0
505.92	114.0
615.52	114.0
632.2	114.0
673.6	114.0
858.4	114.0
885.52	114.0
981.48	114.0
1236.52	114.0
303.4	115.0
342.0	115.0
468.4	115.0
1095.24	115.0
1142.16	115.0
1211.88	115.0
1321.44	115.0
309.76	115.0
433.96	115.0
309.0	116.0
312.28	116.0
342.2	116.0
366.04	116.0
434.48	116.0
310.48	117.0
518.84	117.0
319.84	117.0
333.56	117.0
361.48	117.0
372.84	117.0
377.4	117.0
383.56	117.0
397.36	117.0
404.96	117.0
445.6	117.0
484.24	117.0
559.0	117.0
642.56	117.0
669.72	117.0
844.44	117.0
1344.6	117.0
308.96	118.0
311.84	118.0
1021.68	119.0
437.92	120.0
332.88	120.0
341.96	120.0
368.8	120.0
381.64	120.0
395.84	120.0
459.2	120.0
487.44	120.0
565.04	120.0
587.52	120.0
697.48	120.0
716.84	120.0
769.52	120.0
853.24	120.0
