310.64	96.0
456.92	96.0
302.48	96.0
330.24	96.0
305.92	97.0
302.76	97.0
686.8	97.0
850.68	97.0
302.48	99.0
338.56	99.0
389.72	99.0
593.72	99.0
758.28	99.0
1126.8	99.0
302.48	100.0
302.48	102.0
302.52	103.0
302.6	104.0
599.4	104.0
423.68	105.0
302.56	107.0
339.64	107.0
633.12	107.0
359.8	107.0
479.68	107.0
994.08	107.0
601.52	108.0
936.96	108.0
960.32	108.0
1024.88	108.0
302.48	108.0
307.84	108.0
310.4	108.0
313.44	108.0
324.96	108.0
328.8	108.0
342.88	108.0
348.64	108.0
362.48	108.0
390.8	108.0
396.6	108.0
401.76	108.0
404.92	108.0
434.08	108.0
438.36	108.0
449.2	108.0
457.2	108.0
480.24	108.0
514.52	108.0
522.16	108.0
533.36	108.0
544.44	108.0
547.44	108.0
552.04	108.0
574.72	108.0
591.24	108.0
604.84	108.0
616.96	108.0
631.24	108.0
637.76	108.0
642.16	108.0
671.84	108.0
688.16	108.0
691.96	108.0
694.72	108.0
776.0	108.0
783.32	108.0
810.96	108.0
831.6	108.0
854.16	108.0
865.04	108.0
886.36	108.0
913.88	108.0
984.28	108.0
1040.08	108.0
1066.6	108.0
1236.32	108.0
1260.64	108.0
303.76	109.0
340.8	109.0
404.6	109.0
444.2	109.0
504.36	109.0
544.08	109.0
579.44	109.0
612.56	109.0
632.4	109.0
700.52	109.0
728.44	109.0
817.36	109.0
943.28	109.0
1162.6	109.0
308.96	110.0
311.68	110.0
471.36	110.0
681.28	110.0
308.96	111.0
311.68	111.0
315.68	111.0
318.96	111.0
338.36	111.0
353.08	111.0
356.28	111.0
360.84	111.0
369.8	111.0
393.72	111.0
405.44	111.0
413.4	111.0
423.0	111.0
436.36	111.0
450.04	111.0
454.48	111.0
467.44	111.0
480.72	111.0
485.0	111.0
490.32	111.0
497.4	111.0
523.52	111.0
529.92	111.0
535.24	111.0
547.6	111.0
560.4	111.0
571.92	111.0
576.56	111.0
584.8	111.0
591.28	111.0
615.84	111.0
626.4	111.0
632.6	111.0
665.52	111.0
680.64	111.0
690.76	111.0
701.88	111.0
711.64	111.0
729.6	111.0
752.36	111.0
783.12	111.0
833.28	111.0
846.44	111.0
863.84	111.0
870.44	111.0
885.04	111.0
905.12	111.0
929.92	111.0
945.12	111.0
959.96	111.0
967.28	111.0
990.32	111.0
1007.84	111.0
1024.76	111.0
1039.6	111.0
1050.88	111.0
1060.88	111.0
1072.72	111.0
1105.2	111.0
1122.04	111.0
1138.32	111.0
1171.0	111.0
1193.28	111.0
1211.16	111.0
1219.32	111.0
1241.68	111.0
1264.76	111.0
1313.2	111.0
308.96	112.0
312.0	112.0
811.0	112.0
315.04	112.0
310.28	113.0
369.92	113.0
436.56	113.0
489.92	113.0
528.88	113.0
620.52	113.0
860.28	113.0
1297.2	113.0
302.48	114.0
348.68	114.0
362.32	114.0
454.2	114.0
310.24	114.0
323.92	114.0
357.76	114.0
368.68	114.0
423.44	114.0
450.28	114.0
513.84	114.0
528.12	114.0
584.56	114.0
646.6	114.0
700.44	114.0
757.84	114.0
812.2	114.0
868.76	114.0
892.8	114.0
963.76	114.0
1376.24	114.0
303.56	115.0
324.56	115.0
750.28	115.0
961.72	115.0
1091.68	115.0
1159.64	115.0
1288.92	115.0
1341.36	115.0
929.88	116.0
309.0	116.0
311.76	116.0
328.0	116.0
356.96	116.0
1145.4	116.0
310.48	117.0
316.56	117.0
523.92	117.0
1065.92	117.0
328.16	117.0
336.48	117.0
379.48	117.0
489.68	117.0
515.04	117.0
526.44	117.0
535.8	117.0
607.36	117.0
685.44	117.0
847.04	117.0
309.0	118.0
311.88	118.0
308.68	120.0
350.0	120.0
691.96	120.0
819.44	120.0
