331.88	96.0
348.48	96.0
381.88	96.0
401.08	96.0
412.16	96.0
427.08	96.0
302.44	96.0
316.72	96.0
378.24	96.0
508.4	96.0
302.6	97.0
388.36	97.0
312.16	97.0
330.04	97.0
686.24	97.0
302.48	99.0
323.16	99.0
343.0	99.0
379.04	99.0
426.84	99.0
448.52	99.0
470.76	99.0
488.24	99.0
530.32	99.0
767.32	99.0
814.24	99.0
881.16	99.0
930.04	99.0
954.32	99.0
996.8	99.0
1031.12	99.0
1092.24	99.0
1176.52	99.0
1242.96	99.0
1420.04	99.0
302.48	100.0
372.76	101.0
310.16	101.0
309.0	102.0
312.04	102.0
328.2	103.0
302.68	103.0
307.92	105.0
311.68	107.0
327.36	107.0
411.2	107.0
433.6	107.0
461.16	107.0
656.84	107.0
806.44	107.0
1220.64	107.0
412.16	108.0
507.56	108.0
303.44	108.0
308.24	108.0
313.88	108.0
319.04	108.0
328.4	108.0
333.12	108.0
336.92	108.0
349.96	108.0
353.52	108.0
362.52	108.0
384.28	108.0
386.8	108.0
391.88	108.0
396.4	108.0
420.88	108.0
432.32	108.0
440.88	108.0
467.68	108.0
494.76	108.0
529.6	108.0
535.56	108.0
558.32	108.0
585.48	108.0
597.16	108.0
609.88	108.0
615.68	108.0
627.56	108.0
650.32	108.0
709.28	108.0
754.68	108.0
783.2	108.0
833.24	108.0
860.28	108.0
895.96	108.0
905.0	108.0
913.48	108.0
959.32	108.0
1010.88	108.0
1029.56	108.0
1053.88	108.0
1124.92	108.0
1134.44	108.0
1181.6	108.0
1197.88	108.0
1214.88	108.0
1271.24	108.0
1304.12	108.0
1357.76	108.0
1421.16	108.0
1424.36	108.0
302.72	109.0
315.2	109.0
336.04	109.0
360.44	109.0
411.12	109.0
441.48	109.0
460.28	109.0
487.08	109.0
506.6	109.0
536.08	109.0
556.32	109.0
574.12	109.0
587.08	109.0
657.48	109.0
688.24	109.0
785.32	109.0
859.36	109.0
954.16	109.0
1083.4	109.0
1370.56	109.0
1424.16	109.0
308.96	110.0
311.84	110.0
323.4	110.0
440.64	110.0
524.96	110.0
558.68	110.0
787.88	110.0
883.96	110.0
1166.28	110.0
325.92	110.0
365.08	110.0
373.52	110.0
411.44	110.0
457.44	110.0
466.92	110.0
507.84	110.0
582.56	110.0
309.0	111.0
311.76	111.0
321.24	111.0
325.76	111.0
329.24	111.0
339.52	111.0
350.08	111.0
354.08	111.0
360.28	111.0
369.6	111.0
386.12	111.0
389.36	111.0
396.2	111.0
410.76	111.0
414.8	111.0
431.44	111.0
437.88	111.0
446.36	111.0
451.68	111.0
463.8	111.0
470.76	111.0
476.84	111.0
498.32	111.0
522.08	111.0
528.8	111.0
539.12	111.0
554.12	111.0
558.6	111.0
572.72	111.0
582.04	111.0
609.88	111.0
634.2	111.0
648.04	111.0
657.44	111.0
663.92	111.0
718.52	111.0
732.4	111.0
769.44	111.0
778.68	111.0
797.64	111.0
818.12	111.0
828.68	111.0
852.92	111.0
862.56	111.0
880.76	111.0
922.92	111.0
944.36	111.0
995.0	111.0
1023.2	111.0
1039.04	111.0
1061.8	111.0
1068.08	111.0
1088.48	111.0
1121.84	111.0
1133.52	111.0
1141.64	111.0
1166.16	111.0
1182.48	111.0
1196.48	111.0
1210.12	111.0
1223.92	111.0
1263.4	111.0
1270.6	111.0
1279.44	111.0
1289.92	111.0
1311.76	111.0
1333.24	111.0
1382.84	111.0
1390.8	111.0
1415.2	111.0
1430.04	111.0
1458.76	111.0
302.48	112.0
405.0	113.0
1138.32	113.0
1410.2	113.0
323.88	114.0
356.64	114.0
378.8	114.0
401.24	114.0
418.0	114.0
513.88	114.0
539.88	114.0
562.68	114.0
599.64	114.0
639.92	114.0
680.68	114.0
899.52	114.0
303.76	115.0
347.72	115.0
409.04	115.0
945.8	115.0
1022.56	115.0
1120.48	115.0
1244.44	115.0
1354.96	115.0
1415.72	115.0
302.48	116.0
325.8	116.0
411.36	116.0
457.36	116.0
507.72	116.0
1415.72	116.0
308.96	117.0
311.88	117.0
368.72	117.0
574.52	117.0
364.64	117.0
309.0	118.0
311.8	118.0
505.24	119.0
527.2	119.0
314.12	120.0
343.48	120.0
360.76	120.0
575.8	120.0
621.04	120.0
756.0	120.0
922.6	120.0
1133.84	120.0
1316.4	120.0
