583.6	96.0
625.4	96.0
302.48	96.0
305.4	97.0
302.48	97.0
319.8	97.0
409.24	97.0
560.88	97.0
1092.12	97.0
302.48	99.0
328.12	99.0
414.88	99.0
560.56	99.0
633.28	99.0
782.6	99.0
830.92	99.0
912.16	99.0
1018.52	99.0
1105.32	99.0
1177.48	99.0
1281.88	99.0
302.52	100.0
312.68	101.0
310.04	101.0
309.0	102.0
311.72	102.0
343.92	103.0
302.52	103.0
315.68	103.0
640.48	103.0
305.48	107.0
316.28	107.0
359.28	107.0
405.24	107.0
515.08	107.0
582.44	107.0
988.2	107.0
1159.0	107.0
346.48	108.0
303.72	108.0
308.28	108.0
313.2	108.0
316.84	108.0
329.24	108.0
332.04	108.0
343.2	108.0
349.44	108.0
392.64	108.0
396.36	108.0
404.36	108.0
411.16	108.0
427.48	108.0
447.88	108.0
452.48	108.0
482.12	108.0
487.2	108.0
501.44	108.0
527.56	108.0
538.92	108.0
549.96	108.0
593.4	108.0
602.88	108.0
649.12	108.0
669.24	108.0
714.2	108.0
750.16	108.0
765.96	108.0
806.72	108.0
913.2	108.0
918.0	108.0
939.8	108.0
1030.84	108.0
1076.0	108.0
1133.84	108.0
1137.2	108.0
1237.32	108.0
1293.92	108.0
302.48	109.0
336.36	109.0
385.64	109.0
410.48	109.0
426.08	109.0
503.84	109.0
550.88	109.0
749.72	109.0
806.0	109.0
965.24	109.0
1066.56	109.0
1311.32	109.0
309.0	110.0
311.96	110.0
397.44	110.0
531.28	110.0
595.92	110.0
464.48	110.0
552.76	110.0
309.04	111.0
311.68	111.0
322.88	111.0
329.48	111.0
342.48	111.0
347.48	111.0
356.44	111.0
365.12	111.0
374.88	111.0
387.4	111.0
392.4	111.0
406.36	111.0
424.04	111.0
435.88	111.0
447.24	111.0
456.96	111.0
464.16	111.0
474.72	111.0
482.32	111.0
499.08	111.0
504.96	111.0
516.8	111.0
527.4	111.0
536.8	111.0
546.8	111.0
552.44	111.0
577.0	111.0
593.88	111.0
605.04	111.0
612.6	111.0
639.44	111.0
668.8	111.0
678.52	111.0
698.12	111.0
705.88	111.0
747.36	111.0
756.76	111.0
768.96	111.0
780.72	111.0
790.12	111.0
806.52	111.0
826.24	111.0
838.88	111.0
852.28	111.0
882.6	111.0
914.28	111.0
932.96	111.0
943.08	111.0
959.08	111.0
983.04	111.0
1006.52	111.0
1017.68	111.0
1041.88	111.0
1057.6	111.0
1067.52	111.0
1074.64	111.0
1087.16	111.0
1094.36	111.0
1097.84	111.0
1103.92	111.0
1128.64	111.0
1163.52	111.0
1175.28	111.0
1239.44	111.0
1252.08	111.0
1272.0	111.0
1287.48	111.0
1305.2	111.0
1315.4	111.0
1338.72	111.0
1346.96	111.0
302.48	112.0
352.52	112.0
311.6	112.0
315.12	112.0
310.2	113.0
317.04	113.0
375.6	113.0
604.52	113.0
441.2	114.0
327.24	114.0
350.92	114.0
375.72	114.0
422.28	114.0
561.56	114.0
578.4	114.0
610.36	114.0
633.96	114.0
667.92	114.0
671.36	114.0
695.2	114.0
789.96	114.0
874.12	114.0
1066.32	114.0
1072.12	114.0
1220.76	114.0
304.36	115.0
421.28	115.0
446.6	115.0
911.12	115.0
1007.68	115.0
1129.64	115.0
1267.92	115.0
1340.2	115.0
552.64	116.0
449.04	117.0
309.96	117.0
315.08	117.0
347.16	117.0
423.28	117.0
491.76	117.0
1042.44	117.0
309.0	118.0
312.32	118.0
396.16	119.0
473.16	120.0
683.24	120.0
736.24	120.0
773.92	120.0
828.0	120.0
