358.4	96.0
403.88	96.0
461.28	96.0
475.6	96.0
602.8	96.0
302.48	96.0
305.6	97.0
404.76	97.0
525.68	97.0
562.6	97.0
302.48	97.0
330.04	97.0
442.4	97.0
575.04	97.0
756.32	97.0
809.76	97.0
960.92	97.0
302.48	99.0
315.48	99.0
359.12	99.0
419.0	99.0
513.2	99.0
596.28	99.0
704.28	99.0
726.76	99.0
755.28	99.0
810.44	99.0
846.32	99.0
870.4	99.0
906.64	99.0
935.04	99.0
1013.2	99.0
1069.64	99.0
1105.88	99.0
1227.96	99.0
1300.72	99.0
1401.16	99.0
302.48	100.0
312.8	101.0
310.08	101.0
309.0	102.0
312.12	102.0
302.72	103.0
460.96	105.0
1057.56	105.0
404.68	106.0
476.56	106.0
525.64	106.0
562.56	106.0
623.08	106.0
668.4	106.0
714.96	106.0
809.04	106.0
894.88	106.0
339.2	107.0
312.56	107.0
328.8	107.0
358.56	107.0
385.56	107.0
454.28	107.0
483.48	107.0
510.96	107.0
1043.88	107.0
310.16	108.0
479.64	108.0
303.48	108.0
307.64	108.0
326.88	108.0
340.08	108.0
349.12	108.0
359.08	108.0
361.6	108.0
379.6	108.0
399.4	108.0
414.2	108.0
417.12	108.0
425.08	108.0
428.08	108.0
435.12	108.0
442.08	108.0
513.24	108.0
529.44	108.0
539.24	108.0
541.76	108.0
554.76	108.0
572.48	108.0
591.08	108.0
603.92	108.0
614.24	108.0
616.76	108.0
681.28	108.0
684.84	108.0
700.48	108.0
714.44	108.0
724.52	108.0
727.44	108.0
736.2	108.0
770.12	108.0
780.84	108.0
825.36	108.0
832.04	108.0
835.16	108.0
862.48	108.0
949.8	108.0
954.0	108.0
1011.04	108.0
1016.2	108.0
1020.04	108.0
1038.76	108.0
1153.52	108.0
1164.56	108.0
1255.12	108.0
1269.2	108.0
1273.96	108.0
1329.68	108.0
1350.76	108.0
1390.16	108.0
1457.96	108.0
302.64	109.0
315.0	109.0
328.56	109.0
366.48	109.0
401.92	109.0
487.56	109.0
546.32	109.0
605.16	109.0
616.36	109.0
635.24	109.0
714.56	109.0
755.2	109.0
865.0	109.0
896.28	109.0
964.16	109.0
994.52	109.0
1040.32	109.0
1088.6	109.0
1470.88	109.0
308.96	110.0
311.8	110.0
344.0	110.0
401.16	110.0
500.04	110.0
535.88	110.0
617.12	110.0
833.96	110.0
1270.84	110.0
315.96	110.0
325.24	110.0
416.56	110.0
476.76	110.0
735.68	110.0
309.0	111.0
312.32	111.0
321.88	111.0
336.88	111.0
340.84	111.0
349.68	111.0
355.64	111.0
372.88	111.0
380.0	111.0
395.12	111.0
400.96	111.0
414.92	111.0
419.6	111.0
428.48	111.0
434.48	111.0
440.6	111.0
449.76	111.0
457.6	111.0
464.12	111.0
478.56	111.0
484.04	111.0
499.84	111.0
505.76	111.0
514.08	111.0
532.2	111.0
538.24	111.0
553.56	111.0
561.76	111.0
571.72	111.0
579.08	111.0
591.84	111.0
605.68	111.0
629.92	111.0
645.84	111.0
674.88	111.0
679.6	111.0
696.36	111.0
714.08	111.0
720.24	111.0
735.16	111.0
747.64	111.0
753.84	111.0
760.68	111.0
781.92	111.0
794.68	111.0
812.68	111.0
820.36	111.0
835.92	111.0
849.88	111.0
868.28	111.0
889.36	111.0
902.24	111.0
911.44	111.0
936.6	111.0
945.32	111.0
963.0	111.0
980.44	111.0
989.96	111.0
1004.28	111.0
1026.08	111.0
1045.84	111.0
1062.16	111.0
1108.84	111.0
1131.08	111.0
1151.88	111.0
1175.56	111.0
1206.56	111.0
1222.04	111.0
1235.96	111.0
1256.16	111.0
1274.56	111.0
1285.84	111.0
1300.52	111.0
1315.92	111.0
1349.08	111.0
1361.4	111.0
1386.04	111.0
1447.16	111.0
302.64	112.0
336.68	112.0
341.52	112.0
308.08	113.0
346.12	113.0
406.92	113.0
463.12	113.0
860.6	113.0
1278.76	113.0
305.72	114.0
309.64	114.0
321.48	114.0
325.56	114.0
376.6	114.0
427.4	114.0
450.76	114.0
461.4	114.0
500.96	114.0
514.8	114.0
602.4	114.0
734.12	114.0
1057.44	114.0
1078.12	114.0
1137.84	114.0
1141.44	114.0
1309.16	114.0
304.2	115.0
338.0	115.0
390.04	115.0
884.32	115.0
1066.08	115.0
1201.08	115.0
1387.6	115.0
1468.36	115.0
359.84	116.0
476.6	116.0
308.96	117.0
311.6	117.0
647.08	117.0
341.48	117.0
418.44	117.0
478.68	117.0
537.84	117.0
632.04	117.0
309.04	118.0
312.2	118.0
770.28	119.0
312.76	120.0
438.04	120.0
641.96	120.0
1002.24	120.0
1187.6	120.0
1315.48	120.0
