302.52	96.0
705.44	96.0
302.52	97.0
306.48	97.0
775.2	97.0
1155.28	97.0
1203.72	97.0
1457.0	97.0
302.64	99.0
309.52	99.0
347.64	99.0
355.8	99.0
493.6	99.0
624.04	99.0
704.8	99.0
794.56	99.0
1036.76	99.0
1039.48	99.0
1131.44	99.0
1196.88	99.0
1484.48	99.0
302.52	100.0
312.6	101.0
310.08	101.0
309.0	102.0
311.92	102.0
302.48	103.0
302.56	105.0
596.88	105.0
312.4	107.0
319.68	107.0
326.48	107.0
347.28	107.0
325.24	108.0
544.44	108.0
1040.52	108.0
1197.92	108.0
303.72	108.0
313.88	108.0
332.04	108.0
340.04	108.0
347.08	108.0
367.08	108.0
378.16	108.0
382.96	108.0
392.88	108.0
412.08	108.0
438.96	108.0
441.88	108.0
447.12	108.0
451.8	108.0
485.6	108.0
492.6	108.0
504.12	108.0
510.64	108.0
528.4	108.0
531.08	108.0
547.88	108.0
560.52	108.0
573.6	108.0
613.28	108.0
621.2	108.0
658.24	108.0
718.32	108.0
739.88	108.0
768.6	108.0
776.0	108.0
806.2	108.0
820.84	108.0
871.6	108.0
884.68	108.0
912.36	108.0
953.16	108.0
974.72	108.0
998.76	108.0
1091.24	108.0
1094.8	108.0
1195.08	108.0
1294.24	108.0
1298.44	108.0
1301.0	108.0
1389.56	108.0
1417.2	108.0
1465.6	108.0
1494.8	108.0
302.48	109.0
347.44	109.0
420.72	109.0
461.32	109.0
510.88	109.0
710.0	109.0
864.56	109.0
1044.52	109.0
309.0	110.0
312.08	110.0
324.96	110.0
488.88	110.0
309.0	111.0
311.88	111.0
319.88	111.0
326.16	111.0
330.08	111.0
335.44	111.0
379.36	111.0
386.52	111.0
406.24	111.0
418.36	111.0
442.64	111.0
462.12	111.0
471.44	111.0
486.68	111.0
518.4	111.0
526.28	111.0
552.8	111.0
582.32	111.0
585.56	111.0
605.48	111.0
616.64	111.0
631.48	111.0
660.32	111.0
670.28	111.0
688.52	111.0
698.48	111.0
709.24	111.0
716.64	111.0
729.96	111.0
736.96	111.0
767.52	111.0
776.72	111.0
793.4	111.0
824.4	111.0
835.2	111.0
861.4	111.0
870.84	111.0
886.64	111.0
935.44	111.0
945.0	111.0
956.52	111.0
992.48	111.0
998.28	111.0
1013.0	111.0
1023.64	111.0
1038.68	111.0
1061.72	111.0
1072.76	111.0
1089.92	111.0
1106.72	111.0
1125.84	111.0
1153.28	111.0
1164.96	111.0
1175.84	111.0
1195.68	111.0
1219.2	111.0
1272.96	111.0
1297.32	111.0
1305.96	111.0
1320.44	111.0
1340.16	111.0
1394.16	111.0
1423.52	111.0
1465.2	111.0
1493.48	111.0
302.76	112.0
1180.48	112.0
345.56	113.0
407.48	113.0
667.32	113.0
727.84	113.0
346.96	114.0
611.64	114.0
304.92	114.0
313.56	114.0
371.64	114.0
386.84	114.0
421.6	114.0
457.64	114.0
596.6	114.0
643.32	114.0
698.48	114.0
788.4	114.0
850.48	114.0
926.52	114.0
1068.0	114.0
1104.88	114.0
1120.88	114.0
1247.32	114.0
304.64	115.0
406.96	115.0
459.56	115.0
547.4	115.0
1057.4	115.0
1237.6	115.0
1296.68	115.0
1461.32	115.0
312.6	117.0
1271.72	117.0
310.08	117.0
320.76	117.0
309.0	118.0
312.12	118.0
302.48	119.0
370.8	120.0
584.36	120.0
974.48	120.0
1119.08	120.0
1338.0	120.0
