387.52	96.0
518.2	96.0
302.48	96.0
305.96	97.0
302.48	97.0
319.72	97.0
356.0	97.0
433.48	97.0
493.4	97.0
558.08	97.0
618.68	97.0
656.32	97.0
328.8	99.0
302.48	99.0
315.24	99.0
403.0	99.0
417.44	99.0
479.08	99.0
550.72	99.0
701.96	99.0
723.12	99.0
742.12	99.0
796.2	99.0
821.08	99.0
858.32	99.0
1091.44	99.0
1123.92	99.0
1173.4	99.0
1236.56	99.0
1303.52	99.0
1335.76	99.0
1355.68	99.0
1399.52	99.0
302.52	100.0
312.68	101.0
310.04	101.0
309.0	102.0
311.88	102.0
302.64	103.0
1076.24	103.0
709.6	105.0
692.72	106.0
729.16	106.0
844.6	106.0
1037.56	106.0
1085.08	106.0
1164.28	106.0
1399.52	106.0
398.96	107.0
313.8	107.0
355.12	107.0
431.88	107.0
485.04	107.0
581.72	107.0
1453.16	107.0
492.24	108.0
303.4	108.0
308.2	108.0
318.2	108.0
325.64	108.0
328.68	108.0
332.04	108.0
355.08	108.0
359.76	108.0
363.36	108.0
366.4	108.0
371.6	108.0
378.72	108.0
389.4	108.0
397.84	108.0
401.56	108.0
438.2	108.0
454.84	108.0
461.16	108.0
489.48	108.0
538.8	108.0
559.24	108.0
587.16	108.0
626.72	108.0
676.36	108.0
719.8	108.0
751.72	108.0
815.2	108.0
826.6	108.0
865.48	108.0
894.4	108.0
952.76	108.0
976.0	108.0
993.2	108.0
1080.84	108.0
1088.64	108.0
1096.16	108.0
1164.16	108.0
1195.28	108.0
1241.0	108.0
1320.08	108.0
1352.16	108.0
1387.48	108.0
1409.48	108.0
1436.48	108.0
1455.4	108.0
1466.52	108.0
302.64	109.0
315.08	109.0
328.64	109.0
363.68	109.0
382.72	109.0
397.36	109.0
454.4	109.0
473.24	109.0
489.68	109.0
536.96	109.0
559.88	109.0
586.32	109.0
626.36	109.0
659.0	109.0
770.52	109.0
786.2	109.0
826.76	109.0
840.36	109.0
952.4	109.0
1007.04	109.0
1032.72	109.0
1051.04	109.0
1072.28	109.0
1095.8	109.0
1111.24	109.0
1138.72	109.0
1168.24	109.0
1208.08	109.0
1226.44	109.0
1246.32	109.0
1290.6	109.0
1343.88	109.0
1386.76	109.0
1415.8	109.0
308.96	110.0
312.2	110.0
434.2	110.0
491.72	110.0
530.32	110.0
923.24	110.0
326.28	110.0
354.24	110.0
429.52	110.0
513.6	110.0
309.0	111.0
311.92	111.0
318.12	111.0
330.6	111.0
335.64	111.0
343.16	111.0
347.8	111.0
354.32	111.0
364.44	111.0
377.64	111.0
389.56	111.0
403.24	111.0
408.36	111.0
420.36	111.0
428.6	111.0
448.68	111.0
458.56	111.0
463.84	111.0
471.96	111.0
479.04	111.0
487.28	111.0
500.44	111.0
525.72	111.0
534.24	111.0
558.76	111.0
578.28	111.0
586.84	111.0
595.76	111.0
615.88	111.0
629.16	111.0
644.64	111.0
660.4	111.0
694.64	111.0
703.32	111.0
710.08	111.0
727.6	111.0
736.88	111.0
757.04	111.0
769.32	111.0
792.24	111.0
831.72	111.0
840.24	111.0
862.48	111.0
879.08	111.0
915.28	111.0
931.24	111.0
957.56	111.0
986.2	111.0
1008.4	111.0
1024.2	111.0
1040.88	111.0
1063.44	111.0
1078.28	111.0
1087.96	111.0
1104.32	111.0
1128.12	111.0
1133.28	111.0
1151.64	111.0
1178.12	111.0
1206.0	111.0
1233.2	111.0
1243.76	111.0
1269.88	111.0
1279.28	111.0
1294.0	111.0
1306.56	111.0
1318.48	111.0
1329.44	111.0
1354.68	111.0
1374.12	111.0
1387.0	111.0
1394.44	111.0
1403.64	111.0
1428.8	111.0
1438.72	111.0
302.52	112.0
318.44	113.0
357.68	113.0
375.2	113.0
403.88	113.0
591.32	113.0
695.8	113.0
872.36	113.0
900.16	113.0
944.92	113.0
976.96	113.0
1277.44	113.0
304.28	114.0
334.08	114.0
462.84	114.0
568.24	114.0
310.68	114.0
351.2	114.0
362.84	114.0
388.48	114.0
432.6	114.0
450.04	114.0
517.16	114.0
531.92	114.0
583.32	114.0
597.16	114.0
641.72	114.0
666.84	114.0
737.4	114.0
748.36	114.0
776.12	114.0
793.4	114.0
894.04	114.0
936.88	114.0
1009.2	114.0
1106.88	114.0
1269.88	114.0
1389.48	114.0
1399.2	114.0
325.36	115.0
525.12	115.0
692.84	115.0
910.2	115.0
975.44	115.0
1024.64	115.0
1228.08	115.0
1344.8	115.0
1426.24	115.0
302.48	115.0
329.56	115.0
354.16	116.0
370.28	116.0
429.4	116.0
889.4	117.0
310.48	117.0
336.2	117.0
652.52	117.0
738.28	117.0
309.0	118.0
311.92	118.0
344.16	120.0
755.68	120.0
864.52	120.0
1002.16	120.0
1428.08	120.0
1453.4	120.0
