326.84	96.0
302.48	96.0
863.52	96.0
302.84	97.0
505.52	97.0
555.04	97.0
688.12	97.0
1267.08	97.0
302.48	99.0
314.96	99.0
355.56	99.0
363.88	99.0
389.72	99.0
405.64	99.0
431.0	99.0
459.44	99.0
515.8	99.0
616.08	99.0
643.4	99.0
718.12	99.0
803.04	99.0
816.16	99.0
836.72	99.0
862.4	99.0
900.44	99.0
916.28	99.0
947.72	99.0
992.56	99.0
1040.48	99.0
1092.72	99.0
1155.4	99.0
1265.12	99.0
1312.96	99.0
1377.24	99.0
1449.68	99.0
302.52	100.0
310.0	101.0
309.0	102.0
311.96	102.0
639.24	103.0
302.48	103.0
461.76	105.0
1111.2	105.0
417.28	105.0
304.6	106.0
375.64	106.0
416.44	106.0
444.48	106.0
458.2	106.0
475.96	106.0
505.36	106.0
530.4	106.0
561.28	106.0
619.64	106.0
703.16	106.0
731.96	106.0
773.52	106.0
821.28	106.0
935.88	106.0
1005.2	106.0
1108.52	106.0
1132.92	106.0
1195.68	106.0
1231.84	106.0
1309.36	106.0
544.6	107.0
312.64	107.0
340.72	107.0
359.56	107.0
393.44	107.0
415.2	107.0
459.36	107.0
1126.72	107.0
327.8	108.0
567.56	108.0
805.6	108.0
303.4	108.0
307.84	108.0
324.2	108.0
334.12	108.0
341.08	108.0
344.52	108.0
355.76	108.0
367.44	108.0
385.36	108.0
391.84	108.0
403.16	108.0
416.68	108.0
420.0	108.0
430.28	108.0
436.32	108.0
441.36	108.0
444.44	108.0
477.32	108.0
485.84	108.0
511.32	108.0
549.0	108.0
585.28	108.0
592.92	108.0
648.72	108.0
672.52	108.0
754.52	108.0
797.56	108.0
906.96	108.0
967.0	108.0
1024.36	108.0
1062.72	108.0
1089.6	108.0
1098.6	108.0
1140.6	108.0
1163.36	108.0
1170.16	108.0
1227.16	108.0
1259.4	108.0
1285.6	108.0
1390.6	108.0
1423.08	108.0
1438.64	108.0
302.52	109.0
316.04	109.0
342.48	109.0
356.2	109.0
366.16	109.0
384.76	109.0
402.12	109.0
418.76	109.0
459.72	109.0
476.88	109.0
488.04	109.0
508.16	109.0
537.8	109.0
548.44	109.0
568.44	109.0
592.52	109.0
664.04	109.0
820.72	109.0
864.36	109.0
878.52	109.0
899.44	109.0
940.04	109.0
978.16	109.0
1022.36	109.0
1043.4	109.0
1067.52	109.0
1097.2	109.0
1113.64	109.0
1147.76	109.0
1193.48	109.0
1262.6	109.0
1285.36	109.0
1310.96	109.0
1342.28	109.0
1358.24	109.0
1370.36	109.0
1389.36	109.0
1438.24	109.0
308.96	110.0
312.16	110.0
325.4	110.0
420.0	110.0
656.2	110.0
967.12	110.0
339.08	110.0
362.12	110.0
373.8	110.0
376.68	110.0
402.2	110.0
424.28	110.0
498.0	110.0
1347.96	110.0
309.04	111.0
311.72	111.0
314.72	111.0
317.8	111.0
322.72	111.0
326.0	111.0
334.4	111.0
336.96	111.0
343.0	111.0
346.8	111.0
354.68	111.0
365.04	111.0
372.84	111.0
380.88	111.0
394.16	111.0
407.64	111.0
430.16	111.0
440.68	111.0
446.52	111.0
452.36	111.0
476.76	111.0
481.88	111.0
504.44	111.0
514.8	111.0
522.8	111.0
568.04	111.0
585.64	111.0
596.44	111.0
601.72	111.0
607.52	111.0
616.92	111.0
630.72	111.0
639.76	111.0
652.2	111.0
670.04	111.0
676.16	111.0
697.68	111.0
726.76	111.0
768.36	111.0
772.52	111.0
792.08	111.0
803.12	111.0
820.44	111.0
845.68	111.0
855.76	111.0
876.08	111.0
889.76	111.0
912.72	111.0
928.56	111.0
956.44	111.0
966.12	111.0
975.68	111.0
1002.72	111.0
1011.88	111.0
1038.4	111.0
1058.64	111.0
1078.68	111.0
1096.04	111.0
1125.64	111.0
1132.24	111.0
1162.84	111.0
1179.0	111.0
1199.96	111.0
1223.84	111.0
1233.72	111.0
1258.0	111.0
1282.28	111.0
1291.36	111.0
1311.88	111.0
1319.2	111.0
1344.28	111.0
1388.28	111.0
1453.0	111.0
1466.88	111.0
302.64	112.0
389.88	112.0
314.36	112.0
386.36	112.0
309.04	113.0
316.04	113.0
341.72	113.0
347.48	113.0
390.44	113.0
542.04	113.0
564.4	113.0
797.92	113.0
912.84	113.0
1073.96	113.0
1111.32	113.0
1377.76	113.0
352.2	114.0
373.04	114.0
306.0	114.0
334.2	114.0
347.48	114.0
385.4	114.0
389.32	114.0
417.08	114.0
461.92	114.0
481.36	114.0
514.48	114.0
541.68	114.0
567.48	114.0
590.64	114.0
673.2	114.0
824.52	114.0
874.08	114.0
969.96	114.0
1042.84	114.0
1074.0	114.0
1116.2	114.0
1222.2	114.0
303.88	115.0
415.44	115.0
1059.56	115.0
1122.08	115.0
1253.36	115.0
1343.6	115.0
1442.48	115.0
366.32	115.0
339.0	116.0
362.0	116.0
376.56	116.0
402.12	116.0
424.16	116.0
497.84	116.0
308.96	117.0
311.92	117.0
327.68	117.0
499.88	117.0
661.4	117.0
1038.52	117.0
309.04	118.0
312.48	118.0
488.12	119.0
315.0	120.0
389.92	120.0
349.0	120.0
373.68	120.0
448.36	120.0
471.08	120.0
718.36	120.0
824.96	120.0
1006.16	120.0
1343.0	120.0
1426.76	120.0
