702.6	96.0
302.48	96.0
330.64	96.0
302.48	97.0
306.52	97.0
119.84	99.0
302.48	99.0
558.0	99.0
302.52	100.0
312.56	101.0
310.04	101.0
309.0	102.0
312.04	102.0
302.48	103.0
116.88	106.0
341.4	106.0
395.0	106.0
48.24	107.0
118.16	107.0
302.48	107.0
321.48	107.0
597.4	107.0
799.12	107.0
119.04	108.0
346.24	108.0
348.76	108.0
404.28	108.0
107.36	108.0
127.92	108.0
149.08	108.0
303.52	108.0
313.68	108.0
327.6	108.0
330.2	108.0
370.0	108.0
388.8	108.0
398.24	108.0
438.48	108.0
449.64	108.0
461.6	108.0
490.24	108.0
539.56	108.0
562.16	108.0
569.96	108.0
582.68	108.0
593.68	108.0
616.92	108.0
678.88	108.0
706.76	108.0
718.16	108.0
743.8	108.0
759.96	108.0
800.92	108.0
302.48	109.0
372.8	109.0
309.04	110.0
312.0	110.0
315.32	110.0
414.76	110.0
52.52	111.0
90.24	111.0
117.64	111.0
129.48	111.0
151.68	111.0
309.0	111.0
311.64	111.0
314.64	111.0
329.0	111.0
343.36	111.0
358.36	111.0
370.08	111.0
387.76	111.0
403.48	111.0
414.16	111.0
419.04	111.0
439.2	111.0
449.0	111.0
482.12	111.0
506.92	111.0
540.64	111.0
553.4	111.0
564.72	111.0
583.32	111.0
595.0	111.0
626.24	111.0
655.68	111.0
736.08	111.0
302.52	112.0
302.6	113.0
626.32	113.0
701.56	113.0
160.48	114.0
304.44	114.0
311.36	114.0
405.96	114.0
410.56	114.0
483.48	114.0
578.88	114.0
76.96	115.0
111.4	115.0
236.04	115.0
308.36	115.0
583.48	115.0
657.12	115.0
720.84	115.0
783.44	115.0
388.32	116.0
309.0	117.0
311.76	117.0
309.0	118.0
311.64	118.0
302.48	119.0
59.36	120.0
373.64	120.0
392.04	120.0
574.24	120.0
