452.84	96.0
595.08	96.0
302.48	96.0
328.6	96.0
305.24	97.0
336.6	97.0
302.52	97.0
372.88	97.0
302.48	99.0
306.0	99.0
344.6	99.0
376.36	99.0
405.24	99.0
418.6	99.0
428.96	99.0
457.44	99.0
479.8	99.0
614.08	99.0
626.48	99.0
666.84	99.0
771.84	99.0
810.76	99.0
880.96	99.0
912.12	99.0
961.44	99.0
1012.92	99.0
1094.24	99.0
1156.52	99.0
1216.44	99.0
302.52	100.0
310.08	101.0
309.0	102.0
311.96	102.0
314.52	103.0
302.48	103.0
865.12	103.0
350.6	105.0
418.92	105.0
945.6	105.0
418.6	106.0
485.32	106.0
530.88	106.0
558.96	106.0
614.16	106.0
645.44	106.0
667.68	106.0
699.08	106.0
730.08	106.0
770.2	106.0
811.72	106.0
445.84	107.0
313.24	107.0
331.2	107.0
409.48	107.0
678.64	107.0
303.48	108.0
307.24	108.0
322.32	108.0
326.44	108.0
339.32	108.0
347.12	108.0
351.72	108.0
365.04	108.0
376.76	108.0
388.12	108.0
391.68	108.0
412.48	108.0
417.96	108.0
422.92	108.0
438.28	108.0
444.44	108.0
449.76	108.0
463.92	108.0
495.0	108.0
526.32	108.0
588.56	108.0
618.92	108.0
646.68	108.0
668.36	108.0
692.08	108.0
763.6	108.0
767.48	108.0
776.08	108.0
841.48	108.0
884.92	108.0
900.16	108.0
949.32	108.0
1000.32	108.0
1039.48	108.0
1051.12	108.0
1055.36	108.0
1099.56	108.0
1175.72	108.0
1209.64	108.0
1331.8	108.0
1344.84	108.0
1362.6	108.0
302.52	109.0
316.64	109.0
337.32	109.0
362.2	109.0
379.32	109.0
416.64	109.0
434.24	109.0
480.28	109.0
537.56	109.0
575.52	109.0
618.48	109.0
667.96	109.0
740.92	109.0
767.04	109.0
799.48	109.0
830.2	109.0
913.64	109.0
975.0	109.0
1025.44	109.0
1094.44	109.0
1309.48	109.0
1361.92	109.0
308.96	110.0
312.08	110.0
372.88	110.0
399.88	110.0
424.72	110.0
443.12	110.0
644.8	110.0
325.52	110.0
378.84	110.0
418.4	110.0
537.64	110.0
810.84	110.0
356.0	111.0
309.0	111.0
312.0	111.0
319.36	111.0
324.84	111.0
328.2	111.0
335.6	111.0
349.48	111.0
361.8	111.0
370.04	111.0
375.92	111.0
388.76	111.0
392.36	111.0
401.92	111.0
406.88	111.0
412.2	111.0
416.6	111.0
421.2	111.0
426.08	111.0
445.52	111.0
453.56	111.0
460.68	111.0
478.48	111.0
487.68	111.0
507.48	111.0
515.44	111.0
543.12	111.0
562.28	111.0
576.6	111.0
622.72	111.0
632.92	111.0
646.04	111.0
680.04	111.0
687.24	111.0
697.32	111.0
705.56	111.0
713.44	111.0
740.8	111.0
761.52	111.0
793.6	111.0
799.44	111.0
820.08	111.0
828.2	111.0
840.44	111.0
849.64	111.0
879.2	111.0
900.8	111.0
941.44	111.0
947.76	111.0
955.28	111.0
997.08	111.0
1006.24	111.0
1017.52	111.0
1030.8	111.0
1064.08	111.0
1079.44	111.0
1098.32	111.0
1114.12	111.0
1184.24	111.0
1203.88	111.0
1227.08	111.0
1256.76	111.0
1282.96	111.0
1333.4	111.0
1345.84	111.0
1355.96	111.0
302.52	112.0
507.8	113.0
897.32	113.0
325.4	114.0
372.8	114.0
382.88	114.0
445.84	114.0
490.4	114.0
544.92	114.0
571.36	114.0
588.96	114.0
591.88	114.0
646.04	114.0
732.52	114.0
842.16	114.0
945.4	114.0
1267.92	114.0
303.88	115.0
361.92	115.0
759.8	115.0
864.36	115.0
941.12	115.0
1227.76	115.0
1255.68	115.0
1303.84	115.0
325.44	116.0
378.72	116.0
418.24	116.0
434.44	116.0
1210.72	116.0
348.52	117.0
389.6	117.0
310.48	117.0
314.68	117.0
309.0	118.0
311.96	118.0
715.12	119.0
1040.6	120.0
443.36	120.0
458.76	120.0
537.52	120.0
658.8	120.0
944.24	120.0
1057.76	120.0
1094.2	120.0
1254.48	120.0
