316.64	96.0
302.48	96.0
538.16	96.0
302.68	97.0
500.56	97.0
631.6	97.0
1394.48	97.0
302.48	99.0
325.44	99.0
443.32	99.0
494.96	99.0
608.0	99.0
649.72	99.0
728.08	99.0
861.68	99.0
910.44	99.0
925.96	99.0
1012.0	99.0
1085.76	99.0
1184.92	99.0
1317.08	99.0
1447.36	99.0
302.52	100.0
310.12	101.0
309.0	102.0
312.16	102.0
302.48	103.0
630.12	103.0
1226.72	103.0
345.52	105.0
500.04	106.0
305.32	107.0
318.52	107.0
315.72	107.0
342.44	107.0
368.6	107.0
402.2	107.0
464.68	107.0
1193.76	107.0
1462.84	107.0
303.52	108.0
308.8	108.0
325.12	108.0
328.56	108.0
342.12	108.0
358.48	108.0
386.0	108.0
419.28	108.0
448.8	108.0
451.32	108.0
466.16	108.0
482.72	108.0
485.24	108.0
501.56	108.0
506.32	108.0
513.56	108.0
516.16	108.0
535.2	108.0
558.28	108.0
563.08	108.0
590.56	108.0
603.04	108.0
618.2	108.0
623.76	108.0
627.28	108.0
646.4	108.0
681.44	108.0
724.92	108.0
759.32	108.0
780.88	108.0
797.4	108.0
815.08	108.0
825.08	108.0
879.96	108.0
962.56	108.0
990.96	108.0
1040.84	108.0
1063.32	108.0
1073.12	108.0
1182.04	108.0
1254.72	108.0
1257.96	108.0
1277.64	108.0
1316.2	108.0
1325.44	108.0
1339.76	108.0
1359.84	108.0
1404.36	108.0
302.64	109.0
328.16	109.0
343.48	109.0
371.4	109.0
399.44	109.0
422.04	109.0
534.8	109.0
571.6	109.0
610.56	109.0
650.4	109.0
726.88	109.0
838.6	109.0
893.44	109.0
929.88	109.0
1155.4	109.0
1237.2	109.0
1279.04	109.0
1409.28	109.0
308.96	110.0
311.88	110.0
360.32	110.0
650.28	110.0
837.0	110.0
327.52	110.0
421.12	110.0
309.0	111.0
312.2	111.0
319.2	111.0
324.12	111.0
328.4	111.0
334.6	111.0
342.0	111.0
346.84	111.0
357.08	111.0
378.4	111.0
386.12	111.0
399.08	111.0
407.0	111.0
412.92	111.0
420.4	111.0
429.76	111.0
443.92	111.0
451.52	111.0
457.24	111.0
463.32	111.0
479.12	111.0
485.84	111.0
491.4	111.0
504.64	111.0
510.92	111.0
522.64	111.0
540.56	111.0
545.08	111.0
558.28	111.0
564.96	111.0
578.28	111.0
594.92	111.0
607.16	111.0
618.88	111.0
630.16	111.0
646.32	111.0
659.44	111.0
671.72	111.0
684.76	111.0
694.76	111.0
711.28	111.0
725.36	111.0
744.72	111.0
753.68	111.0
778.36	111.0
790.76	111.0
803.64	111.0
814.64	111.0
831.56	111.0
845.16	111.0
869.16	111.0
887.2	111.0
893.16	111.0
911.6	111.0
938.16	111.0
946.48	111.0
954.48	111.0
966.32	111.0
980.4	111.0
1003.48	111.0
1012.8	111.0
1031.16	111.0
1039.88	111.0
1055.48	111.0
1072.44	111.0
1101.08	111.0
1122.0	111.0
1133.96	111.0
1142.76	111.0
1162.72	111.0
1197.8	111.0
1212.4	111.0
1219.88	111.0
1234.32	111.0
1253.56	111.0
1277.6	111.0
1308.72	111.0
1320.32	111.0
1329.64	111.0
1365.04	111.0
1388.68	111.0
1400.6	111.0
1418.2	111.0
1433.32	111.0
302.52	112.0
356.48	112.0
462.24	112.0
342.28	113.0
447.2	113.0
660.0	113.0
948.0	113.0
304.12	114.0
408.12	114.0
573.2	114.0
311.44	114.0
345.32	114.0
388.08	114.0
446.6	114.0
471.08	114.0
486.64	114.0
518.4	114.0
628.96	114.0
666.88	114.0
691.32	114.0
728.04	114.0
835.48	114.0
1040.04	114.0
1092.28	114.0
1126.36	114.0
1233.24	114.0
1286.76	114.0
303.68	115.0
342.4	115.0
368.68	115.0
398.8	115.0
686.16	115.0
771.56	115.0
930.64	115.0
1092.28	115.0
1194.08	115.0
1254.2	115.0
1303.6	115.0
1352.52	115.0
1455.36	115.0
327.4	116.0
310.0	117.0
343.84	117.0
369.96	117.0
645.08	117.0
309.0	118.0
312.2	118.0
671.68	119.0
344.08	120.0
419.88	120.0
517.48	120.0
573.88	120.0
615.04	120.0
1268.6	120.0
