313.24	96.0
302.48	96.0
306.8	97.0
302.52	97.0
302.48	99.0
309.44	99.0
344.44	99.0
458.08	99.0
567.44	99.0
601.0	99.0
631.12	99.0
767.48	99.0
785.32	99.0
930.24	99.0
1031.92	99.0
302.56	100.0
310.16	101.0
309.0	102.0
311.76	102.0
302.6	103.0
534.0	105.0
658.72	105.0
302.76	107.0
321.84	107.0
359.24	107.0
564.68	107.0
757.2	107.0
318.28	107.0
335.36	107.0
400.52	107.0
456.48	107.0
496.36	107.0
706.4	107.0
1252.76	107.0
940.36	108.0
303.92	108.0
315.44	108.0
336.08	108.0
353.24	108.0
372.84	108.0
380.56	108.0
384.12	108.0
429.6	108.0
434.32	108.0
500.72	108.0
520.8	108.0
527.84	108.0
534.32	108.0
584.56	108.0
600.64	108.0
614.0	108.0
675.04	108.0
682.2	108.0
704.24	108.0
727.68	108.0
765.76	108.0
776.68	108.0
828.36	108.0
870.92	108.0
935.68	108.0
1002.8	108.0
1064.28	108.0
1103.2	108.0
1169.8	108.0
1220.88	108.0
1231.04	108.0
1355.6	108.0
302.52	109.0
316.0	109.0
344.16	109.0
385.16	109.0
417.04	109.0
495.2	109.0
560.04	109.0
589.68	109.0
668.28	109.0
978.16	109.0
309.0	110.0
311.96	110.0
336.96	110.0
444.44	110.0
551.88	110.0
604.84	110.0
637.84	110.0
316.28	110.0
563.96	110.0
309.0	111.0
311.8	111.0
315.6	111.0
322.88	111.0
329.44	111.0
335.72	111.0
344.16	111.0
352.68	111.0
357.76	111.0
369.12	111.0
382.12	111.0
421.8	111.0
433.16	111.0
442.12	111.0
451.8	111.0
458.0	111.0
472.68	111.0
487.52	111.0
494.08	111.0
513.08	111.0
527.56	111.0
532.64	111.0
552.28	111.0
563.36	111.0
569.48	111.0
588.76	111.0
604.68	111.0
614.8	111.0
626.8	111.0
641.0	111.0
665.2	111.0
681.56	111.0
696.88	111.0
706.72	111.0
718.36	111.0
743.92	111.0
768.72	111.0
785.72	111.0
793.04	111.0
807.32	111.0
849.24	111.0
877.12	111.0
893.64	111.0
904.96	111.0
916.92	111.0
939.24	111.0
947.48	111.0
959.04	111.0
977.32	111.0
1001.16	111.0
1012.84	111.0
1021.08	111.0
1030.4	111.0
1051.72	111.0
1057.68	111.0
1101.28	111.0
1117.04	111.0
1138.76	111.0
1180.04	111.0
1213.28	111.0
1225.8	111.0
1230.0	111.0
1233.08	111.0
1255.76	111.0
1291.56	111.0
1302.88	111.0
1329.08	111.0
302.72	112.0
355.88	112.0
310.0	113.0
364.12	113.0
508.08	113.0
618.8	113.0
1017.04	113.0
1325.84	113.0
590.28	114.0
623.28	114.0
306.12	114.0
351.6	114.0
492.72	114.0
509.44	114.0
530.72	114.0
533.76	114.0
553.64	114.0
658.56	114.0
731.64	114.0
761.4	114.0
846.36	114.0
922.8	114.0
1007.92	114.0
1040.24	114.0
1196.68	114.0
1239.48	114.0
303.84	115.0
365.56	115.0
396.68	115.0
551.48	115.0
785.64	115.0
875.96	115.0
1002.96	115.0
1053.48	115.0
1162.32	115.0
1222.0	115.0
1282.24	115.0
1356.52	115.0
538.72	115.0
308.96	117.0
311.88	117.0
505.56	117.0
556.52	117.0
592.48	117.0
627.24	117.0
309.04	118.0
312.08	118.0
340.88	120.0
493.24	120.0
615.68	120.0
736.64	120.0
