307.52	97.0
367.72	97.0
320.52	97.0
169.36	98.0
307.84	99.0
453.92	99.0
541.76	99.0
310.04	101.0
309.0	102.0
311.88	102.0
156.8	107.0
316.48	107.0
405.04	107.0
16.0	108.0
134.64	108.0
303.8	108.0
309.88	108.0
316.96	108.0
328.76	108.0
362.24	108.0
369.96	108.0
386.24	108.0
453.28	108.0
457.04	108.0
464.36	108.0
488.48	108.0
586.08	108.0
602.64	108.0
643.84	108.0
347.36	109.0
372.32	109.0
459.44	109.0
538.0	109.0
308.96	110.0
312.0	110.0
354.24	110.0
459.28	110.0
371.92	110.0
16.4	111.0
83.32	111.0
309.0	111.0
311.72	111.0
318.96	111.0
329.08	111.0
335.96	111.0
345.32	111.0
364.92	111.0
371.28	111.0
386.6	111.0
400.16	111.0
412.12	111.0
435.04	111.0
458.56	111.0
466.8	111.0
480.52	111.0
487.84	111.0
534.76	111.0
578.16	111.0
601.08	111.0
652.68	111.0
310.08	113.0
361.72	113.0
502.12	113.0
565.04	113.0
306.08	114.0
311.72	114.0
338.56	114.0
413.68	114.0
455.2	114.0
475.08	114.0
42.88	115.0
100.4	115.0
304.28	115.0
363.8	115.0
435.44	115.0
518.96	115.0
571.36	115.0
606.48	115.0
308.96	117.0
312.64	117.0
480.76	117.0
528.04	117.0
309.0	118.0
311.8	118.0
434.44	119.0
667.16	119.0
310.2	120.0
354.0	120.0
344.4	120.0
367.6	120.0
527.44	120.0
