302.48	96.0
284.0	97.0
347.56	97.0
353.36	97.0
292.8	97.0
303.88	97.0
312.16	97.0
1292.0	97.0
302.48	99.0
318.68	99.0
346.72	99.0
388.84	99.0
422.52	99.0
512.0	99.0
777.24	99.0
826.8	99.0
862.96	99.0
1170.36	99.0
302.52	100.0
310.16	101.0
309.0	102.0
312.04	102.0
302.48	103.0
1139.72	105.0
285.0	107.0
773.76	107.0
304.76	107.0
319.44	107.0
351.92	107.0
400.28	107.0
938.04	107.0
1010.96	107.0
359.96	108.0
369.6	108.0
582.64	108.0
289.76	108.0
292.96	108.0
299.28	108.0
302.72	108.0
315.2	108.0
318.0	108.0
332.24	108.0
340.96	108.0
344.16	108.0
350.96	108.0
373.56	108.0
398.76	108.0
421.76	108.0
424.72	108.0
445.48	108.0
485.0	108.0
491.12	108.0
518.16	108.0
557.12	108.0
576.12	108.0
598.96	108.0
603.64	108.0
615.92	108.0
635.12	108.0
672.24	108.0
681.64	108.0
721.56	108.0
738.08	108.0
769.0	108.0
781.48	108.0
799.12	108.0
847.48	108.0
860.2	108.0
918.68	108.0
963.6	108.0
985.12	108.0
1010.6	108.0
1082.76	108.0
1103.48	108.0
1125.56	108.0
1221.16	108.0
1238.92	108.0
1309.08	108.0
1338.56	108.0
313.08	109.0
329.08	109.0
343.72	109.0
352.72	109.0
370.52	109.0
380.88	109.0
399.24	109.0
433.48	109.0
462.92	109.0
515.16	109.0
529.08	109.0
538.48	109.0
545.52	109.0
560.44	109.0
580.84	109.0
638.48	109.0
682.32	109.0
759.48	109.0
838.32	109.0
889.0	109.0
1017.76	109.0
1123.92	109.0
1176.8	109.0
1220.8	109.0
1278.64	109.0
308.96	110.0
311.84	110.0
399.24	110.0
654.84	110.0
1048.88	110.0
338.28	110.0
994.72	110.0
262.44	111.0
272.04	111.0
284.92	111.0
289.76	111.0
295.68	111.0
309.04	111.0
312.6	111.0
338.04	111.0
341.4	111.0
347.48	111.0
358.92	111.0
364.92	111.0
380.32	111.0
384.8	111.0
411.92	111.0
417.56	111.0
422.84	111.0
430.2	111.0
438.0	111.0
466.88	111.0
498.08	111.0
525.4	111.0
529.72	111.0
537.48	111.0
543.68	111.0
556.28	111.0
562.0	111.0
568.68	111.0
579.6	111.0
605.52	111.0
614.08	111.0
624.92	111.0
669.28	111.0
684.2	111.0
696.2	111.0
712.28	111.0
723.8	111.0
734.8	111.0
759.68	111.0
771.76	111.0
778.92	111.0
797.48	111.0
804.32	111.0
834.84	111.0
873.8	111.0
882.52	111.0
918.08	111.0
941.08	111.0
947.6	111.0
968.52	111.0
1024.36	111.0
1036.56	111.0
1057.0	111.0
1069.64	111.0
1150.6	111.0
1167.16	111.0
1195.0	111.0
1219.36	111.0
1245.64	111.0
1277.8	111.0
1304.44	111.0
1331.28	111.0
302.48	112.0
354.68	112.0
302.48	113.0
308.2	113.0
332.84	113.0
592.12	113.0
697.28	113.0
368.4	114.0
308.76	114.0
323.84	114.0
330.24	114.0
334.16	114.0
353.2	114.0
380.12	114.0
440.44	114.0
475.36	114.0
523.2	114.0
617.32	114.0
868.16	114.0
967.64	114.0
1139.4	114.0
271.32	115.0
286.76	115.0
310.6	115.0
365.96	115.0
395.68	115.0
795.68	115.0
824.28	115.0
864.8	115.0
1017.24	115.0
1056.64	115.0
1121.6	115.0
1212.04	115.0
1263.08	115.0
309.24	116.0
338.2	116.0
342.0	116.0
459.32	116.0
824.84	116.0
312.68	117.0
310.04	117.0
354.8	117.0
369.4	117.0
614.76	117.0
309.0	118.0
311.76	118.0
482.52	119.0
303.52	120.0
308.56	120.0
326.24	120.0
354.16	120.0
424.8	120.0
945.84	120.0
1057.92	120.0
