326.56	96.0
302.48	96.0
305.84	96.0
309.24	96.0
367.04	96.0
307.36	97.0
302.48	97.0
302.48	99.0
403.8	99.0
430.68	99.0
517.92	99.0
302.52	100.0
308.96	101.0
311.8	101.0
308.96	102.0
312.04	102.0
302.6	103.0
305.16	106.0
302.76	107.0
316.64	107.0
303.84	108.0
306.88	108.0
315.12	108.0
329.24	108.0
337.6	108.0
342.64	108.0
353.92	108.0
372.36	108.0
387.2	108.0
395.2	108.0
401.08	108.0
406.8	108.0
419.76	108.0
446.52	108.0
455.88	108.0
519.68	108.0
529.64	108.0
536.16	108.0
566.0	108.0
581.8	108.0
591.04	108.0
302.48	109.0
373.76	109.0
426.8	109.0
457.88	109.0
309.0	110.0
311.88	110.0
308.96	111.0
311.88	111.0
314.68	111.0
321.48	111.0
327.2	111.0
335.48	111.0
352.28	111.0
358.32	111.0
373.68	111.0
386.32	111.0
393.04	111.0
402.84	111.0
426.08	111.0
451.96	111.0
471.92	111.0
481.56	111.0
541.64	111.0
302.48	112.0
700.24	113.0
309.84	113.0
370.36	113.0
304.64	114.0
310.4	114.0
313.96	114.0
369.04	114.0
303.92	115.0
386.44	115.0
420.36	115.0
473.68	115.0
519.0	115.0
554.2	115.0
633.56	115.0
322.04	116.0
309.0	117.0
312.32	117.0
320.2	117.0
399.36	117.0
309.04	118.0
312.16	118.0
310.12	120.0
368.84	120.0
438.12	120.0
