302.48	96.0
303.04	97.0
593.0	97.0
675.04	97.0
938.68	97.0
302.48	99.0
364.16	99.0
555.64	99.0
558.76	99.0
593.2	99.0
805.88	99.0
872.36	99.0
958.32	99.0
1230.44	99.0
302.52	100.0
310.0	101.0
309.0	102.0
311.8	102.0
302.52	103.0
444.08	103.0
302.76	107.0
406.44	107.0
312.04	107.0
336.0	107.0
369.48	107.0
445.56	107.0
578.6	107.0
1014.16	107.0
303.68	108.0
308.32	108.0
313.92	108.0
320.16	108.0
325.52	108.0
329.32	108.0
333.76	108.0
340.48	108.0
351.08	108.0
379.92	108.0
388.64	108.0
391.16	108.0
419.8	108.0
445.48	108.0
451.0	108.0
462.2	108.0
465.76	108.0
483.4	108.0
513.84	108.0
546.24	108.0
578.6	108.0
594.04	108.0
622.84	108.0
640.88	108.0
650.76	108.0
677.32	108.0
687.88	108.0
743.72	108.0
749.16	108.0
753.88	108.0
784.44	108.0
797.68	108.0
805.84	108.0
819.64	108.0
860.4	108.0
866.44	108.0
871.72	108.0
892.2	108.0
991.24	108.0
1105.36	108.0
1121.72	108.0
1144.28	108.0
1167.04	108.0
1199.76	108.0
1207.68	108.0
1233.48	108.0
1313.36	108.0
1335.84	108.0
340.04	109.0
352.2	109.0
369.92	109.0
410.84	109.0
428.48	109.0
470.24	109.0
514.08	109.0
545.84	109.0
593.56	109.0
640.24	109.0
681.04	109.0
902.56	109.0
926.16	109.0
1041.2	109.0
1131.84	109.0
308.96	110.0
311.88	110.0
331.44	110.0
395.56	110.0
691.56	110.0
412.4	110.0
446.6	110.0
309.04	111.0
312.04	111.0
324.12	111.0
330.28	111.0
334.6	111.0
348.6	111.0
368.0	111.0
382.04	111.0
394.68	111.0
409.32	111.0
412.0	111.0
416.76	111.0
427.0	111.0
443.16	111.0
448.12	111.0
471.0	111.0
477.32	111.0
489.2	111.0
495.28	111.0
513.56	111.0
526.4	111.0
541.52	111.0
582.12	111.0
588.08	111.0
598.84	111.0
618.68	111.0
634.28	111.0
662.36	111.0
681.0	111.0
691.72	111.0
713.16	111.0
722.32	111.0
743.56	111.0
751.28	111.0
767.4	111.0
773.84	111.0
788.76	111.0
805.76	111.0
818.04	111.0
839.92	111.0
850.56	111.0
866.04	111.0
882.6	111.0
894.56	111.0
921.8	111.0
968.56	111.0
974.6	111.0
991.56	111.0
1006.36	111.0
1045.52	111.0
1071.8	111.0
1105.4	111.0
1129.36	111.0
1168.92	111.0
1204.88	111.0
1212.2	111.0
1296.52	111.0
1304.4	111.0
1315.52	111.0
1345.96	111.0
302.52	112.0
302.64	113.0
309.4	113.0
605.68	113.0
632.48	113.0
1192.12	113.0
304.36	114.0
311.76	114.0
355.24	114.0
371.92	114.0
418.88	114.0
432.0	114.0
556.44	114.0
954.56	114.0
1041.84	114.0
304.32	115.0
325.56	115.0
348.84	115.0
380.76	115.0
408.36	115.0
465.64	115.0
510.04	115.0
542.52	115.0
619.8	115.0
651.76	115.0
912.44	115.0
947.76	115.0
1007.76	115.0
1069.44	115.0
1126.2	115.0
1164.84	115.0
1228.44	115.0
1296.72	115.0
744.12	116.0
309.0	117.0
312.0	117.0
338.84	117.0
358.88	117.0
491.32	117.0
495.24	117.0
641.36	117.0
949.48	117.0
990.36	117.0
309.0	118.0
312.08	118.0
512.32	119.0
327.44	120.0
302.72	120.0
