316.44	96.0
364.92	96.0
305.52	97.0
312.16	97.0
339.96	97.0
368.48	97.0
389.92	97.0
710.76	97.0
1092.64	97.0
317.36	99.0
373.64	99.0
445.16	99.0
632.8	99.0
705.64	99.0
872.48	99.0
929.96	99.0
985.76	99.0
1072.32	99.0
1138.04	99.0
1292.52	99.0
312.56	101.0
310.04	101.0
762.48	101.0
309.0	102.0
311.8	102.0
312.04	107.0
331.8	107.0
385.44	107.0
426.28	107.0
451.52	107.0
804.04	107.0
308.08	107.0
402.76	107.0
486.72	108.0
761.92	108.0
1243.2	108.0
303.56	108.0
307.04	108.0
325.92	108.0
342.24	108.0
353.96	108.0
357.24	108.0
361.0	108.0
365.56	108.0
370.0	108.0
372.76	108.0
385.56	108.0
395.2	108.0
401.6	108.0
405.04	108.0
407.68	108.0
427.84	108.0
431.36	108.0
450.84	108.0
454.72	108.0
482.44	108.0
505.16	108.0
510.16	108.0
521.28	108.0
532.48	108.0
548.72	108.0
551.68	108.0
568.36	108.0
592.92	108.0
622.0	108.0
639.6	108.0
656.28	108.0
687.72	108.0
693.76	108.0
716.56	108.0
727.72	108.0
740.24	108.0
743.88	108.0
749.32	108.0
797.36	108.0
808.0	108.0
842.4	108.0
851.24	108.0
974.64	108.0
1030.48	108.0
1134.28	108.0
1180.72	108.0
314.76	109.0
324.4	109.0
359.0	109.0
387.76	109.0
405.04	109.0
432.56	109.0
446.28	109.0
489.6	109.0
507.16	109.0
536.32	109.0
551.08	109.0
583.64	109.0
620.88	109.0
686.96	109.0
744.08	109.0
775.8	109.0
804.04	109.0
813.76	109.0
852.0	109.0
891.2	109.0
907.48	109.0
928.84	109.0
974.24	109.0
1015.32	109.0
1059.28	109.0
1229.36	109.0
1250.76	109.0
1303.8	109.0
309.0	110.0
311.96	110.0
556.6	110.0
660.8	110.0
743.52	110.0
1218.96	110.0
314.68	110.0
309.0	111.0
312.16	111.0
319.0	111.0
324.84	111.0
329.0	111.0
334.2	111.0
338.56	111.0
341.36	111.0
364.44	111.0
369.44	111.0
379.36	111.0
385.56	111.0
406.64	111.0
412.4	111.0
421.88	111.0
429.8	111.0
435.52	111.0
441.48	111.0
448.6	111.0
454.12	111.0
471.76	111.0
485.16	111.0
490.12	111.0
502.52	111.0
523.32	111.0
530.36	111.0
534.36	111.0
559.56	111.0
574.0	111.0
582.8	111.0
593.8	111.0
602.48	111.0
635.92	111.0
641.28	111.0
651.6	111.0
668.92	111.0
688.24	111.0
694.68	111.0
705.6	111.0
720.76	111.0
744.96	111.0
753.92	111.0
766.92	111.0
780.72	111.0
808.0	111.0
822.64	111.0
837.36	111.0
853.2	111.0
866.44	111.0
874.32	111.0
898.4	111.0
936.64	111.0
957.92	111.0
984.36	111.0
998.32	111.0
1010.96	111.0
1025.72	111.0
1044.12	111.0
1063.32	111.0
1093.72	111.0
1099.96	111.0
1127.24	111.0
1173.24	111.0
1192.72	111.0
1206.68	111.0
1234.0	111.0
1257.32	111.0
1291.84	111.0
1302.8	111.0
365.32	112.0
448.52	113.0
512.56	113.0
693.76	113.0
727.4	113.0
982.44	113.0
323.24	114.0
313.04	114.0
339.52	114.0
388.56	114.0
392.0	114.0
427.16	114.0
439.8	114.0
510.36	114.0
553.72	114.0
574.88	114.0
607.72	114.0
643.44	114.0
791.48	114.0
876.2	114.0
899.56	114.0
962.4	114.0
303.56	115.0
325.6	115.0
524.96	115.0
653.16	115.0
738.6	115.0
806.48	115.0
852.0	115.0
891.0	115.0
919.92	115.0
1089.56	115.0
1170.2	115.0
1207.4	115.0
1253.8	115.0
1318.4	115.0
404.16	115.0
535.04	116.0
309.0	117.0
311.96	117.0
370.96	117.0
341.88	117.0
353.88	117.0
380.0	117.0
452.6	117.0
523.96	117.0
603.16	117.0
807.36	117.0
1290.0	117.0
309.04	118.0
311.76	118.0
416.52	119.0
1085.24	120.0
