815.16	96.0
1278.0	96.0
302.48	96.0
359.92	96.0
302.52	97.0
306.56	97.0
368.28	97.0
724.76	97.0
867.0	97.0
302.48	99.0
318.64	99.0
330.12	99.0
362.36	99.0
417.12	99.0
443.4	99.0
668.08	99.0
780.16	99.0
920.0	99.0
1009.0	99.0
1088.8	99.0
1159.56	99.0
1194.64	99.0
302.48	100.0
310.04	101.0
309.0	102.0
311.96	102.0
451.72	102.0
302.52	103.0
315.28	103.0
1342.84	105.0
311.8	107.0
797.88	107.0
964.44	107.0
302.92	107.0
319.84	107.0
328.68	107.0
353.16	107.0
369.0	107.0
748.6	107.0
1344.8	107.0
527.68	108.0
640.16	108.0
303.56	108.0
307.4	108.0
326.32	108.0
328.84	108.0
338.32	108.0
345.32	108.0
348.84	108.0
355.88	108.0
359.92	108.0
363.44	108.0
374.88	108.0
380.88	108.0
394.0	108.0
398.08	108.0
400.6	108.0
430.32	108.0
453.0	108.0
461.04	108.0
478.44	108.0
494.72	108.0
502.4	108.0
516.08	108.0
564.48	108.0
567.88	108.0
601.2	108.0
614.56	108.0
617.52	108.0
631.68	108.0
652.52	108.0
661.52	108.0
676.68	108.0
697.36	108.0
709.96	108.0
718.4	108.0
742.8	108.0
752.8	108.0
759.2	108.0
833.32	108.0
851.8	108.0
858.08	108.0
880.2	108.0
937.4	108.0
957.44	108.0
1051.92	108.0
1057.8	108.0
1199.72	108.0
1231.96	108.0
1243.0	108.0
1342.48	108.0
302.48	109.0
315.92	109.0
349.2	109.0
359.52	109.0
418.68	109.0
501.28	109.0
522.72	109.0
568.56	109.0
598.52	109.0
631.2	109.0
676.04	109.0
699.8	109.0
720.64	109.0
760.6	109.0
804.32	109.0
891.0	109.0
1001.16	109.0
1159.56	109.0
1212.16	109.0
1250.32	109.0
309.0	110.0
312.04	110.0
326.28	110.0
350.32	110.0
360.08	110.0
617.4	110.0
378.24	110.0
315.4	111.0
309.0	111.0
311.88	111.0
321.76	111.0
326.24	111.0
330.84	111.0
345.24	111.0
350.4	111.0
355.32	111.0
360.24	111.0
372.68	111.0
377.76	111.0
382.8	111.0
386.0	111.0
392.84	111.0
406.64	111.0
432.32	111.0
442.16	111.0
451.16	111.0
456.56	111.0
463.88	111.0
477.88	111.0
499.68	111.0
518.16	111.0
527.28	111.0
535.04	111.0
543.6	111.0
569.64	111.0
583.36	111.0
597.96	111.0
606.44	111.0
615.16	111.0
632.76	111.0
651.4	111.0
675.24	111.0
719.44	111.0
728.04	111.0
751.12	111.0
758.08	111.0
780.84	111.0
799.12	111.0
835.04	111.0
841.24	111.0
853.6	111.0
863.56	111.0
880.6	111.0
920.4	111.0
932.64	111.0
987.16	111.0
1000.24	111.0
1023.6	111.0
1067.24	111.0
1080.64	111.0
1109.52	111.0
1146.36	111.0
1282.08	111.0
1291.32	111.0
1339.76	111.0
302.48	112.0
316.44	113.0
391.08	113.0
443.04	113.0
490.6	113.0
1305.72	113.0
324.76	114.0
383.48	114.0
397.36	114.0
400.4	114.0
477.24	114.0
486.32	114.0
492.52	114.0
658.6	114.0
704.32	114.0
1001.32	114.0
1301.6	114.0
303.68	115.0
346.92	115.0
598.4	115.0
652.24	115.0
673.24	115.0
716.24	115.0
782.84	115.0
814.48	115.0
835.96	115.0
879.88	115.0
934.12	115.0
960.92	115.0
1019.16	115.0
1052.84	115.0
1141.08	115.0
1184.52	115.0
1224.52	115.0
1327.48	115.0
351.6	116.0
378.16	116.0
308.96	117.0
312.12	117.0
499.0	117.0
571.08	117.0
309.0	118.0
311.72	118.0
313.12	120.0
441.12	120.0
608.36	120.0
753.56	120.0
1092.96	120.0
1316.28	120.0
1330.48	120.0
