302.48	96.0
306.52	97.0
302.48	97.0
425.56	97.0
637.56	97.0
952.64	97.0
1272.12	97.0
302.48	99.0
316.68	99.0
414.84	99.0
472.12	99.0
536.16	99.0
673.68	99.0
716.28	99.0
828.92	99.0
896.52	99.0
966.72	99.0
1013.48	99.0
1017.48	99.0
1082.24	99.0
1123.12	99.0
1237.8	99.0
1326.92	99.0
305.44	100.0
302.52	100.0
310.48	101.0
309.0	102.0
311.96	102.0
302.52	103.0
416.72	104.0
760.0	106.0
304.76	107.0
544.72	107.0
316.88	107.0
336.44	107.0
365.52	107.0
391.92	107.0
475.88	107.0
1022.24	107.0
1156.24	107.0
1331.68	107.0
356.16	108.0
375.12	108.0
611.56	108.0
763.68	108.0
1083.16	108.0
303.56	108.0
308.0	108.0
315.04	108.0
319.12	108.0
324.28	108.0
337.92	108.0
341.2	108.0
345.8	108.0
384.2	108.0
391.6	108.0
400.12	108.0
417.32	108.0
433.76	108.0
441.2	108.0
473.0	108.0
475.68	108.0
500.48	108.0
524.04	108.0
538.08	108.0
589.4	108.0
594.48	108.0
629.04	108.0
631.68	108.0
652.12	108.0
665.48	108.0
733.8	108.0
766.52	108.0
773.0	108.0
791.12	108.0
803.8	108.0
807.56	108.0
817.72	108.0
841.0	108.0
879.24	108.0
885.4	108.0
894.76	108.0
901.16	108.0
930.0	108.0
946.96	108.0
962.48	108.0
967.0	108.0
969.72	108.0
1007.24	108.0
1017.76	108.0
1049.88	108.0
1063.0	108.0
1114.32	108.0
1143.64	108.0
1163.76	108.0
1183.84	108.0
1218.8	108.0
1222.72	108.0
1266.44	108.0
1290.12	108.0
1354.16	108.0
1373.24	108.0
302.48	109.0
327.76	109.0
416.88	109.0
459.08	109.0
476.0	109.0
503.64	109.0
571.2	109.0
594.68	109.0
662.84	109.0
719.76	109.0
772.44	109.0
843.4	109.0
857.68	109.0
925.96	109.0
966.68	109.0
1041.6	109.0
1083.36	109.0
1112.16	109.0
1144.8	109.0
1220.0	109.0
1311.72	109.0
1376.48	109.0
309.0	110.0
311.88	110.0
327.92	110.0
545.64	110.0
352.72	110.0
391.64	110.0
455.08	110.0
578.52	110.0
789.0	110.0
578.6	111.0
309.0	111.0
312.0	111.0
316.0	111.0
322.28	111.0
325.72	111.0
334.72	111.0
339.2	111.0
345.68	111.0
350.88	111.0
371.76	111.0
374.28	111.0
391.12	111.0
408.2	111.0
416.84	111.0
428.24	111.0
436.48	111.0
456.2	111.0
465.24	111.0
470.88	111.0
476.16	111.0
488.28	111.0
494.28	111.0
503.36	111.0
517.2	111.0
525.48	111.0
529.48	111.0
536.84	111.0
550.08	111.0
557.44	111.0
569.08	111.0
584.0	111.0
590.92	111.0
605.76	111.0
624.24	111.0
632.0	111.0
638.6	111.0
651.28	111.0
684.08	111.0
717.48	111.0
758.6	111.0
764.72	111.0
788.36	111.0
798.44	111.0
820.24	111.0
855.4	111.0
877.96	111.0
883.72	111.0
895.08	111.0
921.92	111.0
935.88	111.0
944.24	111.0
1019.04	111.0
1029.16	111.0
1050.36	111.0
1063.72	111.0
1082.28	111.0
1091.24	111.0
1108.88	111.0
1134.92	111.0
1141.92	111.0
1164.04	111.0
1169.68	111.0
1182.32	111.0
1219.04	111.0
1232.44	111.0
1253.52	111.0
1274.32	111.0
1317.96	111.0
1331.24	111.0
1338.6	111.0
1344.36	111.0
1370.84	111.0
1382.44	111.0
302.48	112.0
308.6	112.0
351.6	112.0
532.56	113.0
690.04	113.0
846.12	113.0
896.52	113.0
1087.44	113.0
1198.16	113.0
1278.2	113.0
1341.88	113.0
1381.32	113.0
304.32	114.0
430.04	114.0
308.56	114.0
313.48	114.0
370.16	114.0
387.52	114.0
420.68	114.0
506.16	114.0
528.28	114.0
684.04	114.0
690.08	114.0
773.24	114.0
907.88	114.0
1111.8	114.0
1116.04	114.0
1182.72	114.0
1236.56	114.0
1312.84	114.0
1377.64	114.0
1383.4	114.0
303.88	115.0
316.4	115.0
336.16	115.0
436.56	115.0
672.08	115.0
758.36	115.0
819.68	115.0
914.36	115.0
966.88	115.0
1123.48	115.0
1160.28	115.0
1214.0	115.0
1251.56	115.0
395.36	115.0
352.64	116.0
455.0	116.0
578.92	116.0
308.96	117.0
311.96	117.0
487.88	117.0
551.84	117.0
738.04	117.0
309.04	118.0
311.92	118.0
422.8	119.0
748.2	119.0
346.8	120.0
474.4	120.0
497.92	120.0
538.76	120.0
588.72	120.0
825.84	120.0
