303.44	96.0
114.16	97.0
302.48	97.0
349.52	97.0
302.52	99.0
362.12	99.0
431.08	99.0
622.12	99.0
873.16	99.0
1075.72	99.0
302.52	100.0
308.92	101.0
312.4	101.0
309.0	102.0
312.08	102.0
650.04	103.0
302.48	103.0
753.48	105.0
10.96	107.0
924.64	107.0
1165.76	107.0
128.76	108.0
14.6	108.0
29.08	108.0
39.4	108.0
58.6	108.0
70.12	108.0
109.88	108.0
121.4	108.0
153.36	108.0
161.44	108.0
194.04	108.0
207.16	108.0
212.6	108.0
216.04	108.0
229.4	108.0
271.84	108.0
277.52	108.0
288.52	108.0
292.4	108.0
302.88	108.0
311.72	108.0
322.8	108.0
357.96	108.0
395.68	108.0
414.64	108.0
422.84	108.0
449.24	108.0
516.76	108.0
550.0	108.0
555.84	108.0
685.16	108.0
699.96	108.0
707.84	108.0
731.12	108.0
754.6	108.0
757.4	108.0
780.16	108.0
858.32	108.0
887.32	108.0
930.84	108.0
938.56	108.0
1015.68	108.0
1079.56	108.0
1114.12	108.0
1149.2	108.0
1181.48	108.0
1212.32	108.0
1216.48	108.0
1287.24	108.0
33.24	109.0
61.88	109.0
120.68	109.0
143.28	109.0
156.28	109.0
213.52	109.0
248.4	109.0
289.72	109.0
302.48	109.0
340.04	109.0
359.48	109.0
374.08	109.0
413.16	109.0
450.28	109.0
482.8	109.0
519.96	109.0
623.44	109.0
669.76	109.0
705.56	109.0
821.44	109.0
6.64	110.0
309.0	110.0
312.04	110.0
375.32	110.0
3.84	111.0
13.48	111.0
21.76	111.0
30.8	111.0
52.88	111.0
58.28	111.0
83.24	111.0
97.2	111.0
103.68	111.0
123.08	111.0
136.88	111.0
150.16	111.0
179.28	111.0
186.88	111.0
229.6	111.0
248.48	111.0
265.64	111.0
287.8	111.0
309.0	111.0
311.96	111.0
318.88	111.0
326.44	111.0
340.92	111.0
358.72	111.0
368.0	111.0
374.8	111.0
386.84	111.0
412.28	111.0
418.44	111.0
438.8	111.0
450.52	111.0
459.64	111.0
482.36	111.0
540.64	111.0
580.88	111.0
587.84	111.0
596.52	111.0
633.44	111.0
664.2	111.0
672.28	111.0
687.04	111.0
704.68	111.0
734.92	111.0
744.88	111.0
755.44	111.0
775.92	111.0
788.16	111.0
810.64	111.0
815.0	111.0
874.56	111.0
907.8	111.0
960.52	111.0
981.16	111.0
987.48	111.0
1012.8	111.0
1070.04	111.0
1101.12	111.0
1124.76	111.0
1217.08	111.0
1235.28	111.0
1276.68	111.0
1285.96	111.0
30.76	112.0
111.68	112.0
302.28	112.0
454.72	113.0
541.84	113.0
563.16	113.0
865.16	113.0
967.28	113.0
499.76	114.0
40.44	114.0
169.24	114.0
258.64	114.0
266.4	114.0
286.24	114.0
491.72	114.0
522.2	114.0
594.08	114.0
753.24	114.0
956.56	114.0
1120.64	114.0
248.56	115.0
286.68	115.0
409.68	115.0
577.72	115.0
648.56	115.0
705.96	115.0
810.24	115.0
907.68	115.0
957.84	115.0
1009.68	115.0
1069.4	115.0
1123.96	115.0
1171.84	115.0
1272.04	115.0
309.0	117.0
312.04	117.0
37.84	117.0
288.56	117.0
309.0	118.0
312.2	118.0
421.24	119.0
572.56	119.0
30.48	120.0
85.24	120.0
736.2	120.0
814.76	120.0
