318.2	96.0
326.08	96.0
818.88	96.0
345.52	96.0
305.24	97.0
340.68	97.0
331.08	97.0
548.32	97.0
794.88	97.0
317.0	99.0
428.96	99.0
480.8	99.0
525.6	99.0
665.6	99.0
687.16	99.0
903.88	99.0
1035.0	99.0
1312.88	99.0
310.04	101.0
309.0	102.0
311.96	102.0
328.44	105.0
865.12	107.0
310.56	107.0
329.16	107.0
374.88	107.0
441.04	107.0
476.36	107.0
1263.96	107.0
1424.4	107.0
303.56	108.0
308.48	108.0
319.44	108.0
322.64	108.0
325.92	108.0
329.52	108.0
335.2	108.0
349.68	108.0
357.84	108.0
380.88	108.0
385.2	108.0
395.04	108.0
403.16	108.0
407.56	108.0
423.12	108.0
428.6	108.0
442.4	108.0
461.92	108.0
477.4	108.0
480.12	108.0
483.6	108.0
499.4	108.0
522.88	108.0
531.36	108.0
546.08	108.0
548.6	108.0
587.4	108.0
590.24	108.0
617.0	108.0
649.0	108.0
651.8	108.0
661.32	108.0
672.4	108.0
706.2	108.0
721.16	108.0
745.08	108.0
771.12	108.0
782.6	108.0
819.12	108.0
835.12	108.0
856.92	108.0
866.32	108.0
873.52	108.0
905.64	108.0
914.0	108.0
928.68	108.0
949.04	108.0
1018.44	108.0
1023.04	108.0
1052.32	108.0
1070.08	108.0
1127.6	108.0
1136.28	108.0
1193.0	108.0
1256.8	108.0
1260.32	108.0
1298.12	108.0
1322.72	108.0
1392.76	108.0
314.96	109.0
327.32	109.0
357.44	109.0
387.36	109.0
479.8	109.0
525.56	109.0
553.24	109.0
588.24	109.0
642.24	109.0
699.4	109.0
770.6	109.0
782.96	109.0
823.36	109.0
865.92	109.0
916.36	109.0
988.52	109.0
1105.68	109.0
1162.04	109.0
1203.04	109.0
1256.4	109.0
1356.96	109.0
309.0	110.0
311.76	110.0
358.12	110.0
404.44	110.0
1259.24	110.0
334.56	110.0
1223.96	110.0
309.0	111.0
312.24	111.0
323.96	111.0
330.08	111.0
340.0	111.0
346.68	111.0
355.72	111.0
358.44	111.0
363.52	111.0
372.72	111.0
378.0	111.0
384.2	111.0
391.36	111.0
403.12	111.0
409.84	111.0
418.48	111.0
428.2	111.0
438.08	111.0
450.64	111.0
453.92	111.0
460.52	111.0
476.12	111.0
482.2	111.0
489.72	111.0
503.12	111.0
509.6	111.0
515.56	111.0
526.12	111.0
530.08	111.0
540.16	111.0
552.12	111.0
556.68	111.0
562.68	111.0
574.76	111.0
580.88	111.0
587.4	111.0
593.24	111.0
598.48	111.0
628.36	111.0
663.48	111.0
704.68	111.0
708.48	111.0
724.52	111.0
744.12	111.0
749.24	111.0
766.8	111.0
781.2	111.0
801.12	111.0
830.96	111.0
865.08	111.0
871.12	111.0
895.48	111.0
902.56	111.0
925.24	111.0
958.2	111.0
977.24	111.0
985.64	111.0
1009.6	111.0
1024.4	111.0
1033.96	111.0
1043.08	111.0
1071.76	111.0
1082.04	111.0
1098.52	111.0
1117.92	111.0
1130.72	111.0
1162.48	111.0
1182.84	111.0
1195.56	111.0
1213.84	111.0
1263.24	111.0
1321.76	111.0
1355.04	111.0
1378.52	111.0
1400.36	111.0
1410.2	111.0
1424.4	111.0
389.56	113.0
813.24	113.0
924.48	113.0
992.36	113.0
1348.0	113.0
649.48	114.0
307.52	114.0
324.4	114.0
332.76	114.0
363.88	114.0
449.08	114.0
508.04	114.0
523.48	114.0
549.32	114.0
579.6	114.0
641.96	114.0
673.84	114.0
740.32	114.0
785.12	114.0
814.12	114.0
867.0	114.0
1004.0	114.0
1057.44	114.0
1337.0	114.0
303.96	115.0
404.0	115.0
461.44	115.0
502.24	115.0
637.44	115.0
722.88	115.0
764.36	115.0
822.36	115.0
1008.6	115.0
1116.48	115.0
1159.16	115.0
1214.2	115.0
1252.04	115.0
1317.92	115.0
1374.0	115.0
662.68	115.0
314.12	116.0
312.52	117.0
310.0	117.0
327.48	117.0
809.44	117.0
309.0	118.0
311.84	118.0
345.04	120.0
363.68	120.0
431.24	120.0
677.92	120.0
1391.4	120.0
