142.2	97.0
196.88	97.0
706.32	97.0
849.32	97.0
6.0	99.0
96.56	99.0
105.52	99.0
122.44	99.0
165.64	99.0
176.24	99.0
285.96	99.0
377.12	99.0
546.24	99.0
785.84	99.0
1226.84	99.0
309.96	101.0
309.0	102.0
311.84	102.0
752.64	104.0
490.36	105.0
536.92	105.0
3.68	106.0
323.36	106.0
388.64	107.0
1035.28	107.0
587.0	107.0
681.28	107.0
871.6	107.0
1116.32	107.0
1266.52	107.0
85.96	108.0
12.16	108.0
54.08	108.0
71.52	108.0
139.12	108.0
142.64	108.0
198.88	108.0
202.04	108.0
327.64	108.0
331.2	108.0
376.56	108.0
386.04	108.0
409.28	108.0
479.0	108.0
499.56	108.0
529.2	108.0
537.4	108.0
572.96	108.0
575.64	108.0
588.64	108.0
593.68	108.0
684.36	108.0
704.36	108.0
727.64	108.0
763.4	108.0
809.32	108.0
839.12	108.0
841.92	108.0
916.44	108.0
919.52	108.0
995.2	108.0
1029.32	108.0
1076.28	108.0
1116.24	108.0
1210.68	108.0
1263.6	108.0
1297.0	108.0
1313.6	108.0
12.8	109.0
38.64	109.0
69.44	109.0
102.96	109.0
139.76	109.0
161.08	109.0
187.24	109.0
219.52	109.0
242.44	109.0
279.2	109.0
314.4	109.0
331.32	109.0
362.56	109.0
392.6	109.0
434.76	109.0
498.88	109.0
535.2	109.0
583.2	109.0
648.76	109.0
689.08	109.0
736.4	109.0
763.04	109.0
805.12	109.0
993.0	109.0
1074.64	109.0
1176.48	109.0
1209.68	109.0
1236.32	109.0
308.96	110.0
312.0	110.0
360.04	110.0
848.24	110.0
1094.32	110.0
1284.6	110.0
327.52	110.0
411.64	110.0
12.4	111.0
48.08	111.0
68.16	111.0
103.88	111.0
110.4	111.0
126.04	111.0
135.56	111.0
143.24	111.0
157.2	111.0
173.68	111.0
180.32	111.0
196.2	111.0
212.84	111.0
230.24	111.0
249.44	111.0
258.48	111.0
275.12	111.0
288.28	111.0
309.0	111.0
312.08	111.0
316.04	111.0
326.52	111.0
333.04	111.0
337.56	111.0
344.4	111.0
356.8	111.0
363.68	111.0
388.16	111.0
411.16	111.0
420.72	111.0
431.44	111.0
445.84	111.0
455.4	111.0
495.56	111.0
507.56	111.0
523.4	111.0
534.8	111.0
557.04	111.0
576.84	111.0
625.4	111.0
633.36	111.0
650.2	111.0
689.2	111.0
711.68	111.0
717.64	111.0
736.68	111.0
768.96	111.0
781.28	111.0
805.92	111.0
817.56	111.0
851.88	111.0
868.2	111.0
884.12	111.0
896.6	111.0
908.96	111.0
932.08	111.0
945.28	111.0
967.36	111.0
990.12	111.0
1006.56	111.0
1073.4	111.0
1088.84	111.0
1136.92	111.0
1154.92	111.0
1174.52	111.0
1185.88	111.0
1208.48	111.0
1218.28	111.0
1258.08	111.0
1267.72	111.0
1307.2	111.0
1318.24	111.0
1328.28	111.0
8.16	112.0
174.44	112.0
58.44	113.0
94.0	113.0
254.08	113.0
414.04	113.0
596.68	113.0
1230.68	113.0
27.64	114.0
50.92	114.0
76.0	114.0
99.32	114.0
114.76	114.0
131.36	114.0
309.88	114.0
323.44	114.0
375.12	114.0
451.68	114.0
536.6	114.0
650.6	114.0
670.48	114.0
696.64	114.0
739.64	114.0
805.48	114.0
815.8	114.0
1001.4	114.0
1211.88	114.0
68.72	115.0
214.08	115.0
327.48	115.0
405.84	115.0
489.36	115.0
552.92	115.0
601.72	115.0
663.8	115.0
708.68	115.0
835.88	115.0
987.88	115.0
1032.72	115.0
1070.2	115.0
1116.4	115.0
1201.32	115.0
1299.32	115.0
456.0	116.0
535.36	116.0
312.6	117.0
94.88	117.0
310.04	117.0
376.28	117.0
309.0	118.0
312.08	118.0
365.92	119.0
1082.24	119.0
29.2	120.0
82.84	120.0
116.0	120.0
337.56	120.0
675.72	120.0
1260.4	120.0
