1034.2	96.0
302.48	96.0
306.12	97.0
302.52	97.0
426.36	97.0
564.64	97.0
646.0	97.0
1078.48	97.0
438.96	98.0
639.28	98.0
302.48	99.0
329.28	99.0
356.96	99.0
482.96	99.0
488.96	99.0
555.92	99.0
763.64	99.0
833.32	99.0
977.6	99.0
1085.96	99.0
302.76	100.0
312.52	101.0
310.0	101.0
309.0	102.0
311.88	102.0
302.48	103.0
329.2	103.0
808.48	105.0
320.56	107.0
413.4	107.0
313.8	107.0
332.08	107.0
393.6	107.0
596.32	107.0
1150.72	107.0
639.24	108.0
693.0	108.0
303.8	108.0
308.16	108.0
323.44	108.0
327.28	108.0
330.2	108.0
345.2	108.0
369.12	108.0
375.68	108.0
382.0	108.0
389.68	108.0
393.48	108.0
406.6	108.0
429.08	108.0
432.08	108.0
443.76	108.0
477.2	108.0
492.28	108.0
498.4	108.0
517.72	108.0
529.76	108.0
575.08	108.0
589.68	108.0
598.4	108.0
620.52	108.0
623.04	108.0
652.08	108.0
672.92	108.0
677.32	108.0
729.16	108.0
778.28	108.0
814.16	108.0
869.56	108.0
878.2	108.0
891.6	108.0
934.12	108.0
970.28	108.0
1047.8	108.0
1078.6	108.0
1096.04	108.0
1147.12	108.0
1197.2	108.0
1237.92	108.0
1264.84	108.0
1279.12	108.0
1295.36	108.0
302.52	109.0
330.88	109.0
371.64	109.0
392.56	109.0
414.32	109.0
434.04	109.0
476.12	109.0
517.6	109.0
548.4	109.0
576.68	109.0
637.6	109.0
675.4	109.0
729.2	109.0
759.28	109.0
805.64	109.0
875.56	109.0
906.2	109.0
1105.48	109.0
1148.24	109.0
1237.36	109.0
1278.56	109.0
1330.44	109.0
309.0	110.0
311.76	110.0
471.56	110.0
547.68	110.0
749.04	110.0
640.2	110.0
711.8	110.0
978.2	110.0
309.0	111.0
311.6	111.0
315.36	111.0
331.16	111.0
337.08	111.0
340.08	111.0
350.48	111.0
359.12	111.0
368.88	111.0
380.8	111.0
390.0	111.0
401.12	111.0
412.64	111.0
445.56	111.0
462.84	111.0
472.56	111.0
481.84	111.0
491.76	111.0
513.76	111.0
524.04	111.0
537.56	111.0
551.8	111.0
575.44	111.0
599.52	111.0
613.84	111.0
636.92	111.0
654.4	111.0
662.08	111.0
672.44	111.0
680.88	111.0
704.08	111.0
711.24	111.0
729.2	111.0
741.8	111.0
759.32	111.0
770.28	111.0
783.92	111.0
790.72	111.0
810.44	111.0
833.68	111.0
865.76	111.0
873.0	111.0
912.64	111.0
923.6	111.0
933.64	111.0
938.84	111.0
984.08	111.0
998.76	111.0
1027.24	111.0
1036.0	111.0
1051.64	111.0
1059.64	111.0
1075.6	111.0
1085.32	111.0
1100.88	111.0
1128.44	111.0
1146.56	111.0
1169.72	111.0
1202.12	111.0
1219.92	111.0
1234.08	111.0
1245.72	111.0
1270.56	111.0
1278.36	111.0
1293.64	111.0
1318.24	111.0
1329.8	111.0
302.8	112.0
341.28	112.0
585.36	113.0
713.52	113.0
1253.72	113.0
680.64	114.0
324.6	114.0
393.52	114.0
396.4	114.0
445.8	114.0
473.52	114.0
478.12	114.0
485.32	114.0
539.56	114.0
543.24	114.0
545.76	114.0
573.84	114.0
580.12	114.0
592.4	114.0
703.76	114.0
812.4	114.0
919.16	114.0
939.0	114.0
972.8	114.0
1075.52	114.0
303.88	115.0
327.0	115.0
359.64	115.0
391.88	115.0
430.0	115.0
492.0	115.0
514.6	115.0
635.44	115.0
727.0	115.0
970.28	115.0
1167.72	115.0
1234.84	115.0
1294.0	115.0
309.0	117.0
312.08	117.0
351.08	117.0
661.68	117.0
755.88	117.0
309.0	118.0
311.88	118.0
1111.04	118.0
474.8	120.0
311.32	120.0
414.12	120.0
1314.6	120.0
