409.52	96.0
880.88	96.0
1027.64	96.0
302.48	96.0
674.92	96.0
305.84	97.0
302.52	97.0
352.72	97.0
581.8	97.0
718.16	97.0
302.48	99.0
325.96	99.0
395.72	99.0
514.0	99.0
597.08	99.0
728.76	99.0
801.52	99.0
893.64	99.0
974.16	99.0
1111.92	99.0
1250.68	99.0
302.48	100.0
309.0	101.0
312.0	101.0
309.0	102.0
311.84	102.0
302.52	103.0
1109.32	105.0
622.4	105.0
752.48	105.0
315.32	107.0
337.2	107.0
392.36	107.0
493.76	107.0
1052.32	107.0
328.28	108.0
424.32	108.0
637.56	108.0
303.84	108.0
308.36	108.0
310.92	108.0
316.88	108.0
325.32	108.0
330.8	108.0
333.68	108.0
345.32	108.0
354.16	108.0
364.36	108.0
370.52	108.0
373.6	108.0
402.0	108.0
421.6	108.0
458.68	108.0
467.68	108.0
483.52	108.0
499.32	108.0
503.28	108.0
522.68	108.0
556.12	108.0
580.04	108.0
595.0	108.0
597.52	108.0
602.08	108.0
613.8	108.0
647.68	108.0
650.36	108.0
659.56	108.0
692.2	108.0
726.92	108.0
738.16	108.0
768.72	108.0
790.2	108.0
797.6	108.0
809.96	108.0
834.56	108.0
881.76	108.0
959.76	108.0
994.52	108.0
997.64	108.0
1026.4	108.0
1030.64	108.0
1066.2	108.0
1102.16	108.0
1107.28	108.0
1145.48	108.0
1173.4	108.0
1206.28	108.0
1302.28	108.0
1324.72	108.0
1342.92	108.0
1429.44	108.0
302.48	109.0
316.44	109.0
381.84	109.0
424.52	109.0
446.48	109.0
464.16	109.0
524.12	109.0
545.52	109.0
579.2	109.0
601.24	109.0
622.32	109.0
696.08	109.0
732.12	109.0
768.84	109.0
905.52	109.0
959.76	109.0
1065.8	109.0
1109.16	109.0
1176.4	109.0
1268.6	109.0
1308.96	109.0
1369.2	109.0
308.96	110.0
312.2	110.0
403.12	110.0
314.88	110.0
329.76	110.0
484.12	110.0
309.0	111.0
312.28	111.0
325.2	111.0
329.24	111.0
334.6	111.0
342.08	111.0
348.8	111.0
359.48	111.0
365.72	111.0
380.08	111.0
406.56	111.0
420.72	111.0
427.68	111.0
437.92	111.0
444.44	111.0
450.4	111.0
483.56	111.0
489.28	111.0
499.76	111.0
507.28	111.0
514.68	111.0
528.12	111.0
537.4	111.0
567.08	111.0
578.88	111.0
598.6	111.0
609.32	111.0
660.32	111.0
666.12	111.0
680.24	111.0
706.88	111.0
719.52	111.0
738.16	111.0
749.36	111.0
767.92	111.0
775.64	111.0
787.92	111.0
806.8	111.0
815.92	111.0
825.4	111.0
835.88	111.0
873.32	111.0
905.6	111.0
949.84	111.0
981.08	111.0
987.36	111.0
998.88	111.0
1007.56	111.0
1016.12	111.0
1031.52	111.0
1041.24	111.0
1071.88	111.0
1096.56	111.0
1107.84	111.0
1150.64	111.0
1166.36	111.0
1173.44	111.0
1202.52	111.0
1225.84	111.0
1237.64	111.0
1250.84	111.0
1284.64	111.0
1319.88	111.0
1347.2	111.0
1380.24	111.0
1426.12	111.0
302.48	112.0
609.32	112.0
380.88	113.0
322.4	113.0
538.6	113.0
683.48	113.0
742.88	113.0
984.8	113.0
1266.32	113.0
306.48	114.0
386.36	114.0
409.32	114.0
447.04	114.0
503.0	114.0
526.24	114.0
579.96	114.0
622.24	114.0
670.0	114.0
714.84	114.0
740.48	114.0
752.32	114.0
880.96	114.0
1018.72	114.0
1072.12	114.0
1109.6	114.0
1178.56	114.0
1227.44	114.0
1358.4	114.0
1369.96	114.0
303.92	115.0
326.12	115.0
380.64	115.0
404.28	115.0
439.64	115.0
475.0	115.0
555.08	115.0
598.88	115.0
766.4	115.0
852.64	115.0
1139.84	115.0
1224.84	115.0
1283.44	115.0
1320.72	115.0
1371.8	115.0
1415.32	115.0
579.48	116.0
308.96	117.0
311.64	117.0
319.08	117.0
366.0	117.0
616.0	117.0
374.12	117.0
522.8	117.0
1008.24	117.0
308.96	118.0
312.0	118.0
459.8	120.0
632.56	120.0
841.32	120.0
1101.08	120.0
1109.68	120.0
1137.28	120.0
