145.36	96.0
231.92	96.0
620.44	96.0
302.48	96.0
60.32	97.0
100.76	97.0
254.36	97.0
302.48	97.0
1108.84	97.0
6.72	99.0
38.56	99.0
110.24	99.0
156.48	99.0
184.04	99.0
302.48	99.0
507.88	99.0
606.64	99.0
656.48	99.0
783.84	99.0
859.08	99.0
992.96	99.0
1169.96	99.0
302.48	100.0
312.52	101.0
310.0	101.0
309.0	102.0
312.24	102.0
302.48	103.0
193.64	105.0
180.08	105.0
185.04	105.0
338.56	106.0
533.32	106.0
128.36	107.0
192.84	107.0
1298.24	107.0
100.4	107.0
124.44	107.0
148.48	107.0
174.68	107.0
232.28	108.0
318.64	108.0
10.92	108.0
26.64	108.0
41.96	108.0
45.16	108.0
57.68	108.0
73.92	108.0
77.4	108.0
83.16	108.0
102.8	108.0
107.08	108.0
118.88	108.0
126.2	108.0
142.56	108.0
145.76	108.0
149.4	108.0
156.56	108.0
159.84	108.0
173.16	108.0
177.6	108.0
189.44	108.0
192.92	108.0
208.72	108.0
249.72	108.0
264.44	108.0
282.4	108.0
302.72	108.0
341.88	108.0
353.64	108.0
374.4	108.0
399.96	108.0
417.12	108.0
429.76	108.0
478.64	108.0
502.84	108.0
525.36	108.0
552.16	108.0
577.36	108.0
605.2	108.0
615.04	108.0
617.64	108.0
660.0	108.0
691.72	108.0
784.12	108.0
830.36	108.0
917.28	108.0
943.0	108.0
946.6	108.0
962.52	108.0
1007.36	108.0
1063.36	108.0
1130.96	108.0
1158.72	108.0
1215.92	108.0
1315.72	108.0
1319.08	108.0
23.04	109.0
47.36	109.0
74.0	109.0
100.84	109.0
125.84	109.0
160.8	109.0
176.32	109.0
194.0	109.0
231.08	109.0
247.88	109.0
285.4	109.0
302.48	109.0
319.04	109.0
339.48	109.0
373.96	109.0
442.12	109.0
502.4	109.0
525.28	109.0
575.56	109.0
611.92	109.0
658.44	109.0
825.84	109.0
881.32	109.0
1069.96	109.0
1090.92	109.0
1131.0	109.0
1189.84	109.0
1222.88	109.0
1285.64	109.0
1298.04	109.0
73.96	110.0
309.0	110.0
311.76	110.0
122.48	110.0
159.6	110.0
576.28	110.0
483.52	111.0
15.92	111.0
33.12	111.0
45.36	111.0
83.0	111.0
100.64	111.0
104.0	111.0
109.52	111.0
122.68	111.0
129.76	111.0
145.36	111.0
151.12	111.0
158.4	111.0
172.88	111.0
187.6	111.0
193.92	111.0
204.76	111.0
221.72	111.0
228.24	111.0
258.64	111.0
265.48	111.0
276.96	111.0
309.0	111.0
312.44	111.0
354.16	111.0
415.08	111.0
426.04	111.0
439.32	111.0
456.44	111.0
497.76	111.0
522.64	111.0
530.16	111.0
539.32	111.0
545.48	111.0
571.0	111.0
583.24	111.0
592.72	111.0
600.92	111.0
616.92	111.0
636.08	111.0
657.6	111.0
676.16	111.0
727.12	111.0
749.12	111.0
757.28	111.0
804.56	111.0
837.44	111.0
846.88	111.0
886.36	111.0
901.92	111.0
911.32	111.0
942.56	111.0
961.08	111.0
977.4	111.0
1047.4	111.0
1067.64	111.0
1119.96	111.0
1129.44	111.0
1143.12	111.0
1165.76	111.0
1203.12	111.0
1247.16	111.0
1261.56	111.0
1276.32	111.0
1293.76	111.0
1322.6	111.0
302.52	112.0
219.32	112.0
233.12	112.0
302.52	113.0
127.08	113.0
289.88	113.0
347.36	113.0
540.52	113.0
670.16	113.0
699.04	113.0
155.28	114.0
86.4	114.0
128.56	114.0
212.76	114.0
288.0	114.0
446.12	114.0
528.92	114.0
662.24	114.0
964.88	114.0
1071.32	114.0
1295.4	114.0
3.44	115.0
41.12	115.0
71.0	115.0
95.2	115.0
171.4	115.0
366.72	115.0
476.96	115.0
570.36	115.0
869.6	115.0
1085.92	115.0
1121.88	115.0
1234.96	115.0
1291.0	115.0
159.52	116.0
173.8	117.0
298.2	117.0
308.96	117.0
311.96	117.0
369.2	117.0
309.0	118.0
312.2	118.0
144.32	119.0
231.72	120.0
303.84	120.0
110.44	120.0
193.12	120.0
359.52	120.0
890.92	120.0
1320.96	120.0
