302.48	96.0
306.6	97.0
302.52	97.0
404.24	97.0
302.48	99.0
320.24	99.0
329.2	99.0
408.56	99.0
495.0	99.0
583.8	99.0
717.2	99.0
762.12	99.0
795.36	99.0
847.12	99.0
1053.64	99.0
1199.76	99.0
302.48	100.0
310.04	101.0
309.0	102.0
311.72	102.0
314.12	103.0
302.52	103.0
1213.72	105.0
1168.28	106.0
312.2	107.0
347.52	107.0
470.72	107.0
302.6	108.0
1174.64	108.0
1177.44	108.0
308.88	108.0
318.76	108.0
328.04	108.0
337.6	108.0
344.16	108.0
347.28	108.0
356.4	108.0
374.44	108.0
394.88	108.0
414.24	108.0
417.08	108.0
446.44	108.0
472.08	108.0
480.2	108.0
494.52	108.0
513.48	108.0
528.08	108.0
545.92	108.0
564.84	108.0
578.36	108.0
589.48	108.0
615.84	108.0
644.32	108.0
654.52	108.0
674.64	108.0
721.52	108.0
734.36	108.0
810.64	108.0
870.0	108.0
888.52	108.0
1009.48	108.0
1065.8	108.0
1111.08	108.0
1143.4	108.0
1196.0	108.0
1217.84	108.0
1222.28	108.0
1264.6	108.0
1345.04	108.0
1357.84	108.0
302.52	109.0
355.88	109.0
395.2	109.0
433.72	109.0
458.96	109.0
528.12	109.0
584.08	109.0
750.8	109.0
949.2	109.0
985.28	109.0
1040.64	109.0
1174.92	109.0
1217.32	109.0
1290.04	109.0
1400.84	109.0
308.96	110.0
311.8	110.0
394.48	110.0
474.2	110.0
842.2	110.0
698.88	110.0
1094.0	110.0
309.0	111.0
312.08	111.0
324.56	111.0
334.84	111.0
340.52	111.0
350.04	111.0
355.36	111.0
370.72	111.0
377.96	111.0
395.44	111.0
410.56	111.0
471.2	111.0
494.16	111.0
505.72	111.0
527.72	111.0
536.08	111.0
542.68	111.0
551.2	111.0
555.96	111.0
564.16	111.0
579.8	111.0
591.16	111.0
602.84	111.0
608.96	111.0
615.0	111.0
653.32	111.0
667.12	111.0
675.12	111.0
698.32	111.0
721.76	111.0
728.4	111.0
756.64	111.0
763.48	111.0
775.8	111.0
789.68	111.0
804.4	111.0
819.8	111.0
830.64	111.0
869.52	111.0
877.76	111.0
934.4	111.0
962.0	111.0
982.68	111.0
1036.68	111.0
1048.48	111.0
1067.04	111.0
1075.8	111.0
1093.44	111.0
1102.2	111.0
1171.32	111.0
1192.8	111.0
1215.68	111.0
1221.68	111.0
1263.92	111.0
1287.04	111.0
1307.2	111.0
1343.44	111.0
1399.52	111.0
302.48	112.0
574.6	112.0
302.52	113.0
457.72	113.0
504.12	113.0
585.28	113.0
674.72	113.0
709.92	113.0
754.12	113.0
1068.76	113.0
395.2	114.0
719.84	114.0
351.2	114.0
405.2	114.0
470.68	114.0
523.88	114.0
557.92	114.0
573.84	114.0
644.92	114.0
695.04	114.0
724.6	114.0
804.32	114.0
876.92	114.0
938.32	114.0
954.68	114.0
990.96	114.0
1098.92	114.0
1106.6	114.0
1123.0	114.0
1139.52	114.0
1266.52	114.0
1405.32	114.0
1422.96	114.0
303.68	115.0
336.52	115.0
367.28	115.0
389.76	115.0
444.16	115.0
507.04	115.0
526.04	115.0
577.76	115.0
668.0	115.0
698.96	115.0
892.76	115.0
1028.76	115.0
1172.2	115.0
1332.04	115.0
1425.2	115.0
506.24	116.0
309.0	117.0
312.0	117.0
489.32	117.0
314.68	117.0
318.28	117.0
765.72	117.0
309.0	118.0
311.92	118.0
515.08	120.0
557.4	120.0
573.92	120.0
630.88	120.0
1122.76	120.0
1357.48	120.0
