326.92	96.0
331.2	96.0
565.6	97.0
305.12	97.0
4.36	99.0
76.72	99.0
164.0	99.0
417.88	99.0
309.04	101.0
312.32	101.0
309.0	102.0
311.72	102.0
265.24	105.0
320.84	107.0
5.96	108.0
15.32	108.0
62.92	108.0
189.36	108.0
203.16	108.0
240.52	108.0
306.0	108.0
320.16	108.0
329.0	108.0
334.12	108.0
383.0	108.0
425.6	108.0
439.36	108.0
478.56	108.0
529.24	108.0
541.72	108.0
547.52	108.0
41.76	109.0
71.04	109.0
157.6	109.0
243.92	109.0
293.52	109.0
331.88	109.0
371.88	109.0
438.12	109.0
547.12	109.0
308.96	110.0
311.88	110.0
533.68	110.0
437.28	110.0
23.68	111.0
36.24	111.0
99.44	111.0
148.04	111.0
157.48	111.0
174.6	111.0
214.08	111.0
234.76	111.0
242.56	111.0
252.64	111.0
279.64	111.0
308.96	111.0
311.96	111.0
320.12	111.0
325.72	111.0
330.16	111.0
349.44	111.0
372.16	111.0
397.36	111.0
414.84	111.0
436.68	111.0
448.08	111.0
495.64	111.0
517.64	111.0
574.76	111.0
273.28	113.0
396.88	113.0
417.36	113.0
342.12	114.0
72.12	114.0
129.16	114.0
167.68	114.0
246.84	114.0
330.8	114.0
408.4	114.0
547.6	114.0
21.28	115.0
90.04	115.0
144.8	115.0
211.4	115.0
275.76	115.0
398.64	115.0
433.6	115.0
491.08	115.0
558.04	115.0
614.64	115.0
743.2	115.0
148.6	116.0
309.0	117.0
312.36	117.0
330.72	117.0
339.36	117.0
308.96	118.0
311.76	118.0
78.24	120.0
371.76	120.0
496.36	120.0
