316.16	96.0
321.8	96.0
399.16	96.0
525.44	96.0
306.64	97.0
318.96	97.0
573.92	97.0
315.12	99.0
327.84	99.0
349.68	99.0
419.48	99.0
439.92	99.0
532.84	99.0
673.68	99.0
756.96	99.0
845.28	99.0
888.52	99.0
985.16	99.0
1054.96	99.0
1057.52	99.0
1138.8	99.0
1189.52	99.0
1269.56	99.0
310.12	101.0
309.0	102.0
311.96	102.0
341.16	105.0
446.08	105.0
556.76	105.0
1109.32	105.0
438.4	106.0
476.28	106.0
541.72	106.0
586.08	106.0
650.0	106.0
741.16	106.0
788.96	106.0
837.88	106.0
882.72	106.0
1135.68	106.0
312.96	107.0
329.56	107.0
347.0	107.0
398.52	107.0
437.92	107.0
400.48	108.0
424.8	108.0
1103.88	108.0
303.52	108.0
308.48	108.0
316.24	108.0
327.0	108.0
330.36	108.0
337.32	108.0
347.04	108.0
351.52	108.0
362.08	108.0
369.64	108.0
372.64	108.0
376.48	108.0
380.32	108.0
394.72	108.0
410.68	108.0
416.96	108.0
419.52	108.0
437.88	108.0
443.36	108.0
456.84	108.0
478.72	108.0
501.68	108.0
515.36	108.0
560.08	108.0
570.56	108.0
581.48	108.0
609.68	108.0
661.76	108.0
675.08	108.0
721.16	108.0
750.6	108.0
755.44	108.0
765.88	108.0
809.88	108.0
903.44	108.0
1008.68	108.0
1079.6	108.0
1084.24	108.0
1111.44	108.0
1147.08	108.0
1255.72	108.0
1268.0	108.0
315.2	109.0
330.08	109.0
342.0	109.0
351.84	109.0
368.84	109.0
385.48	109.0
395.36	109.0
484.68	109.0
726.68	109.0
750.2	109.0
835.44	109.0
890.0	109.0
912.2	109.0
1015.24	109.0
1077.04	109.0
1145.8	109.0
1159.48	109.0
1302.52	109.0
309.0	110.0
311.84	110.0
328.76	110.0
396.36	110.0
420.88	110.0
553.64	110.0
592.28	110.0
848.84	110.0
319.28	110.0
325.52	110.0
576.48	110.0
860.04	110.0
309.0	111.0
311.84	111.0
324.28	111.0
328.6	111.0
333.32	111.0
345.72	111.0
351.4	111.0
357.84	111.0
361.0	111.0
364.16	111.0
369.52	111.0
379.6	111.0
384.32	111.0
409.08	111.0
415.4	111.0
419.56	111.0
424.96	111.0
430.64	111.0
441.72	111.0
450.76	111.0
457.68	111.0
464.52	111.0
484.64	111.0
491.64	111.0
507.52	111.0
518.48	111.0
526.24	111.0
533.6	111.0
575.6	111.0
621.72	111.0
639.64	111.0
696.48	111.0
703.0	111.0
716.56	111.0
722.2	111.0
749.16	111.0
778.0	111.0
791.96	111.0
808.12	111.0
831.8	111.0
863.68	111.0
908.72	111.0
930.24	111.0
943.2	111.0
987.08	111.0
1007.96	111.0
1024.0	111.0
1104.92	111.0
1122.68	111.0
1156.68	111.0
1175.96	111.0
1208.32	111.0
1231.48	111.0
1241.32	111.0
1257.52	111.0
1270.6	111.0
1284.08	111.0
1301.36	111.0
500.12	112.0
375.08	112.0
486.68	112.0
310.08	113.0
505.16	113.0
766.84	113.0
818.64	113.0
908.92	113.0
463.4	114.0
1209.48	114.0
305.76	114.0
313.24	114.0
321.92	114.0
344.04	114.0
374.6	114.0
421.68	114.0
445.92	114.0
508.72	114.0
511.56	114.0
530.56	114.0
556.76	114.0
597.16	114.0
744.56	114.0
892.0	114.0
991.0	114.0
997.04	114.0
1316.76	114.0
304.04	115.0
406.84	115.0
1045.56	115.0
1177.72	115.0
317.68	115.0
396.24	115.0
325.48	116.0
420.12	116.0
576.4	116.0
309.0	117.0
311.96	117.0
518.76	117.0
352.24	117.0
371.32	117.0
396.28	117.0
494.28	117.0
579.64	117.0
309.0	118.0
311.56	118.0
420.48	119.0
631.16	119.0
904.24	120.0
337.64	120.0
344.36	120.0
378.0	120.0
453.36	120.0
536.28	120.0
900.04	120.0
