311.32	96.0
388.84	96.0
302.52	96.0
128.52	97.0
825.32	97.0
302.6	97.0
306.16	97.0
56.6	99.0
81.8	99.0
149.2	99.0
221.08	99.0
302.48	99.0
319.24	99.0
432.32	99.0
302.48	100.0
310.08	101.0
309.0	102.0
311.92	102.0
169.56	106.0
355.28	106.0
314.88	107.0
1219.04	107.0
19.96	108.0
137.88	108.0
40.6	108.0
70.32	108.0
88.36	108.0
157.96	108.0
178.64	108.0
194.6	108.0
279.12	108.0
290.92	108.0
302.92	108.0
310.2	108.0
335.52	108.0
382.2	108.0
414.52	108.0
491.44	108.0
560.68	109.0
127.16	109.0
282.56	109.0
302.48	109.0
333.2	109.0
373.72	109.0
448.4	109.0
308.96	110.0
312.2	110.0
396.76	110.0
201.24	110.0
366.68	110.0
533.48	110.0
885.56	110.0
18.68	111.0
34.72	111.0
71.52	111.0
82.88	111.0
109.76	111.0
135.04	111.0
148.72	111.0
169.08	111.0
200.68	111.0
206.92	111.0
253.4	111.0
264.2	111.0
309.0	111.0
311.92	111.0
316.12	111.0
329.28	111.0
342.12	111.0
353.0	111.0
368.92	111.0
389.48	111.0
411.68	111.0
418.88	111.0
445.0	111.0
474.84	111.0
526.68	111.0
540.36	111.0
573.12	111.0
592.4	111.0
1260.4	111.0
1285.64	111.0
302.76	112.0
861.88	112.0
49.72	113.0
76.36	113.0
127.48	113.0
308.84	113.0
231.68	114.0
329.12	114.0
409.24	114.0
564.04	114.0
1196.0	114.0
1321.92	114.0
134.36	115.0
253.92	115.0
500.92	115.0
571.84	115.0
848.64	115.0
1005.8	115.0
1194.2	115.0
1279.96	115.0
366.6	116.0
533.36	116.0
885.48	116.0
308.96	117.0
312.24	117.0
309.0	118.0
311.84	118.0
212.72	119.0
