350.72	96.0
302.52	96.0
360.72	97.0
385.68	97.0
306.96	97.0
375.28	97.0
427.8	97.0
1082.72	97.0
302.48	99.0
382.48	99.0
414.68	99.0
479.56	99.0
507.8	99.0
571.12	99.0
615.68	99.0
635.32	99.0
654.24	99.0
755.84	99.0
793.8	99.0
851.08	99.0
911.96	99.0
973.16	99.0
1017.28	99.0
1052.76	99.0
1104.72	99.0
1222.72	99.0
1297.6	99.0
1316.6	99.0
302.48	100.0
308.92	101.0
311.68	101.0
309.0	102.0
311.92	102.0
302.52	103.0
451.56	103.0
654.8	103.0
940.48	105.0
373.2	106.0
416.6	106.0
440.2	106.0
465.24	106.0
499.24	106.0
523.48	106.0
553.72	106.0
601.12	106.0
623.48	106.0
663.0	106.0
726.8	106.0
770.96	106.0
839.04	106.0
873.64	106.0
902.8	106.0
936.24	106.0
959.64	106.0
1044.36	106.0
1234.48	106.0
318.72	107.0
352.96	107.0
358.96	107.0
315.08	107.0
336.8	107.0
384.92	107.0
417.68	107.0
429.24	107.0
400.0	108.0
443.84	108.0
447.72	108.0
582.52	108.0
303.44	108.0
308.76	108.0
326.4	108.0
330.64	108.0
341.6	108.0
348.72	108.0
361.0	108.0
366.64	108.0
378.36	108.0
388.56	108.0
427.96	108.0
485.36	108.0
496.44	108.0
514.0	108.0
518.36	108.0
539.76	108.0
548.88	108.0
574.0	108.0
577.24	108.0
605.16	108.0
628.48	108.0
636.48	108.0
654.32	108.0
779.68	108.0
788.8	108.0
806.36	108.0
838.04	108.0
866.52	108.0
891.96	108.0
908.68	108.0
963.96	108.0
1035.24	108.0
1117.6	108.0
1147.84	108.0
1199.52	108.0
1219.52	108.0
1292.12	108.0
1316.0	108.0
302.48	109.0
315.16	109.0
326.92	109.0
340.2	109.0
388.32	109.0
412.4	109.0
426.48	109.0
452.76	109.0
467.8	109.0
550.52	109.0
575.16	109.0
730.0	109.0
883.52	109.0
1134.52	109.0
308.96	110.0
312.04	110.0
373.28	110.0
419.28	110.0
472.6	110.0
626.36	110.0
683.44	110.0
322.92	110.0
353.44	110.0
397.2	110.0
436.96	110.0
491.72	110.0
601.8	110.0
309.0	111.0
311.56	111.0
319.72	111.0
323.76	111.0
332.12	111.0
339.6	111.0
347.4	111.0
352.48	111.0
359.68	111.0
362.88	111.0
368.12	111.0
376.08	111.0
384.6	111.0
403.04	111.0
408.12	111.0
424.12	111.0
430.96	111.0
436.4	111.0
438.92	111.0
442.92	111.0
448.64	111.0
456.88	111.0
466.72	111.0
476.04	111.0
480.68	111.0
491.24	111.0
501.68	111.0
516.92	111.0
524.56	111.0
538.72	111.0
545.4	111.0
556.96	111.0
578.88	111.0
623.68	111.0
631.48	111.0
646.32	111.0
653.96	111.0
663.64	111.0
687.64	111.0
697.04	111.0
714.88	111.0
740.08	111.0
759.0	111.0
786.52	111.0
802.64	111.0
834.04	111.0
854.36	111.0
864.72	111.0
884.72	111.0
891.76	111.0
910.48	111.0
919.32	111.0
925.08	111.0
953.76	111.0
967.84	111.0
975.32	111.0
1034.08	111.0
1049.36	111.0
1073.16	111.0
1092.84	111.0
1107.28	111.0
1125.6	111.0
1137.56	111.0
1143.56	111.0
1168.28	111.0
1175.24	111.0
1193.6	111.0
1202.0	111.0
1225.4	111.0
1247.32	111.0
1262.84	111.0
1269.76	111.0
1278.44	111.0
1293.16	111.0
302.64	112.0
363.76	112.0
478.08	112.0
490.92	112.0
626.16	112.0
967.44	112.0
308.44	113.0
401.92	113.0
625.44	113.0
663.44	113.0
1129.2	113.0
1022.16	114.0
304.44	114.0
307.64	114.0
312.92	114.0
339.4	114.0
345.24	114.0
359.44	114.0
399.56	114.0
407.92	114.0
510.48	114.0
539.84	114.0
581.72	114.0
626.56	114.0
682.56	114.0
802.76	114.0
931.2	114.0
1253.28	114.0
304.08	115.0
360.52	115.0
953.8	115.0
1070.48	115.0
1222.52	115.0
580.48	115.0
397.08	116.0
309.0	117.0
311.68	117.0
1285.88	117.0
320.2	117.0
326.88	117.0
371.0	117.0
599.36	117.0
664.16	117.0
748.84	117.0
309.04	118.0
311.92	118.0
351.76	120.0
372.28	120.0
419.36	120.0
464.44	120.0
477.72	120.0
520.28	120.0
