179.2	96.0
422.68	96.0
21.6	97.0
210.72	97.0
305.52	97.0
117.08	99.0
140.8	99.0
270.84	99.0
358.92	99.0
378.96	99.0
428.96	99.0
466.0	99.0
512.84	99.0
615.12	99.0
671.96	99.0
822.0	99.0
946.2	99.0
310.0	101.0
309.04	102.0
311.96	102.0
20.64	106.0
48.04	106.0
66.08	106.0
88.08	106.0
147.64	106.0
183.44	106.0
239.64	106.0
287.6	106.0
325.24	106.0
346.56	106.0
507.48	106.0
552.6	106.0
750.76	106.0
958.92	106.0
255.92	107.0
1011.56	107.0
92.0	108.0
215.08	108.0
696.28	108.0
6.2	108.0
41.0	108.0
83.48	108.0
116.36	108.0
199.28	108.0
271.0	108.0
295.88	108.0
330.6	108.0
355.56	108.0
494.32	108.0
624.76	108.0
646.84	108.0
656.24	108.0
680.56	108.0
748.8	108.0
813.28	108.0
816.96	108.0
832.04	108.0
870.72	108.0
937.52	108.0
990.4	108.0
997.12	108.0
1032.88	108.0
1051.24	108.0
1119.8	108.0
5.6	109.0
56.88	109.0
157.32	109.0
193.92	109.0
272.48	109.0
294.56	109.0
343.8	109.0
402.28	109.0
440.8	109.0
508.24	109.0
598.2	109.0
652.72	109.0
810.32	109.0
184.56	110.0
308.96	110.0
311.88	110.0
22.48	111.0
31.84	111.0
47.72	111.0
51.84	111.0
63.92	111.0
79.88	111.0
89.88	111.0
98.24	111.0
110.28	111.0
120.52	111.0
129.6	111.0
156.16	111.0
186.0	111.0
206.72	111.0
212.72	111.0
234.72	111.0
249.24	111.0
256.44	111.0
271.68	111.0
285.44	111.0
289.84	111.0
309.0	111.0
312.12	111.0
323.88	111.0
332.64	111.0
354.2	111.0
361.92	111.0
379.28	111.0
399.04	111.0
407.12	111.0
413.64	111.0
427.0	111.0
433.68	111.0
441.2	111.0
467.68	111.0
496.84	111.0
521.96	111.0
542.24	111.0
564.0	111.0
572.8	111.0
592.0	111.0
598.16	111.0
628.08	111.0
647.96	111.0
695.88	111.0
730.64	111.0
736.56	111.0
751.68	111.0
769.32	111.0
780.04	111.0
793.88	111.0
820.4	111.0
850.52	111.0
882.84	111.0
898.2	111.0
911.92	111.0
936.48	111.0
944.04	111.0
960.52	111.0
981.76	111.0
1006.92	111.0
1022.48	111.0
1061.2	111.0
1078.84	111.0
1213.08	111.0
1229.36	111.0
292.72	112.0
47.36	112.0
350.72	113.0
135.96	113.0
155.08	113.0
165.48	113.0
559.8	113.0
977.88	113.0
1000.68	113.0
263.76	114.0
25.92	114.0
61.64	114.0
66.6	114.0
76.4	114.0
252.56	114.0
304.12	114.0
425.68	114.0
558.2	114.0
573.44	114.0
707.36	114.0
945.52	114.0
1170.76	114.0
1187.88	114.0
1345.12	114.0
678.4	115.0
844.04	115.0
935.8	115.0
1079.72	115.0
1144.92	115.0
1270.6	115.0
309.04	117.0
311.8	117.0
112.68	117.0
235.16	117.0
356.56	117.0
309.0	118.0
311.92	118.0
429.16	119.0
303.6	120.0
159.72	120.0
416.52	120.0
