378.6	96.0
306.16	97.0
330.96	97.0
410.36	97.0
816.64	97.0
845.8	97.0
1013.36	97.0
410.92	99.0
446.08	99.0
453.56	99.0
531.6	99.0
645.08	99.0
748.8	99.0
779.72	99.0
815.16	99.0
918.96	99.0
1002.24	99.0
1189.64	99.0
1250.32	99.0
1305.6	99.0
1399.72	99.0
310.04	101.0
309.0	102.0
312.28	102.0
546.68	106.0
683.08	106.0
773.12	106.0
815.84	106.0
327.76	107.0
393.8	107.0
402.8	107.0
315.16	107.0
490.84	107.0
339.88	108.0
303.52	108.0
308.88	108.0
316.04	108.0
318.72	108.0
329.48	108.0
350.32	108.0
353.44	108.0
365.84	108.0
369.28	108.0
372.08	108.0
384.4	108.0
395.72	108.0
431.24	108.0
478.48	108.0
492.92	108.0
510.48	108.0
513.0	108.0
520.32	108.0
546.88	108.0
555.28	108.0
558.64	108.0
585.32	108.0
612.68	108.0
624.96	108.0
645.6	108.0
665.56	108.0
692.84	108.0
696.24	108.0
733.68	108.0
779.64	108.0
817.6	108.0
857.84	108.0
869.08	108.0
930.28	108.0
945.08	108.0
979.92	108.0
1026.36	108.0
1029.28	108.0
1133.8	108.0
1160.4	108.0
1165.08	108.0
1194.08	108.0
1253.52	108.0
1270.44	108.0
1357.48	108.0
328.0	109.0
371.64	109.0
414.72	109.0
496.56	109.0
523.24	109.0
611.32	109.0
645.2	109.0
665.6	109.0
695.76	109.0
725.64	109.0
743.48	109.0
805.08	109.0
864.24	109.0
943.36	109.0
965.44	109.0
1167.12	109.0
308.96	110.0
311.88	110.0
322.88	110.0
389.72	110.0
424.36	110.0
640.24	110.0
736.68	110.0
887.72	110.0
314.76	110.0
350.44	110.0
479.68	110.0
309.0	111.0
311.76	111.0
317.44	111.0
320.92	111.0
328.2	111.0
332.64	111.0
338.6	111.0
344.12	111.0
350.08	111.0
359.8	111.0
375.48	111.0
392.28	111.0
399.32	111.0
421.84	111.0
434.6	111.0
441.2	111.0
455.0	111.0
463.04	111.0
473.08	111.0
478.96	111.0
487.08	111.0
495.56	111.0
501.72	111.0
508.56	111.0
515.2	111.0
531.24	111.0
551.68	111.0
583.56	111.0
589.64	111.0
594.84	111.0
621.28	111.0
627.68	111.0
688.04	111.0
694.4	111.0
705.64	111.0
712.16	111.0
724.84	111.0
734.08	111.0
743.2	111.0
761.12	111.0
767.72	111.0
774.96	111.0
787.56	111.0
800.24	111.0
816.28	111.0
829.72	111.0
840.6	111.0
899.48	111.0
909.2	111.0
926.68	111.0
935.36	111.0
958.8	111.0
973.16	111.0
982.96	111.0
995.64	111.0
999.6	111.0
1006.36	111.0
1056.08	111.0
1069.68	111.0
1090.6	111.0
1102.72	111.0
1153.48	111.0
1187.56	111.0
1209.36	111.0
1231.76	111.0
1242.2	111.0
1261.2	111.0
1280.04	111.0
1307.16	111.0
1338.84	111.0
1355.44	111.0
1406.32	111.0
360.6	112.0
452.84	112.0
310.8	113.0
417.08	113.0
499.72	113.0
532.36	113.0
609.32	113.0
985.68	113.0
1166.4	113.0
335.56	114.0
304.48	114.0
311.32	114.0
340.04	114.0
443.8	114.0
501.72	114.0
526.4	114.0
532.64	114.0
604.76	114.0
609.88	114.0
828.6	114.0
842.32	114.0
911.52	114.0
917.92	114.0
923.08	114.0
962.76	114.0
1189.2	114.0
1335.4	114.0
303.68	115.0
317.96	115.0
412.2	115.0
866.8	115.0
1036.08	115.0
1152.6	115.0
1209.08	115.0
1331.8	115.0
1391.52	115.0
356.72	115.0
359.4	115.0
538.4	115.0
744.08	115.0
479.64	116.0
725.4	116.0
1091.16	116.0
309.0	117.0
312.2	117.0
386.32	117.0
998.48	117.0
343.72	117.0
350.64	117.0
414.28	117.0
496.08	117.0
620.64	117.0
867.72	117.0
309.0	118.0
312.04	118.0
619.92	120.0
372.52	120.0
381.88	120.0
410.92	120.0
435.44	120.0
533.4	120.0
604.84	120.0
751.12	120.0
805.84	120.0
