309.8	96.0
302.52	96.0
302.52	97.0
334.12	97.0
381.2	97.0
525.08	97.0
302.52	99.0
339.96	99.0
401.72	99.0
491.76	99.0
302.48	100.0
309.0	101.0
311.76	101.0
309.0	102.0
312.08	102.0
302.48	103.0
302.56	104.0
344.16	107.0
321.2	108.0
348.28	108.0
424.12	108.0
38.08	108.0
68.24	108.0
135.12	108.0
303.56	108.0
308.88	108.0
312.48	108.0
317.16	108.0
326.52	108.0
329.04	108.0
357.48	108.0
362.44	108.0
380.6	108.0
396.8	108.0
401.88	108.0
438.8	108.0
503.28	108.0
579.56	108.0
302.52	109.0
308.96	110.0
311.64	110.0
329.44	111.0
26.24	111.0
46.92	111.0
134.0	111.0
309.0	111.0
311.72	111.0
322.24	111.0
343.04	111.0
346.92	111.0
352.72	111.0
362.72	111.0
375.88	111.0
379.96	111.0
383.04	111.0
398.36	111.0
410.28	111.0
420.72	111.0
427.48	111.0
438.44	111.0
456.16	111.0
461.88	111.0
483.48	111.0
494.24	111.0
502.64	111.0
524.36	111.0
572.64	111.0
615.2	111.0
624.84	111.0
302.68	112.0
327.92	112.0
319.76	112.0
309.28	113.0
352.96	113.0
352.04	114.0
304.64	114.0
354.96	114.0
427.96	114.0
475.88	114.0
491.84	114.0
26.8	115.0
91.32	115.0
254.6	115.0
309.48	115.0
343.88	115.0
521.2	115.0
572.48	115.0
302.48	115.0
308.96	117.0
312.24	117.0
309.04	118.0
311.76	118.0
115.48	120.0
160.44	120.0
328.28	120.0
