14.76	96.0
49.8	96.0
302.52	96.0
25.8	97.0
74.8	97.0
305.0	97.0
353.6	97.0
218.16	98.0
273.56	98.0
20.96	99.0
45.4	99.0
84.16	99.0
92.24	99.0
163.76	99.0
221.2	99.0
302.48	99.0
398.64	99.0
449.4	99.0
488.76	99.0
532.04	99.0
577.56	99.0
633.16	99.0
657.36	99.0
809.84	99.0
887.36	99.0
926.88	99.0
1077.56	99.0
1356.88	99.0
302.48	100.0
312.6	101.0
310.08	101.0
309.0	102.0
312.08	102.0
96.24	103.0
302.72	103.0
924.56	104.0
24.32	105.0
65.44	105.0
963.2	105.0
211.92	105.0
846.84	105.0
1195.52	105.0
352.6	106.0
390.0	106.0
5.6	107.0
26.24	107.0
156.56	107.0
319.84	107.0
764.8	107.0
1046.76	107.0
100.08	108.0
434.0	108.0
7.28	108.0
15.72	108.0
18.88	108.0
23.92	108.0
38.92	108.0
42.16	108.0
54.24	108.0
84.92	108.0
94.16	108.0
118.28	108.0
136.88	108.0
140.92	108.0
178.28	108.0
195.76	108.0
202.56	108.0
261.2	108.0
298.04	108.0
373.84	108.0
391.84	108.0
427.44	108.0
559.48	108.0
618.56	108.0
634.24	108.0
650.72	108.0
660.64	108.0
679.32	108.0
787.52	108.0
810.08	108.0
813.64	108.0
862.72	108.0
889.84	108.0
902.24	108.0
928.96	108.0
964.64	108.0
999.2	108.0
1051.68	108.0
1085.56	108.0
1089.48	108.0
1107.44	108.0
1145.6	108.0
1165.12	108.0
1169.68	108.0
1214.24	108.0
1239.24	108.0
1254.36	108.0
1268.88	108.0
1315.56	108.0
1346.6	108.0
1362.0	108.0
1385.4	108.0
5.72	109.0
24.8	109.0
41.84	109.0
58.6	109.0
90.32	109.0
164.8	109.0
209.6	109.0
262.6	109.0
302.6	109.0
319.36	109.0
339.72	109.0
373.04	109.0
414.32	109.0
426.8	109.0
452.8	109.0
520.48	109.0
550.88	109.0
633.8	109.0
678.56	109.0
728.4	109.0
784.56	109.0
842.12	109.0
897.72	109.0
961.2	109.0
1054.64	109.0
1139.0	109.0
1189.2	109.0
1258.72	109.0
1349.52	109.0
1384.8	109.0
13.32	110.0
88.12	110.0
309.0	110.0
312.16	110.0
336.76	110.0
689.68	110.0
57.44	110.0
146.92	110.0
80.24	111.0
3.0	111.0
11.12	111.0
18.72	111.0
23.6	111.0
29.88	111.0
36.52	111.0
40.88	111.0
53.4	111.0
67.4	111.0
72.52	111.0
102.72	111.0
108.32	111.0
123.44	111.0
128.32	111.0
136.8	111.0
146.28	111.0
154.16	111.0
159.24	111.0
164.88	111.0
177.64	111.0
183.0	111.0
204.96	111.0
231.32	111.0
260.64	111.0
269.2	111.0
295.36	111.0
309.0	111.0
312.04	111.0
332.64	111.0
349.2	111.0
381.12	111.0
426.16	111.0
436.68	111.0
451.92	111.0
461.2	111.0
506.2	111.0
513.48	111.0
533.48	111.0
545.84	111.0
556.68	111.0
653.64	111.0
677.56	111.0
701.36	111.0
708.96	111.0
786.32	111.0
804.04	111.0
833.16	111.0
841.8	111.0
899.2	111.0
919.24	111.0
937.8	111.0
961.32	111.0
972.24	111.0
986.72	111.0
1007.76	111.0
1016.92	111.0
1038.0	111.0
1053.0	111.0
1068.68	111.0
1101.28	111.0
1138.68	111.0
1155.36	111.0
1184.08	111.0
1226.52	111.0
1234.88	111.0
1256.4	111.0
1307.0	111.0
1313.52	111.0
1343.16	111.0
1348.32	111.0
1368.88	111.0
1383.44	111.0
302.48	112.0
110.52	112.0
29.16	113.0
274.32	113.0
823.16	113.0
130.92	114.0
1052.52	114.0
5.16	114.0
53.56	114.0
65.52	114.0
72.92	114.0
87.16	114.0
95.88	114.0
136.4	114.0
160.88	114.0
211.76	114.0
260.72	114.0
353.6	114.0
428.8	114.0
453.96	114.0
528.2	114.0
554.6	114.0
579.28	114.0
606.72	114.0
679.36	114.0
787.6	114.0
846.64	114.0
928.96	114.0
943.24	114.0
963.32	114.0
1146.56	114.0
1195.32	114.0
1292.96	114.0
1353.68	114.0
1367.76	114.0
316.04	115.0
495.44	115.0
775.56	115.0
859.52	115.0
894.4	115.0
1204.76	115.0
1303.6	115.0
1341.0	115.0
57.4	116.0
23.68	117.0
312.52	117.0
89.48	117.0
187.72	117.0
220.8	117.0
233.52	117.0
310.0	117.0
1002.88	117.0
309.04	118.0
312.16	118.0
56.76	120.0
152.08	120.0
205.96	120.0
746.8	120.0
975.44	120.0
1135.16	120.0
