313.08	96.0
474.36	96.0
302.48	96.0
326.84	96.0
302.64	97.0
335.08	97.0
1058.12	97.0
306.04	97.0
344.56	97.0
382.12	97.0
583.8	97.0
302.48	99.0
315.0	99.0
362.12	99.0
427.44	99.0
479.12	99.0
548.36	99.0
561.48	99.0
604.56	99.0
648.16	99.0
671.2	99.0
704.52	99.0
749.76	99.0
833.76	99.0
946.68	99.0
1005.72	99.0
1136.92	99.0
1228.48	99.0
1335.04	99.0
302.48	100.0
308.96	101.0
311.84	101.0
309.0	102.0
311.92	102.0
302.48	103.0
387.24	105.0
304.68	106.0
459.68	106.0
524.0	106.0
555.4	106.0
582.68	106.0
321.48	107.0
396.72	107.0
1101.28	107.0
325.44	107.0
370.2	107.0
422.68	107.0
457.52	107.0
549.32	107.0
1308.24	107.0
323.56	108.0
450.56	108.0
494.44	108.0
564.52	108.0
1254.44	108.0
303.48	108.0
308.6	108.0
313.76	108.0
320.6	108.0
327.92	108.0
340.6	108.0
360.2	108.0
364.4	108.0
369.68	108.0
374.68	108.0
410.56	108.0
419.72	108.0
423.64	108.0
463.16	108.0
477.68	108.0
484.68	108.0
503.32	108.0
513.44	108.0
538.72	108.0
541.56	108.0
623.52	108.0
655.72	108.0
728.32	108.0
770.12	108.0
780.0	108.0
816.52	108.0
819.88	108.0
834.96	108.0
876.56	108.0
969.92	108.0
974.36	108.0
987.76	108.0
1025.12	108.0
1052.4	108.0
1101.48	108.0
1214.72	108.0
1237.12	108.0
1265.6	108.0
1331.96	108.0
302.48	109.0
326.44	109.0
340.96	109.0
405.28	109.0
449.8	109.0
533.0	109.0
567.12	109.0
597.96	109.0
695.96	109.0
753.48	109.0
772.16	109.0
869.96	109.0
909.16	109.0
969.48	109.0
1413.32	109.0
308.92	110.0
311.76	110.0
349.56	110.0
829.44	110.0
1017.56	110.0
317.4	110.0
325.56	110.0
338.84	110.0
450.12	110.0
309.0	111.0
311.92	111.0
317.8	111.0
322.52	111.0
325.68	111.0
332.84	111.0
338.48	111.0
357.32	111.0
362.32	111.0
377.08	111.0
382.4	111.0
387.56	111.0
392.88	111.0
398.52	111.0
403.44	111.0
412.36	111.0
428.16	111.0
435.16	111.0
441.32	111.0
446.64	111.0
449.76	111.0
461.2	111.0
469.04	111.0
480.56	111.0
488.52	111.0
494.52	111.0
502.4	111.0
513.84	111.0
516.44	111.0
519.84	111.0
528.52	111.0
538.56	111.0
551.92	111.0
562.04	111.0
586.92	111.0
593.6	111.0
604.24	111.0
607.88	111.0
618.72	111.0
635.4	111.0
641.08	111.0
652.32	111.0
670.28	111.0
704.52	111.0
726.44	111.0
740.6	111.0
768.48	111.0
786.96	111.0
807.76	111.0
818.64	111.0
833.48	111.0
851.64	111.0
858.64	111.0
877.16	111.0
920.56	111.0
930.0	111.0
953.32	111.0
960.36	111.0
983.32	111.0
1001.4	111.0
1015.64	111.0
1028.44	111.0
1072.6	111.0
1080.64	111.0
1098.8	111.0
1109.92	111.0
1135.32	111.0
1147.4	111.0
1168.8	111.0
1250.4	111.0
1267.76	111.0
1291.8	111.0
1318.84	111.0
1336.64	111.0
1347.68	111.0
302.52	112.0
483.96	112.0
396.16	113.0
360.64	113.0
347.08	114.0
375.44	114.0
562.04	114.0
1101.6	114.0
313.0	114.0
331.76	114.0
358.92	114.0
398.44	114.0
465.36	114.0
532.16	114.0
565.24	114.0
597.48	114.0
702.56	114.0
725.4	114.0
949.0	114.0
1043.04	114.0
1054.56	114.0
303.72	115.0
334.2	115.0
695.64	115.0
804.88	115.0
947.68	115.0
1068.08	115.0
1134.04	115.0
1192.56	115.0
1250.96	115.0
1381.88	115.0
1411.64	115.0
302.48	116.0
325.48	116.0
308.96	117.0
311.72	117.0
451.72	117.0
460.84	117.0
669.32	117.0
997.56	117.0
309.0	118.0
312.24	118.0
341.64	120.0
399.2	120.0
425.6	120.0
517.52	120.0
590.32	120.0
830.36	120.0
1054.68	120.0
1222.12	120.0
