107.12	96.0
312.8	96.0
450.08	96.0
10.6	96.0
302.52	96.0
337.6	97.0
787.12	97.0
302.52	97.0
306.48	97.0
321.88	97.0
82.0	99.0
248.48	99.0
293.16	99.0
302.48	99.0
341.04	99.0
463.88	99.0
302.52	100.0
308.96	101.0
311.92	101.0
309.0	102.0
311.8	102.0
302.52	103.0
337.52	106.0
317.88	107.0
259.96	107.0
303.6	108.0
5.48	108.0
56.96	108.0
88.56	108.0
112.68	108.0
140.2	108.0
171.2	108.0
259.24	108.0
290.08	108.0
327.72	108.0
331.4	108.0
342.28	108.0
351.68	108.0
371.44	108.0
375.4	108.0
457.24	108.0
527.0	108.0
197.88	109.0
258.84	109.0
302.6	109.0
385.56	109.0
418.52	109.0
51.04	110.0
308.96	110.0
311.76	110.0
242.72	110.0
5.24	111.0
23.96	111.0
29.64	111.0
55.44	111.0
84.24	111.0
104.52	111.0
111.36	111.0
137.4	111.0
168.68	111.0
186.2	111.0
202.84	111.0
237.96	111.0
255.04	111.0
291.16	111.0
309.0	111.0
312.0	111.0
320.44	111.0
332.8	111.0
342.12	111.0
358.56	111.0
371.72	111.0
384.56	111.0
400.28	111.0
415.16	111.0
446.2	111.0
480.76	111.0
513.72	111.0
527.6	111.0
539.12	111.0
552.2	111.0
564.96	111.0
579.6	111.0
599.84	111.0
608.48	111.0
645.76	111.0
302.48	112.0
307.48	112.0
337.76	113.0
159.28	113.0
203.36	113.0
12.04	114.0
117.88	114.0
183.24	114.0
267.16	114.0
308.6	114.0
324.36	114.0
328.12	114.0
349.76	114.0
438.92	114.0
546.28	114.0
563.96	114.0
657.08	114.0
81.72	115.0
165.88	115.0
234.04	115.0
288.04	115.0
482.52	115.0
634.12	115.0
697.8	115.0
309.0	117.0
311.68	117.0
323.6	117.0
309.0	118.0
312.04	118.0
27.48	120.0
385.12	120.0
