309.12	96.0
673.44	97.0
318.6	99.0
376.28	99.0
407.56	99.0
420.76	99.0
426.16	99.0
473.84	99.0
490.08	99.0
598.16	99.0
671.08	99.0
718.32	99.0
728.04	99.0
766.84	99.0
811.12	99.0
849.4	99.0
937.44	99.0
998.24	99.0
1117.88	99.0
1218.4	99.0
310.04	101.0
309.04	102.0
311.92	102.0
325.72	103.0
375.12	103.0
435.76	103.0
325.92	105.0
529.48	106.0
599.6	106.0
673.4	106.0
356.84	107.0
432.44	107.0
490.28	107.0
1180.52	107.0
312.28	107.0
334.84	107.0
381.68	107.0
406.52	107.0
460.2	107.0
528.8	107.0
1060.56	107.0
1167.48	107.0
303.4	108.0
307.68	108.0
312.92	108.0
326.64	108.0
335.68	108.0
344.84	108.0
348.24	108.0
358.76	108.0
365.6	108.0
368.68	108.0
377.28	108.0
387.16	108.0
403.48	108.0
419.36	108.0
427.12	108.0
433.88	108.0
457.2	108.0
487.88	108.0
490.6	108.0
510.56	108.0
536.12	108.0
553.84	108.0
587.84	108.0
595.16	108.0
599.72	108.0
627.08	108.0
634.36	108.0
674.92	108.0
716.12	108.0
789.56	108.0
884.08	108.0
919.64	108.0
950.6	108.0
987.0	108.0
1049.12	108.0
1117.8	108.0
1129.84	108.0
1142.24	108.0
1156.92	108.0
1178.64	108.0
1188.36	108.0
1258.2	108.0
316.08	109.0
328.6	109.0
345.56	109.0
373.92	109.0
386.2	109.0
397.08	109.0
445.16	109.0
495.32	109.0
535.64	109.0
561.52	109.0
636.76	109.0
675.04	109.0
730.24	109.0
751.92	109.0
787.92	109.0
977.68	109.0
1068.36	109.0
1228.4	109.0
309.0	110.0
312.24	110.0
452.0	110.0
570.64	110.0
673.12	110.0
781.96	110.0
985.36	110.0
315.32	110.0
325.68	110.0
353.8	110.0
420.28	110.0
534.24	110.0
309.0	111.0
312.08	111.0
321.96	111.0
325.64	111.0
332.76	111.0
342.04	111.0
345.96	111.0
356.36	111.0
359.08	111.0
368.76	111.0
374.08	111.0
380.92	111.0
385.28	111.0
392.12	111.0
399.08	111.0
405.64	111.0
413.0	111.0
418.2	111.0
424.44	111.0
430.44	111.0
441.88	111.0
460.28	111.0
465.56	111.0
472.36	111.0
477.36	111.0
490.72	111.0
496.0	111.0
505.16	111.0
535.24	111.0
542.96	111.0
562.6	111.0
601.52	111.0
626.76	111.0
658.72	111.0
675.6	111.0
684.04	111.0
693.32	111.0
702.28	111.0
716.28	111.0
726.76	111.0
735.2	111.0
764.24	111.0
780.96	111.0
791.88	111.0
797.08	111.0
818.96	111.0
845.92	111.0
869.32	111.0
878.52	111.0
883.24	111.0
906.72	111.0
928.12	111.0
951.92	111.0
985.04	111.0
1004.0	111.0
1011.84	111.0
1018.04	111.0
1032.32	111.0
1043.28	111.0
1053.92	111.0
1075.36	111.0
1083.2	111.0
1122.16	111.0
1133.48	111.0
1157.76	111.0
1176.72	111.0
1203.08	111.0
1223.36	111.0
1248.68	111.0
1259.68	111.0
1264.04	111.0
1284.24	111.0
603.04	112.0
313.92	112.0
324.12	112.0
358.68	112.0
436.92	112.0
309.92	113.0
343.16	113.0
402.64	113.0
431.68	113.0
462.2	113.0
674.72	113.0
304.24	114.0
448.72	114.0
522.4	114.0
332.88	114.0
400.76	114.0
409.36	114.0
417.92	114.0
425.48	114.0
463.16	114.0
492.8	114.0
504.2	114.0
560.92	114.0
628.08	114.0
656.4	114.0
672.6	114.0
713.76	114.0
801.48	114.0
890.72	114.0
1152.72	114.0
303.92	115.0
315.08	115.0
818.4	115.0
948.64	115.0
1070.84	115.0
1154.52	115.0
1204.08	115.0
1250.0	115.0
400.36	115.0
325.52	116.0
308.96	117.0
311.64	117.0
374.32	117.0
328.52	117.0
331.32	117.0
410.64	117.0
508.2	117.0
557.24	117.0
1122.96	117.0
309.0	118.0
311.8	118.0
1205.52	119.0
501.44	120.0
672.64	120.0
798.92	120.0
1028.8	120.0
1164.28	120.0
