302.48	96.0
302.52	97.0
302.56	99.0
387.12	99.0
496.4	99.0
302.52	100.0
312.44	101.0
309.92	101.0
309.04	102.0
311.68	102.0
302.52	103.0
167.96	107.0
154.56	107.0
259.76	107.0
319.76	107.0
193.28	108.0
320.84	108.0
429.56	108.0
37.44	108.0
61.16	108.0
96.44	108.0
164.2	108.0
170.64	108.0
179.6	108.0
278.8	108.0
281.84	108.0
290.12	108.0
303.56	108.0
317.48	108.0
340.2	108.0
371.56	108.0
386.32	108.0
445.96	108.0
504.44	108.0
302.48	109.0
325.0	109.0
356.08	109.0
377.56	109.0
309.0	110.0
312.08	110.0
434.8	110.0
14.24	111.0
21.16	111.0
38.32	111.0
56.92	111.0
66.08	111.0
76.64	111.0
121.04	111.0
151.52	111.0
172.44	111.0
183.64	111.0
230.64	111.0
270.64	111.0
285.32	111.0
309.0	111.0
311.92	111.0
316.48	111.0
323.52	111.0
330.84	111.0
338.88	111.0
363.6	111.0
371.48	111.0
399.36	111.0
413.0	111.0
421.8	111.0
439.72	111.0
473.56	111.0
488.48	111.0
515.2	111.0
302.48	112.0
41.44	113.0
262.48	114.0
11.4	114.0
30.4	114.0
156.52	114.0
267.8	114.0
305.52	114.0
308.76	114.0
336.36	114.0
369.2	114.0
376.52	114.0
446.0	114.0
7.4	115.0
95.0	115.0
150.6	115.0
223.84	115.0
267.4	115.0
460.64	115.0
549.56	115.0
320.6	115.0
309.04	117.0
312.32	117.0
320.2	117.0
474.12	117.0
309.0	118.0
311.8	118.0
