302.48	96.0
326.2	96.0
339.44	96.0
458.32	96.0
306.64	97.0
332.72	97.0
354.88	97.0
448.72	97.0
523.24	97.0
302.48	99.0
314.8	99.0
327.4	99.0
348.56	99.0
400.44	99.0
473.48	99.0
786.64	99.0
846.16	99.0
1042.44	99.0
1096.64	99.0
1288.52	99.0
302.48	100.0
310.04	101.0
309.0	102.0
312.16	102.0
302.48	103.0
413.72	105.0
660.16	105.0
505.4	106.0
355.4	107.0
1232.36	107.0
312.16	107.0
327.76	107.0
351.44	107.0
438.2	107.0
443.56	108.0
1022.84	108.0
303.44	108.0
308.24	108.0
315.88	108.0
331.92	108.0
348.0	108.0
350.8	108.0
383.28	108.0
385.8	108.0
395.12	108.0
412.92	108.0
447.2	108.0
451.92	108.0
454.56	108.0
462.96	108.0
470.88	108.0
520.28	108.0
559.72	108.0
581.68	108.0
612.6	108.0
642.76	108.0
667.24	108.0
690.16	108.0
722.68	108.0
739.72	108.0
748.76	108.0
781.2	108.0
792.92	108.0
805.12	108.0
833.68	108.0
859.0	108.0
887.32	108.0
928.88	108.0
936.12	108.0
956.72	108.0
976.04	108.0
986.84	108.0
1014.4	108.0
1047.2	108.0
1111.36	108.0
1203.52	108.0
1219.12	108.0
1238.6	108.0
1263.12	108.0
1291.4	108.0
302.64	109.0
314.2	109.0
331.52	109.0
346.92	109.0
364.36	109.0
384.2	109.0
412.24	109.0
448.6	109.0
492.6	109.0
520.6	109.0
544.44	109.0
581.2	109.0
592.08	109.0
659.92	109.0
737.96	109.0
804.68	109.0
896.52	109.0
935.64	109.0
1003.24	109.0
1067.32	109.0
1243.16	109.0
1302.36	109.0
309.0	110.0
311.92	110.0
360.2	110.0
472.72	110.0
577.16	110.0
1085.64	110.0
1241.84	110.0
337.32	110.0
436.12	110.0
492.48	110.0
849.04	110.0
309.0	111.0
311.68	111.0
319.64	111.0
324.32	111.0
328.76	111.0
339.36	111.0
344.0	111.0
349.8	111.0
358.08	111.0
361.52	111.0
365.52	111.0
372.48	111.0
377.96	111.0
383.4	111.0
391.52	111.0
410.2	111.0
427.64	111.0
438.8	111.0
447.96	111.0
461.08	111.0
469.52	111.0
477.56	111.0
498.6	111.0
509.76	111.0
518.04	111.0
526.56	111.0
557.44	111.0
563.64	111.0
571.48	111.0
581.0	111.0
586.0	111.0
593.12	111.0
599.16	111.0
609.12	111.0
614.6	111.0
624.52	111.0
636.08	111.0
642.0	111.0
652.44	111.0
659.04	111.0
666.76	111.0
704.92	111.0
714.2	111.0
722.2	111.0
729.24	111.0
746.36	111.0
786.16	111.0
793.88	111.0
809.4	111.0
818.76	111.0
857.32	111.0
866.68	111.0
882.24	111.0
903.0	111.0
914.2	111.0
929.48	111.0
942.12	111.0
959.08	111.0
977.24	111.0
986.88	111.0
1000.4	111.0
1022.24	111.0
1031.04	111.0
1052.96	111.0
1083.04	111.0
1095.0	111.0
1106.64	111.0
1170.44	111.0
1179.2	111.0
1194.64	111.0
1208.96	111.0
1213.6	111.0
1264.36	111.0
1290.56	111.0
302.48	112.0
948.44	112.0
357.88	112.0
323.52	113.0
340.64	113.0
398.24	113.0
561.0	113.0
716.4	113.0
428.76	114.0
716.28	114.0
304.48	114.0
331.52	114.0
413.6	114.0
454.04	114.0
457.36	114.0
494.84	114.0
565.04	114.0
613.68	114.0
660.0	114.0
756.96	114.0
1001.32	114.0
1029.4	114.0
1056.16	114.0
1118.2	114.0
1273.76	114.0
303.68	115.0
358.44	115.0
696.28	115.0
884.24	115.0
1019.28	115.0
1052.0	115.0
1134.28	115.0
1169.84	115.0
1234.48	115.0
1284.4	115.0
360.6	116.0
492.4	116.0
312.64	117.0
310.12	117.0
371.24	117.0
641.92	117.0
698.16	117.0
773.68	117.0
309.0	118.0
311.92	118.0
413.2	119.0
801.56	119.0
338.24	120.0
510.4	120.0
596.84	120.0
758.76	120.0
958.08	120.0
1166.96	120.0
