322.04	96.0
302.48	96.0
306.88	97.0
302.48	97.0
526.24	97.0
559.68	97.0
1077.4	97.0
305.4	99.0
302.48	99.0
343.0	99.0
425.04	99.0
497.24	99.0
516.28	99.0
665.56	99.0
756.0	99.0
899.68	99.0
954.56	99.0
1183.92	99.0
302.48	100.0
310.04	101.0
308.96	102.0
312.08	102.0
302.52	103.0
358.6	105.0
490.08	105.0
783.52	105.0
304.88	106.0
315.24	107.0
387.32	107.0
470.12	107.0
508.2	107.0
795.2	107.0
1023.12	107.0
303.56	108.0
308.4	108.0
328.64	108.0
343.12	108.0
360.56	108.0
374.28	108.0
379.76	108.0
386.64	108.0
391.52	108.0
395.72	108.0
416.88	108.0
484.72	108.0
490.56	108.0
506.08	108.0
543.16	108.0
545.96	108.0
578.2	108.0
582.16	108.0
589.56	108.0
594.08	108.0
601.16	108.0
608.04	108.0
640.84	108.0
653.64	108.0
681.4	108.0
704.68	108.0
723.52	108.0
739.84	108.0
749.32	108.0
804.16	108.0
839.32	108.0
849.4	108.0
855.96	108.0
936.6	108.0
949.48	108.0
952.0	108.0
987.0	108.0
1008.44	108.0
1023.68	108.0
1102.44	108.0
1175.72	108.0
302.48	109.0
332.08	109.0
342.76	109.0
361.8	109.0
379.72	109.0
419.04	109.0
463.32	109.0
508.8	109.0
547.64	109.0
574.12	109.0
607.56	109.0
780.92	109.0
803.76	109.0
1009.48	109.0
1055.76	109.0
309.0	110.0
311.96	110.0
377.12	110.0
466.4	110.0
503.6	110.0
625.08	110.0
1287.4	110.0
509.16	110.0
1277.08	110.0
309.0	111.0
312.04	111.0
317.36	111.0
322.16	111.0
330.76	111.0
340.68	111.0
348.24	111.0
357.76	111.0
368.72	111.0
375.0	111.0
389.76	111.0
398.32	111.0
404.76	111.0
414.16	111.0
419.8	111.0
426.08	111.0
434.92	111.0
441.56	111.0
447.68	111.0
461.32	111.0
478.64	111.0
488.56	111.0
491.16	111.0
508.48	111.0
517.84	111.0
547.76	111.0
563.36	111.0
570.8	111.0
579.04	111.0
594.92	111.0
602.28	111.0
631.04	111.0
643.28	111.0
661.2	111.0
689.56	111.0
709.76	111.0
718.24	111.0
723.76	111.0
756.88	111.0
770.84	111.0
782.04	111.0
793.84	111.0
804.92	111.0
810.76	111.0
823.48	111.0
849.28	111.0
855.68	111.0
873.6	111.0
879.6	111.0
900.6	111.0
908.88	111.0
940.96	111.0
956.36	111.0
990.92	111.0
1011.72	111.0
1021.4	111.0
1071.36	111.0
1093.24	111.0
1100.32	111.0
1132.8	111.0
1144.16	111.0
1197.08	111.0
1235.0	111.0
1255.24	111.0
1276.52	111.0
302.48	112.0
340.56	112.0
628.8	112.0
310.4	113.0
437.12	113.0
556.16	113.0
714.76	113.0
317.64	114.0
342.92	114.0
418.32	114.0
468.76	114.0
489.88	114.0
500.72	114.0
554.84	114.0
605.92	114.0
652.72	114.0
662.0	114.0
675.0	114.0
783.32	114.0
1073.48	114.0
1128.2	114.0
303.56	115.0
328.84	115.0
358.68	115.0
361.92	115.0
459.68	115.0
738.56	115.0
782.24	115.0
836.72	115.0
872.64	115.0
927.2	115.0
987.24	115.0
1050.24	115.0
1094.64	115.0
1127.76	115.0
1197.6	115.0
1233.52	115.0
1302.2	115.0
313.84	115.0
509.12	116.0
308.96	117.0
311.72	117.0
369.28	117.0
644.0	117.0
309.0	118.0
311.96	118.0
484.4	120.0
588.2	120.0
792.32	120.0
958.32	120.0
