333.08	96.0
302.48	96.0
383.72	96.0
417.64	96.0
755.84	96.0
303.08	97.0
343.44	97.0
361.0	97.0
394.08	97.0
516.12	97.0
599.2	97.0
758.12	97.0
749.32	99.0
302.52	99.0
306.2	99.0
317.4	99.0
323.88	99.0
364.44	99.0
413.04	99.0
433.48	99.0
478.24	99.0
531.04	99.0
704.36	99.0
791.6	99.0
1014.88	99.0
1144.96	99.0
1220.16	99.0
302.52	100.0
310.08	101.0
309.04	102.0
311.88	102.0
302.48	103.0
324.96	105.0
304.68	107.0
313.12	107.0
335.84	107.0
362.96	107.0
415.04	107.0
465.76	107.0
1140.0	107.0
351.04	108.0
373.6	108.0
376.12	108.0
577.72	108.0
303.36	108.0
308.2	108.0
310.76	108.0
316.36	108.0
328.48	108.0
334.92	108.0
339.36	108.0
354.96	108.0
359.72	108.0
363.4	108.0
385.12	108.0
392.52	108.0
397.04	108.0
400.28	108.0
403.88	108.0
411.04	108.0
431.48	108.0
444.56	108.0
451.08	108.0
462.16	108.0
488.96	108.0
494.72	108.0
500.52	108.0
516.6	108.0
539.52	108.0
598.88	108.0
602.44	108.0
619.4	108.0
653.08	108.0
685.88	108.0
748.24	108.0
778.6	108.0
799.64	108.0
838.08	108.0
928.0	108.0
931.48	108.0
975.52	108.0
1026.0	108.0
1087.84	108.0
1172.48	108.0
1232.08	108.0
1251.8	108.0
1274.24	108.0
1378.92	108.0
302.48	109.0
327.32	109.0
345.68	109.0
365.52	109.0
374.24	109.0
388.76	109.0
394.0	109.0
413.44	109.0
432.04	109.0
437.6	109.0
445.84	109.0
470.68	109.0
480.76	109.0
494.92	109.0
520.28	109.0
603.76	109.0
635.32	109.0
652.72	109.0
675.48	109.0
738.36	109.0
771.76	109.0
828.36	109.0
895.96	109.0
935.6	109.0
1072.32	109.0
1374.6	109.0
309.04	110.0
311.96	110.0
611.56	110.0
322.96	110.0
326.84	110.0
345.32	110.0
385.24	110.0
414.56	110.0
459.92	110.0
480.84	110.0
309.0	111.0
312.16	111.0
317.36	111.0
322.32	111.0
325.56	111.0
329.76	111.0
333.96	111.0
337.92	111.0
341.96	111.0
352.12	111.0
359.0	111.0
363.36	111.0
370.36	111.0
374.28	111.0
386.08	111.0
392.36	111.0
397.64	111.0
407.8	111.0
412.12	111.0
417.2	111.0
421.32	111.0
428.64	111.0
439.0	111.0
470.44	111.0
476.16	111.0
487.84	111.0
494.08	111.0
501.4	111.0
508.2	111.0
526.48	111.0
532.16	111.0
553.92	111.0
563.36	111.0
575.2	111.0
581.8	111.0
596.92	111.0
605.24	111.0
630.04	111.0
647.36	111.0
683.72	111.0
702.28	111.0
724.68	111.0
731.2	111.0
744.72	111.0
757.28	111.0
800.8	111.0
817.64	111.0
841.56	111.0
854.8	111.0
859.88	111.0
867.8	111.0
884.4	111.0
890.96	111.0
896.4	111.0
927.04	111.0
943.64	111.0
951.88	111.0
961.08	111.0
969.88	111.0
986.68	111.0
999.36	111.0
1013.36	111.0
1033.92	111.0
1042.24	111.0
1054.04	111.0
1088.64	111.0
1113.32	111.0
1129.44	111.0
1138.88	111.0
1150.0	111.0
1169.04	111.0
1180.96	111.0
1226.52	111.0
1268.36	111.0
1279.64	111.0
1323.64	111.0
1351.88	111.0
1394.24	111.0
302.64	112.0
308.8	113.0
847.04	113.0
891.32	113.0
304.48	114.0
309.48	114.0
312.2	114.0
343.44	114.0
347.84	114.0
364.2	114.0
403.36	114.0
423.2	114.0
427.96	114.0
436.16	114.0
444.52	114.0
540.76	114.0
601.6	114.0
674.52	114.0
781.8	114.0
916.04	114.0
966.12	114.0
1001.6	114.0
1113.04	114.0
303.84	115.0
334.88	115.0
673.76	115.0
1074.04	115.0
1112.4	115.0
1166.36	115.0
1265.76	115.0
1343.64	115.0
385.16	116.0
421.92	116.0
459.8	116.0
309.0	117.0
311.92	117.0
344.72	117.0
755.36	117.0
412.68	117.0
447.32	117.0
481.48	117.0
623.0	117.0
1074.6	117.0
309.04	118.0
312.24	118.0
1288.76	119.0
380.56	120.0
401.56	120.0
469.44	120.0
672.28	120.0
