303.64	96.0
312.36	96.0
942.4	96.0
302.48	97.0
15.72	99.0
177.76	99.0
287.56	99.0
302.52	99.0
376.68	99.0
407.76	99.0
442.72	99.0
660.24	99.0
664.56	99.0
1128.88	99.0
302.52	100.0
310.04	101.0
309.0	102.0
311.64	102.0
302.48	103.0
1382.84	105.0
18.08	105.0
108.6	105.0
225.72	105.0
374.16	105.0
69.48	106.0
332.08	106.0
64.56	107.0
1229.08	107.0
226.12	107.0
305.8	107.0
809.2	107.0
1335.68	107.0
651.16	108.0
5.2	108.0
13.24	108.0
43.2	108.0
67.44	108.0
76.36	108.0
91.68	108.0
101.52	108.0
109.4	108.0
138.16	108.0
163.52	108.0
188.32	108.0
192.12	108.0
223.32	108.0
251.96	108.0
255.08	108.0
285.16	108.0
302.68	108.0
309.44	108.0
330.0	108.0
334.88	108.0
349.56	108.0
367.96	108.0
408.52	108.0
454.68	108.0
494.0	108.0
510.28	108.0
542.36	108.0
545.92	108.0
625.36	108.0
673.2	108.0
708.32	108.0
792.52	108.0
865.52	108.0
920.44	108.0
968.4	108.0
1027.76	108.0
1080.4	108.0
1163.56	108.0
1195.44	108.0
1219.44	108.0
1254.2	108.0
1292.6	108.0
1331.2	108.0
1379.4	108.0
1388.24	108.0
15.4	109.0
44.28	109.0
162.16	109.0
222.96	109.0
253.76	109.0
295.64	109.0
302.6	109.0
332.28	109.0
366.84	109.0
416.88	109.0
454.04	109.0
492.56	109.0
529.56	109.0
544.36	109.0
625.0	109.0
673.52	109.0
865.0	109.0
919.52	109.0
984.92	109.0
1028.44	109.0
1079.64	109.0
1125.72	109.0
1193.56	109.0
13.12	110.0
308.96	110.0
312.32	110.0
161.96	110.0
169.68	110.0
13.4	111.0
25.88	111.0
43.84	111.0
77.32	111.0
84.04	111.0
93.76	111.0
106.84	111.0
117.4	111.0
127.32	111.0
139.8	111.0
159.6	111.0
169.16	111.0
183.28	111.0
203.76	111.0
218.48	111.0
229.16	111.0
251.48	111.0
272.44	111.0
309.0	111.0
312.2	111.0
330.64	111.0
336.48	111.0
345.4	111.0
367.48	111.0
374.84	111.0
404.92	111.0
418.04	111.0
431.44	111.0
449.2	111.0
461.68	111.0
489.2	111.0
555.2	111.0
579.84	111.0
623.88	111.0
631.92	111.0
645.64	111.0
673.36	111.0
689.48	111.0
713.28	111.0
719.48	111.0
750.68	111.0
759.68	111.0
776.96	111.0
799.8	111.0
832.28	111.0
845.6	111.0
861.68	111.0
886.56	111.0
902.24	111.0
915.12	111.0
956.8	111.0
998.36	111.0
1021.56	111.0
1041.36	111.0
1055.84	111.0
1078.84	111.0
1104.44	111.0
1126.08	111.0
1160.32	111.0
1169.76	111.0
1192.96	111.0
1221.16	111.0
1284.44	111.0
1289.44	111.0
1309.04	111.0
1364.72	111.0
1375.32	111.0
302.52	112.0
84.24	113.0
197.76	113.0
309.84	113.0
599.72	113.0
688.28	113.0
959.88	113.0
17.84	114.0
45.04	114.0
82.36	114.0
108.28	114.0
165.64	114.0
211.36	114.0
225.48	114.0
264.36	114.0
305.84	114.0
334.4	114.0
405.08	114.0
493.68	114.0
546.44	114.0
591.6	114.0
626.56	114.0
674.72	114.0
746.56	114.0
786.88	114.0
817.68	114.0
986.16	114.0
1031.12	114.0
156.6	115.0
520.32	115.0
575.28	115.0
665.84	115.0
710.16	115.0
815.88	115.0
1241.32	115.0
1310.6	115.0
1362.76	115.0
302.68	115.0
544.6	116.0
308.96	117.0
312.44	117.0
44.44	117.0
309.0	118.0
312.0	118.0
303.6	119.0
16.44	120.0
160.6	120.0
62.4	120.0
81.04	120.0
304.76	120.0
346.6	120.0
854.96	120.0
