360.36	96.0
410.8	96.0
302.48	96.0
309.32	96.0
316.0	97.0
357.32	97.0
302.68	97.0
360.88	97.0
527.72	97.0
628.12	97.0
735.2	97.0
805.36	97.0
401.76	99.0
302.48	99.0
318.44	99.0
362.8	99.0
385.96	99.0
413.84	99.0
452.0	99.0
487.44	99.0
588.04	99.0
608.36	99.0
694.04	99.0
789.0	99.0
837.68	99.0
867.96	99.0
908.24	99.0
956.28	99.0
1118.96	99.0
1128.88	99.0
1223.28	99.0
302.48	100.0
312.76	101.0
310.08	101.0
309.0	102.0
312.04	102.0
302.6	103.0
395.08	105.0
304.68	106.0
348.76	106.0
326.52	107.0
330.36	107.0
354.96	107.0
438.56	107.0
313.24	107.0
315.8	107.0
322.4	107.0
347.56	107.0
366.76	107.0
383.44	107.0
461.12	107.0
485.0	107.0
1098.08	107.0
677.28	108.0
303.4	108.0
308.04	108.0
319.16	108.0
336.56	108.0
351.96	108.0
354.72	108.0
357.92	108.0
360.96	108.0
369.44	108.0
387.2	108.0
392.2	108.0
399.24	108.0
402.24	108.0
407.88	108.0
418.04	108.0
423.92	108.0
446.56	108.0
450.8	108.0
458.24	108.0
461.32	108.0
469.92	108.0
476.12	108.0
487.08	108.0
504.8	108.0
518.0	108.0
542.76	108.0
546.4	108.0
549.8	108.0
554.4	108.0
578.2	108.0
593.2	108.0
606.96	108.0
620.04	108.0
642.24	108.0
689.4	108.0
720.64	108.0
767.08	108.0
800.4	108.0
813.6	108.0
825.96	108.0
864.04	108.0
898.96	108.0
912.92	108.0
965.0	108.0
979.0	108.0
995.64	108.0
1030.88	108.0
1036.2	108.0
1052.72	108.0
1076.96	108.0
1159.44	108.0
1194.56	108.0
1224.32	108.0
1227.32	108.0
1260.56	108.0
302.52	109.0
335.8	109.0
347.52	109.0
360.68	109.0
393.0	109.0
460.88	109.0
476.24	109.0
505.48	109.0
528.84	109.0
553.6	109.0
577.32	109.0
602.92	109.0
627.76	109.0
660.24	109.0
690.96	109.0
714.76	109.0
725.52	109.0
750.72	109.0
765.48	109.0
827.68	109.0
865.36	109.0
891.16	109.0
918.28	109.0
977.92	109.0
1166.12	109.0
1233.76	109.0
308.96	110.0
311.56	110.0
385.24	110.0
720.0	110.0
314.32	110.0
325.92	110.0
399.68	110.0
431.44	110.0
463.08	110.0
659.16	110.0
309.0	111.0
311.88	111.0
319.08	111.0
322.84	111.0
326.52	111.0
330.48	111.0
339.72	111.0
351.2	111.0
357.68	111.0
368.76	111.0
384.2	111.0
388.44	111.0
394.24	111.0
403.92	111.0
406.52	111.0
419.52	111.0
428.12	111.0
439.68	111.0
446.64	111.0
455.92	111.0
462.76	111.0
469.28	111.0
474.64	111.0
485.32	111.0
488.8	111.0
493.96	111.0
503.32	111.0
515.12	111.0
522.4	111.0
539.32	111.0
543.88	111.0
551.48	111.0
576.76	111.0
602.28	111.0
619.68	111.0
625.56	111.0
647.6	111.0
674.96	111.0
690.16	111.0
698.96	111.0
716.08	111.0
737.24	111.0
747.76	111.0
754.48	111.0
812.44	111.0
826.96	111.0
845.16	111.0
857.64	111.0
883.0	111.0
916.44	111.0
926.76	111.0
940.96	111.0
996.68	111.0
1009.64	111.0
1023.08	111.0
1071.56	111.0
1077.52	111.0
1095.6	111.0
1121.08	111.0
1137.72	111.0
1160.32	111.0
1174.32	111.0
1182.36	111.0
1209.88	111.0
1229.12	111.0
1242.4	111.0
1277.0	111.0
1282.48	111.0
302.48	112.0
344.16	112.0
420.16	112.0
503.84	112.0
302.52	113.0
333.28	113.0
409.64	113.0
446.92	113.0
462.68	113.0
541.28	113.0
726.28	113.0
1176.08	113.0
304.08	114.0
379.0	114.0
483.8	114.0
329.36	114.0
338.64	114.0
370.24	114.0
391.2	114.0
397.6	114.0
454.0	114.0
513.64	114.0
648.52	114.0
698.44	114.0
753.92	114.0
767.88	114.0
805.96	114.0
825.84	114.0
880.2	114.0
900.48	114.0
1004.76	114.0
1013.28	114.0
303.92	115.0
1048.56	115.0
1118.68	115.0
1266.92	115.0
364.6	115.0
325.84	116.0
360.2	116.0
372.96	116.0
399.56	116.0
424.36	116.0
440.2	116.0
462.96	116.0
659.08	116.0
308.92	117.0
312.24	117.0
345.52	117.0
485.64	117.0
561.72	117.0
860.88	117.0
309.0	118.0
311.76	118.0
399.2	120.0
422.04	120.0
485.2	120.0
542.6	120.0
