302.92	96.0
485.8	97.0
302.48	97.0
309.04	97.0
341.64	97.0
11.76	99.0
43.28	99.0
200.0	99.0
302.48	99.0
305.48	99.0
363.52	99.0
397.52	99.0
410.48	99.0
302.6	100.0
312.52	101.0
310.0	101.0
309.0	102.0
312.08	102.0
302.48	103.0
286.0	107.0
406.04	107.0
2.52	108.0
27.24	108.0
32.68	108.0
49.0	108.0
65.84	108.0
92.24	108.0
95.36	108.0
117.48	108.0
127.36	108.0
145.96	108.0
157.76	108.0
182.44	108.0
244.88	108.0
302.72	108.0
309.8	108.0
314.24	108.0
319.2	108.0
348.52	108.0
376.32	108.0
410.6	108.0
416.36	108.0
532.28	108.0
535.6	108.0
607.08	108.0
674.44	108.0
302.48	109.0
416.92	109.0
500.68	109.0
216.76	110.0
309.0	110.0
312.04	110.0
358.72	110.0
11.68	111.0
15.44	111.0
34.04	111.0
55.0	111.0
79.32	111.0
91.36	111.0
127.52	111.0
143.76	111.0
150.64	111.0
177.0	111.0
199.44	111.0
217.64	111.0
237.08	111.0
256.72	111.0
261.24	111.0
281.08	111.0
292.0	111.0
298.72	111.0
309.0	111.0
311.96	111.0
317.76	111.0
327.04	111.0
341.44	111.0
348.52	111.0
359.56	111.0
374.64	111.0
397.08	111.0
403.16	111.0
441.24	111.0
483.64	111.0
490.08	111.0
568.16	111.0
612.64	111.0
302.52	112.0
40.68	113.0
154.2	113.0
305.48	113.0
663.52	113.0
274.56	114.0
303.88	114.0
308.68	114.0
338.16	114.0
345.12	114.0
358.12	114.0
366.96	114.0
444.0	114.0
468.2	114.0
118.36	115.0
398.56	115.0
438.6	115.0
600.08	115.0
701.12	115.0
309.0	117.0
312.24	117.0
324.12	117.0
344.76	117.0
434.4	117.0
615.84	117.0
309.0	118.0
312.4	118.0
257.48	120.0
379.32	120.0
