302.48	96.0
436.36	96.0
458.56	96.0
538.56	97.0
302.56	97.0
306.2	97.0
396.36	97.0
438.76	97.0
574.96	97.0
623.76	97.0
1303.24	97.0
302.48	99.0
316.04	99.0
361.76	99.0
393.12	99.0
429.12	99.0
444.48	99.0
465.96	99.0
471.32	99.0
597.28	99.0
706.6	99.0
770.6	99.0
962.28	99.0
1014.64	99.0
1132.68	99.0
1188.56	99.0
1235.92	99.0
302.52	100.0
308.96	101.0
311.76	101.0
309.04	102.0
311.96	102.0
302.48	103.0
337.64	103.0
477.28	105.0
538.52	106.0
574.52	106.0
751.04	106.0
344.68	107.0
754.04	107.0
314.12	107.0
349.16	107.0
367.4	107.0
394.48	107.0
417.04	107.0
438.84	107.0
1072.24	107.0
757.56	108.0
303.36	108.0
308.28	108.0
315.96	108.0
324.2	108.0
331.88	108.0
338.4	108.0
346.92	108.0
355.68	108.0
359.8	108.0
372.08	108.0
381.2	108.0
391.8	108.0
394.76	108.0
400.76	108.0
410.72	108.0
417.36	108.0
433.28	108.0
439.92	108.0
453.68	108.0
474.88	108.0
492.84	108.0
520.28	108.0
523.12	108.0
538.92	108.0
576.52	108.0
597.52	108.0
607.8	108.0
621.6	108.0
636.84	108.0
650.52	108.0
679.24	108.0
691.96	108.0
717.56	108.0
754.92	108.0
795.84	108.0
798.4	108.0
802.32	108.0
826.64	108.0
876.56	108.0
885.28	108.0
924.12	108.0
942.8	108.0
970.24	108.0
1011.44	108.0
1052.52	108.0
1056.8	108.0
1078.36	108.0
1090.64	108.0
1103.44	108.0
1117.08	108.0
1168.2	108.0
1171.0	108.0
1198.52	108.0
1237.12	108.0
1258.84	108.0
1265.36	108.0
1305.6	108.0
1327.6	108.0
1382.44	108.0
302.48	109.0
324.72	109.0
337.0	109.0
349.88	109.0
370.64	109.0
379.28	109.0
391.96	109.0
406.8	109.0
424.64	109.0
440.96	109.0
457.56	109.0
475.24	109.0
490.72	109.0
516.76	109.0
537.2	109.0
546.32	109.0
570.2	109.0
576.04	109.0
598.04	109.0
621.16	109.0
640.2	109.0
654.0	109.0
678.88	109.0
692.32	109.0
702.76	109.0
717.52	109.0
738.64	109.0
761.84	109.0
810.2	109.0
837.84	109.0
855.72	109.0
883.84	109.0
913.72	109.0
937.92	109.0
960.96	109.0
1032.2	109.0
1102.92	109.0
1170.28	109.0
1211.16	109.0
1258.2	109.0
1305.04	109.0
1396.84	109.0
308.96	110.0
312.16	110.0
335.0	110.0
357.52	110.0
456.24	110.0
613.32	110.0
1310.36	110.0
360.56	110.0
391.16	110.0
442.12	110.0
471.96	110.0
553.12	110.0
1051.96	110.0
309.0	111.0
311.88	111.0
318.8	111.0
330.64	111.0
336.8	111.0
343.4	111.0
350.8	111.0
355.04	111.0
360.68	111.0
365.04	111.0
370.6	111.0
377.52	111.0
380.36	111.0
385.12	111.0
390.52	111.0
394.84	111.0
406.64	111.0
409.24	111.0
416.4	111.0
426.28	111.0
435.16	111.0
456.28	111.0
472.72	111.0
491.28	111.0
510.56	111.0
516.28	111.0
524.48	111.0
550.08	111.0
568.48	111.0
596.84	111.0
626.48	111.0
635.32	111.0
668.48	111.0
695.88	111.0
701.6	111.0
712.16	111.0
717.04	111.0
775.64	111.0
802.08	111.0
808.8	111.0
815.16	111.0
840.64	111.0
893.28	111.0
899.64	111.0
909.6	111.0
937.88	111.0
949.96	111.0
983.36	111.0
993.8	111.0
1031.84	111.0
1051.36	111.0
1066.24	111.0
1075.28	111.0
1101.52	111.0
1114.48	111.0
1129.92	111.0
1162.92	111.0
1208.48	111.0
1223.64	111.0
1257.4	111.0
1281.88	111.0
1287.92	111.0
1308.8	111.0
1328.24	111.0
1339.84	111.0
1355.56	111.0
1394.92	111.0
302.68	112.0
334.6	112.0
308.16	113.0
333.4	113.0
473.64	113.0
723.36	113.0
751.44	113.0
1193.8	113.0
303.72	114.0
339.2	114.0
375.56	114.0
395.4	114.0
399.96	114.0
408.76	114.0
434.16	114.0
437.24	114.0
443.6	114.0
456.72	114.0
477.48	114.0
494.52	114.0
686.16	114.0
791.52	114.0
843.56	114.0
1102.88	114.0
1231.68	114.0
1262.56	114.0
304.52	115.0
597.8	115.0
878.96	115.0
1160.32	115.0
334.24	115.0
391.08	116.0
471.8	116.0
553.04	116.0
309.0	117.0
312.08	117.0
366.04	117.0
391.04	117.0
515.96	117.0
593.72	117.0
309.0	118.0
311.88	118.0
429.92	119.0
422.04	120.0
546.56	120.0
