323.56	96.0
434.32	96.0
1027.12	96.0
302.48	96.0
316.4	96.0
587.72	96.0
302.84	97.0
380.8	97.0
547.4	97.0
620.76	97.0
675.84	97.0
342.04	98.0
302.48	99.0
318.64	99.0
328.2	99.0
336.68	99.0
369.6	99.0
394.08	99.0
415.56	99.0
432.36	99.0
468.8	99.0
514.56	99.0
556.16	99.0
587.88	99.0
658.12	99.0
757.28	99.0
812.88	99.0
927.68	99.0
974.68	99.0
1027.52	99.0
1074.4	99.0
1106.64	99.0
1159.08	99.0
1230.64	99.0
1396.68	99.0
302.56	100.0
312.6	101.0
310.0	101.0
686.96	101.0
309.0	102.0
311.76	102.0
302.48	103.0
331.12	105.0
1025.8	105.0
729.8	106.0
1443.28	107.0
311.76	107.0
369.76	107.0
407.2	107.0
582.24	107.0
303.36	108.0
308.92	108.0
315.8	108.0
327.96	108.0
333.8	108.0
341.24	108.0
350.6	108.0
360.12	108.0
367.84	108.0
372.0	108.0
375.4	108.0
385.6	108.0
389.0	108.0
395.6	108.0
401.04	108.0
405.8	108.0
410.96	108.0
413.72	108.0
426.48	108.0
429.0	108.0
436.8	108.0
444.96	108.0
457.6	108.0
462.4	108.0
490.68	108.0
499.72	108.0
508.96	108.0
526.28	108.0
529.96	108.0
577.56	108.0
583.24	108.0
599.72	108.0
635.6	108.0
638.28	108.0
682.4	108.0
727.12	108.0
769.56	108.0
812.16	108.0
815.08	108.0
820.8	108.0
858.16	108.0
918.36	108.0
935.88	108.0
969.16	108.0
995.04	108.0
1018.32	108.0
1020.92	108.0
1080.0	108.0
1132.64	108.0
1144.12	108.0
1171.16	108.0
1198.12	108.0
1214.6	108.0
1246.4	108.0
1251.36	108.0
1280.16	108.0
1296.04	108.0
1330.96	108.0
1352.28	108.0
1402.44	108.0
1462.72	108.0
1477.56	108.0
302.52	109.0
316.52	109.0
334.92	109.0
359.68	109.0
374.8	109.0
446.56	109.0
462.52	109.0
490.28	109.0
510.32	109.0
528.76	109.0
576.12	109.0
605.52	109.0
614.04	109.0
626.48	109.0
716.24	109.0
728.28	109.0
769.28	109.0
792.24	109.0
858.04	109.0
916.68	109.0
945.08	109.0
968.36	109.0
1049.88	109.0
1083.72	109.0
1100.2	109.0
1200.6	109.0
1266.28	109.0
1297.52	109.0
309.0	110.0
312.32	110.0
561.68	110.0
325.08	110.0
370.56	110.0
388.48	110.0
413.64	110.0
459.8	110.0
476.84	110.0
522.56	110.0
698.6	110.0
990.2	110.0
308.96	111.0
312.16	111.0
322.88	111.0
328.56	111.0
332.28	111.0
338.16	111.0
348.8	111.0
356.44	111.0
359.92	111.0
364.96	111.0
370.0	111.0
374.16	111.0
383.0	111.0
394.28	111.0
399.08	111.0
405.64	111.0
422.88	111.0
433.6	111.0
442.84	111.0
447.08	111.0
458.04	111.0
473.12	111.0
489.6	111.0
495.2	111.0
501.96	111.0
516.48	111.0
526.6	111.0
535.72	111.0
541.8	111.0
551.16	111.0
570.8	111.0
578.24	111.0
590.68	111.0
603.8	111.0
612.6	111.0
621.04	111.0
625.96	111.0
631.12	111.0
658.8	111.0
675.44	111.0
688.36	111.0
698.0	111.0
717.44	111.0
729.96	111.0
764.96	111.0
773.2	111.0
783.8	111.0
803.84	111.0
813.24	111.0
827.64	111.0
838.68	111.0
867.84	111.0
895.52	111.0
909.96	111.0
973.76	111.0
989.52	111.0
1003.4	111.0
1012.88	111.0
1024.72	111.0
1037.72	111.0
1064.16	111.0
1090.6	111.0
1101.72	111.0
1130.32	111.0
1168.2	111.0
1199.88	111.0
1216.16	111.0
1277.68	111.0
1305.8	111.0
1330.16	111.0
1338.12	111.0
1350.32	111.0
1406.44	111.0
1438.8	111.0
1448.44	111.0
1469.04	111.0
1482.68	111.0
302.52	112.0
309.44	113.0
352.88	113.0
439.8	113.0
455.16	113.0
465.12	113.0
555.48	113.0
759.16	113.0
798.2	113.0
311.04	114.0
1058.88	114.0
1463.56	114.0
304.44	114.0
334.32	114.0
378.76	114.0
391.32	114.0
404.36	114.0
407.64	114.0
413.48	114.0
481.36	114.0
509.64	114.0
527.72	114.0
584.36	114.0
614.96	114.0
650.68	114.0
729.76	114.0
800.2	114.0
829.68	114.0
937.72	114.0
1025.68	114.0
1093.8	114.0
1167.12	114.0
1204.48	114.0
1312.16	114.0
1345.36	114.0
1481.24	114.0
303.76	115.0
314.2	115.0
443.16	115.0
1128.36	115.0
1241.6	115.0
1351.12	115.0
1399.24	115.0
325.0	116.0
370.52	116.0
388.4	116.0
413.56	116.0
459.68	116.0
476.72	116.0
522.44	116.0
659.36	116.0
415.32	117.0
487.16	117.0
310.08	117.0
648.32	117.0
309.04	118.0
312.0	118.0
610.68	119.0
389.2	120.0
379.64	120.0
410.36	120.0
447.0	120.0
