330.44	96.0
305.12	96.0
803.44	96.0
307.28	97.0
761.04	97.0
322.08	99.0
412.52	99.0
473.44	99.0
506.36	99.0
513.96	99.0
598.72	99.0
643.52	99.0
923.28	99.0
988.52	99.0
1049.84	99.0
1129.52	99.0
1385.52	99.0
312.72	101.0
310.12	101.0
309.0	102.0
312.08	102.0
303.16	107.0
317.32	107.0
340.88	107.0
395.0	107.0
447.8	107.0
523.28	107.0
1337.6	107.0
787.12	108.0
303.56	108.0
310.28	108.0
330.84	108.0
339.64	108.0
354.24	108.0
365.08	108.0
372.04	108.0
390.04	108.0
401.04	108.0
406.28	108.0
448.88	108.0
457.6	108.0
469.96	108.0
501.88	108.0
513.76	108.0
530.36	108.0
542.88	108.0
562.12	108.0
570.32	108.0
600.24	108.0
625.8	108.0
628.36	108.0
656.32	108.0
678.84	108.0
688.96	108.0
705.28	108.0
713.72	108.0
720.96	108.0
741.92	108.0
767.84	108.0
793.32	108.0
803.4	108.0
817.16	108.0
857.04	108.0
872.76	108.0
878.8	108.0
892.28	108.0
904.52	108.0
923.8	108.0
960.84	108.0
970.88	108.0
975.76	108.0
996.24	108.0
1036.64	108.0
1091.6	108.0
1139.08	108.0
1143.08	108.0
1159.72	108.0
1200.8	108.0
1219.76	108.0
1239.96	108.0
1280.12	108.0
1284.52	108.0
1323.2	108.0
1361.92	108.0
329.6	109.0
370.96	109.0
421.88	109.0
447.32	109.0
478.84	109.0
502.76	109.0
574.8	109.0
599.16	109.0
624.76	109.0
654.24	109.0
677.32	109.0
754.96	109.0
824.6	109.0
865.48	109.0
912.88	109.0
978.12	109.0
995.8	109.0
1075.0	109.0
1207.68	109.0
1361.6	109.0
309.0	110.0
311.88	110.0
328.24	110.0
357.96	110.0
467.64	110.0
922.08	110.0
460.2	110.0
538.6	110.0
309.0	111.0
312.12	111.0
317.72	111.0
323.36	111.0
333.12	111.0
342.72	111.0
348.36	111.0
357.2	111.0
366.84	111.0
380.08	111.0
394.96	111.0
400.08	111.0
415.08	111.0
422.64	111.0
428.64	111.0
432.56	111.0
446.16	111.0
454.52	111.0
469.2	111.0
477.28	111.0
501.28	111.0
518.4	111.0
529.88	111.0
536.4	111.0
563.48	111.0
569.92	111.0
584.72	111.0
600.68	111.0
611.12	111.0
640.8	111.0
659.92	111.0
672.12	111.0
676.76	111.0
679.8	111.0
702.36	111.0
715.56	111.0
738.64	111.0
754.68	111.0
764.12	111.0
778.92	111.0
786.24	111.0
795.44	111.0
817.4	111.0
837.6	111.0
857.32	111.0
878.04	111.0
918.72	111.0
924.6	111.0
937.48	111.0
944.6	111.0
958.56	111.0
979.76	111.0
996.48	111.0
1016.48	111.0
1028.48	111.0
1041.4	111.0
1049.0	111.0
1060.6	111.0
1089.68	111.0
1126.8	111.0
1150.8	111.0
1161.16	111.0
1174.2	111.0
1189.0	111.0
1205.88	111.0
1217.96	111.0
1231.16	111.0
1246.24	111.0
1272.96	111.0
1281.24	111.0
1299.48	111.0
1326.0	111.0
1341.36	111.0
1358.92	111.0
357.64	112.0
657.8	112.0
721.56	112.0
363.2	113.0
675.72	113.0
682.64	113.0
703.48	113.0
779.04	113.0
313.64	114.0
330.12	114.0
403.32	114.0
463.04	114.0
478.84	114.0
550.84	114.0
577.56	114.0
593.36	114.0
646.96	114.0
677.48	114.0
680.36	114.0
703.16	114.0
707.52	114.0
829.08	114.0
995.88	114.0
1160.28	114.0
304.72	115.0
344.24	115.0
367.4	115.0
414.2	115.0
700.32	115.0
1108.44	115.0
1273.84	115.0
1389.2	115.0
460.12	116.0
477.92	116.0
538.48	116.0
564.88	116.0
309.0	117.0
311.92	117.0
661.68	117.0
705.72	117.0
829.12	117.0
309.0	118.0
311.88	118.0
956.64	120.0
511.2	120.0
725.84	120.0
834.28	120.0
989.08	120.0
1286.04	120.0
