325.28	96.0
350.64	96.0
720.0	96.0
302.48	96.0
399.24	96.0
302.6	97.0
306.28	97.0
330.8	97.0
472.6	97.0
308.8	99.0
302.48	99.0
332.28	99.0
362.08	99.0
388.56	99.0
409.8	99.0
530.12	99.0
636.56	99.0
679.6	99.0
770.72	99.0
910.92	99.0
989.08	99.0
1008.48	99.0
1053.56	99.0
1167.44	99.0
1253.16	99.0
1331.0	99.0
310.0	101.0
309.0	102.0
311.68	102.0
302.52	103.0
336.68	105.0
304.84	106.0
451.24	106.0
515.36	106.0
308.6	107.0
325.32	107.0
341.72	107.0
425.56	107.0
472.92	107.0
543.72	107.0
640.0	107.0
1205.92	108.0
304.2	108.0
307.44	108.0
318.68	108.0
327.48	108.0
331.08	108.0
341.56	108.0
351.36	108.0
357.92	108.0
372.04	108.0
376.56	108.0
394.72	108.0
403.68	108.0
417.32	108.0
427.36	108.0
451.84	108.0
466.6	108.0
471.96	108.0
489.6	108.0
493.16	108.0
530.12	108.0
548.84	108.0
560.24	108.0
564.84	108.0
569.12	108.0
599.96	108.0
605.56	108.0
609.88	108.0
684.16	108.0
701.56	108.0
730.72	108.0
736.4	108.0
799.4	108.0
870.16	108.0
879.6	108.0
884.64	108.0
909.56	108.0
954.28	108.0
965.96	108.0
987.76	108.0
998.8	108.0
1025.32	108.0
1027.92	108.0
1048.64	108.0
1068.56	108.0
1136.12	108.0
1185.68	108.0
1200.8	108.0
1231.6	108.0
1287.96	108.0
1372.52	108.0
1375.52	108.0
302.48	109.0
318.48	109.0
336.04	109.0
352.16	109.0
460.0	109.0
530.16	109.0
546.96	109.0
599.52	109.0
628.48	109.0
658.44	109.0
683.6	109.0
758.8	109.0
798.8	109.0
840.48	109.0
950.8	109.0
1008.76	109.0
1055.12	109.0
1143.04	109.0
1215.12	109.0
1279.92	109.0
1332.48	109.0
1376.36	109.0
309.0	110.0
312.0	110.0
317.92	110.0
325.64	110.0
344.84	110.0
520.08	110.0
770.76	110.0
309.0	111.0
311.68	111.0
321.84	111.0
331.48	111.0
342.2	111.0
347.76	111.0
358.88	111.0
363.08	111.0
367.52	111.0
372.96	111.0
378.12	111.0
382.28	111.0
388.24	111.0
394.2	111.0
400.04	111.0
407.48	111.0
418.76	111.0
436.6	111.0
447.12	111.0
454.32	111.0
471.28	111.0
480.96	111.0
508.88	111.0
533.0	111.0
543.0	111.0
548.12	111.0
556.12	111.0
574.64	111.0
581.64	111.0
592.16	111.0
618.64	111.0
626.04	111.0
635.12	111.0
644.72	111.0
651.0	111.0
679.08	111.0
702.12	111.0
709.16	111.0
720.48	111.0
760.84	111.0
770.32	111.0
786.36	111.0
806.08	111.0
813.96	111.0
845.48	111.0
856.24	111.0
882.0	111.0
886.04	111.0
931.28	111.0
940.76	111.0
1008.44	111.0
1056.36	111.0
1095.2	111.0
1104.12	111.0
1140.8	111.0
1154.16	111.0
1162.84	111.0
1184.44	111.0
1191.12	111.0
1217.2	111.0
1240.92	111.0
1281.68	111.0
1291.08	111.0
1322.2	111.0
1337.6	111.0
1348.48	111.0
1369.52	111.0
1374.96	111.0
302.48	112.0
308.24	112.0
336.12	112.0
428.4	112.0
355.56	113.0
432.76	113.0
612.84	113.0
814.52	113.0
1328.48	113.0
453.92	114.0
476.56	114.0
500.32	114.0
325.36	114.0
377.72	114.0
401.8	114.0
439.96	114.0
462.48	114.0
469.92	114.0
522.08	114.0
546.16	114.0
563.16	114.0
573.08	114.0
599.6	114.0
639.56	114.0
658.84	114.0
885.36	114.0
1127.56	114.0
1215.04	114.0
1253.72	114.0
303.68	115.0
753.56	115.0
835.28	115.0
873.92	115.0
976.84	115.0
1053.72	115.0
1186.52	115.0
1319.96	115.0
1364.92	115.0
399.88	115.0
344.72	116.0
519.96	116.0
309.04	117.0
312.24	117.0
325.48	117.0
342.64	117.0
395.28	117.0
447.68	117.0
479.72	117.0
309.0	118.0
311.68	118.0
384.16	119.0
427.6	119.0
310.24	120.0
397.88	120.0
562.12	120.0
641.36	120.0
769.04	120.0
1242.2	120.0
