351.16	96.0
420.4	96.0
305.16	97.0
356.16	97.0
388.52	97.0
638.56	97.0
1059.56	97.0
315.4	99.0
344.32	99.0
442.0	99.0
571.48	99.0
748.12	99.0
848.48	99.0
895.68	99.0
1013.12	99.0
1088.6	99.0
1227.92	99.0
310.04	101.0
309.0	102.0
312.0	102.0
345.24	103.0
314.8	107.0
340.76	107.0
392.08	107.0
418.48	107.0
458.48	107.0
465.28	107.0
493.44	107.0
604.48	107.0
873.8	107.0
1217.68	107.0
831.12	108.0
1224.16	108.0
303.6	108.0
308.2	108.0
310.72	108.0
315.88	108.0
319.04	108.0
327.24	108.0
339.12	108.0
354.32	108.0
356.84	108.0
361.32	108.0
380.72	108.0
394.32	108.0
407.36	108.0
418.64	108.0
427.04	108.0
431.04	108.0
433.68	108.0
437.48	108.0
441.76	108.0
453.36	108.0
477.52	108.0
494.68	108.0
526.0	108.0
539.72	108.0
549.44	108.0
560.68	108.0
563.76	108.0
571.68	108.0
591.72	108.0
633.84	108.0
670.92	108.0
682.96	108.0
686.56	108.0
690.64	108.0
698.92	108.0
719.16	108.0
810.2	108.0
844.44	108.0
873.76	108.0
909.28	108.0
943.64	108.0
988.52	108.0
995.0	108.0
1002.4	108.0
1085.56	108.0
1111.48	108.0
1229.36	108.0
1267.76	108.0
1287.36	108.0
1302.0	108.0
1325.4	108.0
357.92	109.0
407.0	109.0
452.76	109.0
470.52	109.0
508.04	109.0
525.56	109.0
560.32	109.0
580.4	109.0
604.36	109.0
691.48	109.0
777.16	109.0
803.44	109.0
828.8	109.0
909.8	109.0
950.92	109.0
994.48	109.0
1085.88	109.0
1153.6	109.0
1245.76	109.0
1325.0	109.0
308.96	110.0
311.92	110.0
323.72	110.0
350.08	110.0
430.24	110.0
328.44	110.0
585.04	110.0
804.8	110.0
309.0	111.0
311.96	111.0
318.32	111.0
323.88	111.0
328.76	111.0
331.44	111.0
335.84	111.0
340.04	111.0
354.48	111.0
359.68	111.0
364.6	111.0
384.52	111.0
391.96	111.0
395.6	111.0
407.08	111.0
412.04	111.0
419.72	111.0
424.56	111.0
430.0	111.0
459.2	111.0
466.56	111.0
471.64	111.0
476.64	111.0
484.84	111.0
505.28	111.0
513.24	111.0
522.4	111.0
528.92	111.0
547.4	111.0
568.44	111.0
600.36	111.0
624.64	111.0
635.0	111.0
639.04	111.0
644.64	111.0
653.12	111.0
662.44	111.0
673.08	111.0
718.64	111.0
731.48	111.0
788.16	111.0
800.72	111.0
819.36	111.0
838.12	111.0
861.8	111.0
875.6	111.0
888.64	111.0
910.04	111.0
920.08	111.0
939.6	111.0
945.64	111.0
972.64	111.0
1012.56	111.0
1032.0	111.0
1050.0	111.0
1056.44	111.0
1083.44	111.0
1093.64	111.0
1117.92	111.0
1141.2	111.0
1155.68	111.0
1184.92	111.0
1205.88	111.0
1225.92	111.0
1246.52	111.0
1283.64	111.0
1319.52	111.0
1340.32	111.0
1353.64	111.0
1384.8	111.0
714.84	112.0
488.0	113.0
757.4	113.0
822.52	113.0
970.64	113.0
1363.52	113.0
306.08	114.0
313.2	114.0
384.28	114.0
409.52	114.0
455.36	114.0
480.68	114.0
515.76	114.0
522.12	114.0
695.84	114.0
762.8	114.0
816.84	114.0
822.68	114.0
860.4	114.0
1026.4	114.0
1273.44	114.0
1295.6	114.0
303.52	115.0
337.8	115.0
438.8	115.0
450.64	115.0
636.4	115.0
684.72	115.0
762.76	115.0
940.12	115.0
1049.64	115.0
1112.72	115.0
1182.72	115.0
1242.36	115.0
1281.48	115.0
1319.96	115.0
1384.2	115.0
308.96	117.0
311.56	117.0
437.6	117.0
452.84	117.0
565.96	117.0
636.56	117.0
659.44	117.0
735.16	117.0
309.0	118.0
312.04	118.0
596.0	119.0
770.28	119.0
825.68	119.0
546.72	120.0
777.72	120.0
356.6	120.0
657.2	120.0
