325.48	96.0
342.04	96.0
397.56	96.0
302.48	96.0
353.24	96.0
378.2	96.0
305.76	97.0
331.88	97.0
302.48	99.0
315.32	99.0
355.04	99.0
377.48	99.0
402.88	99.0
487.12	99.0
517.96	99.0
591.88	99.0
601.84	99.0
696.76	99.0
763.32	99.0
819.84	99.0
866.96	99.0
923.12	99.0
981.72	99.0
988.32	99.0
1080.72	99.0
1139.36	99.0
1201.36	99.0
1378.32	99.0
302.48	100.0
310.08	101.0
309.0	102.0
312.16	102.0
302.48	103.0
305.4	105.0
472.44	107.0
314.8	107.0
328.8	107.0
352.48	107.0
376.04	107.0
661.56	107.0
801.16	107.0
1317.92	107.0
325.64	108.0
303.52	108.0
308.2	108.0
310.72	108.0
321.12	108.0
333.4	108.0
343.68	108.0
348.32	108.0
355.32	108.0
358.28	108.0
376.56	108.0
388.84	108.0
392.84	108.0
397.48	108.0
401.24	108.0
407.36	108.0
424.68	108.0
436.08	108.0
438.6	108.0
444.72	108.0
463.76	108.0
468.76	108.0
497.24	108.0
500.52	108.0
510.4	108.0
530.76	108.0
561.44	108.0
588.48	108.0
625.68	108.0
654.04	108.0
692.6	108.0
708.56	108.0
765.32	108.0
866.48	108.0
924.44	108.0
982.28	108.0
1022.0	108.0
1033.68	108.0
1091.52	108.0
1109.24	108.0
1119.84	108.0
1125.32	108.0
1189.08	108.0
1265.44	108.0
1273.2	108.0
1289.84	108.0
1308.56	108.0
1379.92	108.0
302.48	109.0
332.04	109.0
366.56	109.0
388.52	109.0
442.56	109.0
455.08	109.0
503.04	109.0
521.44	109.0
550.04	109.0
588.16	109.0
651.68	109.0
679.08	109.0
770.08	109.0
867.44	109.0
905.16	109.0
941.76	109.0
1027.48	109.0
1119.36	109.0
1170.76	109.0
1289.48	109.0
1341.44	109.0
308.96	110.0
311.88	110.0
333.28	110.0
355.48	110.0
395.08	110.0
417.04	110.0
749.32	110.0
1358.68	110.0
326.88	110.0
399.56	110.0
425.28	110.0
436.2	110.0
456.6	110.0
309.0	111.0
311.68	111.0
318.8	111.0
323.8	111.0
330.32	111.0
342.72	111.0
353.04	111.0
359.48	111.0
364.96	111.0
377.08	111.0
393.92	111.0
400.4	111.0
408.92	111.0
416.72	111.0
424.52	111.0
430.0	111.0
433.64	111.0
441.64	111.0
446.16	111.0
453.92	111.0
469.52	111.0
485.32	111.0
492.76	111.0
499.52	111.0
507.64	111.0
513.36	111.0
528.12	111.0
534.92	111.0
555.8	111.0
580.52	111.0
591.84	111.0
599.88	111.0
614.32	111.0
622.28	111.0
628.4	111.0
659.6	111.0
677.4	111.0
691.76	111.0
709.32	111.0
717.08	111.0
739.04	111.0
747.32	111.0
766.44	111.0
774.72	111.0
809.04	111.0
844.76	111.0
899.2	111.0
908.44	111.0
922.96	111.0
959.72	111.0
973.6	111.0
991.64	111.0
1004.2	111.0
1022.48	111.0
1028.52	111.0
1045.48	111.0
1066.56	111.0
1099.32	111.0
1109.12	111.0
1119.04	111.0
1136.96	111.0
1153.04	111.0
1169.24	111.0
1178.2	111.0
1211.28	111.0
1264.52	111.0
1286.48	111.0
1341.6	111.0
1357.88	111.0
1378.28	111.0
302.52	112.0
377.0	112.0
417.44	112.0
302.68	113.0
372.0	113.0
425.8	113.0
475.28	113.0
505.72	113.0
698.88	113.0
762.4	113.0
325.44	114.0
425.2	114.0
306.0	114.0
313.52	114.0
328.68	114.0
350.6	114.0
364.48	114.0
371.72	114.0
414.04	114.0
432.84	114.0
461.68	114.0
580.24	114.0
658.04	114.0
721.16	114.0
750.76	114.0
886.08	114.0
945.68	114.0
972.24	114.0
1124.64	114.0
1146.2	114.0
1273.48	114.0
303.72	115.0
386.96	115.0
455.64	115.0
611.72	115.0
841.52	115.0
895.76	115.0
937.56	115.0
1021.96	115.0
1062.4	115.0
1285.4	115.0
1323.52	115.0
1376.92	115.0
425.24	116.0
456.56	116.0
310.04	117.0
336.28	117.0
377.52	117.0
513.04	117.0
309.0	118.0
311.88	118.0
370.4	119.0
310.08	120.0
743.0	120.0
342.56	120.0
395.72	120.0
528.32	120.0
948.2	120.0
