456.52	96.0
302.48	96.0
337.84	96.0
406.04	96.0
305.32	97.0
356.48	97.0
386.92	97.0
634.44	97.0
302.48	97.0
328.72	97.0
395.4	97.0
302.48	99.0
350.48	99.0
376.96	99.0
385.96	99.0
406.08	99.0
428.64	99.0
456.76	99.0
471.96	99.0
580.08	99.0
645.68	99.0
738.44	99.0
808.2	99.0
857.88	99.0
931.84	99.0
984.96	99.0
1088.52	99.0
1132.28	99.0
1190.6	99.0
1304.48	99.0
1384.24	99.0
302.48	100.0
312.52	101.0
310.0	101.0
309.0	102.0
311.68	102.0
323.68	103.0
302.52	105.0
325.92	105.0
663.44	105.0
470.32	106.0
483.6	106.0
572.92	106.0
634.36	106.0
658.52	106.0
423.52	107.0
314.6	107.0
338.32	107.0
353.8	107.0
376.08	107.0
405.04	107.0
454.36	107.0
509.76	107.0
1242.48	107.0
1353.48	107.0
325.56	108.0
361.96	108.0
447.44	108.0
474.56	108.0
550.6	108.0
837.16	108.0
303.48	108.0
307.88	108.0
323.04	108.0
330.28	108.0
337.48	108.0
342.68	108.0
346.36	108.0
365.0	108.0
367.76	108.0
372.6	108.0
375.36	108.0
384.24	108.0
397.08	108.0
406.2	108.0
410.84	108.0
414.08	108.0
423.08	108.0
425.6	108.0
432.72	108.0
451.68	108.0
465.24	108.0
487.12	108.0
558.76	108.0
577.08	108.0
636.12	108.0
644.8	108.0
658.96	108.0
683.12	108.0
731.32	108.0
793.32	108.0
914.44	108.0
940.72	108.0
1008.16	108.0
1043.32	108.0
1153.68	108.0
1181.12	108.0
1201.64	108.0
1244.68	108.0
1259.88	108.0
1281.08	108.0
1314.04	108.0
1346.64	108.0
1349.72	108.0
302.64	109.0
326.56	109.0
344.08	109.0
354.84	109.0
363.72	109.0
375.44	109.0
386.24	109.0
407.96	109.0
425.12	109.0
434.16	109.0
454.4	109.0
485.68	109.0
503.2	109.0
513.76	109.0
549.44	109.0
659.08	109.0
682.68	109.0
715.4	109.0
747.08	109.0
912.4	109.0
943.36	109.0
1020.24	109.0
1078.0	109.0
1154.32	109.0
1249.72	109.0
1335.92	109.0
308.96	110.0
312.08	110.0
359.4	110.0
323.48	110.0
326.44	110.0
342.92	110.0
386.12	110.0
405.08	110.0
419.72	110.0
445.36	110.0
309.04	111.0
311.84	111.0
315.56	111.0
318.8	111.0
322.24	111.0
334.96	111.0
340.84	111.0
350.6	111.0
353.4	111.0
359.0	111.0
370.68	111.0
376.44	111.0
383.88	111.0
390.28	111.0
404.52	111.0
416.16	111.0
420.68	111.0
431.2	111.0
437.36	111.0
444.8	111.0
455.6	111.0
463.08	111.0
469.04	111.0
495.64	111.0
499.44	111.0
527.88	111.0
572.92	111.0
609.96	111.0
620.12	111.0
634.84	111.0
658.36	111.0
679.12	111.0
683.0	111.0
693.32	111.0
733.2	111.0
742.16	111.0
753.64	111.0
769.04	111.0
775.0	111.0
830.76	111.0
835.48	111.0
871.88	111.0
896.64	111.0
926.36	111.0
984.36	111.0
997.04	111.0
1011.28	111.0
1033.8	111.0
1048.72	111.0
1056.76	111.0
1074.52	111.0
1082.48	111.0
1088.0	111.0
1119.28	111.0
1161.04	111.0
1183.04	111.0
1199.48	111.0
1216.6	111.0
1244.6	111.0
1272.88	111.0
1310.6	111.0
1334.72	111.0
1353.88	111.0
1358.36	111.0
1382.16	111.0
302.52	112.0
372.48	112.0
421.12	112.0
326.44	112.0
309.88	113.0
329.88	113.0
364.32	113.0
394.36	113.0
537.92	113.0
677.12	113.0
762.84	113.0
845.44	113.0
1186.68	113.0
1317.92	113.0
316.2	114.0
322.52	114.0
333.64	114.0
346.64	114.0
350.84	114.0
359.2	114.0
382.72	114.0
386.72	114.0
405.48	114.0
409.44	114.0
424.12	114.0
485.52	114.0
493.76	114.0
503.36	114.0
547.72	114.0
562.84	114.0
610.28	114.0
663.2	114.0
738.04	114.0
801.84	114.0
945.8	114.0
1182.76	114.0
1209.84	114.0
1353.88	114.0
303.6	115.0
334.96	115.0
351.88	115.0
372.24	115.0
496.44	115.0
655.84	115.0
829.04	115.0
913.96	115.0
1030.72	115.0
1161.44	115.0
1331.52	115.0
1378.68	115.0
398.08	115.0
323.48	116.0
386.08	116.0
419.68	116.0
309.0	117.0
312.04	117.0
335.88	117.0
437.68	117.0
406.52	117.0
463.32	117.0
495.4	117.0
520.2	117.0
606.12	117.0
788.28	117.0
309.0	118.0
312.16	118.0
522.96	119.0
350.52	120.0
467.68	120.0
714.72	120.0
