302.48	96.0
305.72	97.0
689.44	97.0
945.2	97.0
56.04	99.0
170.32	99.0
256.52	99.0
295.76	99.0
302.48	99.0
481.76	99.0
583.96	99.0
608.88	99.0
688.8	99.0
302.48	100.0
312.68	101.0
309.96	101.0
309.0	102.0
311.8	102.0
302.48	103.0
340.28	107.0
394.36	107.0
257.0	107.0
303.88	107.0
530.12	107.0
820.4	107.0
313.88	108.0
364.32	108.0
407.0	108.0
4.08	108.0
42.76	108.0
60.28	108.0
119.88	108.0
124.32	108.0
163.12	108.0
167.6	108.0
171.92	108.0
192.84	108.0
206.24	108.0
213.12	108.0
219.32	108.0
229.28	108.0
302.52	108.0
309.16	108.0
329.48	108.0
343.76	108.0
381.8	108.0
410.8	108.0
478.56	108.0
559.84	108.0
658.48	108.0
683.72	108.0
763.88	108.0
825.64	108.0
94.24	109.0
302.52	109.0
329.04	109.0
577.76	109.0
308.96	110.0
312.0	110.0
357.12	110.0
7.64	111.0
23.84	111.0
37.64	111.0
57.44	111.0
71.2	111.0
121.92	111.0
147.88	111.0
165.04	111.0
175.28	111.0
207.52	111.0
226.8	111.0
250.44	111.0
275.52	111.0
309.04	111.0
311.88	111.0
325.6	111.0
335.12	111.0
341.64	111.0
354.64	111.0
370.8	111.0
387.6	111.0
400.0	111.0
440.12	111.0
473.48	111.0
500.96	111.0
515.04	111.0
533.68	111.0
554.72	111.0
580.24	111.0
591.48	111.0
621.6	111.0
641.04	111.0
715.36	111.0
724.76	111.0
763.16	111.0
780.2	111.0
794.48	111.0
834.8	111.0
302.6	112.0
64.8	113.0
146.08	113.0
272.44	113.0
450.32	113.0
563.36	114.0
58.76	114.0
244.88	114.0
303.0	114.0
347.92	114.0
400.0	114.0
407.12	114.0
409.96	114.0
442.12	114.0
569.96	114.0
574.88	114.0
604.52	114.0
4.84	115.0
121.08	115.0
270.64	115.0
420.08	115.0
470.48	115.0
577.16	115.0
669.64	115.0
760.56	115.0
825.6	115.0
951.76	115.0
314.72	116.0
308.96	117.0
311.88	117.0
309.0	118.0
311.84	118.0
5.68	120.0
565.64	120.0
