304.04	96.0
347.44	96.0
306.96	97.0
302.52	97.0
351.28	97.0
441.92	97.0
540.04	97.0
1287.36	97.0
302.48	99.0
355.96	99.0
447.8	99.0
519.0	99.0
708.4	99.0
769.12	99.0
885.4	99.0
927.76	99.0
1161.04	99.0
1194.24	99.0
302.68	100.0
312.52	101.0
310.0	101.0
309.0	102.0
312.04	102.0
302.48	103.0
965.0	105.0
407.84	107.0
599.76	107.0
317.4	107.0
334.2	107.0
363.4	107.0
456.52	107.0
978.56	107.0
1130.36	107.0
1379.4	107.0
520.76	108.0
304.4	108.0
309.0	108.0
316.28	108.0
319.68	108.0
336.76	108.0
350.64	108.0
359.88	108.0
380.64	108.0
394.52	108.0
418.76	108.0
434.32	108.0
448.2	108.0
462.6	108.0
465.12	108.0
469.52	108.0
491.52	108.0
498.88	108.0
516.36	108.0
546.92	108.0
551.28	108.0
557.16	108.0
567.16	108.0
583.52	108.0
586.96	108.0
600.76	108.0
629.84	108.0
633.48	108.0
646.44	108.0
689.96	108.0
693.4	108.0
699.2	108.0
706.4	108.0
731.64	108.0
747.24	108.0
776.44	108.0
789.24	108.0
803.08	108.0
878.32	108.0
895.4	108.0
950.48	108.0
1001.84	108.0
1014.6	108.0
1017.84	108.0
1048.36	108.0
1090.4	108.0
1116.72	108.0
1153.16	108.0
1207.12	108.0
1214.32	108.0
1348.84	108.0
302.64	109.0
316.96	109.0
361.4	109.0
434.52	109.0
462.76	109.0
563.76	109.0
584.88	109.0
605.48	109.0
647.4	109.0
716.76	109.0
747.68	109.0
834.0	109.0
877.8	109.0
918.84	109.0
964.72	109.0
1044.36	109.0
1082.28	109.0
1169.36	109.0
1302.8	109.0
308.96	110.0
311.56	110.0
325.08	110.0
505.28	110.0
563.24	110.0
549.6	110.0
309.0	111.0
312.04	111.0
323.84	111.0
329.24	111.0
333.4	111.0
339.64	111.0
346.36	111.0
360.28	111.0
381.36	111.0
397.92	111.0
417.92	111.0
434.16	111.0
442.6	111.0
459.68	111.0
467.76	111.0
475.52	111.0
488.52	111.0
501.88	111.0
508.68	111.0
520.72	111.0
536.2	111.0
543.08	111.0
549.16	111.0
554.72	111.0
560.56	111.0
571.32	111.0
582.84	111.0
599.96	111.0
610.96	111.0
618.8	111.0
628.4	111.0
644.04	111.0
653.64	111.0
659.16	111.0
676.0	111.0
685.76	111.0
698.12	111.0
709.8	111.0
727.0	111.0
746.68	111.0
763.96	111.0
772.52	111.0
787.0	111.0
793.96	111.0
830.2	111.0
845.24	111.0
859.12	111.0
898.84	111.0
913.68	111.0
918.44	111.0
930.72	111.0
958.6	111.0
965.52	111.0
976.44	111.0
982.36	111.0
1004.16	111.0
1042.12	111.0
1056.88	111.0
1083.36	111.0
1118.4	111.0
1123.08	111.0
1155.88	111.0
1195.36	111.0
1207.2	111.0
1256.92	111.0
1297.16	111.0
1331.16	111.0
1349.32	111.0
302.48	112.0
1121.92	112.0
318.76	113.0
549.44	113.0
697.76	113.0
758.4	113.0
547.16	114.0
697.4	114.0
929.0	114.0
306.32	114.0
472.68	114.0
502.2	114.0
562.6	114.0
578.08	114.0
674.12	114.0
702.2	114.0
737.36	114.0
785.4	114.0
874.4	114.0
964.76	114.0
1124.28	114.0
1218.64	114.0
304.16	115.0
325.48	115.0
359.0	115.0
380.68	115.0
414.84	115.0
459.84	115.0
895.6	115.0
1084.48	115.0
1245.04	115.0
1326.28	115.0
315.52	116.0
309.0	117.0
311.84	117.0
540.88	117.0
599.24	117.0
309.0	118.0
312.08	118.0
302.88	120.0
492.84	120.0
521.52	120.0
604.96	120.0
641.88	120.0
791.12	120.0
1187.52	120.0
