343.04	96.0
303.28	97.0
305.96	97.0
336.36	97.0
33.2	99.0
46.08	99.0
90.88	99.0
160.4	99.0
298.12	99.0
393.68	99.0
453.12	99.0
581.24	99.0
676.56	99.0
312.6	101.0
309.92	101.0
309.0	102.0
311.84	102.0
68.2	107.0
467.96	107.0
823.6	107.0
444.92	108.0
5.56	108.0
40.68	108.0
63.92	108.0
76.44	108.0
101.88	108.0
105.72	108.0
109.84	108.0
120.28	108.0
217.52	108.0
283.04	108.0
290.72	108.0
303.68	108.0
308.52	108.0
316.6	108.0
329.24	108.0
343.72	108.0
361.4	108.0
369.72	108.0
376.76	108.0
392.76	108.0
400.28	108.0
438.4	108.0
485.88	108.0
543.36	108.0
563.08	108.0
575.52	108.0
607.48	108.0
631.48	108.0
700.4	108.0
708.68	108.0
778.48	108.0
782.2	108.0
829.36	108.0
889.84	108.0
893.12	108.0
98.16	109.0
137.12	109.0
206.6	109.0
406.2	109.0
479.76	109.0
523.88	109.0
649.28	109.0
308.96	110.0
311.96	110.0
618.96	110.0
796.84	110.0
781.72	110.0
16.64	111.0
30.04	111.0
44.68	111.0
58.12	111.0
67.0	111.0
76.12	111.0
91.96	111.0
96.44	111.0
114.12	111.0
148.64	111.0
161.72	111.0
172.52	111.0
202.24	111.0
207.84	111.0
219.88	111.0
247.08	111.0
285.68	111.0
309.0	111.0
311.84	111.0
324.52	111.0
330.44	111.0
347.76	111.0
361.52	111.0
375.96	111.0
396.6	111.0
406.24	111.0
420.08	111.0
435.24	111.0
446.6	111.0
467.64	111.0
486.16	111.0
504.96	111.0
535.12	111.0
543.92	111.0
550.6	111.0
572.08	111.0
599.44	111.0
610.8	111.0
628.96	111.0
664.44	111.0
674.36	111.0
706.36	111.0
734.68	111.0
751.48	111.0
774.32	111.0
831.2	111.0
852.28	111.0
874.64	111.0
60.2	113.0
310.36	113.0
27.2	114.0
900.52	114.0
1190.08	114.0
155.88	114.0
199.6	114.0
267.24	114.0
310.48	114.0
334.12	114.0
342.48	114.0
373.56	114.0
469.88	114.0
484.2	114.0
578.44	114.0
653.8	114.0
198.2	115.0
277.2	115.0
467.2	115.0
534.2	115.0
598.8	115.0
770.92	115.0
828.6	115.0
873.44	115.0
752.08	116.0
308.92	117.0
312.24	117.0
309.0	118.0
312.04	118.0
616.76	120.0
