320.0	96.0
339.16	96.0
828.04	96.0
952.92	96.0
302.48	96.0
326.36	96.0
396.64	96.0
305.24	97.0
302.48	97.0
319.48	97.0
358.36	97.0
637.48	97.0
906.92	97.0
662.56	98.0
302.48	99.0
330.64	99.0
474.6	99.0
856.6	99.0
861.76	99.0
936.8	99.0
1098.92	99.0
1221.08	99.0
302.48	100.0
310.04	101.0
309.0	102.0
312.24	102.0
326.6	103.0
302.48	103.0
307.24	105.0
1318.96	105.0
552.76	105.0
795.2	105.0
379.64	107.0
313.6	107.0
326.64	107.0
333.44	107.0
354.44	107.0
433.16	107.0
463.28	107.0
548.32	107.0
1340.24	107.0
665.04	108.0
303.56	108.0
308.68	108.0
328.32	108.0
331.32	108.0
339.08	108.0
345.8	108.0
351.68	108.0
357.92	108.0
367.0	108.0
371.2	108.0
382.32	108.0
385.0	108.0
405.72	108.0
415.4	108.0
420.28	108.0
429.28	108.0
436.32	108.0
442.72	108.0
464.24	108.0
472.16	108.0
488.24	108.0
513.44	108.0
535.64	108.0
541.0	108.0
566.88	108.0
570.6	108.0
605.16	108.0
620.72	108.0
638.48	108.0
669.8	108.0
700.4	108.0
710.92	108.0
729.6	108.0
767.2	108.0
788.76	108.0
794.84	108.0
798.72	108.0
832.24	108.0
891.96	108.0
895.28	108.0
899.24	108.0
908.88	108.0
962.44	108.0
965.12	108.0
989.68	108.0
1036.64	108.0
1099.44	108.0
1123.44	108.0
1150.16	108.0
1186.48	108.0
1192.36	108.0
1276.36	108.0
1312.72	108.0
1318.76	108.0
1337.96	108.0
302.48	109.0
328.32	109.0
351.12	109.0
371.68	109.0
387.08	109.0
403.88	109.0
440.84	109.0
463.44	109.0
502.76	109.0
521.56	109.0
546.72	109.0
590.2	109.0
614.68	109.0
649.6	109.0
667.72	109.0
700.88	109.0
755.8	109.0
831.64	109.0
869.08	109.0
1035.04	109.0
1097.44	109.0
1122.68	109.0
1234.52	109.0
309.0	110.0
312.08	110.0
466.16	110.0
1321.2	110.0
316.04	110.0
327.96	110.0
360.32	110.0
441.64	110.0
309.0	111.0
312.12	111.0
314.68	111.0
320.6	111.0
332.44	111.0
343.28	111.0
351.92	111.0
356.84	111.0
365.36	111.0
370.28	111.0
378.24	111.0
383.64	111.0
394.24	111.0
400.32	111.0
404.16	111.0
412.56	111.0
419.88	111.0
427.24	111.0
437.12	111.0
441.04	111.0
460.24	111.0
485.0	111.0
501.0	111.0
505.68	111.0
512.24	111.0
530.4	111.0
553.24	111.0
560.88	111.0
570.04	111.0
606.24	111.0
610.08	111.0
630.16	111.0
635.72	111.0
642.64	111.0
673.24	111.0
680.52	111.0
684.28	111.0
713.28	111.0
720.0	111.0
730.96	111.0
754.4	111.0
771.72	111.0
779.08	111.0
796.28	111.0
827.36	111.0
849.72	111.0
865.76	111.0
915.16	111.0
949.56	111.0
956.88	111.0
978.44	111.0
1014.88	111.0
1026.96	111.0
1066.44	111.0
1078.52	111.0
1092.28	111.0
1128.96	111.0
1142.32	111.0
1193.2	111.0
1207.56	111.0
1231.32	111.0
1248.68	111.0
1268.92	111.0
1278.96	111.0
1293.48	111.0
1302.04	111.0
1326.4	111.0
1344.36	111.0
1379.44	111.0
302.72	112.0
308.48	112.0
315.32	112.0
447.56	112.0
360.28	113.0
514.16	113.0
796.72	113.0
866.8	113.0
1232.68	113.0
393.88	114.0
479.4	114.0
304.44	114.0
333.28	114.0
353.72	114.0
358.04	114.0
464.44	114.0
518.72	114.0
525.52	114.0
532.44	114.0
552.52	114.0
649.72	114.0
669.84	114.0
673.28	114.0
694.2	114.0
715.8	114.0
793.2	114.0
802.8	114.0
826.52	114.0
909.08	114.0
912.16	114.0
930.64	114.0
1310.0	114.0
1373.64	114.0
305.52	115.0
328.32	115.0
662.32	115.0
847.28	115.0
914.16	115.0
976.04	115.0
1165.8	115.0
1248.4	115.0
441.56	116.0
580.16	116.0
309.0	117.0
311.88	117.0
365.92	117.0
459.4	117.0
500.6	117.0
517.04	117.0
585.36	117.0
662.76	117.0
729.36	117.0
309.04	118.0
312.28	118.0
310.24	120.0
313.96	120.0
406.64	120.0
482.64	120.0
492.56	120.0
750.4	120.0
816.2	120.0
