302.48	96.0
650.08	96.0
303.16	97.0
678.52	97.0
180.4	98.0
79.52	99.0
85.68	99.0
102.52	99.0
209.2	99.0
269.28	99.0
302.56	99.0
328.0	99.0
396.28	99.0
449.28	99.0
525.8	99.0
686.96	99.0
803.96	99.0
302.52	100.0
312.64	101.0
310.08	101.0
309.0	102.0
312.16	102.0
302.48	103.0
48.88	107.0
164.28	107.0
326.52	107.0
574.36	107.0
674.6	107.0
792.4	107.0
928.96	107.0
1161.68	107.0
39.56	108.0
43.28	108.0
69.84	108.0
77.92	108.0
97.2	108.0
133.2	108.0
141.96	108.0
147.68	108.0
209.84	108.0
232.72	108.0
246.32	108.0
254.76	108.0
259.32	108.0
284.04	108.0
302.68	108.0
318.28	108.0
323.08	108.0
325.6	108.0
346.32	108.0
370.6	108.0
386.24	108.0
400.76	108.0
434.92	108.0
451.68	108.0
458.28	108.0
460.84	108.0
489.96	108.0
561.0	108.0
613.08	108.0
641.36	108.0
689.84	108.0
710.52	108.0
734.56	108.0
802.8	108.0
816.6	108.0
819.64	108.0
873.68	108.0
881.0	108.0
1023.72	108.0
1026.24	108.0
1056.2	108.0
1067.76	108.0
1215.88	108.0
1224.24	108.0
43.64	109.0
72.6	109.0
106.76	109.0
159.72	109.0
183.28	109.0
212.76	109.0
246.8	109.0
302.48	109.0
347.36	109.0
385.76	109.0
429.0	109.0
512.12	109.0
533.36	109.0
556.16	109.0
580.8	109.0
656.12	109.0
713.72	109.0
819.28	109.0
39.52	110.0
104.48	110.0
244.24	110.0
308.96	110.0
311.72	110.0
21.16	111.0
54.84	111.0
67.2	111.0
74.04	111.0
96.8	111.0
113.72	111.0
125.84	111.0
143.32	111.0
153.84	111.0
176.52	111.0
182.24	111.0
200.88	111.0
221.0	111.0
237.4	111.0
260.08	111.0
267.28	111.0
284.0	111.0
309.0	111.0
312.08	111.0
315.4	111.0
324.52	111.0
333.32	111.0
344.4	111.0
358.48	111.0
365.84	111.0
372.6	111.0
385.96	111.0
412.84	111.0
429.4	111.0
436.4	111.0
464.16	111.0
486.52	111.0
504.68	111.0
524.64	111.0
531.88	111.0
579.84	111.0
604.28	111.0
639.44	111.0
650.4	111.0
683.24	111.0
707.8	111.0
729.28	111.0
765.52	111.0
774.36	111.0
803.52	111.0
818.32	111.0
847.64	111.0
856.0	111.0
872.08	111.0
914.48	111.0
933.52	111.0
948.96	111.0
979.2	111.0
986.4	111.0
1025.6	111.0
1045.88	111.0
1069.08	111.0
1107.08	111.0
1112.4	111.0
1131.92	111.0
1173.04	111.0
302.52	112.0
179.68	113.0
347.28	113.0
472.68	113.0
1188.72	113.0
971.72	114.0
11.56	114.0
27.72	114.0
35.84	114.0
71.0	114.0
103.12	114.0
175.88	114.0
199.36	114.0
202.48	114.0
370.56	114.0
382.48	114.0
462.32	114.0
771.24	114.0
826.68	114.0
924.96	114.0
1047.16	114.0
1172.16	114.0
1188.96	114.0
1199.96	114.0
39.56	115.0
96.0	115.0
142.32	115.0
175.84	115.0
201.16	115.0
256.08	115.0
325.36	115.0
360.4	115.0
479.84	115.0
524.56	115.0
555.32	115.0
605.68	115.0
675.12	115.0
798.48	115.0
874.08	115.0
909.64	115.0
1018.6	115.0
1068.24	115.0
1131.84	115.0
1171.36	115.0
1220.24	115.0
1293.44	115.0
5.84	116.0
308.96	117.0
311.68	117.0
329.88	117.0
359.92	117.0
309.0	118.0
311.76	118.0
200.72	120.0
356.84	120.0
791.92	120.0
