307.6	96.0
302.48	96.0
311.16	96.0
329.76	96.0
305.56	97.0
302.48	97.0
340.52	97.0
387.84	97.0
524.52	97.0
302.48	99.0
323.52	99.0
425.72	99.0
506.92	99.0
606.68	99.0
737.32	99.0
850.6	99.0
999.4	99.0
1142.88	99.0
1235.92	99.0
1442.08	99.0
302.48	100.0
308.96	101.0
311.92	101.0
309.0	102.0
312.12	102.0
302.52	103.0
537.6	104.0
571.92	107.0
313.16	107.0
339.88	107.0
361.68	107.0
399.44	107.0
504.12	107.0
1099.52	107.0
1315.04	107.0
303.88	108.0
309.12	108.0
332.4	108.0
343.24	108.0
358.88	108.0
362.2	108.0
379.4	108.0
388.0	108.0
395.48	108.0
418.16	108.0
472.12	108.0
476.68	108.0
491.96	108.0
506.16	108.0
553.16	108.0
561.92	108.0
567.64	108.0
577.4	108.0
582.16	108.0
590.32	108.0
603.88	108.0
621.32	108.0
625.28	108.0
650.76	108.0
654.12	108.0
681.6	108.0
719.2	108.0
728.12	108.0
730.96	108.0
754.04	108.0
760.92	108.0
773.4	108.0
776.52	108.0
784.28	108.0
809.08	108.0
819.8	108.0
867.84	108.0
899.32	108.0
915.52	108.0
934.56	108.0
975.44	108.0
997.2	108.0
1042.04	108.0
1047.16	108.0
1081.56	108.0
1119.0	108.0
1133.52	108.0
1214.64	108.0
1270.76	108.0
1291.12	108.0
1320.0	108.0
1329.64	108.0
1404.4	108.0
1457.52	108.0
302.52	109.0
314.76	109.0
361.36	109.0
401.6	109.0
442.04	109.0
471.12	109.0
507.12	109.0
530.56	109.0
607.0	109.0
630.24	109.0
661.32	109.0
773.04	109.0
807.8	109.0
822.32	109.0
915.12	109.0
1047.12	109.0
1112.04	109.0
1181.44	109.0
309.0	110.0
311.96	110.0
330.56	110.0
379.92	110.0
483.92	110.0
514.4	110.0
314.68	111.0
309.0	111.0
311.88	111.0
322.64	111.0
329.24	111.0
344.52	111.0
356.2	111.0
374.04	111.0
379.2	111.0
384.0	111.0
399.8	111.0
410.88	111.0
414.2	111.0
431.48	111.0
441.88	111.0
455.72	111.0
472.68	111.0
476.76	111.0
483.44	111.0
492.28	111.0
499.36	111.0
505.84	111.0
535.28	111.0
541.08	111.0
552.08	111.0
562.12	111.0
568.48	111.0
579.96	111.0
597.12	111.0
605.08	111.0
621.36	111.0
629.16	111.0
652.64	111.0
676.08	111.0
687.72	111.0
697.4	111.0
712.56	111.0
745.8	111.0
757.48	111.0
765.64	111.0
778.32	111.0
818.52	111.0
828.36	111.0
846.64	111.0
865.6	111.0
885.2	111.0
898.24	111.0
906.24	111.0
936.96	111.0
959.12	111.0
978.24	111.0
991.24	111.0
1019.56	111.0
1047.04	111.0
1061.48	111.0
1073.48	111.0
1083.48	111.0
1118.92	111.0
1138.0	111.0
1166.28	111.0
1179.4	111.0
1210.84	111.0
1225.0	111.0
1239.68	111.0
1310.24	111.0
1316.76	111.0
1333.2	111.0
1367.28	111.0
1389.92	111.0
1410.32	111.0
1422.88	111.0
1471.64	111.0
302.56	112.0
915.84	112.0
309.76	113.0
332.12	113.0
409.8	113.0
702.32	113.0
748.04	113.0
941.32	113.0
1034.32	113.0
1231.8	113.0
1424.48	113.0
412.88	114.0
306.0	114.0
337.88	114.0
347.12	114.0
350.08	114.0
382.0	114.0
610.2	114.0
652.84	114.0
683.48	114.0
702.32	114.0
891.88	114.0
1049.52	114.0
1285.88	114.0
1302.24	114.0
1320.72	114.0
303.96	115.0
355.52	115.0
375.44	115.0
470.32	115.0
592.12	115.0
675.12	115.0
862.76	115.0
925.52	115.0
978.08	115.0
1012.72	115.0
1043.92	115.0
1105.96	115.0
1197.76	115.0
1270.8	115.0
1309.68	115.0
1357.6	115.0
1444.44	115.0
315.04	116.0
330.48	116.0
308.96	117.0
312.64	117.0
344.24	117.0
423.48	117.0
652.12	117.0
695.44	117.0
867.88	117.0
309.04	118.0
312.16	118.0
577.44	120.0
921.24	120.0
