332.08	96.0
203.24	97.0
51.76	97.0
150.84	97.0
178.28	97.0
509.24	97.0
166.88	99.0
11.04	99.0
24.6	99.0
226.32	99.0
253.52	99.0
294.44	99.0
462.48	99.0
562.68	99.0
626.96	99.0
748.52	99.0
938.16	99.0
1262.88	99.0
310.0	101.0
309.0	102.0
312.0	102.0
1023.88	105.0
21.4	106.0
100.8	106.0
203.16	106.0
321.92	106.0
138.76	107.0
628.84	107.0
320.28	107.0
480.8	107.0
736.92	107.0
1049.92	107.0
1233.2	107.0
210.36	108.0
378.0	108.0
3.56	108.0
11.6	108.0
14.6	108.0
27.76	108.0
42.68	108.0
46.76	108.0
57.52	108.0
86.84	108.0
91.28	108.0
98.84	108.0
115.0	108.0
119.84	108.0
134.48	108.0
160.84	108.0
165.32	108.0
203.68	108.0
229.12	108.0
244.16	108.0
285.28	108.0
291.4	108.0
325.96	108.0
331.64	108.0
352.08	108.0
400.72	108.0
420.64	108.0
430.96	108.0
435.68	108.0
497.96	108.0
505.64	108.0
554.0	108.0
559.6	108.0
565.2	108.0
590.76	108.0
619.04	108.0
628.12	108.0
674.48	108.0
677.08	108.0
731.48	108.0
749.12	108.0
752.8	108.0
812.84	108.0
817.12	108.0
902.52	108.0
943.48	108.0
1016.36	108.0
1025.2	108.0
1118.4	108.0
1135.16	108.0
1225.68	108.0
1247.68	108.0
1259.24	108.0
14.12	109.0
42.72	109.0
56.8	109.0
74.56	109.0
114.04	109.0
131.72	109.0
142.72	109.0
165.76	109.0
180.24	109.0
202.92	109.0
243.68	109.0
269.4	109.0
336.08	109.0
369.0	109.0
384.8	109.0
399.92	109.0
447.76	109.0
543.16	109.0
645.16	109.0
702.64	109.0
746.88	109.0
801.12	109.0
942.0	109.0
1001.68	109.0
1038.24	109.0
1157.84	109.0
1225.24	109.0
4.44	110.0
309.0	110.0
311.88	110.0
74.76	110.0
100.84	110.0
4.04	111.0
10.84	111.0
13.64	111.0
19.48	111.0
26.72	111.0
31.8	111.0
38.28	111.0
44.0	111.0
86.84	111.0
115.44	111.0
131.48	111.0
147.64	111.0
159.84	111.0
172.32	111.0
177.84	111.0
197.0	111.0
204.88	111.0
213.08	111.0
223.0	111.0
245.8	111.0
257.6	111.0
269.04	111.0
286.28	111.0
309.0	111.0
312.04	111.0
317.88	111.0
323.92	111.0
352.84	111.0
365.48	111.0
392.8	111.0
400.64	111.0
412.2	111.0
420.8	111.0
427.0	111.0
470.08	111.0
506.24	111.0
537.04	111.0
572.96	111.0
592.36	111.0
599.4	111.0
618.64	111.0
665.64	111.0
685.8	111.0
715.76	111.0
739.76	111.0
752.28	111.0
756.68	111.0
777.28	111.0
804.0	111.0
831.76	111.0
869.04	111.0
881.88	111.0
902.8	111.0
927.68	111.0
969.24	111.0
999.88	111.0
1012.0	111.0
1036.8	111.0
1049.08	111.0
1061.36	111.0
1090.8	111.0
1105.8	111.0
1113.04	111.0
1141.12	111.0
1156.36	111.0
1207.52	111.0
1245.24	111.0
20.56	112.0
177.44	112.0
756.32	112.0
105.96	113.0
139.64	113.0
291.08	113.0
310.08	113.0
375.0	113.0
1019.52	113.0
1140.08	113.0
581.2	114.0
20.92	114.0
39.24	114.0
76.04	114.0
119.2	114.0
202.96	114.0
252.84	114.0
308.8	114.0
572.4	114.0
787.24	114.0
1222.32	114.0
1232.08	114.0
317.0	115.0
568.84	115.0
642.8	115.0
776.6	115.0
865.28	115.0
898.72	115.0
962.68	115.0
1036.64	115.0
1190.56	115.0
1241.48	115.0
74.64	116.0
100.72	116.0
619.24	116.0
309.0	117.0
311.92	117.0
43.2	117.0
47.8	117.0
112.2	117.0
314.44	117.0
334.04	117.0
437.2	117.0
820.84	117.0
1265.16	117.0
309.04	118.0
312.28	118.0
17.72	120.0
39.44	120.0
550.52	120.0
744.48	120.0
1087.64	120.0
