488.0	96.0
306.0	97.0
309.76	97.0
555.92	97.0
783.08	97.0
361.12	99.0
377.68	99.0
534.08	99.0
625.24	99.0
715.68	99.0
796.16	99.0
857.4	99.0
957.44	99.0
1094.36	99.0
1143.8	99.0
310.04	101.0
309.0	102.0
312.0	102.0
374.24	105.0
331.76	107.0
314.92	107.0
318.72	107.0
362.64	107.0
481.32	107.0
600.24	107.0
620.4	107.0
732.72	107.0
819.44	107.0
1083.68	107.0
606.0	108.0
303.76	108.0
308.56	108.0
314.08	108.0
319.32	108.0
327.72	108.0
335.44	108.0
338.84	108.0
358.2	108.0
360.88	108.0
369.08	108.0
377.84	108.0
394.76	108.0
397.8	108.0
427.68	108.0
440.88	108.0
445.0	108.0
450.52	108.0
461.64	108.0
473.12	108.0
490.8	108.0
510.32	108.0
512.84	108.0
527.28	108.0
534.92	108.0
551.68	108.0
580.4	108.0
594.36	108.0
641.96	108.0
645.36	108.0
699.48	108.0
721.32	108.0
746.88	108.0
755.88	108.0
775.28	108.0
795.12	108.0
810.24	108.0
840.8	108.0
844.2	108.0
985.04	108.0
1035.08	108.0
1051.68	108.0
1054.48	108.0
1084.52	108.0
1090.64	108.0
1106.8	108.0
1176.44	108.0
1222.16	108.0
1260.24	108.0
1265.0	108.0
1334.72	108.0
330.44	109.0
374.6	109.0
396.44	109.0
424.0	109.0
442.2	109.0
472.6	109.0
534.44	109.0
553.96	109.0
612.72	109.0
625.4	109.0
692.76	109.0
817.56	109.0
845.28	109.0
908.96	109.0
1177.56	109.0
1266.0	109.0
309.0	110.0
311.68	110.0
327.0	110.0
418.0	110.0
624.92	110.0
777.48	110.0
489.16	110.0
513.88	110.0
650.76	110.0
314.96	111.0
309.04	111.0
311.8	111.0
319.08	111.0
327.4	111.0
331.36	111.0
339.88	111.0
345.68	111.0
355.88	111.0
365.88	111.0
385.92	111.0
394.68	111.0
402.92	111.0
422.44	111.0
426.6	111.0
438.12	111.0
452.68	111.0
471.4	111.0
488.08	111.0
498.04	111.0
507.72	111.0
515.32	111.0
527.72	111.0
536.4	111.0
548.76	111.0
553.0	111.0
558.92	111.0
569.72	111.0
580.6	111.0
599.64	111.0
643.68	111.0
649.12	111.0
659.2	111.0
664.92	111.0
673.88	111.0
683.44	111.0
694.08	111.0
726.04	111.0
735.32	111.0
747.36	111.0
763.8	111.0
781.72	111.0
794.24	111.0
832.64	111.0
861.08	111.0
886.68	111.0
898.16	111.0
925.4	111.0
932.68	111.0
953.16	111.0
961.12	111.0
974.2	111.0
987.6	111.0
1004.68	111.0
1007.8	111.0
1020.56	111.0
1056.8	111.0
1062.72	111.0
1090.56	111.0
1108.8	111.0
1128.12	111.0
1151.68	111.0
1169.36	111.0
1176.48	111.0
1187.88	111.0
1196.92	111.0
1219.6	111.0
1248.48	111.0
1260.04	111.0
1320.96	111.0
1339.16	111.0
1350.12	111.0
1355.92	111.0
1364.44	111.0
373.84	112.0
308.32	113.0
709.36	113.0
1122.4	113.0
306.28	114.0
320.32	114.0
373.96	114.0
482.4	114.0
545.72	114.0
556.24	114.0
592.28	114.0
684.24	114.0
709.96	114.0
735.0	114.0
943.92	114.0
1140.68	114.0
303.88	115.0
328.4	115.0
356.6	115.0
469.0	115.0
857.24	115.0
922.68	115.0
1054.24	115.0
1107.84	115.0
1150.12	115.0
1241.32	115.0
308.96	117.0
312.28	117.0
314.92	117.0
359.12	117.0
535.52	117.0
683.04	117.0
1335.0	117.0
309.0	118.0
312.08	118.0
1175.28	119.0
1254.68	119.0
379.04	120.0
1198.84	120.0
1100.88	120.0
1189.24	120.0
