382.0	96.0
305.32	97.0
309.8	97.0
313.64	97.0
329.04	97.0
355.2	97.0
402.64	97.0
454.32	97.0
472.44	97.0
586.28	97.0
706.4	97.0
1288.28	97.0
315.24	99.0
361.36	99.0
556.44	99.0
733.24	99.0
924.92	99.0
988.84	99.0
1276.84	99.0
310.12	101.0
849.28	101.0
309.0	102.0
312.08	102.0
1105.72	105.0
503.24	105.0
304.88	106.0
349.6	106.0
467.0	106.0
401.12	107.0
442.88	107.0
566.72	107.0
313.56	107.0
354.12	107.0
375.8	107.0
482.12	107.0
531.48	107.0
890.44	107.0
303.84	108.0
308.2	108.0
311.04	108.0
319.56	108.0
329.4	108.0
335.72	108.0
338.36	108.0
354.28	108.0
373.52	108.0
388.96	108.0
422.84	108.0
428.12	108.0
441.96	108.0
452.0	108.0
464.4	108.0
470.76	108.0
473.88	108.0
490.44	108.0
503.8	108.0
506.32	108.0
511.16	108.0
527.36	108.0
550.44	108.0
559.4	108.0
562.56	108.0
571.24	108.0
598.84	108.0
630.0	108.0
644.72	108.0
675.28	108.0
681.16	108.0
690.92	108.0
698.04	108.0
720.52	108.0
732.12	108.0
752.52	108.0
803.24	108.0
805.92	108.0
869.16	108.0
873.6	108.0
920.32	108.0
992.24	108.0
1038.36	108.0
1049.88	108.0
1090.88	108.0
1114.88	108.0
1191.04	108.0
1235.36	108.0
1256.72	108.0
1320.88	108.0
1324.44	108.0
1358.76	108.0
337.28	109.0
380.24	109.0
426.16	109.0
460.32	109.0
488.28	109.0
505.92	109.0
549.16	109.0
566.68	109.0
603.56	109.0
644.28	109.0
676.96	109.0
703.8	109.0
738.08	109.0
754.44	109.0
808.92	109.0
887.68	109.0
918.6	109.0
993.88	109.0
1019.08	109.0
1049.16	109.0
1090.48	109.0
1189.8	109.0
1279.28	109.0
1323.6	109.0
1358.0	109.0
309.0	110.0
311.92	110.0
494.28	110.0
697.96	110.0
1215.28	110.0
1336.76	110.0
426.0	110.0
476.08	110.0
309.0	111.0
311.96	111.0
320.4	111.0
328.44	111.0
333.0	111.0
343.96	111.0
348.6	111.0
353.48	111.0
360.84	111.0
369.28	111.0
372.8	111.0
379.28	111.0
388.84	111.0
395.92	111.0
404.08	111.0
408.44	111.0
426.28	111.0
440.88	111.0
455.72	111.0
460.32	111.0
470.72	111.0
487.96	111.0
501.36	111.0
508.2	111.0
526.12	111.0
546.32	111.0
573.64	111.0
584.4	111.0
590.8	111.0
602.28	111.0
610.0	111.0
643.16	111.0
652.04	111.0
665.56	111.0
697.68	111.0
738.8	111.0
756.84	111.0
781.76	111.0
802.84	111.0
811.28	111.0
840.88	111.0
850.76	111.0
858.28	111.0
886.64	111.0
915.88	111.0
938.96	111.0
973.72	111.0
989.48	111.0
996.96	111.0
1014.8	111.0
1068.24	111.0
1096.4	111.0
1117.28	111.0
1138.0	111.0
1146.76	111.0
1174.92	111.0
1188.76	111.0
1205.72	111.0
1225.4	111.0
1233.96	111.0
1254.76	111.0
1262.2	111.0
1305.0	111.0
1313.2	111.0
1331.92	111.0
1342.12	111.0
1355.36	111.0
538.08	112.0
647.76	112.0
968.6	112.0
309.88	113.0
328.44	113.0
436.32	113.0
498.6	113.0
821.88	113.0
848.8	113.0
1336.2	114.0
403.8	114.0
443.92	114.0
473.84	114.0
512.2	114.0
549.08	114.0
591.2	114.0
613.6	114.0
752.08	114.0
775.6	114.0
834.12	114.0
842.52	114.0
942.76	114.0
1019.48	114.0
303.52	115.0
327.48	115.0
409.96	115.0
489.2	115.0
547.4	115.0
563.24	115.0
697.4	115.0
822.76	115.0
883.36	115.0
915.24	115.0
1036.72	115.0
1063.52	115.0
1116.72	115.0
1173.48	115.0
1296.8	115.0
1356.52	115.0
333.56	116.0
476.0	116.0
309.0	117.0
311.52	117.0
338.76	117.0
460.6	117.0
308.96	118.0
312.16	118.0
332.08	120.0
477.28	120.0
697.04	120.0
342.88	120.0
389.32	120.0
396.28	120.0
548.92	120.0
694.08	120.0
