386.52	96.0
736.28	96.0
302.48	96.0
305.52	97.0
320.4	97.0
348.44	97.0
437.56	98.0
302.48	99.0
315.92	99.0
335.28	99.0
374.72	99.0
389.68	99.0
445.92	99.0
516.84	99.0
583.2	99.0
679.76	99.0
829.56	99.0
892.48	99.0
958.96	99.0
1186.88	99.0
1280.68	99.0
302.48	100.0
312.48	101.0
309.96	101.0
309.0	102.0
311.84	102.0
302.48	103.0
341.16	103.0
323.8	105.0
826.52	105.0
304.76	106.0
304.48	107.0
310.12	107.0
336.32	107.0
359.72	107.0
375.2	107.0
393.72	107.0
415.48	107.0
310.32	108.0
303.56	108.0
306.96	108.0
320.2	108.0
323.04	108.0
336.92	108.0
340.24	108.0
369.4	108.0
374.28	108.0
389.84	108.0
398.16	108.0
404.04	108.0
411.4	108.0
417.44	108.0
430.36	108.0
457.84	108.0
471.92	108.0
516.12	108.0
519.68	108.0
549.24	108.0
569.16	108.0
573.08	108.0
612.88	108.0
622.32	108.0
665.48	108.0
678.36	108.0
739.28	108.0
758.48	108.0
763.32	108.0
780.12	108.0
819.16	108.0
826.72	108.0
835.96	108.0
839.16	108.0
895.88	108.0
925.52	108.0
959.6	108.0
984.6	108.0
1001.88	108.0
1014.2	108.0
1027.88	108.0
1081.52	108.0
1085.6	108.0
1117.72	108.0
1145.68	108.0
1173.76	108.0
1213.4	108.0
1217.4	108.0
1285.68	108.0
1290.96	108.0
1361.08	108.0
302.48	109.0
327.8	109.0
336.28	109.0
373.56	109.0
389.44	109.0
402.0	109.0
444.4	109.0
458.92	109.0
487.96	109.0
547.6	109.0
563.84	109.0
625.72	109.0
666.68	109.0
695.32	109.0
722.04	109.0
735.4	109.0
745.76	109.0
780.16	109.0
814.64	109.0
861.04	109.0
876.68	109.0
913.16	109.0
928.44	109.0
964.8	109.0
978.2	109.0
1017.92	109.0
1084.76	109.0
1094.84	109.0
1141.56	109.0
1169.72	109.0
1216.2	109.0
1253.64	109.0
1290.24	109.0
1345.64	109.0
308.96	110.0
312.12	110.0
594.16	110.0
691.0	110.0
327.28	110.0
309.0	111.0
311.8	111.0
318.16	111.0
324.96	111.0
337.36	111.0
341.2	111.0
347.16	111.0
354.52	111.0
359.72	111.0
367.24	111.0
375.0	111.0
381.64	111.0
386.4	111.0
396.64	111.0
411.2	111.0
425.88	111.0
433.16	111.0
440.04	111.0
444.36	111.0
449.68	111.0
459.68	111.0
471.12	111.0
475.44	111.0
484.64	111.0
503.72	111.0
525.64	111.0
559.92	111.0
565.64	111.0
571.32	111.0
582.36	111.0
589.4	111.0
596.48	111.0
615.16	111.0
627.2	111.0
666.2	111.0
676.6	111.0
686.0	111.0
700.36	111.0
709.44	111.0
715.88	111.0
739.32	111.0
753.8	111.0
800.64	111.0
839.12	111.0
881.16	111.0
892.04	111.0
927.56	111.0
985.08	111.0
996.12	111.0
1013.36	111.0
1028.32	111.0
1105.92	111.0
1113.04	111.0
1166.2	111.0
1184.12	111.0
1196.64	111.0
1213.84	111.0
1224.96	111.0
1232.76	111.0
1255.44	111.0
1261.0	111.0
1290.04	111.0
1330.88	111.0
302.68	112.0
328.12	112.0
302.72	113.0
309.96	113.0
318.16	113.0
339.76	113.0
354.84	113.0
666.6	113.0
1215.56	113.0
437.52	114.0
303.88	114.0
313.04	114.0
333.28	114.0
340.76	114.0
346.6	114.0
357.4	114.0
365.92	114.0
397.32	114.0
505.2	114.0
585.92	114.0
641.88	114.0
736.56	114.0
814.52	114.0
826.4	114.0
901.8	114.0
968.24	114.0
988.28	114.0
1017.48	114.0
1022.24	114.0
1122.52	114.0
1186.88	114.0
1216.32	114.0
1297.56	114.0
303.6	115.0
337.16	115.0
397.52	115.0
484.84	115.0
735.0	115.0
957.76	115.0
1011.72	115.0
1100.8	115.0
1136.44	115.0
1210.84	115.0
311.8	115.0
327.24	116.0
1013.96	116.0
308.96	117.0
311.48	117.0
433.64	117.0
537.64	117.0
589.08	117.0
309.04	118.0
312.12	118.0
327.28	120.0
405.68	120.0
425.52	120.0
1051.4	120.0
1360.32	120.0
