310.28	96.0
302.48	96.0
305.6	97.0
302.48	97.0
435.72	97.0
732.16	97.0
751.52	97.0
969.4	97.0
302.48	99.0
328.48	99.0
421.04	99.0
543.36	99.0
743.44	99.0
852.72	99.0
1082.16	99.0
1159.88	99.0
302.52	100.0
312.52	101.0
310.0	101.0
308.96	102.0
311.88	102.0
344.48	103.0
302.48	103.0
328.56	105.0
482.8	105.0
995.64	105.0
1318.12	105.0
793.24	105.0
310.28	107.0
589.96	107.0
318.44	107.0
335.64	107.0
371.88	107.0
550.76	107.0
662.92	107.0
786.28	107.0
1286.16	107.0
645.72	108.0
1000.96	108.0
1168.52	108.0
303.72	108.0
307.6	108.0
314.72	108.0
321.48	108.0
327.56	108.0
331.2	108.0
344.6	108.0
354.92	108.0
358.68	108.0
381.6	108.0
386.08	108.0
398.8	108.0
413.28	108.0
415.8	108.0
425.64	108.0
449.56	108.0
453.56	108.0
463.88	108.0
496.56	108.0
499.48	108.0
510.4	108.0
523.72	108.0
532.44	108.0
535.32	108.0
545.0	108.0
571.32	108.0
585.48	108.0
590.2	108.0
598.88	108.0
611.96	108.0
632.96	108.0
642.48	108.0
654.76	108.0
681.48	108.0
710.0	108.0
713.88	108.0
727.32	108.0
729.96	108.0
748.28	108.0
772.2	108.0
779.6	108.0
783.4	108.0
805.76	108.0
826.48	108.0
836.0	108.0
850.12	108.0
877.08	108.0
952.48	108.0
1021.36	108.0
1024.44	108.0
1053.04	108.0
1137.68	108.0
1176.12	108.0
1178.96	108.0
1290.04	108.0
1303.0	108.0
1351.52	108.0
302.48	109.0
314.32	109.0
360.12	109.0
380.92	109.0
397.72	109.0
414.92	109.0
532.04	109.0
595.88	109.0
636.64	109.0
709.04	109.0
732.16	109.0
755.76	109.0
797.96	109.0
924.88	109.0
1005.68	109.0
1044.84	109.0
1063.68	109.0
1181.08	109.0
1206.48	109.0
1307.6	109.0
1324.76	109.0
1358.96	109.0
308.96	110.0
311.56	110.0
326.6	110.0
518.04	110.0
314.12	110.0
540.16	110.0
859.0	110.0
359.24	111.0
308.96	111.0
311.96	111.0
315.48	111.0
323.36	111.0
330.2	111.0
334.08	111.0
342.88	111.0
364.2	111.0
375.32	111.0
381.92	111.0
397.0	111.0
417.24	111.0
426.08	111.0
438.44	111.0
461.64	111.0
468.88	111.0
490.4	111.0
510.76	111.0
539.32	111.0
548.12	111.0
557.64	111.0
565.36	111.0
580.8	111.0
586.04	111.0
592.24	111.0
605.52	111.0
616.0	111.0
644.32	111.0
655.0	111.0
690.04	111.0
700.56	111.0
709.8	111.0
727.92	111.0
749.04	111.0
754.72	111.0
781.72	111.0
805.48	111.0
811.48	111.0
836.12	111.0
842.4	111.0
859.16	111.0
869.68	111.0
882.04	111.0
890.72	111.0
942.04	111.0
951.8	111.0
967.64	111.0
981.36	111.0
1000.12	111.0
1011.08	111.0
1033.32	111.0
1044.48	111.0
1070.52	111.0
1079.88	111.0
1094.52	111.0
1117.32	111.0
1125.44	111.0
1143.0	111.0
1168.04	111.0
1186.36	111.0
1204.88	111.0
1248.24	111.0
1263.04	111.0
1270.0	111.0
1287.12	111.0
1326.64	111.0
1351.32	111.0
302.52	112.0
309.88	113.0
327.08	113.0
396.6	113.0
529.2	113.0
588.48	113.0
636.28	113.0
691.28	113.0
787.32	113.0
938.4	113.0
1319.28	113.0
303.96	114.0
316.84	114.0
341.64	114.0
377.12	114.0
479.32	114.0
482.88	114.0
608.12	114.0
628.4	114.0
755.32	114.0
792.92	114.0
874.88	114.0
1077.24	114.0
1106.84	114.0
1262.48	114.0
303.52	115.0
343.88	115.0
410.48	115.0
439.8	115.0
491.72	115.0
997.84	115.0
1063.44	115.0
1110.32	115.0
1165.36	115.0
1199.84	115.0
1286.48	115.0
378.72	115.0
308.92	117.0
311.84	117.0
478.68	117.0
518.16	117.0
639.16	117.0
309.0	118.0
312.24	118.0
641.76	119.0
452.68	120.0
761.48	120.0
1031.52	120.0
