170.4	99.0
197.16	99.0
239.24	99.0
343.72	99.0
391.2	99.0
485.64	99.0
583.24	99.0
701.88	99.0
813.6	99.0
1218.8	99.0
310.04	101.0
309.0	102.0
312.2	102.0
12.48	103.0
926.24	107.0
30.76	107.0
53.0	107.0
235.36	107.0
305.92	107.0
611.68	107.0
769.68	107.0
1112.4	107.0
1244.12	107.0
4.28	108.0
10.8	108.0
16.96	108.0
44.76	108.0
54.8	108.0
68.08	108.0
73.92	108.0
106.04	108.0
117.04	108.0
120.84	108.0
134.72	108.0
167.04	108.0
177.12	108.0
212.04	108.0
228.32	108.0
263.2	108.0
272.24	108.0
303.64	108.0
327.4	108.0
390.08	108.0
420.28	108.0
467.4	108.0
501.0	108.0
505.08	108.0
555.6	108.0
580.36	108.0
686.16	108.0
745.88	108.0
755.04	108.0
816.24	108.0
852.32	108.0
938.64	108.0
972.56	108.0
1102.28	108.0
1119.6	108.0
1122.92	108.0
1155.84	108.0
1202.8	108.0
1249.6	108.0
1302.84	108.0
1312.48	108.0
1366.04	108.0
11.0	109.0
105.52	109.0
120.84	109.0
134.92	109.0
171.68	109.0
191.92	109.0
217.88	109.0
239.2	109.0
265.16	109.0
291.12	109.0
326.92	109.0
363.12	109.0
389.0	109.0
419.4	109.0
455.96	109.0
504.88	109.0
580.6	109.0
614.28	109.0
894.28	109.0
1062.2	109.0
1154.96	109.0
1302.36	109.0
131.84	110.0
266.56	110.0
308.96	110.0
311.92	110.0
1360.44	110.0
14.04	110.0
748.08	110.0
1225.76	110.0
6.52	111.0
20.76	111.0
25.96	111.0
31.6	111.0
44.28	111.0
58.08	111.0
73.0	111.0
83.96	111.0
89.96	111.0
113.36	111.0
144.12	111.0
156.24	111.0
217.04	111.0
238.84	111.0
259.6	111.0
264.16	111.0
269.12	111.0
285.16	111.0
295.16	111.0
309.0	111.0
311.72	111.0
349.92	111.0
362.68	111.0
383.0	111.0
396.0	111.0
415.6	111.0
423.84	111.0
444.28	111.0
454.84	111.0
461.24	111.0
479.52	111.0
487.16	111.0
501.32	111.0
547.44	111.0
601.44	111.0
630.2	111.0
663.84	111.0
701.44	111.0
727.88	111.0
739.88	111.0
769.12	111.0
811.08	111.0
840.2	111.0
870.64	111.0
891.8	111.0
931.64	111.0
946.08	111.0
996.56	111.0
1017.6	111.0
1043.12	111.0
1057.64	111.0
1077.6	111.0
1084.48	111.0
1114.6	111.0
1209.44	111.0
1231.12	111.0
1253.84	111.0
1268.4	111.0
1284.56	111.0
1301.4	111.0
1359.64	111.0
1384.36	111.0
7.88	112.0
152.24	112.0
253.24	112.0
13.12	113.0
143.96	113.0
189.76	113.0
276.6	113.0
345.56	113.0
487.44	113.0
1123.2	113.0
1231.08	113.0
13.72	114.0
63.88	114.0
75.12	114.0
108.44	114.0
138.2	114.0
219.12	114.0
368.52	114.0
419.56	114.0
453.48	114.0
500.16	114.0
592.08	114.0
595.4	114.0
745.76	114.0
775.12	114.0
944.48	114.0
976.76	114.0
1125.96	114.0
1239.24	114.0
412.8	115.0
523.0	115.0
602.96	115.0
686.8	115.0
766.52	115.0
918.08	115.0
963.2	115.0
1074.6	115.0
1282.56	115.0
1360.96	115.0
8.12	116.0
68.16	117.0
309.0	117.0
312.4	117.0
72.28	117.0
240.32	117.0
360.24	117.0
369.12	117.0
657.8	117.0
309.0	118.0
311.84	118.0
211.16	119.0
303.88	120.0
9.44	120.0
47.12	120.0
136.44	120.0
286.72	120.0
1253.64	120.0
